1.1255
0.43098
0.25921
0.25331
0.2517
0.20759
0.12593
0.12493
0.20356
0.12313
0.17456
0.20473
0.1242
0.12515
0.20771
0.12345
0.1744
0.20899
0.12453
0.1245
0.2043
0.12491
0.1743
0.20813
0.12568
0.12586
0.20772
0.13129
0.17715
0.20835
0.12725
0.12662
0.2073
0.12945
0.18023
0.21607
0.12762
0.12586
0.213
0.12614
0.176
0.2094
0.12707
0.1267
0.20845
0.12676
0.18596
0.21702
0.12538
0.13129
0.21126
0.1271
0.17715
0.2087
0.12953
0.12872
0.21246
0.1245
0.17679
0.20771
0.12528
0.12509
0.21937
0.12787
0.17663
0.21058
0.12412
0.12615
0.2081
0.12488
0.17422
0.20559
0.12406
0.12418
0.20708
0.13137
0.17824
0.21636
0.13235
0.1238
0.1933
0.12526
0.17628
0.19709
0.12546
0.13095
0.19836
0.12762
0.18207
0.19427
0.12072
0.12272
0.19148
0.12574
0.17909
0.19841
0.13005
0.12486
0.19542
0.13332
0.18307
0.19922
0.12709
0.13515
0.20269
0.12887
0.17894
0.18875
0.12758
0.1259
0.19468
0.12546
0.17957
0.19263
0.12786
0.12746
0.20205
0.13379
0.17462
0.1863
0.12703
0.12754
0.18308
0.12609
0.17681
0.18496
0.12742
0.12687
0.18519
0.12594
0.17803
0.1873
0.12656
0.12654
0.18887
0.1268
0.17757
0.20958
0.12646
0.12671
0.21024
0.12764
0.178
0.19939
0.12669
0.12634
0.21943
0.12864
0.18145
0.22321
0.12743
0.1311
0.21381
0.13186
0.17942
0.21939
0.1274
0.12953
0.21645
0.12978
0.17993
0.21831
0.12931
0.13119
0.21827
0.12967
0.18098
0.22345
0.13266
0.1339
0.19463
0.12457
0.17592
0.18738
0.12471
0.12529
0.1889
0.12482
0.17682
0.1889
0.12429
0.12572
0.19681
0.12685
0.1785
0.18936
0.12642
0.1247
0.18865
0.12369
0.17733
0.18807
0.12364
0.12449
0.19319
0.12311
0.18007
0.18878
0.12453
0.12556
0.19022
0.12551
0.17686
0.19028
0.12549
0.12475
0.21983
0.12483
0.17735
0.22413
0.12513
0.12643
0.22943
0.12694
0.1779
0.19031
0.12397
0.1236
0.19649
0.12333
0.17495
0.1912
0.12216
0.12447
0.18541
0.12299
0.1756
0.1863
0.12457
0.12553
