0.76055
0.32937
0.14308
0.14992
0.15503
0.072952
0.073715
0.07472
0.074046
0.075802
0.099995
0.074371
0.073098
0.073561
0.074254
0.07663
0.10193
0.0748
0.076607
0.075283
0.075157
0.075456
0.10132
0.075013
0.074658
0.074226
0.074171
0.074642
0.10149
0.0743
0.074595
0.075214
0.077566
0.079162
0.10156
0.074296
0.073791
0.074524
0.074284
0.074696
0.10133
0.073837
0.075397
0.074419
0.07328
0.074003
0.10038
0.074653
0.075164
0.076152
0.074637
0.07543
0.10184
0.075708
0.075919
0.0738
0.075491
0.074151
0.10409
0.074235
0.074827
0.073386
0.074681
0.075926
0.10035
0.074923
0.072938
0.074107
0.074209
0.07265
0.1018
0.076313
0.074048
0.074562
0.073102
0.074586
0.10029
0.074529
0.074513
0.074329
0.074943
0.075605
0.10277
0.074242
0.074253
0.073657
0.076142
0.075272
0.10125
0.075196
0.075541
0.075386
0.074097
0.075268
0.1018
0.074901
0.079789
0.075206
0.074629
0.076196
0.10123
0.075186
0.075715
0.074662
0.075737
0.075382
0.10191
0.075752
0.074906
0.072953
0.07477
0.074265
0.10149
0.074
0.075915
0.075338
0.073482
0.0753
0.10194
0.075478
0.073449
0.07336
0.074027
0.073626
0.10166
0.075088
0.076112
0.074733
0.074439
0.075333
0.10322
0.075438
0.07446
0.072787
0.074908
0.072767
0.10079
0.074314
0.074255
0.07421
0.075865
0.076529
0.10064
0.075648
0.073721
0.074823
0.076511
0.074016
0.10297
0.083669
0.076738
0.073213
0.074687
0.074387
0.10165
0.075258
0.073007
0.074135
0.074723
0.07463
0.10275
0.077047
0.075534
0.075063
0.075331
0.073698
0.10146
0.074654
0.075801
0.073287
0.074635
0.08755
0.10281
0.074537
0.075533
0.073724
0.074466
0.075163
0.10218
0.075326
0.075275
0.073716
0.075922
0.075965
0.10075
0.076818
0.076076
0.073953
0.074067
0.075273
0.10188
0.076713
0.076226
0.073081
0.074067
0.075292
0.10222
0.078291
0.085066
0.083494
0.086359
0.080122
0.1059
0.075341
0.082348
0.083603
0.083629
0.08524
0.11252
0.083883
0.084223
0.081779
0.082464
0.082591
0.11309
0.08279
0.081782
0.084403
0.085673
0.081982
0.11103
0.084546
0.08401
0.083347
0.082692
0.082007
0.11083
0.075456
0.073606
0.072553
0.074466
0.073789
0.099944
0.073971
0.085153
0.082779
0.081107
0.075164
0.10308
0.073776
0.073421
0.073546
0.074572
0.073407
0.099685
0.073816
0.076363
0.072394
0.074589
0.07435
0.10024
0.074715
0.07396
0.074454
0.074011
0.072906
0.10041
0.073264
0.074792
0.074202
0.074518
0.074022
0.10095
0.073566
0.074203
0.073043
0.073105
0.073712
0.10141
0.073504
0.074115
0.074805
0.072941
0.073292
0.1037
0.074454
0.07469
0.072744
0.074003
0.074578
0.099283
0.073496
0.075018
0.074204
0.073168
0.072863
0.1016
0.073395
0.073629
0.074168
0.074039
0.075869
0.10036
0.075128
0.074022
0.073268
0.072775
0.073373
0.10002
0.072747
0.074274
0.072484
0.074582
0.075949
0.10107
0.072995
0.07462
0.073131
0.074677
0.073421
0.10141
0.075292
0.074505
0.072859
0.073837
0.076009
0.10216
0.074685
0.073677
0.073321
0.071866
0.074326
0.099954
0.074939
0.073057
0.073931
0.073858
0.075504
0.10025
0.073636
0.073037
0.073517
0.075594
0.074476
0.10044
0.073611
0.074398
0.074461
0.074432
0.075873
0.099745
0.074447
0.076956
0.076692
0.074313
0.079156
0.1019
0.074982
0.076275
0.076354
0.075786
0.074526
0.10125
0.074814
0.074307
0.07568
0.071582
0.074667
0.10363
0.074872
0.073686
0.073759
0.074199
0.074386
0.10077
0.073939
0.073799
0.074808
0.073227
0.074478
0.1013
0.073851
0.074746
0.072824
0.074218
0.072996
0.10996
0.073644
0.072663
0.074056
0.073268
0.075952
0.10798
0.074308
0.073569
0.073723
0.074867
0.086959
0.10087
0.075415
0.074815
0.072934
0.074063
0.073765
0.099628
0.073995
0.073944
0.072252
0.074455
0.074572
0.10058
0.076642
0.077903
0.073166
0.075294
0.073052
0.10113
0.075268
0.073188
0.073488
0.072439
0.073216
0.099094
0.073189
0.07457
0.074243
0.073381
0.074461
0.10182
0.07701
0.073904
0.072854
0.0737
0.074021
0.10025
0.07562
0.074008
0.073364
0.071954
0.074362
0.1015
0.074021
0.07409
0.073456
0.074634
0.074013
0.10024
0.074357
0.079922
0.078725
0.074204
0.076411
0.10421
0.077396
0.075022
0.075881
0.074305
0.078075
0.10126
0.075882
0.075658
0.075811
0.077454
0.077145
0.10319
0.075291
0.074037
0.076825
0.073258
0.075269
0.10249
0.074624
0.073409
0.076736
0.07463
0.073751
0.1049
0.076251
0.073905
0.073376
0.073638
0.077643
0.10558
0.074555
0.075337
0.07585
0.074713
0.076687
0.10402
0.073745
0.077786
0.076768
0.081603
0.08006
0.10272
0.076202
0.0742
0.073758
0.076183
0.074711
0.10138
0.084004
0.075258
0.074403
0.07409
0.074929
0.10146
0.07437
0.076581
0.073955
0.072403
0.073849
0.10097
0.075286
0.073976
0.073452
0.076182
0.073841
0.099862
0.07414
0.075092
0.074895
0.07479
0.074836
0.10208
0.074694
0.073871
0.073272
0.07414
0.075515
0.10131
0.074558
0.073972
0.073921
0.074392
0.073959
0.10662
0.074705
0.073772
0.072801
0.073265
0.074439
0.10015
0.073399
0.077115
0.073075
0.074179
0.074107
0.10096
0.074749
0.073825
0.073928
0.073682
0.074574
0.10127
0.074108
0.075125
0.072997
0.073675
0.074851
0.10035
0.074503
0.075204
0.074377
0.074156
0.073951
0.1018
0.075409
0.07395
0.073684
0.073322
0.073803
0.09963
0.074648
0.07392
0.073687
0.074483
0.076687
0.10043
0.07421
0.075684
0.073618
0.073169
0.075218
0.10168
0.075859
0.073571
0.073704
0.074096
0.075594
0.098704
0.074705
0.074629
0.074571
0.074629
0.073977
0.10039
0.075036
0.07326
0.073091
0.074397
0.074422
0.10067
0.075129
0.074224
0.074533
0.075056
0.074446
0.10135
0.074077
0.074293
0.074353
0.073085
0.075281
0.1024
0.08186
0.07445
0.074558
0.074646
0.074086
0.10285
0.074384
0.073382
0.07281
0.074024
0.073688
0.10157
0.074476
0.074224
0.073465
0.075511
0.075148
0.10088
0.076106
0.073239
0.073494
0.074476
0.074885
0.10133
0.073656
0.077279
0.07419
0.073715
0.074397
0.10204
0.073698
0.073852
0.075344
0.073244
0.073885
0.10029
0.073926
0.075291
0.074087
0.075955
0.075666
0.10377
0.084132
0.075378
0.073792
0.075269
0.074276
0.10016
0.074126
0.074172
0.073843
0.073204
0.073264
0.1052
