0.78949
0.30659
0.15602
0.15214
0.15894
0.075598
0.07987
0.073931
0.074541
0.075121
0.10185
0.074958
0.075574
0.075299
0.076153
0.076225
0.1031
0.07608
0.076069
0.076001
0.074872
0.07439
0.10344
0.076746
0.075343
0.075352
0.075261
0.085579
0.10306
0.076017
0.07617
0.074822
0.076421
0.075823
0.10268
0.076009
0.075408
0.075598
0.07599
0.076012
0.10377
0.07568
0.076697
0.077492
0.076848
0.076165
0.10317
0.079194
0.077517
0.076178
0.075381
0.078766
0.10678
0.075256
0.075805
0.075572
0.075325
0.075848
0.10236
0.076062
0.075919
0.076376
0.074468
0.076928
0.1022
0.0773
0.077593
0.075851
0.089127
0.07658
0.10324
0.075873
0.076995
0.077255
0.080762
0.077277
0.10205
0.076373
0.079518
0.075273
0.075162
0.074711
0.10454
0.076504
0.077462
0.078005
0.076295
0.075436
0.103
0.075821
0.078313
0.075707
0.07574
0.075896
0.1066
0.077068
0.075471
0.076276
0.07536
0.076927
0.10262
0.075871
0.075731
0.074874
0.075603
0.074876
0.10611
0.075526
0.075231
0.076184
0.084537
0.084562
0.11336
0.085649
0.075551
0.073929
0.075539
0.075978
0.10153
0.0777
0.07942
0.076377
0.07535
0.076336
0.10212
0.081356
0.082137
0.086987
0.084511
0.086478
0.10707
0.077476
0.075653
0.075929
0.080629
0.076156
0.10243
0.076234
0.085511
0.077907
0.075134
0.075815
0.10276
0.074998
0.074998
0.074934
0.074963
0.076006
0.10387
0.075141
0.075959
0.075701
0.074836
0.074316
0.10347
0.075184
0.074729
0.075202
0.075225
0.077102
0.10424
0.074768
0.075752
0.075245
0.074507
0.07574
0.10397
0.075498
0.075319
0.075047
0.075564
0.076042
0.10265
0.075214
0.076151
0.075105
0.07518
0.075816
0.104
0.085848
0.077173
0.073639
0.074606
0.077363
0.10392
0.076036
0.077227
0.075014
0.075053
0.07489
0.10201
0.075366
0.076632
0.074995
0.076822
0.077771
0.10274
0.07619
0.075885
0.075528
0.075575
0.075392
0.10337
0.076279
0.075783
0.076407
0.076026
0.076124
0.10207
0.075527
0.083503
0.084348
0.076566
0.076057
0.10293
0.076019
0.078894
0.074826
0.076162
0.075912
0.10482
0.075298
0.078823
0.07557
0.075911
0.076975
0.10212
0.076081
0.075581
0.074554
0.07562
0.076625
0.10479
0.076283
0.076203
0.076413
0.076305
0.075899
0.10232
0.075293
0.075137
0.07457
0.076407
0.076524
0.10236
0.076427
0.076011
0.074716
0.074944
0.076235
0.10324
0.07673
0.075096
0.076026
0.076365
0.07578
0.10281
0.078916
0.076261
0.075202
0.075302
0.075234
0.10227
0.076327
0.07523
0.075166
0.075898
0.076438
0.10215
0.075876
0.079219
0.075866
0.076044
0.075798
0.10217
0.077331
0.07653
0.07524
0.075923
0.07717
0.1025
0.076153
0.076649
0.076011
0.075185
0.076625
0.10353
0.077334
0.076509
0.07511
0.075585
0.076066
0.10424
0.076016
0.075752
0.076575
0.075598
0.077049
0.10328
0.075896
0.074874
0.075948
0.075682
0.075663
0.10619
0.076622
0.07639
0.075396
0.075873
0.076327
0.10274
0.076989
0.074789
