1
287.46,227.97,399.54,227.97,399.54,321.03,287.46,321.03
288.05,227.04,399.95,227.04,399.95,319.96,288.05,319.96
288.09,226.07,399.91,226.07,399.91,318.93,288.09,318.93
288.81,225.75,400.19,225.75,400.19,318.25,288.81,318.25
289.46,224.93,400.36,224.93,400.36,317.02,289.46,317.02
289.87,224.2,400.93,224.2,400.93,316.42,289.87,316.42
291.16,224.18,401.11,224.18,401.11,315.49,291.16,315.49
291.67,223.56,401.57,223.56,401.57,314.82,291.67,314.82
292.48,223.15,402.36,223.15,402.36,314.39,292.48,314.39
293.25,222.64,402.8,222.64,402.8,313.61,293.25,313.61
293.94,222.14,403.21,222.14,403.21,312.88,293.94,312.88
294.2,221.26,402.86,221.26,402.86,311.5,294.2,311.5
295.25,220.72,403.43,220.72,403.43,310.55,295.25,310.55
296.27,220.32,404.08,220.32,404.08,309.84,296.27,309.84
297.31,219.92,404.82,219.92,404.82,309.19,297.31,309.19
298.13,219.4,405.54,219.4,405.54,308.6,298.13,308.6
299.26,219.37,406.2,219.37,406.2,308.17,299.26,308.17
299.75,218.71,406.75,218.71,406.75,307.56,299.75,307.56
300.38,218.21,407.02,218.21,407.02,306.76,300.38,306.76
300.77,217.3,407.4,217.3,407.4,305.84,300.77,305.84
301.38,216.93,407.94,216.93,407.94,305.41,301.38,305.41
302.71,216.84,409.15,216.84,409.15,305.23,302.71,305.23
303.52,216.41,409.73,216.41,409.73,304.59,303.52,304.59
304.81,215.98,410.62,215.98,410.62,303.83,304.81,303.83
305.19,215.79,411.09,215.79,411.09,303.73,305.19,303.73
306.57,215.57,412.16,215.57,412.16,303.25,306.57,303.25
307.46,214.61,412.88,214.61,412.88,302.14,307.46,302.14
308.99,214.42,414.11,214.42,414.11,301.7,308.99,301.7
309.81,213.51,414.89,213.51,414.89,300.75,309.81,300.75
310.86,213.2,415.61,213.2,415.61,300.18,310.86,300.18
312.01,213.19,416.59,213.19,416.59,300.04,312.01,300.04
313.25,212.67,417.5,212.67,417.5,299.24,313.25,299.24
314.72,212.57,418.37,212.57,418.37,298.64,314.72,298.64
315.68,212.15,419.33,212.15,419.33,298.22,315.68,298.22
317.1,211.89,420.82,211.89,420.82,298.02,317.1,298.02
318.14,211.7,421.47,211.7,421.47,297.5,318.14,297.5
319.82,211.04,423.51,211.04,423.51,297.14,319.82,297.14
321.09,210.65,424.08,210.65,424.08,296.17,321.09,296.17
322.63,210.55,425.44,210.55,425.44,295.92,322.63,295.92
323.95,210.27,426.34,210.27,426.34,295.28,323.95,295.28
325.79,209.98,428.02,209.98,428.02,294.86,325.79,294.86
326.91,209.05,429.21,209.05,429.21,293.99,326.91,293.99
328.78,209.08,431.01,209.08,431.01,293.96,328.78,293.96
330.92,208.24,432.94,208.24,432.94,292.95,330.92,292.95
334.12,208.35,435.85,208.35,435.85,292.82,334.12,292.82
334.4,207.8,435.86,207.8,435.86,292.05,334.4,292.05
337.19,207.86,438.43,207.86,438.43,291.92,337.19,291.92
338.63,206.75,439.9,206.75,439.9,290.84,338.63,290.84
342.14,206.86,443.06,206.86,443.06,290.66,342.14,290.66
344.21,206.64,445.09,206.64,445.09,290.41,344.21,290.41
347.08,206.21,447.86,206.21,447.86,289.9,347.08,289.9
348.54,206.08,449.09,206.08,449.09,289.58,348.54,289.58
350.42,205.75,450.82,205.75,450.82,289.12,350.42,289.12
352.58,205.85,452.68,205.85,452.68,288.98,352.58,288.98
354.34,205.51,454.44,205.51,454.44,288.63,354.34,288.63
354.94,205.48,455.24,205.48,455.24,288.76,354.94,288.76
357.76,205.54,457.89,205.54,457.89,288.68,357.76,288.68
360.04,204.8,459.94,204.8,459.94,287.75,360.04,287.75
361.86,205.19,461.36,205.19,461.36,287.81,361.86,287.81
363.82,205.1,463.11,205.1,463.11,287.55,363.82,287.55
365.84,205.11,465,205.11,465,287.44,365.84,287.44
368.31,204.45,467.45,204.45,467.45,286.77,368.31,286.77
371.02,204.23,470.04,204.23,470.04,286.45,371.02,286.45
374.14,204.08,473.1,204.08,473.1,286.26,374.14,286.26
376.05,204.3,474.91,204.3,474.91,286.39,376.05,286.39
378.21,204.27,476.97,204.27,476.97,286.28,378.21,286.28
379.97,204.08,478.77,204.08,478.77,286.11,379.97,286.11
382.14,204.06,480.75,204.06,480.75,285.94,382.14,285.94
353.49,203.91,452.47,203.91,452.47,286.1,353.49,286.1
335.83,202.55,434.94,202.55,434.94,284.84,335.83,284.84
307.81,203.9,407.11,203.9,407.11,286.35,307.81,286.35
269.17,203.69,368.02,203.69,368.02,285.78,269.17,285.78
226.35,204.01,325.24,204.01,325.24,286.13,226.35,286.13
200.39,204.08,299.51,204.08,299.51,286.38,200.39,286.38
169.67,204.06,268.31,204.06,268.31,285.97,169.67,285.97
178.75,205.56,277.03,205.56,277.03,287.17,178.75,287.17
176.96,204.52,274.69,204.52,274.69,285.68,176.96,285.68
181.61,205.46,279.17,205.46,279.17,286.47,181.61,286.47
179.83,204.39,277.35,204.39,277.35,285.36,179.83,285.36
179.7,203.24,277.49,203.24,277.49,284.45,179.7,284.45
182.63,204.09,280.4,204.09,280.4,285.28,182.63,285.28
183.92,203.61,281.74,203.61,281.74,284.83,183.92,284.83
184.82,203.49,282.58,203.49,282.58,284.67,184.82,284.67
187.55,203.12,285.38,203.12,285.38,284.35,187.55,284.35
187.4,203.15,285.12,203.15,285.12,284.29,187.4,284.29
191.49,202.76,288.95,202.76,288.95,283.68,191.49,283.68
195.35,202.1,292.85,202.1,292.85,283.06,195.35,283.06
195.81,201.66,293.63,201.66,293.63,282.88,195.81,282.88
199.59,201.61,296.99,201.61,296.99,282.49,199.59,282.49
201.06,201.38,298.55,201.38,298.55,282.33,201.06,282.33
202.86,200.95,300.24,200.95,300.24,281.81,202.86,281.81
205.73,201.04,302.61,201.04,302.61,281.48,205.73,281.48
209.67,201.29,306.2,201.29,306.2,281.44,209.67,281.44
209.68,200.03,306.79,200.03,306.79,280.66,209.68,280.66
212.49,199.69,309.72,199.69,309.72,280.42,212.49,280.42
215.33,200.09,312.63,200.09,312.63,280.88,215.33,280.88
218.24,200.1,314.93,200.1,314.93,280.39,218.24,280.39
219.15,199.49,316.56,199.49,316.56,280.37,219.15,280.37
221.79,199.5,319.06,199.5,319.06,280.28,221.79,280.28
222.85,199.59,320.05,199.59,320.05,280.31,222.85,280.31
186.45,198.92,283.16,198.92,283.16,279.22,186.45,279.22
146.52,200.44,243.14,200.44,243.14,280.67,146.52,280.67
116.46,200.55,213.13,200.55,213.13,280.82,116.46,280.82
79.146,200.41,176.07,200.41,176.07,280.89,79.146,280.89
39.695,201.81,136.71,201.81,136.71,282.37,39.695,282.37
44.581,199.4,141.71,199.4,141.71,280.05,44.581,280.05
46.824,199.76,143.92,199.76,143.92,280.39,46.824,280.39
46.926,199.86,144.58,199.86,144.58,280.95,46.926,280.95
50.817,198.42,148.89,198.42,148.89,279.86,50.817,279.86
51.897,199.05,150.66,199.05,150.66,281.06,51.897,281.06
54.81,198.27,153.37,198.27,153.37,280.11,54.81,280.11
56.727,198.5,155.58,198.5,155.58,280.58,56.727,280.58
59.414,198.89,158.15,198.89,158.15,280.88,59.414,280.88
63.013,198.59,161.9,198.59,161.9,280.7,63.013,280.7
68.046,199.02,166.03,199.02,166.03,280.38,68.046,280.38
69.812,197.93,168.1,197.93,168.1,279.54,69.812,279.54
72.878,197.86,171.26,197.86,171.26,279.55,72.878,279.55
76.44,197.47,174.29,197.47,174.29,278.72,76.44,278.72
79.64,197.85,176.81,197.85,176.81,278.53,79.64,278.53
82.571,197.28,180.15,197.28,180.15,278.31,82.571,278.31
86.643,196.91,184.02,196.91,184.02,277.77,86.643,277.77
91.265,197.42,187.81,197.42,187.81,277.58,91.265,277.58
93.987,196.54,191.17,196.54,191.17,277.24,93.987,277.24
97.601,196.07,195,196.07,195,276.95,97.601,276.95
102.17,196.48,199.51,196.48,199.51,277.31,102.17,277.31
104.94,196.51,202.1,196.51,202.1,277.18,104.94,277.18
108.17,195.97,205.48,195.97,205.48,276.77,108.17,276.77
113.52,196.28,210.43,196.28,210.43,276.75,113.52,276.75
116.82,196.42,213.3,196.42,213.3,276.53,116.82,276.53
120.87,195.75,217.31,195.75,217.31,275.83,120.87,275.83
124.52,196.23,220.45,196.23,220.45,275.89,124.52,275.89
129.44,196.4,224.89,196.4,224.89,275.66,129.44,275.66
132.36,195.89,228.12,195.89,228.12,275.4,132.36,275.4
136.5,195.81,232.21,195.81,232.21,275.28,136.5,275.28
139.4,194.94,235.72,194.94,235.72,274.92,139.4,274.92
143.39,194.32,239.94,194.32,239.94,274.49,143.39,274.49
148.85,193.99,245.25,193.99,245.25,274.03,148.85,274.03
153.29,194.22,249.64,194.22,249.64,274.22,153.29,274.22
159.08,193.83,255.83,193.83,255.83,274.16,159.08,274.16
162.29,193.3,259.58,193.3,259.58,274.08,162.29,274.08
167.73,193.2,264.77,193.2,264.77,273.79,167.73,273.79
170.87,192.21,269.08,192.21,269.08,273.77,170.87,273.77
176.13,192.09,274.37,192.09,274.37,273.66,176.13,273.66
185.59,192.9,282.82,192.9,282.82,273.64,185.59,273.64
193.04,192.77,289.79,192.77,289.79,273.11,193.04,273.11
198.25,192.56,294.95,192.56,294.95,272.86,198.25,272.86
206.16,192.49,302.55,192.49,302.55,272.53,206.16,272.53
215.8,192.44,311.67,192.44,311.67,272.04,215.8,272.04
220.51,191.89,317,191.89,317,272.01,220.51,272.01
227.19,190.45,324.2,190.45,324.2,271.01,227.19,271.01
232.63,190.06,330.23,190.06,330.23,271.11,232.63,271.11
240.45,189.66,337.98,189.66,337.98,270.64,240.45,270.64
250.2,189.76,347.64,189.76,347.64,270.67,250.2,270.67
257.83,190.4,355.11,190.4,355.11,271.17,257.83,271.17
266.09,190.23,362.86,190.23,362.86,270.58,266.09,270.58
263.4,191.22,359.36,191.22,359.36,270.9,263.4,270.9
225.75,190.43,322.16,190.43,322.16,270.48,225.75,270.48
182.57,190.99,278.59,190.99,278.59,270.72,182.57,270.72
166.33,191.53,262.54,191.53,262.54,271.42,166.33,271.42
142.05,190.5,238.29,190.5,238.29,270.41,142.05,270.41
151.42,190.98,247.88,190.98,247.88,271.08,151.42,271.08
159.07,189.46,256.15,189.46,256.15,270.07,159.07,270.07
165.85,189.2,264.07,189.2,264.07,270.76,165.85,270.76
175.7,188,273.94,188,273.94,269.58,175.7,269.58
183.22,187.54,281.83,187.54,281.83,269.42,183.22,269.42
193.37,187.61,292.39,187.61,292.39,269.83,193.37,269.83
198.78,187.8,297.46,187.8,297.46,269.74,198.78,269.74
212.18,188.59,310.12,188.59,310.12,269.92,212.18,269.92
218.1,188.07,316.24,188.07,316.24,269.56,218.1,269.56
228.2,186.74,326.88,186.74,326.88,268.67,228.2,268.67
241.53,186.67,340.03,186.67,340.03,268.46,241.53,268.46
249.49,185.65,348.89,185.65,348.89,268.19,249.49,268.19
258.56,185.49,358.43,185.49,358.43,268.42,258.56,268.42
272.81,186.3,371.38,186.3,371.38,268.16,272.81,268.16
283.18,184.28,382.3,184.28,382.3,266.58,283.18,266.58
296.88,184.48,396.21,184.48,396.21,266.95,296.88,266.95
305.18,184.33,404.67,184.33,404.67,266.94,305.18,266.94
314.98,184.05,414.31,184.05,414.31,266.52,314.98,266.52
317.35,184.54,416.88,184.54,416.88,267.19,317.35,267.19
284.6,183.02,384.43,183.02,384.43,265.92,284.6,265.92
249.31,183,349.39,183,349.39,266.1,249.31,266.1
257.17,182.11,357.85,182.11,357.85,265.71,257.17,265.71
271.71,180.98,372.63,180.98,372.63,264.78,271.71,264.78
277.75,183.56,377.95,183.56,377.95,266.76,277.75,266.76
287.54,181.66,387.12,181.66,387.12,264.35,287.54,264.35
302.81,183.13,401.35,183.13,401.35,264.96,302.81,264.96
306.81,181.24,406.86,181.24,406.86,264.33,306.81,264.33
320.99,179.33,421.8,179.33,421.8,263.04,320.99,263.04
309.84,182.56,410.61,182.56,410.61,266.24,309.84,266.24
295.1,177.8,396.63,177.8,396.63,262.11,295.1,262.11
266.87,180.12,368.17,180.12,368.17,264.24,266.87,264.24
231.73,182.37,332.78,182.37,332.78,266.27,231.73,266.27
208.69,179.83,309.88,179.83,309.88,263.85,208.69,263.85
183.31,181.39,284.91,181.39,284.91,265.76,183.31,265.76
153.04,179.44,255.47,179.44,255.47,264.49,153.04,264.49
132.9,179.35,235.45,179.35,235.45,264.51,132.9,264.51
98.401,180.6,200.77,180.6,200.77,265.6,98.401,265.6
63.158,181.57,165.15,181.57,165.15,266.27,63.158,266.27
43.882,182.76,145.66,182.76,145.66,267.27,43.882,267.27
-8.9301,190.39,92.61,190.39,92.61,274.7,-8.9301,274.7
-15.926,185.65,84.229,185.65,84.229,268.81,-15.926,268.81
-30.836,184.82,69.277,184.82,69.277,267.95,-30.836,267.95
-63.327,183.96,37.761,183.96,37.761,267.9,-63.327,267.9
25.148,190.24,126.38,190.24,126.38,274.29,25.148,274.29
31.33,175.13,133.56,175.13,133.56,260.02,31.33,260.02
50.587,178.08,153.21,178.08,153.21,263.29,50.587,263.29
66.537,177.97,168.92,177.97,168.92,262.98,66.537,262.98
73.169,176.16,176.17,176.16,176.17,261.68,73.169,261.68
85.076,175.47,187.98,175.47,187.98,260.92,85.076,260.92
102.29,174.49,205.11,174.49,205.11,259.86,102.29,259.86
116.15,174.52,218.62,174.52,218.62,259.6,116.15,259.6
122.69,172.6,225.14,172.6,225.14,257.67,122.69,257.67
6.4687,180.09,108.51,180.09,108.51,264.83,6.4687,264.83
20.042,178.69,122.09,178.69,122.09,263.42,20.042,263.42
35.953,176.82,138.13,176.82,138.13,261.66,35.953,261.66
44.216,177.17,146.64,177.17,146.64,262.21,44.216,262.21
59.012,176.27,161.41,176.27,161.41,261.29,59.012,261.29
73.408,174.86,176.27,174.86,176.27,260.27,73.408,260.27
89.298,174.64,192.18,174.64,192.18,260.07,89.298,260.07
96.893,173.06,200.35,173.06,200.35,258.97,96.893,258.97
112.63,173.12,215.96,173.12,215.96,258.92,112.63,258.92
127.43,171.38,230.95,171.38,230.95,257.33,127.43,257.33
143.7,169.89,248.04,169.89,248.04,256.53,143.7,256.53
152.7,169.05,257.69,169.05,257.69,256.22,152.7,256.22
165.12,169.29,270.15,169.29,270.15,256.5,165.12,256.5
182.04,168.51,286.93,168.51,286.93,255.61,182.04,255.61
159.77,167.61,263.85,167.61,263.85,254.04,159.77,254.04
210.6,165.1,315.31,165.1,315.31,252.05,210.6,252.05
175.67,163.91,280.84,163.91,280.84,251.24,175.67,251.24
