1
336.63,84.592,380.37,84.592,380.37,115.41,336.63,115.41
334.92,84.798,378.08,84.798,378.08,115.2,334.92,115.2
330.99,85.847,374.01,85.847,374.01,116.15,330.99,116.15
328.22,86.656,371.78,86.656,371.78,117.34,328.22,117.34
325.02,86.654,368.64,86.654,368.64,117.39,325.02,117.39
322.22,87.189,365.99,87.189,365.99,118.03,322.22,118.03
320.71,87.237,364.36,87.237,364.36,117.99,320.71,117.99
317.65,88.254,361.6,88.254,361.6,119.22,317.65,119.22
313.93,88.221,358.77,88.221,358.77,119.81,313.93,119.81
312.36,88.492,356.83,88.492,356.83,119.82,312.36,119.82
308.35,89.358,353.39,89.358,353.39,121.09,308.35,121.09
305.97,89.999,350.84,89.999,350.84,121.61,305.97,121.61
303.06,90.877,347.89,90.877,347.89,122.46,303.06,122.46
299.13,91.144,344.58,91.144,344.58,123.17,299.13,123.17
295.54,91.725,341.86,91.725,341.86,124.36,295.54,124.36
293.46,92.856,339.2,92.856,339.2,125.08,293.46,125.08
291.84,92.965,337.89,92.965,337.89,125.41,291.84,125.41
287.93,93.42,333.6,93.42,333.6,125.59,287.93,125.59
278.48,95.69,325.16,95.69,325.16,128.58,278.48,128.58
273.01,96.531,320.19,96.531,320.19,129.78,273.01,129.78
268.84,97.395,316.56,97.395,316.56,131.02,268.84,131.02
266.13,98.306,314.06,98.306,314.06,132.08,266.13,132.08
262.61,99.109,310.33,99.109,310.33,132.73,262.61,132.73
260.42,99.76,308.45,99.76,308.45,133.6,260.42,133.6
257.63,100.52,306.26,100.52,306.26,134.78,257.63,134.78
253.88,101.54,302.79,101.54,302.79,136,253.88,136
251.3,101.25,300.72,101.25,300.72,136.07,251.3,136.07
247.93,102.43,297.96,102.43,297.96,137.68,247.93,137.68
245.04,103.17,295.11,103.17,295.11,138.45,245.04,138.45
242.55,103.58,292.86,103.58,292.86,139.02,242.55,139.02
238.44,103.99,288.82,103.99,288.82,139.49,238.44,139.49
236.61,104.23,287.97,104.23,287.97,140.41,236.61,140.41
232.15,104.77,284.07,104.77,284.07,141.36,232.15,141.36
228.53,106.1,280.65,106.1,280.65,142.82,228.53,142.82
226.13,106.23,278.39,106.23,278.39,143.05,226.13,143.05
222.55,107.12,275.3,107.12,275.3,144.29,222.55,144.29
219.07,108.14,272.16,108.14,272.16,145.54,219.07,145.54
215.96,108.55,269.45,108.55,269.45,146.23,215.96,146.23
212.74,109.22,266.54,109.22,266.54,147.13,212.74,147.13
209.92,109.56,264.13,109.56,264.13,147.75,209.92,147.75
205.04,110.94,259.43,110.94,259.43,149.26,205.04,149.26
200.69,111.88,255.24,111.88,255.24,150.31,200.69,150.31
197.23,112.41,252.2,112.41,252.2,151.14,197.23,151.14
192.57,113.86,248,113.86,248,152.91,192.57,152.91
188.86,114.66,245.01,114.66,245.01,154.22,188.86,154.22
186.51,115.08,242.91,115.08,242.91,154.81,186.51,154.81
184.75,115.25,241.59,115.25,241.59,155.3,184.75,155.3
180.44,116.71,237.53,116.71,237.53,156.93,180.44,156.93
176.89,117.32,234.47,117.32,234.47,157.89,176.89,157.89
173.29,118.56,231.09,118.56,231.09,159.28,173.29,159.28
170.69,118.6,228.79,118.6,228.79,159.53,170.69,159.53
167.16,120.18,225.42,120.18,225.42,161.23,167.16,161.23
163.05,120.4,222.19,120.4,222.19,162.06,163.05,162.06
159.79,122.16,219.08,122.16,219.08,163.93,159.79,163.93
156.26,122.91,215.98,122.91,215.98,164.99,156.26,164.99
153.16,122.73,213.6,122.73,213.6,165.31,153.16,165.31
149.96,123.26,210.77,123.26,210.77,166.11,149.96,166.11
146.27,123.9,207.58,123.9,207.58,167.1,146.27,167.1
144.92,124.4,206.41,124.4,206.41,167.73,144.92,167.73
141.82,125.85,203.66,125.85,203.66,169.42,141.82,169.42
131.19,126.13,193.27,126.13,193.27,169.87,131.19,169.87
130.17,130.35,192.61,130.35,192.61,174.34,130.17,174.34
123.31,133.11,186.58,133.11,186.58,177.69,123.31,177.69
121.48,134.7,185.28,134.7,185.28,179.65,121.48,179.65
119.3,135.65,183.31,135.65,183.31,180.74,119.3,180.74
116.14,136.54,180.19,136.54,180.19,181.66,116.14,181.66
115.75,137.48,179.89,137.48,179.89,182.68,115.75,182.68
112.57,138.96,177.07,138.96,177.07,184.4,112.57,184.4
112.27,139.69,177.57,139.69,177.57,185.69,112.27,185.69
109.11,139.59,174.76,139.59,174.76,185.84,109.11,185.84
108.79,140.83,175.19,140.83,175.19,187.61,108.79,187.61
106.83,141.42,173.42,141.42,173.42,188.33,106.83,188.33
105.01,142.77,171.67,142.77,171.67,189.74,105.01,189.74
103.86,143.48,170.23,143.48,170.23,190.24,103.86,190.24
102.09,144.39,168.38,144.39,168.38,191.09,102.09,191.09
101.12,144.97,167.3,144.97,167.3,191.59,101.12,191.59
101.48,146.38,167.59,146.38,167.59,192.96,101.48,192.96
100.4,147.57,166.17,147.57,166.17,193.91,100.4,193.91
100.52,148,166.15,148,166.15,194.24,100.52,194.24
99.484,148.43,165.34,148.43,165.34,194.83,99.484,194.83
98.285,149.23,164.3,149.23,164.3,195.74,98.285,195.74
99.066,152.23,165.29,152.23,165.29,198.89,99.066,198.89
98.988,152.11,165.25,152.11,165.25,198.79,98.988,198.79
98.755,153.2,165.12,153.2,165.12,199.96,98.755,199.96
98.665,154.49,165.55,154.49,165.55,201.62,98.665,201.62
98.443,154.44,165.47,154.44,165.47,201.67,98.443,201.67
98.298,156.34,165.65,156.34,165.65,203.79,98.298,203.79
99.25,157.08,167.3,157.08,167.3,205.02,99.25,205.02
98.78,158.35,167.22,158.35,167.22,206.57,98.78,206.57
99.289,159.49,167.8,159.49,167.8,207.75,99.289,207.75
99.782,160.35,168.79,160.35,168.79,208.97,99.782,208.97
102.66,166.38,171.28,166.38,171.28,214.73,102.66,214.73
104.75,168.68,174.13,168.68,174.13,217.56,104.75,217.56
107.94,170.72,178.83,170.72,178.83,220.67,107.94,220.67
108.77,171.63,180.53,171.63,180.53,222.19,108.77,222.19
110.49,173.59,183.45,173.59,183.45,225,110.49,225
110.81,174.1,184.56,174.1,184.56,226.06,110.81,226.06
113.5,175.6,188.4,175.6,188.4,228.37,113.5,228.37
112.55,176.25,188,176.25,188,229.4,112.55,229.4
115.05,177.5,190.95,177.5,190.95,230.98,115.05,230.98
116.91,179.06,193.38,179.06,193.38,232.94,116.91,232.94
117.5,179.53,194.8,179.53,194.8,234,117.5,234
122.22,182.19,200.47,182.19,200.47,237.32,122.22,237.32
123.57,183.54,202.53,183.54,202.53,239.17,123.57,239.17
123.59,184.12,203.2,184.12,203.2,240.21,123.59,240.21
124.48,185.29,204.68,185.29,204.68,241.79,124.48,241.79
126.07,186.71,206.97,186.71,206.97,243.71,126.07,243.71
129.86,189.13,211.97,189.13,211.97,246.97,129.86,246.97
132.42,192.52,214.81,192.52,214.81,250.57,132.42,250.57
135.99,195.55,218.6,195.55,218.6,253.75,135.99,253.75
145.87,201.72,228.97,201.72,228.97,260.27,145.87,260.27
149.96,203.96,234.07,203.96,234.07,263.22,149.96,263.22
153.02,207.88,237.75,207.88,237.75,267.58,153.02,267.58
156.37,208.85,242.12,208.85,242.12,269.27,156.37,269.27
160.01,211.6,246.83,211.6,246.83,272.77,160.01,272.77
164.78,214.86,252.55,214.86,252.55,276.69,164.78,276.69
171.52,217.2,259.87,217.2,259.87,279.45,171.52,279.45
178.46,221.06,268.09,221.06,268.09,284.2,178.46,284.2
181.8,222.37,272.44,222.37,272.44,286.23,181.8,286.23
190.92,224.78,282.18,224.78,282.18,289.07,190.92,289.07
191.31,224.81,282.69,224.81,282.69,289.19,191.31,289.19
198.82,232.46,291.1,232.46,291.1,297.46,198.82,297.46
199.04,231.84,292.3,231.84,292.3,297.55,199.04,297.55
206.21,235.81,300.27,235.81,300.27,302.08,206.21,302.08
205.26,233.76,300.11,233.76,300.11,300.59,205.26,300.59
213.85,238,309.94,238,309.94,305.71,213.85,305.71
217.69,239.83,315.16,239.83,315.16,308.5,217.69,308.5
223.41,245.08,321.42,245.08,321.42,314.13,223.41,314.13
229.57,243.42,328.74,243.42,328.74,313.29,229.57,313.29
251.77,261.3,351.29,261.3,351.29,331.42,251.77,331.42
277.08,279.54,377.58,279.54,377.58,350.34,277.08,350.34
283.83,274.79,385.23,274.79,385.23,346.22,283.83,346.22
302.62,282.3,405.23,282.3,405.23,354.59,302.62,354.59
311.69,285.99,415.38,285.99,415.38,359.05,311.69,359.05
321.04,295.4,425.02,295.4,425.02,368.66,321.04,368.66
330,293.43,434.59,293.43,434.59,367.12,330,367.12
341.15,300.73,445.91,300.73,445.91,374.54,341.15,374.54
340.41,303.15,445.32,303.15,445.32,377.07,340.41,377.07
2
0
0
0
0
1
564.85,351.78,651.19,351.78,651.19,467.88,564.85,467.88
576.2,356.18,662.4,356.18,662.4,472.1,576.2,472.1
