1
174.53,66.08,188.47,66.08,188.47,100.92,174.53,100.92
176.03,66.069,189.97,66.069,189.97,100.93,176.03,100.93
176.03,66.064,189.97,66.064,189.97,100.94,176.03,100.94
178.02,65.558,191.98,65.558,191.98,100.44,178.02,100.44
178.01,65.244,192.04,65.244,192.04,100.32,178.01,100.32
178.47,65.284,192.55,65.284,192.55,100.46,178.47,100.46
179.89,65.262,194.04,65.262,194.04,100.64,179.89,100.64
180.17,65.089,194.25,65.089,194.25,100.3,180.17,100.3
181.97,65.914,196.03,65.914,196.03,101.09,181.97,101.09
182.3,65.333,196.3,65.333,196.3,100.34,182.3,100.34
183.55,65.286,197.47,65.286,197.47,100.07,183.55,100.07
184.15,64.818,198.09,64.818,198.09,99.688,184.15,99.688
186.12,64.603,199.96,64.603,199.96,99.216,186.12,99.216
187.07,64.175,200.93,64.175,200.93,98.825,187.07,98.825
187.26,63.795,201.14,63.795,201.14,98.476,187.26,98.476
188.02,63.223,201.97,63.223,201.97,98.113,188.02,98.113
188.91,63.673,202.91,63.673,202.91,98.685,188.91,98.685
189.25,63.746,203.19,63.746,203.19,98.603,189.25,98.603
191.02,64.061,204.98,64.061,204.98,98.939,191.02,98.939
190.4,63.852,204.32,63.852,204.32,98.664,190.4,98.664
191.5,63.992,205.36,63.992,205.36,98.654,191.5,98.654
191.03,63.578,204.97,63.578,204.97,98.422,191.03,98.422
192.91,64.082,206.89,64.082,206.89,99.015,192.91,99.015
193.98,64.961,208.02,64.961,208.02,100.04,193.98,100.04
194.89,64.587,208.93,64.587,208.93,99.69,194.89,99.69
196.39,64.418,210.47,64.418,210.47,99.623,196.39,99.623
197.23,64.458,211.28,64.458,211.28,99.594,197.23,99.594
198.92,64.595,212.98,64.595,212.98,99.747,198.92,99.747
199.93,64.832,214.07,64.832,214.07,100.17,199.93,100.17
201.26,64.254,215.51,64.254,215.51,99.867,201.26,99.867
201.64,63.329,215.96,63.329,215.96,99.13,201.64,99.13
203.81,63.299,218.06,63.299,218.06,98.911,203.81,98.911
204.3,63.232,218.49,63.232,218.49,98.724,204.3,98.724
205.9,63.743,220.1,63.743,220.1,99.257,205.9,99.257
206.24,63.414,220.49,63.414,220.49,99.047,206.24,99.047
206.92,63.211,221.2,63.211,221.2,98.915,206.92,98.915
207.89,63.49,222.14,63.49,222.14,99.121,207.89,99.121
208.24,63.731,222.49,63.731,222.49,99.366,208.24,99.366
209.37,64.678,223.63,64.678,223.63,100.32,209.37,100.32
209.29,63.956,223.42,63.956,223.42,99.3,209.29,99.3
210.1,63.9,224.2,63.9,224.2,99.157,210.1,99.157
210.84,63.862,224.82,63.862,224.82,98.826,210.84,98.826
212.4,63.62,226.41,63.62,226.41,98.648,212.4,98.648
215,63.996,229,63.996,229,99.004,215,99.004
214.96,63.525,229.03,63.525,229.03,98.693,214.96,98.693
216.8,63.094,230.9,63.094,230.9,98.345,216.8,98.345
217.24,63.108,231.3,63.108,231.3,98.276,217.24,98.276
218.23,63.308,232.29,63.308,232.29,98.441,218.23,98.441
219.01,64.022,232.99,64.022,232.99,98.978,219.01,98.978
219.02,62.604,233.08,62.604,233.08,97.752,219.02,97.752
219.72,63.19,233.79,63.19,233.79,98.359,219.72,98.359
219.78,63.177,233.8,63.177,233.8,98.228,219.78,98.228
220.16,63.019,234.17,63.019,234.17,98.058,220.16,98.058
220.99,63.983,235.01,63.983,235.01,99.017,220.99,99.017
221.4,63.26,235.38,63.26,235.38,98.212,221.4,98.212
221.96,63.233,235.98,63.233,235.98,98.271,221.96,98.271
222.29,63.335,236.3,63.335,236.3,98.353,222.29,98.353
223.06,63.21,237.04,63.21,237.04,98.159,223.06,98.159
224,63.993,238,63.993,238,99.007,224,99.007
224.65,63.611,238.7,63.611,238.7,98.737,224.65,98.737
226.13,63.794,240.16,63.794,240.16,98.873,226.13,98.873
226.58,63.89,240.64,63.89,240.64,99.033,226.58,99.033
227.95,63.918,241.97,63.918,241.97,98.977,227.95,98.977
229.99,63.977,244.01,63.977,244.01,99.023,229.99,99.023
229.67,63.474,243.75,63.474,243.75,98.667,229.67,98.667
231.39,63.284,245.43,63.284,245.43,98.397,231.39,98.397
232.58,62.911,246.65,62.911,246.65,98.077,232.58,98.077
232.9,62.59,246.97,62.59,246.97,97.777,232.9,97.777
234.96,62.9,249.04,62.9,249.04,98.1,234.96,98.1
234.52,62.5,248.61,62.5,248.61,97.738,234.52,97.738
235.55,62.274,249.63,62.274,249.63,97.466,235.55,97.466
236.47,62.305,250.55,62.305,250.55,97.514,236.47,97.514
236.66,62.005,250.75,62.005,250.75,97.236,236.66,97.236
237.95,62.875,252.05,62.875,252.05,98.125,237.95,98.125
238.7,62.493,252.81,62.493,252.81,97.757,238.7,97.757
239.41,62.469,253.55,62.469,253.55,97.826,239.41,97.826
240.66,62.827,254.79,62.827,254.79,98.147,240.66,98.147
241.24,62.922,255.38,62.922,255.38,98.272,241.24,98.272
242.94,63.36,257.06,63.36,257.06,98.64,242.94,98.64
241.63,62.052,255.57,62.052,255.57,96.894,241.63,96.894
240.85,62.004,254.72,62.004,254.72,96.67,240.85,96.67
238.45,63.799,252.31,63.799,252.31,98.459,238.45,98.459
240.33,62.984,254.1,62.984,254.1,97.402,240.33,97.402
253.61,62.769,267.39,62.769,267.39,97.231,253.61,97.231
253.31,62.518,267.07,62.518,267.07,96.913,253.31,96.913
253.87,62.778,267.7,62.778,267.7,97.348,253.87,97.348
254.15,62.784,268,62.784,268,97.41,254.15,97.41
254.74,62.644,268.75,62.644,268.75,97.666,254.74,97.666
254.99,62.979,269.01,62.979,269.01,98.021,254.99,98.021
256.02,62.627,270,62.627,270,97.579,256.02,97.579
257.89,62.532,271.8,62.532,271.8,97.319,257.89,97.319
258.74,62.204,272.66,62.204,272.66,96.985,258.74,96.985
260.04,62.056,273.93,62.056,273.93,96.758,260.04,96.758
261.05,62.135,274.95,62.135,274.95,96.865,261.05,96.865
261.17,60.969,275.06,60.969,275.06,95.701,261.17,95.701
262.49,60.615,276.38,60.615,276.38,95.333,262.49,95.333
263.2,60.471,277.12,60.471,277.12,95.267,263.2,95.267
265.13,60.914,279.09,60.914,279.09,95.809,265.13,95.809
266.01,61.026,279.99,61.026,279.99,95.974,266.01,95.974
266.8,61.053,280.82,61.053,280.82,96.115,266.8,96.115
267.1,60.417,281.17,60.417,281.17,95.595,267.1,95.595
268.32,61.29,282.32,61.29,282.32,96.307,268.32,96.307
269.89,61.576,283.81,61.576,283.81,96.38,269.89,96.38
271.05,62.136,284.95,62.136,284.95,96.864,271.05,96.864
271.73,60.654,285.69,60.654,285.69,95.538,271.73,95.538
274.4,60.902,288.34,60.902,288.34,95.737,274.4,95.737
276.04,61.198,289.93,61.198,289.93,95.922,276.04,95.922
277.25,61.369,291.2,61.369,291.2,96.246,277.25,96.246
278.98,61.943,293.02,61.943,293.02,97.057,278.98,97.057
279.2,61.188,293.22,61.188,293.22,96.243,279.2,96.243
280,60.597,294.05,60.597,294.05,95.711,280,95.711
280.68,60.602,294.71,60.602,294.71,95.68,280.68,95.68
281.57,61.045,295.63,61.045,295.63,96.188,281.57,96.188
282.98,61.941,297.02,61.941,297.02,97.059,282.98,97.059
282.86,61.199,296.89,61.199,296.89,96.28,282.86,96.28
283.87,60.938,297.92,60.938,297.92,96.049,283.87,96.049
285,61.074,299,61.074,299,96.081,285,96.081
285.38,61.067,299.34,61.067,299.34,95.961,285.38,95.961
287.01,62.036,300.99,62.036,300.99,96.964,287.01,96.964
288.13,60.772,302.14,60.772,302.14,95.803,288.13,95.803
288.54,60.384,302.52,60.384,302.52,95.35,288.54,95.35
289.59,60.066,303.64,60.066,303.64,95.191,289.59,95.191
290.95,60.179,304.95,60.179,304.95,95.193,290.95,95.193
292.01,61.03,305.99,61.03,305.99,95.97,292.01,95.97
292.41,60.131,306.39,60.131,306.39,95.1,292.41,95.1
294.21,60.286,308.38,60.286,308.38,95.714,294.21,95.714
294.35,59.353,308.51,59.353,308.51,94.754,294.35,94.754
295.8,59.698,309.95,59.698,309.95,95.082,295.8,95.082
297.94,60.854,312.06,60.854,312.06,96.146,297.94,96.146
298.29,60.241,312.41,60.241,312.41,95.533,298.29,95.533
300.04,59.867,314.14,59.867,314.14,95.121,300.04,95.121
301.71,59.378,315.83,59.378,315.83,94.656,301.71,94.656
302.7,59.554,316.83,59.554,316.83,94.875,302.7,94.875
304.93,60.323,319.07,60.323,319.07,95.677,304.93,95.677
306.03,59.895,320.12,59.895,320.12,95.132,306.03,95.132
305.98,58.14,320.02,58.14,320.02,93.234,305.98,93.234
307.97,59.304,322.03,59.304,322.03,94.461,307.97,94.461
309.37,59.573,323.4,59.573,323.4,94.648,309.37,94.648
310.99,60.471,325.01,60.471,325.01,95.529,310.99,95.529
310.82,59.991,324.83,59.991,324.83,95.017,310.82,95.017
311.61,59.575,325.62,59.575,325.62,94.601,311.61,94.601
312.14,59.546,326.12,59.546,326.12,94.514,312.14,94.514
313.46,59.684,327.46,59.684,327.46,94.685,313.46,94.685
315.01,60.031,328.99,60.031,328.99,94.969,315.01,94.969
315.88,60.071,329.89,60.071,329.89,95.085,315.88,95.085
316.03,58.266,329.97,58.266,329.97,93.137,316.03,93.137
317.3,58.915,331.26,58.915,331.26,93.819,317.3,93.819
319.14,58.421,333.13,58.421,333.13,93.395,319.14,93.395
320.99,58.977,335.01,58.977,335.01,94.023,320.99,94.023
320.55,58.415,334.58,58.415,334.58,93.484,320.55,93.484
321.43,58.301,335.48,58.301,335.48,93.425,321.43,93.425
321.75,58,335.8,58,335.8,93.116,321.75,93.116
322.24,57.876,336.25,57.876,336.25,92.889,322.24,92.889
337.94,56.855,352.06,56.855,352.06,92.145,337.94,92.145
337.64,56.852,351.86,56.852,351.86,92.408,337.64,92.408
339.06,56.982,353.32,56.982,353.32,92.62,339.06,92.62
338.85,57.115,353.15,57.115,353.15,92.885,338.85,92.885
341.03,55.802,355.38,55.802,355.38,91.674,341.03,91.674
341.26,56.411,355.74,56.411,355.74,92.589,341.26,92.589
341.72,56.79,356.28,56.79,356.28,93.21,341.72,93.21
343.13,56.143,357.62,56.143,357.62,92.375,343.13,92.375
344.41,56.195,358.87,56.195,358.87,92.344,344.41,92.344
332.97,55.819,347.3,55.819,347.3,91.627,332.97,91.627
335.91,57.772,350.09,57.772,350.09,93.228,335.91,93.228
334.93,56.713,349.04,56.713,349.04,91.975,334.93,91.975
336.38,57.273,350.46,57.273,350.46,92.465,336.38,92.465
337.07,57.65,351.14,57.65,351.14,92.82,337.07,92.82
337.96,57.531,352.04,57.531,352.04,92.722,337.96,92.722
338.96,57.912,353.04,57.912,353.04,93.088,338.96,93.088
339.27,57.677,353.3,57.677,353.3,92.743,339.27,92.743
339.88,57.638,353.9,57.638,353.9,92.694,339.88,92.694
341.27,58.036,355.3,58.036,355.3,93.102,341.27,93.102
342.11,58.55,356.09,58.55,356.09,93.51,342.11,93.51
343.98,58.951,358.02,58.951,358.02,94.049,343.98,94.049
344,57.189,358,57.189,358,92.203,344,92.203
345.59,57.194,359.59,57.194,359.59,92.19,345.59,92.19
346.74,57.416,360.83,57.416,360.83,92.651,346.74,92.651
347.28,56.922,361.39,56.922,361.39,92.203,347.28,92.203
348.93,57.824,363.07,57.824,363.07,93.176,348.93,93.176
349.74,56.176,363.96,56.176,363.96,91.709,349.74,91.709
349.91,55.804,364.22,55.804,364.22,91.569,349.91,91.569
352.16,56.593,366.46,56.593,366.46,92.353,352.16,92.353
353.69,57.103,368.02,57.103,368.02,92.928,353.69,92.928
354.82,57.561,369.18,57.561,369.18,93.439,354.82,93.439
355.85,56.806,370.14,56.806,370.14,92.514,355.85,92.514
357.69,56.676,371.95,56.676,371.95,92.324,357.69,92.324
358.65,56.668,372.89,56.668,372.89,92.274,358.65,92.274
359.91,56.691,374.13,56.691,374.13,92.239,359.91,92.239
361.88,56.706,376.12,56.706,376.12,92.294,361.88,92.294
362.69,55.619,376.89,55.619,376.89,91.109,362.69,91.109
363.19,55.854,377.38,55.854,377.38,91.327,363.19,91.327
363.85,56.068,378.09,56.068,378.09,91.675,363.85,91.675
365.32,56.469,379.54,56.469,379.54,92.02,365.32,92.02
366.9,56.747,381.1,56.747,381.1,92.253,366.9,92.253
368.26,56.47,382.47,56.47,382.47,91.984,368.26,91.984
369.16,56.215,383.34,56.215,383.34,91.676,369.16,91.676
370.09,56.493,384.23,56.493,384.23,91.834,370.09,91.834
371.86,57.235,385.93,57.235,385.93,92.415,371.86,92.415
373,58.001,387,58.001,387,92.999,373,92.999
374.04,55.815,388.01,55.815,388.01,90.751,374.04,90.751
375.32,55.438,389.3,55.438,389.3,90.385,375.32,90.385
376.37,55.63,390.38,55.63,390.38,90.655,376.37,90.655
377.59,56.004,391.57,56.004,391.57,90.977,377.59,90.977
379,55.997,393,55.997,393,91.003,379,91.003
379.27,55.948,393.26,55.948,393.26,90.929,379.27,90.929
380.26,55.187,394.31,55.187,394.31,90.333,380.26,90.333
381.82,56.111,395.95,56.111,395.95,91.448,381.82,91.448
382.61,55.418,396.75,55.418,396.75,90.763,382.61,90.763
384.4,56.256,398.6,56.256,398.6,91.744,384.4,91.744
384.44,54.801,398.65,54.801,398.65,90.326,384.44,90.326
384.87,54.665,399.08,54.665,399.08,90.171,384.87,90.171
386.62,54.483,400.8,54.483,400.8,89.935,386.62,89.935
387.38,55.081,401.58,55.081,401.58,90.583,387.38,90.583
389.89,54.225,404.11,54.225,404.11,89.775,389.89,89.775
389.46,53.53,403.71,53.53,403.71,89.139,389.46,89.139
390.2,53.068,404.47,53.068,404.47,88.758,390.2,88.758
392.19,53.121,406.49,53.121,406.49,88.879,392.19,88.879
393.17,54.859,407.43,54.859,407.43,90.511,393.17,90.511
394.88,56.701,409.12,56.701,409.12,92.299,394.88,92.299
395,56.13,409.26,56.13,409.26,91.78,395,91.78
396.13,55.96,410.36,55.96,410.36,91.535,396.13,91.535
395.9,53.909,410.1,53.909,410.1,89.421,395.9,89.421
398.01,55.167,412.2,55.167,412.2,90.634,398.01,90.634
398.9,55.74,413.1,55.74,413.1,91.26,398.9,91.26
400.32,55.624,414.52,55.624,414.52,91.136,400.32,91.136
401,55.364,415.23,55.364,415.23,90.949,401,90.949
402.11,54.238,416.44,54.238,416.44,90.068,402.11,90.068
403.46,53.625,417.84,53.625,417.84,89.566,403.46,89.566
404.81,54.015,419.19,54.015,419.19,89.985,404.81,89.985
405.38,54.63,419.72,54.63,419.72,90.476,405.38,90.476
405.71,54.74,419.99,54.74,419.99,90.437,405.71,90.437
406.98,54.189,421.25,54.189,421.25,89.853,406.98,89.853
407.33,53.866,421.5,53.866,421.5,89.312,407.33,89.312
408.95,54.383,423.05,54.383,423.05,89.617,408.95,89.617
411.83,54.508,425.92,54.508,425.92,89.728,411.83,89.728
412.47,55.207,426.58,55.207,426.58,90.476,412.47,90.476
413.88,55.429,428.03,55.429,428.03,90.795,413.88,90.795
414.44,55.29,428.58,55.29,428.58,90.647,414.44,90.647
415.44,53.848,429.56,53.848,429.56,89.152,415.44,89.152
416.47,54.002,430.58,54.002,430.58,89.273,416.47,89.273
418.43,54.522,432.52,54.522,432.52,89.745,418.43,89.745
420.06,55.353,434.24,55.353,434.24,90.805,420.06,90.805
420.65,54.94,434.9,54.94,434.9,90.549,420.65,90.549
421.33,55.584,435.67,55.584,435.67,91.416,421.33,91.416
422.68,53.956,437.03,53.956,437.03,89.824,422.68,89.824
424.08,54.639,438.5,54.639,438.5,90.687,424.08,90.687
425.08,55.435,439.57,55.435,439.57,91.646,425.08,91.646
425.94,54.858,440.49,54.858,440.49,91.244,425.94,91.244
427.23,54.333,441.77,54.333,441.77,90.667,427.23,90.667
427.79,53.527,442.26,53.527,442.26,89.7,427.79,89.7
429.82,54.107,444.28,54.107,444.28,90.26,429.82,90.26
431.06,54.696,445.48,54.696,445.48,90.753,431.06,90.753
432.23,54.29,446.71,54.29,446.71,90.479,432.23,90.479
433.75,53.885,448.25,53.885,448.25,90.115,433.75,90.115
433.62,52.873,448.11,52.873,448.11,89.097,433.62,89.097
435.25,52.938,449.67,52.938,449.67,88.978,435.25,88.978
436.07,53.32,450.47,53.32,450.47,89.33,436.07,89.33
437.58,54.107,452.03,54.107,452.03,90.221,437.58,90.221
438.79,53.982,453.21,53.982,453.21,90.018,438.79,90.018
439.29,52.944,453.75,52.944,453.75,89.099,439.29,89.099
440.71,52.948,455.1,52.948,455.1,88.919,440.71,88.919
441.73,53.514,456.11,53.514,456.11,89.463,441.73,89.463
443.72,54.307,458.17,54.307,458.17,90.446,443.72,90.446
445.77,53.927,460.23,53.927,460.23,90.073,445.77,90.073
446,53.344,460.49,53.344,460.49,89.573,446,89.573
447.13,52.529,461.61,52.529,461.61,88.719,447.13,88.719
447.97,52.68,462.41,52.68,462.41,88.778,447.97,88.778
449.65,53.384,464.07,53.384,464.07,89.421,449.65,89.421
450.74,54.359,465.26,54.359,465.26,90.641,450.74,90.641
450.9,53.223,465.45,53.223,465.45,89.605,450.9,89.605
451.71,52.236,466.2,52.236,466.2,88.481,451.71,88.481
452.84,52.421,467.32,52.421,467.32,88.613,452.84,88.613
453.83,53.136,468.3,53.136,468.3,89.308,453.83,89.308
455.75,54.882,470.25,54.882,470.25,91.118,455.75,91.118
455.52,53.875,469.97,53.875,469.97,89.984,455.52,89.984
456.91,53.063,471.41,53.063,471.41,89.317,456.91,89.317
457.07,52.107,471.57,52.107,471.57,88.345,457.07,88.345
458.24,51.969,472.72,51.969,472.72,88.184,458.24,88.184
459.77,52.923,474.23,52.923,474.23,89.077,459.77,89.077
460.56,53.018,475.09,53.018,475.09,89.354,460.56,89.354
460.44,52.244,474.99,52.244,474.99,88.637,460.44,88.637
461.25,51.312,475.76,51.312,475.76,87.584,461.25,87.584
462.15,50.97,476.57,50.97,476.57,87.019,462.15,87.019
463.3,52.001,477.7,52.001,477.7,87.999,463.3,87.999
464.64,52.862,479.06,52.862,479.06,88.896,464.64,88.896
465.44,52.471,479.92,52.471,479.92,88.657,465.44,88.657
466.43,51.632,480.94,51.632,480.94,87.897,466.43,87.897
466.5,51.388,481.01,51.388,481.01,87.663,466.5,87.663
468.25,52.369,482.75,52.369,482.75,88.631,468.25,88.631
468.46,52.785,482.95,52.785,482.95,89.004,468.46,89.004
470.33,52.589,484.86,52.589,484.86,88.907,470.33,88.907
470.82,52.034,485.44,52.034,485.44,88.589,470.82,88.589
473.05,50.73,487.65,50.73,487.65,87.219,473.05,87.219
474.72,51.793,489.28,51.793,489.28,88.207,474.72,88.207
475.68,51.461,490.16,51.461,490.16,87.659,475.68,87.659
477.2,52.311,491.74,52.311,491.74,88.661,477.2,88.661
477.24,51.774,491.88,51.774,491.88,88.376,477.24,88.376
477.82,50.721,492.57,50.721,492.57,87.594,477.82,87.594
479.18,51.696,493.82,51.696,493.82,88.304,479.18,88.304
479.09,51.521,493.59,51.521,493.59,87.777,479.09,87.777
480.02,52.452,494.49,52.452,494.49,88.643,480.02,88.643
480.74,52.756,495.2,52.756,495.2,88.908,480.74,88.908
481.51,52.054,496.01,52.054,496.01,88.283,481.51,88.283
482.24,51.857,496.76,51.857,496.76,88.143,482.24,88.143
482.82,50.975,497.32,50.975,497.32,87.21,482.82,87.21
483.59,51.169,498.08,51.169,498.08,87.383,483.59,87.383
485.03,51.722,499.48,51.722,499.48,87.849,485.03,87.849
485.74,51.127,500.27,51.127,500.27,87.458,485.74,87.458
486.22,50.792,500.78,50.792,500.78,87.208,486.22,87.208
486.42,49.751,500.91,49.751,500.91,85.991,486.42,85.991
486.86,49.792,501.31,49.792,501.31,85.916,486.86,85.916
488.31,50.874,502.75,50.874,502.75,86.967,488.31,86.967
488.98,50.955,503.42,50.955,503.42,87.044,488.98,87.044
490.25,50.884,504.75,50.884,504.75,87.116,490.25,87.116
490.75,50.07,505.31,50.07,505.31,86.472,490.75,86.472
490.99,49.841,505.54,49.841,505.54,86.217,490.99,86.217
492.6,50.864,507.18,50.864,507.18,87.296,492.6,87.296
493.42,51.132,507.99,51.132,507.99,87.577,493.42,87.577
495.66,51.659,510.34,51.659,510.34,88.341,495.66,88.341
495.81,50.562,510.56,50.562,510.56,87.432,495.81,87.432
496.81,50.137,511.57,50.137,511.57,87.02,496.81,87.02
498.31,50.332,513.02,50.332,513.02,87.108,498.31,87.108
499.15,50.715,513.91,50.715,513.91,87.612,499.15,87.612
500.08,50.939,514.92,50.939,514.92,88.061,500.08,88.061
500.23,50.218,514.99,50.218,514.99,87.119,500.23,87.119
501.05,49.898,515.81,49.898,515.81,86.798,501.05,86.798
502,49.95,516.67,49.95,516.67,86.625,502,86.625
501.71,49.764,516.29,49.764,516.29,86.236,501.71,86.236
503.74,51.839,518.26,51.839,518.26,88.161,503.74,88.161
503.98,51.337,518.58,51.337,518.58,87.84,503.98,87.84
506.15,49.485,520.64,49.485,520.64,85.723,506.15,85.723
505.47,50.259,520.01,50.259,520.01,86.594,505.47,86.594
506.51,49.408,521,49.408,521,85.625,506.51,85.625
508.25,50.863,522.76,50.863,522.76,87.137,508.25,87.137
508.14,49.981,522.7,49.981,522.7,86.393,508.14,86.393
508.91,49.259,523.46,49.259,523.46,85.633,508.91,85.633
509.23,48.857,523.78,48.857,523.78,85.227,509.23,85.227
509.97,48.33,524.5,48.33,524.5,84.651,509.97,84.651
511.25,49.364,525.75,49.364,525.75,85.636,511.25,85.636
511.7,49.192,526.16,49.192,526.16,85.341,511.7,85.341
512.76,50.274,527.29,50.274,527.29,86.61,512.76,86.61
513.35,48.975,527.95,48.975,527.95,85.471,513.35,85.471
514.72,49.068,529.35,49.068,529.35,85.636,514.72,85.636
516.17,49.169,530.83,49.169,530.83,85.831,516.17,85.831
517.68,49.935,532.42,49.935,532.42,86.784,517.68,86.784
518.43,49.954,533.25,49.954,533.25,87.005,518.43,87.005
519.43,49.304,534.22,49.304,534.22,86.281,519.43,86.281
520.23,48.749,535.13,48.749,535.13,85.995,520.23,85.995
522.09,48.973,536.91,48.973,536.91,86.027,522.09,86.027
522.18,48.425,536.88,48.425,536.88,85.183,522.18,85.183
523.86,49.456,538.6,49.456,538.6,86.3,523.86,86.3
524.23,49.606,539.08,49.606,539.08,86.739,524.23,86.739
524.74,48.412,539.68,48.412,539.68,85.76,524.74,85.76
526.05,48.882,540.95,48.882,540.95,86.118,526.05,86.118
526,48.244,540.81,48.244,540.81,85.28,526,85.28
526.63,48.501,541.32,48.501,541.32,85.226,526.63,85.226
528.39,50.174,543.12,50.174,543.12,86.98,528.39,86.98
528.69,49.737,543.5,49.737,543.5,86.773,528.69,86.773
529.11,50.015,543.89,50.015,543.89,86.985,529.11,86.985
529.76,48.303,544.52,48.303,544.52,85.187,529.76,85.187
530.76,48.659,545.56,48.659,545.56,85.639,530.76,85.639
531.9,48.552,546.7,48.552,546.7,85.554,531.9,85.554
532.51,49.002,547.31,49.002,547.31,85.996,532.51,85.996
533.09,47.967,547.91,47.967,547.91,85.033,533.09,85.033
533.55,47.194,548.23,47.194,548.23,83.894,533.55,83.894
534.76,47.603,549.43,47.603,549.43,84.268,534.76,84.268
535.65,47.962,550.24,47.962,550.24,84.442,535.65,84.442
543.2,48.712,557.67,48.712,557.67,84.9,543.2,84.9
544.75,48.865,559.25,48.865,559.25,85.135,544.75,85.135
544.72,46.42,559.28,46.42,559.28,82.819,544.72,82.819
542.98,47.782,557.42,47.782,557.42,83.883,542.98,83.883
543.56,48.543,557.89,48.543,557.89,84.363,543.56,84.363
543.72,48.93,557.96,48.93,557.96,84.513,543.72,84.513
545.3,49.008,559.7,49.008,559.7,84.992,545.3,84.992
545.88,48.392,560.47,48.392,560.47,84.859,545.88,84.859
546.37,47.403,560.94,47.403,560.94,83.846,546.37,83.846
547.11,47.439,561.71,47.439,561.71,83.935,547.11,83.935
548.19,47.715,562.82,47.715,562.82,84.285,548.19,84.285
550.16,48.64,564.84,48.64,564.84,85.36,550.16,85.36
549.83,48.187,564.56,48.187,564.56,85.019,549.83,85.019
550.52,48.066,565.29,48.066,565.29,84.985,550.52,84.985
550.89,47.093,565.63,47.093,565.63,83.923,550.89,83.923
552.04,47.934,566.81,47.934,566.81,84.855,552.04,84.855
553.12,48.054,567.88,48.054,567.88,84.946,553.12,84.946
553.65,47.912,568.44,47.912,568.44,84.886,553.65,84.886
554.53,47.482,569.33,47.482,569.33,84.491,554.53,84.491
555.15,46.595,569.99,46.595,569.99,83.707,555.15,83.707
555.91,46.596,570.73,46.596,570.73,83.653,555.91,83.653
557.09,46.975,571.91,46.975,571.91,84.025,557.09,84.025
557.36,46.919,572.2,46.919,572.2,84.012,557.36,84.012
558.19,46.041,572.98,46.041,572.98,83.01,558.19,83.01
558.87,46.128,573.65,46.128,573.65,83.084,558.87,83.084
559.96,45.959,574.7,45.959,574.7,82.803,559.96,82.803
562.13,47.065,576.87,47.065,576.87,83.935,562.13,83.935
562.01,46.893,576.75,46.893,576.75,83.742,562.01,83.742
563.47,46.903,578.25,46.903,578.25,83.856,563.47,83.856
564.79,46.488,579.59,46.488,579.59,83.475,564.79,83.475
565.52,46.379,580.31,46.379,580.31,83.369,565.52,83.369
568.08,46.959,582.92,46.959,582.92,84.041,568.08,84.041
568.75,47.068,583.63,47.068,583.63,84.261,568.75,84.261
569.37,46.986,584.29,46.986,584.29,84.286,569.37,84.286
570.51,46.274,585.57,46.274,585.57,83.924,570.51,83.924
571.43,46.221,586.55,46.221,586.55,84.016,571.43,84.016
573.03,46.821,587.97,46.821,587.97,84.179,573.03,84.179
573.56,46.764,588.57,46.764,588.57,84.279,573.56,84.279
574.22,47.147,589.33,47.147,589.33,84.912,574.22,84.912
574.93,46.116,590.07,46.116,590.07,83.979,574.93,83.979
574.84,45.847,589.83,45.847,589.83,83.325,574.84,83.325
576.99,46.725,592.01,46.725,592.01,84.275,576.99,84.275
577.67,47.207,592.61,47.207,592.61,84.571,577.67,84.571
577.85,47.265,592.75,47.265,592.75,84.508,577.85,84.508
578.79,46.734,593.72,46.734,593.72,84.064,578.79,84.064
579.62,46.533,594.63,46.533,594.63,84.051,579.62,84.051
581.56,46.909,596.44,46.909,596.44,84.091,581.56,84.091
581.8,46.105,596.62,46.105,596.62,83.142,581.8,83.142
583.16,46.55,597.9,46.55,597.9,83.417,583.16,83.417
584.64,46.421,599.45,46.421,599.45,83.451,584.64,83.451
584.83,45.404,599.74,45.404,599.74,82.685,584.83,82.685
586.03,45.819,600.97,45.819,600.97,83.181,586.03,83.181
586.19,45.229,601.07,45.229,601.07,82.446,586.19,82.446
587.19,45.517,601.97,45.517,601.97,82.471,587.19,82.471
587.96,46.094,602.78,46.094,602.78,83.134,587.96,83.134
588.49,45.424,603.4,45.424,603.4,82.687,588.49,82.687
589.03,45.818,603.97,45.818,603.97,83.182,589.03,83.182
590.08,45.303,605.02,45.303,605.02,82.643,590.08,82.643
590.48,45.406,605.49,45.406,605.49,82.926,590.48,82.926
592.21,46.233,607.19,46.233,607.19,83.684,592.21,83.684
593.4,45.92,608.67,45.92,608.67,84.092,593.4,84.092
594.38,45.943,609.62,45.943,609.62,84.057,594.38,84.057
594.21,45.532,609.79,45.532,609.79,84.468,594.21,84.468
596.01,44.696,611.54,44.696,611.54,83.521,596.01,83.521
597.5,45.034,612.93,45.034,612.93,83.609,597.5,83.609
598.18,45.523,613.46,45.523,613.46,83.712,598.18,83.712
600.17,45.924,615.83,45.924,615.83,85.076,600.17,85.076
599.97,45.085,615.8,45.085,615.8,84.66,599.97,84.66
600.75,43.818,616.39,43.818,616.39,82.906,600.75,82.906
601.56,44.344,617.34,44.344,617.34,83.79,601.56,83.79
602.07,44.653,617.54,44.653,617.54,83.325,602.07,83.325
603.25,45.63,618.75,45.63,618.75,84.37,603.25,84.37
603.11,44.922,618.7,44.922,618.7,83.893,603.11,83.893
604.13,44.839,619.79,44.839,619.79,83.988,604.13,83.988
604.55,44.738,620.27,44.738,620.27,84.035,604.55,84.035
605.18,44.935,620.89,44.935,620.89,84.204,605.18,84.204
606.15,45.884,621.85,45.884,621.85,85.116,606.15,85.116
606.5,45.132,622.19,45.132,622.19,84.375,606.5,84.375
607.07,44.172,622.96,44.172,622.96,83.879,607.07,83.879
606.77,43.607,622.62,43.607,622.62,83.247,606.77,83.247
607.72,43.413,623.52,43.413,623.52,82.912,607.72,82.912
609.15,43.885,624.85,43.885,624.85,83.115,609.15,83.115
609.73,44.15,625.4,44.15,625.4,83.328,609.73,83.328
610.46,43.767,626.24,43.767,626.24,83.218,610.46,83.218
610.99,43.357,626.63,43.357,626.63,82.456,610.99,82.456
611.77,43.406,627.53,43.406,627.53,82.794,611.77,82.794
