0.75206
0.31373
0.18162
0.19018
0.17577
0.072226
0.072591
0.073879
0.073855
0.072233
0.10025
0.073066
0.072683
0.072346
0.073437
0.075818
0.1012
0.074455
0.073236
0.075638
0.073198
0.073427
0.10022
0.07424
0.074012
0.073106
0.073026
0.073961
0.10046
0.073766
0.075693
0.073275
0.07263
0.072503
0.098597
0.074504
0.074188
0.073357
0.073797
0.073783
0.10038
0.074151
0.074436
0.074664
0.073118
0.071983
0.10058
0.073393
0.07365
0.074217
0.074298
0.073628
0.10001
0.07301
0.073391
0.074392
0.072828
0.07269
0.09959
0.073611
0.073029
0.071277
0.073408
0.074468
0.099213
0.073843
0.073291
0.073276
0.073785
0.073558
0.10059
0.07375
0.072518
0.074021
0.074245
