1
145.99,208.95,176.01,208.95,176.01,307.05,145.99,307.05
146,209.01,176,209.01,176,306.99,146,306.99
146.01,209.04,175.99,209.04,175.99,306.96,146.01,306.96
145.99,208.98,176.01,208.98,176.01,307.02,145.99,307.02
145.48,208.62,175.47,208.62,175.47,306.58,145.48,306.58
145.55,208.65,175.59,208.65,175.59,306.78,145.55,306.78
145.24,208.19,175.25,208.19,175.25,306.25,145.24,306.25
145.38,208.32,175.42,208.32,175.42,306.44,145.38,306.44
145.03,208,175.09,208,175.09,306.19,145.03,306.19
145.09,208.04,175.12,208.04,175.12,306.12,145.09,306.12
145.14,208.06,175.15,208.06,175.15,306.09,145.14,306.09
145.49,208.35,175.48,208.35,175.48,306.34,145.49,306.34
145.48,208.36,175.45,208.36,175.45,306.26,145.48,306.26
145.66,208.46,175.65,208.46,175.65,306.44,145.66,306.44
145.61,208.38,175.59,208.38,175.59,306.3,145.61,306.3
145.78,208.56,175.75,208.56,175.75,306.46,145.78,306.46
145.75,208.75,175.68,208.75,175.68,306.53,145.75,306.53
145.82,208.86,175.72,208.86,175.72,306.52,145.82,306.52
145.75,208.8,175.68,208.8,175.68,306.57,145.75,306.57
145.71,208.71,175.66,208.71,175.66,306.56,145.71,306.56
145.73,208.77,175.7,208.77,175.7,306.68,145.73,306.68
145.7,208.77,175.64,208.77,175.64,306.56,145.7,306.56
145.7,208.79,175.65,208.79,175.65,306.63,145.7,306.63
145.63,208.66,175.6,208.66,175.6,306.59,145.63,306.59
145.64,208.64,175.65,208.64,175.65,306.68,145.64,306.68
145.56,208.53,175.56,208.53,175.56,306.52,145.56,306.52
145.56,208.58,175.55,208.58,175.55,306.56,145.56,306.56
145.56,208.56,175.58,208.56,175.58,306.62,145.56,306.62
145.51,208.47,175.54,208.47,175.54,306.57,145.51,306.57
145.28,208.16,175.33,208.16,175.33,306.32,145.28,306.32
145.21,208.01,175.25,208.01,175.25,306.13,145.21,306.13
145.18,208.03,175.2,208.03,175.2,306.1,145.18,306.1
145.22,208.07,175.23,208.07,175.23,306.09,145.22,306.09
145.52,208.34,175.52,208.34,175.52,306.31,145.52,306.31
145.64,208.19,175.67,208.19,175.67,306.28,145.64,306.28
145.32,207.86,175.38,207.86,175.38,306.05,145.32,306.05
145.22,207.94,175.25,207.94,175.25,306.03,145.22,306.03
145.19,207.94,175.25,207.94,175.25,306.14,145.19,306.14
145.19,207.97,175.22,207.97,175.22,306.07,145.19,306.07
145.2,207.92,175.26,207.92,175.26,306.11,145.2,306.11
145.13,207.82,175.22,207.82,175.22,306.11,145.13,306.11
145.16,207.89,175.2,207.89,175.2,306.03,145.16,306.03
145.21,207.92,175.27,207.92,175.27,306.13,145.21,306.13
145.16,207.93,175.24,207.93,175.24,306.21,145.16,306.21
145.17,207.85,175.31,207.85,175.31,306.31,145.17,306.31
145.24,207.99,175.36,207.99,175.36,306.37,145.24,306.37
145.13,207.96,175.28,207.96,175.28,306.42,145.13,306.42
145.31,208.05,175.49,208.05,175.49,306.64,145.31,306.64
145.59,208.4,175.76,208.4,175.76,306.95,145.59,306.95
145.65,208.51,175.79,208.51,175.79,306.98,145.65,306.98
145.4,208.19,175.53,208.19,175.53,306.62,145.4,306.62
145.32,207.98,175.49,207.98,175.49,306.54,145.32,306.54
145.6,208.18,175.8,208.18,175.8,306.84,145.6,306.84
145.66,208.27,175.86,208.27,175.86,306.95,145.66,306.95
145.67,208.24,175.9,208.24,175.9,307.02,145.67,307.02
145.62,208.33,175.79,208.33,175.79,306.89,145.62,306.89
145.61,208.37,175.79,208.37,175.79,306.95,145.61,306.95
145.58,208.32,175.77,208.32,175.77,306.93,145.58,306.93
145.62,208.45,175.78,208.45,175.78,306.96,145.62,306.96
145.66,208.52,175.77,208.52,175.77,306.9,145.66,306.9
145.23,208.05,175.33,208.05,175.33,306.36,145.23,306.36
145.12,207.92,175.22,207.92,175.22,306.24,145.12,306.24
145.09,207.95,175.18,207.95,175.18,306.24,145.09,306.24
145.18,207.92,175.27,207.92,175.27,306.23,145.18,306.23
145.1,207.98,175.18,207.98,175.18,306.26,145.1,306.26
145.1,208.01,175.17,208.01,175.17,306.23,145.1,306.23
145.13,207.98,175.18,207.98,175.18,306.15,145.13,306.15
145.12,207.91,175.18,207.91,175.18,306.1,145.12,306.1
145.21,207.94,175.29,207.94,175.29,306.2,145.21,306.2
145.15,207.87,175.24,207.87,175.24,306.15,145.15,306.15
145.15,207.85,175.26,207.85,175.26,306.2,145.15,306.2
145.18,207.87,175.29,207.87,175.29,306.23,145.18,306.23
145.14,207.9,175.23,207.9,175.23,306.21,145.14,306.21
145.15,207.92,175.25,207.92,175.25,306.24,145.15,306.24
145.09,207.93,175.19,207.93,175.19,306.24,145.09,306.24
145.21,208.07,175.3,208.07,175.3,306.36,145.21,306.36
145.19,207.98,175.28,207.98,175.28,306.27,145.19,306.27
145.22,208.06,175.3,208.06,175.3,306.33,145.22,306.33
145.33,208.08,175.39,208.08,175.39,306.27,145.33,306.27
145.4,208.16,175.42,208.16,175.42,306.24,145.4,306.24
145.47,208.33,175.52,208.33,175.52,306.5,145.47,306.5
145.49,208.09,175.68,208.09,175.68,306.72,145.49,306.72
146.21,208.77,176.38,208.77,176.38,307.33,146.21,307.33
146.41,209.09,176.24,209.09,176.24,306.52,146.41,306.52
146.23,208.75,175.87,208.75,175.87,305.57,146.23,305.57
146.41,209.21,175.85,209.21,175.85,305.4,146.41,305.4
146.11,209.48,175.56,209.48,175.56,305.7,146.11,305.7
145.77,209.72,175.21,209.72,175.21,305.87,145.77,305.87
145.68,210.21,175.07,210.21,175.07,306.23,145.68,306.23
145.41,210.64,174.74,210.64,174.74,306.46,145.41,306.46
145.17,210.81,174.4,210.81,174.4,306.28,145.17,306.28
145.28,211.31,174.38,211.31,174.38,306.34,145.28,306.34
145.06,210.87,174.29,210.87,174.29,306.38,145.06,306.38
145.37,210.78,174.56,210.78,174.56,306.14,145.37,306.14
145.33,211,174.55,211,174.55,306.47,145.33,306.47
145.24,210.95,174.3,210.95,174.3,305.87,145.24,305.87
144.76,209.77,173.97,209.77,173.97,305.18,144.76,305.18
144.8,209.92,174.09,209.92,174.09,305.59,144.8,305.59
144.64,209.8,173.93,209.8,173.93,305.48,144.64,305.48
144.55,209.66,173.9,209.66,173.9,305.52,144.55,305.52
144.98,209.63,174.37,209.63,174.37,305.66,144.98,305.66
145.38,209.95,174.74,209.95,174.74,305.86,145.38,305.86
145.05,209.64,174.4,209.64,174.4,305.54,145.05,305.54
145.09,209.5,174.4,209.5,174.4,305.24,145.09,305.24
144.84,208.6,174.43,208.6,174.43,305.28,144.84,305.28
144.86,208.37,174.58,208.37,174.58,305.46,144.86,305.46
145.24,208.88,174.78,208.88,174.78,305.38,145.24,305.38
144.56,208.29,174.24,208.29,174.24,305.22,144.56,305.22
144.84,208.56,174.5,208.56,174.5,305.46,144.84,305.46
145.11,208.77,174.65,208.77,174.65,305.28,145.11,305.28
144.59,208.08,174.4,208.08,174.4,305.47,144.59,305.47
144.78,208.29,174.56,208.29,174.56,305.57,144.78,305.57
145.27,209.44,174.91,209.44,174.91,306.25,145.27,306.25
145.7,210.53,175.14,210.53,175.14,306.68,145.7,306.68
146.6,211.93,175.66,211.93,175.66,306.85,146.6,306.85
146.2,210.72,175.55,210.72,175.55,306.58,146.2,306.58
146.02,210.24,175.49,210.24,175.49,306.5,146.02,306.5
145.32,210.19,174.75,210.19,174.75,306.31,145.32,306.31
145.28,210.72,174.48,210.72,174.48,306.11,145.28,306.11
145.12,210.45,174.4,210.45,174.4,306.09,145.12,306.09
144.59,209.86,173.97,209.86,173.97,305.83,144.59,305.83
144.66,210.33,173.93,210.33,173.93,305.96,144.66,305.96
144.52,209.89,173.84,209.89,173.84,305.67,144.52,305.67
144.32,209.88,173.76,209.88,173.76,306.05,144.32,306.05
145.15,210.5,174.53,210.5,174.53,306.47,145.15,306.47
144.88,210.23,174.29,210.23,174.29,306.31,144.88,306.31
145.19,210.5,174.57,210.5,174.57,306.47,145.19,306.47
145.03,210.09,174.37,210.09,174.37,305.93,145.03,305.93
144.8,209.74,174.29,209.74,174.29,306.06,144.8,306.06
144.99,210.23,174.43,210.23,174.43,306.38,144.99,306.38
145.1,210.38,174.56,210.38,174.56,306.62,145.1,306.62
145.08,210.48,174.49,210.48,174.49,306.55,145.08,306.55
145.25,210.63,174.65,210.63,174.65,306.67,145.25,306.67
145.34,210.36,174.72,210.36,174.72,306.35,145.34,306.35
144.94,209.74,174.45,209.74,174.45,306.14,144.94,306.14
145.15,210.13,174.61,210.13,174.61,306.39,145.15,306.39
145.19,210.31,174.6,210.31,174.6,306.39,145.19,306.39
145.27,210.43,174.67,210.43,174.67,306.48,145.27,306.48
145.32,210.41,174.71,210.41,174.71,306.42,145.32,306.42
145.37,210.31,174.74,210.31,174.74,306.27,145.37,306.27
145.09,209.72,174.62,209.72,174.62,306.19,145.09,306.19
144.87,209.31,174.55,209.31,174.55,306.25,144.87,306.25
145.37,210.13,174.98,210.13,174.98,306.87,145.37,306.87
144.94,209.88,174.45,209.88,174.45,306.26,144.94,306.26
145.08,210.22,174.55,210.22,174.55,306.49,145.08,306.49
145.05,210.34,174.41,210.34,174.41,306.24,145.05,306.24
144.87,210.24,174.2,210.24,174.2,306.06,144.87,306.06
144.85,210.55,174.15,210.55,174.15,306.25,144.85,306.25
144.64,210.55,173.9,210.55,173.9,306.15,144.64,306.15
144.54,210.6,173.83,210.6,173.83,306.28,144.54,306.28
144.7,210.27,174.02,210.27,174.02,306.04,144.7,306.04
144.82,210.36,174.06,210.36,174.06,305.86,144.82,305.86
145.08,210.68,174.33,210.68,174.33,306.24,145.08,306.24
145.14,210.6,174.42,210.6,174.42,306.24,145.14,306.24
144.78,209.87,174.23,209.87,174.23,306.05,144.78,306.05
145.36,210.6,174.71,210.6,174.71,306.46,145.36,306.46
144.98,210.4,174.33,210.4,174.33,306.28,144.98,306.28
144.98,210.26,174.33,210.26,174.33,306.15,144.98,306.15
144.81,210.48,174.17,210.48,174.17,306.4,144.81,306.4
144.63,210.44,174.01,210.44,174.01,306.41,144.63,306.41
144.64,210.3,174.07,210.3,174.07,306.42,144.64,306.42
144.99,210.43,174.51,210.43,174.51,306.84,144.99,306.84
144.58,210.11,174.02,210.11,174.02,306.31,144.58,306.31
145.04,210.57,174.45,210.57,174.45,306.66,145.04,306.66
144.96,210.85,174.34,210.85,174.34,306.81,144.96,306.81
144.63,210.74,174,210.74,174,306.68,144.63,306.68
144.5,210.61,173.87,210.61,173.87,306.54,144.5,306.54
144.3,210.44,173.69,210.44,173.69,306.45,144.3,306.45
144.84,210.75,174.19,210.75,174.19,306.62,144.84,306.62
144.64,210.41,174.06,210.41,174.06,306.51,144.64,306.51
144.77,210.63,174.2,210.63,174.2,306.77,144.77,306.77
144.78,210.87,174.21,210.87,174.21,307,144.78,307
144.7,210.92,174.12,210.92,174.12,307.03,144.7,307.03
144.43,210.46,174.18,210.46,174.18,307.63,144.43,307.63
144.28,210.3,174.08,210.3,174.08,307.67,144.28,307.67
143.97,210.09,173.7,210.09,173.7,307.21,143.97,307.21
144.36,210.35,174.06,210.35,174.06,307.37,144.36,307.37
144.55,210.56,174.2,210.56,174.2,307.42,144.55,307.42
144.56,210.43,174.26,210.43,174.26,307.46,144.56,307.46
144.55,210.52,174.2,210.52,174.2,307.37,144.55,307.37
144.54,210.48,174.2,210.48,174.2,307.38,144.54,307.38
144.53,210.43,174.15,210.43,174.15,307.18,144.53,307.18
144.23,210.13,173.81,210.13,173.81,306.75,144.23,306.75
144.09,210.03,173.62,210.03,173.62,306.49,144.09,306.49
144.11,210,173.64,210,173.64,306.45,144.11,306.45
144.09,209.95,173.62,209.95,173.62,306.42,144.09,306.42
144.13,210.04,173.64,210.04,173.64,306.46,144.13,306.46
144.22,209.88,173.75,209.88,173.75,306.38,144.22,306.38
144.11,210.04,173.64,210.04,173.64,306.48,144.11,306.48
144.22,210.14,173.74,210.14,173.74,306.59,144.22,306.59
144.16,209.99,173.66,209.99,173.66,306.36,144.16,306.36
144.45,210.33,173.94,210.33,173.94,306.67,144.45,306.67
144.33,210.5,173.85,210.5,173.85,306.93,144.33,306.93
143.95,210.29,173.47,210.29,173.47,306.7,143.95,306.7
144.27,210.44,173.74,210.44,173.74,306.69,144.27,306.69
144.34,210.68,173.74,210.68,173.74,306.72,144.34,306.72
144.45,210.71,173.85,210.71,173.85,306.77,144.45,306.77
144.41,210.67,173.82,210.67,173.82,306.74,144.41,306.74
144.38,210.54,173.87,210.54,173.87,306.87,144.38,306.87
144.24,210.22,173.83,210.22,173.83,306.87,144.24,306.87
143.97,209.05,173.9,209.05,173.9,306.83,143.97,306.83
144.67,209.61,174.42,209.61,174.42,306.81,144.67,306.81
144.63,209.47,174.36,209.47,174.36,306.61,144.63,306.61
144.67,209.47,174.42,209.47,174.42,306.65,144.67,306.65
144.92,209.75,174.64,209.75,174.64,306.82,144.92,306.82
145.39,210.32,175.06,210.32,175.06,307.26,145.39,307.26
145.25,210.4,174.96,210.4,174.96,307.47,145.25,307.47
145.4,210.29,175.14,210.29,175.14,307.44,145.4,307.44
144.95,210,174.73,210,174.73,307.28,144.95,307.28
144.73,209.66,174.48,209.66,174.48,306.84,144.73,306.84
144.95,210,174.73,210,174.73,307.29,144.95,307.29
144.74,209.65,174.49,209.65,174.49,306.84,144.74,306.84
144.78,209.93,174.56,209.93,174.56,307.22,144.78,307.22
144.64,209.72,174.37,209.72,174.37,306.84,144.64,306.84
144.83,209.65,174.59,209.65,174.59,306.88,144.83,306.88
145.02,209.91,174.72,209.91,174.72,306.93,145.02,306.93
145.05,210.02,174.77,210.02,174.77,307.09,145.05,307.09
145.19,210.28,174.89,210.28,174.89,307.3,145.19,307.3
145.08,210.07,174.79,210.07,174.79,307.15,145.08,307.15
145.15,210.08,174.88,210.08,174.88,307.18,145.15,307.18
145.11,209.94,174.9,209.94,174.9,307.24,145.11,307.24
144.6,209.34,174.41,209.34,174.41,306.72,144.6,306.72
144.45,208.92,174.43,208.92,174.43,306.86,144.45,306.86
144.98,209.55,174.85,209.55,174.85,307.12,144.98,307.12
144.77,209.5,174.53,209.5,174.53,306.73,144.77,306.73
144.98,209.74,174.72,209.74,174.72,306.88,144.98,306.88
145.02,209.62,174.8,209.62,174.8,306.91,145.02,306.91
144.84,209.56,174.53,209.56,174.53,306.54,144.84,306.54
145.33,210.06,174.91,210.06,174.91,306.68,145.33,306.68
144.8,209.56,174.49,209.56,174.49,306.55,144.8,306.55
145.18,210.08,174.87,210.08,174.87,307.07,145.18,307.07
145.06,210.36,174.77,210.36,174.77,307.4,145.06,307.4
145.05,210.41,174.76,210.41,174.76,307.46,145.05,307.46
145.03,210.11,174.77,210.11,174.77,307.26,145.03,307.26
144.96,210.06,174.72,210.06,174.72,307.26,144.96,307.26
144.96,210.18,174.72,210.18,174.72,307.39,144.96,307.39
144.93,210.11,174.63,210.11,174.63,307.13,144.93,307.13
145.11,210.24,174.8,210.24,174.8,307.21,145.11,307.21
145.09,210.23,174.81,210.23,174.81,307.32,145.09,307.32
145.07,210.16,174.82,210.16,174.82,307.36,145.07,307.36
144.9,210.12,174.68,210.12,174.68,307.41,144.9,307.41
144.66,209.66,174.46,209.66,174.46,307,144.66,307
144.57,209.53,174.35,209.53,174.35,306.8,144.57,306.8
144.46,209.58,174.15,209.58,174.15,306.56,144.46,306.56
144.77,209.9,174.56,209.9,174.56,307.2,144.77,307.2
144.32,209.89,174.05,209.89,174.05,307.02,144.32,307.02
144.59,209.83,174.4,209.83,174.4,307.21,144.59,307.21
144.15,209.74,174.01,209.74,174.01,307.27,144.15,307.27
144.13,209.61,174.01,209.61,174.01,307.2,144.13,307.2
144.15,209.46,174.04,209.46,174.04,307.09,144.15,307.09
144.13,209.42,174.01,209.42,174.01,307.04,144.13,307.04
144.17,209.53,174.07,209.53,174.07,307.21,144.17,307.21
144.64,209.84,174.56,209.84,174.56,307.57,144.64,307.57
144.66,209.92,174.55,209.92,174.55,307.56,144.66,307.56
144.42,209.79,174.22,209.79,174.22,307.15,144.42,307.15
144.49,209.48,174.21,209.48,174.21,306.58,144.49,306.58
145.26,210.03,174.88,210.03,174.88,306.78,145.26,306.78
145.19,209.9,174.84,209.9,174.84,306.78,145.19,306.78
145.61,210.28,175.22,210.28,175.22,306.99,145.61,306.99
145.34,209.94,174.95,209.94,174.95,306.66,145.34,306.66
145.38,209.81,174.96,209.81,174.96,306.43,145.38,306.43
145.1,209.58,174.83,209.58,174.83,306.69,145.1,306.69
145.41,210.05,175.07,210.05,175.07,306.97,145.41,306.97
145.53,210.46,175.17,210.46,175.17,307.28,145.53,307.28
145.2,209.99,174.92,209.99,174.92,307.06,145.2,307.06
145.32,210.28,174.92,210.28,174.92,306.99,145.32,306.99
144.91,209.89,174.53,209.89,174.53,306.65,144.91,306.65
144.92,209.72,174.65,209.72,174.65,306.82,144.92,306.82
145.02,209.69,174.84,209.69,174.84,307.1,145.02,307.1
144.73,209.43,174.54,209.43,174.54,306.81,144.73,306.81
144.75,209.52,174.52,209.52,174.52,306.76,144.75,306.76
145.03,209.72,174.77,209.72,174.77,306.86,145.03,306.86
144.98,209.61,174.78,209.61,174.78,306.97,144.98,306.97
144.67,209.28,174.49,209.28,174.49,306.7,144.67,306.7
144.6,209.29,174.45,209.29,174.45,306.8,144.6,306.8
144.37,208.99,174.42,208.99,174.42,307.14,144.37,307.14
144.1,208.72,174.24,208.72,174.24,307.18,144.1,307.18
144.11,208.71,174.32,208.71,174.32,307.41,144.11,307.41
144.17,209.06,174.46,209.06,174.46,307.99,144.17,307.99
143.72,208.91,173.93,208.91,173.93,307.56,143.72,307.56
144.02,209.3,174.28,209.3,174.28,308.14,144.02,308.14
144.09,209.45,174.22,209.45,174.22,307.88,144.09,307.88
143.73,209.02,173.86,209.02,173.86,307.44,143.73,307.44
143.73,208.96,173.9,208.96,173.9,307.52,143.73,307.52
144.15,209.32,174.3,209.32,174.3,307.8,144.15,307.8
143.9,209.19,174.06,209.19,174.06,307.71,143.9,307.71
144.29,209.47,174.4,209.47,174.4,307.83,144.29,307.83
143.95,209,174.11,209,174.11,307.53,143.95,307.53
144.39,209.27,174.53,209.27,174.53,307.74,144.39,307.74
144.08,209.15,174.18,209.15,174.18,307.47,144.08,307.47
143.91,208.86,174.07,208.86,174.07,307.38,143.91,307.38
144.42,209.27,174.59,209.27,174.59,307.83,144.42,307.83
144.39,209.37,174.61,209.37,174.61,308.09,144.39,308.09
144.41,209.31,174.67,209.31,174.67,308.15,144.41,308.15
144.31,209.13,174.49,209.13,174.49,307.72,144.31,307.72
144.41,209.3,174.53,209.3,174.53,307.72,144.41,307.72
144.18,209.12,174.33,209.12,174.33,307.6,144.18,307.6
144.05,209.14,174.23,209.14,174.23,307.75,144.05,307.75
144.39,209.48,174.62,209.48,174.62,308.21,144.39,308.21
144.44,209.39,174.63,209.39,174.63,308.01,144.44,308.01
144.47,209.32,174.67,209.32,174.67,307.97,144.47,307.97
144.53,209.29,174.68,209.29,174.68,307.77,144.53,307.77
144.12,209.15,174.25,209.15,174.25,307.58,144.12,307.58
144.11,209.06,174.27,209.06,174.27,307.6,144.11,307.6
144.39,209.3,174.59,209.3,174.59,307.96,144.39,307.96
144.39,209.31,174.59,209.31,174.59,307.96,144.39,307.96
144.34,209.28,174.53,209.28,174.53,307.91,144.34,307.91
144.29,209.16,174.49,209.16,174.49,307.81,144.29,307.81
144.38,209.19,174.59,209.19,174.59,307.89,144.38,307.89
144.27,209.24,174.54,209.24,174.54,308.14,144.27,308.14
144.13,209.12,174.42,209.12,174.42,308.07,144.13,308.07
143.75,208.84,173.98,208.84,173.98,307.62,143.75,307.62
144.21,209.11,174.41,209.11,174.41,307.76,144.21,307.76
144.27,209.15,174.51,209.15,174.51,307.94,144.27,307.94
144.26,209.35,174.53,209.35,174.53,308.23,144.26,308.23
144.24,209.34,174.5,209.34,174.5,308.17,144.24,308.17
144.25,209.48,174.42,209.48,174.42,308.04,144.25,308.04
144.22,209.56,174.32,209.56,174.32,307.89,144.22,307.89
143.82,209.32,173.91,209.32,173.91,307.61,143.82,307.61
143.86,209.16,173.96,209.16,173.96,307.48,143.86,307.48
143.78,209.26,173.9,209.26,173.9,307.66,143.78,307.66
143.86,209.17,173.97,209.17,173.97,307.52,143.86,307.52
143.69,209.07,173.8,209.07,173.8,307.43,143.69,307.43
143.78,208.9,173.99,208.9,173.99,307.59,143.78,307.59
144.37,209.49,174.58,209.49,174.58,308.16,144.37,308.16
144.62,210.29,174.53,210.29,174.53,307.99,144.62,307.99
144.81,210.66,174.54,210.66,174.54,307.77,144.81,307.77
144.78,210.75,174.4,210.75,174.4,307.5,144.78,307.5
144.37,210.1,174.25,210.1,174.25,307.69,144.37,307.69
144.19,210.07,174.11,210.07,174.11,307.8,144.19,307.8
144.54,210.73,174.22,210.73,174.22,307.7,144.54,307.7
144.71,210.84,174.35,210.84,174.35,307.65,144.71,307.65
144.52,210.79,174.07,210.79,174.07,307.32,144.52,307.32
144.01,209.8,173.92,209.8,173.92,307.5,144.01,307.5
144.7,210.68,174.29,210.68,174.29,307.36,144.7,307.36
144.39,210.13,174.16,210.13,174.16,307.38,144.39,307.38
144.16,209.89,174,209.89,174,307.36,144.16,307.36
144.07,209.82,173.98,209.82,173.98,307.5,144.07,307.5
144.55,210.35,174.35,210.35,174.35,307.7,144.55,307.7
143.95,209.69,173.86,209.69,173.86,307.42,143.95,307.42
144.47,210,174.42,210,174.42,307.85,144.47,307.85
144.32,209.91,174.34,209.91,174.34,307.97,144.32,307.97
144.04,209.79,174.08,209.79,174.08,307.94,144.04,307.94
143.59,209.36,173.74,209.36,173.74,307.84,143.59,307.84
143.7,209.62,173.83,209.62,173.83,308.03,143.7,308.03
143.74,209.5,173.88,209.5,173.88,307.95,143.74,307.95
143.82,209.45,173.91,209.45,173.91,307.75,143.82,307.75
143.84,209.26,173.93,209.26,173.93,307.56,143.84,307.56
143.92,209.16,174.04,209.16,174.04,307.57,143.92,307.57
144.27,209.32,174.41,209.32,174.41,307.78,144.27,307.78
144.38,209.36,174.54,209.36,174.54,307.89,144.38,307.89
144.82,209.44,174.95,209.44,174.95,307.87,144.82,307.87
144.64,209.19,174.75,209.19,174.75,307.53,144.64,307.53
144.32,208.42,174.67,208.42,174.67,307.57,144.32,307.57
144.25,208.31,174.65,208.31,174.65,307.6,144.25,307.6
144.48,208.92,174.66,208.92,174.66,307.52,144.48,307.52
144.82,209.28,175.02,209.28,175.02,307.95,144.82,307.95
144.79,209.31,175,209.31,175,308.01,144.79,308.01
144.76,209.26,174.92,209.26,174.92,307.81,144.76,307.81
144.64,209.26,174.84,209.26,174.84,307.91,144.64,307.91
144.49,209.41,174.72,209.41,174.72,308.17,144.49,308.17
144.53,209.46,174.73,209.46,174.73,308.12,144.53,308.12
144.38,209.37,174.61,209.37,174.61,308.11,144.38,308.11
144.25,209.47,174.42,209.47,174.42,308.01,144.25,308.01
144.23,209.45,174.34,209.45,174.34,307.81,144.23,307.81
143.85,209.05,173.99,209.05,173.99,307.5,143.85,307.5
144.02,209.18,174.15,209.18,174.15,307.61,144.02,307.61
144.05,209.18,174.19,209.18,174.19,307.64,144.05,307.64
144.07,209.2,174.12,209.2,174.12,307.39,144.07,307.39
144,209.2,173.93,209.2,173.93,306.96,144,306.96
144.44,209.67,174.34,209.67,174.34,307.33,144.44,307.33
144.52,210.08,174.36,210.08,174.36,307.58,144.52,307.58
144.07,209.74,173.93,209.74,173.93,307.27,144.07,307.27
144.19,209.9,173.99,209.9,173.99,307.24,144.19,307.24
144.23,209.58,174.09,209.58,174.09,307.1,144.23,307.1
144.26,209.26,173.95,209.26,173.95,306.28,144.26,306.28
145.07,209.53,174.59,209.53,174.59,305.97,145.07,305.97
145.17,209.27,174.66,209.27,174.66,305.62,145.17,305.62
145.67,208.83,174.85,208.83,174.85,304.17,145.67,304.17
145.77,208.54,174.45,208.54,174.45,302.25,145.77,302.25
145.67,210.09,174.05,210.09,174.05,302.8,145.67,302.8
145.67,209.92,174.08,209.92,174.08,302.73,145.67,302.73
145.27,210.02,173.79,210.02,173.79,303.19,145.27,303.19
144.65,209.75,173.6,209.75,173.6,304.31,144.65,304.31
144.95,210.89,173.83,210.89,173.83,305.22,144.95,305.22
145.27,211.61,174.06,211.61,174.06,305.64,145.27,305.64
144.71,211.1,173.33,211.1,173.33,304.57,144.71,304.57
144.78,211.34,173.06,211.34,173.06,303.71,144.78,303.71
144.81,211.62,173.05,211.62,173.05,303.85,144.81,303.85
144.92,211.28,173.48,211.28,173.48,304.6,144.92,304.6
144.52,211.17,173.63,211.17,173.63,306.26,144.52,306.26
144.26,210.42,173.83,210.42,173.83,307.03,144.26,307.03
144,209.86,173.76,209.86,173.76,307.08,144,307.08
144.37,209.6,174.13,209.6,174.13,306.83,144.37,306.83
144.44,209.73,174.23,209.73,174.23,307.06,144.44,307.06
144.02,209.44,173.9,209.44,173.9,307.06,144.02,307.06
144.22,209.69,174.14,209.69,174.14,307.43,144.22,307.43
144.5,209.93,174.42,209.93,174.42,307.65,144.5,307.65
144.47,210.02,174.34,210.02,174.34,307.6,144.47,307.6
144.19,209.7,174.05,209.7,174.05,307.26,144.19,307.26
144.29,209.53,174.12,209.53,174.12,306.98,144.29,306.98
144.13,209.51,173.93,209.51,173.93,306.86,144.13,306.86
144.2,209.58,173.99,209.58,173.99,306.88,144.2,306.88
144.2,209.64,174,209.64,174,306.98,144.2,306.98
144.19,209.56,173.99,209.56,173.99,306.91,144.19,306.91
144.14,209.52,173.93,209.52,173.93,306.8,144.14,306.8
144.18,209.56,173.92,209.56,173.92,306.72,144.18,306.72
144.48,209.81,174.27,209.81,174.27,307.14,144.48,307.14
144.22,209.61,173.99,209.61,173.99,306.85,144.22,306.85
144.26,209.59,174.02,209.59,174.02,306.82,144.26,306.82
144.5,209.78,174.3,209.78,174.3,307.12,144.5,307.12
144.19,209.53,173.98,209.53,173.98,306.83,144.19,306.83
144.17,209.58,173.94,209.58,173.94,306.8,144.17,306.8
144.52,209.95,174.27,209.95,174.27,307.15,144.52,307.15
144.51,210.04,174.3,210.04,174.3,307.35,144.51,307.35
144.22,209.89,174,209.89,174,307.15,144.22,307.15
144.25,209.81,173.99,209.81,173.99,306.98,144.25,306.98
144.52,209.72,174.33,209.72,174.33,307.09,144.52,307.09
144.27,209.56,174.09,209.56,174.09,306.96,144.27,306.96
144.23,209.57,174.07,209.57,174.07,307.02,144.23,307.02
144.28,209.59,174.1,209.59,174.1,307.01,144.28,307.01
144.27,209.47,174.11,209.47,174.11,306.95,144.27,306.95
144.24,209.37,174.08,209.37,174.08,306.84,144.24,306.84
144.3,209.42,174.12,209.42,174.12,306.84,144.3,306.84
144.24,209.46,174.07,209.46,174.07,306.91,144.24,306.91
144.24,209.56,174.07,209.56,174.07,306.99,144.24,306.99
144.28,209.47,174.11,209.47,174.11,306.92,144.28,306.92
144.25,209.42,174.11,209.42,174.11,306.93,144.25,306.93
144.21,209.39,174.07,209.39,174.07,306.93,144.21,306.93
144.41,209.66,174.25,209.66,174.25,307.16,144.41,307.16
144.18,209.36,174.1,209.36,174.1,307.07,144.18,307.07
144.69,209.89,174.58,209.89,174.58,307.54,144.69,307.54
144.47,209.75,174.38,209.75,174.38,307.46,144.47,307.46
144.71,209.96,174.61,209.96,174.61,307.66,144.71,307.66
144.77,209.84,174.68,209.84,174.68,307.57,144.77,307.57
144.77,209.9,174.68,209.9,174.68,307.61,144.77,307.61
144.79,210,174.7,210,174.7,307.71,144.79,307.71
144.75,210,174.69,210,174.69,307.78,144.75,307.78
144.74,209.94,174.63,209.94,174.63,307.59,144.74,307.59
144.53,209.91,174.38,209.91,174.38,307.43,144.53,307.43
144.36,209.84,174.21,209.84,174.21,307.35,144.36,307.35
144.37,209.83,174.25,209.83,174.25,307.43,144.37,307.43
144.57,210.02,174.45,210.02,174.45,307.62,144.57,307.62
144.67,209.91,174.54,209.91,174.54,307.51,144.67,307.51
144.73,209.99,174.62,209.99,174.62,307.61,144.73,307.61
144.68,210.08,174.57,210.08,174.57,307.69,144.68,307.69
144.62,209.97,174.51,209.97,174.51,307.63,144.62,307.63
144.91,210.13,174.82,210.13,174.82,307.81,144.91,307.81
145.13,210.8,174.64,210.8,174.64,307.22,145.13,307.22
144.64,210.25,174.32,210.25,174.32,307.21,144.64,307.21
145.1,210.8,174.71,210.8,174.71,307.54,145.1,307.54
144.78,210.35,174.47,210.35,174.47,307.34,144.78,307.34
145.01,210.36,174.78,210.36,174.78,307.62,145.01,307.62
144.53,209.79,174.33,209.79,174.33,307.13,144.53,307.13
144.44,209.78,174.24,209.78,174.24,307.13,144.44,307.13
144.42,209.9,174.18,209.9,174.18,307.13,144.42,307.13
144.87,210.78,174.43,210.78,174.43,307.32,144.87,307.32
144.61,210.19,174.31,210.19,174.31,307.19,144.61,307.19
144.98,210.75,174.57,210.75,174.57,307.41,144.98,307.41
144.54,210.21,174.21,210.21,174.21,307.14,144.54,307.14
145.01,210.79,174.57,210.79,174.57,307.34,145.01,307.34
144.61,210.24,174.3,210.24,174.3,307.23,144.61,307.23
145.03,210.8,174.65,210.8,174.65,307.56,145.03,307.56
144.77,210.43,174.41,210.43,174.41,307.26,144.77,307.26
145.14,210.85,174.67,210.85,174.67,307.29,145.14,307.29
144.67,210.34,174.25,210.34,174.25,306.99,144.67,306.99
144.55,210.44,174.14,210.44,174.14,307.13,144.55,307.13
144.66,210.55,174.29,210.55,174.29,307.36,144.66,307.36
144.65,210.58,174.27,210.58,174.27,307.34,144.65,307.34
144.66,210.46,174.32,210.46,174.32,307.34,144.66,307.34
145.07,210.93,174.55,210.93,174.55,307.21,145.07,307.21
145,210.67,174.55,210.67,174.55,307.2,145,307.2
144.66,210.19,174.35,210.19,174.35,307.19,144.66,307.19
145.11,210.83,174.72,210.83,174.72,307.58,145.11,307.58
144.9,210.6,174.48,210.6,174.48,307.22,144.9,307.22
144.64,210.36,174.27,210.36,174.27,307.17,144.64,307.17
144.73,210.44,174.36,210.44,174.36,307.26,144.73,307.26
144.79,210.42,174.45,210.42,174.45,307.31,144.79,307.31
145.15,210.97,174.64,210.97,174.64,307.31,145.15,307.31
145.1,210.89,174.56,210.89,174.56,307.15,145.1,307.15
145.12,211.11,174.48,211.11,174.48,307.02,145.12,307.02
144.93,210.69,174.38,210.69,174.38,306.91,144.93,306.91
145.26,211.15,174.59,211.15,174.59,306.96,145.26,306.96
144.96,210.84,174.34,210.84,174.34,306.84,144.96,306.84
145.25,211.26,174.61,211.26,174.61,307.16,145.25,307.16
144.87,210.77,174.37,210.77,174.37,307.13,144.87,307.13
145.03,210.7,174.58,210.7,174.58,307.23,145.03,307.23
144.7,210.32,174.27,210.32,174.27,306.91,144.7,306.91
144.61,210.42,174.22,210.42,174.22,307.14,144.61,307.14
144.8,210.46,174.46,210.46,174.46,307.32,144.8,307.32
145.33,211.14,174.73,211.14,174.73,307.19,145.33,307.19
145.4,211.35,174.67,211.35,174.67,306.96,145.4,306.96
144.91,210.72,174.29,210.72,174.29,306.66,144.91,306.66
145.01,210.66,174.46,210.66,174.46,306.86,145.01,306.86
145.28,210.77,174.8,210.77,174.8,307.19,145.28,307.19
144.82,210.39,174.37,210.39,174.37,306.9,144.82,306.9
144.88,210.36,174.47,210.36,174.47,307.02,144.88,307.02
144.84,210.34,174.44,210.34,174.44,307.04,144.84,307.04
144.97,210.37,174.6,210.37,174.6,307.16,144.97,307.16
144.93,210.38,174.54,210.38,174.54,307.1,144.93,307.1
145,210.33,174.63,210.33,174.63,307.14,145,307.14
145.02,210.41,174.7,210.41,174.7,307.38,145.02,307.38
145.42,211.1,174.85,211.1,174.85,307.24,145.42,307.24
145.45,211.22,174.71,211.22,174.71,306.79,145.45,306.79
145.22,210.85,174.6,210.85,174.6,306.8,145.22,306.8
145.02,210.63,174.49,210.63,174.49,306.91,145.02,306.91
145.16,210.58,174.72,210.58,174.72,307.15,145.16,307.15
144.8,210.26,174.43,210.26,174.43,307.04,144.8,307.04
144.92,210.35,174.53,210.35,174.53,307.05,144.92,307.05
144.91,210.25,174.53,210.25,174.53,307.01,144.91,307.01
144.88,210.25,174.52,210.25,174.52,307.07,144.88,307.07
144.9,210.31,174.56,210.31,174.56,307.21,144.9,307.21
145.36,210.96,174.78,210.96,174.78,307.07,145.36,307.07
145.44,211.33,174.67,211.33,174.67,306.78,145.44,306.78
145.24,210.94,174.56,210.94,174.56,306.72,145.24,306.72
144.94,210.62,174.34,210.62,174.34,306.66,144.94,306.66
145.28,210.74,174.79,210.74,174.79,307.13,145.28,307.13
145.15,210.62,174.71,210.62,174.71,307.18,145.15,307.18
144.84,210.22,174.47,210.22,174.47,306.99,144.84,306.99
144.97,210.42,174.6,210.42,174.6,307.18,144.97,307.18
144.89,210.42,174.5,210.42,174.5,307.13,144.89,307.13
144.95,210.22,174.57,210.22,174.57,306.99,144.95,306.99
144.91,210.31,174.56,210.31,174.56,307.15,144.91,307.15
145.28,210.69,174.85,210.69,174.85,307.31,145.28,307.31
144.77,210.26,174.45,210.26,174.45,307.2,144.77,307.2
145.39,211.09,174.76,211.09,174.76,307.04,145.39,307.04
144.98,210.72,174.42,210.72,174.42,306.87,144.98,306.87
145.3,211.22,174.6,211.22,174.6,306.92,145.3,306.92
144.89,210.71,174.3,210.71,174.3,306.78,144.89,306.78
145.29,211.07,174.68,211.07,174.68,307.08,145.29,307.08
145.41,211.4,174.61,211.4,174.61,306.79,145.41,306.79
145.21,211.04,174.5,211.04,174.5,306.73,145.21,306.73
144.89,210.72,174.24,210.72,174.24,306.6,144.89,306.6
144.93,210.62,174.39,210.62,174.39,306.87,144.93,306.87
145.04,210.66,174.62,210.66,174.62,307.28,145.04,307.28
144.76,210.29,174.39,210.29,174.39,307.09,144.76,307.09
144.81,210.35,174.48,210.35,174.48,307.27,144.81,307.27
145.11,210.52,174.78,210.52,174.78,307.44,145.11,307.44
145.13,210.52,174.79,210.52,174.79,307.41,145.13,307.41
145.21,210.93,174.67,210.93,174.67,307.19,145.21,307.19
145.08,210.73,174.62,210.73,174.62,307.22,145.08,307.22
144.74,210.34,174.33,210.34,174.33,306.98,144.74,306.98
144.71,210.26,174.35,210.26,174.35,307.09,144.71,307.09
145.31,211.05,174.67,211.05,174.67,306.97,145.31,306.97
144.91,210.74,174.35,210.74,174.35,306.91,144.91,306.91
145.3,211.18,174.58,211.18,174.58,306.85,145.3,306.85
144.85,210.77,174.24,210.77,174.24,306.75,144.85,306.75
144.94,210.67,174.47,210.67,174.47,307.1,144.94,307.1
144.73,210.33,174.34,210.33,174.34,307.06,144.73,307.06
144.83,210.38,174.45,210.38,174.45,307.16,144.83,307.16
144.85,210.42,174.46,210.42,174.46,307.16,144.85,307.16
144.89,210.43,174.49,210.43,174.49,307.1,144.89,307.1
144.82,210.4,174.47,210.4,174.47,307.23,144.82,307.23
145.2,210.94,174.68,210.94,174.68,307.25,145.2,307.25
145.08,210.54,174.65,210.54,174.65,307.14,145.08,307.14
144.71,210.18,174.41,210.18,174.41,307.22,144.71,307.22
145.28,210.99,174.72,210.99,174.72,307.17,145.28,307.17
145.39,211.29,174.64,211.29,174.64,306.82,145.39,306.82
145.13,210.92,174.51,210.92,174.51,306.89,145.13,306.89
144.9,210.66,174.34,210.66,174.34,306.84,144.9,306.84
145.3,211.14,174.65,211.14,174.65,307,145.3,307
144.94,210.81,174.4,210.81,174.4,307.04,144.94,307.04
145.33,211.18,174.65,211.18,174.65,306.97,145.33,306.97
144.78,210.52,174.22,210.52,174.22,306.68,144.78,306.68
145.29,211.35,174.52,211.35,174.52,306.81,145.29,306.81
145.16,211.03,174.47,211.03,174.47,306.77,145.16,306.77
144.82,210.77,174.24,210.77,174.24,306.88,144.82,306.88
145.24,211.03,174.69,211.03,174.69,307.22,145.24,307.22
145.21,211.11,174.59,211.11,174.59,307.08,145.21,307.08
144.87,210.61,174.37,210.61,174.37,306.95,144.87,306.95
144.97,210.52,174.53,210.52,174.53,307.08,144.97,307.08
144.69,210.25,174.31,210.25,174.31,307,144.69,307
144.77,210.36,174.41,210.36,174.41,307.18,144.77,307.18
144.84,210.5,174.49,210.5,174.49,307.36,144.84,307.36
145.22,210.88,174.7,210.88,174.7,307.19,145.22,307.19
145.06,210.69,174.6,210.69,174.6,307.19,145.06,307.19
144.73,210.35,174.31,210.35,174.31,306.98,144.73,306.98
144.76,210.26,174.42,210.26,174.42,307.15,144.76,307.15
145.2,210.85,174.73,210.85,174.73,307.32,145.2,307.32
144.76,210.43,174.34,210.43,174.34,307.04,144.76,307.04
144.75,210.27,174.37,210.27,174.37,307.01,144.75,307.01
144.89,210.4,174.52,210.4,174.52,307.18,144.89,307.18
144.91,210.41,174.54,210.41,174.54,307.21,144.91,307.21
144.92,210.47,174.56,210.47,174.56,307.28,144.92,307.28
144.86,210.36,174.55,210.36,174.55,307.32,144.86,307.32
145.34,211.12,174.69,211.12,174.69,307,145.34,307
144.93,210.76,174.38,210.76,174.38,306.96,144.93,306.96
145.24,210.77,174.76,210.77,174.76,307.21,145.24,307.21
144.78,210.3,174.38,210.3,174.38,307,144.78,307
144.96,210.47,174.53,210.47,174.53,307.07,144.96,307.07
144.79,210.24,174.47,210.24,174.47,307.17,144.79,307.17
145.35,211.11,174.7,211.11,174.7,307,145.35,307
144.99,210.64,174.47,210.64,174.47,306.92,144.99,306.92
145.09,210.63,174.65,210.63,174.65,307.19,145.09,307.19
144.76,210.25,174.36,210.25,174.36,306.96,144.76,306.96
144.9,210.43,174.52,210.43,174.52,307.17,144.9,307.17
144.89,210.53,174.5,210.53,174.5,307.23,144.89,307.23
144.92,210.49,174.5,210.49,174.5,307.12,144.92,307.12
144.77,210.36,174.39,210.36,174.39,307.11,144.77,307.11
144.93,210.46,174.54,210.46,174.54,307.18,144.93,307.18
144.9,210.47,174.52,210.47,174.52,307.23,144.9,307.23
144.99,210.46,174.62,210.46,174.62,307.26,144.99,307.26
144.93,210.53,174.53,210.53,174.53,307.23,144.93,307.23
145,210.56,174.6,210.56,174.6,307.27,145,307.27
144.96,210.48,174.57,210.48,174.57,307.2,144.96,307.2
144.99,210.39,174.59,210.39,174.59,307.08,144.99,307.08
145.02,210.45,174.6,210.45,174.6,307.05,145.02,307.05
144.84,210.31,174.45,210.31,174.45,307.04,144.84,307.04
145,210.49,174.61,210.49,174.61,307.22,145,307.22
144.97,210.5,174.61,210.5,174.61,307.32,144.97,307.32
144.98,210.48,174.6,210.48,174.6,307.24,144.98,307.24
144.96,210.45,174.6,210.45,174.6,307.27,144.96,307.27
144.98,210.46,174.59,210.46,174.59,307.22,144.98,307.22
144.96,210.38,174.58,210.38,174.58,307.14,144.96,307.14
144.9,210.47,174.51,210.47,174.51,307.2,144.9,307.2
144.88,210.4,174.51,210.4,174.51,307.19,144.88,307.19
144.87,210.43,174.52,210.43,174.52,307.27,144.87,307.27
145.38,211.2,174.7,211.2,174.7,307,145.38,307
144.97,210.7,174.45,210.7,174.45,306.99,144.97,306.99
145.13,210.63,174.68,210.63,174.68,307.17,145.13,307.17
144.83,210.36,174.42,210.36,174.42,307.02,144.83,307.02
144.81,210.46,174.4,210.46,174.4,307.12,144.81,307.12
144.81,210.35,174.41,210.35,174.41,307.04,144.81,307.04
144.95,210.43,174.55,210.43,174.55,307.12,144.95,307.12
144.96,210.47,174.55,210.47,174.55,307.11,144.96,307.11
144.79,210.3,174.4,210.3,174.4,307.04,144.79,307.04
144.87,210.4,174.5,210.4,174.5,307.19,144.87,307.19
144.92,210.37,174.58,210.37,174.58,307.25,144.92,307.25
145.23,210.68,174.81,210.68,174.81,307.32,145.23,307.32
144.77,210.28,174.39,210.28,174.39,307.04,144.77,307.04
144.96,210.48,174.55,210.48,174.55,307.13,144.96,307.13
144.81,210.33,174.43,210.33,174.43,307.08,144.81,307.08
144.9,210.43,174.51,210.43,174.51,307.15,144.9,307.15
144.92,210.49,174.51,210.49,174.51,307.15,144.92,307.15
144.83,210.35,174.41,210.35,174.41,306.98,144.83,306.98
144.83,210.3,174.45,210.3,174.45,307.07,144.83,307.07
144.92,210.48,174.52,210.48,174.52,307.17,144.92,307.17
144.96,210.48,174.54,210.48,174.54,307.12,144.96,307.12
144.8,210.31,174.45,210.31,174.45,307.14,144.8,307.14
145.42,211.31,174.65,211.31,174.65,306.79,145.42,306.79
145.15,210.89,174.55,210.89,174.55,306.93,145.15,306.93
145.27,211.04,174.67,211.04,174.67,307.09,145.27,307.09
145.43,211.29,174.65,211.29,174.65,306.75,145.43,306.75
145.22,211.06,174.56,211.06,174.56,306.92,145.22,306.92
144.98,210.73,174.45,210.73,174.45,307,144.98,307
145.16,210.77,174.64,210.77,174.64,307.06,145.16,307.06
145.14,210.64,174.73,210.64,174.73,307.3,145.14,307.3
144.8,210.32,174.39,210.32,174.39,307,144.8,307
144.91,210.45,174.5,210.45,174.5,307.12,144.91,307.12
144.81,210.36,174.36,210.36,174.36,306.89,144.81,306.89
144.83,210.28,174.43,210.28,174.43,306.97,144.83,306.97
144.92,210.46,174.52,210.46,174.52,307.16,144.92,307.16
144.91,210.39,174.48,210.39,174.48,306.98,144.91,306.98
144.71,210.15,174.37,210.15,174.37,307.05,144.71,307.05
145.15,210.48,174.79,210.48,174.79,307.31,145.15,307.31
144.93,210.3,174.6,210.3,174.6,307.22,144.93,307.22
144.84,210.29,174.54,210.29,174.54,307.32,144.84,307.32
144.85,210.28,174.51,210.28,174.51,307.17,144.85,307.17
144.77,210.21,174.47,210.21,174.47,307.22,144.77,307.22
144.86,210.24,174.56,210.24,174.56,307.26,144.86,307.26
144.88,210.36,174.54,210.36,174.54,307.25,144.88,307.25
144.9,210.51,174.58,210.51,174.58,307.47,144.9,307.47
144.95,210.48,174.65,210.48,174.65,307.52,144.95,307.52
145.09,210.99,174.5,210.99,174.5,307.05,145.09,307.05
144.99,210.71,174.48,210.71,174.48,307.04,144.99,307.04
144.68,210.44,174.19,210.44,174.19,306.82,144.68,306.82
144.47,210.3,174.03,210.3,174.03,306.86,144.47,306.86
144.07,209.78,173.74,209.78,173.74,306.72,144.07,306.72
144.8,210.24,174.46,210.24,174.46,307.14,144.8,307.14
145.1,210.8,174.63,210.8,174.63,307.26,145.1,307.26
144.81,210.4,174.38,210.4,174.38,307.02,144.81,307.02
144.87,210.29,174.46,210.29,174.46,306.96,144.87,306.96
144.88,210.32,174.48,210.32,174.48,307,144.88,307
144.95,210.52,174.5,210.52,174.5,307.04,144.95,307.04
144.83,210.29,174.43,210.29,174.43,306.97,144.83,306.97
144.92,210.39,174.49,210.39,174.49,306.98,144.92,306.98
144.72,210.5,174.29,210.5,174.29,307.07,144.72,307.07
144.69,210.27,174.23,210.27,174.23,306.78,144.69,306.78
144.49,210.16,174.06,210.16,174.06,306.76,144.49,306.76
144.42,209.98,174.06,209.98,174.06,306.8,144.42,306.8
145.14,210.32,174.81,210.32,174.81,307.24,145.14,307.24
145.36,211.19,174.65,211.19,174.65,306.88,145.36,306.88
144.88,210.71,174.25,210.71,174.25,306.64,144.88,306.64
145.03,210.62,174.5,210.62,174.5,306.89,145.03,306.89
145.27,210.6,174.79,210.6,174.79,307.02,145.27,307.02
144.88,210.15,174.48,210.15,174.48,306.85,144.88,306.85
144.92,210.16,174.54,210.16,174.54,306.89,144.92,306.89
144.89,210.25,174.55,210.25,174.55,307.14,144.89,307.14
145.24,210.99,174.67,210.99,174.67,307.13,145.24,307.13
145.46,211.4,174.64,211.4,174.64,306.72,145.46,306.72
145.59,211.82,174.59,211.82,174.59,306.56,145.59,306.56
145.52,211.77,174.48,211.77,174.48,306.37,145.52,306.37
145.61,211.88,174.53,211.88,174.53,306.34,145.61,306.34
145.69,211.97,174.72,211.97,174.72,306.79,145.69,306.79
145.07,210.75,174.54,210.75,174.54,307.03,145.07,307.03
145.34,210.75,174.88,210.75,174.88,307.25,145.34,307.25
144.92,210.24,174.53,210.24,174.53,306.96,144.92,306.96
145.07,210.34,174.66,210.34,174.66,307.03,145.07,307.03
145.11,210.29,174.71,210.29,174.71,306.98,145.11,306.98
145.09,210.34,174.66,210.34,174.66,306.92,145.09,306.92
144.86,210.23,174.5,210.23,174.5,307.05,144.86,307.05
145.42,210.71,174.98,210.71,174.98,307.27,145.42,307.27
144.92,210.17,174.55,210.17,174.55,306.96,144.92,306.96
145.03,210.37,174.64,210.37,174.64,307.09,145.03,307.09
145.05,210.46,174.63,210.46,174.63,307.08,145.05,307.08
144.81,210.33,174.43,210.33,174.43,307.08,144.81,307.08
144.88,210.47,174.49,210.47,174.49,307.18,144.88,307.18
144.95,210.32,174.54,210.32,174.54,306.98,144.95,306.98
144.71,210.4,174.28,210.4,174.28,307,144.71,307
144.71,210.38,174.27,210.38,174.27,306.94,144.71,306.94
144.69,210.35,174.31,210.35,174.31,307.1,144.69,307.1
144.86,210.5,174.47,210.5,174.47,307.21,144.86,307.21
144.8,210.56,174.37,210.56,174.37,307.16,144.8,307.16
144.5,210.39,174.12,210.39,174.12,307.14,144.5,307.14
144.57,210.55,174.2,210.55,174.2,307.35,144.57,307.35
144.54,210.53,174.17,210.53,174.17,307.32,144.54,307.32
144.53,210.64,174.11,210.64,174.11,307.26,144.53,307.26
144.25,210.36,173.88,210.36,173.88,307.16,144.25,307.16
144.46,210.64,174.07,210.64,174.07,307.36,144.46,307.36
144.46,210.53,174.06,210.53,174.06,307.23,144.46,307.23
144.53,210.67,174.08,210.67,174.08,307.19,144.53,307.19
144.4,210.51,173.94,210.51,173.94,307.01,144.4,307.01
144.48,210.65,174.01,210.65,174.01,307.12,144.48,307.12
144.51,210.64,174.02,210.64,174.02,307.03,144.51,307.03
144.94,211.38,174.22,211.38,174.22,307.02,144.94,307.02
144.68,211.05,173.93,211.05,173.93,306.61,144.68,306.61
145.06,211.67,174.18,211.67,174.18,306.78,145.06,306.78
144.96,211.49,174.11,211.49,174.11,306.71,144.96,306.71
145.3,211.74,174.47,211.74,174.47,307.04,145.3,307.04
145.31,211.73,174.43,211.73,174.43,306.88,145.31,306.88
145.01,211.38,174.18,211.38,174.18,306.67,145.01,306.67
145.34,211.61,174.53,211.61,174.53,306.97,145.34,306.97
145.4,211.75,174.5,211.75,174.5,306.79,145.4,306.79
145.06,211.09,174.38,211.09,174.38,306.87,145.06,306.87
144.86,211.01,174.17,211.01,174.17,306.76,144.86,306.76
144.87,211.11,174.17,211.11,174.17,306.82,144.87,306.82
144.96,211.06,174.25,211.06,174.25,306.74,144.96,306.74
144.89,210.97,174.22,210.97,174.22,306.8,144.89,306.8
145.04,211.06,174.39,211.06,174.39,306.94,145.04,306.94
145.04,211.36,174.26,211.36,174.26,306.81,145.04,306.81
145.29,211.69,174.41,211.69,174.41,306.82,145.29,306.82
145.12,211.64,174.25,211.64,174.25,306.77,145.12,306.77
145.06,211.59,174.22,211.59,174.22,306.83,145.06,306.83
145.3,211.82,174.51,211.82,174.51,307.23,145.3,307.23
145.13,211.92,174.28,211.92,174.28,307.14,145.13,307.14
145.22,212.12,174.39,212.12,174.39,307.4,145.22,307.4
145.23,212.16,174.37,212.16,174.37,307.35,145.23,307.35
145.26,212.18,174.39,212.18,174.39,307.36,145.26,307.36
145.24,212.02,174.4,212.02,174.4,307.29,145.24,307.29
145.02,211.9,174.25,211.9,174.25,307.39,145.02,307.39
144.84,211.59,174.08,211.59,174.08,307.11,144.84,307.11
144.63,211.37,173.94,211.37,173.94,307.11,144.63,307.11
144.2,210.78,173.62,210.78,173.62,306.9,144.2,306.9
144.68,211.34,174.07,211.34,174.07,307.38,144.68,307.38
144.75,211.2,174.14,211.2,174.14,307.2,144.75,307.2
144.93,211.21,174.27,211.21,174.27,307.04,144.93,307.04
144.81,210.84,174.21,210.84,174.21,306.88,144.81,306.88
145.21,210.86,174.59,210.86,174.59,306.85,145.21,306.85
144.89,210.48,174.36,210.48,174.36,306.77,144.89,306.77
145.08,210.66,174.57,210.66,174.57,307,145.08,307
145.05,210.46,174.56,210.46,174.56,306.86,145.05,306.86
145.05,210.52,174.58,210.52,174.58,306.97,145.05,306.97
144.78,210.23,174.32,210.23,174.32,306.72,144.78,306.72
144.77,209.95,174.31,209.95,174.31,306.45,144.77,306.45
144.85,210.05,174.36,210.05,174.36,306.44,144.85,306.44
145.23,210.47,174.77,210.47,174.77,306.95,145.23,306.95
144.99,210.35,174.53,210.35,174.53,306.83,144.99,306.83
145.07,210.25,174.64,210.25,174.64,306.87,145.07,306.87
144.96,210.12,174.6,210.12,174.6,306.94,144.96,306.94
145.1,210.36,174.69,210.36,174.69,307.03,145.1,307.03
145.09,210.39,174.68,210.39,174.68,307.05,145.09,307.05
144.88,210.36,174.45,210.36,174.45,306.95,144.88,306.95
144.91,210.21,174.57,210.21,174.57,307.08,144.91,307.08
145.27,210.63,174.88,210.63,174.88,307.36,145.27,307.36
144.96,210.46,174.54,210.46,174.54,307.11,144.96,307.11
144.82,210.3,174.36,210.3,174.36,306.81,144.82,306.81
144.67,210.27,174.27,210.27,174.27,306.98,144.67,306.98
144.67,210.38,174.25,210.38,174.25,307.02,144.67,307.02
144.52,210.08,174.17,210.08,174.17,306.96,144.52,306.96
144.95,210.53,174.62,210.53,174.62,307.44,144.95,307.44
145.08,210.43,174.77,210.43,174.77,307.4,145.08,307.4
145.14,210.48,174.83,210.48,174.83,307.46,145.14,307.46
145.17,210.36,174.85,210.36,174.85,307.31,145.17,307.31
145.3,210.42,174.98,210.42,174.98,307.38,145.3,307.38
145.33,210.52,174.95,210.52,174.95,307.28,145.33,307.28
144.95,210.32,174.56,210.32,174.56,307.04,144.95,307.04
145.09,210.34,174.72,210.34,174.72,307.14,145.09,307.14
145.15,210.29,174.81,210.29,174.81,307.16,145.15,307.16
145.46,210.52,175.11,210.52,175.11,307.39,145.46,307.39
145.52,210.44,175.17,210.44,175.17,307.3,145.52,307.3
145.59,210.55,175.17,210.55,175.17,307.18,145.59,307.18
145.04,210.03,174.74,210.03,174.74,307.05,145.04,307.05
145.57,210.72,175.23,210.72,175.23,307.63,145.57,307.63
145.69,210.62,175.34,210.62,175.34,307.49,145.69,307.49
145.77,210.6,175.4,210.6,175.4,307.38,145.77,307.38
145.45,210.41,175.04,210.41,175.04,307.06,145.45,307.06
145.26,210.27,174.89,210.27,174.89,307.06,145.26,307.06
145.4,210.52,175.04,210.52,175.04,307.35,145.4,307.35
145.86,210.83,175.44,210.83,175.44,307.45,145.86,307.45
145.44,210.32,175.12,210.32,175.12,307.28,145.44,307.28
145.94,210.71,175.58,210.71,175.58,307.52,145.94,307.52
145.65,210.34,175.33,210.34,175.33,307.28,145.65,307.28
145.91,210.67,175.52,210.67,175.52,307.4,145.91,307.4
145.74,210.5,175.4,210.5,175.4,307.4,145.74,307.4
146.13,210.78,175.74,210.78,175.74,307.51,146.13,307.51
145.7,210.29,175.41,210.29,175.41,307.36,145.7,307.36
145.91,210.37,175.67,210.37,175.67,307.56,145.91,307.56
145.71,210.25,175.46,210.25,175.46,307.44,145.71,307.44
145.69,210.1,175.54,210.1,175.54,307.61,145.69,307.61
145.39,209.93,175.21,209.93,175.21,307.36,145.39,307.36
145.28,209.82,175.15,209.82,175.15,307.4,145.28,307.4
145.34,209.97,175.19,209.97,175.19,307.48,145.34,307.48
145.27,209.97,175.13,209.97,175.13,307.51,145.27,307.51
145.33,210.02,175.16,210.02,175.16,307.46,145.33,307.46
145.31,210.09,175.13,210.09,175.13,307.51,145.31,307.51
145.35,209.92,175.21,209.92,175.21,307.47,145.35,307.47
145.41,210.12,175.22,210.12,175.22,307.51,145.41,307.51
145.23,210.07,175.04,210.07,175.04,307.44,145.23,307.44
145.27,210.21,175.03,210.21,175.03,307.43,145.27,307.43
145.7,210.84,175.25,210.84,175.25,307.37,145.7,307.37
145.27,210.52,174.86,210.52,174.86,307.17,145.27,307.17
145.38,210.46,174.94,210.46,174.94,307.05,145.38,307.05
145.26,210.43,174.88,210.43,174.88,307.21,145.26,307.21
145.45,210.61,175.07,210.61,175.07,307.37,145.45,307.37
145.47,210.9,174.95,210.9,174.95,307.18,145.47,307.18
145.74,211.14,175.13,211.14,175.13,307.16,145.74,307.16
145.86,211.39,175.25,211.39,175.25,307.4,145.86,307.4
145.91,211.25,175.3,211.25,175.3,307.24,145.91,307.24
146.04,211.36,175.4,211.36,175.4,307.27,146.04,307.27
145.6,211.05,174.98,211.05,174.98,307.03,145.6,307.03
145.63,211.15,175,211.15,175,307.11,145.63,307.11
145.52,211.03,174.94,211.03,174.94,307.13,145.52,307.13
145.88,211.45,175.3,211.45,175.3,307.56,145.88,307.56
146,211.48,175.4,211.48,175.4,307.51,146,307.51
145.92,211.22,175.35,211.22,175.35,307.36,145.92,307.36
146.04,211.28,175.44,211.28,175.44,307.34,146.04,307.34
146.09,211.31,175.49,211.31,175.49,307.37,146.09,307.37
146.02,211.43,175.43,211.43,175.43,307.53,146.02,307.53
146.04,211.3,175.46,211.3,175.46,307.39,146.04,307.39
146.01,211.16,175.46,211.16,175.46,307.35,146.01,307.35
145.99,211.18,175.42,211.18,175.42,307.3,145.99,307.3
146.01,211.23,175.45,211.23,175.45,307.39,146.01,307.39
145.92,211.3,175.38,211.3,175.38,307.52,145.92,307.52
145.94,211.36,175.38,211.36,175.38,307.55,145.94,307.55
145.97,211.16,175.43,211.16,175.43,307.42,145.97,307.42
145.73,210.94,175.2,210.94,175.2,307.22,145.73,307.22
145.63,210.99,175.08,210.99,175.08,307.21,145.63,307.21
145.75,211.26,175.24,211.26,175.24,307.59,145.75,307.59
145.69,211.2,175.17,211.2,175.17,307.52,145.69,307.52
145.7,211.11,175.15,211.11,175.15,307.32,145.7,307.32
145.74,211.31,175.18,211.31,175.18,307.49,145.74,307.49
145.72,211,175.2,211,175.2,307.31,145.72,307.31
145.56,210.96,175.07,210.96,175.07,307.35,145.56,307.35
145.54,210.96,175.07,210.96,175.07,307.42,145.54,307.42
145.26,210.81,174.79,210.81,174.79,307.28,145.26,307.28
145.31,210.86,174.8,210.86,174.8,307.2,145.31,307.2
145.56,210.94,175.04,210.94,175.04,307.24,145.56,307.24
145.66,211.08,175.06,211.08,175.06,307.12,145.66,307.12
145.7,211.2,175.12,211.2,175.12,307.28,145.7,307.28
145.74,211.43,175.16,211.43,175.16,307.53,145.74,307.53
145.76,211.46,175.21,211.46,175.21,307.67,145.76,307.67
145.7,211.61,175.13,211.61,175.13,307.75,145.7,307.75
145.74,211.54,175.15,211.54,175.15,307.6,145.74,307.6
145.66,211.26,175.13,211.26,175.13,307.54,145.66,307.54
145.35,211.17,174.79,211.17,174.79,307.33,145.35,307.33
145.31,211.65,174.59,211.65,174.59,307.3,145.31,307.3
145.4,211.57,174.38,211.57,174.38,306.23,145.4,306.23
145.45,211.79,174.5,211.79,174.5,306.7,145.45,306.7
144.84,210.8,174.15,210.8,174.15,306.54,144.84,306.54
144.78,210.64,174.12,210.64,174.12,306.49,144.78,306.49
145.28,210.7,174.73,210.7,174.73,306.93,145.28,306.93
145.63,211.14,175.04,211.14,175.04,307.22,145.63,307.22
145.82,211.41,175.29,211.41,175.29,307.68,145.82,307.68
145.74,211.47,175.18,211.47,175.18,307.65,145.74,307.65
145.73,211.56,175.18,211.56,175.18,307.78,145.73,307.78
145.75,211.31,175.19,211.31,175.19,307.49,145.75,307.49
145.72,211.14,175.19,211.14,175.19,307.42,145.72,307.42
145.54,211.18,175,211.18,175,307.41,145.54,307.41
145.7,211.35,175.21,211.35,175.21,307.75,145.7,307.75
145.53,211.34,175.06,211.34,175.06,307.79,145.53,307.79
145.25,211.02,174.69,211.02,174.69,307.21,145.25,307.21
145.69,211.24,175.13,211.24,175.13,307.42,145.69,307.42
145.69,211.13,175.15,211.13,175.15,307.39,145.69,307.39
145.58,211.11,175.03,211.11,175.03,307.31,145.58,307.31
145.71,211.28,175.19,211.28,175.19,307.61,145.71,307.61
145.6,211.32,175.05,211.32,175.05,307.5,145.6,307.5
145.72,211.43,175.17,211.43,175.17,307.63,145.72,307.63
145.78,211.41,175.23,211.41,175.23,307.62,145.78,307.62
145.86,211.31,175.29,211.31,175.29,307.48,145.86,307.48
145.86,211.22,175.31,211.22,175.31,307.43,145.86,307.43
145.8,211.32,175.28,211.32,175.28,307.62,145.8,307.62
145.7,211.29,175.16,211.29,175.16,307.52,145.7,307.52
145.68,211.35,175.16,211.35,175.16,307.63,145.68,307.63
145.6,211.16,175.05,211.16,175.05,307.36,145.6,307.36
145.7,211.13,175.18,211.13,175.18,307.43,145.7,307.43
145.51,211.02,174.99,211.02,174.99,307.33,145.51,307.33
145.54,211.2,175,211.2,175,307.41,145.54,307.41
145.73,211.47,175.19,211.47,175.19,307.71,145.73,307.71
145.75,211.63,175.17,211.63,175.17,307.74,145.75,307.74
145.76,211.41,175.2,211.41,175.2,307.59,145.76,307.59
145.66,211.15,175.11,211.15,175.11,307.36,145.66,307.36
145.72,211.27,175.17,211.27,175.17,307.47,145.72,307.47
145.72,211.49,175.16,211.49,175.16,307.66,145.72,307.66
145.74,211.71,175.19,211.71,175.19,307.9,145.74,307.9
145.75,211.53,175.22,211.53,175.22,307.78,145.75,307.78
145.59,211.35,175.05,211.35,175.05,307.59,145.59,307.59
145.63,211.01,175.07,211.01,175.07,307.18,145.63,307.18
145.72,211.22,175.18,211.22,175.18,307.44,145.72,307.44
145.79,211.51,175.25,211.51,175.25,307.74,145.79,307.74
145.93,211.66,175.39,211.66,175.39,307.88,145.93,307.88
145.87,211.61,175.32,211.61,175.32,307.82,145.87,307.82
145.84,211.33,175.27,211.33,175.27,307.46,145.84,307.46
145.86,210.97,175.34,210.97,175.34,307.3,145.86,307.3
145.71,211.13,175.14,211.13,175.14,307.28,145.71,307.28
145.8,211.42,175.24,211.42,175.24,307.59,145.8,307.59
145.92,211.68,175.35,211.68,175.35,307.84,145.92,307.84
146,211.56,175.43,211.56,175.43,307.71,146,307.71
145.96,211.45,175.4,211.45,175.4,307.61,145.96,307.61
145.95,211.3,175.38,211.3,175.38,307.44,145.95,307.44
145.81,211.1,175.28,211.1,175.28,307.36,145.81,307.36
145.79,211.39,175.2,211.39,175.2,307.46,145.79,307.46
145.82,211.62,175.22,211.62,175.22,307.68,145.82,307.68
146.04,211.76,175.4,211.76,175.4,307.66,146.04,307.66
145.66,211.39,175.02,211.39,175.02,307.31,145.66,307.31
145.57,211.01,174.96,211.01,174.96,307.03,145.57,307.03
145.88,211.42,175.27,211.42,175.27,307.44,145.88,307.44
146.01,211.52,175.39,211.52,175.39,307.51,146.01,307.51
145.71,211.42,175.1,211.42,175.1,307.44,145.71,307.44
145.9,211.56,175.26,211.56,175.26,307.46,145.9,307.46
145.59,211.22,174.97,211.22,174.97,307.18,145.59,307.18
145.45,210.91,174.9,210.91,174.9,307.09,145.45,307.09
145.8,211.4,175.2,211.4,175.2,307.43,145.8,307.43
145.79,211.51,175.18,211.51,175.18,307.5,145.79,307.5
145.83,211.8,175.21,211.8,175.21,307.78,145.83,307.78
145.53,211.32,174.94,211.32,174.94,307.39,145.53,307.39
145.78,211.41,175.17,211.41,175.17,307.41,145.78,307.41
145.83,211.41,175.19,211.41,175.19,307.31,145.83,307.31
145.57,211.05,174.98,211.05,174.98,307.13,145.57,307.13
145.78,211.38,175.26,211.38,175.26,307.69,145.78,307.69
145.83,211.45,175.29,211.45,175.29,307.68,145.83,307.68
145.82,211.34,175.24,211.34,175.24,307.45,145.82,307.45
145.9,211.28,175.34,211.28,175.34,307.46,145.9,307.46
145.91,211.38,175.35,211.38,175.35,307.55,145.91,307.55
145.93,211.45,175.36,211.45,175.36,307.56,145.93,307.56
145.94,211.55,175.38,211.55,175.38,307.73,145.94,307.73
145.97,211.5,175.41,211.5,175.41,307.68,145.97,307.68
145.98,211.5,175.41,211.5,175.41,307.63,145.98,307.63
146.08,211.58,175.46,211.58,175.46,307.56,146.08,307.56
145.72,211.29,175.13,211.29,175.13,307.35,145.72,307.35
145.97,211.49,175.39,211.49,175.39,307.58,145.97,307.58
145.99,211.56,175.43,211.56,175.43,307.73,145.99,307.73
146.06,211.56,175.5,211.56,175.5,307.72,146.06,307.72
146.05,211.49,175.48,211.49,175.48,307.63,146.05,307.63
146.08,211.42,175.57,211.42,175.57,307.74,146.08,307.74
145.94,211.38,175.39,211.38,175.39,307.58,145.94,307.58
146.09,211.38,175.56,211.38,175.56,307.65,146.09,307.65
145.99,211.36,175.45,211.36,175.45,307.57,145.99,307.57
146.11,211.26,175.56,211.26,175.56,307.47,146.11,307.47
146.04,211.19,175.57,211.19,175.57,307.63,146.04,307.63
145.58,210.84,175.04,210.84,175.04,307.07,145.58,307.07
145.94,211.3,175.45,211.3,175.45,307.69,145.94,307.69
145.88,211.23,175.38,211.23,175.38,307.61,145.88,307.61
145.86,211.12,175.36,211.12,175.36,307.49,145.86,307.49
145.87,210.98,175.4,210.98,175.4,307.46,145.87,307.46
145.42,210.42,175.13,210.42,175.13,307.47,145.42,307.47
145.75,211.01,175.41,211.01,175.41,307.9,145.75,307.9
145.89,211.1,175.51,211.1,175.51,307.88,145.89,307.88
145.63,210.94,175.23,210.94,175.23,307.6,145.63,307.6
145.37,210.88,174.9,210.88,174.9,307.36,145.37,307.36
145.34,210.87,174.88,210.87,174.88,307.37,145.34,307.37
145.24,210.63,174.84,210.63,174.84,307.35,145.24,307.35
145.37,210.84,174.95,210.84,174.95,307.45,145.37,307.45
145.22,210.89,174.74,210.89,174.74,307.31,145.22,307.31
145.26,210.9,174.78,210.9,174.78,307.33,145.26,307.33
145.29,210.94,174.78,210.94,174.78,307.27,145.29,307.27
145.57,211.15,175.06,211.15,175.06,307.47,145.57,307.47
145.5,211.05,174.98,211.05,174.98,307.38,145.5,307.38
145.55,211.15,175.03,211.15,175.03,307.45,145.55,307.45
145.56,211.2,175.03,211.2,175.03,307.48,145.56,307.48
145.53,211.24,174.99,211.24,174.99,307.48,145.53,307.48
145.51,211.19,175.02,211.19,175.02,307.56,145.51,307.56
145.5,211.13,174.97,211.13,174.97,307.41,145.5,307.41
145.53,211.13,174.99,211.13,174.99,307.38,145.53,307.38
145.53,211.21,174.97,211.21,174.97,307.39,145.53,307.39
145.75,211.41,175.21,211.41,175.21,307.65,145.75,307.65
145.63,211.51,175.05,211.51,175.05,307.62,145.63,307.62
145.78,211.68,175.19,211.68,175.19,307.77,145.78,307.77
145.8,211.47,175.26,211.47,175.26,307.71,145.8,307.71
145.74,211.31,175.2,211.31,175.2,307.56,145.74,307.56
145.62,211.22,175.08,211.22,175.08,307.46,145.62,307.46
145.69,211.35,175.13,211.35,175.13,307.53,145.69,307.53
145.82,211.42,175.31,211.42,175.31,307.74,145.82,307.74
145.79,211.32,175.27,211.32,175.27,307.6,145.79,307.6
145.78,211.03,175.29,211.03,175.29,307.44,145.78,307.44
145.44,210.8,174.97,210.8,174.97,307.26,145.44,307.26
145.3,210.79,174.85,210.79,174.85,307.33,145.3,307.33
145.3,210.87,174.85,210.87,174.85,307.41,145.3,307.41
145.29,210.73,174.87,210.73,174.87,307.37,145.29,307.37
145.18,210.62,174.77,210.62,174.77,307.28,145.18,307.28
145.17,210.74,174.73,210.74,174.73,307.3,145.17,307.3
145.11,210.47,174.81,210.47,174.81,307.5,145.11,307.5
145.6,210.95,175.25,210.95,175.25,307.79,145.6,307.79
145.75,210.97,175.32,210.97,175.32,307.56,145.75,307.56
145.41,210.22,175,210.22,175,306.86,145.41,306.86
145.4,210.12,174.93,210.12,174.93,306.57,145.4,306.57
145.33,209.92,174.65,209.92,174.65,305.7,145.33,305.7
144.74,210.68,173.71,210.68,173.71,305.31,144.74,305.31
144.66,211.52,173.39,211.52,173.39,305.39,144.66,305.39
144.34,211.43,173.23,211.43,173.23,305.82,144.34,305.82
144.76,211.98,173.47,211.98,173.47,305.77,144.76,305.77
144.78,212.07,173.37,212.07,173.37,305.48,144.78,305.48
144.56,211.89,173.27,211.89,173.27,305.68,144.56,305.68
144.8,212.31,173.34,212.31,173.34,305.55,144.8,305.55
144.1,212.05,172.85,212.05,172.85,305.97,144.1,305.97
144.58,211.13,173.49,211.13,173.49,305.59,144.58,305.59
145.23,211.56,174.15,211.56,174.15,306.04,145.23,306.04
145.68,210.96,174.84,210.96,174.84,306.22,145.68,306.22
145.63,210.76,174.93,210.76,174.93,306.47,145.63,306.47
144.85,210.55,174.11,210.55,174.11,306.13,144.85,306.13
144.47,210.39,173.77,210.39,173.77,306.1,144.47,306.1
144.36,210.47,173.63,210.47,173.63,306.06,144.36,306.06
144.32,210.5,173.69,210.5,173.69,306.42,144.32,306.42
144.24,210.38,173.66,210.38,173.66,306.48,144.24,306.48
144.57,210.78,174.05,210.78,174.05,307.08,144.57,307.08
144.42,210.72,173.9,210.72,173.9,307.03,144.42,307.03
144.52,210.83,174,210.83,174,307.15,144.52,307.15
144.65,210.78,174.16,210.78,174.16,307.16,144.65,307.16
144.74,210.68,174.18,210.68,174.18,306.87,144.74,306.87
144.92,211.15,174.33,211.15,174.33,307.22,144.92,307.22
144.77,210.88,174.2,210.88,174.2,307.01,144.77,307.01
144.78,211.01,174.22,211.01,174.22,307.17,144.78,307.17
144.55,211.06,174.01,211.06,174.01,307.31,144.55,307.31
144.43,210.9,173.86,210.9,173.86,307.03,144.43,307.03
144.66,211.13,174.04,211.13,174.04,307.1,144.66,307.1
144.21,210.67,173.69,210.67,173.69,306.95,144.21,306.95
144.57,210.96,174.02,210.96,174.02,307.16,144.57,307.16
144.63,210.91,174.11,210.91,174.11,307.22,144.63,307.22
144.43,210.82,173.89,210.82,173.89,307.07,144.43,307.07
144.46,210.81,173.94,210.81,173.94,307.11,144.46,307.11
144.4,210.81,173.88,210.81,173.88,307.13,144.4,307.13
