1.1019
0.3495
0.2169
0.21364
0.21292
0.11847
0.12048
0.11807
0.11952
0.11984
0.1718
0.12026
0.11884
0.121
0.12092
0.12004
0.17275
0.1197
0.12161
0.12128
0.12409
0.12208
0.17441
0.12124
0.12174
0.12142
0.12166
0.12318
0.17331
0.12329
0.12232
0.12267
0.12169
0.12466
0.17432
0.12353
0.1224
0.12148
0.12169
0.12187
0.17561
0.12243
0.12244
0.12359
0.12181
0.12302
0.17416
0.1217
0.12234
0.12244
0.12134
0.1212
0.17293
0.12323
0.12194
0.12159
0.12164
0.12303
0.1724
0.1233
0.12131
0.12452
0.12084
0.12104
0.17363
0.12386
0.12173
0.12108
0.12141
0.12142
0.17357
0.12231
0.12135
0.12226
0.12119
0.12093
0.17473
0.12268
0.12247
0.12218
0.12188
0.1229
0.17282
0.12215
0.12188
0.12288
0.12459
0.12179
0.17276
0.12263
0.12275
0.12105
0.12219
0.1225
0.17414
0.12058
0.12232
0.12264
0.1227
0.12185
0.17334
0.12254
0.12189
0.12113
0.12294
0.12269
0.17317
0.12297
0.12137
0.12115
0.12162
0.12159
0.17165
0.12308
0.12103
0.12164
0.12202
0.12254
0.17364
0.1216
0.12385
0.12128
0.12176
0.12242
0.17412
0.12339
0.12249
0.12137
0.12293
0.12091
0.17233
0.1218
0.12136
0.12211
0.12361
0.12173
0.17358
0.1227
0.12189
0.12251
0.1224
0.12243
0.17389
0.12306
0.12192
0.12183
0.1228
0.12234
0.17341
0.12639
0.12473
0.12287
0.12327
0.12243
0.17343
0.12324
0.12151
0.12153
0.1246
0.12088
0.17357
0.12061
0.12115
0.12159
0.12289
0.12201
0.17418
0.12437
0.12092
0.12153
0.12462
0.12192
0.17456
0.12535
0.12241
0.1208
0.12233
0.12336
0.17309
0.12256
0.12155
0.12269
0.12109
0.12099
0.1719
0.12119
0.12348
0.12197
0.12216
0.1223
0.17504
0.12252
0.12308
0.12192
0.12225
0.12096
0.17418
0.1224
0.12252
0.12244
0.12193
0.12176
0.17356
0.12144
0.12233
0.12249
0.12374
0.12199
0.17337
0.12177
0.12048
0.12401
0.12127
0.12169
0.17908
0.12302
0.12241
0.12237
0.12209
0.12208
0.17473
0.12387
0.12292
0.12135
0.12296
0.12229
0.17494
0.12264
0.12414
0.12116
0.12376
0.12046
0.17326
0.12295
0.1215
0.12381
0.12118
0.12458
0.17373
0.12255
0.12192
0.12713
0.12209
0.12204
0.17419
0.12486
0.12357
0.12339
0.12138
0.12213
0.17403
0.12227
0.12802
0.12247
0.1223
0.12241
0.17476
0.12267
0.12188
0.12166
0.12243
0.12079
0.17444
0.12119
0.12194
0.12373
0.12225
0.12172
0.17405
0.12287
0.12249
0.12213
0.12295
0.12261
0.17404
0.12343
0.12183
0.12321
0.12329
0.12277
0.17437
0.12285
0.1229
0.12332
0.12443
0.12147
0.1727
0.12219
0.12175
0.12144
0.12409
0.12288
0.17432
0.12277
0.1221
0.12098
0.12237
0.1216
0.1737
0.12355
0.12366
0.12222
0.1223
0.12119
0.17419
0.12296
0.12659
0.12236
0.12251
0.12158
0.17422
0.12363
0.12376
0.12292
0.12144
0.12221
0.17821
0.12278
0.12282
0.12361
0.12648
0.12071
0.1777
0.12847
0.12427
0.12642
0.12277
0.12337
0.17602
0.12363
0.12396
0.1249
0.12007
0.1227
0.17541
0.12401
0.12163
0.12168
0.12276
0.12072
0.17508
0.12354
0.12183
0.12262
0.12266
0.12144
0.17165
0.12234
0.1233
0.12272
0.1227
0.12138
0.17347
0.12313
0.12284
0.12158
0.1224
0.1232
0.17408
0.12361
0.12287
0.12499
0.1219
0.12324
0.17488
0.12357
0.12199
0.12191
0.12317
0.12276
0.17305
0.12339
0.12296
0.12246
0.12327
0.12063
0.1735
0.12333
0.1225
0.12691
0.1209
0.12124
0.17419
0.12243
0.12308
0.12584
0.12379
0.12328
0.17748
0.12491
0.1271
0.12496
0.12562
0.1242
0.18388
0.12333
0.12445
0.12701
0.1241
0.12241
0.17482
0.12794
0.12683
0.12667
0.12361
0.12499
0.17802
0.12648
0.12446
0.12665
0.12764
0.12563
0.17887
0.12611
0.12924
0.12861
0.12586
0.12089
0.1754
0.1252
0.12504
0.12273
0.12093
0.1233
0.17264
0.12587
0.12326
0.12368
0.12214
0.12418
0.17151
0.12444
0.12246
0.12209
0.12317
0.12327
0.17508
0.1254
0.12307
0.12445
0.1218
0.12037
0.18124
0.122
0.12381
0.12224
0.12197
0.12224
0.1725
0.12546
0.12227
0.12216
0.12264
0.12336
0.17383
0.12164
0.12307
0.12312
0.12253
0.12147
0.17298
0.12212
0.12288
0.12268
0.1232
0.12139
0.17366
0.12307
0.123
0.12423
0.12318
0.12194
0.17424
0.124
0.122
0.12326
0.12377
0.12145
0.17566
0.12308
0.12379
0.12191
0.12454
0.12297
0.17485
0.12316
0.12294
0.12268
0.12135
0.12263
0.17315
0.12317
0.12107
0.12159
0.1235
0.12244
0.17419
0.12243
0.12394
0.12261
0.12283
0.12358
0.17213
0.12221
0.12174
0.12164
0.12146
0.12309
0.17392
0.12253
0.12395
0.12116
0.1222
0.12317
0.17557
0.12149
0.12173
0.1226
0.12421
0.12041
0.17529
0.12219
0.12475
0.12345
0.12292
0.12176
0.17408
0.12193
0.12238
0.12385
0.1231
0.12437
0.17452
0.12207
0.12337
0.1231
0.12115
0.12127
0.1725
0.12211
0.12266
0.12351
0.12274
0.1212
0.17648
0.12372
0.12196
0.12232
0.12217
0.1229
0.17545
0.12384
0.12414
0.12204
0.12399
0.1223
0.17339
0.1224
0.12281
0.12414
0.12222
0.12339
0.17343
0.12423
0.12249
0.12341
0.12299
0.12118
0.1757
0.12662
0.12036
0.12237
0.12224
0.12132
0.17451
0.12288
0.12407
0.1231
0.12475
0.12382
0.17269
0.12246
0.12244
0.12159
0.12301
0.12205
0.17279
0.12281
0.12324
0.12199
0.12368
0.12176
0.17479
0.12365
0.12309
0.12285
0.1269
0.12404
0.17411
0.12694
0.12182
0.12282
0.12268
0.12336
0.17292
0.12127
0.12241
0.1229
0.12286
0.12467
0.17417
0.12422
0.12206
0.12238
0.12316
0.12137
0.17379
0.1239
0.12276
0.12296
0.12302
0.12155
0.18093
0.12386
0.12279
0.12216
0.12255
0.12075
0.17421
0.12251
0.12361
0.12138
0.12185
0.12178
0.17333
0.12194
0.12297
0.12218
0.12231
0.12421
0.17421
0.12268
0.12523
0.12154
0.1222
0.12255
0.17604
0.12304
0.1232
0.12243
0.1236
0.1216
0.17587
0.12454
0.12196
0.12278
0.12231
0.12308
0.17211
0.12355
0.12296
0.12113
0.12257
0.12267
0.17505
0.12297
0.12294
0.12331
0.12263
0.12125
0.17435
0.12418
0.12281
0.12334
0.12288
0.12296
0.17528
0.12294
0.12305
0.12205
0.12223
0.12448
0.1761
0.12384
0.12242
0.12179
0.12277
0.12251
0.1744
0.12611
0.14211
0.14129
0.1404
0.12143
0.17368
0.1224
0.12789
0.12188
0.12145
0.12171
0.17183
0.12343
0.12271
0.12195
0.12253
0.12187
0.1724
0.12319
0.12321
0.12185
0.1222
0.12245
0.17295
0.12214
0.12348
0.1233
0.12305
0.12183
0.17466
0.12233
0.12384
0.12266
0.12441
0.12304
0.17388
0.12376
0.12466
0.1213
0.12393
0.12189
0.1737
0.12261
0.12309
0.12211
0.12162
0.12397
0.17604
0.12263
0.12217
0.12315
0.12341
0.1196
0.17379
0.12306
0.12203
0.12181
0.12393
0.12213
0.17583
0.12491
0.12342
0.12363
0.12295
0.12391
0.17251
0.12389
0.12313
0.12245
0.12297
0.1217
0.17958
0.12259
0.12495
0.1225
0.12456
0.12146
0.17623
0.12256
0.12181
0.12235
0.12317
0.12313
0.17841
0.12186
0.12565
0.12262
0.12586
0.1227
0.17454
0.12408
0.12268
0.12169
0.12311
0.12205
0.17668
0.12376
0.12584
0.12243
0.12572
0.12224
0.17471
0.12328
0.12287
0.12332
0.12294
0.12287
0.17494
0.12304
0.12318
0.12247
0.12316
0.12272
0.18187
0.12773
0.12595
0.12549
0.12565
0.12868
0.17772
0.12451
0.12614
0.12557
0.12483
0.12616
0.1794
0.12626
0.12453
0.12555
0.12562
0.12519
0.17594
0.12195
0.1214
0.1244
0.12383
0.1218
0.17833
0.12629
0.12143
0.12642
0.12724
0.12734
0.17763
0.12953
0.13215
0.13129
0.12817
0.12481
0.17586
0.12214
0.1224
0.1222
0.12284
0.12264
0.17494
0.12597
0.12359
0.12202
0.12257
0.12225
0.17508
0.12259
0.12174
0.12338
0.12368
0.12338
0.1735
0.12439
0.12212
0.12198
0.1237
0.12122
0.17525
0.12414
0.12328
0.12414
0.12348
0.12305
0.17524
0.12273
0.12301
0.12208
0.12573
0.12273
0.17384
0.12413
0.1235
0.12174
0.12395
0.12215
0.17328
0.12398
0.12279
0.12223
0.12344
0.1231
0.17749
0.12423
0.12263
0.12312
0.12266
0.12382
0.17345
0.12366
0.12271
0.12371
0.12331
0.12276
0.17736
0.12342
0.12232
0.12201
0.12308
0.12338
0.17528
0.12297
0.12204
0.12323
0.12258
0.12198
0.17319
0.12641
0.12361
0.12323
0.12439
0.12276
0.17497
0.12152
0.13194
0.12392
0.12328
0.12291
0.17433
0.12391
0.1235
0.12303
0.12207
0.12255
0.17255
0.12274
0.12301
0.12358
0.12171
0.12213
0.17401
0.12292
0.1227
0.12318
0.12189
0.12357
0.17263
0.12458
0.12163
0.12145
0.12084
0.12491
0.17161
0.12111
0.12134
0.1219
0.12568
0.12277
0.17342
0.12225
0.12114
0.1218
0.12285
0.11955
0.17205
0.12274
0.12175
0.12194
0.12305
0.12244
0.17337
0.12297
0.121
0.12162
0.12153
0.12167
0.17596
0.12242
0.12186
0.12264
0.12102
0.12167
0.17533
0.12311
0.12245
0.12304
0.1221
0.12142
0.17354
0.12122
0.1223
0.12271
0.12247
0.12388
0.17422
0.12187
0.12503
0.12316
0.12182
0.12347
0.17385
0.1243
0.12264
0.12293
0.12368
0.12086
0.17335
0.12297
0.1285
0.12346
0.12302
0.12357
0.17304
0.12263
0.12288
0.12455
0.12268
0.12353
0.17505
0.12182
0.12589
0.12323
0.12441
0.12238
0.17385
0.12437
0.12315
0.12256
0.12468
0.12423
0.17304
0.12426
0.12083
0.12203
0.12136
0.1238
0.17382
0.1236
0.12373
0.12246
0.12219
0.12226
0.1748
0.1204
0.12254
0.12215
0.12256
