1
290.94,111.93,329.06,111.93,329.06,158.07,290.94,158.07
287.85,112.32,326.15,112.32,326.15,158.68,287.85,158.68
287.27,112.22,325.73,112.22,325.73,158.78,287.27,158.78
286.14,113.06,324.86,113.06,324.86,159.94,286.14,159.94
284.05,112.9,322.39,112.9,322.39,159.31,284.05,159.31
281.92,112.86,320.36,112.86,320.36,159.39,281.92,159.39
280.49,113.02,319.1,113.02,319.1,159.76,280.49,159.76
278.29,112.61,317.6,112.61,317.6,160.2,278.29,160.2
276.65,113.82,315.59,113.82,315.59,160.97,276.65,160.97
274.51,113.08,314.01,113.08,314.01,160.89,274.51,160.89
273.32,113.33,312.81,113.33,312.81,161.13,273.32,161.13
270.57,113.66,310.12,113.66,310.12,161.54,270.57,161.54
269.8,114.58,309.26,114.58,309.26,162.35,269.8,162.35
268.03,114.3,307.7,114.3,307.7,162.32,268.03,162.32
265.6,115.27,305.23,115.27,305.23,163.24,265.6,163.24
264.25,115.17,304.1,115.17,304.1,163.4,264.25,163.4
262.17,114.81,302.65,114.81,302.65,163.82,262.17,163.82
259.9,115.51,300.47,115.51,300.47,164.62,259.9,164.62
258.02,115.59,298.51,115.59,298.51,164.6,258.02,164.6
255.52,116.86,296.27,116.86,296.27,166.18,255.52,166.18
253.53,116.65,294.66,116.65,294.66,166.45,253.53,166.45
251.73,116.35,293.45,116.35,293.45,166.86,251.73,166.86
250.87,116.91,292.44,116.91,292.44,167.23,250.87,167.23
247.18,116.61,289.26,116.61,289.26,167.54,247.18,167.54
245.36,117.97,287.2,117.97,287.2,168.62,245.36,168.62
243.15,117.56,285.4,117.56,285.4,168.7,243.15,168.7
239.69,117.81,282.41,117.81,282.41,169.52,239.69,169.52
238.08,117.76,281.25,117.76,281.25,170.03,238.08,170.03
236.3,117.71,280,117.71,280,170.61,236.3,170.61
234.93,118.24,278.79,118.24,278.79,171.33,234.93,171.33
231.39,118.72,274.89,118.72,274.89,171.38,231.39,171.38
230.24,118.78,274.2,118.78,274.2,171.99,230.24,171.99
228.42,118.88,272.64,118.88,272.64,172.41,228.42,172.41
225.53,119.8,270.14,119.8,270.14,173.8,225.53,173.8
224.29,120.39,268.38,120.39,268.38,173.76,224.29,173.76
222.59,120.48,266.76,120.48,266.76,173.94,222.59,173.94
237.34,120.25,281.53,120.25,281.53,173.75,237.34,173.75
278.16,120.69,322.59,120.69,322.59,174.46,278.16,174.46
296.04,123.33,339.87,123.33,339.87,176.39,296.04,176.39
296.68,122.04,340.94,122.04,340.94,175.61,296.68,175.61
296.53,122.96,341.04,122.96,341.04,176.84,296.53,176.84
291.54,122.15,336.57,122.15,336.57,176.66,291.54,176.66
289.81,123.99,335.09,123.99,335.09,178.8,289.81,178.8
287.43,122.98,332.76,122.98,332.76,177.85,287.43,177.85
287.33,125.21,333.04,125.21,333.04,180.54,287.33,180.54
282.41,123.94,328.72,123.94,328.72,180,282.41,180
280.02,124.87,326.56,124.87,326.56,181.22,280.02,181.22
278.86,124.21,326.07,124.21,326.07,181.36,278.86,181.36
276.54,124.92,323.7,124.92,323.7,182.01,276.54,182.01
273.07,124.85,320.48,124.85,320.48,182.24,273.07,182.24
271,126.79,318.35,126.79,318.35,184.11,271,184.11
269.68,126.03,317.37,126.03,317.37,183.76,269.68,183.76
265.31,126.67,313.33,126.67,313.33,184.81,265.31,184.81
263.71,126.11,312.28,126.11,312.28,184.91,263.71,184.91
259.98,126.84,308.96,126.84,308.96,186.14,259.98,186.14
256.17,128.17,305.13,128.17,305.13,187.43,256.17,187.43
255.01,128.34,304.09,128.34,304.09,187.76,255.01,187.76
252.66,128.69,302.05,128.69,302.05,188.47,252.66,188.47
248.73,128.57,298.73,128.57,298.73,189.1,248.73,189.1
246.41,130.14,296.38,130.14,296.38,190.63,246.41,190.63
244.08,130.17,294.49,130.17,294.49,191.2,244.08,191.2
241.03,131.22,291.68,131.22,291.68,192.53,241.03,192.53
238.56,130.88,289.61,130.88,289.61,192.68,238.56,192.68
234.82,131.52,286.44,131.52,286.44,194.01,234.82,194.01
236.19,132.17,287.68,132.17,287.68,194.49,236.19,194.49
255.84,131.37,307.81,131.37,307.81,194.28,255.84,194.28
2
0
0
0
0
1
317.01,138.12,371.42,138.12,371.42,202.59,317.01,202.59
314.63,137.03,369.82,137.03,369.82,202.45,314.63,202.45
310.82,137.9,366.54,137.9,366.54,203.94,310.82,203.94
311.16,138.44,367.14,138.44,367.14,204.78,311.16,204.78
307,138.91,363.27,138.91,363.27,205.6,307,205.6
304.83,139.75,361.39,139.75,361.39,206.78,304.83,206.78
304.08,141.24,360.79,141.24,360.79,208.44,304.08,208.44
301.97,140.57,359.16,140.57,359.16,208.35,301.97,208.35
298.88,141.46,356.56,141.46,356.56,209.82,298.88,209.82
298.15,141.83,355.99,141.83,355.99,210.39,298.15,210.39
295.82,142.53,354.26,142.53,354.26,211.79,295.82,211.79
292.56,142.53,351.72,142.53,351.72,212.63,292.56,212.63
292.16,144.13,351.14,144.13,351.14,214.04,292.16,214.04
290.57,144.19,350.03,144.19,350.03,214.65,290.57,214.65
288.33,145.9,347.85,145.9,347.85,216.44,288.33,216.44
286.55,145.59,346.4,145.59,346.4,216.53,286.55,216.53
284.23,146.86,344.86,146.86,344.86,218.73,284.23,218.73
283.04,147.06,343.84,147.06,343.84,219.12,283.04,219.12
281.66,147.89,342.83,147.89,342.83,220.39,281.66,220.39
279.52,148.56,341.26,148.56,341.26,221.74,279.52,221.74
277.7,148.59,340.14,148.59,340.14,222.59,277.7,222.59
276.42,150.42,339.06,150.42,339.06,224.65,276.42,224.65
274.11,150.86,337.21,150.86,337.21,225.64,274.11,225.64
272.48,151.22,336.51,151.22,336.51,227.11,272.48,227.11
270.69,152.53,335.36,152.53,335.36,229.16,270.69,229.16
269.64,152.52,335.06,152.52,335.06,230.05,269.64,230.05
268.47,153.03,334.28,153.03,334.28,231.03,268.47,231.03
267.88,153.88,333.96,153.88,333.96,232.2,267.88,232.2
266.69,154.74,332.99,154.74,332.99,233.31,266.69,233.31
265.55,155.49,332.24,155.49,332.24,234.53,265.55,234.53
264.93,156.22,332,156.22,332,235.7,264.93,235.7
263.71,157.3,331.43,157.3,331.43,237.55,263.71,237.55
262.59,157.08,330.95,157.08,330.95,238.1,262.59,238.1
262.18,158.09,330.92,158.09,330.92,239.55,262.18,239.55
261.47,159.64,330.63,159.64,330.63,241.61,261.47,241.61
260.75,159.85,330.32,159.85,330.32,242.3,260.75,242.3
260.31,160.15,330.68,160.15,330.68,243.54,260.31,243.54
258.83,160.91,329.77,160.91,329.77,244.99,258.83,244.99
259.03,162.15,330.21,162.15,330.21,246.52,259.03,246.52
257.94,162.34,329.78,162.34,329.78,247.48,257.94,247.48
257.96,163.87,330.37,163.87,330.37,249.7,257.96,249.7
257.21,165.34,329.75,165.34,329.75,251.32,257.21,251.32
257.3,166.31,330.6,166.31,330.6,253.17,257.3,253.17
256.17,166.48,329.93,166.48,329.93,253.9,256.17,253.9
256.4,167.44,330.88,167.44,330.88,255.7,256.4,255.7
255.93,167.7,330.89,167.7,330.89,256.55,255.93,256.55
255.85,170.05,331.18,170.05,331.18,259.32,255.85,259.32
256.01,170.36,332.05,170.36,332.05,260.48,256.01,260.48
256.19,171.4,332.91,171.4,332.91,262.33,256.19,262.33
255.9,172.09,333.31,172.09,333.31,263.84,255.9,263.84
255.88,172.93,333.8,172.93,333.8,265.27,255.88,265.27
256.48,174.93,335.08,174.93,335.08,268.08,256.48,268.08
256.96,175.64,336.23,175.64,336.23,269.59,256.96,269.59
257.69,177.63,337.78,177.63,337.78,272.55,257.69,272.55
257.2,176.6,338.28,176.6,338.28,272.69,257.2,272.69
256.58,146.21,338.22,146.21,338.22,242.98,256.58,242.98
258.14,126.04,340.44,126.04,340.44,223.58,258.14,223.58
258.74,107.12,340.84,107.12,340.84,204.42,258.74,204.42
259.65,97.043,342.92,97.043,342.92,195.73,259.65,195.73
260.71,97.532,345.5,97.532,345.5,198.01,260.71,198.01
261.31,99.353,346.66,99.353,346.66,200.51,261.31,200.51
262.61,100.45,349.17,100.45,349.17,203.04,262.61,203.04
263.29,102.32,350.83,102.32,350.83,206.06,263.29,206.06
264.82,103.78,353.09,103.78,353.09,208.39,264.82,208.39
265.52,105.56,355,105.56,355,211.61,265.52,211.61
267.35,107,358.1,107,358.1,214.55,267.35,214.55
267.87,108.24,359.06,108.24,359.06,216.32,267.87,216.32
270.36,110.9,362.54,110.9,362.54,220.15,270.36,220.15
271.06,110.88,364.45,110.88,364.45,221.56,271.06,221.56
274.1,114.19,368.77,114.19,368.77,226.39,274.1,226.39
274.68,114.5,370.33,114.5,370.33,227.86,274.68,227.86
277.06,117.05,373.84,117.05,373.84,231.76,277.06,231.76
279.93,119.64,377.52,119.64,377.52,235.31,279.93,235.31
281.16,120.89,380.22,120.89,380.22,238.28,281.16,238.28
283.74,122.37,384.22,122.37,384.22,241.45,283.74,241.45
285.78,124.17,387.12,124.17,387.12,244.28,285.78,244.28
290.17,127.52,392.94,127.52,392.94,249.31,290.17,249.31
291.22,128.82,394.53,128.82,394.53,251.25,291.22,251.25
292.47,128.69,398.1,128.69,398.1,253.87,292.47,253.87
294.54,130.73,401.33,130.73,401.33,257.3,294.54,257.3
298.26,133.29,405.99,133.29,405.99,260.98,298.26,260.98
300.96,135.13,409.69,135.13,409.69,263.99,300.96,263.99
305.21,138.28,415.52,138.28,415.52,269.01,305.21,269.01
307.87,139.52,419.34,139.52,419.34,271.62,307.87,271.62
312.89,143.41,425.94,143.41,425.94,277.41,312.89,277.41
315.8,144.56,430.29,144.56,430.29,280.25,315.8,280.25
320.98,147.51,437.43,147.51,437.43,285.52,320.98,285.52
323.8,148.57,441.76,148.57,441.76,288.37,323.8,288.37
328.17,151.61,447.63,151.61,447.63,293.19,328.17,293.19
333.71,154.46,454.69,154.46,454.69,297.85,333.71,297.85
337.05,156.42,459.42,156.42,459.42,301.45,337.05,301.45
345.35,160.6,469.51,160.6,469.51,307.76,345.35,307.76
353.32,164.85,479.01,164.85,479.01,313.82,353.32,313.82
357.15,166.39,485.82,166.39,485.82,318.88,357.15,318.88
366.26,170.43,497.41,170.43,497.41,325.87,366.26,325.87
370,172.9,503.61,172.9,503.61,331.24,370,331.24
373.68,174.54,508.76,174.54,508.76,334.63,373.68,334.63
383.9,179.68,520.91,179.68,520.91,342.06,383.9,342.06
396.87,184.73,537.43,184.73,537.43,351.32,396.87,351.32
402.02,187.19,544.81,187.19,544.81,356.43,402.02,356.43
407.59,190.88,551.96,190.88,551.96,361.99,407.59,361.99
420.67,194.92,566.72,194.92,566.72,368.02,420.67,368.02
432.74,200.29,581.19,200.29,581.19,376.23,432.74,376.23
439.7,203.97,589.65,203.97,589.65,381.69,439.7,381.69
457.36,209.8,610.66,209.8,610.66,391.5,457.36,391.5
473.83,218.33,629.05,218.33,629.05,402.29,473.83,402.29
478.44,221.47,636.08,221.47,636.08,408.3,478.44,408.3
