360,228,394,228,394,251,360,251
360.04,226.71,393.99,226.71,393.99,249.68,360.04,249.68
360.26,226.59,394.49,226.59,394.49,249.74,360.26,249.74
361.24,226.73,395.64,226.73,395.64,250,361.24,250
361.69,226.85,396.02,226.85,396.02,250.08,361.69,250.08
362.61,227.2,397.43,227.2,397.43,250.75,362.61,250.75
363.48,227.27,398.85,227.27,398.85,251.2,363.48,251.2
364.31,227.58,399.3,227.58,399.3,251.24,364.31,251.24
364.69,227.38,400,227.38,400,251.27,364.69,251.27
365.62,227.85,401.41,227.85,401.41,252.06,365.62,252.06
366.61,227.65,402.61,227.65,402.61,252,366.61,252
367.79,228.38,403.83,228.38,403.83,252.77,367.79,252.77
368.47,228.44,404.81,228.44,404.81,253.02,368.47,253.02
368.48,228.24,404.96,228.24,404.96,252.92,368.48,252.92
369.12,228.59,405.89,228.59,405.89,253.46,369.12,253.46
370.47,228.86,407.21,228.86,407.21,253.72,370.47,253.72
370.81,229.19,407.66,229.19,407.66,254.11,370.81,254.11
371.67,229.17,408.68,229.17,408.68,254.2,371.67,254.2
372.72,229.49,409.6,229.49,409.6,254.44,372.72,254.44
373.42,229.53,410.14,229.53,410.14,254.37,373.42,254.37
374.18,230,411.02,230,411.02,254.92,374.18,254.92
375.63,230.46,412.64,230.46,412.64,255.49,375.63,255.49
376.89,231.2,413.78,231.2,413.78,256.15,376.89,256.15
376.98,230.81,414.33,230.81,414.33,256.07,376.98,256.07
377.93,231.24,415.38,231.24,415.38,256.57,377.93,256.57
378.56,231.19,416.16,231.19,416.16,256.63,378.56,256.63
380.37,232.09,418.24,232.09,418.24,257.7,380.37,257.7
380.96,232.01,419.11,232.01,419.11,257.82,380.96,257.82
381.6,232.29,420.38,232.29,420.38,258.51,381.6,258.51
382.4,232.37,421.35,232.37,421.35,258.71,382.4,258.71
383.03,232.69,421.88,232.69,421.88,258.97,383.03,258.97
384.56,233.17,423.56,233.17,423.56,259.55,384.56,259.55
385.33,233.32,424.36,233.32,424.36,259.72,385.33,259.72
385.71,233.25,424.92,233.25,424.92,259.78,385.71,259.78
386.44,233.18,426.04,233.18,426.04,259.96,386.44,259.96
388.45,234.16,428.21,234.16,428.21,261.05,388.45,261.05
388.85,234.06,428.47,234.06,428.47,260.86,388.85,260.86
389.78,234.38,429.52,234.38,429.52,261.26,389.78,261.26
390.35,234.39,430.36,234.39,430.36,261.45,390.35,261.45
391.84,235.29,431.87,235.29,431.87,262.37,391.84,262.37
393.14,235.66,433.39,235.66,433.39,262.89,393.14,262.89
393.58,235.38,433.84,235.38,433.84,262.62,393.58,262.62
394.27,235.74,434.62,235.74,434.62,263.04,394.27,263.04
394.92,235.78,435.47,235.78,435.47,263.22,394.92,263.22
396.44,236.51,437.12,236.51,437.12,264.03,396.44,264.03
396.54,236.76,437.65,236.76,437.65,264.57,396.54,264.57
397.82,236.94,439.01,236.94,439.01,264.8,397.82,264.8
398.69,236.8,440.28,236.8,440.28,264.93,398.69,264.93
398.99,236.77,440.53,236.77,440.53,264.87,398.99,264.87
399.8,236.94,441.16,236.94,441.16,264.92,399.8,264.92
401.29,237.77,442.69,237.77,442.69,265.77,401.29,265.77
402.39,238.01,443.84,238.01,443.84,266.05,402.39,266.05
403.21,238.28,444.88,238.28,444.88,266.46,403.21,266.46
404.76,239.15,446.56,239.15,446.56,267.42,404.76,267.42
405.44,239.17,447.51,239.17,447.51,267.63,405.44,267.63
406.79,239.11,449.08,239.11,449.08,267.72,406.79,267.72
407.78,239.84,450.25,239.84,450.25,268.57,407.78,268.57
408.58,240.21,451.17,240.21,451.17,269.01,408.58,269.01
409.3,239.98,451.99,239.98,451.99,268.86,409.3,268.86
410.29,240.21,453.14,240.21,453.14,269.19,410.29,269.19
412.48,241.26,455.56,241.26,455.56,270.41,412.48,270.41
413.41,241.47,456.43,241.47,456.43,270.57,413.41,270.57
414.2,241.64,457.4,241.64,457.4,270.86,414.2,270.86
414.88,241.62,458.31,241.62,458.31,271,414.88,271
417.1,242.62,460.65,242.62,460.65,272.09,417.1,272.09
417.9,242.99,461.85,242.99,461.85,272.73,417.9,272.73
418.53,242.62,462.71,242.62,462.71,272.51,418.53,272.51
419.67,243.23,464.01,243.23,464.01,273.22,419.67,273.22
420.2,242.77,464.89,242.77,464.89,273.01,420.2,273.01
422.39,244.04,467.08,244.04,467.08,274.27,422.39,274.27
423.51,244.39,468.49,244.39,468.49,274.81,423.51,274.81
423.9,244.51,469.02,244.51,469.02,275.04,423.9,275.04
425.09,244.75,470.31,244.75,470.31,275.33,425.09,275.33
426.27,245.42,471.82,245.42,471.82,276.24,426.27,276.24
427.68,245.63,473.35,245.63,473.35,276.53,427.68,276.53
428.69,246.18,474.56,246.18,474.56,277.22,428.69,277.22
429.73,246.52,475.92,246.52,475.92,277.77,429.73,277.77
430.52,246.84,476.97,246.84,476.97,278.25,430.52,278.25
432.54,247.75,479.22,247.75,479.22,279.32,432.54,279.32
432.95,247.75,479.85,247.75,479.85,279.48,432.95,279.48
433.57,247.94,480.77,247.94,480.77,279.86,433.57,279.86
434.65,248.35,482.09,248.35,482.09,280.44,434.65,280.44
435.37,248.33,483.09,248.33,483.09,280.62,435.37,280.62
437.51,249.56,485.55,249.56,485.55,282.06,437.51,282.06
437.88,249.62,486.04,249.62,486.04,282.2,437.88,282.2
439.3,250.09,487.85,250.09,487.85,282.93,439.3,282.93
439.71,250.16,488.77,250.16,488.77,283.35,439.71,283.35
440.29,250.17,489.88,250.17,489.88,283.73,440.29,283.73
442.25,250.77,492.04,250.77,492.04,284.45,442.25,284.45
442.92,251,492.94,251,492.94,284.84,442.92,284.84
444.1,251.92,494.12,251.92,494.12,285.76,444.1,285.76
444.96,252.63,495.02,252.63,495.02,286.49,444.96,286.49
446.05,252.95,496.45,252.95,496.45,287.05,446.05,287.05
447.1,253.1,497.69,253.1,497.69,287.32,447.1,287.32
448.47,253.79,499.45,253.79,499.45,288.27,448.47,288.27
449.16,253.64,500.48,253.64,500.48,288.35,449.16,288.35
450.22,254.15,501.77,254.15,501.77,289.02,450.22,289.02
450.65,254.31,502.48,254.31,502.48,289.38,450.65,289.38
452.85,255.51,505.28,255.51,505.28,290.98,452.85,290.98
453.99,256,506.54,256,506.54,291.55,453.99,291.55
454.09,256.04,506.83,256.04,506.83,291.72,454.09,291.72
454.9,256.49,507.73,256.49,507.73,292.22,454.9,292.22
457.04,257.82,510.24,257.82,510.24,293.81,457.04,293.81
457.25,257.91,510.5,257.91,510.5,293.94,457.25,293.94
458.16,258.26,511.92,258.26,511.92,294.62,458.16,294.62
458.69,258.6,512.81,258.6,512.81,295.21,458.69,295.21
460.14,259.58,514.38,259.58,514.38,296.27,460.14,296.27
460.68,259.86,514.79,259.86,514.79,296.46,460.68,296.46
462.78,261.2,517.03,261.2,517.03,297.9,462.78,297.9
462.92,261.05,517.57,261.05,517.57,298.03,462.92,298.03
464.37,261.84,519.05,261.84,519.05,298.83,464.37,298.83
465.19,262.53,520.1,262.53,520.1,299.67,465.19,299.67
465.3,262.34,520.44,262.34,520.44,299.64,465.3,299.64
467.39,264.09,522.57,264.09,522.57,301.42,467.39,301.42
468.35,264.39,523.85,264.39,523.85,301.94,468.35,301.94
468.35,264.54,524.17,264.54,524.17,302.29,468.35,302.29
469.4,265.52,525.63,265.52,525.63,303.56,469.4,303.56
470.67,266.47,527.17,266.47,527.17,304.69,470.67,304.69
471.34,267,528.36,267,528.36,305.57,471.34,305.57
471.9,266.91,529.63,266.91,529.63,305.96,471.9,305.96
472.13,266.87,530.44,266.87,530.44,306.32,472.13,306.32
472.87,267.56,531.53,267.56,531.53,307.24,472.87,307.24
474.68,269.06,533.63,269.06,533.63,308.93,474.68,308.93
475.24,269.24,534.14,269.24,534.14,309.09,475.24,309.09
475.88,269.64,535.18,269.64,535.18,309.76,475.88,309.76
476.91,270.61,536.36,270.61,536.36,310.83,476.91,310.83
477.75,271.41,537.27,271.41,537.27,311.67,477.75,311.67
478.7,272.19,538.85,272.19,538.85,312.88,478.7,312.88
479.69,272.89,540.17,272.89,540.17,313.8,479.69,313.8
480.62,273.66,541.26,273.66,541.26,314.68,480.62,314.68
481.5,274.64,542.1,274.64,542.1,315.63,481.5,315.63
481.67,275.01,543.32,275.01,543.32,316.72,481.67,316.72
483.19,276.46,545.06,276.46,545.06,318.32,483.19,318.32
483.37,276.9,545.74,276.9,545.74,319.09,483.37,319.09
484.71,277.97,546.92,277.97,546.92,320.05,484.71,320.05
484.92,278.42,547.96,278.42,547.96,321.07,484.92,321.07
486.13,279.7,549.22,279.7,549.22,322.38,486.13,322.38
486.4,280.16,550.47,280.16,550.47,323.51,486.4,323.51
487.29,280.84,551.69,280.84,551.69,324.4,487.29,324.4
486.96,280.94,552.14,280.94,552.14,325.03,486.96,325.03
487.91,281.67,553.43,281.67,553.43,325.99,487.91,325.99
488.14,282.32,553.42,282.32,553.42,326.48,488.14,326.48
489.46,284.27,554.88,284.27,554.88,328.52,489.46,328.52
489.21,284.17,555.5,284.17,555.5,329.01,489.21,329.01
489.96,285.5,556.61,285.5,556.61,330.58,489.96,330.58
489.72,285.63,556.9,285.63,556.9,331.07,489.72,331.07
489.88,286.46,557.32,286.46,557.32,332.08,489.88,332.08
490.93,288.5,558.73,288.5,558.73,334.36,490.93,334.36
490.34,288.6,559.11,288.6,559.11,335.13,490.34,335.13
491.02,290.05,559.95,290.05,559.95,336.68,491.02,336.68
490.7,290.17,560.35,290.17,560.35,337.28,490.7,337.28
490.9,291.21,561.06,291.21,561.06,338.68,490.9,338.68
490.63,292.56,561.5,292.56,561.5,340.51,490.63,340.51
491.56,294.24,561.87,294.24,561.87,341.8,491.56,341.8
491.75,295.31,561.9,295.31,561.9,342.76,491.75,342.76
490.71,295.76,561.89,295.76,561.89,343.91,490.71,343.91
490,297.53,561.98,297.53,561.98,346.22,490,346.22
489.63,298.33,562.27,298.33,562.27,347.47,489.63,347.47
490.29,299.64,562.79,299.64,562.79,348.69,490.29,348.69
489.32,300.11,562.56,300.11,562.56,349.65,489.32,349.65
489.24,301.36,562.49,301.36,562.49,350.91,489.24,350.91
488.52,303.39,561.77,303.39,561.77,352.94,488.52,352.94
488.32,304.34,561.91,304.34,561.91,354.12,488.32,354.12
487.19,304.98,561.29,304.98,561.29,355.1,487.19,355.1
486.25,305.74,561.13,305.74,561.13,356.39,486.25,356.39
484.94,307.49,560.93,307.49,560.93,358.9,484.94,358.9
483.66,308.32,560.19,308.32,560.19,360.1,483.66,360.1
482.78,309.21,560.2,309.21,560.2,361.59,482.78,361.59
481.88,310.1,559.92,310.1,559.92,362.9,481.88,362.9
480.98,311.51,559.43,311.51,559.43,364.57,480.98,364.57
478,313.32,557.29,313.32,557.29,366.96,478,366.96
477.8,314.75,557.95,314.75,557.95,368.97,477.8,368.97
475.78,315.46,556.4,315.46,556.4,370,475.78,370
474.61,316.66,556.11,316.66,556.11,371.79,474.61,371.79
472.52,319.15,554.89,319.15,554.89,374.87,472.52,374.87
470.54,319.92,553.24,319.92,553.24,375.86,470.54,375.86
469.87,321.25,553.58,321.25,553.58,377.87,469.87,377.87
467.9,322.34,551.86,322.34,551.86,379.14,467.9,379.14
465.27,323.51,550.02,323.51,550.02,380.83,465.27,380.83
462.67,325.55,547.95,325.55,547.95,383.24,462.67,383.24
460.16,327.28,546.07,327.28,546.07,385.39,460.16,385.39
458.58,328.66,544.71,328.66,544.71,386.92,458.58,386.92
456.8,329.66,543.6,329.66,543.6,388.37,456.8,388.37
454.46,331.06,541.77,331.06,541.77,390.12,454.46,390.12
449.93,333.41,538.13,333.41,538.13,393.08,449.93,393.08
446.08,334.73,535.13,334.73,535.13,394.97,446.08,394.97
444.12,336.17,533.83,336.17,533.83,396.86,444.12,396.86
441.79,336.99,531.95,336.99,531.95,397.99,441.79,397.99
439.56,338.12,530.62,338.12,530.62,399.72,439.56,399.72
434.48,340.79,526.26,340.79,526.26,402.88,434.48,402.88
432.35,341.65,524.85,341.65,524.85,404.22,432.35,404.22
429.21,343.86,522.45,343.86,522.45,406.94,429.21,406.94
425.84,345.38,520.22,345.38,520.22,409.22,425.84,409.22
423.58,346.75,518.76,346.75,518.76,411.14,423.58,411.14
417.72,349.22,513.82,349.22,513.82,414.23,417.72,414.23
414.46,351.51,511.69,351.51,511.69,417.29,414.46,417.29
410.28,353.41,508.28,353.41,508.28,419.71,410.28,419.71
407.59,354.43,506.62,354.43,506.62,421.42,407.59,421.42
405,356.36,504.56,356.36,504.56,423.71,405,423.71
396.97,360.19,497.99,360.19,497.99,428.53,396.97,428.53
393.37,361.11,495.21,361.11,495.21,429.99,393.37,429.99
389.97,362.42,492.66,362.42,492.66,431.89,389.97,431.89
386.16,364.53,489.6,364.53,489.6,434.5,386.16,434.5
382.59,365.79,486.67,365.79,486.67,436.19,382.59,436.19
376.14,368.78,480.81,368.78,480.81,439.58,376.14,439.58
372.59,370.61,477.99,370.61,477.99,441.91,372.59,441.91
370.13,372.22,476.15,372.22,476.15,443.93,370.13,443.93
366.04,373.76,471.94,373.76,471.94,445.4,366.04,445.4
363,375.36,468.69,375.36,468.69,446.86,363,446.86
353.25,380.39,460.08,380.39,460.08,452.66,353.25,452.66
348.06,383.08,456.51,383.08,456.51,456.44,348.06,456.44
345.24,384.38,454.53,384.38,454.53,458.32,345.24,458.32
342.68,385.16,451.86,385.16,451.86,459.02,342.68,459.02
337.44,388.03,445.42,388.03,445.42,461.07,337.44,461.07
333.84,390.69,441.49,390.69,441.49,463.52,333.84,463.52
332.16,391.45,438.93,391.45,438.93,463.68,332.16,463.68
328.47,394.29,434.79,394.29,434.79,466.21,328.47,466.21
325.79,396.25,430.95,396.25,430.95,467.39,325.79,467.39
