420,307,599,307,599,419,420,419
405.87,299.82,581.21,299.82,581.21,409.53,405.87,409.53
400.55,297.28,575.21,297.28,575.21,406.56,400.55,406.56
391.68,292.5,565.99,292.5,565.99,401.57,391.68,401.57
387.24,289.66,556.44,289.66,556.44,395.53,387.24,395.53
383.13,287.6,549.29,287.6,549.29,391.56,383.13,391.56
375.7,282.73,540.03,282.73,540.03,385.55,375.7,385.55
371.51,280.25,534.39,280.25,534.39,382.16,371.51,382.16
367.05,277.89,527.41,277.89,527.41,378.23,367.05,378.23
362.07,274.26,517.41,274.26,517.41,371.46,362.07,371.46
358.8,272.65,512.05,272.65,512.05,368.53,358.8,368.53
350.74,268.05,502.25,268.05,502.25,362.85,350.74,362.85
347.79,266.17,497.86,266.17,497.86,360.06,347.79,360.06
341.03,261.89,489.47,261.89,489.47,354.77,341.03,354.77
338.63,261.2,484.26,261.2,484.26,352.32,338.63,352.32
334.34,258.58,478.39,258.58,478.39,348.71,334.34,348.71
329.91,255.78,470.47,255.78,470.47,343.72,329.91,343.72
327.09,254.25,466.2,254.25,466.2,341.29,327.09,341.29
322.07,250.86,458.69,250.86,458.69,336.34,322.07,336.34
319.25,248.73,454.29,248.73,454.29,333.23,319.25,333.23
315.35,246.43,450.26,246.43,450.26,330.84,315.35,330.84
311.34,242.89,443.99,242.89,443.99,325.89,311.34,325.89
309.15,242.01,440.11,242.01,440.11,323.95,309.15,323.95
303.37,238.39,432.74,238.39,432.74,319.34,303.37,319.34
301.4,237.01,429.79,237.01,429.79,317.34,301.4,317.34
298.24,234.96,425.38,234.96,425.38,314.51,298.24,314.51
293.84,231.84,418.64,231.84,418.64,309.93,293.84,309.93
291.89,231.26,414.85,231.26,414.85,308.2,291.89,308.2
287.97,228.9,409.05,228.9,409.05,304.66,287.97,304.66
285.03,227.04,406.42,227.04,406.42,302.99,285.03,302.99
280.21,223.4,399.67,223.4,399.67,298.14,280.21,298.14
278.39,222.98,396.9,222.98,396.9,297.13,278.39,297.13
273.95,220.09,391.02,220.09,391.02,293.34,273.95,293.34
272.01,218.81,387.98,218.81,387.98,291.37,272.01,291.37
269.06,217.24,384.43,217.24,384.43,289.43,269.06,289.43
265.96,214.96,379.25,214.96,379.25,285.84,265.96,285.84
264.21,214.02,376.59,214.02,376.59,284.34,264.21,284.34
260.29,211.83,371.43,211.83,371.43,281.37,260.29,281.37
258.37,210.79,369.02,210.79,369.02,280.02,258.37,280.02
255.7,209.1,364.79,209.1,364.79,277.36,255.7,277.36
252.8,207.36,360.62,207.36,360.62,274.83,252.8,274.83
251.23,206.67,358.65,206.67,358.65,273.88,251.23,273.88
247.2,203.97,352.94,203.97,352.94,270.14,247.2,270.14
245.17,202.94,350.66,202.94,350.66,268.95,245.17,268.95
243.79,202.28,347.34,202.28,347.34,267.07,243.79,267.07
240.44,199.91,343.42,199.91,343.42,264.35,240.44,264.35
239.16,198.82,340.96,198.82,340.96,262.52,239.16,262.52
237.15,197.36,337.76,197.36,337.76,260.31,237.15,260.31
234.76,195.48,334.26,195.48,334.26,257.74,234.76,257.74
233.48,194.4,332.48,194.4,332.48,256.35,233.48,256.35
230.68,192.18,329.1,192.18,329.1,253.76,230.68,253.76
229.43,191.41,326.78,191.41,326.78,252.33,229.43,252.33
228.2,190.36,324.3,190.36,324.3,250.49,228.2,250.49
226.46,188.85,321.64,188.85,321.64,248.4,226.46,248.4
226.12,188.32,320.36,188.32,320.36,247.28,226.12,247.28
224.25,186.32,317.63,186.32,317.63,244.75,224.25,244.75
223.24,185.66,316.38,185.66,316.38,243.94,223.24,243.94
222.22,184,314.53,184,314.53,241.76,222.22,241.76
220.93,182.89,312.27,182.89,312.27,240.04,220.93,240.04
220.45,181.68,311.04,181.68,311.04,238.36,220.45,238.36
219.57,179.94,309.07,179.94,309.07,235.94,219.57,235.94
218.78,179.37,308.12,179.37,308.12,235.26,218.78,235.26
217.57,177.33,306.56,177.33,306.56,233.01,217.57,233.01
217.37,176.22,306.08,176.22,306.08,231.73,217.37,231.73
217.39,175.68,305.12,175.68,305.12,230.57,217.39,230.57
216.61,174.06,303.75,174.06,303.75,228.58,216.61,228.58
217.06,173.35,303.3,173.35,303.3,227.31,217.06,227.31
217.5,172.35,302.76,172.35,302.76,225.69,217.5,225.69
217.65,171.43,302.5,171.43,302.5,224.52,217.65,224.52
216.7,170,301.26,170,301.26,222.9,216.7,222.9
217.73,169.25,301.52,169.25,301.52,221.68,217.73,221.68
217.97,168.34,300.57,168.34,300.57,220.02,217.97,220.02
217.51,166.88,299.96,166.88,299.96,218.47,217.51,218.47
218.98,166.45,300.97,166.45,300.97,217.75,218.98,217.75
218.62,165.16,300.25,165.16,300.25,216.23,218.62,216.23
220.01,164.58,300.5,164.58,300.5,214.94,220.01,214.94
220.2,163.78,300.39,163.78,300.39,213.96,220.2,213.96
220.8,162.84,300.85,162.84,300.85,212.92,220.8,212.92
222.12,161.55,301.46,161.55,301.46,211.19,222.12,211.19
222.83,161.29,301.57,161.29,301.57,210.55,222.83,210.55
224.25,159.87,302.41,159.87,302.41,208.77,224.25,208.77
224.98,159.26,302.68,159.26,302.68,207.87,224.98,207.87
225.63,158.67,302.65,158.67,302.65,206.86,225.63,206.86
227.75,157.76,304.01,157.76,304.01,205.48,227.75,205.48
228.67,157.59,304.1,157.59,304.1,204.79,228.67,204.79
230.35,155.67,305.61,155.67,305.61,202.75,230.35,202.75
230.91,155.46,306.04,155.46,306.04,202.47,230.91,202.47
232.93,154.97,307.28,154.97,307.28,201.49,232.93,201.49
234.23,153.47,308.54,153.47,308.54,199.96,234.23,199.96
235.3,152.74,309.07,152.74,309.07,198.9,235.3,198.9
237.4,151.45,310.74,151.45,310.74,197.34,237.4,197.34
238.57,150.98,311.74,150.98,311.74,196.76,238.57,196.76
239.9,149.96,312.82,149.96,312.82,195.58,239.9,195.58
242.38,149.63,314.47,149.63,314.47,194.74,242.38,194.74
243.11,148.28,315.16,148.28,315.16,193.36,243.11,193.36
245.1,147.75,316.38,147.75,316.38,192.35,245.1,192.35
248,147.53,318.41,147.53,318.41,191.58,248,191.58
248.77,146.51,319,146.51,319,190.45,248.77,190.45
250.76,145.35,320.8,145.35,320.8,189.17,250.76,189.17
253.23,145.58,322.24,145.58,322.24,188.76,253.23,188.76
254.49,145.05,323.08,145.05,323.08,187.97,254.49,187.97
257.4,143.89,325.36,143.89,325.36,186.41,257.4,186.41
258.16,143.56,325.96,143.56,325.96,185.99,258.16,185.99
261.44,142.89,328.83,142.89,328.83,185.06,261.44,185.06
262.49,142.14,329.38,142.14,329.38,184,262.49,184
264.1,141.77,330.97,141.77,330.97,183.61,264.1,183.61
266.21,140.82,332.99,140.82,332.99,182.6,266.21,182.6
268.2,140.66,334.19,140.66,334.19,181.95,268.2,181.95
271.38,139.99,336.71,139.99,336.71,180.86,271.38,180.86
272.9,139.29,337.93,139.29,337.93,179.97,272.9,179.97
275,138.63,339.67,138.63,339.67,179.1,275,179.1
277.41,137.81,341.81,137.81,341.81,178.1,277.41,178.1
278.9,137.29,342.91,137.29,342.91,177.34,278.9,177.34
280.38,136.67,343.94,136.67,343.94,176.44,280.38,176.44
283.14,136.3,346.34,136.3,346.34,175.84,283.14,175.84
284.86,135.85,347.49,135.85,347.49,175.03,284.86,175.03
286.98,135.52,349.19,135.52,349.19,174.44,286.98,174.44
289.51,134.85,351.22,134.85,351.22,173.47,289.51,173.47
290.79,134.35,352.24,134.35,352.24,172.8,290.79,172.8
293.42,133.35,354.83,133.35,354.83,171.78,293.42,171.78
295.14,133.29,356.19,133.29,356.19,171.49,295.14,171.49
297.26,132.67,357.7,132.67,357.7,170.49,297.26,170.49
299.78,131.81,360.06,131.81,360.06,169.53,299.78,169.53
301.56,131.41,361.41,131.41,361.41,168.86,301.56,168.86
304.56,130.79,363.91,130.79,363.91,167.92,304.56,167.92
306.28,130.67,365.27,130.67,365.27,167.58,306.28,167.58
308.21,130.22,367.12,130.22,367.12,167.07,308.21,167.07
311.21,129.82,369.46,129.82,369.46,166.27,311.21,166.27
312.48,129.63,370.59,129.63,370.59,165.98,312.48,165.98
315.66,128.59,373.61,128.59,373.61,164.85,315.66,164.85
317.37,128.23,374.79,128.23,374.79,164.15,317.37,164.15
319.87,127.1,376.98,127.1,376.98,162.83,319.87,162.83
323.02,126.67,379.59,126.67,379.59,162.07,323.02,162.07
324.7,126.4,381.14,126.4,381.14,161.72,324.7,161.72
327.54,125.7,383.72,125.7,383.72,160.85,327.54,160.85
329.4,125.21,385.39,125.21,385.39,160.24,329.4,160.24
332,124.95,387.44,124.95,387.44,159.64,332,159.64
334.65,124.62,389.49,124.62,389.49,158.93,334.65,158.93
336.11,124.31,390.94,124.31,390.94,158.61,336.11,158.61
339.51,123.56,394.15,123.56,394.15,157.74,339.51,157.74
340.91,122.75,395.47,122.75,395.47,156.89,340.91,156.89
343.29,122.39,397.61,122.39,397.61,156.38,343.29,156.38
346.57,122.31,400.39,122.31,400.39,155.98,346.57,155.98
348.49,122.12,401.56,122.12,401.56,155.33,348.49,155.33
352,121.41,404.77,121.41,404.77,154.43,352,154.43
352.69,120.35,405.8,120.35,405.8,153.58,352.69,153.58
356.38,120.42,408.89,120.42,408.89,153.27,356.38,153.27
359.19,120.07,411.29,120.07,411.29,152.67,359.19,152.67
360.73,119.55,412.86,119.55,412.86,152.17,360.73,152.17
364.32,119,415.89,119,415.89,151.27,364.32,151.27
365.84,118.52,417.23,118.52,417.23,150.68,365.84,150.68
368.97,118.5,419.75,118.5,419.75,150.28,368.97,150.28
371.36,117.73,422.4,117.73,422.4,149.67,371.36,149.67
372.68,117.11,423.37,117.11,423.37,148.82,372.68,148.82
375.16,116.57,425.91,116.57,425.91,148.32,375.16,148.32
378.24,116.3,428.67,116.3,428.67,147.85,378.24,147.85
379.39,115.65,430.03,115.65,430.03,147.34,379.39,147.34
382.24,114.87,432.79,114.87,432.79,146.49,382.24,146.49
384.26,114.67,434.63,114.67,434.63,146.19,384.26,146.19
386.95,114.62,437.11,114.62,437.11,146,386.95,146
389.12,113.89,438.99,113.89,438.99,145.09,389.12,145.09
390.68,113.58,440.3,113.58,440.3,144.63,390.68,144.63
393.26,113.52,442.23,113.52,442.23,144.16,393.26,144.16
395.63,113.06,444.38,113.06,444.38,143.56,395.63,143.56
397.31,112.49,445.93,112.49,445.93,142.92,397.31,142.92
400.65,112.29,449.15,112.29,449.15,142.63,400.65,142.63
402.01,111.92,450.1,111.92,450.1,142.01,402.01,142.01
404.75,111.25,452.88,111.25,452.88,141.36,404.75,141.36
406.49,111.09,454.21,111.09,454.21,140.94,406.49,140.94
408.11,110.4,455.85,110.4,455.85,140.26,408.11,140.26
409.76,109.93,457.94,109.93,457.94,140.07,409.76,140.07
411.6,109.59,459.52,109.59,459.52,139.57,411.6,139.57
413.98,109.38,461.49,109.38,461.49,139.11,413.98,139.11
416.58,108.64,463.51,108.64,463.51,138.01,416.58,138.01
418.33,108.63,465.03,108.63,465.03,137.84,418.33,137.84
420.97,108.45,467.47,108.45,467.47,137.55,420.97,137.55
421.45,107.88,468.37,107.88,468.37,137.23,421.45,137.23
422.43,107.37,469.51,107.37,469.51,136.84,422.43,136.84
423.53,106.51,471,106.51,471,136.21,423.53,136.21
425.79,106.6,472.81,106.6,472.81,136.02,425.79,136.02
