544,313,560,313,560,363,544,363
546.38,311.72,562.44,311.72,562.44,361.91,546.38,361.91
547.73,311.71,563.72,311.71,563.72,361.69,547.73,361.69
549.23,311.53,565.23,311.53,565.23,361.5,549.23,361.5
550.59,311.91,566.57,311.91,566.57,361.84,550.59,361.84
554.07,312.32,570.17,312.32,570.17,362.61,554.07,362.61
555.2,312.45,571.18,312.45,571.18,362.38,555.2,362.38
553.51,313.35,569.29,313.35,569.29,362.65,553.51,362.65
542.95,311.26,558.92,311.26,558.92,361.14,542.95,361.14
559.73,302.69,575.96,302.69,575.96,353.42,559.73,353.42
555.04,286.1,571.43,286.1,571.43,337.34,555.04,337.34
547.9,300.79,564.37,300.79,564.37,352.28,547.9,352.28
549.2,300.9,565.58,300.9,565.58,352.08,549.2,352.08
559.11,299.3,575.6,299.3,575.6,350.83,559.11,350.83
539.28,305.02,555.94,305.02,555.94,357.08,539.28,357.08
528.76,307.26,545.22,307.26,545.22,358.69,528.76,358.69
489.61,313.58,506.14,313.58,506.14,365.24,489.61,365.24
488.73,314.28,505.39,314.28,505.39,366.34,488.73,366.34
487.57,314.65,503.96,314.65,503.96,365.85,487.57,365.85
486.46,298.82,502.66,298.82,502.66,349.47,486.46,349.47
488.25,303.78,504.51,303.78,504.51,354.59,488.25,354.59
477.85,299.73,494.1,299.73,494.1,350.5,477.85,350.5
468.5,302.77,484.76,302.77,484.76,353.58,468.5,353.58
455.08,304.34,471.26,304.34,471.26,354.9,455.08,354.9
445.94,302.5,462.1,302.5,462.1,353.01,445.94,353.01
444.45,303.69,460.71,303.69,460.71,354.51,444.45,354.51
428.31,308.68,444.48,308.68,444.48,359.21,428.31,359.21
406.21,316.83,422.28,316.83,422.28,367.06,406.21,367.06
403.94,319.71,420.17,319.71,420.17,370.42,403.94,370.42
404.68,318.94,421.15,318.94,421.15,370.39,404.68,370.39
402.44,318.56,418.99,318.56,418.99,370.27,402.44,370.27
391.26,305.41,407.79,305.41,407.79,357.07,391.26,357.07
377.48,300.69,393.97,300.69,393.97,352.21,377.48,352.21
357.35,301.69,373.86,301.69,373.86,353.31,357.35,353.31
369.68,303.27,386.43,303.27,386.43,355.6,369.68,355.6
362.76,302.29,379.47,302.29,379.47,354.51,362.76,354.51
371.06,304.87,387.89,304.87,387.89,357.46,371.06,357.46
357.75,307.04,374.67,307.04,374.67,359.91,357.75,359.91
337.7,310.12,354.49,310.12,354.49,362.6,337.7,362.6
312.3,321.58,329.19,321.58,329.19,374.39,312.3,374.39
305.56,326.58,322.51,326.58,322.51,379.54,305.56,379.54
306.02,326.18,323.19,326.18,323.19,379.85,306.02,379.85
305.79,326.08,323.07,326.08,323.07,380.08,305.79,380.08
306.68,328.05,324.08,328.05,324.08,382.41,306.68,382.41
306.31,328.06,323.94,328.06,323.94,383.16,306.31,383.16
305.85,328.29,323.73,328.29,323.73,384.14,305.85,384.14
305.91,322.45,323.67,322.45,323.67,377.96,305.91,377.96
306.09,324.63,323.91,324.63,323.91,380.3,306.09,380.3
304.52,330.13,322.37,330.13,322.37,385.9,304.52,385.9
304.83,331.38,322.7,331.38,322.7,387.21,304.83,387.21
303.84,329.92,321.8,329.92,321.8,386.07,303.84,386.07
303.51,328.96,321.49,328.96,321.49,385.15,303.51,385.15
303.28,330.88,321.34,330.88,321.34,387.33,303.28,387.33
303.26,331.64,321.3,331.64,321.3,388.01,303.26,388.01
300.84,330.85,318.84,330.85,318.84,387.1,300.84,387.1
299.34,332.27,317.3,332.27,317.3,388.41,299.34,388.41
298.57,333.46,316.56,333.46,316.56,389.69,298.57,389.69
296.87,333.43,314.89,333.43,314.89,389.74,296.87,389.74
294.91,334.92,312.9,334.92,312.9,391.16,294.91,391.16
292.77,334.87,310.89,334.87,310.89,391.51,292.77,391.51
291.88,334.68,310.14,334.68,310.14,391.72,291.88,391.72
289.96,335.06,308.27,335.06,308.27,392.26,289.96,392.26
289.56,336.02,307.85,336.02,307.85,393.2,289.56,393.2
288.18,337.5,306.69,337.5,306.69,395.34,288.18,395.34
286.95,337.6,305.52,337.6,305.52,395.61,286.95,395.61
286.28,336.47,304.88,336.47,304.88,394.58,286.28,394.58
286.39,337.2,305.08,337.2,305.08,395.61,286.39,395.61
285.53,338.65,304.23,338.65,304.23,397.09,285.53,397.09
284.76,338.44,303.47,338.44,303.47,396.9,284.76,396.9
283.82,337.77,302.63,337.77,302.63,396.57,283.82,396.57
283.07,338.72,301.79,338.72,301.79,397.19,283.07,397.19
282.05,340.54,300.73,340.54,300.73,398.92,282.05,398.92
282.33,339.37,300.97,339.37,300.97,397.62,282.33,397.62
296.57,360.72,315.25,360.72,315.25,419.1,296.57,419.1
297.25,360.56,316.14,360.56,316.14,419.57,297.25,419.57
296.21,360.65,314.94,360.65,314.94,419.18,296.21,419.18
295.95,360.2,314.97,360.2,314.97,419.62,295.95,419.62
297,361.76,315.98,361.76,315.98,421.07,297,421.07
297.12,361.48,315.96,361.48,315.96,420.36,297.12,420.36
300.1,362.13,318.85,362.13,318.85,420.72,300.1,420.72
295.27,361.27,314.11,361.27,314.11,420.13,295.27,420.13
295.98,362,314.66,362,314.66,420.38,295.98,420.38
297.02,362.04,315.76,362.04,315.76,420.6,297.02,420.6
296.94,361.72,315.62,361.72,315.62,420.09,296.94,420.09
298.48,362.5,317.18,362.5,317.18,420.92,298.48,420.92
298.65,362.98,317.28,362.98,317.28,421.21,298.65,421.21
297.18,362.64,315.74,362.64,315.74,420.64,297.18,420.64
297.58,362.03,316.22,362.03,316.22,420.28,297.58,420.28
298.68,362.25,317.34,362.25,317.34,420.56,298.68,420.56
297.53,362.19,316.27,362.19,316.27,420.74,297.53,420.74
296.45,361.5,315.23,361.5,315.23,420.21,296.45,420.21
296.46,361.92,315.15,361.92,315.15,420.32,296.46,420.32
297.6,362.08,316.33,362.08,316.33,420.61,297.6,420.61
296.45,361.47,315.3,361.47,315.3,420.37,296.45,420.37
296.09,361.99,314.77,361.99,314.77,420.38,296.09,420.38
298.24,362.53,316.86,362.53,316.86,420.71,298.24,420.71
297.11,362.4,315.78,362.4,315.78,420.75,297.11,420.75
297.49,362.71,316.1,362.71,316.1,420.86,297.49,420.86
297.61,362.4,316.26,362.4,316.26,420.67,297.61,420.67
298.28,362.5,316.94,362.5,316.94,420.82,298.28,420.82
297.13,362.15,315.78,362.15,315.78,420.42,297.13,420.42
297.02,362.3,315.64,362.3,315.64,420.5,297.02,420.5
298.37,362.5,316.99,362.5,316.99,420.69,298.37,420.69
297.74,362.47,316.34,362.47,316.34,420.59,297.74,420.59
298.52,362.68,317.15,362.68,317.15,420.89,298.52,420.89
298.23,362.42,316.82,362.42,316.82,420.51,298.23,420.51
297.59,362.66,316.15,362.66,316.15,420.66,297.59,420.66
296.79,361.99,315.38,361.99,315.38,420.09,296.79,420.09
297.07,362.64,315.66,362.64,315.66,420.73,297.07,420.73
297.64,362.71,316.24,362.71,316.24,420.85,297.64,420.85
298.34,362.54,316.96,362.54,316.96,420.73,298.34,420.73
297.67,362.39,316.29,362.39,316.29,420.58,297.67,420.58
297.42,362.26,316.12,362.26,316.12,420.69,297.42,420.69
297.39,361.99,316.1,361.99,316.1,420.45,297.39,420.45
298,361.96,316.68,361.96,316.68,420.31,298,420.31
297.96,362.09,316.6,362.09,316.6,420.35,297.96,420.35
297.57,361.38,316.52,361.38,316.52,420.61,297.57,420.61
298.01,361.02,317,361.02,317,420.38,298.01,420.38
297.97,360.83,316.99,360.83,316.99,420.29,297.97,420.29
297.77,360.81,316.88,360.81,316.88,420.51,297.77,420.51
298.31,362.59,317.02,362.59,317.02,421.08,298.31,421.08
297.39,361.93,316.18,361.93,316.18,420.63,297.39,420.63
297.13,362.22,315.7,362.22,315.7,420.24,297.13,420.24
297.66,362.05,316.27,362.05,316.27,420.19,297.66,420.19
298.02,361.06,316.98,361.06,316.98,420.32,298.02,420.32
298.04,361.24,317.01,361.24,317.01,420.51,298.04,420.51
297.51,361.8,316.24,361.8,316.24,420.34,297.51,420.34
297.64,361.53,316.46,361.53,316.46,420.32,297.64,420.32
297.95,361.99,316.55,361.99,316.55,420.12,297.95,420.12
298.62,362.59,317.23,362.59,317.23,420.75,298.62,420.75
298.31,362.56,316.88,362.56,316.88,420.6,298.31,420.6
297.83,362.45,316.42,362.45,316.42,420.57,297.83,420.57
298.13,362.51,316.73,362.51,316.73,420.62,298.13,420.62
297.76,362.54,316.26,362.54,316.26,420.35,297.76,420.35
297.32,362.03,315.76,362.03,315.76,419.66,297.32,419.66
297.84,362.44,316.25,362.44,316.25,419.97,297.84,419.97
297.69,362.75,316,362.75,316,419.95,297.69,419.95
297.05,362.72,315.08,362.72,315.08,419.06,297.05,419.06
298.44,363.17,316.41,363.17,316.41,419.34,298.44,419.34
297.79,362.95,315.69,362.95,315.69,418.89,297.79,418.89
298.16,363.32,316.17,363.32,316.17,419.58,298.16,419.58
297.64,362.85,315.81,362.85,315.81,419.63,297.64,419.63
297.64,362.14,316.01,362.14,316.01,419.56,297.64,419.56
297.6,362.7,315.95,362.7,315.95,420.03,297.6,420.03
297.66,363.13,316.03,363.13,316.03,420.55,297.66,420.55
298.32,363.21,316.59,363.21,316.59,420.31,298.32,420.31
296.9,361.73,315.4,361.73,315.4,419.56,296.9,419.56
297.39,362.51,315.82,362.51,315.82,420.12,297.39,420.12
298.8,362.55,317.18,362.55,317.18,419.98,298.8,419.98
299.66,363.12,318.02,363.12,318.02,420.49,299.66,420.49
299.84,363.08,318.15,363.08,318.15,420.3,299.84,420.3
297.14,361.99,315.65,361.99,315.65,419.85,297.14,419.85
297.23,361.75,315.93,361.75,315.93,420.2,297.23,420.2
297.5,362.42,316.05,362.42,316.05,420.4,297.5,420.4
298.08,362.52,316.57,362.52,316.57,420.3,298.08,420.3
298.77,362.78,317.19,362.78,317.19,420.33,298.77,420.33
296.8,363.04,315.16,363.04,315.16,420.41,296.8,420.41
297.48,364.29,315.52,364.29,315.52,420.65,297.48,420.65
296.84,364.31,314.8,364.31,314.8,420.44,296.84,420.44
296.47,364.46,314.32,364.46,314.32,420.23,296.47,420.23
297.37,365.79,314.91,365.79,314.91,420.61,297.37,420.61
297.16,365.95,314.67,365.95,314.67,420.67,297.16,420.67
291.75,352.3,309.31,352.3,309.31,407.17,291.75,407.17
309.67,362.09,327.22,362.09,327.22,416.94,309.67,416.94
303.76,373.09,321.4,373.09,321.4,428.23,303.76,428.23
313.19,360.7,330.92,360.7,330.92,416.09,313.19,416.09
314.88,361.01,332.66,361.01,332.66,416.58,314.88,416.58
317.51,361,335.43,361,335.43,417,317.51,417
309.8,363.08,327.89,363.08,327.89,419.6,309.8,419.6
294.58,362.52,312.78,362.52,312.78,419.4,294.58,419.4
294.98,363.24,313.3,363.24,313.3,420.51,294.98,420.51
296.41,363.09,314.87,363.09,314.87,420.78,296.41,420.78
296.54,362.15,315.05,362.15,315.05,419.99,296.54,419.99
297.48,362.48,315.93,362.48,315.93,420.13,297.48,420.13
297.19,362.72,315.73,362.72,315.73,420.64,297.19,420.64
297.18,362.51,315.66,362.51,315.66,420.26,297.18,420.26
296.86,361.49,315.4,361.49,315.4,419.43,296.86,419.43
297.67,362.59,316.21,362.59,316.21,420.53,297.67,420.53
297.26,362.04,315.81,362.04,315.81,420.02,297.26,420.02
296.29,362.24,314.83,362.24,314.83,420.17,296.29,420.17
296.21,362.31,314.78,362.31,314.78,420.34,296.21,420.34
295.82,362.53,314.47,362.53,314.47,420.82,295.82,420.82
295.45,362.42,314.1,362.42,314.1,420.73,295.45,420.73
295.42,362.14,314.12,362.14,314.12,420.56,295.42,420.56
295.56,362.41,314.26,362.41,314.26,420.82,295.56,420.82
295.23,362.63,313.92,362.63,313.92,421.06,295.23,421.06
295.32,362.53,314.01,362.53,314.01,420.94,295.32,420.94
295.68,362.83,314.35,362.83,314.35,421.17,295.68,421.17
295.7,362.69,314.27,362.69,314.27,420.73,295.7,420.73
296.63,362.77,315.24,362.77,315.24,420.92,296.63,420.92
296.2,363.04,314.77,363.04,314.77,421.08,296.2,421.08
296.42,363.31,314.77,363.31,314.77,420.63,296.42,420.63
296.89,363.96,315.04,363.96,315.04,420.69,296.89,420.69
297.45,364.14,315.55,364.14,315.55,420.69,297.45,420.69
296.42,364.47,314.43,364.47,314.43,420.76,296.42,420.76
296.85,362.94,314.75,362.94,314.75,418.86,296.85,418.86
296.69,363.89,314.48,363.89,314.48,419.46,296.69,419.46
294.8,364.19,312.59,364.19,312.59,419.8,294.8,419.8
321.57,361.18,339.48,361.18,339.48,417.15,321.57,417.15
320.12,360.1,337.93,360.1,337.93,415.75,320.12,415.75
321.78,361.4,339.39,361.4,339.39,416.45,321.78,416.45
321.05,361.21,338.7,361.21,338.7,416.37,321.05,416.37
320.61,361.27,338.19,361.27,338.19,416.21,320.61,416.21
320.33,361.4,337.9,361.4,337.9,416.31,320.33,416.31
320.18,361.2,337.79,361.2,337.79,416.24,320.18,416.24
318.91,360.94,336.5,360.94,336.5,415.89,318.91,415.89
319.52,361.15,337.17,361.15,337.17,416.3,319.52,416.3
319.71,360.79,337.32,360.79,337.32,415.85,319.71,415.85
319.57,360.93,337.19,360.93,337.19,416.01,319.57,416.01
319.35,361.13,337,361.13,337,416.27,319.35,416.27
319.63,360.97,337.18,360.97,337.18,415.81,319.63,415.81
319.89,361.15,337.47,361.15,337.47,416.09,319.89,416.09
320.51,361.45,338.08,361.45,338.08,416.36,320.51,416.36
320.78,361.49,338.39,361.49,338.39,416.55,320.78,416.55
319.03,361.32,336.64,361.32,336.64,416.35,319.03,416.35
319.16,361.22,336.7,361.22,336.7,416.02,319.16,416.02
318.21,361.39,335.84,361.39,335.84,416.49,318.21,416.49
318.34,361.41,336.01,361.41,336.01,416.66,318.34,416.66
319.21,360.97,336.99,360.97,336.99,416.52,319.21,416.52
318.03,361.11,335.87,361.11,335.87,416.86,318.03,416.86
319.16,361.11,337.08,361.11,337.08,417.1,319.16,417.1
318.43,360.51,336.44,360.51,336.44,416.81,318.43,416.81
318.44,360.24,336.55,360.24,336.55,416.83,318.44,416.83
318.93,360.77,337.12,360.77,337.12,417.61,318.93,417.61
315.79,360.56,334.04,360.56,334.04,417.61,315.79,417.61
315.89,360.54,334.11,360.54,334.11,417.46,315.89,417.46
318.42,360.55,336.63,360.55,336.63,417.45,318.42,417.45
315.1,360.18,333.29,360.18,333.29,417.03,315.1,417.03
317.07,360.26,335.25,360.26,335.25,417.07,317.07,417.07
