253,52,275,52,275,114,253,114
252.8,50.814,274.77,50.814,274.77,112.72,252.8,112.72
254.64,50.375,276.68,50.375,276.68,112.48,254.64,112.48
255.55,50.09,277.61,50.09,277.61,112.26,255.55,112.26
256.38,49.785,278.53,49.785,278.53,112.22,256.38,112.22
257.26,50.406,278.86,50.406,278.86,111.27,257.26,111.27
258.03,50.167,279.37,50.167,279.37,110.3,258.03,110.3
258.99,49.47,280.28,49.47,280.28,109.48,258.99,109.48
260.53,49.783,281.71,49.783,281.71,109.46,260.53,109.46
261.9,49.477,282.98,49.477,282.98,108.88,261.9,108.88
264.06,49.282,285.2,49.282,285.2,108.87,264.06,108.87
265.79,48.624,286.75,48.624,286.75,107.71,265.79,107.71
267.78,48.928,288.44,48.928,288.44,107.16,267.78,107.16
269.25,48.948,290.02,48.948,290.02,107.48,269.25,107.48
270.97,49.358,291.78,49.358,291.78,108,270.97,108
271.78,48.729,292.59,48.729,292.59,107.39,271.78,107.39
272.79,48.839,293.56,48.839,293.56,107.36,272.79,107.36
274.32,48.961,294.98,48.961,294.98,107.17,274.32,107.17
275,47.628,295.6,47.628,295.6,105.68,275,105.68
276.1,47.137,296.64,47.137,296.64,105.04,276.1,105.04
277.18,47.246,297.97,47.246,297.97,105.83,277.18,105.83
278.91,47.555,299.88,47.555,299.88,106.64,278.91,106.64
280.16,46.318,301.18,46.318,301.18,105.55,280.16,105.55
281.82,45.805,303.06,45.805,303.06,105.67,281.82,105.67
283.2,44.058,304.63,44.058,304.63,104.44,283.2,104.44
284.86,43.429,306.2,43.429,306.2,103.57,284.86,103.57
286.83,43.861,308.39,43.861,308.39,104.62,286.83,104.62
287.82,44.357,309.23,44.357,309.23,104.7,287.82,104.7
288.45,43.952,309.71,43.952,309.71,103.85,288.45,103.85
289.72,43.537,310.83,43.537,310.83,103,289.72,103
290.12,42.91,311.21,42.91,311.21,102.34,290.12,102.34
290.73,42.234,311.89,42.234,311.89,101.86,290.73,101.86
291.45,42,312.65,42,312.65,101.76,291.45,101.76
292.07,42.231,313.25,42.231,313.25,101.92,292.07,101.92
293.03,42.228,314.18,42.228,314.18,101.83,293.03,101.83
294.84,41.998,315.98,41.998,315.98,101.57,294.84,101.57
296.34,41.071,317.47,41.071,317.47,100.64,296.34,100.64
297.38,40.803,318.47,40.803,318.47,100.25,297.38,100.25
298.88,40.663,320.03,40.663,320.03,100.28,298.88,100.28
299.89,41.125,320.89,41.125,320.89,100.28,299.89,100.28
301.13,41.733,322.16,41.733,322.16,101.03,301.13,101.03
301.55,41.683,322.4,41.683,322.4,100.46,301.55,100.46
301.35,41.31,321.99,41.31,321.99,99.471,301.35,99.471
301.41,40.525,321.98,40.525,321.98,98.503,301.41,98.503
301.52,40.005,322.05,40.005,322.05,97.868,301.52,97.868
301.99,40.076,322.45,40.076,322.45,97.734,301.99,97.734
302.57,40.67,323.06,40.67,323.06,98.422,302.57,98.422
302.83,41.014,323.44,41.014,323.44,99.105,302.83,99.105
302.71,40.607,323.19,40.607,323.19,98.314,302.71,98.314
303.64,40.819,324.11,40.819,324.11,98.507,303.64,98.507
303.8,40.099,324.47,40.099,324.47,98.359,303.8,98.359
303.74,39.051,324.5,39.051,324.5,97.541,303.74,97.541
304.21,38.785,324.95,38.785,324.95,97.248,304.21,97.248
304.2,38.914,324.97,38.914,324.97,97.454,304.2,97.454
304.72,66.068,325.4,66.068,325.4,124.35,304.72,124.35
304.51,105,325.17,105,325.17,163.23,304.51,163.23
303.82,101.68,324.43,101.68,324.43,159.76,303.82,159.76
301.33,101.38,321.7,101.38,321.7,158.79,301.33,158.79
300.9,101.54,321.25,101.54,321.25,158.9,300.9,158.9
300.48,101.37,320.78,101.37,320.78,158.58,300.48,158.58
300.23,100.28,320.47,100.28,320.47,157.34,300.23,157.34
300.31,100.21,320.62,100.21,320.62,157.44,300.31,157.44
299.98,99.434,320.35,99.434,320.35,156.83,299.98,156.83
299.61,99.442,320,99.442,320,156.88,299.61,156.88
299.62,100.05,319.91,100.05,319.91,157.23,299.62,157.23
298.95,100.53,319.14,100.53,319.14,157.44,298.95,157.44
298.73,100.54,318.94,100.54,318.94,157.47,298.73,157.47
297.84,99.81,318.06,99.81,318.06,156.79,297.84,156.79
296.99,98.521,317.27,98.521,317.27,155.67,296.99,155.67
296,97.81,316.24,97.81,316.24,154.85,296,154.85
296.29,98.58,316.53,98.58,316.53,155.61,296.29,155.61
295.73,98.567,315.96,98.567,315.96,155.59,295.73,155.59
295.38,99.007,315.48,99.007,315.48,155.65,295.38,155.65
294.52,98.31,314.48,98.31,314.48,154.56,294.52,154.56
294.45,98.31,314.39,98.31,314.39,154.5,294.45,154.5
294.13,97.674,314.03,97.674,314.03,153.76,294.13,153.76
293.63,97.134,313.72,97.134,313.72,153.76,293.63,153.76
292.52,96.938,312.53,96.938,312.53,153.32,292.52,153.32
292.07,97.332,311.94,97.332,311.94,153.33,292.07,153.33
291.92,97.945,311.76,97.945,311.76,153.86,291.92,153.86
290.96,97.607,310.79,97.607,310.79,153.49,290.96,153.49
289.45,96.689,309.25,96.689,309.25,152.47,289.45,152.47
288.62,96.061,308.37,96.061,308.37,151.71,288.62,151.71
287.91,95.773,307.64,95.773,307.64,151.36,287.91,151.36
287.23,95.912,306.89,95.912,306.89,151.32,287.23,151.32
287.1,96.676,306.8,96.676,306.8,152.19,287.1,152.19
286.18,95.988,305.8,95.988,305.8,151.28,286.18,151.28
285.88,96.167,305.46,96.167,305.46,151.34,285.88,151.34
285.33,95.349,305.03,95.349,305.03,150.87,285.33,150.87
283.49,94.674,303.09,94.674,303.09,149.93,283.49,149.93
243.28,95.375,262.73,95.375,262.73,150.17,243.28,150.17
243.63,96.293,262.96,96.293,262.96,150.76,243.63,150.76
243.65,97.353,262.92,97.353,262.92,151.66,243.65,151.66
242.46,96.713,261.59,96.713,261.59,150.63,242.46,150.63
241.26,95.983,260.44,95.983,260.44,150.02,241.26,150.02
240.05,94.715,259.15,94.715,259.15,148.54,240.05,148.54
240.19,95.861,259.49,95.861,259.49,150.27,240.19,150.27
239.26,94.432,258.5,94.432,258.5,148.64,239.26,148.64
238.29,95.373,257.45,95.373,257.45,149.37,238.29,149.37
238.17,95.531,257.23,95.531,257.23,149.27,238.17,149.27
237.94,95.499,257.01,95.499,257.01,149.25,237.94,149.25
237.21,95.078,256.29,95.078,256.29,148.86,237.21,148.86
236.78,94.578,255.98,94.578,255.98,148.68,236.78,148.68
235.5,93.234,254.64,93.234,254.64,147.19,235.5,147.19
235.62,93.96,254.68,93.96,254.68,147.65,235.62,147.65
235.01,94.468,254.17,94.468,254.17,148.47,235.01,148.47
233.85,94.476,252.8,94.476,252.8,147.89,233.85,147.89
232.73,94.395,251.7,94.395,251.7,147.86,232.73,147.86
231.72,93.729,250.63,93.729,250.63,147.04,231.72,147.04
230.83,93.027,249.67,93.027,249.67,146.11,230.83,146.11
230.42,92.979,249.24,92.979,249.24,146.01,230.42,146.01
229.67,93.576,248.38,93.576,248.38,146.3,229.67,146.3
228.62,93.673,247.25,93.673,247.25,146.18,228.62,146.18
228.17,93.401,246.75,93.401,246.75,145.75,228.17,145.75
227.98,92.947,246.53,92.947,246.53,145.22,227.98,145.22
227.54,92.291,246,92.291,246,144.32,227.54,144.32
227.19,92.444,245.6,92.444,245.6,144.32,227.19,144.32
226.37,92.946,244.7,92.946,244.7,144.6,226.37,144.6
225.04,92.764,243.34,92.764,243.34,144.36,225.04,144.36
224.29,92.269,242.64,92.269,242.64,143.98,224.29,143.98
223.24,91.726,241.48,91.726,241.48,143.11,223.24,143.11
223.01,91.769,241.22,91.769,241.22,143.09,223.01,143.09
222.63,91.615,240.78,91.615,240.78,142.76,222.63,142.76
221.9,91.802,239.98,91.802,239.98,142.74,221.9,142.74
221.45,91.747,239.44,91.747,239.44,142.43,221.45,142.43
221.47,92.113,239.32,92.113,239.32,142.41,221.47,142.41
221.24,91.759,238.92,91.759,238.92,141.58,221.24,141.58
221.19,91.309,238.95,91.309,238.95,141.35,221.19,141.35
220.82,91.345,238.46,91.345,238.46,141.07,220.82,141.07
220.29,91.749,237.96,91.749,237.96,141.56,220.29,141.56
219.02,91.848,236.67,91.848,236.67,141.6,219.02,141.6
218,91.333,235.66,91.333,235.66,141.1,218,141.1
217.45,90.907,235.05,90.907,235.05,140.52,217.45,140.52
216.63,90.132,234.23,90.132,234.23,139.72,216.63,139.72
216.14,90.162,233.69,90.162,233.69,139.64,216.14,139.64
215.81,90.851,233.31,90.851,233.31,140.17,215.81,140.17
215.44,90.515,232.8,90.515,232.8,139.45,215.44,139.45
215.51,90.56,232.76,90.56,232.76,139.16,215.51,139.16
215.23,89.592,232.52,89.592,232.52,138.32,215.23,138.32
215.52,90.257,232.75,90.257,232.75,138.8,215.52,138.8
215.46,90.145,232.66,90.145,232.66,138.62,215.46,138.62
215.02,90.31,232.2,90.31,232.2,138.73,215.02,138.73
214.33,89.893,231.48,89.893,231.48,138.22,214.33,138.22
214.01,89.581,231.02,89.581,231.02,137.51,214.01,137.51
213.74,89.135,230.61,89.135,230.61,136.68,213.74,136.68
213.95,89.385,230.82,89.385,230.82,136.92,213.95,136.92
214.22,89.694,231,89.694,231,136.99,214.22,136.99
214.51,89.945,231.27,89.945,231.27,137.17,214.51,137.17
215.02,90.102,231.71,90.102,231.71,137.12,215.02,137.12
215.55,89.762,232.15,89.762,232.15,136.55,215.55,136.55
216.14,89.508,232.71,89.508,232.71,136.21,216.14,136.21
216.16,89.564,232.79,89.564,232.79,136.43,216.16,136.43
216.12,89.597,232.68,89.597,232.68,136.25,216.12,136.25
215.89,89.23,232.45,89.23,232.45,135.91,215.89,135.91
215.69,89.161,232.26,89.161,232.26,135.88,215.69,135.88
215.38,89.129,231.93,89.129,231.93,135.78,215.38,135.78
215.44,89.026,231.98,89.026,231.98,135.64,215.44,135.64
215.32,88.865,231.86,88.865,231.86,135.48,215.32,135.48
215.38,89.257,231.87,89.257,231.87,135.72,215.38,135.72
215.49,89.172,231.94,89.172,231.94,135.54,215.49,135.54
215.95,89.67,232.36,89.67,232.36,135.9,215.95,135.9
216.26,89.503,232.65,89.503,232.65,135.7,216.26,135.7
217.02,89.39,233.4,89.39,233.4,135.53,217.02,135.53
217.47,89.693,233.82,89.693,233.82,135.76,217.47,135.76
217.62,89.408,233.95,89.408,233.95,135.42,217.62,135.42
217.48,89.268,233.78,89.268,233.78,135.21,217.48,135.21
217.57,89.511,233.88,89.511,233.88,135.47,217.57,135.47
217.71,89.263,233.99,89.263,233.99,135.15,217.71,135.15
217.51,89.091,233.8,89.091,233.8,135,217.51,135
217.73,89.326,234,89.326,234,135.17,217.73,135.17
217.81,89.459,234.07,89.459,234.07,135.28,217.81,135.28
217.46,89.041,233.68,89.041,233.68,134.77,217.46,134.77
217.71,90.466,233.83,90.466,233.83,135.88,217.71,135.88
217.94,90.997,234.04,90.997,234.04,136.35,217.94,136.35
217.91,90.516,233.93,90.516,233.93,135.68,217.91,135.68
217.97,90.173,234.08,90.173,234.08,135.56,217.97,135.56
218.68,90.46,234.85,90.46,234.85,136.03,218.68,136.03
218.69,90.253,234.87,90.253,234.87,135.84,218.69,135.84
218.46,90.003,234.72,90.003,234.72,135.83,218.46,135.83
218.54,89.781,234.87,89.781,234.87,135.81,218.54,135.81
218.85,90.328,235.07,90.328,235.07,136.02,218.85,136.02
218.79,89.793,234.96,89.793,234.96,135.39,218.79,135.39
218.61,89.865,234.85,89.865,234.85,135.61,218.61,135.61
218.8,90.378,235,90.378,235,136.03,218.8,136.03
218.83,89.984,235.07,89.984,235.07,135.76,218.83,135.76
219.06,90.129,235.29,90.129,235.29,135.86,219.06,135.86
219.25,90.369,235.4,90.369,235.4,135.9,219.25,135.9
219.32,89.944,235.45,89.944,235.45,135.4,219.32,135.4
219.36,90.02,235.47,90.02,235.47,135.43,219.36,135.43
220.16,90.228,236.22,90.228,236.22,135.48,220.16,135.48
219.43,89.728,235.48,89.728,235.48,134.97,219.43,134.97
218.94,90.088,234.96,90.088,234.96,135.24,218.94,135.24
218.69,90.261,234.69,90.261,234.69,135.36,218.69,135.36
218.61,90.239,234.63,90.239,234.63,135.41,218.61,135.41
218.58,90.239,234.56,90.239,234.56,135.27,218.58,135.27
218.75,90.378,234.7,90.378,234.7,135.34,218.75,135.34
219.05,90.403,235.02,90.403,235.02,135.41,219.05,135.41
219.18,90.458,235.18,90.458,235.18,135.55,219.18,135.55
219.88,91.033,235.86,91.033,235.86,136.09,219.88,136.09
219.87,90.603,235.88,90.603,235.88,135.74,219.87,135.74
220.72,91.002,236.74,91.002,236.74,136.16,220.72,136.16
220.9,91.335,236.9,91.335,236.9,136.41,220.9,136.41
221,91.302,237.01,91.302,237.01,136.41,221,136.41
221.22,91.302,237.17,91.302,237.17,136.27,221.22,136.27
220.95,90.734,236.9,90.734,236.9,135.7,220.95,135.7
221.52,90.665,237.47,90.665,237.47,135.6,221.52,135.6
221.46,91.331,237.43,91.331,237.43,136.32,221.46,136.32
221.81,91.471,237.79,91.471,237.79,136.52,221.81,136.52
221.33,91.001,237.34,91.001,237.34,136.13,221.33,136.13
221.59,91.08,237.6,91.08,237.6,136.2,221.59,136.2
221.68,91.263,237.68,91.263,237.68,136.37,221.68,136.37
221.45,91.269,237.42,91.269,237.42,136.28,221.45,136.28
221.26,90.578,237.15,90.578,237.15,135.38,221.26,135.38
220.91,90.746,236.86,90.746,236.86,135.72,220.91,135.72
220.87,90.766,236.92,90.766,236.92,136.01,220.87,136.01
221.08,91.009,237.16,91.009,237.16,136.35,221.08,136.35
221.26,90.929,237.38,90.929,237.38,136.35,221.26,136.35
221.58,90.857,237.7,90.857,237.7,136.29,221.58,136.29
221.56,91.135,237.65,91.135,237.65,136.46,221.56,136.46
221.36,90.927,237.4,90.927,237.4,136.12,221.36,136.12
221.05,91.182,237.05,91.182,237.05,136.27,221.05,136.27
220.7,90.873,236.7,90.873,236.7,135.95,220.7,135.95
220.53,91.284,236.51,91.284,236.51,136.32,220.53,136.32
220.58,91.374,236.53,91.374,236.53,136.32,220.58,136.32
220.6,91.477,236.48,91.477,236.48,136.24,220.6,136.24
220.27,91.231,236.11,91.231,236.11,135.86,220.27,135.86
220.13,91.419,235.91,91.419,235.91,135.9,220.13,135.9
220.23,91.608,235.92,91.608,235.92,135.84,220.23,135.84
219.81,91.877,235.49,91.877,235.49,136.07,219.81,136.07
220.5,91.701,236.15,91.701,236.15,135.81,220.5,135.81
221.08,91.64,236.73,91.64,236.73,135.74,221.08,135.74
221.41,91.631,236.99,91.631,236.99,135.55,221.41,135.55
222.25,92.039,237.77,92.039,237.77,135.78,222.25,135.78
222.03,92.297,237.48,92.297,237.48,135.84,222.03,135.84
222.03,92.201,237.44,92.201,237.44,135.63,222.03,135.63
221.86,91.74,237.23,91.74,237.23,135.06,221.86,135.06
222.12,92.092,237.48,92.092,237.48,135.38,222.12,135.38
221.83,92.437,237.16,92.437,237.16,135.64,221.83,135.64
221.69,92.813,237.03,92.813,237.03,136.06,221.69,136.06
221.01,92.48,236.39,92.48,236.39,135.81,221.01,135.81
221.4,92.082,236.86,92.082,236.86,135.65,221.4,135.65
221.5,92.05,236.95,92.05,236.95,135.59,221.5,135.59
222.05,92.064,237.51,92.064,237.51,135.64,222.05,135.64
222.17,92.518,237.62,92.518,237.62,136.05,222.17,136.05
221.95,92.411,237.34,92.411,237.34,135.78,221.95,135.78
221.67,92.299,237.04,92.299,237.04,135.61,221.67,135.61
221.72,92.283,237.07,92.283,237.07,135.55,221.72,135.55
221.76,92.283,237.12,92.283,237.12,135.57,221.76,135.57
222.16,92.303,237.5,92.303,237.5,135.51,222.16,135.51
222.39,92.212,237.7,92.212,237.7,135.37,222.39,135.37
222.51,91.724,237.79,91.724,237.79,134.78,222.51,134.78
222.8,92.109,238.11,92.109,238.11,135.24,222.8,135.24
222.88,92.358,238.21,92.358,238.21,135.55,222.88,135.55
223.01,92.275,238.36,92.275,238.36,135.53,223.01,135.53
223.51,91.934,238.92,91.934,238.92,135.36,223.51,135.36
223.91,91.287,239.32,91.287,239.32,134.73,223.91,134.73
224.47,91.184,239.86,91.184,239.86,134.55,224.47,134.55
224.95,91.698,240.41,91.698,240.41,135.26,224.95,135.26
224.59,91.915,240.08,91.915,240.08,135.57,224.59,135.57
224.58,91.517,240.06,91.517,240.06,135.15,224.58,135.15
224.64,91.478,240.08,91.478,240.08,135,224.64,135
224.98,91.865,240.42,91.865,240.42,135.39,224.98,135.39
225.38,91.953,240.84,91.953,240.84,135.5,225.38,135.5
225.98,91.849,241.44,91.849,241.44,135.41,225.98,135.41
225.92,91.429,241.43,91.429,241.43,135.15,225.92,135.15
226.23,91.659,241.74,91.659,241.74,135.36,226.23,135.36
226.87,91.899,242.39,91.899,242.39,135.63,226.87,135.63
227.61,91.956,243.16,91.956,243.16,135.76,227.61,135.76
228.47,91.218,244.01,91.218,244.01,135.03,228.47,135.03
228.59,91.027,244.12,91.027,244.12,134.78,228.59,134.78
228.95,90.913,244.43,90.913,244.43,134.55,228.95,134.55
228.58,91.357,244.03,91.357,244.03,134.89,228.58,134.89
229.32,91.662,244.72,91.662,244.72,135.08,229.32,135.08
229.31,90.951,244.71,90.951,244.71,134.34,229.31,134.34
229.94,90.862,245.24,90.862,245.24,133.99,229.94,133.99
231.65,92.269,247.03,92.269,247.03,135.6,231.65,135.6
231.52,92.087,246.99,92.087,246.99,135.7,231.52,135.7
231.37,91.396,246.89,91.396,246.89,135.13,231.37,135.13
232.02,91.551,247.62,91.551,247.62,135.51,232.02,135.51
232.7,91.325,248.33,91.325,248.33,135.38,232.7,135.38
232.91,95.889,248.45,95.889,248.45,139.68,232.91,139.68
233.19,95.301,248.74,95.301,248.74,139.11,233.19,139.11
233.67,95.469,249.13,95.469,249.13,139.04,233.67,139.04
233.8,94.658,249.13,94.658,249.13,137.88,233.8,137.88
224.14,92.316,239.47,92.316,239.47,135.5,224.14,135.5
223.17,92.068,238.47,92.068,238.47,135.17,223.17,135.17
221.48,92.5,236.74,92.5,236.74,135.51,221.48,135.51
220.47,92.858,235.74,92.858,235.74,135.88,220.47,135.88
219.54,92.976,234.82,92.976,234.82,136.04,219.54,136.04
218.56,93.099,233.78,93.099,233.78,136,218.56,136
216.07,92.771,231.23,92.771,231.23,135.49,216.07,135.49
214.96,92.603,230.05,92.603,230.05,135.14,214.96,135.14
212.87,93.026,227.98,93.026,227.98,135.59,212.87,135.59
211.38,93.297,226.53,93.297,226.53,135.99,211.38,135.99
210.58,92.921,225.77,92.921,225.77,135.74,210.58,135.74
209.84,92.901,225.06,92.901,225.06,135.8,209.84,135.8
207.72,92.327,223.02,92.327,223.02,135.45,207.72,135.45
207.25,92.573,222.62,92.573,222.62,135.88,207.25,135.88
205.7,92.33,221.09,92.33,221.09,135.71,205.7,135.71
204.46,92.823,219.83,92.823,219.83,136.13,204.46,136.13
202.17,92.395,217.48,92.395,217.48,135.52,202.17,135.52
199.32,92.813,214.62,92.813,214.62,135.93,199.32,135.93
198.93,92.702,214.32,92.702,214.32,136.07,198.93,136.07
198.1,92.467,213.51,92.467,213.51,135.9,198.1,135.9
197.46,91.938,212.79,91.938,212.79,135.13,197.46,135.13
196.05,92.127,211.42,92.127,211.42,135.44,196.05,135.44
196.67,91.708,212.07,91.708,212.07,135.08,196.67,135.08
195.77,92.276,211.15,92.276,211.15,135.63,195.77,135.63
193.57,92.388,209.03,92.388,209.03,135.96,193.57,135.96
191.94,91.919,207.3,91.919,207.3,135.22,191.94,135.22
190.73,91.744,206.09,91.744,206.09,135.05,190.73,135.05
187.85,91.65,203.27,91.65,203.27,135.1,187.85,135.1
185.05,91.512,200.6,91.512,200.6,135.32,185.05,135.32
185.45,91.565,201.11,91.565,201.11,135.7,185.45,135.7
183.32,90.96,199.13,90.96,199.13,135.5,183.32,135.5
182.54,91.045,198.48,91.045,198.48,135.97,182.54,135.97
181.42,91.329,197.51,91.329,197.51,136.69,181.42,136.69
180.72,91.201,196.86,91.201,196.86,136.69,180.72,136.69
180.59,90.854,196.78,90.854,196.78,136.47,180.59,136.47
180.19,91.138,196.49,91.138,196.49,137.06,180.19,137.06
179.65,91.672,195.97,91.672,195.97,137.65,179.65,137.65
179.41,91.193,195.83,91.193,195.83,137.45,179.41,137.45
179.73,90.294,196.15,90.294,196.15,136.57,179.73,136.57
179.7,89.478,196.07,89.478,196.07,135.61,179.7,135.61
179.82,89.938,196.18,89.938,196.18,136.06,179.82,136.06
177.72,91.312,194.3,91.312,194.3,138.03,177.72,138.03
177.65,90.529,194.13,90.529,194.13,136.95,177.65,136.95
176.13,90.344,192.47,90.344,192.47,136.4,176.13,136.4
175.36,90.307,191.76,90.307,191.76,136.55,175.36,136.55
175.07,90.485,191.48,90.485,191.48,136.75,175.07,136.75
173.72,89.925,189.95,89.925,189.95,135.67,173.72,135.67
172.86,89.757,189.04,89.757,189.04,135.36,172.86,135.36
171.98,89.493,188.13,89.493,188.13,135.02,171.98,135.02
171.63,89.67,187.71,89.67,187.71,134.98,171.63,134.98
171.49,89.548,187.55,89.548,187.55,134.81,171.49,134.81
171.38,89.669,187.4,89.669,187.4,134.81,171.38,134.81
171.27,89.727,187.21,89.727,187.21,134.67,171.27,134.67
171.33,89.634,187.17,89.634,187.17,134.27,171.33,134.27
171.88,89.695,187.68,89.695,187.68,134.24,171.88,134.24
171.73,89.174,187.59,89.174,187.59,133.87,171.73,133.87
171.72,89.17,187.57,89.17,187.57,133.82,171.72,133.82
171.84,89.532,187.82,89.532,187.82,134.54,171.84,134.54
171.48,88.971,187.37,88.971,187.37,133.77,171.48,133.77
171.51,89.45,187.38,89.45,187.38,134.17,171.51,134.17
171.43,89.348,187.27,89.348,187.27,133.99,171.43,133.99
171.79,89.492,187.61,89.492,187.61,134.05,171.79,134.05
171.59,89.154,187.41,89.154,187.41,133.75,171.59,133.75
171.43,89.156,187.25,89.156,187.25,133.75,171.43,133.75
171.35,88.753,187.08,88.753,187.08,133.1,171.35,133.1
171.41,88.792,187.23,88.792,187.23,133.38,171.41,133.38
171.67,88.922,187.49,88.922,187.49,133.52,171.67,133.52
172.33,89.31,188.14,89.31,188.14,133.87,172.33,133.87
172.43,89.016,188.23,89.016,188.23,133.53,172.43,133.53
173.51,89.174,189.31,89.174,189.31,133.69,173.51,133.69
174.14,89.235,189.87,89.235,189.87,133.56,174.14,133.56
174.71,89.558,190.45,89.558,190.45,133.93,174.71,133.93
175.56,89.642,191.25,89.642,191.25,133.88,175.56,133.88
175.73,89.171,191.47,89.171,191.47,133.52,175.73,133.52
176.36,89.523,192.02,89.523,192.02,133.66,176.36,133.66
176.62,89.713,192.27,89.713,192.27,133.83,176.62,133.83
176.9,90.127,192.7,90.127,192.7,134.66,176.9,134.66
177.05,89.58,192.98,89.58,192.98,134.47,177.05,134.47
177.11,89.927,193.17,89.927,193.17,135.2,177.11,135.2
176.83,89.566,192.74,89.566,192.74,134.42,176.83,134.42
176.99,89.85,192.98,89.85,192.98,134.91,176.99,134.91
176.46,89.439,192.32,89.439,192.32,134.13,176.46,134.13
176.65,89.561,192.47,89.561,192.47,134.15,176.65,134.15
176.44,89.628,192.33,89.628,192.33,134.42,176.44,134.42
176.15,89.54,192.13,89.54,192.13,134.58,176.15,134.58
175.54,89.378,191.41,89.378,191.41,134.1,175.54,134.1
175.09,89.278,190.93,89.278,190.93,133.92,175.09,133.92
175.24,89.27,191.01,89.27,191.01,133.71,175.24,133.71
174.59,89.356,190.31,89.356,190.31,133.65,174.59,133.65
174.51,89.601,190.18,89.601,190.18,133.76,174.51,133.76
173.87,88.984,189.57,88.984,189.57,133.24,173.87,133.24
172.97,88.949,188.69,88.949,188.69,133.24,172.97,133.24
172.6,89.427,188.24,89.427,188.24,133.5,172.6,133.5
171.43,89.489,187.04,89.489,187.04,133.51,171.43,133.51
170.92,89.34,186.54,89.34,186.54,133.35,170.92,133.35
170.61,89.563,186.22,89.563,186.22,133.56,170.61,133.56
170.29,89.669,185.96,89.669,185.96,133.83,170.29,133.83
170.04,89.449,185.66,89.449,185.66,133.47,170.04,133.47
169.97,89.549,185.55,89.549,185.55,133.46,169.97,133.46
169.71,89.208,185.33,89.208,185.33,133.24,169.71,133.24
169.76,89.472,185.36,89.472,185.36,133.42,169.76,133.42
169.79,89.027,185.4,89.027,185.4,133.03,169.79,133.03
169.83,89.168,185.24,89.168,185.24,132.6,169.83,132.6
169.54,89.119,184.88,89.119,184.88,132.35,169.54,132.35
169.48,89.194,184.97,89.194,184.97,132.84,169.48,132.84
169.43,89.314,184.8,89.314,184.8,132.63,169.43,132.63
169.39,89.262,184.88,89.262,184.88,132.9,169.39,132.9
