443,25,500,25,500,82,443,82
441.09,26.262,496.88,26.262,496.88,82.049,441.09,82.049
441.03,26.295,496.87,26.295,496.87,82.134,441.03,82.134
441.06,26.3,496.7,26.3,496.7,81.935,441.06,81.935
440.71,26.265,496.74,26.265,496.74,82.296,440.71,82.296
440.82,26.725,496.44,26.725,496.44,82.346,440.82,82.346
440.71,26.917,496.51,26.917,496.51,82.723,440.71,82.723
440.52,26.704,496.57,26.704,496.57,82.75,440.52,82.75
440.73,26.802,496.72,26.802,496.72,82.799,440.73,82.799
440.73,26.802,496.64,26.802,496.64,82.708,440.73,82.708
440.81,26.723,496.64,26.723,496.64,82.552,440.81,82.552
441.03,26.938,496.68,26.938,496.68,82.581,441.03,82.581
441.21,27.13,496.36,27.13,496.36,82.285,441.21,82.285
441.16,27.032,496.38,27.032,496.38,82.256,441.16,82.256
441.12,27.24,496.53,27.24,496.53,82.652,441.12,82.652
440.7,26.824,496.48,26.824,496.48,82.604,440.7,82.604
440.7,26.835,496.49,26.835,496.49,82.628,440.7,82.628
440.59,26.746,496.55,26.746,496.55,82.7,440.59,82.7
440.32,26.628,496.15,26.628,496.15,82.453,440.32,82.453
440.71,27.021,496.28,27.021,496.28,82.59,440.71,82.59
440.54,26.842,496.43,26.842,496.43,82.735,440.54,82.735
440.78,27.077,496.33,27.077,496.33,82.628,440.78,82.628
440.6,26.97,496.44,26.97,496.44,82.814,440.6,82.814
440.97,27.298,496.26,27.298,496.26,82.589,440.97,82.589
440.47,26.722,496.55,26.722,496.55,82.796,440.47,82.796
440.61,26.989,496.39,26.989,496.39,82.777,440.61,82.777
440.33,26.86,496.28,26.86,496.28,82.817,440.33,82.817
440.16,26.759,495.81,26.759,495.81,82.409,440.16,82.409
440.09,26.78,496.48,26.78,496.48,83.17,440.09,83.17
439.63,26.624,496.39,26.624,496.39,83.392,439.63,83.392
439.62,26.897,496.06,26.897,496.06,83.338,439.62,83.338
439.41,26.806,495.97,26.806,495.97,83.365,439.41,83.365
439.39,26.763,495.77,26.763,495.77,83.145,439.39,83.145
439.37,26.859,495.88,26.859,495.88,83.369,439.37,83.369
439.24,26.842,495.96,26.842,495.96,83.566,439.24,83.566
439.16,26.779,496.11,26.779,496.11,83.733,439.16,83.733
438.99,26.759,496.15,26.759,496.15,83.918,438.99,83.918
438.81,26.348,496.22,26.348,496.22,83.766,438.81,83.766
438.78,26.399,496.06,26.399,496.06,83.675,438.78,83.675
438.51,26.529,495.87,26.529,495.87,83.888,438.51,83.888
438.71,26.599,496.03,26.599,496.03,83.915,438.71,83.915
438.69,26.616,495.95,26.616,495.95,83.883,438.69,83.883
439.01,26.914,495.92,26.914,495.92,83.827,439.01,83.827
439.19,26.84,495.83,26.84,495.83,83.479,439.19,83.479
439.93,27.158,495.96,27.158,495.96,83.192,439.93,83.192
440.16,27.208,496.27,27.208,496.27,83.317,440.16,83.317
440.26,27.189,496.43,27.189,496.43,83.36,440.26,83.36
440.65,27.577,496.54,27.577,496.54,83.471,440.65,83.471
440.77,27.701,496.54,27.701,496.54,83.466,440.77,83.466
440.54,27.485,496.65,27.485,496.65,83.59,440.54,83.59
440.13,27.39,496.29,27.39,496.29,83.547,440.13,83.547
439.87,27.652,495.4,27.652,495.4,83.181,439.87,83.181
439.06,27.639,494.61,27.639,494.61,83.189,439.06,83.189
437.24,28.147,492.63,28.147,492.63,83.536,437.24,83.536
435.74,28.516,490.95,28.516,490.95,83.73,435.74,83.73
432.94,28.778,488.38,28.778,488.38,84.216,432.94,84.216
428.81,28.688,484.6,28.688,484.6,84.479,428.81,84.479
426.01,28.408,482.23,28.408,482.23,84.631,426.01,84.631
422.47,27.844,478.59,27.844,478.59,83.969,422.47,83.969
418.41,27.498,474.31,27.498,474.31,83.395,418.41,83.395
416.64,27.484,472.01,27.484,472.01,82.852,416.64,82.852
413.5,27.691,468.32,27.691,468.32,82.515,413.5,82.515
411.65,28.183,466.37,28.183,466.37,82.905,411.65,82.905
410.23,28.456,464.25,28.456,464.25,82.481,410.23,82.481
409.27,28.78,462.9,28.78,462.9,82.405,409.27,82.405
408,28.369,461.98,28.369,461.98,82.346,408,82.346
408.21,28.364,462.43,28.364,462.43,82.59,408.21,82.59
409.21,27.278,463.99,27.278,463.99,82.055,409.21,82.055
411.4,26.426,466.44,26.426,466.44,81.456,411.4,81.456
411.19,25.346,466,25.346,466,80.16,411.19,80.16
411.8,25.292,466.52,25.292,466.52,80.016,411.8,80.016
410.49,25.265,464.94,25.265,464.94,79.716,410.49,79.716
409.44,25.133,463.73,25.133,463.73,79.421,409.44,79.421
408.62,26.469,462.31,26.469,462.31,80.159,408.62,80.159
407.86,26.942,461.22,26.942,461.22,80.308,407.86,80.308
407.4,27.671,460.32,27.671,460.32,80.593,407.4,80.593
407.27,27.904,459.77,27.904,459.77,80.406,407.27,80.406
406.83,27.65,459.04,27.65,459.04,79.864,406.83,79.864
405.42,27.015,457.57,27.015,457.57,79.158,405.42,79.158
405.12,27.051,456.97,27.051,456.97,78.897,405.12,78.897
404.66,27.166,456.5,27.166,456.5,79.011,404.66,79.011
404.04,26.809,455.97,26.809,455.97,78.742,404.04,78.742
404.46,27.326,456.49,27.326,456.49,79.354,404.46,79.354
404.73,27.325,456.59,27.325,456.59,79.188,404.73,79.188
404.7,27.316,456.53,27.316,456.53,79.143,404.7,79.143
404.86,27.126,456.78,27.126,456.78,79.046,404.86,79.046
405.57,27.751,457.3,27.751,457.3,79.487,405.57,79.487
405.37,27.389,457.14,27.389,457.14,79.16,405.37,79.16
405.6,27.058,457.21,27.058,457.21,78.672,405.6,78.672
406.44,27.333,458.35,27.333,458.35,79.246,406.44,79.246
406.56,27.206,458.54,27.206,458.54,79.189,406.56,79.189
406.65,27.196,458.74,27.196,458.74,79.286,406.65,79.286
406.74,26.906,458.73,26.906,458.73,78.897,406.74,78.897
407.06,27.049,459.18,27.049,459.18,79.166,407.06,79.166
406.84,26.755,458.87,26.755,458.87,78.784,406.84,78.784
407.33,27.081,459.17,27.081,459.17,78.918,407.33,78.918
406.45,26.394,458.6,26.394,458.6,78.541,406.45,78.541
406.46,26.309,458.6,26.309,458.6,78.443,406.46,78.443
406.51,26.275,458.57,26.275,458.57,78.341,406.51,78.341
406.88,26.684,459.11,26.684,459.11,78.92,406.88,78.92
406.19,26.03,458.6,26.03,458.6,78.441,406.19,78.441
406.5,26.237,459.18,26.237,459.18,78.916,406.5,78.916
405.95,25.701,458.71,25.701,458.71,78.462,405.95,78.462
405.93,25.675,458.82,25.675,458.82,78.567,405.93,78.567
406.51,26.062,459.48,26.062,459.48,79.029,406.51,79.029
406.61,26.24,459.48,26.24,459.48,79.112,406.61,79.112
406.68,26.2,459.74,26.2,459.74,79.257,406.68,79.257
406.62,26.196,459.34,26.196,459.34,78.914,406.62,78.914
406.31,25.895,459.15,25.895,459.15,78.731,406.31,78.731
406.67,26.201,459.34,26.201,459.34,78.87,406.67,78.87
406.41,26.104,459.13,26.104,459.13,78.826,406.41,78.826
406.23,25.921,459.12,25.921,459.12,78.816,406.23,78.816
406.57,26.263,459.37,26.263,459.37,79.071,406.57,79.071
406.11,26.05,459.08,26.05,459.08,79.02,406.11,79.02
406.18,26.208,459.28,26.208,459.28,79.301,406.18,79.301
405.59,25.836,458.74,25.836,458.74,78.991,405.59,78.991
405.54,25.856,458.61,25.856,458.61,78.931,405.54,78.931
405.97,26.067,458.97,26.067,458.97,79.064,405.97,79.064
405.84,26.078,458.88,26.078,458.88,79.119,405.84,79.119
405.92,25.942,458.96,25.942,458.96,78.985,405.92,78.985
405.87,25.86,458.9,25.86,458.9,78.893,405.87,78.893
406.06,25.904,458.86,25.904,458.86,78.711,406.06,78.711
406.04,26.089,458.75,26.089,458.75,78.801,406.04,78.801
405.79,25.876,458.42,25.876,458.42,78.508,405.79,78.508
406.05,25.765,458.32,25.765,458.32,78.033,406.05,78.033
406.24,25.706,458.22,25.706,458.22,77.688,406.24,77.688
406.78,26.066,458.93,26.066,458.93,78.214,406.78,78.214
406.47,25.876,458.25,25.876,458.25,77.656,406.47,77.656
406.39,25.812,458.82,25.812,458.82,78.245,406.39,78.245
406.68,26.129,459.36,26.129,459.36,78.806,406.68,78.806
406.8,25.635,459.42,25.635,459.42,78.256,406.8,78.256
407.3,25.643,459.82,25.643,459.82,78.166,407.3,78.166
408.5,26.048,461,26.048,461,78.549,408.5,78.549
409.29,26.338,461.95,26.338,461.95,78.993,409.29,78.993
409.25,25.958,461.72,25.958,461.72,78.431,409.25,78.431
411.11,26.337,463.41,26.337,463.41,78.635,411.11,78.635
411.28,25.679,463.53,25.679,463.53,77.929,411.28,77.929
412.44,25.151,464.85,25.151,464.85,77.56,412.44,77.56
413.1,25.416,465.61,25.416,465.61,77.927,413.1,77.927
413.2,25.375,465.83,25.375,465.83,78.006,413.2,78.006
412.19,24.849,465.07,24.849,465.07,77.722,412.19,77.722
411.78,25.523,464.64,25.523,464.64,78.383,411.78,78.383
410.8,25.689,463.58,25.689,463.58,78.473,410.8,78.473
409.86,25.757,462.59,25.757,462.59,78.479,409.86,78.479
408.65,25.774,461.26,25.774,461.26,78.387,408.65,78.387
408.37,26.201,460.84,26.201,460.84,78.667,408.37,78.667
408.29,26.92,460.71,26.92,460.71,79.335,408.29,79.335
407.85,27.094,460.3,27.094,460.3,79.539,407.85,79.539
407.5,27.074,460.04,27.074,460.04,79.614,407.5,79.614
406.7,26.908,459.23,26.908,459.23,79.433,406.7,79.433
406.5,27.277,459.2,27.277,459.2,79.978,406.5,79.978
405.22,26.995,458.19,26.995,458.19,79.96,405.22,79.96
405.36,27.11,458.53,27.11,458.53,80.286,405.36,80.286
405.3,26.679,458.79,26.679,458.79,80.17,405.3,80.17
405.76,26.719,459.57,26.719,459.57,80.527,405.76,80.527
406.85,27.089,461.27,27.089,461.27,81.513,406.85,81.513
407.79,26.865,462.96,26.865,462.96,82.041,407.79,82.041
409.78,26.531,465.61,26.531,465.61,82.366,409.78,82.366
412.75,26.414,468.82,26.414,468.82,82.486,412.75,82.486
413.68,26.446,469.82,26.446,469.82,82.585,413.68,82.585
410.22,21.591,466.33,21.591,466.33,77.697,410.22,77.697
420.9,29.257,477.65,29.257,477.65,86.009,420.9,86.009
422.73,28.742,479.72,28.742,479.72,85.728,422.73,85.728
423.01,28.579,480.14,28.579,480.14,85.709,423.01,85.709
422.6,28.516,479.7,28.516,479.7,85.616,422.6,85.616
421.77,29.573,478.63,29.573,478.63,86.429,421.77,86.429
421.67,30.055,478.32,30.055,478.32,86.707,421.67,86.707
421.77,30.219,478.38,30.219,478.38,86.823,421.77,86.823
421.36,29.771,477.81,29.771,477.81,86.221,421.36,86.221
419.84,29.674,476.25,29.674,476.25,86.087,419.84,86.087
419.13,29.269,475.26,29.269,475.26,85.402,419.13,85.402
419.7,29.057,475.8,29.057,475.8,85.162,419.7,85.162
412.36,25.211,468.17,25.211,468.17,81.021,412.36,81.021
409.25,25.01,464.81,25.01,464.81,80.567,409.25,80.567
417.91,25.709,473.93,25.709,473.93,81.732,417.91,81.732
417.52,25.664,474.33,25.664,474.33,82.479,417.52,82.479
417.64,25.82,475.22,25.82,475.22,83.399,417.64,83.399
415.37,23.952,473.5,23.952,473.5,82.082,415.37,82.082
414.72,22.734,473.12,22.734,473.12,81.132,414.72,81.132
413.65,21.416,472.1,21.416,472.1,79.862,413.65,79.862
413.37,20.907,472.23,20.907,472.23,79.766,413.37,79.766
412.01,20.509,471.2,20.509,471.2,79.704,412.01,79.704
411.56,20.273,471.01,20.273,471.01,79.721,411.56,79.721
409.91,19.169,469.65,19.169,469.65,78.912,409.91,78.912
409.36,17.956,469.34,17.956,469.34,77.933,409.36,77.933
409.43,17.17,469.61,17.17,469.61,77.355,409.43,77.355
409.35,15.31,469.38,15.31,469.38,75.334,409.35,75.334
409.47,15.003,469.59,15.003,469.59,75.125,409.47,75.125
409.88,13.813,469.71,13.813,469.71,73.646,409.88,73.646
410.11,15.256,470,15.256,470,75.138,410.11,75.138
409.36,13.747,469.2,13.747,469.2,73.585,409.36,73.585
409.91,16.097,469.78,16.097,469.78,75.973,409.91,75.973
408.96,15.447,468.77,15.447,468.77,75.249,408.96,75.249
409.15,16.316,469.22,16.316,469.22,76.384,409.15,76.384
409.17,16.812,469.58,16.812,469.58,77.22,409.17,77.22
408.96,16.187,469.48,16.187,469.48,76.71,408.96,76.71
409.57,15.512,470.58,15.512,470.58,76.52,409.57,76.52
410.52,16.173,471.72,16.173,471.72,77.376,410.52,77.376
410.8,16.027,472.18,16.027,472.18,77.409,410.8,77.409
411.69,15.683,473.06,15.683,473.06,77.057,411.69,77.057
412.1,15.438,473.63,15.438,473.63,76.969,412.1,76.969
413.03,15.258,474.63,15.258,474.63,76.855,413.03,76.855
412.96,14.785,474.56,14.785,474.56,76.391,412.96,76.391
413.04,14.992,474.68,14.992,474.68,76.635,413.04,76.635
412.43,15.031,474.09,15.031,474.09,76.685,412.43,76.685
412.38,15.175,474.17,15.175,474.17,76.965,412.38,76.965
412.22,14.989,473.89,14.989,473.89,76.655,412.22,76.655
412.49,15.162,474.07,15.162,474.07,76.751,412.49,76.751
412.83,15.489,474.6,15.489,474.6,77.253,412.83,77.253
412.55,15.206,474.05,15.206,474.05,76.698,412.55,76.698
413.25,16.023,474.99,16.023,474.99,77.761,413.25,77.761
412.94,15.801,474.47,15.801,474.47,77.338,412.94,77.338
413.21,15.738,475.08,15.738,475.08,77.608,413.21,77.608
412.93,15.315,474.82,15.315,474.82,77.208,412.93,77.208
412.51,15.115,474.63,15.115,474.63,77.225,412.51,77.225
412.38,15.073,474.12,15.073,474.12,76.815,412.38,76.815
412.56,14.433,474.33,14.433,474.33,76.199,412.56,76.199
412.94,13.256,474.78,13.256,474.78,75.097,412.94,75.097
413.19,12.312,475.25,12.312,475.25,74.366,413.19,74.366
414.4,12.458,476.46,12.458,476.46,74.516,414.4,74.516
414.94,12.221,477.05,12.221,477.05,74.333,414.94,74.333
414.61,12.358,476.62,12.358,476.62,74.369,414.61,74.369
415.69,13.326,477.77,13.326,477.77,75.408,415.69,75.408
416.19,12.043,478.72,12.043,478.72,74.568,416.19,74.568
416.24,13.178,479.01,13.178,479.01,75.943,416.24,75.943
416.28,12.532,479.11,12.532,479.11,75.361,416.28,75.361
418.68,13.893,482.39,13.893,482.39,77.597,418.68,77.597
417.56,12.284,481.97,12.284,481.97,76.693,417.56,76.693
417.17,12.855,482.11,12.855,482.11,77.787,417.17,77.787
417.25,11.795,482.62,11.795,482.62,77.165,417.25,77.165
417.07,11.478,482.98,11.478,482.98,77.387,417.07,77.387
415.69,10.037,481.76,10.037,481.76,76.109,415.69,76.109
416.95,9.5802,483.13,9.5802,483.13,75.767,416.95,75.767
417.5,10.49,483.98,10.49,483.98,76.975,417.5,76.975
416.84,9.8493,483.45,9.8493,483.45,76.457,416.84,76.457
417.1,10.118,484.15,10.118,484.15,77.169,417.1,77.169
416.49,9.5998,483.7,9.5998,483.7,76.812,416.49,76.812
416.56,9.678,483.81,9.678,483.81,76.927,416.56,76.927
416.97,9.939,484.19,9.939,484.19,77.162,416.97,77.162
415.66,11.028,483.12,11.028,483.12,78.491,415.66,78.491
416.41,9.8679,483.87,9.8679,483.87,77.329,416.41,77.329
416.31,10.083,483.67,10.083,483.67,77.438,416.31,77.438
415.91,9.8883,483.2,9.8883,483.2,77.185,415.91,77.185
416.52,9.5937,484.13,9.5937,484.13,77.212,416.52,77.212
416.31,10.13,483.93,10.13,483.93,77.752,416.31,77.752
416.97,10.274,484.37,10.274,484.37,77.681,416.97,77.681
416.25,10.207,483.51,10.207,483.51,77.469,416.25,77.469
416.65,10.365,484.23,10.365,484.23,77.941,416.65,77.941
415.98,11.575,482.94,11.575,482.94,78.527,415.98,78.527
415.5,11.926,482.25,11.926,482.25,78.681,415.5,78.681
415.62,12.769,482.16,12.769,482.16,79.304,415.62,79.304
415.76,12.6,481.97,12.6,481.97,78.809,415.76,78.809
415.92,13.124,481.94,13.124,481.94,79.153,415.92,79.153
416.09,12.445,481.63,12.445,481.63,77.993,416.09,77.993
415.5,12.521,480.86,12.521,480.86,77.884,415.5,77.884
415.69,12.696,480.91,12.696,480.91,77.913,415.69,77.913
415.81,12.945,481.05,12.945,481.05,78.185,415.81,78.185
416.05,12.784,481.4,12.784,481.4,78.135,416.05,78.135
416.14,12.649,481.5,12.649,481.5,78.006,416.14,78.006
415.87,12.449,481.11,12.449,481.11,77.691,415.87,77.691
415.96,12.47,481.4,12.47,481.4,77.902,415.96,77.902
415.24,12.238,480.27,12.238,480.27,77.27,415.24,77.27
415.72,12.476,480.83,12.476,480.83,77.581,415.72,77.581
416.29,12.446,481.4,12.446,481.4,77.563,416.29,77.563
415.73,12.674,480.81,12.674,480.81,77.749,415.73,77.749
416.11,12.749,481.2,12.749,481.2,77.842,416.11,77.842
415.82,12.708,480.91,12.708,480.91,77.797,415.82,77.797
415.66,12.753,480.73,12.753,480.73,77.824,415.66,77.824
415.85,12.904,480.9,12.904,480.9,77.957,415.85,77.957
416.23,13.103,481.15,13.103,481.15,78.018,416.23,78.018
416.01,13.907,481.04,13.907,481.04,78.938,416.01,78.938
415.59,13.174,480.71,13.174,480.71,78.294,415.59,78.294
415.81,13.105,480.02,13.105,480.02,77.319,415.81,77.319
415.09,13.27,479.08,13.27,479.08,77.262,415.09,77.262
415.07,14.263,478.33,14.263,478.33,77.519,415.07,77.519
414.72,13.779,477.82,13.779,477.82,76.877,414.72,76.877
415.02,14.122,477.62,14.122,477.62,76.72,415.02,76.72
415.5,13.681,478.56,13.681,478.56,76.735,415.5,76.735
415.62,13.692,478.68,13.692,478.68,76.757,415.62,76.757
415.75,13.72,478.82,13.72,478.82,76.79,415.75,76.79
415.67,13.533,478.54,13.533,478.54,76.399,415.67,76.399
415.88,14.087,478.83,14.087,478.83,77.039,415.88,77.039
415.91,14.111,478.77,14.111,478.77,76.975,415.91,76.975
415.94,14.517,478.85,14.517,478.85,77.43,415.94,77.43
415.67,14.009,478.52,14.009,478.52,76.857,415.67,76.857
415.53,13.915,478.73,13.915,478.73,77.114,415.53,77.114
415.32,13.528,478.7,13.528,478.7,76.906,415.32,76.906
415.56,13.814,479,13.814,479,77.248,415.56,77.248
415.58,13.62,479.2,13.62,479.2,77.236,415.58,77.236
415.45,12.746,478.79,12.746,478.79,76.088,415.45,76.088
416.03,12.79,479.61,12.79,479.61,76.379,416.03,76.379
415.71,12.399,479.27,12.399,479.27,75.964,415.71,75.964
415.86,13.1,479.33,13.1,479.33,76.564,415.86,76.564
415.89,13.261,480.56,13.261,480.56,77.927,415.89,77.927
415.74,12.221,481.04,12.221,481.04,77.517,415.74,77.517
416.05,12.52,481.45,12.52,481.45,77.924,416.05,77.924
416.06,11.943,481.67,11.943,481.67,77.553,416.06,77.553
415.76,11.714,482.31,11.714,482.31,78.257,415.76,78.257
415.62,11.584,482.75,11.584,482.75,78.71,415.62,78.71
415.67,11.954,483.15,11.954,483.15,79.43,415.67,79.43
415.65,12.64,482.07,12.64,482.07,79.065,415.65,79.065
415.25,12.17,481.41,12.17,481.41,78.329,415.25,78.329
415.28,12.704,481.08,12.704,481.08,78.506,415.28,78.506
415.66,13.247,480.2,13.247,480.2,77.789,415.66,77.789
415,13.186,478.88,13.186,478.88,77.066,415,77.066
415.5,13.787,479.22,13.787,479.22,77.508,415.5,77.508
415.02,13.829,477.65,13.829,477.65,76.458,415.02,76.458
414.22,14.198,476.86,14.198,476.86,76.833,414.22,76.833
413.78,14.344,476.07,14.344,476.07,76.638,413.78,76.638
413.74,14.598,475.84,14.598,475.84,76.693,413.74,76.693
414.42,15.105,476.25,15.105,476.25,76.941,414.42,76.941
414.82,14.667,475.9,14.667,475.9,75.747,414.82,75.747
415.62,14.608,476.09,14.608,476.09,75.069,415.62,75.069
415.32,14.625,475.58,14.625,475.58,74.882,415.32,74.882
415.12,14.815,474.98,14.815,474.98,74.668,415.12,74.668
415.55,15.124,475.51,15.124,475.51,75.087,415.55,75.087
415.85,15.06,475.53,15.06,475.53,74.738,415.85,74.738
415.99,15.482,476.6,15.482,476.6,76.087,415.99,76.087
416.19,15.217,476.98,15.217,476.98,76.006,416.19,76.006
415.93,14.368,477.23,14.368,477.23,75.663,415.93,75.663
415.95,14.133,477.26,14.133,477.26,75.442,415.95,75.442
416.17,14.315,477.18,14.315,477.18,75.325,416.17,75.325
416.1,14.748,478.1,14.748,478.1,76.749,416.1,76.749
416,15.127,477.63,15.127,477.63,76.76,416,76.76
415.29,15.958,476.33,15.958,476.33,76.991,415.29,76.991
415.26,15.241,475.83,15.241,475.83,75.806,415.26,75.806
415.29,15.693,475.58,15.693,475.58,75.976,415.29,75.976
414.94,15.031,474.96,15.031,474.96,75.053,414.94,75.053
414.27,15.153,474.07,15.153,474.07,74.953,414.27,74.953
414.2,15.616,473.59,15.616,473.59,75.003,414.2,75.003
413.73,15.446,473.17,15.446,473.17,74.886,413.73,74.886
413.78,15.484,473.29,15.484,473.29,74.987,413.78,74.987
414.55,15.246,474.54,15.246,474.54,75.243,414.55,75.243
415.4,15.401,475.53,15.401,475.53,75.529,415.4,75.529
415.35,15.305,475.77,15.305,475.77,75.724,415.35,75.724
415.63,14.962,476.09,14.962,476.09,75.422,415.63,75.422
415.78,14.551,476.48,14.551,476.48,75.258,415.78,75.258
415.81,14.375,476,14.375,476,74.567,415.81,74.567
415.82,14.289,476.36,14.289,476.36,74.825,415.82,74.825
415.72,14.533,476.01,14.533,476.01,74.824,415.72,74.824
415.74,14.989,475.62,14.989,475.62,74.868,415.74,74.868
415.39,15.414,475.06,15.414,475.06,75.08,415.39,75.08
415.71,15.177,475.45,15.177,475.45,74.918,415.71,74.918
415.36,15.138,475.3,15.138,475.3,75.075,415.36,75.075
415.13,14.985,474.7,14.985,474.7,74.557,415.13,74.557
415.77,15.098,475.38,15.098,475.38,74.701,415.77,74.701
416.15,14.783,475.76,14.783,475.76,74.399,416.15,74.399
416.11,14.993,475.72,14.993,475.72,74.602,416.11,74.602
416.03,15.03,475.76,15.03,475.76,74.756,416.03,74.756
415.73,14.569,476.35,14.569,476.35,75.187,415.73,75.187
415.94,14.435,476.7,14.435,476.7,75.195,415.94,75.195
415.72,14.404,476.59,14.404,476.59,75.272,415.72,75.272
415.87,14.211,476.94,14.211,476.94,75.277,415.87,75.277
415.94,14.618,477.38,14.618,477.38,76.057,415.94,76.057
415.89,14.059,477.56,14.059,477.56,75.723,415.89,75.723
415.84,13.796,477.6,13.796,477.6,75.556,415.84,75.556
415.51,13.832,477.46,13.832,477.46,75.79,415.51,75.79
415.66,14.211,478.36,14.211,478.36,76.903,415.66,76.903
415.78,14.142,478.2,14.142,478.2,76.555,415.78,76.555
415.75,13.703,478.8,13.703,478.8,76.755,415.75,76.755
415.83,13.556,479.25,13.556,479.25,76.984,415.83,76.984
415.92,13.083,479.76,13.083,479.76,76.931,415.92,76.931
415.75,13.076,480.29,13.076,480.29,77.61,415.75,77.61
415.41,12.891,479.64,12.891,479.64,77.122,415.41,77.122
415.65,12.97,479.78,12.97,479.78,77.097,415.65,77.097
415.09,12.565,479.21,12.565,479.21,76.689,415.09,76.689
415.44,12.515,479.32,12.515,479.32,76.395,415.44,76.395
415.45,13.419,479.34,13.419,479.34,77.311,415.45,77.311
415.91,13.47,479.8,13.47,479.8,77.358,415.91,77.358
415.66,13.612,479.72,13.612,479.72,77.671,415.66,77.671
415.71,12.856,479.35,12.856,479.35,76.501,415.71,76.501
415.52,12.896,479.06,12.896,479.06,76.439,415.52,76.439
415.39,12.899,478.91,12.899,478.91,76.42,415.39,76.42
415.59,13.46,479.28,13.46,479.28,77.145,415.59,77.145
415.52,13.293,479.16,13.293,479.16,76.935,415.52,76.935
415.33,13.247,479.05,13.247,479.05,76.97,415.33,76.97
415.39,13.067,479.26,13.067,479.26,76.94,415.39,76.94
415.46,13.06,479.37,13.06,479.37,76.963,415.46,76.963
415.2,12.997,479.64,12.997,479.64,77.442,415.2,77.442
415.36,13.17,479.55,13.17,479.55,77.362,415.36,77.362
415.57,13.274,479.36,13.274,479.36,77.063,415.57,77.063
415.64,13.525,479.58,13.525,479.58,77.468,415.64,77.468
415.75,13.486,479.71,13.486,479.71,77.444,415.75,77.444
415.59,12.858,480.52,12.858,480.52,77.793,415.59,77.793
415.45,12.905,479.78,12.905,479.78,77.238,415.45,77.238
415.76,13.566,479.9,13.566,479.9,77.713,415.76,77.713
415.65,13.41,479.41,13.41,479.41,77.174,415.65,77.174
416.02,13.545,479.55,13.545,479.55,77.074,416.02,77.074
415.72,13.426,479.34,13.426,479.34,77.052,415.72,77.052
415.61,13.206,478.37,13.206,478.37,75.966,415.61,75.966
415.35,12.93,478.66,12.93,478.66,76.238,415.35,76.238
415.87,13.732,479.27,13.732,479.27,77.132,415.87,77.132
415.92,14.059,479.48,14.059,479.48,77.625,415.92,77.625
415.77,13.8,479.05,13.8,479.05,77.078,415.77,77.078
415.92,13.93,478.04,13.93,478.04,76.054,415.92,76.054
415.69,13.528,478.56,13.528,478.56,76.392,415.69,76.392
415.46,13.522,478.89,13.522,478.89,76.948,415.46,76.948
415.65,14.145,478.94,14.145,478.94,77.439,415.65,77.439
415.76,14.121,479.27,14.121,479.27,77.627,415.76,77.627
415.8,14.086,479.42,14.086,479.42,77.708,415.8,77.708
415.37,12.942,479,12.942,479,76.573,415.37,76.573
415.24,12.755,479.03,12.755,479.03,76.546,415.24,76.546
415.47,13.317,479.37,13.317,479.37,77.214,415.47,77.214
415.46,13.585,479.57,13.585,479.57,77.7,415.46,77.7
415.54,13.641,479.25,13.641,479.25,77.35,415.54,77.35
415.29,13.315,479.05,13.315,479.05,77.082,415.29,77.082
415.25,13.065,479.07,13.065,479.07,76.885,415.25,76.885
415.8,13.152,479.68,13.152,479.68,77.034,415.8,77.034
415.71,13.23,479.88,13.23,479.88,77.399,415.71,77.399
415.41,13.001,479.45,13.001,479.45,77.039,415.41,77.039
415.18,13.285,479.11,13.285,479.11,77.22,415.18,77.22
415.93,13.396,479.96,13.396,479.96,77.427,415.93,77.427
415.33,12.853,479.35,12.853,479.35,76.871,415.33,76.871
415.21,12.59,479.23,12.59,479.23,76.609,415.21,76.609
414.96,12.918,479.06,12.918,479.06,77.012,414.96,77.012
415.27,13.111,479.34,13.111,479.34,77.185,415.27,77.185
415.41,13.048,479.47,13.048,479.47,77.108,415.41,77.108
415.44,12.799,479.38,12.799,479.38,76.737,415.44,76.737
415.57,13.071,479.46,13.071,479.46,76.961,415.57,76.961
415.57,13.28,479.48,13.28,479.48,77.196,415.57,77.196
415.77,13.432,479.66,13.432,479.66,77.327,415.77,77.327
415.79,13.763,479.78,13.763,479.78,77.753,415.79,77.753
415.19,13.377,479.35,13.377,479.35,77.542,415.19,77.542
415.24,12.88,479.12,12.88,479.12,76.756,415.24,76.756
415.49,12.979,479.57,12.979,479.57,77.06,415.49,77.06
415.45,12.908,479.36,12.908,479.36,76.815,415.45,76.815
415.43,13.303,479.53,13.303,479.53,77.405,415.43,77.405
415.09,12.974,479.23,12.974,479.23,77.116,415.09,77.116
415.02,12.913,479.19,12.913,479.19,77.08,415.02,77.08
415.11,12.94,478.89,12.94,478.89,76.719,415.11,76.719
415.5,13.131,479.47,13.131,479.47,77.104,415.5,77.104
415.47,13.12,479.62,13.12,479.62,77.277,415.47,77.277
415.03,13.179,479.08,13.179,479.08,77.229,415.03,77.229
415.25,13.104,479.16,13.104,479.16,77.011,415.25,77.011
415.47,13.523,479.53,13.523,479.53,77.585,415.47,77.585
415.09,12.725,479.11,12.725,479.11,76.743,415.09,76.743
415.17,12.801,479.08,12.801,479.08,76.719,415.17,76.719
415.46,13.182,479.54,13.182,479.54,77.261,415.46,77.261
415.36,13.103,479.32,13.103,479.32,77.069,415.36,77.069
415.74,13.569,479.71,13.569,479.71,77.54,415.74,77.54
415.78,13.469,479.79,13.469,479.79,77.48,415.78,77.48
415.19,12.741,479.23,12.741,479.23,76.781,415.19,76.781
415.33,12.581,479.27,12.581,479.27,76.529,415.33,76.529
415.83,13.315,479.75,13.315,479.75,77.231,415.83,77.231
415.76,13.634,479.61,13.634,479.61,77.483,415.76,77.483
415.71,13.765,479.82,13.765,479.82,77.878,415.71,77.878
415.39,13.005,479.5,13.005,479.5,77.108,415.39,77.108
415.21,12.8,479.09,12.8,479.09,76.677,415.21,76.677
415.55,12.993,479.6,12.993,479.6,77.036,415.55,77.036
415.24,12.797,479.21,12.797,479.21,76.767,415.24,76.767
415.73,13.339,479.65,13.339,479.65,77.252,415.73,77.252
415.75,13.238,480.44,13.238,480.44,77.937,415.75,77.937
415.81,13.131,480.08,13.131,480.08,77.401,415.81,77.401
415.52,13.317,479.65,13.317,479.65,77.451,415.52,77.451
415.34,12.553,479.39,12.553,479.39,76.603,415.34,76.603
415.16,12.821,479.01,12.821,479.01,76.666,415.16,76.666
415.49,13.35,479.43,13.35,479.43,77.296,415.49,77.296
415.81,13.655,479.73,13.655,479.73,77.571,415.81,77.571
415.65,13.553,479.59,13.553,479.59,77.489,415.65,77.489
415.56,13.649,479.45,13.649,479.45,77.543,415.56,77.543
415.54,13.068,479.47,13.068,479.47,77.002,415.54,77.002
415.55,13.206,479.66,13.206,479.66,77.321,415.55,77.321
415.53,13.199,479.43,13.199,479.43,77.099,415.53,77.099
415.92,14.053,479.55,14.053,479.55,77.682,415.92,77.682
415.48,13.508,479.15,13.508,479.15,77.181,415.48,77.181
415.39,13.188,479,13.188,479,76.79,415.39,76.79
415.16,12.707,478.98,12.707,478.98,76.532,415.16,76.532
415.43,12.998,479.34,12.998,479.34,76.908,415.43,76.908
415.21,13.188,479.21,13.188,479.21,77.187,415.21,77.187
415.58,13.566,479.72,13.566,479.72,77.706,415.58,77.706
415.65,13.647,479.31,13.647,479.31,77.309,415.65,77.309
415.33,13.068,479.04,13.068,479.04,76.784,415.33,76.784
415.16,12.908,478.92,12.908,478.92,76.673,415.16,76.673
415.25,13.055,479.16,13.055,479.16,76.961,415.25,76.961
415.53,13.344,479.59,13.344,479.59,77.408,415.53,77.408
415.21,13.108,479.23,13.108,479.23,77.121,415.21,77.121
415.36,13.317,479,13.317,479,76.956,415.36,76.956
415.31,13.343,478.87,13.343,478.87,76.905,415.31,76.905
415.54,13.5,478.19,13.5,478.19,76.146,415.54,76.146
415.57,13.296,477.92,13.296,477.92,75.639,415.57,75.639
415.37,13.566,477.7,13.566,477.7,75.896,415.37,75.896
415.73,13.953,478.02,13.953,478.02,76.248,415.73,76.248
415.75,14.009,477.96,14.009,477.96,76.217,415.75,76.217
415.99,14.122,477.56,14.122,477.56,75.685,415.99,75.685
415.5,13.644,478.56,13.644,478.56,76.71,415.5,76.71
415.8,13.63,478.1,13.63,478.1,75.93,415.8,75.93
415.64,13.785,477.85,13.785,477.85,75.99,415.64,75.99
416.04,14.259,477.75,14.259,477.75,75.96,416.04,75.96
416.07,14.136,477.88,14.136,477.88,75.943,416.07,75.943
415.88,14.2,477.47,14.2,477.47,75.794,415.88,75.794
416.1,14.335,477.81,14.335,477.81,76.042,416.1,76.042
415.75,14.033,477.23,14.033,477.23,75.52,415.75,75.52
415.73,13.951,478.47,13.951,478.47,76.693,415.73,76.693
415.93,13.959,477.95,13.959,477.95,75.975,415.93,75.975
415.82,14.057,478.64,14.057,478.64,76.876,415.82,76.876
415.58,13.447,478.85,13.447,478.85,76.716,415.58,76.716
415.17,12.838,478.83,12.838,478.83,76.492,415.17,76.492
415.54,13.371,478.4,13.371,478.4,76.238,415.54,76.238
415.53,13.622,478.87,13.622,478.87,76.959,415.53,76.959
415.49,13.556,479.27,13.556,479.27,77.332,415.49,77.332
415.37,13.588,479.18,13.588,479.18,77.4,415.37,77.4
415.68,13.364,479.41,13.364,479.41,77.09,415.68,77.09
415.19,12.643,478.98,12.643,478.98,76.432,415.19,76.432
415.67,13.36,479.31,13.36,479.31,77.006,415.67,77.006
415.43,13.494,478.21,13.494,478.21,76.266,415.43,76.266
415.21,13.784,477.6,13.784,477.6,76.171,415.21,76.171
415.65,14.206,478.4,14.206,478.4,76.959,415.65,76.959
415.71,14.114,477.61,14.114,477.61,76.01,415.71,76.01
415.79,13.966,477.55,13.966,477.55,75.728,415.79,75.728
415.5,14.032,477.13,14.032,477.13,75.658,415.5,75.658
415.49,13.947,478.56,13.947,478.56,77.017,415.49,77.017
415.64,14.068,477.78,14.068,477.78,76.209,415.64,76.209
415.44,13.63,478.57,13.63,478.57,76.762,415.44,76.762
415.63,13.674,477.79,13.674,477.79,75.84,415.63,75.84
415.8,13.922,477.74,13.922,477.74,75.852,415.8,75.852
415.51,13.991,478.71,13.991,478.71,77.185,415.51,77.185
415.74,13.927,478.04,13.927,478.04,76.229,415.74,76.229
415.63,13.96,477.56,13.96,477.56,75.897,415.63,75.897
415.86,13.971,477.94,13.971,477.94,76.059,415.86,76.059
415.45,13.647,478.65,13.647,478.65,76.847,415.45,76.847
415.38,13.55,477.6,13.55,477.6,75.772,415.38,75.772
415.49,14.116,477.63,14.116,477.63,76.255,415.49,76.255
415.86,14.5,477.8,14.5,477.8,76.437,415.86,76.437
415.6,14.146,477.8,14.146,477.8,76.346,415.6,76.346
415.23,13.547,477.4,13.547,477.4,75.715,415.23,75.715
415.02,13.718,477.08,13.718,477.08,75.781,415.02,75.781
415.74,14.618,477.62,14.618,477.62,76.498,415.74,76.498
415.68,14.428,477.4,14.428,477.4,76.148,415.68,76.148
415.38,14.433,477.17,14.433,477.17,76.218,415.38,76.218
415.5,14.312,476.44,14.312,476.44,75.252,415.5,75.252
415.55,14.012,476.78,14.012,476.78,75.245,415.55,75.245
415.54,13.707,476.82,13.707,476.82,74.981,415.54,74.981
415.65,13.799,476.96,13.799,476.96,75.11,415.65,75.11
415.85,14.057,477.11,14.057,477.11,75.322,415.85,75.322
415.7,14.354,477.07,14.354,477.07,75.73,415.7,75.73
415.45,13.662,476.86,13.662,476.86,75.068,415.45,75.068
415.6,13.817,477.23,13.817,477.23,75.443,415.6,75.443
415.69,13.926,477.3,13.926,477.3,75.54,415.69,75.54
416.13,14.342,477.77,14.342,477.77,75.982,416.13,75.982
415.82,14.39,477.64,14.39,477.64,76.205,415.82,76.205
415.73,14.251,477.37,14.251,477.37,75.894,415.73,75.894
415.54,13.873,477.3,13.873,477.3,75.63,415.54,75.63
415.53,13.929,476.23,13.929,476.23,74.635,415.53,74.635
416.06,14.228,475.94,14.228,475.94,74.114,416.06,74.114
416.12,14.705,475.62,14.705,475.62,74.2,416.12,74.2
415.88,14.592,476.48,14.592,476.48,75.188,415.88,75.188
416.11,15.299,476.79,15.299,476.79,75.986,416.11,75.986
415.78,14.906,475.84,14.906,475.84,74.957,415.78,74.957
415.82,14.7,475.73,14.7,475.73,74.617,415.82,74.617
415.86,14.599,475.73,14.599,475.73,74.466,415.86,74.466
415.74,15.001,475.25,15.001,475.25,74.515,415.74,74.515
416.17,15.464,475.18,15.464,475.18,74.473,416.17,74.473
415.93,15.175,474.8,15.175,474.8,74.039,415.93,74.039
416.05,15.049,474.73,15.049,474.73,73.721,416.05,73.721
415.96,14.564,475.04,14.564,475.04,73.639,415.96,73.639
416.12,14.946,475.22,14.946,475.22,74.046,416.12,74.046
416.19,14.986,475.45,14.986,475.45,74.247,416.19,74.247
416.27,15.441,475.51,15.441,475.51,74.676,416.27,74.676
416.18,15.136,476.34,15.136,476.34,75.302,416.18,75.302
415.75,14.298,476.56,14.298,476.56,75.105,415.75,75.105
415.98,14.189,475.94,14.189,475.94,74.151,415.98,74.151
415.46,14.125,475.48,14.125,475.48,74.149,415.46,74.149
415.84,15.064,475.6,15.064,475.6,74.827,415.84,74.827
416.03,15.661,475.72,15.661,475.72,75.342,416.03,75.342
416.34,16.303,475.54,16.303,475.54,75.497,416.34,75.497
416.34,16.111,475.47,16.111,475.47,75.242,416.34,75.242
416.06,15.432,475.42,15.432,475.42,74.789,416.06,74.789
416.03,15.137,475.39,15.137,475.39,74.495,416.03,74.495
416.28,15.503,475.43,15.503,475.43,74.652,416.28,74.652
416.39,16.16,475.51,16.16,475.51,75.282,416.39,75.282
416.3,16.025,475.25,16.025,475.25,74.971,416.3,74.971
416.06,15.212,474.99,15.212,474.99,74.135,416.06,74.135
416.07,15.281,474.96,15.281,474.96,74.166,416.07,74.166
416.2,15.4,474.87,15.4,474.87,74.067,416.2,74.067
416.14,15.773,475.02,15.773,475.02,74.653,416.14,74.653
416.33,16.138,474.89,16.138,474.89,74.7,416.33,74.7
416.22,16.138,474.97,16.138,474.97,74.891,416.22,74.891
416.29,16.215,475.16,16.215,475.16,75.087,416.29,75.087
416.32,15.565,475.13,15.565,475.13,74.369,416.32,74.369
416.16,15.572,475.19,15.572,475.19,74.595,416.16,74.595
416.46,15.74,475.47,15.74,475.47,74.752,416.46,74.752
416.34,15.725,475.3,15.725,475.3,74.691,416.34,74.691
416.5,15.743,475.14,15.743,475.14,74.39,416.5,74.39
416.32,15.039,476.41,15.039,476.41,75.125,416.32,75.125
415.9,14.433,476.75,14.433,476.75,75.282,415.9,75.282
415.77,14.485,476.58,14.485,476.58,75.303,415.77,75.303
415.96,14.673,476.73,14.673,476.73,75.44,415.96,75.44
416.2,14.775,477.02,14.775,477.02,75.595,416.2,75.595
415.78,14.511,476.96,14.511,476.96,75.684,415.78,75.684
415.71,14.202,477.17,14.202,477.17,75.662,415.71,75.662
415.87,14.17,477.64,14.17,477.64,75.932,415.87,75.932
415.74,14.273,477.5,14.273,477.5,76.029,415.74,76.029
415.71,14.666,477.28,14.666,477.28,76.239,415.71,76.239
415.91,14.508,477.76,14.508,477.76,76.352,415.91,76.352
415.45,13.968,477.34,13.968,477.34,75.857,415.45,75.857
415.76,14.059,477.81,14.059,477.81,76.11,415.76,76.11
415.74,14.026,478.61,14.026,478.61,76.895,415.74,76.895
415.8,14.034,478.92,14.034,478.92,77.162,415.8,77.162
415.53,13.84,478.52,13.84,478.52,76.826,415.53,76.826
415.74,13.888,478.76,13.888,478.76,76.909,415.74,76.909
415.91,14.141,477.9,14.141,477.9,76.129,415.91,76.129
415.9,14.28,477.7,14.28,477.7,76.085,415.9,76.085
415.86,13.991,477.33,13.991,477.33,75.462,415.86,75.462
416.18,15.164,477.44,15.164,477.44,76.427,416.18,76.427
415.92,15.068,476.94,15.068,476.94,76.082,415.92,76.082
415.96,15.07,477.41,15.07,477.41,76.521,415.96,76.521
415.67,14.47,476.96,14.47,476.96,75.758,415.67,75.758
415.58,13.908,476.93,13.908,476.93,75.25,415.58,75.25
415.95,14.296,477.02,14.296,477.02,75.368,415.95,75.368
416,14.566,478.12,14.566,478.12,76.688,416,76.688
416.12,15.057,477.65,15.057,477.65,76.589,416.12,76.589
415.79,14.484,478.36,14.484,478.36,77.053,415.79,77.053
415.82,14.241,477.95,14.241,477.95,76.371,415.82,76.371
415.65,13.947,477.53,13.947,477.53,75.827,415.65,75.827
415.5,14.814,477.24,14.814,477.24,76.559,415.5,76.559
415.26,14.923,476.84,14.923,476.84,76.509,415.26,76.509
415.73,15.596,477.01,15.596,477.01,76.872,415.73,76.872
415.83,14.592,476.04,14.592,476.04,74.798,415.83,74.798
415.89,14.968,475.9,14.968,475.9,74.981,415.89,74.981
415.83,14.817,475.65,14.817,475.65,74.631,415.83,74.631
415.99,15.945,475.59,15.945,475.59,75.544,415.99,75.544
416.01,16.644,475.35,16.644,475.35,75.982,416.01,75.982
415.64,16.191,474.97,16.191,474.97,75.519,415.64,75.519
415.84,15.831,474.11,15.831,474.11,74.105,415.84,74.105
415.73,15.571,474.85,15.571,474.85,74.69,415.73,74.69
415.66,15.444,474.78,15.444,474.78,74.56,415.66,74.56
416,16.101,475.06,16.101,475.06,75.157,416,75.157
416.22,16.762,475.15,16.762,475.15,75.695,416.22,75.695
415.94,16.133,474.57,16.133,474.57,74.766,415.94,74.766
415.62,15.636,474.47,15.636,474.47,74.488,415.62,74.488
415.98,15.52,473.88,15.52,473.88,73.415,415.98,73.415
415.88,16.039,473.69,16.039,473.69,73.851,415.88,73.851
415.9,16.228,474.64,16.228,474.64,74.971,415.9,74.971
416.47,17.095,474.97,17.095,474.97,75.603,416.47,75.603
416.13,16.698,474.52,16.698,474.52,75.091,416.13,75.091
416.23,16.632,473.69,16.632,473.69,74.094,416.23,74.094
415.84,16.145,473.3,16.145,473.3,73.604,415.84,73.604
415.99,16.926,473.19,16.926,473.19,74.13,415.99,74.13
416.31,17.535,473.36,17.535,473.36,74.585,416.31,74.585
416.58,18.025,473.05,18.025,473.05,74.492,416.58,74.492
416.23,17.297,472.49,17.297,472.49,73.557,416.23,73.557
416.68,16.884,472.86,16.884,472.86,73.063,416.68,73.063
416.6,16.804,473.03,16.804,473.03,73.228,416.6,73.228
416.46,16.574,472.7,16.574,472.7,72.809,416.46,72.809
416.81,17.549,473.09,17.549,473.09,73.829,416.81,73.829
416.55,17.137,473.73,17.137,473.73,74.316,416.55,74.316
416.12,16.248,474.53,16.248,474.53,74.664,416.12,74.664
416.06,15.679,474.53,15.679,474.53,74.148,416.06,74.148
415.93,15.654,474.58,15.654,474.58,74.311,415.93,74.311
416.24,15.973,475.08,15.973,475.08,74.808,416.24,74.808
416.44,15.979,475.32,15.979,475.32,74.854,416.44,74.854
416.38,16.057,475.33,16.057,475.33,75.004,416.38,75.004
416.23,15.488,475.35,15.488,475.35,74.61,416.23,74.61
416.33,15.348,475.45,15.348,475.45,74.468,416.33,74.468
416.09,15.516,475.44,15.516,475.44,74.865,416.09,74.865
415.84,15.459,476.21,15.459,476.21,75.828,415.84,75.828
415.67,15.008,476.4,15.008,476.4,75.738,415.67,75.738
415.69,14.552,476.71,14.552,476.71,75.569,415.69,75.569
415.84,14.668,476.96,14.668,476.96,75.781,415.84,75.781
415.8,14.558,477.17,14.558,477.17,75.929,415.8,75.929
415.58,14.541,476.66,14.541,476.66,75.62,415.58,75.62
416.09,15.21,477.28,15.21,477.28,76.391,416.09,76.391
416.13,15.104,477.1,15.104,477.1,76.072,416.13,76.072
415.89,14.821,476.95,14.821,476.95,75.881,415.89,75.881
416.09,14.328,477.32,14.328,477.32,75.556,416.09,75.556
416.17,14.525,477.26,14.525,477.26,75.61,416.17,75.61
416.19,15.185,477.22,15.185,477.22,76.213,416.19,76.213
416.15,15.373,477.17,15.373,477.17,76.388,416.15,76.388
416.04,15.28,477.16,15.28,477.16,76.402,416.04,76.402
415.86,14.466,477.17,14.466,477.17,75.78,415.86,75.78
415.56,13.921,477.05,13.921,477.05,75.41,415.56,75.41
415.9,14.486,477.43,14.486,477.43,76.014,415.9,76.014
416.15,14.968,477.66,14.968,477.66,76.484,416.15,76.484
415.85,15.006,477.57,15.006,477.57,76.722,415.85,76.722
415.17,13.862,477.11,13.862,477.11,75.803,415.17,75.803
415.58,14.155,477.47,14.155,477.47,76.05,415.58,76.05
415.65,14.116,477.48,14.116,477.48,75.947,415.65,75.947
415.62,14.194,477.4,14.194,477.4,75.982,415.62,75.982
415.82,14.53,477.3,14.53,477.3,76.009,415.82,76.009
415.74,14.761,477.56,14.761,477.56,76.58,415.74,76.58
415.45,13.881,476.98,13.881,476.98,75.415,415.45,75.415
415.53,14.114,477.15,14.114,477.15,75.737,415.53,75.737
415.72,14.476,477.28,14.476,477.28,76.033,415.72,76.033
415.76,14.839,477.35,14.839,477.35,76.434,415.76,76.434
415.86,15.317,477.34,15.317,477.34,76.798,415.86,76.798
415.57,14.749,477.27,14.749,477.27,76.448,415.57,76.448
415.73,14.424,476.2,14.424,476.2,74.893,415.73,74.893
415.82,14.386,475.58,14.386,475.58,74.143,415.82,74.143
415.7,14.166,475.49,14.166,475.49,73.953,415.7,73.953
416.22,15.1,475.29,15.1,475.29,74.162,416.22,74.162
416.26,16.043,475.33,16.043,475.33,75.108,416.26,75.108
416.34,15.896,475.06,15.896,475.06,74.615,416.34,74.615
416.3,15.594,475.06,15.594,475.06,74.352,416.3,74.352
416.28,15.461,475.06,15.461,475.06,74.239,416.28,74.239
416.47,15.11,475.21,15.11,475.21,73.845,416.47,73.845
416.37,15.965,475.01,15.965,475.01,74.607,416.37,74.607
416.42,16.385,474.86,16.385,474.86,74.825,416.42,74.825
416.49,16.76,474.68,16.76,474.68,74.951,416.49,74.951
416.06,15.521,474.78,15.521,474.78,74.237,416.06,74.237
415.91,14.931,474.93,14.931,474.93,73.957,415.91,73.957
415.69,14.647,474.92,14.647,474.92,73.872,415.69,73.872
416.2,14.991,475.38,14.991,475.38,74.177,416.2,74.177
416.15,14.863,476.32,14.863,476.32,75.036,416.15,75.036
416.08,15.426,476.57,15.426,476.57,75.907,416.08,75.907
415.89,14.371,476.72,14.371,476.72,75.199,415.89,75.199
415.57,14.286,475.4,14.286,475.4,74.12,415.57,74.12
415.67,14.425,475.49,14.425,475.49,74.246,415.67,74.246
416.09,15.036,475.75,15.036,475.75,74.7,416.09,74.7
415.92,15.168,476.5,15.168,476.5,75.748,415.92,75.748
416.44,15.401,477.14,15.401,477.14,76.102,416.44,76.102
416.12,14.85,476.86,14.85,476.86,75.591,416.12,75.591
415.78,14.024,476.93,14.024,476.93,75.171,415.78,75.171
415.53,14.132,477.14,14.132,477.14,75.747,415.53,75.747
415.77,14.228,477.59,14.228,477.59,76.05,415.77,76.05
415.84,14.615,477.49,14.615,477.49,76.267,415.84,76.267
415.95,14.679,478.12,14.679,478.12,76.856,415.95,76.856
415.67,14.395,477.43,14.395,477.43,76.155,415.67,76.155
415.79,13.448,477.61,13.448,477.61,75.268,415.79,75.268
415.65,13.653,477.41,13.653,477.41,75.411,415.65,75.411
415.53,13.892,477.43,13.892,477.43,75.786,415.53,75.786
415.61,14.656,477.61,14.656,477.61,76.657,415.61,76.657
415.7,14.644,478.49,14.644,478.49,77.431,415.7,77.431
416,14.239,477.86,14.239,477.86,76.106,416,76.106
415.58,13.52,477.56,13.52,477.56,75.496,415.58,75.496
415.89,13.872,478.08,13.872,478.08,76.06,415.89,76.06
415.67,13.818,477.52,13.818,477.52,75.663,415.67,75.663
415.68,14.667,477.26,14.667,477.26,76.249,415.68,76.249
416.28,14.95,477.69,14.95,477.69,76.361,416.28,76.361
415.97,14.627,477.45,14.627,477.45,76.108,415.97,76.108
415.78,14.074,477.49,14.074,477.49,75.785,415.78,75.785
415.58,13.481,477.26,13.481,477.26,75.161,415.58,75.161
415.54,14.343,477.44,14.343,477.44,76.236,415.54,76.236
415.95,14.862,477.55,14.862,477.55,76.461,415.95,76.461
416.01,14.722,477.63,14.722,477.63,76.344,416.01,76.344
416.1,14.542,477.74,14.542,477.74,76.182,416.1,76.182
415.95,13.89,477.55,13.89,477.55,75.493,415.95,75.493
416.03,14.453,477.66,14.453,477.66,76.081,416.03,76.081
416.12,14.849,477.73,14.849,477.73,76.458,416.12,76.458
415.89,14.683,478.35,14.683,478.35,77.146,415.89,77.146
415.78,14.164,478.66,14.164,478.66,77.045,415.78,77.045
415.78,13.723,478.89,13.723,478.89,76.839,415.78,76.839
415.72,13.625,477.87,13.625,477.87,75.772,415.72,75.772
415.85,14.162,477.83,14.162,477.83,76.147,415.85,76.147
415.62,14.199,478.66,14.199,478.66,77.237,415.62,77.237
415.43,14.16,478.74,14.16,478.74,77.474,415.43,77.474
415.38,13.846,478.77,13.846,478.77,77.237,415.38,77.237
415.46,13.301,479.14,13.301,479.14,76.989,415.46,76.989
415.32,12.943,478.78,12.943,478.78,76.399,415.32,76.399
415.47,13.845,479.14,13.845,479.14,77.518,415.47,77.518
415.66,14.111,478.04,14.111,478.04,76.486,415.66,76.486
415.83,14.301,477.9,14.301,477.9,76.371,415.83,76.371
415.98,14.103,477.81,14.103,477.81,75.936,415.98,75.936
415.72,13.613,477.41,13.613,477.41,75.3,415.72,75.3
415.94,14.213,477.55,14.213,477.55,75.818,415.94,75.818
415.87,14.346,478.27,14.346,478.27,76.743,415.87,76.743
415.72,14.432,478.4,14.432,478.4,77.116,415.72,77.116
415.75,14.172,477.63,14.172,477.63,76.047,415.75,76.047
415.53,14.084,477.57,14.084,477.57,76.123,415.53,76.123
415.91,14.308,477.8,14.308,477.8,76.198,415.91,76.198
415.55,14.14,477.72,14.14,477.72,76.302,415.55,76.302
415.79,14.39,477.61,14.39,477.61,76.211,415.79,76.211
415.68,14.677,477.36,14.677,477.36,76.361,415.68,76.361
415.61,14.293,477.47,14.293,477.47,76.147,415.61,76.147
415.68,13.855,477.31,13.855,477.31,75.486,415.68,75.486
415.8,14.164,477.63,14.164,477.63,75.99,415.8,75.99
415.63,14.037,477.33,14.037,477.33,75.739,415.63,75.739
415.66,14.529,477.25,14.529,477.25,76.117,415.66,76.117
415.91,14.846,477.57,14.846,477.57,76.506,415.91,76.506
415.47,14.209,477.42,14.209,477.42,76.157,415.47,76.157
415.58,13.981,477.58,13.981,477.58,75.983,415.58,75.983
415.92,14.199,477.84,14.199,477.84,76.127,415.92,76.127
416.02,14.354,477.86,14.354,477.86,76.188,416.02,76.188
415.78,14.491,477.43,14.491,477.43,76.142,415.78,76.142
415.72,14.436,477.34,14.436,477.34,76.06,415.72,76.06
415.95,14.633,477.71,14.633,477.71,76.389,415.95,76.389
415.83,14.624,477.27,14.624,477.27,76.07,415.83,76.07
415.77,14.623,477.42,14.623,477.42,76.271,415.77,76.271
415.48,13.991,477.33,13.991,477.33,75.837,415.48,75.837
415.2,13.573,477.25,13.573,477.25,75.63,415.2,75.63
416.01,14.629,477.85,14.629,477.85,76.475,416.01,76.475
415.89,14.858,477.21,14.858,477.21,76.177,415.89,76.177
415.37,14.347,477.05,14.347,477.05,76.028,415.37,76.028
415.5,13.876,477.32,13.876,477.32,75.694,415.5,75.694
415.16,13.691,477.04,13.691,477.04,75.577,415.16,75.577
415.82,14.63,477.65,14.63,477.65,76.458,415.82,76.458
415.62,14.432,477.39,14.432,477.39,76.202,415.62,76.202
415.4,13.869,477.3,13.869,477.3,75.772,415.4,75.772
415.45,13.839,477.45,13.839,477.45,75.841,415.45,75.841
415.67,14.448,477.75,14.448,477.75,76.528,415.67,76.528
415.88,14.851,477.71,14.851,477.71,76.678,415.88,76.678
415.5,14.426,477.41,14.426,477.41,76.331,415.5,76.331
415.78,14.249,477.64,14.249,477.64,76.114,415.78,76.114
415.38,13.697,477.32,13.697,477.32,75.64,415.38,75.64
415.71,14.071,477.78,14.071,477.78,76.142,415.71,76.142
415.54,14.007,478.63,14.007,478.63,77.094,415.54,77.094
415.91,14.57,477.76,14.57,477.76,76.42,415.91,76.42
415.72,14.503,477.31,14.503,477.31,76.101,415.72,76.101
416.02,14.249,477.78,14.249,477.78,76.007,416.02,76.007
415.4,13.657,477.1,13.657,477.1,75.36,415.4,75.36
415.46,14.029,477.17,14.029,477.17,75.742,415.46,75.742
415.48,14.447,476.98,14.447,476.98,75.948,415.48,75.948
415.8,14.731,477.48,14.731,477.48,76.414,415.8,76.414
415.91,14.493,477.52,14.493,477.52,76.106,415.91,76.106
416.07,14.304,477.63,14.304,477.63,75.863,416.07,75.863
415.94,14.129,477.64,14.129,477.64,75.832,415.94,75.832
415.61,14.081,477.29,14.081,477.29,75.765,415.61,75.765
415.55,14.458,477.38,14.458,477.38,76.284,415.55,76.284
415.5,14.336,477.26,14.336,477.26,76.094,415.5,76.094
415.49,14.104,477.14,14.104,477.14,75.749,415.49,75.749
415.47,13.976,477.11,13.976,477.11,75.616,415.47,75.616
415.48,14.021,477.29,14.021,477.29,75.831,415.48,75.831
415.41,14.124,477.26,14.124,477.26,75.972,415.41,75.972
415.32,14.259,477.25,14.259,477.25,76.189,415.32,76.189
416.04,14.768,477.73,14.768,477.73,76.457,416.04,76.457
415.53,14.502,477.35,14.502,477.35,76.33,415.53,76.33
415.36,13.907,476.99,13.907,476.99,75.535,415.36,75.535
415.79,14.402,477.6,14.402,477.6,76.215,415.79,76.215
415.62,14.256,477.22,14.256,477.22,75.85,415.62,75.85
415.92,14.667,477.68,14.667,477.68,76.426,415.92,76.426
415.77,14.21,477.37,14.21,477.37,75.806,415.77,75.806
416.05,14.475,477.61,14.475,477.61,76.042,416.05,76.042
415.96,14.418,477.65,14.418,477.65,76.11,415.96,76.11
415.8,14.257,477.63,14.257,477.63,76.086,415.8,76.086
415.63,14.083,477.38,14.083,477.38,75.827,415.63,75.827
415.45,14.293,477.14,14.293,477.14,75.976,415.45,75.976
415.57,14.21,477.46,14.21,477.46,76.092,415.57,76.092
415.78,14.064,477.61,14.064,477.61,75.901,415.78,75.901
415.56,14.004,477.27,14.004,477.27,75.715,415.56,75.715
415.5,14.179,477.09,14.179,477.09,75.763,415.5,75.763
416.05,14.887,477.59,14.887,477.59,76.431,416.05,76.431
415.85,14.828,477.61,14.828,477.61,76.584,415.85,76.584
415.42,14.024,477.21,14.024,477.21,75.812,415.42,75.812
415.41,13.736,477.15,13.736,477.15,75.478,415.41,75.478
415.56,13.846,477.15,13.846,477.15,75.43,415.56,75.43
415.86,14.694,477.68,14.694,477.68,76.519,415.86,76.519
415.77,14.703,477.3,14.703,477.3,76.237,415.77,76.237
415.98,14.758,477.86,14.758,477.86,76.636,415.98,76.636
415.64,14.245,477.59,14.245,477.59,76.199,415.64,76.199
415.92,14.105,478.01,14.105,478.01,76.188,415.92,76.188
415.93,14.358,477.69,14.358,477.69,76.112,415.93,76.112
415.63,14.168,477.34,14.168,477.34,75.874,415.63,75.874
415.54,14.577,477.12,14.577,477.12,76.149,415.54,76.149
416,14.737,477.54,14.737,477.54,76.28,416,76.28
415.86,14.328,477.81,14.328,477.81,76.281,415.86,76.281
415.98,14.14,477.78,14.14,477.78,75.94,415.98,75.94
415.52,13.771,477.36,13.771,477.36,75.616,415.52,75.616
415.44,14.344,477.07,14.344,477.07,75.98,415.44,75.98
415.86,14.609,477.53,14.609,477.53,76.277,415.86,76.277
415.79,14.43,477.55,14.43,477.55,76.195,415.79,76.195
415.38,13.783,477.24,13.783,477.24,75.641,415.38,75.641
415.39,13.671,477.46,13.671,477.46,75.734,415.39,75.734
415.79,14.127,477.67,14.127,477.67,76.007,415.79,76.007
415.91,14.73,477.58,14.73,477.58,76.394,415.91,76.394
415.9,14.71,477.52,14.71,477.52,76.333,415.9,76.333
416.17,14.993,477.66,14.993,477.66,76.475,416.17,76.475
415.96,14.503,477.64,14.503,477.64,76.188,415.96,76.188
415.65,14.183,477.33,14.183,477.33,75.87,415.65,75.87
415.61,14.298,477.27,14.298,477.27,75.949,415.61,75.949
415.9,14.87,477.36,14.87,477.36,76.33,415.9,76.33
415.99,14.908,477.55,14.908,477.55,76.469,415.99,76.469
416,14.673,477.79,14.673,477.79,76.466,416,76.466
415.49,14.028,477.32,14.028,477.32,75.858,415.49,75.858
415.3,13.754,477,13.754,477,75.449,415.3,75.449
415.33,13.89,477.36,13.89,477.36,75.914,415.33,75.914
415.99,14.594,477.81,14.594,477.81,76.423,415.99,76.423
415.79,14.582,477.43,14.582,477.43,76.224,415.79,76.224
415.81,14.515,477.36,14.515,477.36,76.064,415.81,76.064
415.81,14.243,477.69,14.243,477.69,76.121,415.81,76.121
415.61,13.78,477.49,13.78,477.49,75.665,415.61,75.665
415.63,14.346,477.61,14.346,477.61,76.325,415.63,76.325
415.47,14.06,478.54,14.06,478.54,77.126,415.47,77.126
415.67,14.125,478.61,14.125,478.61,77.066,415.67,77.066
415.42,13.987,478.83,13.987,478.83,77.402,415.42,77.402
415.16,13.214,479.13,13.214,479.13,77.186,415.16,77.186
415.15,13.171,479.18,13.171,479.18,77.198,415.15,77.198
415.71,13.408,478.25,13.408,478.25,75.952,415.71,75.952
415.88,14.433,477.98,14.433,477.98,76.538,415.88,76.538
415.65,14.363,478.74,14.363,478.74,77.45,415.65,77.45
415.72,14.334,477.79,14.334,477.79,76.401,415.72,76.401
416.05,14.292,477.88,14.292,477.88,76.121,416.05,76.121
415.4,13.561,477.2,13.561,477.2,75.367,415.4,75.367
415.28,13.693,477.28,13.693,477.28,75.69,415.28,75.69
416,14.459,477.82,14.459,477.82,76.282,416,76.282
415.84,14.477,477.49,14.477,477.49,76.127,415.84,76.127
415.94,14.585,477.38,14.585,477.38,76.026,415.94,76.026
415.89,14.117,477.47,14.117,477.47,75.693,415.89,75.693
415.67,14.025,477.6,14.025,477.6,75.948,415.67,75.948
415.9,14.03,477.94,14.03,477.94,76.071,415.9,76.071
415.96,14.356,477.91,14.356,477.91,76.309,415.96,76.309
415.66,14.31,478.45,14.31,478.45,77.093,415.66,77.093
415.58,14.32,477.58,14.32,477.58,76.315,415.58,76.315
415.87,14.114,477.74,14.114,477.74,75.986,415.87,75.986
415.49,13.74,477.52,13.74,477.52,75.768,415.49,75.768
415.76,14.249,477.68,14.249,477.68,76.165,415.76,76.165
415.79,14.609,477.74,14.609,477.74,76.554,415.79,76.554
416,14.728,477.96,14.728,477.96,76.687,416,76.687
416.09,14.605,477.81,14.605,477.81,76.315,416.09,76.315
415.49,13.694,477.21,13.694,477.21,75.416,415.49,75.416
415.35,13.744,476.97,13.744,476.97,75.363,415.35,75.363
415.81,14.391,477.58,14.391,477.58,76.161,415.81,76.161
415.61,14.297,477.03,14.297,477.03,75.717,415.61,75.717
415.57,14.792,477.02,14.792,477.02,76.248,415.57,76.248
415.63,14.486,477.08,14.486,477.08,75.933,415.63,75.933
415.41,14.19,476.97,14.19,476.97,75.748,415.41,75.748
415.52,14.131,477.45,14.131,477.45,76.063,415.52,76.063
415.92,14.361,477.83,14.361,477.83,76.271,415.92,76.271
415.56,14.436,477.41,14.436,477.41,76.286,415.56,76.286
415.46,14.108,477.41,14.108,477.41,76.06,415.46,76.06
415.77,14.292,477.63,14.292,477.63,76.143,415.77,76.143
415.34,13.817,477.1,13.817,477.1,75.577,415.34,75.577
415.32,13.919,477.04,13.919,477.04,75.643,415.32,75.643
415.36,14.121,476.96,14.121,476.96,75.721,415.36,75.721
415.68,14.786,477.36,14.786,477.36,76.466,415.68,76.466
415.6,14.403,477.4,14.403,477.4,76.206,415.6,76.206
415.25,13.701,477.09,13.701,477.09,75.537,415.25,75.537
415.59,14.214,476.31,14.214,476.31,74.936,415.59,74.936
415.79,14.223,476.74,14.223,476.74,75.176,415.79,75.176
415.91,14.932,476.79,14.932,476.79,75.818,415.91,75.818
415.86,14.54,476.8,14.54,476.8,75.48,415.86,75.48
415.83,14.485,476.9,14.485,476.9,75.553,415.83,75.553
415.97,14.221,477.06,14.221,477.06,75.308,415.97,75.308
415.93,14.229,477.19,14.229,477.19,75.488,415.93,75.488
415.7,14.187,476.81,14.187,476.81,75.302,415.7,75.302
415.82,14.839,476.97,14.839,476.97,75.987,415.82,75.987
415.7,14.868,476.64,14.868,476.64,75.81,415.7,75.81
415.52,14.231,476.63,14.231,476.63,75.342,415.52,75.342
415.63,14.308,476.72,14.308,476.72,75.395,415.63,75.395
415.89,14.466,477.15,14.466,477.15,75.726,415.89,75.726
415.68,14.495,476.72,14.495,476.72,75.532,415.68,75.532
415.94,14.895,476.99,14.895,476.99,75.936,415.94,75.936
415.84,14.298,476.96,14.298,476.96,75.414,415.84,75.414
415.81,14.294,476.87,14.294,476.87,75.349,415.81,75.349
415.83,14.448,476.92,14.448,476.92,75.53,415.83,75.53
415.82,14.901,477.06,14.901,477.06,76.138,415.82,76.138
415.56,14.624,476.73,14.624,476.73,75.788,415.56,75.788
415.78,14.499,476.6,14.499,476.6,75.314,415.78,75.314
416.12,14.635,475.62,14.635,475.62,74.128,416.12,74.128
416.05,14.506,475.45,14.506,475.45,73.91,416.05,73.91
416.12,14.816,475.4,14.816,475.4,74.093,416.12,74.093
415.85,14.792,476.44,14.792,476.44,75.387,415.85,75.387
416.11,15.346,476.64,15.346,476.64,75.867,416.11,75.867
415.96,14.774,476,14.774,476,74.815,415.96,74.815
415.97,14.804,475.63,14.804,475.63,74.466,415.97,74.466
415.65,14.473,476.72,14.473,476.72,75.55,415.65,75.55
415.94,14.704,477.35,14.704,477.35,76.109,415.94,76.109
415.91,14.952,477.15,14.952,477.15,76.186,415.91,76.186
415.8,14.981,477.11,14.981,477.11,76.3,415.8,76.3
415.9,14.94,475.8,14.94,475.8,74.842,415.9,74.842
415.6,14.577,475.55,14.577,475.55,74.533,415.6,74.533
415.93,14.827,475.71,14.827,475.71,74.61,415.93,74.61
415.72,14.96,476.42,14.96,476.42,75.661,415.72,75.661
415.85,15.375,476.44,15.375,476.44,75.971,415.85,75.971
415.96,15.302,476.62,15.302,476.62,75.96,415.96,75.96
415.63,14.686,476.81,14.686,476.81,75.859,415.63,75.859
415.9,14.751,475.92,14.751,475.92,74.764,415.9,74.764
415.9,14.933,475.86,14.933,475.86,74.892,415.9,74.892
416.02,15.449,475.64,15.449,475.64,75.073,416.02,75.073
415.66,15.017,476.65,15.017,476.65,76.003,415.66,76.003
415.73,14.707,476.86,14.707,476.86,75.833,415.73,75.833
415.61,14.395,476.68,14.395,476.68,75.473,415.61,75.473
415.49,14.326,476.66,14.326,476.66,75.506,415.49,75.506
415.41,14.275,476.63,14.275,476.63,75.495,415.41,75.495
415.43,14.548,476.69,14.548,476.69,75.805,415.43,75.805
415.65,15.071,475.87,15.071,475.87,75.297,415.65,75.297
415.83,15.052,475.85,15.052,475.85,75.079,415.83,75.079
415.82,15.09,475.39,15.09,475.39,74.663,415.82,74.663
415.85,14.99,475.43,14.99,475.43,74.577,415.85,74.577
415.77,15.304,475.32,15.304,475.32,74.86,415.77,74.86
416.06,15.622,475.35,15.622,475.35,74.909,416.06,74.909
416.1,15.747,475.25,15.747,475.25,74.898,416.1,74.898
416.25,15.479,475.05,15.479,475.05,74.286,416.25,74.286
416.34,15.145,475.01,15.145,475.01,73.815,416.34,73.815
416.37,15.063,474.94,15.063,474.94,73.629,416.37,73.629
416.43,15.399,474.96,15.399,474.96,73.929,416.43,73.929
415.95,15.669,474.64,15.669,474.64,74.363,415.95,74.363
416.25,15.915,474.98,15.915,474.98,74.639,416.25,74.639
416.53,16.108,475.11,16.108,475.11,74.692,416.53,74.692
416.27,15.475,474.81,15.475,474.81,74.014,416.27,74.014
415.89,15.164,474.5,15.164,474.5,73.772,415.89,73.772
416.2,15.423,474.66,15.423,474.66,73.884,416.2,73.884
416.25,15.73,474.76,15.73,474.76,74.242,416.25,74.242
416.54,15.68,474.86,15.68,474.86,73.993,416.54,73.993
416.63,15.818,475.22,15.818,475.22,74.414,416.63,74.414
416.51,15.714,475.18,15.714,475.18,74.382,416.51,74.382
416.49,15.683,475.02,15.683,475.02,74.213,416.49,74.213
416.33,15.628,474.84,15.628,474.84,74.139,416.33,74.139
416.3,15.785,474.81,15.785,474.81,74.291,416.3,74.291
416.34,15.979,474.88,15.979,474.88,74.521,416.34,74.521
416.48,15.732,474.73,15.732,474.73,73.979,416.48,73.979
416.3,15.43,474.92,15.43,474.92,74.044,416.3,74.044
416.41,15.685,474.92,15.685,474.92,74.199,416.41,74.199
416.27,15.68,474.85,15.68,474.85,74.254,416.27,74.254
416.41,16.07,475.14,16.07,475.14,74.793,416.41,74.793
416.56,16.512,475.32,16.512,475.32,75.27,416.56,75.27
416.1,15.547,475.93,15.547,475.93,75.384,416.1,75.384
415.65,14.729,476.39,14.729,476.39,75.465,415.65,75.465
415.85,14.454,476.48,14.454,476.48,75.083,415.85,75.083
415.87,14.834,476.81,14.834,476.81,75.777,415.87,75.777
415.85,14.834,476.82,14.834,476.82,75.802,415.85,75.802
415.67,15.13,476.83,15.13,476.83,76.287,415.67,76.287
415.49,14.701,476.89,14.701,476.89,76.1,415.49,76.1
415.11,14.044,477.16,14.044,477.16,76.095,415.11,76.095
415.38,14.278,477.32,14.278,477.32,76.223,415.38,76.223
415.8,14.257,477.7,14.257,477.7,76.158,415.8,76.158
415.66,14.41,477.35,14.41,477.35,76.097,415.66,76.097
415.61,14.582,477.34,14.582,477.34,76.309,415.61,76.309
415.22,13.908,477.04,13.908,477.04,75.726,415.22,75.726
415.23,13.747,477.07,13.747,477.07,75.592,415.23,75.592
415.19,13.841,477.08,13.841,477.08,75.731,415.19,75.731
415.76,14.359,477.52,14.359,477.52,76.113,415.76,76.113
415.36,14.257,477.16,14.257,477.16,76.05,415.36,76.05
415.25,14.276,476.87,14.276,476.87,75.899,415.25,75.899
415.67,14.468,477.43,14.468,477.43,76.231,415.67,76.231
415.16,13.989,476.89,13.989,476.89,75.71,415.16,75.71
415.25,13.668,477.11,13.668,477.11,75.53,415.25,75.53
415.22,13.94,477.13,13.94,477.13,75.852,415.22,75.852
415.82,14.732,477.53,14.732,477.53,76.448,415.82,76.448
415.57,14.584,477.26,14.584,477.26,76.271,415.57,76.271
415.52,14.342,477.16,14.342,477.16,75.983,415.52,75.983
415.46,13.944,477.26,13.944,477.26,75.747,415.46,75.747
415.16,13.875,477.01,13.875,477.01,75.725,415.16,75.725
415.51,14.194,477.07,14.194,477.07,75.753,415.51,75.753
416.23,15.298,477.57,15.298,477.57,76.634,416.23,76.634
415.73,14.877,476.84,14.877,476.84,75.98,415.73,75.98
415.66,14.476,477.42,14.476,477.42,76.23,415.66,76.23
415.34,13.652,477.1,13.652,477.1,75.42,415.34,75.42
415.04,13.606,477.07,13.606,477.07,75.635,415.04,75.635
415.68,14.353,477.65,14.353,477.65,76.323,415.68,76.323
415.83,15.015,477.68,15.015,477.68,76.868,415.83,76.868
415.38,14.609,477.1,14.609,477.1,76.329,415.38,76.329
415.25,14.053,476.89,14.053,476.89,75.689,415.25,75.689
415.39,14.043,477.07,14.043,477.07,75.724,415.39,75.724
415.42,14.065,477.03,14.065,477.03,75.672,415.42,75.672
415.74,14.469,477.32,14.469,477.32,76.048,415.74,76.048
415.98,14.809,477.63,14.809,477.63,76.466,415.98,76.466
415.66,14.884,477.33,14.884,477.33,76.56,415.66,76.56
415.24,14.542,477.1,14.542,477.1,76.409,415.24,76.409
415.5,14.279,476.23,14.279,476.23,75.012,415.5,75.012
415.68,14.361,476.63,14.361,476.63,75.315,415.68,75.315
415.59,14.765,476.94,14.765,476.94,76.116,415.59,76.116
415.33,14.552,476.99,14.552,476.99,76.212,415.33,76.212
415.46,14.579,477.1,14.579,477.1,76.217,415.46,76.217
415.22,14.194,477.03,14.194,477.03,76.002,415.22,76.002
415.43,14.234,476.37,14.234,476.37,75.178,415.43,75.178
415.51,14.416,476.84,14.416,476.84,75.753,415.51,75.753
415.73,14.977,476.05,14.977,476.05,75.3,415.73,75.3
416.03,15.296,475.9,15.296,475.9,75.165,416.03,75.165
415.52,14.702,476.51,14.702,476.51,75.695,415.52,75.695
415.91,15.01,476.88,15.01,476.88,75.972,415.91,75.972
415.41,14.237,476.89,14.237,476.89,75.715,415.41,75.715
415.59,14.474,477.16,14.474,477.16,76.043,415.59,76.043
415.4,14.693,477.2,14.693,477.2,76.494,415.4,76.494
415.17,14.478,476.89,14.478,476.89,76.199,415.17,76.199
415.51,14.463,477.05,14.463,477.05,76.004,415.51,76.004
415.59,14.544,477.36,14.544,477.36,76.31,415.59,76.31
415.27,13.974,476.87,13.974,476.87,75.566,415.27,75.566
415.58,14.389,477.33,14.389,477.33,76.141,415.58,76.141
415.21,14.108,477.03,14.108,477.03,75.921,415.21,75.921
415.34,14.382,477.2,14.382,477.2,76.244,415.34,76.244
415.21,14.347,477.02,14.347,477.02,76.159,415.21,76.159
415.14,13.973,477.12,13.973,477.12,75.952,415.14,75.952
415.38,14.131,477.5,14.131,477.5,76.247,415.38,76.247
415.32,14.181,477.31,14.181,477.31,76.172,415.32,76.172
415.49,14.493,477.66,14.493,477.66,76.662,415.49,76.662
415.18,14.451,477.3,14.451,477.3,76.57,415.18,76.57
415.47,14.573,477.47,14.573,477.47,76.573,415.47,76.573
415.56,14.504,477.53,14.504,477.53,76.468,415.56,76.468
415.57,14.121,477.68,14.121,477.68,76.232,415.57,76.232
415.55,14.108,477.52,14.108,477.52,76.07,415.55,76.07
415.79,14.549,477.79,14.549,477.79,76.547,415.79,76.547
415.92,15.018,477.67,15.018,477.67,76.767,415.92,76.767
415.39,14.303,477.35,14.303,477.35,76.258,415.39,76.258
415.52,14.378,477.6,14.378,477.6,76.464,415.52,76.464
415.61,14.086,477.7,14.086,477.7,76.175,415.61,76.175
415.67,14.318,477.83,14.318,477.83,76.474,415.67,76.474
415.44,14.201,477.45,14.201,477.45,76.205,415.44,76.205
415.82,14.825,477.64,14.825,477.64,76.65,415.82,76.65
415.31,14.379,477.14,14.379,477.14,76.204,415.31,76.204
414.94,13.922,477.06,13.922,477.06,76.041,414.94,76.041
415.21,13.912,477.21,13.912,477.21,75.907,415.21,75.907
415.47,14.377,477.55,14.377,477.55,76.451,415.47,76.451
415.92,14.749,477.83,14.749,477.83,76.662,415.92,76.662
415.53,14.723,477.41,14.723,477.41,76.606,415.53,76.606
415.41,14.36,477.38,14.36,477.38,76.332,415.41,76.332
415.36,14.06,477.52,14.06,477.52,76.216,415.36,76.216
415.16,13.787,477.33,13.787,477.33,75.948,415.16,75.948
415.23,14.13,476.91,14.13,476.91,75.815,415.23,75.815
415.47,14.432,477.36,14.432,477.36,76.316,415.47,76.316
415.6,14.542,477.41,14.542,477.41,76.354,415.6,76.354
415.15,14.041,476.87,14.041,476.87,75.762,415.15,75.762
415.66,14.478,476.27,14.478,476.27,75.091,415.66,75.091
415.86,14.854,476.46,14.854,476.46,75.45,415.86,75.45
415.85,14.685,476.79,14.685,476.79,75.626,415.85,75.626
415.55,14.882,476.63,14.882,476.63,75.966,415.55,75.966
415.75,14.874,477.08,14.874,477.08,76.209,415.75,76.209
415.52,14.652,475.76,14.652,475.76,74.894,415.52,74.894
415.57,14.702,475.83,14.702,475.83,74.963,415.57,74.963
415.69,14.601,475.53,14.601,475.53,74.435,415.69,74.435
415.95,14.911,475.54,14.911,475.54,74.495,415.95,74.495
415.92,15.062,475.47,15.062,475.47,74.608,415.92,74.608
416.17,15.38,475.44,15.38,475.44,74.653,416.17,74.653
416.18,15.256,475.06,15.256,475.06,74.134,416.18,74.134
416.15,14.892,474.96,14.892,474.96,73.701,416.15,73.701
416.3,14.629,475,14.629,475,73.334,416.3,73.334
416.53,14.922,475.16,14.922,475.16,73.551,416.53,73.551
416.46,15.18,475.07,15.18,475.07,73.789,416.46,73.789
416.62,15.35,475.23,15.35,475.23,73.955,416.62,73.955
416.42,15.103,474.92,15.103,474.92,73.602,416.42,73.602
416.14,14.23,474.69,14.23,474.69,72.771,416.14,72.771
415.9,14.143,474.55,14.143,474.55,72.793,415.9,72.793
416.13,14.816,474.94,14.816,474.94,73.625,416.13,73.625
416.24,14.993,474.95,14.993,474.95,73.708,416.24,73.708
416.31,15.3,474.97,15.3,474.97,73.957,416.31,73.957
416.01,14.816,474.85,14.816,474.85,73.655,416.01,73.655
415.87,14.539,474.93,14.539,474.93,73.599,415.87,73.599
416.08,14.554,474.81,14.554,474.81,73.283,416.08,73.283
416.31,14.777,475.18,14.777,475.18,73.648,416.31,73.648
416.38,15.278,474.64,15.278,474.64,73.536,416.38,73.536
416.4,15.277,474.56,15.277,474.56,73.439,416.4,73.439
416.16,14.694,474.93,14.694,474.93,73.467,416.16,73.467
416.66,14.464,475.08,14.464,475.08,72.889,416.66,72.889
416.77,14.402,475.11,14.402,475.11,72.741,416.77,72.741
416.8,14.358,475.05,14.358,475.05,72.61,416.8,72.61
416.71,14.659,474.78,14.659,474.78,72.735,416.71,72.735
416.53,14.829,475.02,14.829,475.02,73.318,416.53,73.318
416.72,14.762,474.42,14.762,474.42,72.465,416.72,72.465
416.56,14.622,474.67,14.622,474.67,72.733,416.56,72.733
416.27,14.165,474.75,14.165,474.75,72.644,416.27,72.644
416.49,14.436,474.89,14.436,474.89,72.839,416.49,72.839
416.58,14.956,474.89,14.956,474.89,73.27,416.58,73.27
416.57,15.118,474.92,15.118,474.92,73.463,416.57,73.463
416.42,15.28,474.69,15.28,474.69,73.551,416.42,73.551
416.64,15.141,475.17,15.141,475.17,73.668,416.64,73.668
416.28,14.779,474.64,14.779,474.64,73.13,416.28,73.13
416.32,14.534,474.9,14.534,474.9,73.112,416.32,73.112
416.79,14.483,475.44,14.483,475.44,73.133,416.79,73.133
417.05,14.894,475.77,14.894,475.77,73.615,417.05,73.615
416.92,14.997,475.58,14.997,475.58,73.656,416.92,73.656
417.15,15.361,475.91,15.361,475.91,74.121,417.15,74.121
417.05,15.413,476.03,15.413,476.03,74.395,417.05,74.395
416.71,14.588,476.06,14.588,476.06,73.937,416.71,73.937
416.66,14.52,476.63,14.52,476.63,74.483,416.66,74.483
416.45,14.616,476.6,14.616,476.6,74.769,416.45,74.769
416.4,15.255,476.8,15.255,476.8,75.653,416.4,75.653
416.55,14.847,477.17,14.847,477.17,75.46,416.55,75.46
416.53,14.743,477.42,14.743,477.42,75.628,416.53,75.628
416.26,14.138,477.22,14.138,477.22,75.101,416.26,75.101
415.57,14.487,476.82,14.487,476.82,75.734,415.57,75.734
415.56,13.931,477.17,13.931,477.17,75.538,415.56,75.538
415.85,14.865,477.74,14.865,477.74,76.757,415.85,76.757
414.54,13.585,476.86,13.585,476.86,75.91,414.54,75.91
414.45,12.582,477.34,12.582,477.34,75.47,414.45,75.47
414.78,13.074,478.36,13.074,478.36,76.655,414.78,76.655
413.49,12.333,477.5,12.333,477.5,76.344,413.49,76.344
413.52,12.776,477.49,12.776,477.49,76.742,413.52,76.742
413.86,13.355,478.16,13.355,478.16,77.652,413.86,77.652
414.38,13.647,478.57,13.647,478.57,77.84,414.38,77.84
414.06,13.779,477.38,13.779,477.38,77.106,414.06,77.106
415.34,13.849,478.67,13.849,478.67,77.188,415.34,77.188
415.87,14.624,478.93,14.624,478.93,77.687,415.87,77.687
415.98,15.547,478.39,15.547,478.39,77.951,415.98,77.951
416.57,15.732,478.46,15.732,478.46,77.624,416.57,77.624
415.85,14.611,477.39,14.611,477.39,76.15,415.85,76.15
416.7,14.943,477.86,14.943,477.86,76.098,416.7,76.098
416.36,14.57,477.36,14.57,477.36,75.575,416.36,75.575
416.4,14.979,477.34,14.979,477.34,75.918,416.4,75.918
416.27,15.358,477.11,15.358,477.11,76.2,416.27,76.2
416.19,14.707,476.91,14.707,476.91,75.43,416.19,75.43
416.08,14.902,476.73,14.902,476.73,75.551,416.08,75.551
415.63,14.387,476.5,14.387,476.5,75.258,415.63,75.258
415.15,14.011,475.78,14.011,475.78,74.64,415.15,74.64
415.25,14.718,476.13,14.718,476.13,75.601,415.25,75.601
415.32,14.319,476.21,14.319,476.21,75.212,415.32,75.212
415.07,14.385,475.82,14.385,475.82,75.136,415.07,75.136
415.28,14.533,475.99,14.533,475.99,75.244,415.28,75.244
415.66,14.277,476.25,14.277,476.25,74.87,415.66,74.87
415.67,13.949,476.13,13.949,476.13,74.41,415.67,74.41
415.33,13.931,475.72,13.931,475.72,74.316,415.33,74.316
415.31,13.932,475.62,13.932,475.62,74.244,415.31,74.244
415.54,14.23,475.8,14.23,475.8,74.488,415.54,74.488
415.42,13.699,475.81,13.699,475.81,74.096,415.42,74.096
415.04,13.713,475.2,13.713,475.2,73.874,415.04,73.874
415.72,14.18,475.9,14.18,475.9,74.357,415.72,74.357
415.91,14.051,476.47,14.051,476.47,74.604,415.91,74.604
415.72,14.562,476.68,14.562,476.68,75.519,415.72,75.519
415.8,14.668,476.06,14.668,476.06,74.931,415.8,74.931
415.93,14.591,475.98,14.591,475.98,74.636,415.93,74.636
415.79,14.362,475.85,14.362,475.85,74.428,415.79,74.428
415.58,14.445,475.66,14.445,475.66,74.526,415.58,74.526
415.77,14.473,476.32,14.473,476.32,75.022,415.77,75.022
415.96,14.608,476.56,14.608,476.56,75.206,415.96,75.206
416.03,14.879,476.74,14.879,476.74,75.59,416.03,75.59
415.79,14.711,476.47,14.711,476.47,75.391,415.79,75.391
415.73,14.534,476.55,14.534,476.55,75.349,415.73,75.349
415.52,13.887,476.48,13.887,476.48,74.848,415.52,74.848
415.79,14.618,476.13,14.618,476.13,74.96,415.79,74.96
415.76,14.962,475.87,14.962,475.87,75.066,415.76,75.066
415.78,15.099,476.51,15.099,476.51,75.827,415.78,75.827
415.88,14.846,475.96,14.846,475.96,74.926,415.88,74.926
415.84,14.666,475.98,14.666,475.98,74.798,415.84,74.798
415.88,14.972,475.86,14.972,475.86,74.958,415.88,74.958
415.7,14.98,475.9,14.98,475.9,75.177,415.7,75.177
415.78,14.831,476.71,14.831,476.71,75.761,415.78,75.761
415.57,14.779,476.71,14.779,476.71,75.916,415.57,75.916
415.66,14.49,477.17,14.49,477.17,76.003,415.66,76.003
415.37,14.301,477.08,14.301,477.08,76.008,415.37,76.008
415.18,13.781,476.94,13.781,476.94,75.541,415.18,75.541
415.13,13.875,477.11,13.875,477.11,75.859,415.13,75.859
415.58,14.556,477.53,14.556,477.53,76.5,415.58,76.5
415.71,14.839,477.56,14.839,477.56,76.69,415.71,76.69
415.39,14.084,477.21,14.084,477.21,75.902,415.39,75.902
415.24,14.025,476.95,14.025,476.95,75.734,415.24,75.734
415.19,14.01,476.99,14.01,476.99,75.814,415.19,75.814
415.21,13.989,477.06,13.989,477.06,75.833,415.21,75.833
415.42,14.256,476.89,14.256,476.89,75.728,415.42,75.728
415.73,14.515,477.44,14.515,477.44,76.229,415.73,76.229
415.33,13.903,477.09,13.903,477.09,75.665,415.33,75.665
415.21,13.799,476.96,13.799,476.96,75.548,415.21,75.548
415.19,13.814,476.92,13.814,476.92,75.539,415.19,75.539
415.22,14.012,476.89,14.012,476.89,75.683,415.22,75.683
415.33,14.322,477.26,14.322,477.26,76.247,415.33,76.247
415.64,14.473,477.59,14.473,477.59,76.427,415.64,76.427
415.63,14.492,477.73,14.492,477.73,76.59,415.63,76.59
415.35,14.157,477.61,14.157,477.61,76.423,415.35,76.423
415.3,14.243,476.58,14.243,476.58,75.516,415.3,75.516
415.54,14.693,476.19,14.693,476.19,75.344,415.54,75.344
415.92,15.112,476.83,15.112,476.83,76.014,415.92,76.014
415.41,14.562,476.64,14.562,476.64,75.794,415.41,75.794
415.57,14.406,476.89,14.406,476.89,75.727,415.57,75.727
415.72,14.542,476.12,14.542,476.12,74.938,415.72,74.938
415.73,14.908,475.74,14.908,475.74,74.917,415.73,74.917
415.68,15.014,476.45,15.014,476.45,75.782,415.68,75.782
415.61,14.641,476.43,14.641,476.43,75.456,415.61,75.456
415.8,14.962,475.91,14.962,475.91,75.074,415.8,75.074
415.66,14.475,476.57,14.475,476.57,75.388,415.66,75.388
415.65,14.537,475.81,14.537,475.81,74.695,415.65,74.695
415.66,14.624,476.65,14.624,476.65,75.607,415.66,75.607
415.44,14.575,476.74,14.575,476.74,75.876,415.44,75.876
415.32,14.245,476.77,14.245,476.77,75.69,415.32,75.69
415.49,14.421,476.99,14.421,476.99,75.927,415.49,75.927
415.47,14.352,477.33,14.352,477.33,76.21,415.47,76.21
415.42,14.08,476.36,14.08,476.36,75.028,415.42,75.028
415.5,14.381,476.8,14.381,476.8,75.677,415.5,75.677
415.6,14.693,476.18,14.693,476.18,75.269,415.6,75.269
415.71,15.095,476.91,15.095,476.91,76.291,415.71,76.291
415.44,14.554,477.08,14.554,477.08,76.198,415.44,76.198
415.43,13.971,477.03,13.971,477.03,75.568,415.43,75.568
415.76,14.232,477.4,14.232,477.4,75.873,415.76,75.873
415.64,13.93,477.29,13.93,477.29,75.576,415.64,75.576
415.69,14.383,477.01,14.383,477.01,75.709,415.69,75.709
415.41,14.416,476.79,14.416,476.79,75.803,415.41,75.803
415.32,14.319,476.91,14.319,476.91,75.908,415.32,75.908
415.49,14.325,477.38,14.325,477.38,76.213,415.49,76.213
415.24,14.012,477.21,14.012,477.21,75.984,415.24,75.984
415.64,14.14,477.84,14.14,477.84,76.344,415.64,76.344
415.37,13.926,477.36,13.926,477.36,75.917,415.37,75.917
415.95,14.711,477.87,14.711,477.87,76.634,415.95,76.634
415.73,14.5,477.62,14.5,477.62,76.392,415.73,76.392
415.4,13.96,477.43,13.96,477.43,75.985,415.4,75.985
415.27,14.001,477.4,14.001,477.4,76.128,415.27,76.128
415.13,13.789,477.32,13.789,477.32,75.986,415.13,75.986
415.17,14.268,477.33,14.268,477.33,76.427,415.17,76.427
415.05,14.361,477.11,14.361,477.11,76.414,415.05,76.414
415.58,14.807,477.49,14.807,477.49,76.726,415.58,76.726
415.32,14.076,477.44,14.076,477.44,76.2,415.32,76.2
415.11,13.88,477.42,13.88,477.42,76.187,415.11,76.187
414.94,13.619,477.18,13.619,477.18,75.851,414.94,75.851
415.34,14.262,477.43,14.262,477.43,76.353,415.34,76.353
415.69,14.878,477.68,14.878,477.68,76.866,415.69,76.866
415.83,14.878,477.63,14.878,477.63,76.683,415.83,76.683
415.61,14.499,476.27,14.499,476.27,75.16,415.61,75.16
415.66,14.692,476.48,14.692,476.48,75.511,415.66,75.511
415.76,14.632,475.85,14.632,475.85,74.729,415.76,74.729
415.88,15.138,476.67,15.138,476.67,75.926,415.88,75.926
415.68,14.724,476.53,14.724,476.53,75.582,415.68,75.582
415.84,15.017,475.71,15.017,475.71,74.887,415.84,74.887
415.59,14.602,475.47,14.602,475.47,74.478,415.59,74.478
415.48,14.543,475.51,14.543,475.51,74.572,415.48,74.572
415.76,14.948,475.71,14.948,475.71,74.888,415.76,74.888
415.79,15.018,475.79,15.018,475.79,75.014,415.79,75.014
415.48,14.791,476.56,14.791,476.56,75.871,415.48,75.871
415.71,14.756,477.15,14.756,477.15,76.195,415.71,76.195
415.31,14.131,477.09,14.131,477.09,75.909,415.31,75.909
415.47,14.247,476.41,14.247,476.41,75.193,415.47,75.193
415.61,14.496,476.81,14.496,476.81,75.697,415.61,75.697
415.53,14.635,476.8,14.635,476.8,75.895,415.53,75.895
415.84,15.169,475.99,15.169,475.99,75.323,415.84,75.323
415.68,14.895,476.6,14.895,476.6,75.817,415.68,75.817
415.88,14.822,476.11,14.822,476.11,75.054,415.88,75.054
415.6,14.613,475.91,14.613,475.91,74.925,415.6,74.925
415.69,14.876,475.7,14.876,475.7,74.879,415.69,74.879
416,15.378,475.96,15.378,475.96,75.336,416,75.336
415.69,15.149,475.83,15.149,475.83,75.293,415.69,75.293
415.56,14.806,476.72,14.806,476.72,75.974,415.56,75.974
415.37,14.243,476.64,14.243,476.64,75.516,415.37,75.516
415.78,14.76,476.05,14.76,476.05,75.024,415.78,75.024
415.67,14.932,475.78,14.932,475.78,75.043,415.67,75.043
415.89,14.95,476.84,14.95,476.84,75.904,415.89,75.904
415.67,14.882,476.77,14.882,476.77,75.99,415.67,75.99
415.74,14.824,477.15,14.824,477.15,76.233,415.74,76.233
415.32,14.3,477.17,14.3,477.17,76.157,415.32,76.157
415.24,13.624,477.27,13.624,477.27,75.648,415.24,75.648
415.64,14.363,477.73,14.363,477.73,76.454,415.64,76.454
415.83,14.303,477.93,14.303,477.93,76.399,415.83,76.399
415.53,14.653,477.66,14.653,477.66,76.78,415.53,76.78
415.42,14.007,477.53,14.007,477.53,76.117,415.42,76.117
415.26,13.92,477.29,13.92,477.29,75.952,415.26,75.952
415.48,14.385,477.4,14.385,477.4,76.302,415.48,76.302
415.46,14.437,477.3,14.437,477.3,76.28,415.46,76.28
415.12,14.321,476.95,14.321,476.95,76.148,415.12,76.148
415.55,14.735,476.4,14.735,476.4,75.587,415.55,75.587
415.73,14.953,475.81,14.953,475.81,75.04,415.73,75.04
415.99,14.969,475.92,14.969,475.92,74.897,415.99,74.897
415.71,14.706,475.69,14.706,475.69,74.684,415.71,74.684
415.88,15.275,475.89,15.275,475.89,75.281,415.88,75.281
415.53,14.76,476.48,14.76,476.48,75.709,415.53,75.709
415.53,14.713,476.78,14.713,476.78,75.964,415.53,75.964
415.52,14.646,476.08,14.646,476.08,75.208,415.52,75.208
415.84,14.676,476.84,14.676,476.84,75.678,415.84,75.678
415.51,14.512,476.69,14.512,476.69,75.687,415.51,75.687
415.41,14.371,476.9,14.371,476.9,75.862,415.41,75.862
415.87,14.59,477.46,14.59,477.46,76.184,415.87,76.184
415.79,14.847,477.43,14.847,477.43,76.489,415.79,76.489
415.44,14.318,477.06,14.318,477.06,75.937,415.44,75.937
415.4,14.159,476.97,14.159,476.97,75.73,415.4,75.73
415.54,14.018,477.4,14.018,477.4,75.879,415.54,75.879
415.18,14.087,476.85,14.087,476.85,75.752,415.18,75.752
415.39,14.32,477.2,14.32,477.2,76.132,415.39,76.132
415.32,14.144,477.02,14.144,477.02,75.839,415.32,75.839
415.21,13.807,477.14,13.807,477.14,75.737,415.21,75.737
415.41,14.115,477.59,14.115,477.59,76.288,415.41,76.288
415.33,13.854,477.32,13.854,477.32,75.849,415.33,75.849
415.72,14.493,477.72,14.493,477.72,76.5,415.72,76.5
416.07,14.778,477.81,14.778,477.81,76.515,416.07,76.515
415.53,14.359,477.14,14.359,477.14,75.974,415.53,75.974
415.83,14.157,477.35,14.157,477.35,75.672,415.83,75.672
415.62,14.14,477.27,14.14,477.27,75.789,415.62,75.789
415.25,14.088,476.89,14.088,476.89,75.725,415.25,75.725
415.22,14.198,476.99,14.198,476.99,75.962,415.22,75.962
415.49,14.753,476.18,14.753,476.18,75.441,415.49,75.441
416,15.081,475.96,15.081,475.96,75.047,416,75.047
415.77,14.451,475.58,14.451,475.58,74.261,415.77,74.261
415.63,14.405,475.58,14.405,475.58,74.363,415.63,74.363
415.61,14.374,475.45,14.374,475.45,74.215,415.61,74.215
415.84,15.212,475.35,15.212,475.35,74.725,415.84,74.725
416.05,15.811,475.47,15.811,475.47,75.231,416.05,75.231
415.91,15.238,475.11,15.238,475.11,74.439,415.91,74.439
416.05,15.2,475.32,15.2,475.32,74.475,416.05,74.475
415.9,14.971,475.09,14.971,475.09,74.164,415.9,74.164
416.17,15.578,475.29,15.578,475.29,74.701,416.17,74.701
416.02,15.416,475.03,15.416,475.03,74.432,416.02,74.432
415.76,15.139,474.81,15.139,474.81,74.183,415.76,74.183
415.75,15.269,474.87,15.269,474.87,74.386,415.75,74.386
415.68,14.896,475.03,14.896,475.03,74.245,415.68,74.245
415.84,14.856,475.2,14.856,475.2,74.215,415.84,74.215
416.05,15.062,475.3,15.062,475.3,74.313,416.05,74.313
416.26,15.663,475.63,15.663,475.63,75.034,416.26,75.034
416.06,15.546,475.24,15.546,475.24,74.72,416.06,74.72
415.9,15.092,475.29,15.092,475.29,74.481,415.9,74.481
415.75,15.132,474.98,15.132,474.98,74.361,415.75,74.361
416,14.88,475.44,14.88,475.44,74.322,416,74.322
415.69,14.983,475.1,14.983,475.1,74.39,415.69,74.39
415.6,14.898,474.85,14.898,474.85,74.152,415.6,74.152
416.06,15.629,475.41,15.629,475.41,74.982,416.06,74.982
415.9,15.084,475.24,15.084,475.24,74.426,415.9,74.426
415.98,15.031,475.25,15.031,475.25,74.304,415.98,74.304
416.1,14.959,475.35,14.959,475.35,74.206,416.1,74.206
416.2,15.359,475.64,15.359,475.64,74.797,416.2,74.797
416.22,15.371,475.34,15.371,475.34,74.49,416.22,74.49
416.02,15.288,475.25,15.288,475.25,74.518,416.02,74.518
416.34,15.475,475.44,15.475,475.44,74.576,416.34,74.576
415.92,14.821,475.16,14.821,475.16,74.063,415.92,74.063
416.11,14.812,475.38,14.812,475.38,74.083,416.11,74.083
416.43,14.908,475.54,14.908,475.54,74.015,416.43,74.015
416.35,15.108,475.24,15.108,475.24,73.999,416.35,73.999
416.55,15.397,475.14,15.397,475.14,73.988,416.55,73.988
416.07,14.979,474.83,14.979,474.83,73.735,416.07,73.735
415.99,14.843,474.91,14.843,474.91,73.758,415.99,73.758
416.07,14.887,475.03,14.887,475.03,73.841,416.07,73.841
416.03,15.005,474.91,15.005,474.91,73.892,416.03,73.892
416.09,15.092,474.86,15.092,474.86,73.864,416.09,73.864
416.1,15.532,474.89,15.532,474.89,74.324,416.1,74.324
415.88,15.208,474.72,15.208,474.72,74.05,415.88,74.05
415.78,14.962,474.87,14.962,474.87,74.057,415.78,74.057
415.99,14.862,474.97,14.862,474.97,73.832,415.99,73.832
415.66,14.672,474.52,14.672,474.52,73.54,415.66,73.54
415.85,14.609,474.32,14.609,474.32,73.078,415.85,73.078
416.03,14.942,473.49,14.942,473.49,72.404,416.03,72.404
416.45,14.647,473.38,14.647,473.38,71.568,416.45,71.568
416.41,14.38,473.11,14.38,473.11,71.072,416.41,71.072
416.34,14.793,473.19,14.793,473.19,71.643,416.34,71.643
416.38,15.067,473,15.067,473,71.684,416.38,71.684
416.35,15.072,472.35,15.072,472.35,71.073,416.35,71.073
416.21,15.251,471.91,15.251,471.91,70.951,416.21,70.951
415.94,14.692,471.83,14.692,471.83,70.574,415.94,70.574
416.02,14.56,472.22,14.56,472.22,70.756,416.02,70.756
415.48,15.964,471.57,15.964,471.57,72.051,415.48,72.051
415.61,16.149,471.34,16.149,471.34,71.886,415.61,71.886
415.7,16.543,471.09,16.543,471.09,71.929,415.7,71.929
416,15.444,472.25,15.444,472.25,71.688,416,71.688
416.6,15.697,472.67,15.697,472.67,71.762,416.6,71.762
416.28,15.441,472.76,15.441,472.76,71.926,416.28,71.926
416.45,15.677,472.58,15.677,472.58,71.807,416.45,71.807
416.3,15.836,472.76,15.836,472.76,72.294,416.3,72.294
416.55,16.153,472.69,16.153,472.69,72.302,416.55,72.302
416.32,16.269,472.75,16.269,472.75,72.693,416.32,72.693
415.88,15.793,472.49,15.793,472.49,72.409,415.88,72.409
416.1,15.913,472.85,15.913,472.85,72.672,416.1,72.672
416.06,16.374,472.91,16.374,472.91,73.224,416.06,73.224
416.31,16.62,472.93,16.62,472.93,73.242,416.31,73.242
416.36,16.547,472.84,16.547,472.84,73.027,416.36,73.027
416.18,16.357,472.55,16.357,472.55,72.73,416.18,72.73
415.67,16.539,472.35,16.539,472.35,73.222,415.67,73.222
415.73,16.334,472.41,16.334,472.41,73.009,415.73,73.009
416.16,16.397,472.71,16.397,472.71,72.946,416.16,72.946
416.37,16.734,472.75,16.734,472.75,73.113,416.37,73.113
416.66,16.574,473.08,16.574,473.08,72.995,416.66,72.995
416.48,16.125,472.85,16.125,472.85,72.49,416.48,72.49
416.66,16.315,472.91,16.315,472.91,72.562,416.66,72.562
416.61,16.504,472.93,16.504,472.93,72.831,416.61,72.831
416.62,16.571,473.01,16.571,473.01,72.962,416.62,72.962
416.22,16.237,473.89,16.237,473.89,73.906,416.22,73.906
415.8,15.433,474.53,15.433,474.53,74.154,415.8,74.154
416.2,15.44,474.98,15.44,474.98,74.216,416.2,74.216
416.19,15.396,474.92,15.396,474.92,74.127,416.19,74.127
416.39,15.463,475.32,15.463,475.32,74.393,416.39,74.393
416.03,15.494,474.97,15.494,474.97,74.438,416.03,74.438
415.61,15.521,474.81,15.521,474.81,74.721,415.61,74.721
415.89,15.65,475.55,15.65,475.55,75.308,415.89,75.308
415.84,15.34,475.7,15.34,475.7,75.198,415.84,75.198
415.61,14.947,475.38,14.947,475.38,74.723,415.61,74.723
415.6,14.818,475.38,14.818,475.38,74.593,415.6,74.593
415.65,15.184,475.24,15.184,475.24,74.778,415.65,74.778
415.99,15.444,475.29,15.444,475.29,74.744,415.99,74.744
416.08,15.348,475.21,15.348,475.21,74.47,416.08,74.47
415.98,15.314,475.33,15.314,475.33,74.664,415.98,74.664
415.81,15.062,475.07,15.062,475.07,74.325,415.81,74.325
415.49,15.182,474.81,15.182,474.81,74.495,415.49,74.495
415.51,15.369,474.8,15.369,474.8,74.663,415.51,74.663
415.95,15.338,475.29,15.338,475.29,74.68,415.95,74.68
416.01,15.572,475.11,15.572,475.11,74.681,416.01,74.681
415.92,15.116,475.19,15.116,475.19,74.389,415.92,74.389
415.9,15.299,474.96,15.299,474.96,74.364,415.9,74.364
415.86,15.432,474.97,15.432,474.97,74.545,415.86,74.545
415.87,15.507,475.14,15.507,475.14,74.783,415.87,74.783
416.08,15.624,475.25,15.624,475.25,74.796,416.08,74.796
415.93,15.388,475.07,15.388,475.07,74.524,415.93,74.524
415.77,15.188,475.05,15.188,475.05,74.47,415.77,74.47
415.6,14.816,475.18,14.816,475.18,74.401,415.6,74.401
415.82,15.21,475.18,15.21,475.18,74.565,415.82,74.565
415.43,15.383,474.96,15.383,474.96,74.916,415.43,74.916
415.56,15.382,474.99,15.382,474.99,74.813,415.56,74.813
415.93,15.683,474.04,15.683,474.04,73.792,415.93,73.792
416.02,16.002,473.65,16.002,473.65,73.636,416.02,73.636
415.65,16.017,473.32,16.017,473.32,73.685,415.65,73.685
415.51,16.067,473.05,16.067,473.05,73.612,415.51,73.612
415.43,16.05,472.92,16.05,472.92,73.542,415.43,73.542
415.48,16.183,472.88,16.183,472.88,73.581,415.48,73.581
415.72,15.899,473.2,15.899,473.2,73.376,415.72,73.376
415.47,15.884,473.06,15.884,473.06,73.475,415.47,73.475
415.71,15.989,473.09,15.989,473.09,73.364,415.71,73.364
415.85,16.267,473.24,16.267,473.24,73.66,415.85,73.66
415.98,16.45,473.21,16.45,473.21,73.687,415.98,73.687
415.91,16.32,473.11,16.32,473.11,73.52,415.91,73.52
415.82,16.143,472.89,16.143,472.89,73.207,415.82,73.207
415.82,16.566,471.97,16.566,471.97,72.713,415.82,72.713
416.07,17.271,471.34,17.271,471.34,72.54,416.07,72.54
416.17,17.734,471.17,17.734,471.17,72.732,416.17,72.732
415.74,17.686,470.61,17.686,470.61,72.563,415.74,72.563
416,17.331,470.73,17.331,470.73,72.062,416,72.062
415.49,17.068,470.21,17.068,470.21,71.784,415.49,71.784
414.81,16.46,470.13,16.46,470.13,71.777,414.81,71.777
415.33,17.034,470.07,17.034,470.07,71.773,415.33,71.773
415.06,16.926,470.1,16.926,470.1,71.968,415.06,71.968
415.17,17.181,470.09,17.181,470.09,72.107,415.17,72.107
414.75,17.297,469.78,17.297,469.78,72.329,414.75,72.329
414.93,16.752,469.66,16.752,469.66,71.483,414.93,71.483
414.76,17.368,469.08,17.368,469.08,71.697,414.76,71.697
414.79,17.719,469.01,17.719,469.01,71.942,414.79,71.942
414.92,18.081,468.7,18.081,468.7,71.863,414.92,71.863
414.33,18.124,468.12,18.124,468.12,71.919,414.33,71.919
414.1,17.974,467.75,17.974,467.75,71.625,414.1,71.625
413.79,16.898,467.18,16.898,467.18,70.28,413.79,70.28
413.11,17.347,466.27,17.347,466.27,70.499,413.11,70.499
411.73,16.727,464.69,16.727,464.69,69.692,411.73,69.692
410.81,17.231,463.44,17.231,463.44,69.86,410.81,69.86
409.57,16.608,461.79,16.608,461.79,68.828,409.57,68.828
408.62,16.568,460.25,16.568,460.25,68.203,408.62,68.203
410.29,17.136,461.89,17.136,461.89,68.736,410.29,68.736
404.87,16.483,456.23,16.483,456.23,67.839,404.87,67.839
401.57,13.975,452.59,13.975,452.59,64.99,401.57,64.99
398.92,15.082,449.47,15.082,449.47,65.634,398.92,65.634
394.09,11.523,444.46,11.523,444.46,61.896,394.09,61.896
390.66,12.111,441.2,12.111,441.2,62.65,390.66,62.65
386.48,14.289,436.91,14.289,436.91,64.714,386.48,64.714
385.81,14.102,436.14,14.102,436.14,64.435,385.81,64.435
383.13,14.924,433.18,14.924,433.18,64.979,383.13,64.979
381.23,15.471,431.22,15.471,431.22,65.468,381.23,65.468
379.42,14.095,429.45,14.095,429.45,64.125,379.42,64.125
378.22,15.347,428.06,15.347,428.06,65.187,378.22,65.187
376.97,13.873,426.87,13.873,426.87,63.772,376.97,63.772
376.92,14.838,426.64,14.838,426.64,64.565,376.92,64.565
376.19,16.19,425.96,16.19,425.96,65.959,376.19,65.959
375.49,16.16,425.25,16.16,425.25,65.924,375.49,65.924
374.9,15.582,424.48,15.582,424.48,65.167,374.9,65.167
374.9,15.844,424.32,15.844,424.32,65.27,374.9,65.27
373.79,16.385,423.19,16.385,423.19,65.785,373.79,65.785
373.65,16.475,423.05,16.475,423.05,65.877,373.65,65.877
373.56,17.658,422.86,17.658,422.86,66.961,373.56,66.961
373.59,17.377,422.66,17.377,422.66,66.448,373.59,66.448
373.3,16.959,422.4,16.959,422.4,66.054,373.3,66.054
372.78,17.043,421.95,17.043,421.95,66.219,372.78,66.219
372.77,17.959,422.04,17.959,422.04,67.233,372.77,67.233
373.45,17.782,422.76,17.782,422.76,67.095,373.45,67.095
373.36,17.375,422.64,17.375,422.64,66.66,373.36,66.66
373.62,16.663,422.81,16.663,422.81,65.855,373.62,65.855
373.66,17.179,422.8,17.179,422.8,66.312,373.66,66.312
373.59,16.89,422.81,16.89,422.81,66.108,373.59,66.108
373.92,17.3,422.98,17.3,422.98,66.359,373.92,66.359
373.51,17.21,422.61,17.21,422.61,66.31,373.51,66.31
373.59,16.669,422.71,16.669,422.71,65.784,373.59,65.784
373.72,16.843,422.78,16.843,422.78,65.898,373.72,65.898
373.54,16.146,422.62,16.146,422.62,65.229,373.54,65.229
373.61,16.431,422.53,16.431,422.53,65.356,373.61,65.356
373.32,16.469,422.23,16.469,422.23,65.373,373.32,65.373
373.12,16.908,421.69,16.908,421.69,65.479,373.12,65.479
373.63,17.008,422.09,17.008,422.09,65.464,373.63,65.464
373.24,16.771,421.37,16.771,421.37,64.904,373.24,64.904
372.95,16.884,421.22,16.884,421.22,65.149,372.95,65.149
373.3,17.45,421.73,17.45,421.73,65.876,373.3,65.876
372.66,17.059,421.02,17.059,421.02,65.412,372.66,65.412
372.83,17.386,421.1,17.386,421.1,65.657,372.83,65.657
372.28,17.351,420.76,17.351,420.76,65.825,372.28,65.825
371.65,16.439,420.22,16.439,420.22,65.007,371.65,65.007
371.49,16.181,420.3,16.181,420.3,64.984,371.49,64.984
371.71,17.001,420.58,17.001,420.58,65.863,371.71,65.863
371.69,17.14,420.61,17.14,420.61,66.061,371.69,66.061
371.08,16.804,420.24,16.804,420.24,65.959,371.08,65.959
371.56,16.934,420.78,16.934,420.78,66.153,371.56,66.153
371.13,17.093,420.39,17.093,420.39,66.355,371.13,66.355
370.72,17.43,420.18,17.43,420.18,66.895,370.72,66.895
369.94,17.111,419.59,17.111,419.59,66.76,369.94,66.76
370.09,17.89,420.19,17.89,420.19,67.988,370.09,67.988
369.72,17.616,420.2,17.616,420.2,68.091,369.72,68.091
369.76,17.42,420.72,17.42,420.72,68.378,369.76,68.378
372.28,17.172,423.43,17.172,423.43,68.314,372.28,68.314
374.72,17.536,425.19,17.536,425.19,68.008,374.72,68.008
374.72,17.94,424.99,17.94,424.99,68.21,374.72,68.21
375.29,17.737,425.2,17.737,425.2,67.655,375.29,67.655
375.3,18.049,425.19,18.049,425.19,67.945,375.3,67.945
375.03,17.919,425.04,17.919,425.04,67.925,375.03,67.925
375.01,18.632,425.17,18.632,425.17,68.794,375.01,68.794
374.62,18.543,424.78,18.543,424.78,68.699,374.62,68.699
374.23,19.071,424.29,19.071,424.29,69.132,374.23,69.132
373.63,19.019,423.28,19.019,423.28,68.669,373.63,68.669
372.46,19.79,421.82,19.79,421.82,69.149,372.46,69.149
371.48,19.435,420.55,19.435,420.55,68.502,371.48,68.502
369.12,20.171,418.16,20.171,418.16,69.212,369.12,69.212
367.13,21.263,416.28,21.263,416.28,70.409,367.13,70.409
364.7,24.185,413.67,24.185,413.67,73.158,364.7,73.158
360.93,23.637,409.83,23.637,409.83,72.537,360.93,72.537
358.95,23.77,407.67,23.77,407.67,72.488,358.95,72.488
355.3,24.825,404.39,24.825,404.39,73.911,355.3,73.911
352.04,24.307,401.5,24.307,401.5,73.771,352.04,73.771
350.28,23.758,400.09,23.758,400.09,73.566,350.28,73.566
348.65,24.572,398.93,24.572,398.93,74.853,348.65,74.853
348.46,24.528,398.88,24.528,398.88,74.95,348.46,74.95
347.66,23.664,398.27,23.664,398.27,74.272,347.66,74.272
349.14,23.725,399.72,23.725,399.72,74.312,349.14,74.312
349.94,24.319,400.24,24.319,400.24,74.617,349.94,74.617
349.95,24.676,400.39,24.676,400.39,75.111,349.95,75.111
351.28,24.29,402,24.29,402,75.006,351.28,75.006
352.4,23.56,403.36,23.56,403.36,74.523,352.4,74.523
356.88,23.864,407.74,23.864,407.74,74.726,356.88,74.726
358.76,23.719,409.52,23.719,409.52,74.484,358.76,74.484
361.84,23.216,412.9,23.216,412.9,74.275,361.84,74.275
366.72,23.552,417.56,23.552,417.56,74.395,366.72,74.395
369.29,23.233,419.98,23.233,419.98,73.925,369.29,73.925
373.29,20.821,424.05,20.821,424.05,71.579,373.29,71.579
377.29,22.114,428.05,22.114,428.05,72.873,377.29,72.873
380.84,22.626,431.62,22.626,431.62,73.409,380.84,73.409
385.25,22.8,436.16,22.8,436.16,73.708,385.25,73.708
387.34,22.919,438.38,22.919,438.38,73.963,387.34,73.963
392.27,23.623,443.06,23.623,443.06,74.41,392.27,74.41
393.48,22.622,444.36,22.622,444.36,73.506,393.48,73.506
396.58,22.163,447.33,22.163,447.33,72.917,396.58,72.917
400.16,23.464,450.62,23.464,450.62,73.921,400.16,73.921
402.59,23.486,452.79,23.486,452.79,73.69,402.59,73.69
409.01,24.603,458.85,24.603,458.85,74.448,409.01,74.448
410.89,24.407,460.47,24.407,460.47,73.99,410.89,73.99
413.86,23.799,463.28,23.799,463.28,73.216,413.86,73.216
414.32,23.018,463.64,23.018,463.64,72.343,414.32,72.343
415.17,22.023,464.42,22.023,464.42,71.271,415.17,71.271
415.96,21.786,465.2,21.786,465.2,71.028,415.96,71.028
416.42,21.715,465.54,21.715,465.54,70.837,416.42,70.837
416.65,20.748,465.63,20.748,465.63,69.73,416.65,69.73
416.64,20.164,465.22,20.164,465.22,68.737,416.64,68.737
417.66,20.047,465.9,20.047,465.9,68.287,417.66,68.287
418.2,20.474,466.24,20.474,466.24,68.514,418.2,68.514
418.1,20.099,465.81,20.099,465.81,67.814,418.1,67.814
418.37,21.168,465.98,21.168,465.98,68.782,418.37,68.782
417.12,20.435,464.49,20.435,464.49,67.801,417.12,67.801
417.6,21.235,464.76,21.235,464.76,68.395,417.6,68.395
417.55,20.409,464.89,20.409,464.89,67.755,417.55,67.755
416.67,21.933,464.19,21.933,464.19,69.453,416.67,69.453
416.8,21.632,464.4,21.632,464.4,69.235,416.8,69.235
416.06,22.649,463.91,22.649,463.91,70.508,416.06,70.508
415.62,22.655,463.77,22.655,463.77,70.797,415.62,70.797
415.12,21.212,463.12,21.212,463.12,69.213,415.12,69.213
415.34,21.006,463.4,21.006,463.4,69.074,415.34,69.074
416.02,20.659,463.97,20.659,463.97,68.603,416.02,68.603
415.78,22.085,463.72,22.085,463.72,70.017,415.78,70.017
415.05,23.19,463,23.19,463,71.134,415.05,71.134
415.29,23.545,463.07,23.545,463.07,71.329,415.29,71.329
415.04,23.821,463.01,23.821,463.01,71.794,415.04,71.794
414.55,23.799,462.68,23.799,462.68,71.925,414.55,71.925
414.34,22.602,462.77,22.602,462.77,71.036,414.34,71.036
418.28,21.714,467.25,21.714,467.25,70.683,418.28,70.683
415.56,21.316,465.16,21.316,465.16,70.92,415.56,70.92
413.19,21.08,462.84,21.08,462.84,70.726,413.19,70.726
411.16,20.661,460.95,20.661,460.95,70.452,411.16,70.452
407.57,19.459,457.85,19.459,457.85,69.737,407.57,69.737
405.1,18.471,455.6,18.471,455.6,68.965,405.1,68.965
404.89,19.013,455.37,19.013,455.37,69.496,404.89,69.496
403.68,18.14,454.4,18.14,454.4,68.858,403.68,68.858
401.87,17.33,452.66,17.33,452.66,68.12,401.87,68.12
401.06,17.418,451.63,17.418,451.63,67.994,401.06,67.994
400.58,17.425,450.75,17.425,450.75,67.598,400.58,67.598
399.26,18.488,449.13,18.488,449.13,68.356,399.26,68.356
398.77,18.294,448.16,18.294,448.16,67.678,398.77,67.678
396.01,19.17,445.08,19.17,445.08,68.242,396.01,68.242
395.88,16.933,444.77,16.933,444.77,65.826,395.88,65.826
393.03,15.43,441.76,15.43,441.76,64.16,393.03,64.16
390.42,15.405,438.93,15.405,438.93,63.916,390.42,63.916
389.21,14.175,437.43,14.175,437.43,62.388,389.21,62.388
386.38,12.426,434.2,12.426,434.2,60.251,386.38,60.251
382.33,8.2156,430.08,8.2156,430.08,55.959,382.33,55.959
378.5,18.403,426.34,18.403,426.34,66.238,378.5,66.238
374.84,7.9926,422.96,7.9926,422.96,56.11,374.84,56.11
372.9,18.693,420.99,18.693,420.99,66.778,372.9,66.778
368.43,19.199,416.62,19.199,416.62,67.39,368.43,67.39
365.42,19.203,413.46,19.203,413.46,67.239,365.42,67.239
356.26,8.7387,404.35,8.7387,404.35,56.828,356.26,56.828
351.47,8.3585,399.89,8.3585,399.89,56.776,351.47,56.776
344.32,8.0741,393.08,8.0741,393.08,56.839,344.32,56.839
341.07,7.8146,390.05,7.8146,390.05,56.797,341.07,56.797
333.55,6.8234,382.68,6.8234,382.68,55.958,333.55,55.958
330.46,6.3168,379.67,6.3168,379.67,55.525,330.46,55.525
326.76,4.0304,375.9,4.0304,375.9,53.17,326.76,53.17
327.46,17.298,376.53,17.298,376.53,66.368,327.46,66.368
325.37,16.687,374.36,16.687,374.36,65.674,325.37,65.674
320.57,14.211,369.79,14.211,369.79,63.437,320.57,63.437
317.82,15.11,366.92,15.11,366.92,64.211,317.82,64.211
315.05,16.679,364.04,16.679,364.04,65.669,315.05,65.669
310.95,19.544,359.88,19.544,359.88,68.469,310.95,68.469
305.32,3.6534,354.29,3.6534,354.29,52.622,305.32,52.622
297.57,3.7603,346.55,3.7603,346.55,52.741,297.57,52.741
294.69,0.7645,343.17,0.7645,343.17,49.239,294.69,49.239
287.2,-1.9278,335.2,-1.9278,335.2,46.072,287.2,46.072
283.69,-3.519,331.62,-3.519,331.62,44.406,283.69,44.406
281.63,-4.8527,329.11,-4.8527,329.11,42.624,281.63,42.624
277.1,-5.5272,324.4,-5.5272,324.4,41.773,277.1,41.773
274.99,-4.8802,322.25,-4.8802,322.25,42.381,274.99,42.381
269.02,-4.4404,316.25,-4.4404,316.25,42.789,269.02,42.789
265.9,-4.9482,313.1,-4.9482,313.1,42.256,265.9,42.256
262.09,-4.4338,309.33,-4.4338,309.33,42.811,262.09,42.811
257.13,-4.9154,304.09,-4.9154,304.09,42.049,257.13,42.049
253.71,-4.306,300.54,-4.306,300.54,42.528,253.71,42.528
243.6,-1.224,290.52,-1.224,290.52,45.698,243.6,45.698
239.5,-2.1275,286.26,-2.1275,286.26,44.633,239.5,44.633
233.87,-0.39845,280.7,-0.39845,280.7,46.436,233.87,46.436
226.53,-2.0314,273.32,-2.0314,273.32,44.753,226.53,44.753
223.46,-4.0644,270.07,-4.0644,270.07,42.542,223.46,42.542
218,-3.256,264.45,-3.256,264.45,43.191,218,43.191
215.85,-3.0991,262.11,-3.0991,262.11,43.158,215.85,43.158
212.55,-3.4845,258.67,-3.4845,258.67,42.643,212.55,42.643
210.54,-3.0419,256.25,-3.0419,256.25,42.665,210.54,42.665
208.14,-1.3138,253.89,-1.3138,253.89,44.437,208.14,44.437
205.38,-0.75075,251.29,-0.75075,251.29,45.153,205.38,45.153
204.43,-0.62288,250.22,-0.62288,250.22,45.166,204.43,45.166
201.15,-0.79494,246.71,-0.79494,246.71,44.762,201.15,44.762
196.75,-1.0406,242.33,-1.0406,242.33,44.537,196.75,44.537
193.97,-2.1308,239.47,-2.1308,239.47,43.367,193.97,43.367
189.28,-3.1837,234.54,-3.1837,234.54,42.075,189.28,42.075
183.52,-4.2024,228.68,-4.2024,228.68,40.957,183.52,40.957
179.64,-4.4662,224.89,-4.4662,224.89,40.784,179.64,40.784
174.32,-8.9687,219.49,-8.9687,219.49,36.2,174.32,36.2
171.7,-6.4831,216.73,-6.4831,216.73,38.546,171.7,38.546
167.51,-7.059,212.32,-7.059,212.32,37.757,167.51,37.757
164.73,-7.9228,209.43,-7.9228,209.43,36.78,164.73,36.78
164.13,-8.7718,208.48,-8.7718,208.48,35.585,164.13,35.585
160.64,-7.6446,205.03,-7.6446,205.03,36.748,160.64,36.748
157.87,-8.3799,202.35,-8.3799,202.35,36.097,157.87,36.097
