369,114,386,114,386,145,369,145
368.29,112.71,385.3,112.71,385.3,143.73,368.29,143.73
365.59,112.73,382.53,112.73,382.53,143.62,365.59,143.62
364.47,113.22,381.54,113.22,381.54,144.35,364.47,144.35
361.65,112.93,378.86,112.93,378.86,144.33,361.65,144.33
359.58,113.58,376.85,113.58,376.85,145.07,359.58,145.07
358.03,113.72,375.34,113.72,375.34,145.28,358.03,145.28
355.49,113.84,373.16,113.84,373.16,146.05,355.49,146.05
352.45,113.35,370.42,113.35,370.42,146.12,352.45,146.12
350.92,114.11,368.98,114.11,368.98,147.04,350.92,147.04
346.76,113.86,364.99,113.86,364.99,147.11,346.76,147.11
345.06,114.39,363.47,114.39,363.47,147.96,345.06,147.96
341.12,115.15,359.52,115.15,359.52,148.71,341.12,148.71
339.65,115.57,357.9,115.57,357.9,148.85,339.65,148.85
337.12,115.98,355.48,115.98,355.48,149.46,337.12,149.46
333.38,115.93,351.83,115.93,351.83,149.58,333.38,149.58
331.35,115.8,349.87,115.8,349.87,149.57,331.35,149.57
328.2,116.91,346.59,116.91,346.59,150.44,328.2,150.44
325.76,116.92,344.38,116.92,344.38,150.87,325.76,150.87
322.1,117.88,340.69,117.88,340.69,151.78,322.1,151.78
319.66,117.82,338.29,117.82,338.29,151.79,319.66,151.79
317.28,118.64,335.88,118.64,335.88,152.56,317.28,152.56
313.35,118.75,332.01,118.75,332.01,152.79,313.35,152.79
311.51,119.09,330.14,119.09,330.14,153.06,311.51,153.06
307.24,119.54,326.05,119.54,326.05,153.84,307.24,153.84
304.76,119.36,323.66,119.36,323.66,153.82,304.76,153.82
302.44,119.69,321.47,119.69,321.47,154.38,302.44,154.38
297.07,119.74,316.37,119.74,316.37,154.94,297.07,154.94
295.69,119.54,315.22,119.54,315.22,155.15,295.69,155.15
293.36,120.02,313,120.02,313,155.84,293.36,155.84
280.08,129.18,299.53,129.18,299.53,164.64,280.08,164.64
279.81,130.36,298.86,130.36,298.86,165.1,279.81,165.1
278.65,130.63,297.68,130.63,297.68,165.34,278.65,165.34
277.67,130.51,296.67,130.51,296.67,165.15,277.67,165.15
277,130.72,296.06,130.72,296.06,165.49,277,165.49
275.2,131.94,294.23,131.94,294.23,166.64,275.2,166.64
274.02,132.25,293.12,132.25,293.12,167.08,274.02,167.08
272.93,131.77,292.05,131.77,292.05,166.63,272.93,166.63
271.17,132.71,290.41,132.71,290.41,167.79,271.17,167.79
271.16,132.3,290.48,132.3,290.48,167.54,271.16,167.54
270.33,132.46,289.75,132.46,289.75,167.87,270.33,167.87
268.85,132.52,288.43,132.52,288.43,168.22,268.85,168.22
267.39,132.76,286.97,132.76,286.97,168.47,267.39,168.47
266.49,133.32,286.13,133.32,286.13,169.15,266.49,169.15
265.33,133.89,285,133.89,285,169.78,265.33,169.78
264.73,134.05,284.38,134.05,284.38,169.89,264.73,169.89
263.01,134.74,282.64,134.74,282.64,170.53,263.01,170.53
262.33,134.91,282.01,134.91,282.01,170.81,262.33,170.81
261.57,135.34,281.22,135.34,281.22,171.17,261.57,171.17
259.84,135.29,279.6,135.29,279.6,171.31,259.84,171.31
258.94,135.38,278.83,135.38,278.83,171.66,258.94,171.66
257.41,135.96,277.3,135.96,277.3,172.23,257.41,172.23
256.57,136.19,276.41,136.19,276.41,172.36,256.57,172.36
255.64,136.41,275.55,136.41,275.55,172.71,255.64,172.71
254.14,137.23,274.12,137.23,274.12,173.65,254.14,173.65
253.41,137.23,273.4,137.23,273.4,173.68,253.41,173.68
252.32,137.65,272.23,137.65,272.23,173.98,252.32,173.98
250.8,138.05,270.82,138.05,270.82,174.56,250.8,174.56
250.28,138.17,270.27,138.17,270.27,174.61,250.28,174.61
248.6,138.86,268.65,138.86,268.65,175.42,248.6,175.42
247.92,139.14,268.1,139.14,268.1,175.96,247.92,175.96
246.57,138.97,266.79,138.97,266.79,175.84,246.57,175.84
244.93,139.47,265.19,139.47,265.19,176.42,244.93,176.42
244.17,139.99,264.66,139.99,264.66,177.35,244.17,177.35
242.84,140.18,263.39,140.18,263.39,177.66,242.84,177.66
241.8,140.4,262.38,140.4,262.38,177.92,241.8,177.92
240.87,140.86,261.55,140.86,261.55,178.57,240.87,178.57
239.73,140.97,260.47,140.97,260.47,178.78,239.73,178.78
238.1,141.26,258.99,141.26,258.99,179.36,238.1,179.36
237.64,141.61,258.57,141.61,258.57,179.78,237.64,179.78
236.44,141.84,257.56,141.84,257.56,180.37,236.44,180.37
234.95,142.27,256.13,142.27,256.13,180.88,234.95,180.88
234.21,142.59,255.58,142.59,255.58,181.55,234.21,181.55
233.41,143.09,254.74,143.09,254.74,181.98,233.41,181.98
231.97,143.61,253.46,143.61,253.46,182.8,231.97,182.8
231.08,143.69,252.7,143.69,252.7,183.13,231.08,183.13
229.82,144.25,251.59,144.25,251.59,183.95,229.82,183.95
228.75,144.07,250.59,144.07,250.59,183.89,228.75,183.89
228.01,144.62,249.94,144.62,249.94,184.62,228.01,184.62
227.08,145.48,249,145.48,249,185.44,227.08,185.44
226.19,145.29,248.19,145.29,248.19,185.42,226.19,185.42
224.91,145.94,246.99,145.94,246.99,186.19,224.91,186.19
224.24,146.34,246.33,146.34,246.33,186.63,224.24,186.63
223.46,146.68,245.59,146.68,245.59,187.04,223.46,187.04
222.05,146.85,244.2,146.85,244.2,187.24,222.05,187.24
221.31,147.04,243.51,147.04,243.51,187.53,221.31,187.53
220.65,147.59,242.91,147.59,242.91,188.18,220.65,188.18
219.68,148.36,241.99,148.36,241.99,189.05,219.68,189.05
219.17,148.84,241.5,148.84,241.5,189.56,219.17,189.56
218.39,149.17,240.78,149.17,240.78,190.01,218.39,190.01
217.32,149.68,239.72,149.68,239.72,190.51,217.32,190.51
216.65,149.95,239.15,149.95,239.15,190.98,216.65,190.98
215.17,150.44,237.64,150.44,237.64,191.4,215.17,191.4
214.47,150.58,237.11,150.58,237.11,191.86,214.47,191.86
213.92,151.7,236.64,151.7,236.64,193.13,213.92,193.13
213.32,152.07,236.03,152.07,236.03,193.49,213.32,193.49
212.88,152.3,235.59,152.3,235.59,193.71,212.88,193.71
211.95,152.9,234.64,152.9,234.64,194.28,211.95,194.28
211.79,153.43,234.49,153.43,234.49,194.83,211.79,194.83
210.82,153.64,233.57,153.64,233.57,195.11,210.82,195.11
210.2,154.21,232.96,154.21,232.96,195.71,210.2,195.71
209.59,154.83,232.42,154.83,232.42,196.46,209.59,196.46
208.99,155,231.81,155,231.81,196.62,208.99,196.62
208.14,155.57,231.08,155.57,231.08,197.4,208.14,197.4
207.91,156.2,230.84,156.2,230.84,198.02,207.91,198.02
207.33,156.6,230.43,156.6,230.43,198.72,207.33,198.72
206.58,157.35,229.73,157.35,229.73,199.56,206.58,199.56
205.6,157.25,228.81,157.25,228.81,199.57,205.6,199.57
204.61,157.89,227.92,157.89,227.92,200.41,204.61,200.41
204.83,158.84,228.21,158.84,228.21,201.49,204.83,201.49
204.06,159.24,227.49,159.24,227.49,201.97,204.06,201.97
203.03,159.53,226.68,159.53,226.68,202.67,203.03,202.67
202.73,160.13,226.44,160.13,226.44,203.36,202.73,203.36
201.75,160.87,225.59,160.87,225.59,204.35,201.75,204.35
200.72,160.57,224.75,160.57,224.75,204.4,200.72,204.4
200.57,161.27,224.67,161.27,224.67,205.22,200.57,205.22
199.81,162.07,224.03,162.07,224.03,206.23,199.81,206.23
198.78,161.66,223.07,161.66,223.07,205.96,198.78,205.96
198.14,162.27,222.46,162.27,222.46,206.62,198.14,206.62
197.76,163.32,222.22,163.32,222.22,207.91,197.76,207.91
197.29,163.83,221.79,163.83,221.79,208.52,197.29,208.52
196.09,163.75,220.71,163.75,220.71,208.66,196.09,208.66
195.23,164.45,219.9,164.45,219.9,209.44,195.23,209.44
195.18,165.28,219.97,165.28,219.97,210.48,195.18,210.48
194.62,165.72,219.5,165.72,219.5,211.1,194.62,211.1
193.19,165.98,218.2,165.98,218.2,211.6,193.19,211.6
193.01,166.75,218.14,166.75,218.14,212.57,193.01,212.57
192.47,167.21,217.64,167.21,217.64,213.12,192.47,213.12
191.27,167.82,216.61,167.82,216.61,214.02,191.27,214.02
190.4,168.11,215.8,168.11,215.8,214.43,190.4,214.43
189.85,169.24,215.32,169.24,215.32,215.69,189.85,215.69
189.24,169.67,214.89,169.67,214.89,216.43,189.24,216.43
187.95,169.4,213.75,169.4,213.75,216.45,187.95,216.45
187.41,170.62,213.3,170.62,213.3,217.84,187.41,217.84
186.5,170.79,212.56,170.79,212.56,218.32,186.5,218.32
185.48,171.65,211.64,171.65,211.64,219.35,185.48,219.35
184.94,172.4,211.19,172.4,211.19,220.27,184.94,220.27
184.02,172.91,210.25,172.91,210.25,220.74,184.02,220.74
182.88,173.67,209.22,173.67,209.22,221.69,182.88,221.69
182.16,173.8,208.66,173.8,208.66,222.14,182.16,222.14
181.96,174.73,208.45,174.73,208.45,223.05,181.96,223.05
180.91,175.63,207.47,175.63,207.47,224.07,180.91,224.07
179.96,175.71,206.75,175.71,206.75,224.55,179.96,224.55
179.2,175.95,206.2,175.95,206.2,225.19,179.2,225.19
177.87,176.48,205.08,176.48,205.08,226.1,177.87,226.1
177.9,177.3,205.21,177.3,205.21,227.1,177.9,227.1
176.75,177.51,204.18,177.51,204.18,227.52,176.75,227.52
175.8,178.19,203.34,178.19,203.34,228.41,175.8,228.41
175.59,178.95,203.17,178.95,203.17,229.25,175.59,229.25
174.71,179.27,202.28,179.27,202.28,229.55,174.71,229.55
173.74,180.21,201.36,180.21,201.36,230.58,173.74,230.58
173.38,180.84,200.97,180.84,200.97,231.15,173.38,231.15
172.83,181.59,200.54,181.59,200.54,232.13,172.83,232.13
171.7,182.31,199.61,182.31,199.61,233.2,171.7,233.2
171.33,182.87,199.39,182.87,199.39,234.04,171.33,234.04
170.29,183.52,198.5,183.52,198.5,234.94,170.29,234.94
170.04,184.27,198.47,184.27,198.47,236.11,170.04,236.11
169.57,184.88,198.07,184.88,198.07,236.85,169.57,236.85
168.95,186,197.45,186,197.45,237.97,168.95,237.97
168.61,186.58,197.11,186.58,197.11,238.56,168.61,238.56
168.24,187.45,196.77,187.45,196.77,239.48,168.24,239.48
167.65,188.27,196.22,188.27,196.22,240.38,167.65,240.38
167.33,188.82,196.14,188.82,196.14,241.36,167.33,241.36
166.45,189.64,195.31,189.64,195.31,242.26,166.45,242.26
166.06,190.27,195.03,190.27,195.03,243.09,166.06,243.09
165.46,190.83,194.63,190.83,194.63,244.02,165.46,244.02
164.88,191.85,194.15,191.85,194.15,245.22,164.88,245.22
163.92,192.05,193.6,192.05,193.6,246.17,163.92,246.17
163.52,193.69,193.03,193.69,193.03,247.49,163.52,247.49
163.02,193.96,192.92,193.96,192.92,248.48,163.02,248.48
162.51,194.66,192.32,194.66,192.32,249.03,162.51,249.03
162.01,195.66,192.05,195.66,192.05,250.45,162.01,250.45
161.23,196.06,191.39,196.06,191.39,251.06,161.23,251.06
160.89,197.09,191.2,197.09,191.2,252.36,160.89,252.36
160.84,194.23,191.14,194.23,191.14,249.48,160.84,249.48
157.8,151.98,188.31,151.98,188.31,207.63,157.8,207.63
158.75,155.87,189.46,155.87,189.46,211.88,158.75,211.88
156.62,153.76,187.5,153.76,187.5,210.07,156.62,210.07
157.16,156.57,188.32,156.57,188.32,213.4,157.16,213.4
155.7,156.55,187.25,156.55,187.25,214.09,155.7,214.09
155.56,157.65,187.21,157.65,187.21,215.36,155.56,215.36
154.52,156.52,186.3,156.52,186.3,214.47,154.52,214.47
154.22,158.92,186.17,158.92,186.17,217.17,154.22,217.17
153.71,159,185.83,159,185.83,217.56,153.71,217.56
153.4,160.59,185.31,160.59,185.31,218.79,153.4,218.79
153.41,161.52,185.42,161.52,185.42,219.89,153.41,219.89
153.07,163.35,185.06,163.35,185.06,221.68,153.07,221.68
152.37,163.61,184.73,163.61,184.73,222.6,152.37,222.6
151.94,164.3,184.39,164.3,184.39,223.47,151.94,223.47
151.83,165.25,184.42,165.25,184.42,224.68,151.83,224.68
152.01,166.19,184.63,166.19,184.63,225.68,152.01,225.68
151.91,167.25,184.75,167.25,184.75,227.14,151.91,227.14
151.41,167.11,184.44,167.11,184.44,227.34,151.41,227.34
151.67,168.44,184.63,168.44,184.63,228.55,151.67,228.55
151.19,169.26,184.32,169.26,184.32,229.66,151.19,229.66
150.5,170.15,183.7,170.15,183.7,230.69,150.5,230.69
150.22,170.77,183.33,170.77,183.33,231.15,150.22,231.15
149.2,171.96,182.11,171.96,182.11,231.97,149.2,231.97
150.02,172.87,182.93,172.87,182.93,232.88,150.02,232.88
150.53,174.59,183.46,174.59,183.46,234.63,150.53,234.63
150.23,174.8,183.1,174.8,183.1,234.75,150.23,234.75
150.4,176.62,183.4,176.62,183.4,236.8,150.4,236.8
150.47,176.99,183.71,176.99,183.71,237.6,150.47,237.6
150.66,178.71,183.96,178.71,183.96,239.42,150.66,239.42
150.88,179.35,184.12,179.35,184.12,239.97,150.88,239.97
151.19,180.59,184.66,180.59,184.66,241.62,151.19,241.62
151.1,181.13,184.62,181.13,184.62,242.26,151.1,242.26
151.85,182.22,185.22,182.22,185.22,243.06,151.85,243.06
155.65,180.06,188.79,180.06,188.79,240.49,155.65,240.49
152.93,178.5,186.24,178.5,186.24,239.24,152.93,239.24
153.58,142.7,187.17,142.7,187.17,203.95,153.58,203.95
152.58,141.73,186.22,141.73,186.22,203.07,152.58,203.07
153.94,145.66,187.73,145.66,187.73,207.28,153.94,207.28
153.02,145.12,187.25,145.12,187.25,207.54,153.02,207.54
153.49,147.03,188.27,147.03,188.27,210.45,153.49,210.45
154.86,148.59,190.13,148.59,190.13,212.91,154.86,212.91
156.54,149.67,192.36,149.67,192.36,214.98,156.54,214.98
157.88,152.42,193.96,152.42,193.96,218.21,157.88,218.21
158.99,152.73,195.4,152.73,195.4,219.13,158.99,219.13
159.22,153.5,196.22,153.5,196.22,220.98,159.22,220.98
159.23,154.19,196.52,154.19,196.52,222.2,159.23,222.2
159.03,155.31,196.55,155.31,196.55,223.71,159.03,223.71
159.97,157.44,197.86,157.44,197.86,226.52,159.97,226.52
160.33,158.16,198.46,158.16,198.46,227.69,160.33,227.69
160.94,159.07,199.34,159.07,199.34,229.1,160.94,229.1
161.98,161.27,200.59,161.27,200.59,231.68,161.98,231.68
162.37,161.68,201.37,161.68,201.37,232.81,162.37,232.81
163.73,164.4,203.15,164.4,203.15,236.28,163.73,236.28
163.97,164.37,203.59,164.37,203.59,236.62,163.97,236.62
164.69,166.67,204.39,166.67,204.39,239.06,164.69,239.06
165.44,167.78,205.48,167.78,205.48,240.8,165.44,240.8
165.95,169.48,206.25,169.48,206.25,242.97,165.95,242.97
166.1,168.96,206.51,168.96,206.51,242.64,166.1,242.64
167.76,129.21,208.64,129.21,208.64,203.75,167.76,203.75
167.28,129.46,208.39,129.46,208.39,204.42,167.28,204.42
167.88,130.22,209.1,130.22,209.1,205.39,167.88,205.39
168.92,132.49,210.39,132.49,210.39,208.11,168.92,208.11
169.92,134.18,211.72,134.18,211.72,210.41,169.92,210.41
