547,54,569,54,569,105,547,105
546.41,54.637,568.21,54.637,568.21,105.18,546.41,105.18
546.18,54.711,567.95,54.711,567.95,105.17,546.18,105.17
545.83,54.892,567.49,54.892,567.49,105.1,545.83,105.1
545.55,55.057,567.24,55.057,567.24,105.33,545.55,105.33
545.27,55.207,566.7,55.207,566.7,104.88,545.27,104.88
545.39,55.344,567.12,55.344,567.12,105.73,545.39,105.73
544.9,55.157,566.47,55.157,566.47,105.15,544.9,105.15
544.41,54.074,566.3,54.074,566.3,104.82,544.41,104.82
544.73,53.861,566.63,53.861,566.63,104.64,544.73,104.64
544.81,54.29,566.67,54.29,566.67,104.96,544.81,104.96
544.87,54.645,566.77,54.645,566.77,105.42,544.87,105.42
545.17,54.711,567.01,54.711,567.01,105.35,545.17,105.35
545.2,55.032,567,55.032,567,105.56,545.2,105.56
545.19,55.979,566.73,55.979,566.73,105.92,545.19,105.92
545.12,55.654,566.64,55.654,566.64,105.54,545.12,105.54
544.74,54.913,566.78,54.913,566.78,106,544.74,106
544.93,54.906,567,54.906,567,106.07,544.93,106.07
544.9,55.038,567.04,55.038,567.04,106.36,544.9,106.36
545.09,55.086,567.25,55.086,567.25,106.45,545.09,106.45
545.21,55.197,567.41,55.197,567.41,106.66,545.21,106.66
545.37,55.574,567.67,55.574,567.67,107.25,545.37,107.25
545.34,55.012,567.71,55.012,567.71,106.88,545.34,106.88
545.15,54.412,567.63,54.412,567.63,106.51,545.15,106.51
544.94,54.48,567.11,54.48,567.11,105.88,544.94,105.88
545.13,54.532,567.33,54.532,567.33,106,545.13,106
545.14,54.8,567.39,54.8,567.39,106.39,545.14,106.39
545.34,56.069,567.6,56.069,567.6,107.68,545.34,107.68
545.33,55.887,567.62,55.887,567.62,107.56,545.33,107.56
545.19,55.74,567.51,55.74,567.51,107.49,545.19,107.49
545.39,56.334,567.69,56.334,567.69,108.04,545.39,108.04
545.42,55.817,567.9,55.817,567.9,107.94,545.42,107.94
545.05,55.112,567.36,55.112,567.36,106.85,545.05,106.85
545.4,55.408,567.73,55.408,567.73,107.18,545.4,107.18
545.27,55.029,567.73,55.029,567.73,107.09,545.27,107.09
544.99,54.233,567.34,54.233,567.34,106.04,544.99,106.04
545.54,55.035,568.14,55.035,568.14,107.42,545.54,107.42
546.05,55.996,568.42,55.996,568.42,107.85,546.05,107.85
546.09,55.773,568.52,55.773,568.52,107.78,546.09,107.78
546.07,56.247,568.38,56.247,568.38,107.97,546.07,107.97
546.44,56.472,568.84,56.472,568.84,108.41,546.44,108.41
546.69,56.259,569.16,56.259,569.16,108.35,546.69,108.35
546.45,56.173,568.86,56.173,568.86,108.12,546.45,108.12
547.35,56.918,569.69,56.918,569.69,108.71,547.35,108.71
547.67,56.667,570.11,56.667,570.11,108.7,547.67,108.7
547.32,56.365,569.9,56.365,569.9,108.71,547.32,108.71
547.61,56.908,570.28,56.908,570.28,109.46,547.61,109.46
547.75,56.646,570.44,56.646,570.44,109.24,547.75,109.24
547.55,55.839,570.3,55.839,570.3,108.6,547.55,108.6
547.51,55.689,570.3,55.689,570.3,108.52,547.51,108.52
547.83,55.796,570.68,55.796,570.68,108.74,547.83,108.74
547.57,55.504,570.58,55.504,570.58,108.85,547.57,108.85
548.06,56.438,571.13,56.438,571.13,109.94,548.06,109.94
548.49,56.743,571.71,56.743,571.71,110.58,548.49,110.58
548.61,56.229,571.95,56.229,571.95,110.34,548.61,110.34
548.91,56.72,572.22,56.72,572.22,110.76,548.91,110.76
549.6,57.547,572.85,57.547,572.85,111.43,549.6,111.43
548.99,56.325,572.38,56.325,572.38,110.53,548.99,110.53
549.24,56.28,572.62,56.28,572.62,110.48,549.24,110.48
549.48,57.135,572.86,57.135,572.86,111.32,549.48,111.32
549.37,56.188,572.74,56.188,572.74,110.37,549.37,110.37
549.39,55.81,572.66,55.81,572.66,109.75,549.39,109.75
550.06,56.533,573.3,56.533,573.3,110.41,550.06,110.41
550.2,55.992,573.58,55.992,573.58,110.18,550.2,110.18
550.31,55.986,573.4,55.986,573.4,109.52,550.31,109.52
550.72,57.065,573.98,57.065,573.98,110.99,550.72,110.99
550.88,57.014,574.26,57.014,574.26,111.21,550.88,111.21
550.81,56.988,574.21,56.988,574.21,111.24,550.81,111.24
551.62,57.336,575.07,57.336,575.07,111.7,551.62,111.7
552.04,58.119,575.47,58.119,575.47,112.43,552.04,112.43
552.36,57.714,575.78,57.714,575.78,112,552.36,112
552.44,58.243,575.87,58.243,575.87,112.55,552.44,112.55
552.83,58.444,576.2,58.444,576.2,112.62,552.83,112.62
552.78,57.793,576.14,57.793,576.14,111.96,552.78,111.96
552.83,57.608,576.22,57.608,576.22,111.83,552.83,111.83
553.42,58.338,576.78,58.338,576.78,112.49,553.42,112.49
553.07,57.84,576.35,57.84,576.35,111.8,553.07,111.8
552.99,57.989,576.29,57.989,576.29,112.01,552.99,112.01
553.25,58.596,576.51,58.596,576.51,112.52,553.25,112.52
553.1,58.667,576.36,58.667,576.36,112.58,553.1,112.58
553,58.45,576.25,58.45,576.25,112.35,553,112.35
553.38,59.03,576.66,59.03,576.66,112.99,553.38,112.99
553.31,59.271,576.63,59.271,576.63,113.32,553.31,113.32
553.33,58.964,576.68,58.964,576.68,113.08,553.33,113.08
553.5,59.464,576.78,59.464,576.78,113.45,553.5,113.45
553.43,58.821,576.8,58.821,576.8,112.98,553.43,112.98
553.45,58.394,576.81,58.394,576.81,112.53,553.45,112.53
553.72,58.267,577.05,58.267,577.05,112.35,553.72,112.35
553.77,58.391,577.11,58.391,577.11,112.5,553.77,112.5
553.4,58.083,576.77,58.083,576.77,112.27,553.4,112.27
554.01,58.512,577.28,58.512,577.28,112.46,554.01,112.46
554.1,58.928,577.47,58.928,577.47,113.1,554.1,113.1
554.28,59.355,577.68,59.355,577.68,113.59,554.28,113.59
554.77,59.882,578.15,59.882,578.15,114.1,554.77,114.1
554.61,60.593,578.02,60.593,578.02,114.87,554.61,114.87
554.4,60.581,577.88,60.581,577.88,115.01,554.4,115.01
554.51,60.789,578.13,60.789,578.13,115.55,554.51,115.55
554.67,60.654,578.39,60.654,578.39,115.64,554.67,115.64
554.37,59.987,578.11,59.987,578.11,115.02,554.37,115.02
554.37,59.86,578.24,59.86,578.24,115.2,554.37,115.2
554.56,60.235,578.48,60.235,578.48,115.7,554.56,115.7
554.47,59.476,578.5,59.476,578.5,115.19,554.47,115.19
554.45,58.985,578.41,58.985,578.41,114.54,554.45,114.54
554.54,59.495,578.47,59.495,578.47,114.98,554.54,114.98
554.58,59.32,578.46,59.32,578.46,114.68,554.58,114.68
554.69,59.836,578.52,59.836,578.52,115.07,554.69,115.07
554.79,60.961,578.64,60.961,578.64,116.27,554.79,116.27
554.74,61.7,578.66,61.7,578.66,117.14,554.74,117.14
554.62,61.417,578.57,61.417,578.57,116.94,554.62,116.94
554.85,61.166,578.75,61.166,578.75,116.58,554.85,116.58
554.75,61.663,578.66,61.663,578.66,117.08,554.75,117.08
554.64,61.088,578.54,61.088,578.54,116.48,554.64,116.48
554.8,60.543,578.75,60.543,578.75,116.08,554.8,116.08
555.04,59.894,579,59.894,579,115.44,555.04,115.44
554.79,59.752,578.73,59.752,578.73,115.25,554.79,115.25
554.96,60.271,578.83,60.271,578.83,115.61,554.96,115.61
555.31,60.966,579.24,60.966,579.24,116.44,555.31,116.44
555.04,61.28,579.1,61.28,579.1,117.04,555.04,117.04
555.33,61.93,579.36,61.93,579.36,117.65,555.33,117.65
555.4,62.226,579.34,62.226,579.34,117.72,555.4,117.72
555.17,62.418,579.11,62.418,579.11,117.92,555.17,117.92
555.06,62.451,578.99,62.451,578.99,117.92,555.06,117.92
555.16,62.605,579.17,62.605,579.17,118.25,555.16,118.25
554.9,62.265,579.09,62.265,579.09,118.36,554.9,118.36
554.87,62.064,579.13,62.064,579.13,118.3,554.87,118.3
554.55,62.001,578.92,62.001,578.92,118.5,554.55,118.5
554.86,62.094,579.32,62.094,579.32,118.79,554.86,118.79
555.07,62.141,579.56,62.141,579.56,118.92,555.07,118.92
554.76,62.575,579.28,62.575,579.28,119.41,554.76,119.41
554.64,62.892,579.26,62.892,579.26,119.95,554.64,119.95
554.35,63.057,578.99,63.057,578.99,120.19,554.35,120.19
554.06,63.394,578.72,63.394,578.72,120.58,554.06,120.58
554.05,63.408,578.68,63.408,578.68,120.5,554.05,120.5
553.69,64.082,578.31,64.082,578.31,121.16,553.69,121.16
553.92,64.785,578.65,64.785,578.65,122.11,553.92,122.11
553.47,63.983,578.22,63.983,578.22,121.36,553.47,121.36
553.22,63.847,578,63.847,578,121.28,553.22,121.28
553.26,63.396,578.05,63.396,578.05,120.88,553.26,120.88
553.07,62.921,577.79,62.921,577.79,120.23,553.07,120.23
553.17,62.671,577.88,62.671,577.88,119.96,553.17,119.96
553.19,62.525,577.91,62.525,577.91,119.83,553.19,119.83
553.43,63.195,578.1,63.195,578.1,120.38,553.43,120.38
553.36,63.704,578.05,63.704,578.05,120.93,553.36,120.93
553.58,64.32,578.21,64.32,578.21,121.42,553.58,121.42
553.22,64.867,577.84,64.867,577.84,121.96,553.22,121.96
553.68,64.752,578.19,64.752,578.19,121.59,553.68,121.59
553.7,64.909,578.21,64.909,578.21,121.72,553.7,121.72
553.39,65.453,577.85,65.453,577.85,122.15,553.39,122.15
553.35,65.616,577.74,65.616,577.74,122.16,553.35,122.16
553.25,65.623,577.67,65.623,577.67,122.22,553.25,122.22
553.06,65.712,577.45,65.712,577.45,122.26,553.06,122.26
553.05,65.275,577.54,65.275,577.54,122.03,553.05,122.03
552.94,64.879,577.61,64.879,577.61,122.07,552.94,122.07
552.91,65.271,577.58,65.271,577.58,122.47,552.91,122.47
552.69,65.683,577.48,65.683,577.48,123.14,552.69,123.14
552.44,65.918,577.23,65.918,577.23,123.39,552.44,123.39
551.98,66.607,576.75,66.607,576.75,124.04,551.98,124.04
551.93,67.039,576.62,67.039,576.62,124.28,551.93,124.28
551.76,67.289,576.35,67.289,576.35,124.29,551.76,124.29
551.66,67.743,576.06,67.743,576.06,124.33,551.66,124.33
551.08,67.459,575.45,67.459,575.45,123.95,551.08,123.95
550.66,66.949,575.11,66.949,575.11,123.63,550.66,123.63
550.46,66.495,575.05,66.495,575.05,123.49,550.46,123.49
550.6,66.19,575.26,66.19,575.26,123.35,550.6,123.35
550.54,66.216,575.26,66.216,575.26,123.52,550.54,123.52
550.5,66.186,575.24,66.186,575.24,123.54,550.5,123.54
550.67,66.29,575.39,66.29,575.39,123.6,550.67,123.6
550.39,66.726,575.09,66.726,575.09,123.98,550.39,123.98
550.6,67.178,575.29,67.178,575.29,124.42,550.6,124.42
550.01,67.917,574.66,67.917,574.66,125.08,550.01,125.08
550.32,68.365,574.75,68.365,574.75,125.01,550.32,125.01
549.97,68.626,574.42,68.626,574.42,125.3,549.97,125.3
549.89,68.696,574.26,68.696,574.26,125.2,549.89,125.2
549.69,68.712,574.05,68.712,574.05,125.18,549.69,125.18
549.83,68.858,574.22,68.858,574.22,125.4,549.83,125.4
549.32,68.908,573.77,68.908,573.77,125.6,549.32,125.6
549.4,68.54,573.85,68.54,573.85,125.22,549.4,125.22
549.09,68.511,573.67,68.511,573.67,125.49,549.09,125.49
548.78,68.44,573.51,68.44,573.51,125.77,548.78,125.77
548.52,68.008,573.32,68.008,573.32,125.49,548.52,125.49
548.41,68.287,573.27,68.287,573.27,125.93,548.41,125.93
548.57,68.706,573.48,68.706,573.48,126.43,548.57,126.43
548.31,69.394,573.3,69.394,573.3,127.32,548.31,127.32
548.28,69.418,573.26,69.418,573.26,127.33,548.28,127.33
548.04,69.56,573.05,69.56,573.05,127.54,548.04,127.54
548.24,69.423,573.29,69.423,573.29,127.49,548.24,127.49
548.12,69.584,573.14,69.584,573.14,127.6,548.12,127.6
548.1,70.243,573.17,70.243,573.17,128.34,548.1,128.34
547.69,69.523,572.82,69.523,572.82,127.77,547.69,127.77
547.41,69.026,572.32,69.026,572.32,126.78,547.41,126.78
548.22,69.255,573.24,69.255,573.24,127.27,548.22,127.27
547.65,68.775,572.68,68.775,572.68,126.79,547.65,126.79
547.81,68.923,572.97,68.923,572.97,127.24,547.81,127.24
547.69,69.515,572.93,69.515,572.93,128.02,547.69,128.02
547.31,69.953,572.58,69.953,572.58,128.54,547.31,128.54
547.47,69.677,572.8,69.677,572.8,128.4,547.47,128.4
547.52,70.294,572.88,70.294,572.88,129.07,547.52,129.07
547.31,70.558,572.76,70.558,572.76,129.55,547.31,129.55
547.23,70.546,572.74,70.546,572.74,129.69,547.23,129.69
547.23,70.69,572.83,70.69,572.83,130.04,547.23,130.04
547.84,70.842,573.46,70.842,573.46,130.23,547.84,130.23
547.89,70.849,573.52,70.849,573.52,130.27,547.89,130.27
547.93,70.63,573.58,70.63,573.58,130.1,547.93,130.1
547.98,70.068,573.62,70.068,573.62,129.52,547.98,129.52
548.02,69.849,573.62,69.849,573.62,129.21,548.02,129.21
548.11,69.828,573.72,69.828,573.72,129.2,548.11,129.2
548.1,70.299,573.75,70.299,573.75,129.78,548.1,129.78
548.18,70.467,573.92,70.467,573.92,130.16,548.18,130.16
548.39,71.091,574.16,71.091,574.16,130.83,548.39,130.83
548.26,71.794,574.12,71.794,574.12,131.75,548.26,131.75
547.75,72.557,573.79,72.557,573.79,132.92,547.75,132.92
547.63,72.672,573.78,72.672,573.78,133.3,547.63,133.3
547.64,72.527,573.81,72.527,573.81,133.2,547.64,133.2
547.43,71.802,573.73,71.802,573.73,132.79,547.43,132.79
547.07,71.374,573.33,71.374,573.33,132.26,547.07,132.26
547.44,71.26,573.67,71.26,573.67,132.08,547.44,132.08
547.33,70.736,573.65,70.736,573.65,131.75,547.33,131.75
547.59,70.377,573.94,70.377,573.94,131.46,547.59,131.46
547.24,70.919,573.54,70.919,573.54,131.89,547.24,131.89
547.6,71.34,573.96,71.34,573.96,132.45,547.6,132.45
547.71,71.697,574.14,71.697,574.14,132.97,547.71,132.97
547.74,72.385,574.09,72.385,574.09,133.46,547.74,133.46
547.78,72.447,574.18,72.447,574.18,133.63,547.78,133.63
547.69,72.802,574.09,72.802,574.09,134,547.69,134
547.78,73.301,574.33,73.301,574.33,134.85,547.78,134.85
547.86,73.147,574.56,73.147,574.56,135.04,547.86,135.04
547.99,72.988,574.69,72.988,574.69,134.88,547.99,134.88
547.78,73.092,574.68,73.092,574.68,135.46,547.78,135.46
548.03,72.609,575.14,72.609,575.14,135.45,548.03,135.45
548.11,72.115,575.12,72.115,575.12,134.72,548.11,134.72
548.47,72.178,575.52,72.178,575.52,134.88,548.47,134.88
548.22,72.609,575.39,72.609,575.39,135.58,548.22,135.58
548.15,72.926,575.39,72.926,575.39,136.08,548.15,136.08
547.94,73.627,575.23,73.627,575.23,136.9,547.94,136.9
548.13,74.268,575.36,74.268,575.36,137.39,548.13,137.39
547.84,74.786,575.18,74.786,575.18,138.15,547.84,138.15
547.65,74.566,575.06,74.566,575.06,138.11,547.65,138.11
547.3,74.843,574.65,74.843,574.65,138.25,547.3,138.25
547.22,75.05,574.61,75.05,574.61,138.55,547.22,138.55
547.41,74.956,574.81,74.956,574.81,138.46,547.41,138.46
547.17,74.319,574.49,74.319,574.49,137.65,547.17,137.65
546.96,74.308,574.41,74.308,574.41,137.95,546.96,137.95
546.75,73.866,574.13,73.866,574.13,137.33,546.75,137.33
546.38,73.782,573.82,73.782,573.82,137.39,546.38,137.39
546.52,74.087,573.95,74.087,573.95,137.68,546.52,137.68
546.42,74.107,573.84,74.107,573.84,137.67,546.42,137.67
546.43,74.427,573.87,74.427,573.87,138.04,546.43,138.04
546.61,75.276,574.1,75.276,574.1,139.01,546.61,139.01
546.14,75.579,573.65,75.579,573.65,139.35,546.14,139.35
546.1,75.547,573.71,75.547,573.71,139.54,546.1,139.54
546.11,76.12,573.77,76.12,573.77,140.24,546.11,140.24
545.94,76.064,573.61,76.064,573.61,140.21,545.94,140.21
545.75,75.814,573.5,75.814,573.5,140.12,545.75,140.12
545.53,75.502,573.34,75.502,573.34,139.97,545.53,139.97
545.14,75.043,573.15,75.043,573.15,139.97,545.14,139.97
545.12,74.703,573.29,74.703,573.29,140,545.12,140
545.64,75.131,573.9,75.131,573.9,140.63,545.64,140.63
545.3,75.155,573.75,75.155,573.75,141.11,545.3,141.11
545.11,75.258,573.65,75.258,573.65,141.41,545.11,141.41
545.02,75.938,573.73,75.938,573.73,142.48,545.02,142.48
544.8,75.817,573.64,75.817,573.64,142.66,544.8,142.66
544.12,75.59,572.95,75.59,572.95,142.41,544.12,142.41
543.67,76.044,572.61,76.044,572.61,143.14,543.67,143.14
543.94,76.188,572.92,76.188,572.92,143.36,543.94,143.36
543.49,76.144,572.56,76.144,572.56,143.52,543.49,143.52
543.49,75.952,572.64,75.952,572.64,143.53,543.49,143.53
543.15,75.209,572.42,75.209,572.42,143.07,543.15,143.07
542.88,74.5,572.15,74.5,572.15,142.36,542.88,142.36
543.09,74.065,572.27,74.065,572.27,141.7,543.09,141.7
543.09,74.172,572.3,74.172,572.3,141.87,543.09,141.87
542.83,74.187,571.96,74.187,571.96,141.71,542.83,141.71
542.81,74.867,571.93,74.867,571.93,142.37,542.81,142.37
542.91,75.99,571.98,75.99,571.98,143.39,542.91,143.39
542.82,76.693,571.87,76.693,571.87,144.04,542.82,144.04
543.03,76.597,572,76.597,572,143.76,543.03,143.76
543.48,77.226,572.39,77.226,572.39,144.24,543.48,144.24
543.61,77.359,572.51,77.359,572.51,144.36,543.61,144.36
542.89,77.371,571.76,77.371,571.76,144.3,542.89,144.3
543.04,77.877,572,77.877,572,145.01,543.04,145.01
543.13,77.353,572.2,77.353,572.2,144.74,543.13,144.74
542.83,76.855,571.9,76.855,571.9,144.24,542.83,144.24
542.92,76.879,572.02,76.879,572.02,144.33,542.92,144.33
542.63,77.248,571.76,77.248,571.76,144.79,542.63,144.79
542.52,77.885,571.64,77.885,571.64,145.38,542.52,145.38
542.34,78.368,571.57,78.368,571.57,146.12,542.34,146.12
542.28,78.17,571.42,78.17,571.42,145.73,542.28,145.73
542.01,79.415,571.06,79.415,571.06,146.77,542.01,146.77
542.12,79.836,571.11,79.836,571.11,147.04,542.12,147.04
541.52,79.316,570.53,79.316,570.53,146.58,541.52,146.58
541.17,79.905,570.15,79.905,570.15,147.07,541.17,147.07
541.48,79.586,570.45,79.586,570.45,146.74,541.48,146.74
540.98,78.877,569.93,78.877,569.93,145.99,540.98,145.99
540.74,78.515,569.72,78.515,569.72,145.68,540.74,145.68
540.71,78.125,569.73,78.125,569.73,145.4,540.71,145.4
540.34,77.762,569.29,77.762,569.29,144.88,540.34,144.88
540.45,77.775,569.42,77.775,569.42,144.95,540.45,144.95
540.33,79.284,569.41,79.284,569.41,146.68,540.33,146.68
540.42,79.767,569.51,79.767,569.51,147.21,540.42,147.21
540.05,80.128,569.1,80.128,569.1,147.48,540.05,147.48
540.3,80.885,569.31,80.885,569.31,148.13,540.3,148.13
539.83,80.968,568.79,80.968,568.79,148.11,539.83,148.11
539.55,81.066,568.45,81.066,568.45,148.07,539.55,148.07
539.47,81.723,568.46,81.723,568.46,148.93,539.47,148.93
539.12,81.416,568.22,81.416,568.22,148.87,539.12,148.87
539.22,81.331,568.37,81.331,568.37,148.9,539.22,148.9
538.88,81.323,568.13,81.323,568.13,149.13,538.88,149.13
538.65,81.215,567.96,81.215,567.96,149.16,538.65,149.16
538.52,80.979,567.87,80.979,567.87,149.02,538.52,149.02
538.07,81.181,567.41,81.181,567.41,149.19,538.07,149.19
537.65,81.264,566.88,81.264,566.88,149.03,537.65,149.03
537.53,82.007,566.67,82.007,566.67,149.54,537.53,149.54
537.13,82.637,566.31,82.637,566.31,150.28,537.13,150.28
536.82,83.437,565.95,83.437,565.95,150.96,536.82,150.96
536.27,83.785,565.44,83.785,565.44,151.4,536.27,151.4
536.06,84.622,565.23,84.622,565.23,152.23,536.06,152.23
535.54,85.009,564.73,85.009,564.73,152.68,535.54,152.68
535.15,84.096,564.3,84.096,564.3,151.67,535.15,151.67
534.58,83.443,563.86,83.443,563.86,151.32,534.58,151.32
534.11,82.949,563.3,82.949,563.3,150.63,534.11,150.63
534.1,82.462,563.28,82.462,563.28,150.1,534.1,150.1
533.77,82.455,562.93,82.455,562.93,150.04,533.77,150.04
533.46,83.253,562.57,83.253,562.57,150.73,533.46,150.73
533.46,83.576,562.5,83.576,562.5,150.88,533.46,150.88
533.3,83.507,562.28,83.507,562.28,150.69,533.3,150.69
533.12,84.198,562.05,84.198,562.05,151.24,533.12,151.24
532.61,85.057,561.51,85.057,561.51,152.07,532.61,152.07
532.6,85.446,561.49,85.446,561.49,152.41,532.6,152.41
532.17,85.584,561.14,85.584,561.14,152.74,532.17,152.74
532.22,85.821,561.25,85.821,561.25,153.1,532.22,153.1
531.8,85.963,560.89,85.963,560.89,153.41,531.8,153.41
531.26,85.69,560.46,85.69,560.46,153.38,531.26,153.38
531.22,85.501,560.38,85.501,560.38,153.11,531.22,153.11
530.85,85.084,560.04,85.084,560.04,152.76,530.85,152.76
530.41,85.39,559.56,85.39,559.56,152.98,530.41,152.98
530.37,85.3,559.66,85.3,559.66,153.22,530.37,153.22
530.03,85.635,559.28,85.635,559.28,153.46,530.03,153.46
529.98,87.26,559.24,87.26,559.24,155.1,529.98,155.1
529.47,88.103,558.51,88.103,558.51,155.42,529.47,155.42
529.2,88.903,558.13,88.903,558.13,155.97,529.2,155.97
528.57,89.193,557.48,89.193,557.48,156.22,528.57,156.22
528.06,89.239,557,89.239,557,156.33,528.06,156.33
527.48,88.961,556.38,88.961,556.38,155.96,527.48,155.96
527.33,89.261,556.22,89.261,556.22,156.22,527.33,156.22
526.99,89.457,555.86,89.457,555.86,156.37,526.99,156.37
526.38,89.248,555.16,89.248,555.16,155.98,526.38,155.98
526.33,89.548,554.98,89.548,554.98,155.97,526.33,155.97
526.56,89.581,555.18,89.581,555.18,155.92,526.56,155.92
526.36,89.351,555.09,89.351,555.09,155.96,526.36,155.96
526.13,89.52,554.93,89.52,554.93,156.26,526.13,156.26
525.29,89.843,553.94,89.843,553.94,156.25,525.29,156.25
525.55,90.684,554.15,90.684,554.15,156.97,525.55,156.97
525.4,91.672,553.92,91.672,553.92,157.77,525.4,157.77
525.69,92.591,554.35,92.591,554.35,159.01,525.69,159.01
525,93.272,553.7,93.272,553.7,159.81,525,159.81
524.6,93.162,553.35,93.162,553.35,159.83,524.6,159.83
524.32,91.837,553.07,91.837,553.07,158.47,524.32,158.47
523.8,91.627,552.61,91.627,552.61,158.42,523.8,158.42
523.16,90.973,552.12,90.973,552.12,158.1,523.16,158.1
522.68,90.685,551.9,90.685,551.9,158.42,522.68,158.42
522.53,91.056,551.73,91.056,551.73,158.75,522.53,158.75
522.21,91.287,551.58,91.287,551.58,159.38,522.21,159.38
522.31,92.11,551.84,92.11,551.84,160.57,522.31,160.57
522.09,93.477,551.69,93.477,551.69,162.11,522.09,162.11
521.57,93.22,551.22,93.22,551.22,161.94,521.57,161.94
520.8,92.714,550.45,92.714,550.45,161.45,520.8,161.45
520.22,93,549.84,93,549.84,161.65,520.22,161.65
519.33,93.079,548.96,93.079,548.96,161.77,519.33,161.77
519.04,93.024,548.78,93.024,548.78,161.96,519.04,161.96
519.03,92.864,548.86,92.864,548.86,162.01,519.03,162.01
519.01,93.081,548.8,93.081,548.8,162.15,519.01,162.15
518.43,92.67,548.31,92.67,548.31,161.94,518.43,161.94
517.98,92.196,547.81,92.196,547.81,161.35,517.98,161.35
517.69,92.325,547.77,92.325,547.77,162.06,517.69,162.06
516.96,91.772,546.99,91.772,546.99,161.4,516.96,161.4
516.74,92.109,546.94,92.109,546.94,162.14,516.74,162.14
516.91,93.468,547.05,93.468,547.05,163.33,516.91,163.33
516.99,94.135,546.91,94.135,546.91,163.48,516.99,163.48
517.23,95.093,547.12,95.093,547.12,164.38,517.23,164.38
517.21,95.827,547.11,95.827,547.11,165.14,517.21,165.14
516.57,95.463,546.71,95.463,546.71,165.35,516.57,165.35
515.84,93.904,546.17,93.904,546.17,164.21,515.84,164.21
515.71,93.91,545.91,93.91,545.91,163.94,515.71,163.94
515.32,93.334,545.52,93.334,545.52,163.35,515.32,163.35
515.18,93.178,545.41,93.178,545.41,163.25,515.18,163.25
515.27,94.06,545.51,94.06,545.51,164.15,515.27,164.15
515.01,94.063,545.1,94.063,545.1,163.8,515.01,163.8
514.38,94.509,544.51,94.509,544.51,164.35,514.38,164.35
514.22,95.065,544.47,95.065,544.47,165.2,514.22,165.2
513.73,95.166,543.96,95.166,543.96,165.25,513.73,165.25
513.21,95.277,543.47,95.277,543.47,165.44,513.21,165.44
513.21,95.91,543.35,95.91,543.35,165.78,513.21,165.78
512.91,96.551,543.11,96.551,543.11,166.56,512.91,166.56
512.44,96.986,542.72,96.986,542.72,167.18,512.44,167.18
512.1,97.146,542.46,97.146,542.46,167.53,512.1,167.53
511.87,96.39,542.2,96.39,542.2,166.71,511.87,166.71
511.35,95.495,541.69,95.495,541.69,165.82,511.35,165.82
510.95,95.25,541.28,95.25,541.28,165.58,510.95,165.58
510.64,95.082,541.06,95.082,541.06,165.6,510.64,165.6
510.51,94.815,540.95,94.815,540.95,165.38,510.51,165.38
510.45,95.613,541,95.613,541,166.44,510.45,166.44
510.46,96.819,540.96,96.819,540.96,167.52,510.46,167.52
510.72,98.133,541.12,98.133,541.12,168.59,510.72,168.59
510.36,98.721,540.62,98.721,540.62,168.87,510.36,168.87
510.25,98.745,540.46,98.745,540.46,168.8,510.25,168.8
510.2,98.697,540.42,98.697,540.42,168.75,510.2,168.75
510.11,98.585,540.38,98.585,540.38,168.77,510.11,168.77
509.89,98.404,540.33,98.404,540.33,168.96,509.89,168.96
509.74,98.349,540.26,98.349,540.26,169.11,509.74,169.11
509.47,97.873,539.95,97.873,539.95,168.53,509.47,168.53
509.24,98.184,539.74,98.184,539.74,168.88,509.24,168.88
508.94,98.483,539.42,98.483,539.42,169.13,508.94,169.13
508.24,98.22,538.8,98.22,538.8,169.06,508.24,169.06
508.16,98.438,538.84,98.438,538.84,169.56,508.16,169.56
508.11,99.3,538.92,99.3,538.92,170.71,508.11,170.71
507.61,99.376,538.62,99.376,538.62,171.27,507.61,171.27
506.83,100.11,538.02,100.11,538.02,172.42,506.83,172.42
506.2,100.74,537.49,100.74,537.49,173.28,506.2,173.28
505.56,101.28,536.98,101.28,536.98,174.11,505.56,174.11
504.82,101.61,536.2,101.61,536.2,174.35,504.82,174.35
504.12,101.64,535.55,101.64,535.55,174.49,504.12,174.49
503.52,99.864,534.96,99.864,534.96,172.75,503.52,172.75
502.89,98.694,534.31,98.694,534.31,171.53,502.89,171.53
502.41,98.483,533.79,98.483,533.79,171.22,502.41,171.22
501.84,98.775,533.31,98.775,533.31,171.75,501.84,171.75
501.6,99.084,533.08,99.084,533.08,172.05,501.6,172.05
501.48,100.42,532.97,100.42,532.97,173.42,501.48,173.42
500.93,101.5,532.39,101.5,532.39,174.43,500.93,174.43
500.66,101.4,532.28,101.4,532.28,174.7,500.66,174.7
500.51,101.3,532.31,101.3,532.31,175,500.51,175
499.86,101.33,531.81,101.33,531.81,175.42,499.86,175.42
499.61,101.72,531.69,101.72,531.69,176.1,499.61,176.1
499.06,102.09,531.36,102.09,531.36,176.98,499.06,176.98
498.74,102.67,531.27,102.67,531.27,178.08,498.74,178.08
497.75,102.05,530.33,102.05,530.33,177.58,497.75,177.58
497.27,101.78,529.85,101.78,529.85,177.3,497.27,177.3
497.03,101.66,529.65,101.66,529.65,177.3,497.03,177.3
496.45,101.04,528.91,101.04,528.91,176.28,496.45,176.28
495.81,101.23,528.5,101.23,528.5,177,495.81,177
494.99,101.03,527.68,101.03,527.68,176.81,494.99,176.81
494.19,102.38,526.95,102.38,526.95,178.33,494.19,178.33
493.97,103.49,526.77,103.49,526.77,179.53,493.97,179.53
493.19,103.85,525.98,103.85,525.98,179.86,493.19,179.86
492.45,104.39,525.28,104.39,525.28,180.49,492.45,180.49
491.47,104.39,524.27,104.39,524.27,180.43,491.47,180.43
490.46,103.85,523.4,103.85,523.4,180.2,490.46,180.2
489.87,103.08,522.84,103.08,522.84,179.5,489.87,179.5
489.1,102.92,522.03,102.92,522.03,179.27,489.1,179.27
488.78,102.98,521.82,102.98,521.82,179.57,488.78,179.57
488.5,102.72,521.49,102.72,521.49,179.17,488.5,179.17
487.63,102.79,520.78,102.79,520.78,179.64,487.63,179.64
487.55,103.66,520.78,103.66,520.78,180.69,487.55,180.69
487.36,103.5,520.68,103.5,520.68,180.75,487.36,180.75
487.15,103.84,520.41,103.84,520.41,180.93,487.15,180.93
486.93,104.63,520.18,104.63,520.18,181.7,486.93,181.7
486.41,104.94,519.55,104.94,519.55,181.76,486.41,181.76
485.64,105.55,518.73,105.55,518.73,182.28,485.64,182.28
485.14,106.75,518.37,106.75,518.37,183.77,485.14,183.77
484.95,107.4,518.06,107.4,518.06,184.15,484.95,184.15
484.11,107.1,517.22,107.1,517.22,183.86,484.11,183.86
483.82,106.49,516.79,106.49,516.79,182.92,483.82,182.92
482.83,105.53,515.77,105.53,515.77,181.91,482.83,181.91
481.83,104.71,514.98,104.71,514.98,181.56,481.83,181.56
481.62,104.94,514.79,104.94,514.79,181.82,481.62,181.82
481.74,105.42,514.89,105.42,514.89,182.28,481.74,182.28
480.82,106.42,513.85,106.42,513.85,183.01,480.82,183.01
480.15,107.5,513.2,107.5,513.2,184.12,480.15,184.12
479.68,108.44,512.7,108.44,512.7,184.98,479.68,184.98
478.93,108.88,511.95,108.88,511.95,185.43,478.93,185.43
477.71,109.06,510.81,109.06,510.81,185.8,477.71,185.8
476.35,108.33,509.45,108.33,509.45,185.06,476.35,185.06
475.78,108.04,508.94,108.04,508.94,184.91,475.78,184.91
475.36,108.25,508.53,108.25,508.53,185.15,475.36,185.15
474.97,108.88,508.36,108.88,508.36,186.27,474.97,186.27
474.19,109.24,507.58,109.24,507.58,186.65,474.19,186.65
473.78,109.12,507.36,109.12,507.36,186.98,473.78,186.98
472.75,108.62,506.38,108.62,506.38,186.56,472.75,186.56
471.62,107.92,505.43,107.92,505.43,186.3,471.62,186.3
471.22,108.1,504.77,108.1,504.77,185.86,471.22,185.86
471.04,108.65,504.51,108.65,504.51,186.23,471.04,186.23
470.97,109.19,504.35,109.19,504.35,186.57,470.97,186.57
470.79,110.62,504.26,110.62,504.26,188.21,470.79,188.21
470.25,111.32,503.81,111.32,503.81,189.12,470.25,189.12
469.52,111.54,503.07,111.54,503.07,189.29,469.52,189.29
469.2,111.5,502.76,111.5,502.76,189.31,469.2,189.31
468.51,111,502.14,111,502.14,188.97,468.51,188.97
467.34,110.23,501.1,110.23,501.1,188.5,467.34,188.5
466.75,109.51,500.59,109.51,500.59,187.97,466.75,187.97
466.03,109.71,499.82,109.71,499.82,188.05,466.03,188.05
465.4,109.85,499.1,109.85,499.1,187.95,465.4,187.95
464.93,110.74,498.68,110.74,498.68,188.97,464.93,188.97
464.92,111.68,498.69,111.68,498.69,189.96,464.92,189.96
464.07,112.28,497.92,112.28,497.92,190.74,464.07,190.74
462.7,112.01,496.72,112.01,496.72,190.86,462.7,190.86
461.78,112.53,495.79,112.53,495.79,191.35,461.78,191.35
460.6,112.59,494.59,112.59,494.59,191.38,460.6,191.38
459.29,112.66,493.29,112.66,493.29,191.45,459.29,191.45
458.58,114.16,492.67,114.16,492.67,193.17,458.58,193.17
458.11,114.43,492.32,114.43,492.32,193.74,458.11,193.74
457.14,114.3,491.36,114.3,491.36,193.62,457.14,193.62
456.44,114.36,490.64,114.36,490.64,193.64,456.44,193.64
455.13,113.37,489.46,113.37,489.46,192.96,455.13,192.96
454.33,112.14,488.65,112.14,488.65,191.7,454.33,191.7
453.64,111.74,488.03,111.74,488.03,191.48,453.64,191.48
453.39,112.02,487.9,112.02,487.9,192.02,453.39,192.02
453.19,113.28,487.71,113.28,487.71,193.31,453.19,193.31
452.98,114.59,487.42,114.59,487.42,194.42,452.98,194.42
452.55,115.65,486.91,115.65,486.91,195.3,452.55,195.3
451.68,115.97,485.97,115.97,485.97,195.45,451.68,195.45
450.83,116.3,485.21,116.3,485.21,196,450.83,196
449.63,115.58,484.06,115.58,484.06,195.39,449.63,195.39
448.96,115.74,483.56,115.74,483.56,195.95,448.96,195.95
448.37,115.89,483.22,115.89,483.22,196.68,448.37,196.68
447.4,115.56,482.28,115.56,482.28,196.41,447.4,196.41
446.88,116,481.76,116,481.76,196.84,446.88,196.84
446.78,116,481.73,116,481.73,197.01,446.78,197.01
445.89,115.34,480.97,115.34,480.97,196.66,445.89,196.66
444.37,114.67,479.44,114.67,479.44,195.97,444.37,195.97
443.3,114.35,478.4,114.35,478.4,195.72,443.3,195.72
442.07,114.41,477.28,114.41,477.28,196.02,442.07,196.02
441.44,115.64,476.54,115.64,476.54,197.02,441.44,197.02
440.97,117.25,475.92,117.25,475.92,198.28,440.97,198.28
440.05,118.67,475.13,118.67,475.13,199.99,440.05,199.99
438.99,119.38,474.14,119.38,474.14,200.85,438.99,200.85
437.82,119.59,472.88,119.59,472.88,200.88,437.82,200.88
436.26,118.52,471.18,118.52,471.18,199.47,436.26,199.47
435.65,117.51,470.81,117.51,470.81,199.01,435.65,199.01
434.7,116.38,470.08,116.38,470.08,198.39,434.7,198.39
433.8,116.15,469.27,116.15,469.27,198.39,433.8,198.39
433.43,116.5,468.89,116.5,468.89,198.7,433.43,198.7
433,117.85,468.45,117.85,468.45,200.02,433,200.02
432.59,118.49,467.98,118.49,467.98,200.52,432.59,200.52
431.72,118.54,466.99,118.54,466.99,200.31,431.72,200.31
430.98,119,466.05,119,466.05,200.28,430.98,200.28
430.45,119.31,465.42,119.31,465.42,200.36,430.45,200.36
429.57,119.47,464.48,119.47,464.48,200.38,429.57,200.38
428.88,119.63,463.66,119.63,463.66,200.27,428.88,200.27
428.57,120.91,463.4,120.91,463.4,201.66,428.57,201.66
427.92,121.11,462.7,121.11,462.7,201.73,427.92,201.73
427.58,121.65,462.32,121.65,462.32,202.18,427.58,202.18
426.59,121.65,461.49,121.65,461.49,202.55,426.59,202.55
425.7,120.91,460.75,120.91,460.75,202.16,425.7,202.16
424.23,119.66,459.43,119.66,459.43,201.25,424.23,201.25
423.29,119.21,458.56,119.21,458.56,200.97,423.29,200.97
422.25,119.18,457.6,119.18,457.6,201.14,422.25,201.14
421.65,119.97,456.95,119.97,456.95,201.8,421.65,201.8
421.3,122.64,456.54,122.64,456.54,204.35,421.3,204.35
420.25,123.69,455.45,123.69,455.45,205.29,420.25,205.29
418.96,124.35,454.21,124.35,454.21,206.06,418.96,206.06
417.65,124.77,452.85,124.77,452.85,206.38,417.65,206.38
416.13,124.19,451.31,124.19,451.31,205.74,416.13,205.74
414.39,123.98,449.59,123.98,449.59,205.58,414.39,205.58
413.6,123.43,448.86,123.43,448.86,205.18,413.6,205.18
412.59,123.96,447.84,123.96,447.84,205.68,412.59,205.68
412.2,124.52,447.57,124.52,447.57,206.52,412.2,206.52
411.27,124.76,446.72,124.76,446.72,206.92,411.27,206.92
410.02,124.81,445.56,124.81,445.56,207.19,410.02,207.19
409.33,124.48,444.89,124.48,444.89,206.93,409.33,206.93
408.18,124.68,443.77,124.68,443.77,207.18,408.18,207.18
406.93,124.39,442.62,124.39,442.62,207.12,406.93,207.12
406.84,125.31,442.47,125.31,442.47,207.89,406.84,207.89
405.95,126.74,441.42,126.74,441.42,208.99,405.95,208.99
404.57,127.17,440.09,127.17,440.09,209.51,404.57,209.51
403.53,128.32,439.11,128.32,439.11,210.81,403.53,210.81
402.38,128.62,438.14,128.62,438.14,211.53,402.38,211.53
400.89,127.58,436.8,127.58,436.8,210.84,400.89,210.84
400.25,127.24,436.41,127.24,436.41,211.05,400.25,211.05
399.58,126.91,435.91,126.91,435.91,211.12,399.58,211.12
398.25,125.77,434.7,125.77,434.7,210.28,398.25,210.28
396.99,126.72,433.35,126.72,433.35,211.01,396.99,211.01
396.4,128.05,432.69,128.05,432.69,212.18,396.4,212.18
395.85,128.73,432.34,128.73,432.34,213.32,395.85,213.32
394.29,128.21,430.81,128.21,430.81,212.85,394.29,212.85
392.72,129.4,429.14,129.4,429.14,213.82,392.72,213.82
391.66,129.75,428.01,129.75,428.01,214.03,391.66,214.03
390.02,129.76,426.52,129.76,426.52,214.35,390.02,214.35
388.51,130.04,424.98,130.04,424.98,214.58,388.51,214.58
387.38,131.44,423.85,131.44,423.85,215.98,387.38,215.98
385.99,131.96,422.5,131.96,422.5,216.58,385.99,216.58
384.64,131.63,421.02,131.63,421.02,215.95,384.64,215.95
383.48,131.07,419.84,131.07,419.84,215.36,383.48,215.36
382.31,129.91,418.63,129.91,418.63,214.12,382.31,214.12
380.49,129.42,416.91,129.42,416.91,213.83,380.49,213.83
379.76,129.77,416.08,129.77,416.08,213.97,379.76,213.97
378.68,129.88,415.05,129.88,415.05,214.19,378.68,214.19
378.54,131.17,414.64,131.17,414.64,214.85,378.54,214.85
378.28,133.22,414.21,133.22,414.21,216.5,378.28,216.5
377.34,134.57,413.2,134.57,413.2,217.71,377.34,217.71
376.13,135.09,411.96,135.09,411.96,218.15,376.13,218.15
375.07,135.27,410.91,135.27,410.91,218.36,375.07,218.36
373.25,134.51,408.99,134.51,408.99,217.38,373.25,217.38
371.98,134.02,407.7,134.02,407.7,216.82,371.98,216.82
371.07,134.13,406.65,134.13,406.65,216.62,371.07,216.62
370.46,134.68,406.02,134.68,406.02,217.11,370.46,217.11
370.31,135.22,405.91,135.22,405.91,217.74,370.31,217.74
369.66,135.9,405.08,135.9,405.08,218.02,369.66,218.02
368.08,135.37,403.45,135.37,403.45,217.38,368.08,217.38
366.56,134.45,402.1,134.45,402.1,216.83,366.56,216.83
365.67,134.66,401.39,134.66,401.39,217.46,365.67,217.46
364.67,134.9,400.61,134.9,400.61,218.2,364.67,218.2
363.38,135.5,399.49,135.5,399.49,219.23,363.38,219.23
361.88,136.51,398.14,136.51,398.14,220.57,361.88,220.57
360.44,137.66,396.81,137.66,396.81,221.96,360.44,221.96
358.66,138.31,395.03,138.31,395.03,222.63,358.66,222.63
356.98,138.37,393.4,138.37,393.4,222.8,356.98,222.8
354.77,138.1,391.29,138.1,391.29,222.77,354.77,222.77
353.28,136.53,389.87,136.53,389.87,221.36,353.28,221.36
352.41,135.38,388.94,135.38,388.94,220.05,352.41,220.05
351.19,135.27,387.71,135.27,387.71,219.92,351.19,219.92
350.31,135.09,386.91,135.09,386.91,219.93,350.31,219.93
349.57,135.91,386.19,135.91,386.19,220.81,349.57,220.81
348.93,137.16,385.46,137.16,385.46,221.83,348.93,221.83
347.87,137.18,384.43,137.18,384.43,221.94,347.87,221.94
346.66,137.47,383.14,137.47,383.14,222.05,346.66,222.05
345.74,138.24,382.27,138.24,382.27,222.92,345.74,222.92
345.1,138.16,381.7,138.16,381.7,223.02,345.1,223.02
343.43,138.41,379.92,138.41,379.92,223.01,343.43,223.01
343.14,139.49,379.62,139.49,379.62,224.07,343.14,224.07
342.96,141.16,379.55,141.16,379.55,226,342.96,226
342.08,141.09,378.81,141.09,378.81,226.24,342.08,226.24
341.58,141.53,378.58,141.53,378.58,227.3,341.58,227.3
341.02,141.43,378.14,141.43,378.14,227.48,341.02,227.48
340.02,139.94,377.11,139.94,377.11,225.91,340.02,225.91
338.81,139.5,376,139.5,376,225.71,338.81,225.71
337.46,139.76,374.89,139.76,374.89,226.52,337.46,226.52
336.46,140.35,373.94,140.35,373.94,227.23,336.46,227.23
335.01,141.5,372.66,141.5,372.66,228.77,335.01,228.77
334.53,142.77,372.28,142.77,372.28,230.28,334.53,230.28
332.52,143.8,370.39,143.8,370.39,231.58,332.52,231.58
331.2,143.95,369.02,143.95,369.02,231.63,331.2,231.63
329.46,144.22,367.48,144.22,367.48,232.37,329.46,232.37
326.52,143.67,364.77,143.67,364.77,232.36,326.52,232.36
325.7,144.02,364.12,144.02,364.12,233.08,325.7,233.08
324.74,143.86,363.27,143.86,363.27,233.18,324.74,233.18
323.71,143.42,362.3,143.42,362.3,232.88,323.71,232.88
322.14,143.18,360.62,143.18,360.62,232.38,322.14,232.38
320.64,142.81,359.08,142.81,359.08,231.92,320.64,231.92
320.31,142.39,358.61,142.39,358.61,231.17,320.31,231.17
319.23,143.01,357.46,143.01,357.46,231.64,319.23,231.64
318.6,144.11,356.74,144.11,356.74,232.53,318.6,232.53
317.67,144.88,355.65,144.88,355.65,232.93,317.67,232.93
316.83,146.49,354.8,146.49,354.8,234.51,316.83,234.51
315.84,147.86,353.61,147.86,353.61,235.41,315.84,235.41
314.59,148.69,352.3,148.69,352.3,236.12,314.59,236.12
313.2,148.13,350.84,148.13,350.84,235.38,313.2,235.38
312.32,147.84,350.07,147.84,350.07,235.36,312.32,235.36
311.3,146.36,349.19,146.36,349.19,234.19,311.3,234.19
311.21,145.72,349.25,145.72,349.25,233.91,311.21,233.91
310.36,147.17,348.55,147.17,348.55,235.7,310.36,235.7
309.57,147.5,347.9,147.5,347.9,236.35,309.57,236.35
308.53,147.12,347.09,147.12,347.09,236.51,308.53,236.51
306.65,147.02,345.25,147.02,345.25,236.52,306.65,236.52
306.03,149.13,344.64,149.13,344.64,238.64,306.03,238.64
303.87,148.46,342.51,148.46,342.51,238.03,303.87,238.03
302.4,148.16,341.15,148.16,341.15,238,302.4,238
301.74,150.03,340.56,150.03,340.56,240.03,301.74,240.03
299.27,150.46,338.11,150.46,338.11,240.49,299.27,240.49
298.3,151.12,337.13,151.12,337.13,241.12,298.3,241.12
297.57,152.55,336.34,152.55,336.34,242.43,297.57,242.43
295.18,151.63,334.01,151.63,334.01,241.66,295.18,241.66
294.85,150.7,333.79,150.7,333.79,240.96,294.85,240.96
292.9,149.33,331.84,149.33,331.84,239.6,292.9,239.6
291.94,147.97,330.91,147.97,330.91,238.3,291.94,238.3
291.49,148.38,330.36,148.38,330.36,238.49,291.49,238.49
290.65,150.66,329.39,150.66,329.39,240.47,290.65,240.47
290.27,152.32,328.98,152.32,328.98,242.06,290.27,242.06
289.71,154.42,328.41,154.42,328.41,244.14,289.71,244.14
288.17,154.42,326.85,154.42,326.85,244.09,288.17,244.09
286.53,154.04,325.46,154.04,325.46,244.28,286.53,244.28
285.15,153.56,324.16,153.56,324.16,243.98,285.15,243.98
282.95,153.28,321.98,153.28,321.98,243.76,282.95,243.76
282.61,153.83,321.54,153.83,321.54,244.08,282.61,244.08
281.87,154.55,320.88,154.55,320.88,244.96,281.87,244.96
281.68,156.27,320.73,156.27,320.73,246.79,281.68,246.79
281.31,156.41,320.38,156.41,320.38,246.98,281.31,246.98
279.5,156.24,318.77,156.24,318.77,247.25,279.5,247.25
277.95,155.6,317.43,155.6,317.43,247.11,277.95,247.11
276.61,154.12,316.17,154.12,316.17,245.84,276.61,245.84
274.89,155.08,314.63,155.08,314.63,247.2,274.89,247.2
273.8,156.38,313.58,156.38,313.58,248.61,273.8,248.61
272.39,157.55,312.2,157.55,312.2,249.84,272.39,249.84
271.11,160.14,311.09,160.14,311.09,252.83,271.11,252.83
269.24,160.31,309.33,160.31,309.33,253.24,269.24,253.24
267.73,160.4,307.84,160.4,307.84,253.38,267.73,253.38
264.67,159.04,304.7,159.04,304.7,251.85,264.67,251.85
263.39,156.85,303.55,156.85,303.55,249.94,263.39,249.94
261.68,155.47,301.85,155.47,301.85,248.57,261.68,248.57
260.76,155.5,301.05,155.5,301.05,248.9,260.76,248.9
259.94,156.22,300.11,156.22,300.11,249.36,259.94,249.36
258.94,158.99,299.21,158.99,299.21,252.35,258.94,252.35
258.15,160.34,298.54,160.34,298.54,253.97,258.15,253.97
256.56,160.76,297.05,160.76,297.05,254.62,256.56,254.62
254.85,160.79,295.42,160.79,295.42,254.83,254.85,254.83
253.17,159.95,293.7,159.95,293.7,253.9,253.17,253.9
251.58,159.64,292.12,159.64,292.12,253.61,251.58,253.61
250.83,161.05,291.51,161.05,291.51,255.35,250.83,255.35
249.65,162.08,290.39,162.08,290.39,256.51,249.65,256.51
248.85,163.73,289.62,163.73,289.62,258.24,248.85,258.24
248.3,164.19,289.06,164.19,289.06,258.69,248.3,258.69
246.89,163.32,287.81,163.32,287.81,258.18,246.89,258.18
245.37,162.52,286.29,162.52,286.29,257.37,245.37,257.37
243.85,160.41,285.02,160.41,285.02,255.83,243.85,255.83
241.53,159.42,282.81,159.42,282.81,255.11,241.53,255.11
240.64,159.97,282.28,159.97,282.28,256.48,240.64,256.48
238.76,162.09,280.66,162.09,280.66,259.21,238.76,259.21
238.04,165.6,280.13,165.6,280.13,263.17,238.04,263.17
236.86,166.76,279.06,166.76,279.06,264.58,236.86,264.58
234.9,166.79,277.25,166.79,277.25,264.98,234.9,264.98
232.31,166.26,274.67,166.26,274.67,264.46,232.31,264.46
230.28,164.72,272.68,164.72,272.68,263.03,230.28,263.03
227.67,163.04,270.25,163.04,270.25,261.74,227.67,261.74
226.13,163.44,268.91,163.44,268.91,262.62,226.13,262.62
224.72,165,267.64,165,267.64,264.49,224.72,264.49
224.38,166.82,267.38,166.82,267.38,266.51,224.38,266.51
223.69,167.96,266.71,167.96,266.71,267.68,223.69,267.68
221.33,167.25,264.72,167.25,264.72,267.82,221.33,267.82
219.97,166.99,263.38,166.99,263.38,267.63,219.97,267.63
217.24,165,260.6,165,260.6,265.5,217.24,265.5
215.32,164.97,258.98,164.97,258.98,266.19,215.32,266.19
214.37,166.5,258.01,166.5,258.01,267.66,214.37,267.66
212.66,167.22,256.16,167.22,256.16,268.06,212.66,268.06
211.68,169.46,255.14,169.46,255.14,270.22,211.68,270.22
210.6,172.79,253.93,172.79,253.93,273.24,210.6,273.24
208.28,171.7,251.69,171.7,251.69,272.34,208.28,272.34
206.27,170.81,249.67,170.81,249.67,271.42,206.27,271.42
204.96,170.21,248.48,170.21,248.48,271.09,204.96,271.09
202.85,165.34,246.63,165.34,246.63,266.81,202.85,266.81
201,165.99,244.75,165.99,244.75,267.42,201,267.42
199.58,168.18,243.47,168.18,243.47,269.91,199.58,269.91
198.4,169.14,242.42,169.14,242.42,271.19,198.4,271.19
196.75,172.01,240.77,172.01,240.77,274.07,196.75,274.07
195.31,173.02,239.29,173.02,239.29,274.98,195.31,274.98
193.05,172.99,237.17,172.99,237.17,275.27,193.05,275.27
191.18,172.67,235.25,172.67,235.25,274.84,191.18,274.84
188.37,172.06,232.53,172.06,232.53,274.43,188.37,274.43
184.91,171.22,229.31,171.22,229.31,274.16,184.91,274.16
182.87,171.88,227.25,171.88,227.25,274.76,182.87,274.76
181.57,173.46,225.95,173.46,225.95,276.35,181.57,276.35
180.12,173.86,224.51,173.86,224.51,276.76,180.12,276.76
178.66,174.22,223.08,174.22,223.08,277.19,178.66,277.19
177.3,173.65,221.77,173.65,221.77,276.75,177.3,276.75
175.6,171.34,220.01,171.34,220.01,274.29,175.6,274.29
173.05,171.11,217.53,171.11,217.53,274.25,173.05,274.25
171.28,171.38,215.76,171.38,215.76,274.49,171.28,274.49
170.07,172.44,214.46,172.44,214.46,275.34,170.07,275.34
168.37,174.39,212.75,174.39,212.75,277.27,168.37,277.27
167.9,178.19,212.2,178.19,212.2,280.88,167.9,280.88
