109.5,95.5,133.5,95.5,133.5,141.5,109.5,141.5
109.81,95.798,133.76,95.798,133.76,141.72,109.81,141.72
110.2,95.993,134.25,95.993,134.25,142.1,110.2,142.1
112.13,97.293,136.44,97.293,136.44,143.9,112.13,143.9
112.75,97.593,137.14,97.593,137.14,144.35,112.75,144.35
114.18,98.269,139.06,98.269,139.06,145.97,114.18,145.97
114.74,99.227,139.49,99.227,139.49,146.67,114.74,146.67
116.25,99.914,141.74,99.914,141.74,148.79,116.25,148.79
116.72,100.58,142.38,100.58,142.38,149.77,116.72,149.77
117.01,100.87,142.54,100.87,142.54,149.79,117.01,149.79
117.8,101.7,143.49,101.7,143.49,150.95,117.8,150.95
117.82,101.65,143.67,101.65,143.67,151.18,117.82,151.18
119.36,103.17,145.52,103.17,145.52,153.31,119.36,153.31
119.67,103.64,145.71,103.64,145.71,153.54,119.67,153.54
119.82,103.69,145.69,103.69,145.69,153.28,119.82,153.28
120.96,104.55,147.22,104.55,147.22,154.87,120.96,154.87
121.4,104.96,147.65,104.96,147.65,155.27,121.4,155.27
122.63,105.95,148.67,105.95,148.67,155.86,122.63,155.86
124.41,107.17,150.5,107.17,150.5,157.17,124.41,157.17
126.66,108.62,152.89,108.62,152.89,158.9,126.66,158.9
128.42,109.53,154.89,109.53,154.89,160.26,128.42,160.26
128.89,109.89,155.57,109.89,155.57,161.04,128.89,161.04
129.62,110.05,156.53,110.05,156.53,161.63,129.62,161.63
131,110.83,158.1,110.83,158.1,162.77,131,162.77
132.25,111.55,159.49,111.55,159.49,163.76,132.25,163.76
132.47,111.77,159.9,111.77,159.9,164.36,132.47,164.36
133.93,112.67,161.67,112.67,161.67,165.84,133.93,165.84
135.42,113.56,163.48,113.56,163.48,167.33,135.42,167.33
136.64,114.59,165.17,114.59,165.17,169.26,136.64,169.26
137.49,115.41,166.09,115.41,166.09,170.24,137.49,170.24
138.03,115.94,166.84,115.94,166.84,171.15,138.03,171.15
138.88,116.99,167.88,116.99,167.88,172.56,138.88,172.56
139.34,117.88,168.58,117.88,168.58,173.92,139.34,173.92
139.91,118.48,169.32,118.48,169.32,174.86,139.91,174.86
140.96,119.82,170.72,119.82,170.72,176.87,140.96,176.87
141.43,120.18,171.6,120.18,171.6,178.02,141.43,178.02
141.65,120.57,171.98,120.57,171.98,178.71,141.65,178.71
141.87,121.16,172.3,121.16,172.3,179.49,141.87,179.49
142.6,122.76,173.23,122.76,173.23,181.47,142.6,181.47
142.93,123.45,173.23,123.45,173.23,181.53,142.93,181.53
143.82,124.77,174.37,124.77,174.37,183.34,143.82,183.34
143.68,125.92,174.28,125.92,174.28,184.56,143.68,184.56
143.73,127.4,174.39,127.4,174.39,186.16,143.73,186.16
144.1,128.52,175.09,128.52,175.09,187.91,144.1,187.91
143.79,129.32,175.08,129.32,175.08,189.3,143.79,189.3
143.64,130.04,175.35,130.04,175.35,190.82,143.64,190.82
144.04,131.18,175.87,131.18,175.87,192.2,144.04,192.2
144.03,131.94,176.02,131.94,176.02,193.24,144.03,193.24
143.41,132.24,175.51,132.24,175.51,193.77,143.41,193.77
143.74,134.14,175.94,134.14,175.94,195.85,143.74,195.85
143.42,134.76,176.03,134.76,176.03,197.27,143.42,197.27
142.81,134.81,175.59,134.81,175.59,197.64,142.81,197.64
142.93,136.78,175.86,136.78,175.86,199.89,142.93,199.89
141.67,138.26,174.77,138.26,174.77,201.7,141.67,201.7
141.6,140.03,175.09,140.03,175.09,204.23,141.6,204.23
140.83,141.5,174.55,141.5,174.55,206.14,140.83,206.14
139.25,143.76,173.3,143.76,173.3,209.01,139.25,209.01
136.96,145.68,171.29,145.68,171.29,211.49,136.96,211.49
134.71,146.87,169.23,146.87,169.23,213.05,134.71,213.05
132.16,149.35,166.99,149.35,166.99,216.12,132.16,216.12
130.74,150.06,165.88,150.06,165.88,217.41,130.74,217.41
127.73,150.99,163.44,150.99,163.44,219.43,127.73,219.43
126.35,152.3,162.25,152.3,162.25,221.12,126.35,221.12
120.98,154.56,157.25,154.56,157.25,224.07,120.98,224.07
116.13,156.96,152.67,156.96,152.67,227.01,116.13,227.01
112.55,157.93,149.37,157.93,149.37,228.49,112.55,228.49
110.51,159.43,147.46,159.43,147.46,230.24,110.51,230.24
105.02,161.65,142.29,161.65,142.29,233.08,105.02,233.08
101.92,162.96,139.38,162.96,139.38,234.77,101.92,234.77
99.918,164.22,137.62,164.22,137.62,236.48,99.918,236.48
96.412,166.12,134.41,166.12,134.41,238.95,96.412,238.95
92.513,167.69,130.81,167.69,130.81,241.09,92.513,241.09
88.728,169.86,127.32,169.86,127.32,243.84,88.728,243.84
84.708,171.73,123.6,171.73,123.6,246.27,84.708,246.27
77.835,175.57,117.16,175.57,117.16,250.94,77.835,250.94
74.193,177.75,114.01,177.75,114.01,254.07,74.193,254.07
70.81,180.5,110.92,180.5,110.92,257.38,70.81,257.38
67.173,181.87,107.76,181.87,107.76,259.66,67.173,259.66
64.128,182.87,105,182.87,105,261.2,64.128,261.2
58.575,186.72,99.784,186.72,99.784,265.7,58.575,265.7
52.203,190.13,93.819,190.13,93.819,269.89,52.203,269.89
41.624,194.87,83.874,194.87,83.874,275.85,41.624,275.85
33.264,199.13,75.811,199.13,75.811,280.68,33.264,280.68
27.448,201.98,70.454,201.98,70.454,284.4,27.448,284.4
