244,232,264,232,264,277,244,277
243.68,233.06,263.57,233.06,263.57,277.8,243.68,277.8
243.96,233.5,263.62,233.5,263.62,277.75,243.96,277.75
243.89,233.96,263.37,233.96,263.37,277.79,243.89,277.79
243.78,233.78,263.49,233.78,263.49,278.13,243.78,278.13
243.38,233.55,263.09,233.55,263.09,277.9,243.38,277.9
243.47,233.36,263.33,233.36,263.33,278.05,243.47,278.05
243.43,233.25,263.28,233.25,263.28,277.92,243.43,277.92
243.4,233.53,263.19,233.53,263.19,278.06,243.4,278.06
243.6,233.83,263.46,233.83,263.46,278.51,243.6,278.51
243.6,233.82,263.24,233.82,263.24,278,243.6,278
243.68,233.67,263.25,233.67,263.25,277.71,243.68,277.71
243.75,233.79,263.19,233.79,263.19,277.53,243.75,277.53
243.73,233.8,263.49,233.8,263.49,278.26,243.73,278.26
243.84,234.51,263.49,234.51,263.49,278.73,243.84,278.73
243.55,234.69,263.12,234.69,263.12,278.73,243.55,278.73
243.72,234.64,263.33,234.64,263.33,278.75,243.72,278.75
243.3,234.17,263.04,234.17,263.04,278.6,243.3,278.6
243.72,233.96,263.6,233.96,263.6,278.69,243.72,278.69
243.58,233.61,263.56,233.61,263.56,278.55,243.58,278.55
243.43,234.03,263.42,234.03,263.42,279,243.43,279
243.72,234.62,263.61,234.62,263.61,279.36,243.72,279.36
243.9,234.8,263.78,234.8,263.78,279.52,243.9,279.52
243.72,234.74,263.7,234.74,263.7,279.69,243.72,279.69
243.46,234.82,263.52,234.82,263.52,279.95,243.46,279.95
243.53,234.84,263.73,234.84,263.73,280.29,243.53,280.29
243.48,234.38,263.8,234.38,263.8,280.09,243.48,280.09
243.29,234.26,263.72,234.26,263.72,280.24,243.29,280.24
243.32,234.16,263.7,234.16,263.7,280.01,243.32,280.01
243.6,234.56,263.84,234.56,263.84,280.1,243.6,280.1
243.05,233.83,263.17,233.83,263.17,279.1,243.05,279.1
243.32,234.1,263.36,234.1,263.36,279.2,243.32,279.2
243.24,234.36,263.2,234.36,263.2,279.28,243.24,279.28
243.32,234.9,263.29,234.9,263.29,279.83,243.32,279.83
243.56,235.39,263.49,235.39,263.49,280.24,243.56,280.24
243.6,235.54,263.43,235.54,263.43,280.16,243.6,280.16
244.02,235.71,263.96,235.71,263.96,280.55,244.02,280.55
243.9,234.98,263.83,234.98,263.83,279.81,243.9,279.81
243.89,235,263.85,235,263.85,279.9,243.89,279.9
244.12,235.37,264.09,235.37,264.09,280.31,244.12,280.31
244.26,235.31,264.47,235.31,264.47,280.78,244.26,280.78
244.01,235.19,264.32,235.19,264.32,280.88,244.01,280.88
244.11,235.44,264.51,235.44,264.51,281.34,244.11,281.34
244.49,235.47,264.92,235.47,264.92,281.43,244.49,281.43
244.55,235.67,264.95,235.67,264.95,281.58,244.55,281.58
244.65,236.09,264.85,236.09,264.85,281.54,244.65,281.54
244.25,235.82,264.49,235.82,264.49,281.36,244.25,281.36
244.27,236.1,264.43,236.1,264.43,281.46,244.27,281.46
244.66,236.17,264.79,236.17,264.79,281.47,244.66,281.47
244.5,236.01,264.62,236.01,264.62,281.29,244.5,281.29
244.39,235.65,264.57,235.65,264.57,281.04,244.39,281.04
244.38,235.79,264.63,235.79,264.63,281.34,244.38,281.34
244.05,235.88,264.32,235.88,264.32,281.49,244.05,281.49
244.27,236.28,264.43,236.28,264.43,281.64,244.27,281.64
244.4,236.36,264.69,236.36,264.69,282.03,244.4,282.03
244.46,236.73,264.72,236.73,264.72,282.32,244.46,282.32
244.37,236.58,264.68,236.58,264.68,282.27,244.37,282.27
244.7,237.12,264.96,237.12,264.96,282.72,244.7,282.72
244.78,237.11,265.05,237.11,265.05,282.71,244.78,282.71
244.81,237.11,265.08,237.11,265.08,282.71,244.81,282.71
244.89,236.75,265.25,236.75,265.25,282.56,244.89,282.56
245.3,236.96,265.74,236.96,265.74,282.96,245.3,282.96
245.18,236.57,265.71,236.57,265.71,282.77,245.18,282.77
244.87,236.79,265.28,236.79,265.28,282.72,244.87,282.72
245.3,237.27,265.96,237.27,265.96,283.76,245.3,283.76
245.28,237.89,266.01,237.89,266.01,284.53,245.28,284.53
245.13,238.03,265.9,238.03,265.9,284.76,245.13,284.76
245.07,237.66,265.77,237.66,265.77,284.24,245.07,284.24
245.15,237.56,266.04,237.56,266.04,284.55,245.15,284.55
244.72,237.07,265.52,237.07,265.52,283.88,244.72,283.88
245.13,237.47,265.82,237.47,265.82,284.03,245.13,284.03
245.41,237.85,266.17,237.85,266.17,284.56,245.41,284.56
245.25,237.59,265.94,237.59,265.94,284.15,245.25,284.15
245.39,237.76,266.23,237.76,266.23,284.66,245.39,284.66
244.81,237.53,265.56,237.53,265.56,284.23,244.81,284.23
245.06,238.05,265.86,238.05,265.86,284.87,245.06,284.87
245.05,238.59,265.82,238.59,265.82,285.32,245.05,285.32
245.24,238.75,266.1,238.75,266.1,285.69,245.24,285.69
245.1,238.79,265.93,238.79,265.93,285.66,245.1,285.66
245.26,238.74,266.16,238.74,266.16,285.75,245.26,285.75
245.23,238.43,266.12,238.43,266.12,285.45,245.23,285.45
245.21,238.23,266.11,238.23,266.11,285.26,245.21,285.26
245.32,238.33,266.14,238.33,266.14,285.19,245.32,285.19
245.37,238.53,266.27,238.53,266.27,285.54,245.37,285.54
245.39,238.89,266.32,238.89,266.32,285.98,245.39,285.98
245.49,239.11,266.76,239.11,266.76,286.97,245.49,286.97
245.44,239.18,266.84,239.18,266.84,287.34,245.44,287.34
245.32,238.9,266.76,238.9,266.76,287.16,245.32,287.16
245.14,239.21,266.27,239.21,266.27,286.74,245.14,286.74
245.35,239.78,266.3,239.78,266.3,286.91,245.35,286.91
245.6,240.04,266.62,240.04,266.62,287.34,245.6,287.34
245.74,240.22,266.88,240.22,266.88,287.78,245.74,287.78
245.36,239.92,266.34,239.92,266.34,287.13,245.36,287.13
245.57,239.38,266.88,239.38,266.88,287.33,245.57,287.33
245.29,239.12,266.84,239.12,266.84,287.6,245.29,287.6
244.94,238.99,266.31,238.99,266.31,287.08,244.94,287.08
245.4,239.94,266.76,239.94,266.76,288,245.4,288
245.61,240.69,266.99,240.69,266.99,288.79,245.61,288.79
245.63,240.66,267,240.66,267,288.75,245.63,288.75
245.45,240.48,266.87,240.48,266.87,288.7,245.45,288.7
245.14,240.33,266.39,240.33,266.39,288.13,245.14,288.13
245.62,240.38,267,240.38,267,288.47,245.62,288.47
246.11,240.78,267.46,240.78,267.46,288.81,246.11,288.81
246.23,240.87,267.7,240.87,267.7,289.17,246.23,289.17
245.67,240.41,267.07,240.41,267.07,288.56,245.67,288.56
246.09,240.45,267.44,240.45,267.44,288.5,246.09,288.5
246.29,240.81,267.63,240.81,267.63,288.83,246.29,288.83
246.18,240.74,267.49,240.74,267.49,288.7,246.18,288.7
246.25,241.32,267.67,241.32,267.67,289.52,246.25,289.52
245.96,241.48,267.3,241.48,267.3,289.48,245.96,289.48
246.23,242.19,267.56,242.19,267.56,290.17,246.23,290.17
246.27,242.35,267.6,242.35,267.6,290.34,246.27,290.34
245.98,241.64,267.36,241.64,267.36,289.76,245.98,289.76
245.81,241.61,267.23,241.61,267.23,289.79,245.81,289.79
245.49,241.19,266.98,241.19,266.98,289.53,245.49,289.53
245.15,241.05,266.38,241.05,266.38,288.81,245.15,288.81
245.36,241.76,266.51,241.76,266.51,289.35,245.36,289.35
245.2,241.63,266.38,241.63,266.38,289.28,245.2,289.28
245.17,241.76,266.32,241.76,266.32,289.35,245.17,289.35
245.23,242.28,266.3,242.28,266.3,289.69,245.23,289.69
245.54,242.35,266.94,242.35,266.94,290.49,245.54,290.49
245.58,242.77,267.03,242.77,267.03,291.05,245.58,291.05
245.26,242.8,266.53,242.8,266.53,290.67,245.26,290.67
245.62,242.9,266.99,242.9,266.99,290.99,245.62,290.99
245.89,242.84,267.46,242.84,267.46,291.37,245.89,291.37
245.7,242.49,267.34,242.49,267.34,291.18,245.7,291.18
246.15,242.59,267.74,242.59,267.74,291.17,246.15,291.17
246.07,242.61,267.76,242.61,267.76,291.41,246.07,291.41
246.04,242.51,267.97,242.51,267.97,291.85,246.04,291.85
246.05,242.84,268.13,242.84,268.13,292.51,246.05,292.51
245.73,242.81,267.71,242.81,267.71,292.26,245.73,292.26
246.14,243.14,268.2,243.14,268.2,292.77,246.14,292.77
245.6,242.95,267.44,242.95,267.44,292.08,245.6,292.08
245.57,243.28,267.29,243.28,267.29,292.15,245.57,292.15
245.51,243.59,267.3,243.59,267.3,292.61,245.51,292.61
245.2,243.5,267.1,243.5,267.1,292.77,245.2,292.77
245.61,243.87,267.56,243.87,267.56,293.26,245.61,293.26
245.22,243.56,267.19,243.56,267.19,293,245.22,293
245.05,243.26,267.2,243.26,267.2,293.1,245.05,293.1
244.54,243.15,266.74,243.15,266.74,293.09,244.54,293.09
245.07,243.81,267.29,243.81,267.29,293.8,245.07,293.8
245.09,244.02,267.46,244.02,267.46,294.34,245.09,294.34
244.77,244.24,266.95,244.24,266.95,294.14,244.77,294.14
244.75,244.15,266.85,244.15,266.85,293.89,244.75,293.89
244.8,244.26,266.82,244.26,266.82,293.79,244.8,293.79
245.21,244.86,267.31,244.86,267.31,294.57,245.21,294.57
244.87,244.47,266.95,244.47,266.95,294.15,244.87,294.15
244.95,244.56,267.09,244.56,267.09,294.36,244.95,294.36
244.9,244.51,267,244.51,267,294.23,244.9,294.23
244.73,244.43,266.86,244.43,266.86,294.21,244.73,294.21
244.61,244.24,266.76,244.24,266.76,294.09,244.61,294.09
244.43,244.26,266.73,244.26,266.73,294.43,244.43,294.43
244.88,244.9,267.33,244.9,267.33,295.41,244.88,295.41
244.31,244.88,266.65,244.88,266.65,295.13,244.31,295.13
244.33,245.56,266.57,245.56,266.57,295.59,244.33,295.59
244.17,245.99,266.49,245.99,266.49,296.21,244.17,296.21
243.98,245.85,266.4,245.85,266.4,296.3,243.98,296.3
242.97,245.07,265.42,245.07,265.42,295.59,242.97,295.59
242.74,245.06,265.16,245.06,265.16,295.51,242.74,295.51
242.54,245.13,264.97,245.13,264.97,295.6,242.54,295.6
242.36,245.26,264.76,245.26,264.76,295.64,242.36,295.64
242.18,245.49,264.55,245.49,264.55,295.83,242.18,295.83
242.16,245.49,264.55,245.49,264.55,295.88,242.16,295.88
241.85,245.74,264.24,245.74,264.24,296.11,241.85,296.11
241.85,245.73,264.23,245.73,264.23,296.09,241.85,296.09
241.98,245.77,264.42,245.77,264.42,296.27,241.98,296.27
241.9,246.26,264.34,246.26,264.34,296.75,241.9,296.75
241.84,246.39,264.21,246.39,264.21,296.71,241.84,296.71
241.88,246.69,264.17,246.69,264.17,296.84,241.88,296.84
242.35,247.13,264.76,247.13,264.76,297.54,242.35,297.54
241.89,246.89,264.11,246.89,264.11,296.89,241.89,296.89
242.33,247.13,264.71,247.13,264.71,297.51,242.33,297.51
241.82,246.73,264.22,246.73,264.22,297.13,241.82,297.13
241.9,246.89,264.19,246.89,264.19,297.06,241.9,297.06
242.33,247.51,264.66,247.51,264.66,297.75,242.33,297.75
242.1,247.54,264.49,247.54,264.49,297.91,242.1,297.91
241.73,247.53,264,247.53,264,297.63,241.73,297.63
242.01,247.97,264.36,247.97,264.36,298.25,242.01,298.25
241.8,248.35,264.15,248.35,264.15,298.64,241.8,298.64
241.65,248.53,264.06,248.53,264.06,298.94,241.65,298.94
241.04,247.87,263.54,247.87,263.54,298.5,241.04,298.5
240.93,247.74,263.59,247.74,263.59,298.74,240.93,298.74
240.77,247.58,263.69,247.58,263.69,299.16,240.77,299.16
240.89,247.7,264.01,247.7,264.01,299.71,240.89,299.71
240.46,247.75,263.3,247.75,263.3,299.15,240.46,299.15
240.8,247.91,263.87,247.91,263.87,299.82,240.8,299.82
240.48,248.06,263.4,248.06,263.4,299.62,240.48,299.62
240.75,248.44,263.97,248.44,263.97,300.68,240.75,300.68
240.78,248.54,263.99,248.54,263.99,300.78,240.78,300.78
240.68,248.82,263.92,248.82,263.92,301.1,240.68,301.1
240.65,248.71,264.04,248.71,264.04,301.32,240.65,301.32
240.48,248.73,263.74,248.73,263.74,301.06,240.48,301.06
241.18,249.24,264.54,249.24,264.54,301.8,241.18,301.8
240.57,248.55,264.14,248.55,264.14,301.58,240.57,301.58
240.85,248.7,264.68,248.7,264.68,302.3,240.85,302.3
240.56,248.15,264.66,248.15,264.66,302.38,240.56,302.38
240.25,248.1,264.29,248.1,264.29,302.19,240.25,302.19
240.24,248.68,264.13,248.68,264.13,302.44,240.24,302.44
240.15,248.92,264.28,248.92,264.28,303.22,240.15,303.22
240.16,249.45,264.33,249.45,264.33,303.83,240.16,303.83
239.89,249.66,264.14,249.66,264.14,304.23,239.89,304.23
239.46,249.41,263.73,249.41,263.73,304,239.46,304
239.27,248.96,263.62,248.96,263.62,303.74,239.27,303.74
238.85,248.83,262.97,248.83,262.97,303.1,238.85,303.1
238.89,249.28,263.13,249.28,263.13,303.83,238.89,303.83
238.69,249.29,262.86,249.29,262.86,303.67,238.69,303.67
238.58,249.47,262.77,249.47,262.77,303.88,238.58,303.88
238.5,249.69,262.73,249.69,262.73,304.21,238.5,304.21
238.31,249.69,262.54,249.69,262.54,304.18,238.31,304.18
238.13,250.01,262.37,250.01,262.37,304.55,238.13,304.55
238.19,250.28,262.46,250.28,262.46,304.89,238.19,304.89
238.19,250.73,262.4,250.73,262.4,305.22,238.19,305.22
238.18,250.72,262.53,250.72,262.53,305.49,238.18,305.49
237.88,250.4,262.26,250.4,262.26,305.26,237.88,305.26
238.15,250.52,262.55,250.52,262.55,305.41,238.15,305.41
238.17,250.31,262.59,250.31,262.59,305.24,238.17,305.24
238.08,250.35,262.66,250.35,262.66,305.65,238.08,305.65
238.23,250.71,262.98,250.71,262.98,306.4,238.23,306.4
237.92,250.61,262.71,250.61,262.71,306.39,237.92,306.39
238.11,251.33,262.9,251.33,262.9,307.1,238.11,307.1
237.93,251.62,262.67,251.62,262.67,307.29,237.93,307.29
237.26,251.54,261.98,251.54,261.98,307.16,237.26,307.16
237.12,251.67,261.77,251.67,261.77,307.14,237.12,307.14
236.57,251.48,261.21,251.48,261.21,306.92,236.57,306.92
236.64,251.46,261.22,251.46,261.22,306.77,236.64,306.77
236.55,251.58,261.16,251.58,261.16,306.94,236.55,306.94
236.11,251.25,260.67,251.25,260.67,306.51,236.11,306.51
236.44,251.3,261.01,251.3,261.01,306.59,236.44,306.59
236.63,251.58,261.33,251.58,261.33,307.17,236.63,307.17
236.18,251.57,260.93,251.57,260.93,307.24,236.18,307.24
236.5,252.21,261.18,252.21,261.18,307.72,236.5,307.72
236.46,252.32,261.15,252.32,261.15,307.87,236.46,307.87
236.67,252.53,261.32,252.53,261.32,308.01,236.67,308.01
236.85,252.45,261.61,252.45,261.61,308.17,236.85,308.17
237.33,252.72,262.18,252.72,262.18,308.63,237.33,308.63
237.39,252.64,262.27,252.64,262.27,308.61,237.39,308.61
237.55,252.4,262.48,252.4,262.48,308.49,237.55,308.49
237.39,252.19,262.09,252.19,262.09,307.76,237.39,307.76
237.48,252.28,262.23,252.28,262.23,307.96,237.48,307.96
237.37,252.37,262.11,252.37,262.11,308.03,237.37,308.03
237.3,252.66,262.04,252.66,262.04,308.32,237.3,308.32
237.17,253.09,262,253.09,262,308.96,237.17,308.96
237.19,253.6,262.08,253.6,262.08,309.62,237.19,309.62
236.89,253.84,261.82,253.84,261.82,309.95,236.89,309.95
236.3,253.18,261.24,253.18,261.24,309.29,236.3,309.29
236.13,253.02,261.18,253.02,261.18,309.4,236.13,309.4
236.21,253.33,261.19,253.33,261.19,309.53,236.21,309.53
236.22,253.45,261.09,253.45,261.09,309.42,236.22,309.42
235.9,253.36,260.9,253.36,260.9,309.59,235.9,309.59
235.61,253.12,260.62,253.12,260.62,309.4,235.61,309.4
235.49,253.6,260.37,253.6,260.37,309.57,235.49,309.57
235.41,253.88,260.33,253.88,260.33,309.95,235.41,309.95
235.47,254.34,260.52,254.34,260.52,310.69,235.47,310.69
235.47,254.84,260.59,254.84,260.59,311.35,235.47,311.35
235.74,255.27,260.86,255.27,260.86,311.78,235.74,311.78
235.81,255.36,260.89,255.36,260.89,311.79,235.81,311.79
236.1,255.28,261.14,255.28,261.14,311.62,236.1,311.62
236.07,255.12,261.09,255.12,261.09,311.43,236.07,311.43
236,255.14,261.02,255.14,261.02,311.42,236,311.42
235.95,255.06,261.03,255.06,261.03,311.5,235.95,311.5
236.27,255.47,261.41,255.47,261.41,312.04,236.27,312.04
235.98,255.53,261.31,255.53,261.31,312.51,235.98,312.51
235.65,255.56,261.06,255.56,261.06,312.72,235.65,312.72
235.79,256.13,261.25,256.13,261.25,313.41,235.79,313.41
235.34,256.27,260.94,256.27,260.94,313.87,235.34,313.87
234.96,256.45,260.62,256.45,260.62,314.18,234.96,314.18
234.66,256.29,260.46,256.29,260.46,314.35,234.66,314.35
234.54,256.11,260.48,256.11,260.48,314.47,234.54,314.47
234.04,255.83,259.98,255.83,259.98,314.2,234.04,314.2
233.7,255.86,259.43,255.86,259.43,313.75,233.7,313.75
233.77,255.99,259.51,255.99,259.51,313.9,233.77,313.9
233.13,255.99,259.03,255.99,259.03,314.24,233.13,314.24
232.98,256.22,258.77,256.22,258.77,314.25,232.98,314.25
233.14,257.24,258.78,257.24,258.78,314.94,233.14,314.94
232.96,257.5,258.49,257.5,258.49,314.93,232.96,314.93
232.65,257.84,258.04,257.84,258.04,314.97,232.65,314.97
232.71,258.08,258.02,258.08,258.02,315.03,232.71,315.03
232.78,258.33,258.04,258.33,258.04,315.17,232.78,315.17
232.56,258.32,257.73,258.32,257.73,314.94,232.56,314.94
232.67,258.71,257.94,258.71,257.94,315.56,232.67,315.56
232.19,258.42,257.41,258.42,257.41,315.16,232.19,315.16
232.38,258.38,257.7,258.38,257.7,315.36,232.38,315.36
231.92,258.27,257.24,258.27,257.24,315.26,231.92,315.26
231.58,258.25,257.05,258.25,257.05,315.55,231.58,315.55
231.17,258.6,256.9,258.6,256.9,316.49,231.17,316.49
231.04,259.05,256.8,259.05,256.8,317.01,231.04,317.01
230.89,259.72,256.62,259.72,256.62,317.62,230.89,317.62
230.49,259.77,256.28,259.77,256.28,317.79,230.49,317.79
229.99,259.53,255.78,259.53,255.78,317.55,229.99,317.55
229.34,259.35,255.21,259.35,255.21,317.54,229.34,317.54
228.84,259.07,254.76,259.07,254.76,317.39,228.84,317.39
228.56,259.29,254.33,259.29,254.33,317.28,228.56,317.28
228.38,259.62,254.16,259.62,254.16,317.64,228.38,317.64
228.28,259.75,254.05,259.75,254.05,317.74,228.28,317.74
228,260.07,253.67,260.07,253.67,317.82,228,317.82
227.68,260.14,253.37,260.14,253.37,317.94,227.68,317.94
227.66,260.54,253.31,260.54,253.31,318.26,227.66,318.26
227.52,260.88,253.1,260.88,253.1,318.42,227.52,318.42
227.34,261.18,252.84,261.18,252.84,318.56,227.34,318.56
227.35,261.29,252.94,261.29,252.94,318.86,227.35,318.86
227.05,261.48,252.38,261.48,252.38,318.47,227.05,318.47
226.87,261.5,252.25,261.5,252.25,318.6,226.87,318.6
226.53,261.33,251.82,261.33,251.82,318.24,226.53,318.24
226.16,261.73,251.45,261.73,251.45,318.64,226.16,318.64
226.02,261.92,251.33,261.92,251.33,318.87,226.02,318.87
225.56,262.17,250.88,262.17,250.88,319.13,225.56,319.13
225.26,262.54,250.64,262.54,250.64,319.65,225.26,319.65
224.64,262.65,250.06,262.65,250.06,319.85,224.64,319.85
224.46,262.99,249.93,262.99,249.93,320.29,224.46,320.29
223.8,263.13,249.29,263.13,249.29,320.48,223.8,320.48
223.56,263.01,249.21,263.01,249.21,320.73,223.56,320.73
223.08,262.68,248.81,262.68,248.81,320.57,223.08,320.57
222.82,262.77,248.65,262.77,248.65,320.89,222.82,320.89
222.14,262.29,248.13,262.29,248.13,320.77,222.14,320.77
221.66,262.48,247.54,262.48,247.54,320.71,221.66,320.71
221.6,262.78,247.49,262.78,247.49,321.04,221.6,321.04
221.28,262.89,247.25,262.89,247.25,321.33,221.28,321.33
221.2,263.36,247.05,263.36,247.05,321.54,221.2,321.54
220.96,263.95,246.75,263.95,246.75,321.97,220.96,321.97
221.01,263.98,246.76,263.98,246.76,321.91,221.01,321.91
220.97,263.97,246.77,263.97,246.77,322.01,220.97,322.01
220.46,263.68,246.52,263.68,246.52,322.33,220.46,322.33
220.13,263.92,246.25,263.92,246.25,322.69,220.13,322.69
219.88,263.67,246.14,263.67,246.14,322.75,219.88,322.75
219.33,263.7,245.57,263.7,245.57,322.73,219.33,322.73
219.26,263.88,245.47,263.88,245.47,322.85,219.26,322.85
219.16,264.32,245.55,264.32,245.55,323.69,219.16,323.69
219.04,264.55,245.55,264.55,245.55,324.2,219.04,324.2
218.78,265.05,245.43,265.05,245.43,325.02,218.78,325.02
218.17,265.17,244.65,265.17,244.65,324.74,218.17,324.74
217.62,265.65,244.08,265.65,244.08,325.19,217.62,325.19
217.32,265.42,243.89,265.42,243.89,325.21,217.32,325.21
216.87,264.99,243.6,264.99,243.6,325.14,216.87,325.14
216.64,265,243.56,265,243.56,325.57,216.64,325.57
216.25,264.83,243.16,264.83,243.16,325.38,216.25,325.38
216.03,264.94,242.99,264.94,242.99,325.59,216.03,325.59
215.86,265.16,242.72,265.16,242.72,325.58,215.86,325.58
215.69,265.11,242.55,265.11,242.55,325.54,215.69,325.54
215.58,265.86,242.28,265.86,242.28,325.94,215.58,325.94
215.71,266.05,242.57,266.05,242.57,326.5,215.71,326.5
215.59,265.96,242.53,265.96,242.53,326.56,215.59,326.56
215.54,266.17,242.47,266.17,242.47,326.77,215.54,326.77
215.43,266.83,242.43,266.83,242.43,327.58,215.43,327.58
215.39,267.04,242.34,267.04,242.34,327.68,215.39,327.68
215.28,267.14,242.25,267.14,242.25,327.83,215.28,327.83
214.94,266.89,241.96,266.89,241.96,327.68,214.94,327.68
214.97,267.01,242.04,267.01,242.04,327.93,214.97,327.93
214.68,267.02,241.85,267.02,241.85,328.16,214.68,328.16
214.19,267.37,241.46,267.37,241.46,328.72,214.19,328.72
213.71,267.51,241.05,267.51,241.05,329.02,213.71,329.02
213.9,268.22,241.16,268.22,241.16,329.58,213.9,329.58
213.09,268.04,240.37,268.04,240.37,329.42,213.09,329.42
212.81,268.24,240.2,268.24,240.2,329.87,212.81,329.87
212.85,268.37,240.32,268.37,240.32,330.2,212.85,330.2
212.95,268.53,240.51,268.53,240.51,330.55,212.95,330.55
212.45,268.26,240.12,268.26,240.12,330.52,212.45,330.52
212.28,268.16,240.1,268.16,240.1,330.76,212.28,330.76
211.84,268.1,239.63,268.1,239.63,330.65,211.84,330.65
212.1,268.51,239.85,268.51,239.85,330.94,212.1,330.94
211.71,268.79,239.57,268.79,239.57,331.46,211.71,331.46
211.35,268.9,239.2,268.9,239.2,331.57,211.35,331.57
211.23,269.42,239.11,269.42,239.11,332.15,211.23,332.15
211.19,269.63,239.13,269.63,239.13,332.5,211.19,332.5
211.02,270.03,238.79,270.03,238.79,332.51,211.02,332.51
211.38,270.59,239.4,270.59,239.4,333.64,211.38,333.64
211.05,270.42,239.19,270.42,239.19,333.73,211.05,333.73
210.49,270.43,238.73,270.43,238.73,333.95,210.49,333.95
210.03,270.12,238.27,270.12,238.27,333.66,210.03,333.66
209.68,270.21,237.91,270.21,237.91,333.74,209.68,333.74
209.41,270.31,237.73,270.31,237.73,334.02,209.41,334.02
209.53,270.86,237.93,270.86,237.93,334.76,209.53,334.76
209.32,271.17,237.81,271.17,237.81,335.26,209.32,335.26
208.44,271.61,236.82,271.61,236.82,335.46,208.44,335.46
208.57,272.16,236.95,272.16,236.95,336.02,208.57,336.02
208.13,272.33,236.6,272.33,236.6,336.37,208.13,336.37
207.57,271.98,236.13,271.98,236.13,336.24,207.57,336.24
207.04,271.64,235.52,271.64,235.52,335.71,207.04,335.71
207.1,271.98,235.47,271.98,235.47,335.82,207.1,335.82
206.9,272.22,235.37,272.22,235.37,336.29,206.9,336.29
206.12,272.17,234.58,272.17,234.58,336.21,206.12,336.21
205.92,272.44,234.48,272.44,234.48,336.72,205.92,336.72
205.33,272.81,233.76,272.81,233.76,336.78,205.33,336.78
205.52,273.88,233.92,273.88,233.92,337.77,205.52,337.77
204.97,274.19,233.53,274.19,233.53,338.44,204.97,338.44
204.33,274.1,232.86,274.1,232.86,338.28,204.33,338.28
204.44,274.12,233.03,274.12,233.03,338.44,204.44,338.44
204.37,274.19,233.09,274.19,233.09,338.83,204.37,338.83
204.55,274.48,233.43,274.48,233.43,339.47,204.55,339.47
203.51,273.77,232.47,273.77,232.47,338.92,203.51,338.92
203.56,273.73,232.73,273.73,232.73,339.36,203.56,339.36
202.71,273.46,231.95,273.46,231.95,339.26,202.71,339.26
202.53,274.41,231.77,274.41,231.77,340.19,202.53,340.19
202.46,274.98,231.49,274.98,231.49,340.29,202.46,340.29
202.43,275.66,231.49,275.66,231.49,341.05,202.43,341.05
201.97,276.08,231.02,276.08,231.02,341.44,201.97,341.44
201.52,276.08,230.71,276.08,230.71,341.74,201.52,341.74
200.86,275.49,230.02,275.49,230.02,341.1,200.86,341.1
200.49,275.33,229.73,275.33,229.73,341.12,200.49,341.12
200.17,275.65,229.25,275.65,229.25,341.09,200.17,341.09
200.27,275.9,229.44,275.9,229.44,341.55,200.27,341.55
199.45,275.81,228.47,275.81,228.47,341.1,199.45,341.1
199.4,276.1,228.76,276.1,228.76,342.16,199.4,342.16
199.1,276.59,228.5,276.59,228.5,342.73,199.1,342.73
198.99,277.42,228.56,277.42,228.56,343.95,198.99,343.95
198.59,277.62,228.49,277.62,228.49,344.89,198.59,344.89
198.26,277.16,228.5,277.16,228.5,345.21,198.26,345.21
198.13,276.8,228.57,276.8,228.57,345.29,198.13,345.29
197.38,276.52,227.77,276.52,227.77,344.9,197.38,344.9
197.44,276.65,227.83,276.65,227.83,345,197.44,345
197.1,276.64,227.48,276.64,227.48,345,197.1,345
196.62,276.95,226.88,276.95,226.88,345.05,196.62,345.05
196.94,277.32,227.45,277.32,227.45,345.96,196.94,345.96
196.08,277.29,226.64,277.29,226.64,346.04,196.08,346.04
196.2,278.05,226.91,278.05,226.91,347.15,196.2,347.15
195.26,278.19,225.78,278.19,225.78,346.86,195.26,346.86
195.04,278.5,225.5,278.5,225.5,347.03,195.04,347.03
194.38,278.31,224.75,278.31,224.75,346.65,194.38,346.65
193.86,278.1,224.3,278.1,224.3,346.6,193.86,346.6
193.47,278.04,223.89,278.04,223.89,346.5,193.47,346.5
192.88,278.04,223.34,278.04,223.34,346.56,192.88,346.56
192.68,278.28,222.96,278.28,222.96,346.4,192.68,346.4
192.76,279.06,223.27,279.06,223.27,347.71,192.76,347.71
192.16,279.39,222.65,279.39,222.65,347.99,192.16,347.99
191.79,279.82,222.11,279.82,222.11,348.05,191.79,348.05
191.99,280.76,222.35,280.76,222.35,349.07,191.99,349.07
191.85,280.67,222.32,280.67,222.32,349.24,191.85,349.24
191.38,280.42,221.77,280.42,221.77,348.81,191.38,348.81
191.09,280.24,221.58,280.24,221.58,348.85,191.09,348.85
191.26,280.09,221.82,280.09,221.82,348.84,191.26,348.84
191.36,280.19,221.97,280.19,221.97,349.05,191.36,349.05
191.04,280.38,221.71,280.38,221.71,349.39,191.04,349.39
190.58,280.36,221.44,280.36,221.44,349.78,190.58,349.78
190.14,280.87,220.89,280.87,220.89,350.06,190.14,350.06
189.48,281.11,220.04,281.11,220.04,349.87,189.48,349.87
189.8,281.78,220.44,281.78,220.44,350.73,189.8,350.73
188.86,282.46,219.42,282.46,219.42,351.22,188.86,351.22
188.63,282.97,219.06,282.97,219.06,351.44,188.63,351.44
187.1,282.57,217.42,282.57,217.42,350.78,187.1,350.78
186.87,282.94,217.05,282.94,217.05,350.85,186.87,350.85
185.96,282.54,216.21,282.54,216.21,350.6,185.96,350.6
185.92,283.13,216.32,283.13,216.32,351.53,185.92,351.53
185.07,282.75,215.42,282.75,215.42,351.03,185.07,351.03
184.68,283.02,215.02,283.02,215.02,351.27,184.68,351.27
184.22,283.23,214.69,283.23,214.69,351.79,184.22,351.79
183.04,283.18,213.53,283.18,213.53,351.79,183.04,351.79
182.93,283.43,213.36,283.43,213.36,351.89,182.93,351.89
182.79,283.89,213.15,283.89,213.15,352.22,182.79,352.22
182.79,284.67,213.17,284.67,213.17,353.01,182.79,353.01
182.21,284.52,212.59,284.52,212.59,352.87,182.21,352.87
181.92,284.66,212.34,284.66,212.34,353.09,181.92,353.09
181.93,284.76,212.34,284.76,212.34,353.17,181.93,353.17
181.55,284.69,211.88,284.69,211.88,352.93,181.55,352.93
181.97,284.89,212.66,284.89,212.66,353.95,181.97,353.95
