381.5,375.5,417.5,375.5,417.5,400.5,381.5,400.5
375.16,375.8,411.08,375.8,411.08,400.74,375.16,400.74
366.66,374.49,402.46,374.49,402.46,399.36,366.66,399.36
345.83,371.57,381.43,371.57,381.43,396.29,345.83,396.29
342.9,374.23,378.56,374.23,378.56,398.99,342.9,398.99
335.61,372.99,371.45,372.99,371.45,397.89,335.61,397.89
315.41,370.84,351.44,370.84,351.44,395.86,315.41,395.86
298.2,370.29,334.81,370.29,334.81,395.71,298.2,395.71
289.73,368.63,325.76,368.63,325.76,393.65,289.73,393.65
284.62,369.79,320.94,369.79,320.94,395.01,284.62,395.01
282.05,371.68,318.41,371.68,318.41,396.94,282.05,396.94
279.11,371.26,315.13,371.26,315.13,396.27,279.11,396.27
273.12,369.4,308.98,369.4,308.98,394.3,273.12,394.3
266.71,370.46,302.97,370.46,302.97,395.65,266.71,395.65
263.35,370.56,300.04,370.56,300.04,396.05,263.35,396.05
251.7,370.69,288.63,370.69,288.63,396.33,251.7,396.33
256.74,371.01,293.89,371.01,293.89,396.81,256.74,396.81
245.06,370.01,282.45,370.01,282.45,395.98,245.06,395.98
232.66,368.4,269.3,368.4,269.3,393.84,232.66,393.84
229.33,369.14,264.99,369.14,264.99,393.91,229.33,393.91
221.73,365.47,256.73,365.47,256.73,389.78,221.73,389.78
216.99,367.69,251.81,367.69,251.81,391.86,216.99,391.86
216.39,370.06,251.46,370.06,251.46,394.41,216.39,394.41
204.78,367.42,239.52,367.42,239.52,391.55,204.78,391.55
202.21,369.11,237.25,369.11,237.25,393.44,202.21,393.44
200.16,371.01,234.79,371.01,234.79,395.06,200.16,395.06
193.8,371.75,228.73,371.75,228.73,396,193.8,396
189.8,370.21,225,370.21,225,394.66,189.8,394.66
181.63,369.6,217.1,369.6,217.1,394.23,181.63,394.23
177.01,369.13,212.26,369.13,212.26,393.62,177.01,393.62
176.94,369.67,212.6,369.67,212.6,394.43,176.94,394.43
174.09,367.28,209.65,367.28,209.65,391.97,174.09,391.97
166.19,368.77,201.57,368.77,201.57,393.34,166.19,393.34
160.11,367.37,195.6,367.37,195.6,392.01,160.11,392.01
150.99,363.55,186.88,363.55,186.88,388.48,150.99,388.48
149.81,365.61,185.63,365.61,185.63,390.49,149.81,390.49
141.53,367.68,177.03,367.68,177.03,392.33,141.53,392.33
109.98,363.09,145.58,363.09,145.58,387.81,109.98,387.81
108.39,364.54,143.77,364.54,143.77,389.1,108.39,389.1
113.96,364.15,149.51,364.15,149.51,388.83,113.96,388.83
129.51,358.82,165.51,358.82,165.51,383.82,129.51,383.82
132.78,360.66,168.53,360.66,168.53,385.49,132.78,385.49
158.67,358.12,194.78,358.12,194.78,383.2,158.67,383.2
169.12,359.39,205.45,359.39,205.45,384.62,169.12,384.62
182.04,360.05,219.02,360.05,219.02,385.73,182.04,385.73
196.33,355.43,233.76,355.43,233.76,381.43,196.33,381.43
204.85,356.98,242.15,356.98,242.15,382.88,204.85,382.88
212.03,358.72,249.4,358.72,249.4,384.67,212.03,384.67
211.66,358.96,249,358.96,249,384.89,211.66,384.89
211.5,358.96,248.76,358.96,248.76,384.83,211.5,384.83
213.15,359.95,250,359.95,250,385.55,213.15,385.55
212.35,359.1,249.23,359.1,249.23,384.71,212.35,384.71
212.31,359.22,249.3,359.22,249.3,384.9,212.31,384.9
212.56,359.01,249.63,359.01,249.63,384.75,212.56,384.75
212.03,358.72,249.2,358.72,249.2,384.54,212.03,384.54
211.98,358.83,249.32,358.83,249.32,384.76,211.98,384.76
212.42,359.19,249.72,359.19,249.72,385.09,212.42,385.09
212.39,359.06,249.56,359.06,249.56,384.88,212.39,384.88
211.97,358.92,249.09,358.92,249.09,384.69,211.97,384.69
211.68,358.83,248.8,358.83,248.8,384.61,211.68,384.61
211.99,358.69,249.13,358.69,249.13,384.49,211.99,384.49
211.78,359.12,249.19,359.12,249.19,385.1,211.78,385.1
203.69,359.55,241.44,359.55,241.44,385.77,203.69,385.77
184.59,359.99,222.46,359.99,222.46,386.29,184.59,386.29
165.6,359.87,203.57,359.87,203.57,386.23,165.6,386.23
148.5,360.34,186.42,360.34,186.42,386.68,148.5,386.68
133.78,360.46,171.72,360.46,171.72,386.81,133.78,386.81
111.76,361.12,149.72,361.12,149.72,387.48,111.76,387.48
357.63,347.28,395.71,347.28,395.71,373.72,357.63,373.72
352.74,347.16,390.79,347.16,390.79,373.58,352.74,373.58
345.12,347.03,383.1,347.03,383.1,373.4,345.12,373.4
339.8,348.24,377.99,348.24,377.99,374.76,339.8,374.76
334.95,347.18,373.22,347.18,373.22,373.76,334.95,373.76
331.09,346.39,369.37,346.39,369.37,372.98,331.09,372.98
314.86,347.86,353.24,347.86,353.24,374.51,314.86,374.51
309.17,344.81,347.35,344.81,347.35,371.32,309.17,371.32
295.37,342.27,333.55,342.27,333.55,368.78,295.37,368.78
290.71,345.65,328.79,345.65,328.79,372.09,290.71,372.09
286.56,347.34,324.65,347.34,324.65,373.79,286.56,373.79
277.18,343.87,315.23,343.87,315.23,370.3,277.18,370.3
274.93,345.9,312.89,345.9,312.89,372.26,274.93,372.26
271.21,347.04,309.38,347.04,309.38,373.55,271.21,373.55
272.33,371.38,310.48,371.38,310.48,397.87,272.33,397.87
275.52,370.24,313.59,370.24,313.59,396.68,275.52,396.68
257.03,343.68,295.25,343.68,295.25,370.23,257.03,370.23
241.14,345.04,279.39,345.04,279.39,371.61,241.14,371.61
234.31,343.56,272.51,343.56,272.51,370.09,234.31,370.09
