389,144,406,144,406,192,389,192
389.57,145.88,406.48,145.88,406.48,193.63,389.57,193.63
389.54,145.72,406.57,145.72,406.57,193.81,389.54,193.81
389.64,145.91,406.6,145.91,406.6,193.79,389.64,193.79
389.64,146.17,406.5,146.17,406.5,193.78,389.64,193.78
389.73,146.3,406.56,146.3,406.56,193.82,389.73,193.82
389.69,146.26,406.73,146.26,406.73,194.37,389.69,194.37
389.9,146.25,406.96,146.25,406.96,194.4,389.9,194.4
390.13,146.48,407.3,146.48,407.3,194.96,390.13,194.96
390.4,146.67,407.43,146.67,407.43,194.77,390.4,194.77
390.38,146.9,407.31,146.9,407.31,194.72,390.38,194.72
389.95,146.13,406.86,146.13,406.86,193.87,389.95,193.87
390.3,146.56,407.25,146.56,407.25,194.44,390.3,194.44
390.59,146.69,407.63,146.69,407.63,194.83,390.59,194.83
390.31,146.9,407.4,146.9,407.4,195.15,390.31,195.15
390.28,147.13,407.46,147.13,407.46,195.65,390.28,195.65
389.63,146.58,406.96,146.58,406.96,195.5,389.63,195.5
389.38,146.86,406.67,146.86,406.67,195.68,389.38,195.68
389.27,146.77,406.56,146.77,406.56,195.57,389.27,195.57
389.22,147.23,406.5,147.23,406.5,196.01,389.22,196.01
389.15,147.36,406.4,147.36,406.4,196.05,389.15,196.05
389.12,147.46,406.34,147.46,406.34,196.08,389.12,196.08
388.91,147.37,406.2,147.37,406.2,196.18,388.91,196.18
388.96,147.35,406.28,147.35,406.28,196.26,388.96,196.26
389.12,147.64,406.52,147.64,406.52,196.76,389.12,196.76
389.16,147.59,406.52,147.59,406.52,196.6,389.16,196.6
389.51,147.97,406.88,147.97,406.88,197,389.51,197
389.59,148.51,407.03,148.51,407.03,197.74,389.59,197.74
389.33,148.26,406.81,148.26,406.81,197.6,389.33,197.6
389.28,147.78,406.8,147.78,406.8,197.24,389.28,197.24
388.94,147.66,406.4,147.66,406.4,196.95,388.94,196.95
389.08,148.27,406.53,148.27,406.53,197.52,389.08,197.52
389.23,148.62,406.74,148.62,406.74,198.05,389.23,198.05
388.86,149.09,406.36,149.09,406.36,198.51,388.86,198.51
388.58,149.07,406.05,149.07,406.05,198.4,388.58,198.4
388.21,148.6,405.81,148.6,405.81,198.3,388.21,198.3
388.17,149.46,405.76,149.46,405.76,199.12,388.17,199.12
387.92,149.21,405.54,149.21,405.54,198.98,387.92,198.98
388.08,149.17,405.79,149.17,405.79,199.18,388.08,199.18
388,149.6,405.54,149.6,405.54,199.13,388,199.13
387.74,149.72,405.29,149.72,405.29,199.28,387.74,199.28
387.72,149.88,405.24,149.88,405.24,199.35,387.72,199.35
387.35,149.69,404.9,149.69,404.9,199.24,387.35,199.24
387.39,150.1,405,150.1,405,199.82,387.39,199.82
387.68,150.35,405.38,150.35,405.38,200.33,387.68,200.33
387.77,150.49,405.6,150.49,405.6,200.82,387.77,200.82
387.92,150.86,405.83,150.86,405.83,201.43,387.92,201.43
387.99,150.82,405.98,150.82,405.98,201.61,387.99,201.61
387.83,150.47,405.75,150.47,405.75,201.07,387.83,201.07
388.04,150.5,405.83,150.5,405.83,200.74,388.04,200.74
387.66,150.34,405.31,150.34,405.31,200.18,387.66,200.18
388.1,150.99,405.81,150.99,405.81,201.01,388.1,201.01
388.06,151.6,405.68,151.6,405.68,201.34,388.06,201.34
388.01,152.01,405.58,152.01,405.58,201.63,388.01,201.63
387.91,151.91,405.47,151.91,405.47,201.5,387.91,201.5
387.58,151.91,405.23,151.91,405.23,201.74,387.58,201.74
387.73,152.07,405.4,152.07,405.4,201.99,387.73,201.99
387.53,152.1,405.24,152.1,405.24,202.11,387.53,202.11
387.37,152.19,405.06,152.19,405.06,202.14,387.37,202.14
387.45,152.15,405.13,152.15,405.13,202.07,387.45,202.07
387.52,152.5,405.16,152.5,405.16,202.29,387.52,202.29
387.59,152.75,405.23,152.75,405.23,202.54,387.59,202.54
387.66,153.08,405.23,153.08,405.23,202.71,387.66,202.71
387.77,153.51,405.36,153.51,405.36,203.18,387.77,203.18
388.05,153.68,405.67,153.68,405.67,203.45,388.05,203.45
388.29,154.05,406.01,154.05,406.01,204.09,388.29,204.09
387.82,153.36,405.57,153.36,405.57,203.47,387.82,203.47
387.98,153.34,405.67,153.34,405.67,203.29,387.98,203.29
387.99,153.08,405.7,153.08,405.7,203.08,387.99,203.08
387.69,153.08,405.41,153.08,405.41,203.11,387.69,203.11
387.77,153.87,405.41,153.87,405.41,203.69,387.77,203.69
388.02,154.5,405.7,154.5,405.7,204.42,388.02,204.42
387.53,154.5,405.25,154.5,405.25,204.54,387.53,204.54
387.01,154.5,404.7,154.5,404.7,204.45,387.01,204.45
386.62,154.54,404.35,154.54,404.35,204.59,386.62,204.59
386.2,154.25,403.99,154.25,403.99,204.47,386.2,204.47
386.06,154.2,403.78,154.2,403.78,204.24,386.06,204.24
385.96,154.8,403.72,154.8,403.72,204.94,385.96,204.94
385.98,155.08,403.73,155.08,403.73,205.21,385.98,205.21
385.62,154.92,403.54,154.92,403.54,205.51,385.62,205.51
385.75,155.25,403.78,155.25,403.78,206.16,385.75,206.16
385.3,155.15,403.35,155.15,403.35,206.1,385.3,206.1
384.99,155.51,403.07,155.51,403.07,206.55,384.99,206.55
385.39,156.07,403.34,156.07,403.34,206.76,385.39,206.76
385.71,156.41,403.67,156.41,403.67,207.12,385.71,207.12
385.48,155.97,403.47,155.97,403.47,206.76,385.48,206.76
385.26,155.57,403.35,155.57,403.35,206.63,385.26,206.63
384.96,155.56,402.87,155.56,402.87,206.13,384.96,206.13
385.39,156.19,403.43,156.19,403.43,207.13,385.39,207.13
384.89,156.28,402.91,156.28,402.91,207.17,384.89,207.17
384.79,156.85,402.8,156.85,402.8,207.72,384.79,207.72
384.63,157.12,402.62,157.12,402.62,207.89,384.63,207.89
384.38,157.08,402.38,157.08,402.38,207.9,384.38,207.9
384.08,156.99,402.09,156.99,402.09,207.85,384.08,207.85
383.97,157.13,401.98,157.13,401.98,207.99,383.97,207.99
383.86,157.3,401.83,157.3,401.83,208.03,383.86,208.03
383.75,157.17,401.8,157.17,401.8,208.11,383.75,208.11
383.59,156.94,401.62,156.94,401.62,207.86,383.59,207.86
383.56,157.17,401.67,157.17,401.67,208.3,383.56,208.3
383.68,157.78,401.85,157.78,401.85,209.08,383.68,209.08
383.88,158.36,402.08,158.36,402.08,209.75,383.88,209.75
383.86,158.83,402.17,158.83,402.17,210.53,383.86,210.53
383.42,158.44,401.72,158.44,401.72,210.1,383.42,210.1
383.86,158.17,402.14,158.17,402.14,209.79,383.86,209.79
383.85,158.1,402.22,158.1,402.22,209.97,383.85,209.97
383.81,158.02,402.01,158.02,402.01,209.41,383.81,209.41
384.07,158.27,402.49,158.27,402.49,210.28,384.07,210.28
383.87,158.27,402.33,158.27,402.33,210.39,383.87,210.39
384.09,158.57,402.58,158.57,402.58,210.76,384.09,210.76
384.06,159.1,402.5,159.1,402.5,211.17,384.06,211.17
383.73,159.36,402.02,159.36,402.02,210.99,383.73,210.99
383.57,159.49,401.83,159.49,401.83,211.05,383.57,211.05
383.41,159.36,401.71,159.36,401.71,211.02,383.41,211.02
383.2,159.24,401.51,159.24,401.51,210.96,383.2,210.96
382.82,159.09,401.09,159.09,401.09,210.66,382.82,210.66
382.96,159.14,401.36,159.14,401.36,211.09,382.96,211.09
382.9,159.23,401.38,159.23,401.38,211.4,382.9,211.4
383.05,159.87,401.64,159.87,401.64,212.36,383.05,212.36
382.7,159.89,401.18,159.89,401.18,212.07,382.7,212.07
383.02,160.64,401.49,160.64,401.49,212.78,383.02,212.78
383.07,160.92,401.51,160.92,401.51,212.98,383.07,212.98
382.85,160.67,401.37,160.67,401.37,212.96,382.85,212.96
383.2,160.87,401.82,160.87,401.82,213.45,383.2,213.45
382.76,160.46,401.36,160.46,401.36,212.97,382.76,212.97
382.73,160.4,401.33,160.4,401.33,212.93,382.73,212.93
382.61,160.65,401.08,160.65,401.08,212.83,382.61,212.83
382.84,160.74,401.47,160.74,401.47,213.36,382.84,213.36
382.08,160.5,400.7,160.5,400.7,213.09,382.08,213.09
381.86,160.78,400.53,160.78,400.53,213.49,381.86,213.49
381.86,161.49,400.49,161.49,400.49,214.07,381.86,214.07
381.6,161.83,400.26,161.83,400.26,214.5,381.6,214.5
381.29,161.91,399.98,161.91,399.98,214.67,381.29,214.67
381,161.7,399.8,161.7,399.8,214.79,381,214.79
380.76,161.51,399.64,161.51,399.64,214.82,380.76,214.82
380.23,161.43,399.02,161.43,399.02,214.47,380.23,214.47
380.54,162.11,399.36,162.11,399.36,215.23,380.54,215.23
380.26,162.31,399.05,162.31,399.05,215.39,380.26,215.39
380.31,163.26,399.16,163.26,399.16,216.48,380.31,216.48
379.81,163,398.66,163,398.66,216.23,379.81,216.23
379.46,163.04,398.36,163.04,398.36,216.41,379.46,216.41
378.92,163.01,397.88,163.01,397.88,216.57,378.92,216.57
379,163.37,398.07,163.37,398.07,217.22,379,217.22
379.18,163.64,398.37,163.64,398.37,217.81,379.18,217.81
378.3,163.6,397.35,163.6,397.35,217.41,378.3,217.41
378.32,163.78,397.42,163.78,397.42,217.71,378.32,217.71
377.45,163.25,396.68,163.25,396.68,217.55,377.45,217.55
376.82,163.59,396,163.59,396,217.74,376.82,217.74
376.69,164.01,395.8,164.01,395.8,217.98,376.69,217.98
376.72,164.55,395.89,164.55,395.89,218.67,376.72,218.67
375.92,165.09,395.19,165.09,395.19,219.48,375.92,219.48
375.58,165.11,394.92,165.11,394.92,219.71,375.58,219.71
375.07,164.74,394.47,164.74,394.47,219.52,375.07,219.52
374.16,164.41,393.5,164.41,393.5,219.01,374.16,219.01
374.23,164.74,393.57,164.74,393.57,219.34,374.23,219.34
373.97,165.1,393.32,165.1,393.32,219.74,373.97,219.74
373.63,165.45,392.94,165.45,392.94,219.97,373.63,219.97
373.35,166.09,392.58,166.09,392.58,220.39,373.35,220.39
372.55,165.78,391.67,165.78,391.67,219.76,372.55,219.76
372.15,166.43,391.26,166.43,391.26,220.4,372.15,220.4
371.7,166.79,390.84,166.79,390.84,220.84,371.7,220.84
371.2,166.85,390.28,166.85,390.28,220.72,371.2,220.72
371.2,167.26,390.36,167.26,390.36,221.35,371.2,221.35
370.7,166.9,389.73,166.9,389.73,220.64,370.7,220.64
370.62,167.12,389.76,167.12,389.76,221.15,370.62,221.15
369.46,166.55,388.59,166.55,388.59,220.59,369.46,220.59
368.98,166.88,388.04,166.88,388.04,220.7,368.98,220.7
368.69,168.08,387.92,168.08,387.92,222.35,368.69,222.35
367.99,167.9,387.21,167.9,387.21,222.17,367.99,222.17
367.33,168.22,386.58,168.22,386.58,222.57,367.33,222.57
366.59,168.37,385.9,168.37,385.9,222.9,366.59,222.9
366.23,168.25,385.6,168.25,385.6,222.94,366.23,222.94
365.52,168.13,385.03,168.13,385.03,223.2,365.52,223.2
364.62,167.74,384.19,167.74,384.19,222.98,364.62,222.98
364.74,168.3,384.47,168.3,384.47,224.02,364.74,224.02
363.92,167.56,383.76,167.56,383.76,223.58,363.92,223.58
363.98,168.48,383.87,168.48,383.87,224.66,363.98,224.66
363.5,168.94,383.47,168.94,383.47,225.32,363.5,225.32
362.71,169.29,382.66,169.29,382.66,225.61,362.71,225.61
362.52,169.7,382.57,169.7,382.57,226.33,362.52,226.33
361.79,169.58,381.79,169.58,381.79,226.04,361.79,226.04
361.45,169.42,381.46,169.42,381.46,225.92,361.45,225.92
360.98,169.36,380.96,169.36,380.96,225.77,360.98,225.77
360.62,169.38,380.62,169.38,380.62,225.85,360.62,225.85
360.12,169.2,380.13,169.2,380.13,225.7,360.12,225.7
359.52,169.24,379.52,169.24,379.52,225.71,359.52,225.71
359.19,169.3,379.25,169.3,379.25,225.96,359.19,225.96
358.75,169.67,378.84,169.67,378.84,226.38,358.75,226.38
357.89,170.17,378.01,170.17,378.01,226.98,357.89,226.98
357.75,170.58,377.97,170.58,377.97,227.66,357.75,227.66
356.93,170.48,377.3,170.48,377.3,228.01,356.93,228.01
355.61,170.24,375.9,170.24,375.9,227.54,355.61,227.54
354.89,169.87,375.23,169.87,375.23,227.29,354.89,227.29
354.33,169.93,374.67,169.93,374.67,227.35,354.33,227.35
353.83,169.88,374.14,169.88,374.14,227.26,353.83,227.26
353.71,170.33,374,170.33,374,227.62,353.71,227.62
353.38,170.37,373.77,170.37,373.77,227.94,353.38,227.94
353.34,171.57,373.82,171.57,373.82,229.38,353.34,229.38
353.05,171.74,373.55,171.74,373.55,229.6,353.05,229.6
352.12,172.34,372.78,172.34,372.78,230.66,352.12,230.66
351.62,171.92,372.42,171.92,372.42,230.66,351.62,230.66
351.54,172.32,372.34,172.32,372.34,231.05,351.54,231.05
351.07,172.39,371.92,172.39,371.92,231.24,351.07,231.24
350.71,171.85,371.54,171.85,371.54,230.65,350.71,230.65
350.41,171.73,371.2,171.73,371.2,230.43,350.41,230.43
350.65,172.27,371.29,172.27,371.29,230.55,350.65,230.55
350.58,172.27,371.22,172.27,371.22,230.55,350.58,230.55
350.56,173.5,371.14,173.5,371.14,231.63,350.56,231.63
350.1,173.85,370.75,173.85,370.75,232.15,350.1,232.15
349.95,174.33,370.58,174.33,370.58,232.57,349.95,232.57
349.65,173.97,370.25,173.97,370.25,232.15,349.65,232.15
349.64,173.78,370.36,173.78,370.36,232.29,349.64,232.29
349.93,173.94,370.68,173.94,370.68,232.55,349.93,232.55
349.75,173.77,370.64,173.77,370.64,232.76,349.75,232.76
349.61,174.07,370.51,174.07,370.51,233.09,349.61,233.09
349.58,174.34,370.5,174.34,370.5,233.39,349.58,233.39
349.92,174.77,370.84,174.77,370.84,233.83,349.92,233.83
349.69,175.58,370.6,175.58,370.6,234.62,349.69,234.62
349.66,175.36,370.48,175.36,370.48,234.16,349.66,234.16
349.8,175.66,370.62,175.66,370.62,234.45,349.8,234.45
349.93,175.91,370.76,175.91,370.76,234.72,349.93,234.72
350.14,176.65,371.02,176.65,371.02,235.61,350.14,235.61
350.54,176.42,371.35,176.42,371.35,235.19,350.54,235.19
350.79,176.37,371.66,176.37,371.66,235.31,350.79,235.31
350.1,176.11,370.91,176.11,370.91,234.88,350.1,234.88
350.38,176.55,371.2,176.55,371.2,235.32,350.38,235.32
350.13,176.76,371.02,176.76,371.02,235.75,350.13,235.75
349.77,177.42,370.67,177.42,370.67,236.43,349.77,236.43
349.57,177.66,370.39,177.66,370.39,236.43,349.57,236.43
349.34,177.97,370.14,177.97,370.14,236.7,349.34,236.7
349.12,178.08,369.96,178.08,369.96,236.9,349.12,236.9
348.6,177.63,369.51,177.63,369.51,236.67,348.6,236.67
348.22,177.74,369.09,177.74,369.09,236.66,348.22,236.66
348.16,178.1,368.99,178.1,368.99,236.92,348.16,236.92
348.22,178.53,368.99,178.53,368.99,237.17,348.22,237.17
348.58,178.93,369.5,178.93,369.5,238.01,348.58,238.01
348.44,179.04,369.34,179.04,369.34,238.05,348.44,238.05
348.13,179.46,369.01,179.46,369.01,238.41,348.13,238.41
348.23,179.99,369.08,179.99,369.08,238.87,348.23,238.87
348.54,180.78,369.38,180.78,369.38,239.63,348.54,239.63
348.55,181.28,369.33,181.28,369.33,239.96,348.55,239.96
348.62,181.32,369.67,181.32,369.67,240.75,348.62,240.75
348.84,180.34,369.99,180.34,369.99,240.07,348.84,240.07
348.4,179.99,369.49,179.99,369.49,239.54,348.4,239.54
348.44,180.31,369.74,180.31,369.74,240.45,348.44,240.45
348.35,180.65,369.74,180.65,369.74,241.04,348.35,241.04
347.57,180.87,369.01,180.87,369.01,241.4,347.57,241.4
347.37,181.31,368.74,181.31,368.74,241.64,347.37,241.64
346.78,182.06,368.21,182.06,368.21,242.57,346.78,242.57
346.24,181.68,367.58,181.68,367.58,241.94,346.24,241.94
345.65,181.93,367.12,181.93,367.12,242.55,345.65,242.55
345.31,181.87,366.84,181.87,366.84,242.66,345.31,242.66
344.98,182.34,366.5,182.34,366.5,243.1,344.98,243.1
344.59,182.02,366.14,182.02,366.14,242.89,344.59,242.89
344.73,182.21,366.34,182.21,366.34,243.23,344.73,243.23
344.09,183.58,365.71,183.58,365.71,244.61,344.09,244.61
344.08,184.12,365.72,184.12,365.72,245.2,344.08,245.2
343.94,184.43,365.63,184.43,365.63,245.68,343.94,245.68
343.44,184.39,365.1,184.39,365.1,245.56,343.44,245.56
343.43,184.31,365.11,184.31,365.11,245.53,343.43,245.53
343.31,183.79,365.08,183.79,365.08,245.27,343.31,245.27
343.32,183.86,365.14,183.86,365.14,245.48,343.32,245.48
343.29,184.03,365.22,184.03,365.22,245.95,343.29,245.95
342.69,184.14,364.69,184.14,364.69,246.24,342.69,246.24
342.33,184.14,364.35,184.14,364.35,246.32,342.33,246.32
342.13,184.83,364.12,184.83,364.12,246.91,342.13,246.91
341.88,185.1,363.75,185.1,363.75,246.85,341.88,246.85
342.03,185.98,363.94,185.98,363.94,247.85,342.03,247.85
341.15,185.82,363.11,185.82,363.11,247.83,341.15,247.83
340.69,185.57,362.66,185.57,362.66,247.6,340.69,247.6
340.35,185.3,362.44,185.3,362.44,247.69,340.35,247.69
340.24,185.24,362.37,185.24,362.37,247.72,340.24,247.72
340.48,185.36,362.7,185.36,362.7,248.09,340.48,248.09
340.32,185.75,362.7,185.75,362.7,248.96,340.32,248.96
340.21,185.79,362.65,185.79,362.65,249.14,340.21,249.14
340.12,186.22,362.66,186.22,362.66,249.88,340.12,249.88
340.17,186.96,362.74,186.96,362.74,250.71,340.17,250.71
340.5,187.05,363.04,187.05,363.04,250.7,340.5,250.7
340.25,187.31,362.82,187.31,362.82,251.02,340.25,251.02
340.7,187.1,363.28,187.1,363.28,250.85,340.7,250.85
340.7,186.88,363.28,186.88,363.28,250.65,340.7,250.65
340.52,186.76,363.13,186.76,363.13,250.58,340.52,250.58
340.17,186.71,362.82,186.71,362.82,250.66,340.17,250.66
340.19,186.85,362.86,186.85,362.86,250.84,340.19,250.84
340.41,187.21,363.12,187.21,363.12,251.32,340.41,251.32
340.08,188.22,362.79,188.22,362.79,252.36,340.08,252.36
339.67,188.48,362.28,188.48,362.28,252.33,339.67,252.33
339.1,188.6,361.63,188.6,361.63,252.23,339.1,252.23
338.34,188.6,360.87,188.6,360.87,252.21,338.34,252.21
338.15,189,360.75,189,360.75,252.81,338.15,252.81
337.74,188.88,360.37,188.88,360.37,252.8,337.74,252.8
337.07,188.98,359.79,188.98,359.79,253.13,337.07,253.13
336.77,188.9,359.53,188.9,359.53,253.16,336.77,253.16
336.47,189.11,359.21,189.11,359.21,253.32,336.47,253.32
336.28,189.26,359.04,189.26,359.04,253.52,336.28,253.52
336.1,189.82,358.79,189.82,358.79,253.9,336.1,253.9
335.75,190.8,358.4,190.8,358.4,254.76,335.75,254.76
335.57,191.15,358.19,191.15,358.19,255.02,335.57,255.02
335.44,191.19,357.94,191.19,357.94,254.73,335.44,254.73
334.87,191.2,357.37,191.2,357.37,254.73,334.87,254.73
334.83,190.54,357.42,190.54,357.42,254.32,334.83,254.32
334.56,190.65,357.14,190.65,357.14,254.4,334.56,254.4
334.09,190.67,356.64,190.67,356.64,254.31,334.09,254.31
333.8,190.83,356.32,190.83,356.32,254.41,333.8,254.41
333.69,191.36,356.24,191.36,356.24,255.02,333.69,255.02
332.74,191.68,355.29,191.68,355.29,255.34,332.74,255.34
332.25,191.97,354.75,191.97,354.75,255.5,332.25,255.5
331.9,192.5,354.46,192.5,354.46,256.2,331.9,256.2
330.74,192.62,353.31,192.62,353.31,256.35,330.74,256.35
330.39,192.7,352.91,192.7,352.91,256.31,330.39,256.31
329.62,192.69,352.16,192.69,352.16,256.32,329.62,256.32
328.79,192.29,351.35,192.29,351.35,255.99,328.79,255.99
328.35,192.47,351.02,192.47,351.02,256.5,328.35,256.5
328.25,192.97,351.08,192.97,351.08,257.44,328.25,257.44
327.47,193.69,350.41,193.69,350.41,258.45,327.47,258.45
327.22,194.32,350.15,194.32,350.15,259.07,327.22,259.07
326.24,194.57,349.3,194.57,349.3,259.66,326.24,259.66
326.01,194.4,349.2,194.4,349.2,259.89,326.01,259.89
325.33,194.06,348.7,194.06,348.7,260.03,325.33,260.03
324.98,194.22,348.44,194.22,348.44,260.44,324.98,260.44
324.43,193.83,347.94,193.83,347.94,260.21,324.43,260.21
323.88,194.1,347.36,194.1,347.36,260.38,323.88,260.38
323.42,194.18,346.91,194.18,346.91,260.5,323.42,260.5
322.78,194.56,346.24,194.56,346.24,260.82,322.78,260.82
322.21,194.83,345.82,194.83,345.82,261.51,322.21,261.51
321.54,195.61,345.17,195.61,345.17,262.33,321.54,262.33
320.43,196.16,344.04,196.16,344.04,262.82,320.43,262.82
319.77,196.62,343.33,196.62,343.33,263.16,319.77,263.16
319.11,196.39,342.67,196.39,342.67,262.9,319.11,262.9
317.95,196.18,341.57,196.18,341.57,262.88,317.95,262.88
317.66,196.24,341.32,196.24,341.32,263.05,317.66,263.05
317.17,196.36,340.94,196.36,340.94,263.49,317.17,263.49
316.57,196.46,340.44,196.46,340.44,263.86,316.57,263.86
315.76,197.25,339.75,197.25,339.75,264.96,315.76,264.96
315.35,197.81,339.3,197.81,339.3,265.45,315.35,265.45
315.43,198.59,339.34,198.59,339.34,266.11,315.43,266.11
315,199.02,338.82,199.02,338.82,266.29,315,266.29
314.74,199.81,338.62,199.81,338.62,267.22,314.74,267.22
314.51,199.49,338.45,199.49,338.45,267.1,314.51,267.1
314.08,199.14,338.02,199.14,338.02,266.73,314.08,266.73
313.83,199.04,337.91,199.04,337.91,267.05,313.83,267.05
313.12,198.38,337.17,198.38,337.17,266.27,313.12,266.27
313.07,198.76,337.04,198.76,337.04,266.44,313.07,266.44
312.67,199.88,336.58,199.88,336.58,267.39,312.67,267.39
312.18,200.18,336.18,200.18,336.18,267.94,312.18,267.94
311.6,200.91,335.52,200.91,335.52,268.45,311.6,268.45
311.45,200.77,335.35,200.77,335.35,268.26,311.45,268.26
310.93,200.83,334.78,200.83,334.78,268.17,310.93,268.17
310.11,200.5,334.02,200.5,334.02,268.01,310.11,268.01
309.76,200.56,333.68,200.56,333.68,268.08,309.76,268.08
309.59,200.95,333.52,200.95,333.52,268.52,309.59,268.52
309.34,201.05,333.53,201.05,333.53,269.35,309.34,269.35
308.99,201.32,333.26,201.32,333.26,269.84,308.99,269.84
308.71,201.59,332.95,201.59,332.95,270.02,308.71,270.02
308.76,202.39,333.06,202.39,333.06,271.03,308.76,271.03
308.66,203.24,333.01,203.24,333.01,271.99,308.66,271.99
308.39,203.37,332.73,203.37,332.73,272.11,308.39,272.11
308.39,203.23,332.79,203.23,332.79,272.13,308.39,272.13
308.35,203.04,332.88,203.04,332.88,272.31,308.35,272.31
307.98,202.44,332.71,202.44,332.71,272.27,307.98,272.27
307.58,202.51,332.35,202.51,332.35,272.44,307.58,272.44
307.55,202.48,332.45,202.48,332.45,272.78,307.55,272.78
306.58,202.74,331.4,202.74,331.4,272.8,306.58,272.8
306.78,203.54,331.75,203.54,331.75,274.04,306.78,274.04
305.97,203.6,331.09,203.6,331.09,274.53,305.97,274.53
305.14,203.75,330.23,203.75,330.23,274.61,305.14,274.61
304.76,203.94,329.98,203.94,329.98,275.15,304.76,275.15
303.76,203.88,328.97,203.88,328.97,275.06,303.76,275.06
303.36,204.31,328.54,204.31,328.54,275.39,303.36,275.39
302.71,204.52,327.8,204.52,327.8,275.36,302.71,275.36
302.62,204.66,327.83,204.66,327.83,275.84,302.62,275.84
301.68,204.21,326.93,204.21,326.93,275.5,301.68,275.5
300.83,204.24,326.23,204.24,326.23,275.96,300.83,275.96
300.9,204.83,326.34,204.83,326.34,276.65,300.9,276.65
300.27,205.65,325.86,205.65,325.86,277.92,300.27,277.92
300,207.74,325.47,207.74,325.47,279.68,300,279.68
299.28,207.69,324.61,207.69,324.61,279.2,299.28,279.2
299.33,207.99,324.58,207.99,324.58,279.29,299.33,279.29
298.27,207.8,323.51,207.8,323.51,279.06,298.27,279.06
298,207.46,323.08,207.46,323.08,278.28,298,278.28
298.07,207.97,323.24,207.97,323.24,279.03,298.07,279.03
296.82,207.99,321.95,207.99,321.95,278.96,296.82,278.96
296.08,208.48,321.26,208.48,321.26,279.55,296.08,279.55
295.33,208.35,320.43,208.35,320.43,279.21,295.33,279.21
294.95,208.97,320.18,208.97,320.18,280.23,294.95,280.23
293.72,209.05,318.96,209.05,318.96,280.31,293.72,280.31
292.86,209.89,318.12,209.89,318.12,281.22,292.86,281.22
292.25,210.28,317.45,210.28,317.45,281.44,292.25,281.44
290.72,210.59,315.9,210.59,315.9,281.66,290.72,281.66
289.98,209.98,315.09,209.98,315.09,280.87,289.98,280.87
288.83,210.47,313.95,210.47,313.95,281.4,288.83,281.4
288.2,210.55,313.45,210.55,313.45,281.83,288.2,281.83
287.6,211.05,312.89,211.05,312.89,282.43,287.6,282.43
287.29,212.12,312.74,212.12,312.74,283.96,287.29,283.96
286.06,212.75,311.42,212.75,311.42,284.35,286.06,284.35
285.82,213.21,311.34,213.21,311.34,285.26,285.82,285.26
284.73,212.99,310.22,212.99,310.22,284.96,284.73,284.96
283.41,212.83,309.08,212.83,309.08,285.32,283.41,285.32
283.22,213,309.1,213,309.1,286.07,283.22,286.07
282.66,213.28,308.61,213.28,308.61,286.53,282.66,286.53
282.02,212.97,308.07,212.97,308.07,286.53,282.02,286.53
280.34,212.77,306.27,212.77,306.27,285.98,280.34,285.98
280.24,213.24,306.14,213.24,306.14,286.39,280.24,286.39
279.42,213.33,305.55,213.33,305.55,287.11,279.42,287.11
278.09,214.09,304.2,214.09,304.2,287.81,278.09,287.81
276.9,214.16,303.05,214.16,303.05,288.01,276.9,288.01
275.62,215.15,301.9,215.15,301.9,289.35,275.62,289.35
273.36,214.98,299.68,214.98,299.68,289.29,273.36,289.29
272.66,214.95,299.06,214.95,299.06,289.5,272.66,289.5
272.02,215.6,298.42,215.6,298.42,290.14,272.02,290.14
270.87,215.59,297.28,215.59,297.28,290.15,270.87,290.15
270.45,216.11,296.95,216.11,296.95,290.93,270.45,290.93
269.7,215.95,296.41,215.95,296.41,291.36,269.7,291.36
269.24,216.4,296.1,216.4,296.1,292.24,269.24,292.24
267.74,216.61,294.55,216.61,294.55,292.31,267.74,292.31
267.47,216.98,294.31,216.98,294.31,292.78,267.47,292.78
266.25,217.28,293.16,217.28,293.16,293.27,266.25,293.27
265.5,218.03,292.49,218.03,292.49,294.22,265.5,294.22
265.06,218.66,292.23,218.66,292.23,295.35,265.06,295.35
264.38,217.82,291.63,217.82,291.63,294.76,264.38,294.76
263.54,217.48,290.83,217.48,290.83,294.53,263.54,294.53
262.93,218.21,290.12,218.21,290.12,294.98,262.93,294.98
261.84,217.98,289.01,217.98,289.01,294.7,261.84,294.7
261.16,218.79,288.21,218.79,288.21,295.15,261.16,295.15
260.67,220.68,287.64,220.68,287.64,296.83,260.67,296.83
260.35,221.15,287.16,221.15,287.16,296.83,260.35,296.83
258.62,221.02,285.46,221.02,285.46,296.8,258.62,296.8
257.46,221.01,284.16,221.01,284.16,296.4,257.46,296.4
256.82,221.3,283.59,221.3,283.59,296.9,256.82,296.9
255.9,221.7,282.72,221.7,282.72,297.43,255.9,297.43
254.93,221.53,281.76,221.53,281.76,297.28,254.93,297.28
254.19,221.56,281.05,221.56,281.05,297.4,254.19,297.4
253.17,221.88,280.08,221.88,280.08,297.85,253.17,297.85
252.59,222.31,279.57,222.31,279.57,298.51,252.59,298.51
252.34,223.44,279.45,223.44,279.45,299.97,252.34,299.97
251.95,223.96,279.13,223.96,279.13,300.72,251.95,300.72
250.38,224.54,277.66,224.54,277.66,301.57,250.38,301.57
250.39,225.12,277.83,225.12,277.83,302.59,250.39,302.59
248.76,223.83,276.26,223.83,276.26,301.48,248.76,301.48
248.41,223.82,275.98,223.82,275.98,301.64,248.41,301.64
247.62,223.86,275.22,223.86,275.22,301.79,247.62,301.79
246.62,224.61,274.35,224.61,274.35,302.92,246.62,302.92
245.37,224.59,273.1,224.59,273.1,302.9,245.37,302.9
244.26,224.95,272.05,224.95,272.05,303.4,244.26,303.4
243.77,225.43,271.55,225.43,271.55,303.89,243.77,303.89
242.55,225.68,270.38,225.68,270.38,304.26,242.55,304.26
241.78,225.98,269.75,225.98,269.75,304.95,241.78,304.95
240.44,225.67,268.53,225.67,268.53,304.97,240.44,304.97
239.69,225.82,267.77,225.82,267.77,305.1,239.69,305.1
238.89,226.33,266.89,226.33,266.89,305.4,238.89,305.4
237.94,226.02,265.9,226.02,265.9,304.97,237.94,304.97
237.75,226.22,265.83,226.22,265.83,305.51,237.75,305.51
236.86,226.29,265.14,226.29,265.14,306.14,236.86,306.14
236.49,226.81,264.91,226.81,264.91,307.04,236.49,307.04
236.68,228.73,265.11,228.73,265.11,309.01,236.68,309.01
235.51,228.88,264.05,228.88,264.05,309.44,235.51,309.44
234.73,229.16,263.34,229.16,263.34,309.92,234.73,309.92
234.18,228.61,262.94,228.61,262.94,309.83,234.18,309.83
233.49,228.8,262.27,228.8,262.27,310.08,233.49,310.08
233.38,228.95,262.15,228.95,262.15,310.16,233.38,310.16
232.13,229.06,260.86,229.06,260.86,310.17,232.13,310.17
232,229.47,260.73,229.47,260.73,310.58,232,310.58
230.98,229.22,259.69,229.22,259.69,310.29,230.98,310.29
230.16,230.43,258.88,230.43,258.88,311.5,230.16,311.5
229.64,230.79,258.32,230.79,258.32,311.77,229.64,311.77
228.49,231.18,257.12,231.18,257.12,312.01,228.49,312.01
227.55,232.02,256.18,232.02,256.18,312.87,227.55,312.87
225.8,231.96,254.44,231.96,254.44,312.85,225.8,312.85
224.98,232.27,253.58,232.27,253.58,313.02,224.98,313.02
224.04,232.16,252.72,232.16,252.72,313.16,224.04,313.16
223.35,232.08,252.04,232.08,252.04,313.09,223.35,313.09
222.22,232.78,250.91,232.78,250.91,313.78,222.22,313.78
221.94,233.25,250.71,233.25,250.71,314.48,221.94,314.48
220.83,233.51,249.59,233.51,249.59,314.73,220.83,314.73
219.59,234.73,248.27,234.73,248.27,315.72,219.59,315.72
218.88,235.07,247.55,235.07,247.55,316.01,218.88,316.01
218.33,235.62,246.87,235.62,246.87,316.18,218.33,316.18
218.17,236.52,246.7,236.52,246.7,317.07,218.17,317.07
216.84,237.15,245.53,237.15,245.53,318.15,216.84,318.15
216.29,237.36,245.05,237.36,245.05,318.56,216.29,318.56
215.52,236.84,244.36,236.84,244.36,318.27,215.52,318.27
214.46,235.89,243.29,235.89,243.29,317.29,214.46,317.29
213.64,236.15,242.36,236.15,242.36,317.22,213.64,317.22
213.44,236.97,242.19,236.97,242.19,318.14,213.44,318.14
212.3,237.72,241.15,237.72,241.15,319.18,212.3,319.18
210.52,238.99,239.35,238.99,239.35,320.37,210.52,320.37
209.23,239.21,238.08,239.21,238.08,320.68,209.23,320.68
207.9,239.16,236.79,239.16,236.79,320.75,207.9,320.75
207.07,239.02,236.29,239.02,236.29,321.54,207.07,321.54
205.41,239.14,234.58,239.14,234.58,321.51,205.41,321.51
204.64,239.81,233.87,239.81,233.87,322.35,204.64,322.35
203.96,240.6,233.18,240.6,233.18,323.1,203.96,323.1
202.45,240.72,231.84,240.72,231.84,323.7,202.45,323.7
201.69,240.85,231.15,240.85,231.15,324.03,201.69,324.03
199.93,241.51,229.37,241.51,229.37,324.62,199.93,324.62
199.17,242.68,228.58,242.68,228.58,325.71,199.17,325.71
197.29,243.74,226.73,243.74,226.73,326.88,197.29,326.88
196.58,244.36,226.15,244.36,226.15,327.85,196.58,327.85
195.23,244.05,224.82,244.05,224.82,327.58,195.23,327.58
193.87,243.31,223.53,243.31,223.53,327.07,193.87,327.07
192.88,243.05,222.43,243.05,222.43,326.48,192.88,326.48
191.99,243.78,221.59,243.78,221.59,327.38,191.99,327.38
190.23,244.97,219.91,244.97,219.91,328.76,190.23,328.76
189.14,245.45,218.91,245.45,218.91,329.52,189.14,329.52
186.88,245.96,216.72,245.96,216.72,330.22,186.88,330.22
185.09,246.43,214.94,246.43,214.94,330.73,185.09,330.73
183.63,246.6,213.61,246.6,213.61,331.25,183.63,331.25
182.34,246.46,212.51,246.46,212.51,331.67,182.34,331.67
180.32,247.25,210.42,247.25,210.42,332.24,180.32,332.24
179.29,247.55,209.47,247.55,209.47,332.78,179.29,332.78
177.76,247.54,208,247.54,208,332.92,177.76,332.92
175.86,247.61,206.24,247.61,206.24,333.39,175.86,333.39
174.44,247.78,204.67,247.78,204.67,333.13,174.44,333.13
172.68,250.3,202.96,250.3,202.96,335.8,172.68,335.8
171.73,250.91,201.94,250.91,201.94,336.23,171.73,336.23
170.55,251.37,200.82,251.37,200.82,336.84,170.55,336.84
168.3,251.59,198.55,251.59,198.55,337.02,168.3,337.02
167.56,251.32,197.85,251.32,197.85,336.85,167.56,336.85
165.65,251.17,195.88,251.17,195.88,336.52,165.65,336.52
164.35,251.36,194.62,251.36,194.62,336.83,164.35,336.83
163.08,251.98,193.42,251.98,193.42,337.62,163.08,337.62
161.31,252.3,191.83,252.3,191.83,338.47,161.31,338.47
160.8,252.7,191.43,252.7,191.43,339.18,160.8,339.18
159.28,252.98,189.95,252.98,189.95,339.57,159.28,339.57
157.09,252.85,187.86,252.85,187.86,339.73,157.09,339.73
155.53,254.7,186.54,254.7,186.54,342.26,155.53,342.26
154.11,254.66,185.35,254.66,185.35,342.86,154.11,342.86
152.11,254.07,183.43,254.07,183.43,342.5,152.11,342.5
150.41,254.2,181.88,254.2,181.88,343.03,150.41,343.03
149.46,253.83,180.95,253.83,180.95,342.75,149.46,342.75
148.42,253.75,179.99,253.75,179.99,342.89,148.42,342.89
147.32,255.57,178.97,255.57,178.97,344.94,147.32,344.94
146.74,256.23,178.38,256.23,178.38,345.55,146.74,345.55
145.86,257.63,177.57,257.63,177.57,347.15,145.86,347.15
143.69,257.94,175.36,257.94,175.36,347.36,143.69,347.36
143.27,258.28,175.07,258.28,175.07,348.05,143.27,348.05
142.13,257.99,174.01,257.99,174.01,348,142.13,348
141.66,258.86,173.57,258.86,173.57,348.95,141.66,348.95
141.32,259.31,173.29,259.31,173.29,349.56,141.32,349.56
140.43,259.06,172.45,259.06,172.45,349.45,140.43,349.45
138.29,258.99,170.34,258.99,170.34,349.47,138.29,349.47
137.29,259.03,169.19,259.03,169.19,349.09,137.29,349.09
136.95,260.02,168.86,260.02,168.86,350.1,136.95,350.1
135.51,262.15,167.27,262.15,167.27,351.83,135.51,351.83
133.98,262.3,165.71,262.3,165.71,351.88,133.98,351.88
132.96,263.19,164.8,263.19,164.8,353.09,132.96,353.09
131.67,263.18,163.65,263.18,163.65,353.49,131.67,353.49
129.99,262.74,161.97,262.74,161.97,353.05,129.99,353.05
129.12,262.53,161.26,262.53,161.26,353.28,129.12,353.28
128.43,262.81,160.74,262.81,160.74,354.04,128.43,354.04
127.3,264.35,159.75,264.35,159.75,355.97,127.3,355.97
127.38,265.38,160.02,265.38,160.02,357.53,127.38,357.53
126.23,265.13,158.91,265.13,158.91,357.41,126.23,357.41
125.21,266,157.87,266,157.87,358.22,125.21,358.22
124.41,266.57,156.96,266.57,156.96,358.49,124.41,358.49
124.22,266.96,156.74,266.96,156.74,358.78,124.22,358.78
123.91,267.68,156.49,267.68,156.49,359.69,123.91,359.69
122.71,268.2,155.13,268.2,155.13,359.73,122.71,359.73
122.13,268.32,154.39,268.32,154.39,359.41,122.13,359.41
120.92,267.41,153.27,267.41,153.27,358.75,120.92,358.75
118.97,267.91,151.36,267.91,151.36,359.36,118.97,359.36
118.15,268.42,150.58,268.42,150.58,360.01,118.15,360.01
117.95,269.98,150.53,269.98,150.53,361.99,117.95,361.99
116.31,270.82,148.92,270.82,148.92,362.91,116.31,362.91
113.37,271.74,146.07,271.74,146.07,364.05,113.37,364.05
112.31,271.78,145.2,271.78,145.2,364.63,112.31,364.63
110.24,270.51,143.37,270.51,143.37,364.07,110.24,364.07
107.59,270.93,140.79,270.93,140.79,364.67,107.59,364.67
106.52,271,139.88,271,139.88,365.21,106.52,365.21
105.75,272.42,139.32,272.42,139.32,367.2,105.75,367.2
103.87,273.49,137.63,273.49,137.63,368.83,103.87,368.83
102.23,273.42,135.86,273.42,135.86,368.39,102.23,368.39
100.32,274.6,134.17,274.6,134.17,370.18,100.32,370.18
98.955,275.47,132.92,275.47,132.92,371.37,98.955,371.37
97.44,276.34,131.51,276.34,131.51,372.55,97.44,372.55
95.506,277.15,129.72,277.15,129.72,373.74,95.506,373.74
95.065,277.56,129.3,277.56,129.3,374.22,95.065,374.22
92.775,276.8,126.89,276.8,126.89,373.13,92.775,373.13
91.559,276.15,125.68,276.15,125.68,372.49,91.559,372.49
89.933,277.68,123.98,277.68,123.98,373.8,89.933,373.8
88.858,278.25,122.91,278.25,122.91,374.4,88.858,374.4
87.502,279.42,121.5,279.42,121.5,375.41,87.502,375.41
86.335,279.87,120.22,279.87,120.22,375.55,86.335,375.55
84.122,280.52,118.1,280.52,118.1,376.46,84.122,376.46
82.384,280.26,116.26,280.26,116.26,375.9,82.384,375.9
81.118,281.05,115.04,281.05,115.04,376.82,81.118,376.82
79.833,281.74,113.7,281.74,113.7,377.37,79.833,377.37
78.25,282.9,112.14,282.9,112.14,378.6,78.25,378.6
77.458,283.07,111.45,283.07,111.45,379.04,77.458,379.04
74.909,283.23,108.93,283.23,108.93,379.29,74.909,379.29
73.956,283.54,108.03,283.54,108.03,379.76,73.956,379.76
73.48,283.95,107.53,283.95,107.53,380.09,73.48,380.09
71.601,284.52,105.39,284.52,105.39,379.92,71.601,379.92
70.474,286.19,104.21,286.19,104.21,381.43,70.474,381.43
68.84,287.36,102.69,287.36,102.69,382.95,68.84,382.95
66.539,288.05,100.5,288.05,100.5,383.94,66.539,383.94
65.203,286.68,99.47,286.68,99.47,383.43,65.203,383.43
63.278,286.41,97.759,286.41,97.759,383.77,63.278,383.77
60.85,287.84,95.43,287.84,95.43,385.48,60.85,385.48
58.666,288.5,93.348,288.5,93.348,386.43,58.666,386.43
63.556,288.98,98.504,288.98,98.504,387.66,63.556,387.66
105.35,289.27,140.34,289.27,140.34,388.05,105.35,388.05
137.47,285.85,172.39,285.85,172.39,384.46,137.47,384.46
159.8,286.6,194.48,286.6,194.48,384.51,159.8,384.51
178.7,288.1,213.31,288.1,213.31,385.81,178.7,385.81
216.7,286.59,251.41,286.59,251.41,384.6,216.7,384.6
228.88,287.97,263.83,287.97,263.83,386.64,228.88,386.64
249.14,286.5,284.21,286.5,284.21,385.53,249.14,385.53
250.76,285.02,285.93,285.02,285.93,384.32,250.76,384.32
246.98,286.34,282.21,286.34,282.21,385.82,246.98,385.82
243.74,287.63,279.02,287.63,279.02,387.25,243.74,387.25
243.43,288.82,278.6,288.82,278.6,388.12,243.43,388.12
240.18,289.43,275.18,289.43,275.18,388.25,240.18,388.25
237.08,290.12,272.21,290.12,272.21,389.32,237.08,389.32
234.13,289.03,269.53,289.03,269.53,388.98,234.13,388.98
229.96,289.25,265.58,289.25,265.58,389.83,229.96,389.83
229.37,289.95,265.22,289.95,265.22,391.18,229.37,391.18
226.45,290.46,262.54,290.46,262.54,392.35,226.45,392.35
222.73,291.34,259.02,291.34,259.02,393.79,222.73,393.79
220.98,291.57,257.43,291.57,257.43,394.48,220.98,394.48
219.13,292.12,255.74,292.12,255.74,395.49,219.13,395.49
215.86,292.35,252.46,292.35,252.46,395.7,215.86,395.7
212.86,292.94,249.51,292.94,249.51,396.44,212.86,396.44
211.28,293.67,247.98,293.67,247.98,397.3,211.28,397.3
206.96,294.9,243.73,294.9,243.73,398.72,206.96,398.72
205.41,295.33,242.21,295.33,242.21,399.24,205.41,399.24
201.94,295.39,238.82,295.39,238.82,399.51,201.94,399.51
200.58,295.74,237.46,295.74,237.46,399.88,200.58,399.88
197.79,298.61,234.59,298.61,234.59,402.53,197.79,402.53
196.56,299.03,233.41,299.03,233.41,403.1,196.56,403.1
192.76,301.01,229.58,301.01,229.58,404.97,192.76,404.97
191.76,301.29,228.62,301.29,228.62,405.36,191.76,405.36
189.24,301.15,226.04,301.15,226.04,405.07,189.24,405.07
185.35,302.53,222.28,302.53,222.28,406.81,185.35,406.81
183.52,303.74,220.65,303.74,220.65,408.6,183.52,408.6
182.04,303.35,219.36,303.35,219.36,408.74,182.04,408.74
179.38,302.16,216.71,302.16,216.71,407.57,179.38,407.57
177.26,302.96,214.46,302.96,214.46,407.99,177.26,407.99
175.3,303.44,212.47,303.44,212.47,408.41,175.3,408.41
174.31,304.35,211.48,304.35,211.48,409.31,174.31,409.31
171.84,304.91,209.09,304.91,209.09,410.11,171.84,410.11
169.93,305.57,207.26,305.57,207.26,410.98,169.93,410.98
166.9,306.1,204.44,306.1,204.44,412.08,166.9,412.08
164.66,306.13,202.38,306.13,202.38,412.63,164.66,412.63
161.45,306.78,199.22,306.78,199.22,413.43,161.45,413.43
160.16,307.44,197.95,307.44,197.95,414.14,160.16,414.14
158.39,308.6,196.32,308.6,196.32,415.7,158.39,415.7
157.45,309.55,195.62,309.55,195.62,417.33,157.45,417.33
155.57,309.83,193.65,309.83,193.65,417.36,155.57,417.36
154.55,310.32,192.7,310.32,192.7,418.05,154.55,418.05
153.58,311.02,191.82,311.02,191.82,418.99,153.58,418.99
151.63,312.99,190.07,312.99,190.07,421.54,151.63,421.54
149.29,313.61,187.91,313.61,187.91,422.65,149.29,422.65
147.6,313.35,186.28,313.35,186.28,422.54,147.6,422.54
146.49,312.77,185.34,312.77,185.34,422.45,146.49,422.45
145.08,313.26,184.12,313.26,184.12,423.47,145.08,423.47
144.09,314.04,183.15,314.04,183.15,424.33,144.09,424.33
142.74,315.4,181.95,315.4,181.95,426.11,142.74,426.11
140.86,316.42,180.17,316.42,180.17,427.42,140.86,427.42
139.6,317.22,179,317.22,179,428.45,139.6,428.45
136.07,317.61,175.67,317.61,175.67,429.41,136.07,429.41
134.47,318.49,174.29,318.49,174.29,430.94,134.47,430.94
130.37,319.56,170.23,319.56,170.23,432.11,130.37,432.11
129.37,320.27,169.33,320.27,169.33,433.11,129.37,433.11
127.85,320.23,167.88,320.23,167.88,433.23,127.85,433.23
124.86,320.05,164.86,320.05,164.86,432.98,124.86,432.98
123.5,320.28,163.66,320.28,163.66,433.67,123.5,433.67
121.67,322.08,162.03,322.08,162.03,436.01,121.67,436.01
119.86,323.04,160.09,323.04,160.09,436.61,119.86,436.61
117.29,325.93,157.69,325.93,157.69,439.99,117.29,439.99
115.39,326.36,155.72,326.36,155.72,440.23,115.39,440.23
112.67,326.18,152.84,326.18,152.84,439.59,112.67,439.59
112.09,326.96,152.42,326.96,152.42,440.84,112.09,440.84
109.79,326.06,150.36,326.06,150.36,440.62,109.79,440.62
107.97,326.24,148.56,326.24,148.56,440.85,107.97,440.85
106.2,326.76,146.75,326.76,146.75,441.25,106.2,441.25
104.26,327.37,144.94,327.37,144.94,442.23,104.26,442.23
103.26,326.52,144.01,326.52,144.01,441.58,103.26,441.58
100.61,327.04,141.49,327.04,141.49,442.47,100.61,442.47
96.7,327.77,137.57,327.77,137.57,443.18,96.7,443.18
94.75,328.5,135.79,328.5,135.79,444.39,94.75,444.39
92.883,330.15,133.85,330.15,133.85,445.83,92.883,445.83
89.352,330.35,130.45,330.35,130.45,446.4,89.352,446.4
87.13,330.83,128.37,330.83,128.37,447.26,87.13,447.26
84.839,330.9,126.19,330.9,126.19,447.65,84.839,447.65
