214,126,269,126,269,146,214,146
217.18,126.58,272.42,126.58,272.42,146.66,217.18,146.66
221.94,126.88,277.15,126.88,277.15,146.95,221.94,146.95
221.11,126.39,277.35,126.39,277.35,146.84,221.11,146.84
223.97,126.45,279.73,126.45,279.73,146.73,223.97,146.73
225.68,125.11,281.29,125.11,281.29,145.34,225.68,145.34
228.41,124.27,283.51,124.27,283.51,144.31,228.41,144.31
229.76,124.38,285.39,124.38,285.39,144.61,229.76,144.61
230.41,123.97,285.59,123.97,285.59,144.03,230.41,144.03
228.08,124.01,283.79,124.01,283.79,144.27,228.08,144.27
228.13,124.04,284.16,124.04,284.16,144.41,228.13,144.41
229.94,123.64,286.14,123.64,286.14,144.07,229.94,144.07
222.29,126.32,278.99,126.32,278.99,146.94,222.29,146.94
230.35,121.25,287.55,121.25,287.55,142.05,230.35,142.05
227.37,121.03,285.65,121.03,285.65,142.23,227.37,142.23
231.54,120.17,289.21,120.17,289.21,141.14,231.54,141.14
231.93,119.88,288.8,119.88,288.8,140.56,231.93,140.56
232.41,119.54,288.73,119.54,288.73,140.02,232.41,140.02
230.45,121.03,286.88,121.03,286.88,141.55,230.45,141.55
229.55,120.87,285.68,120.87,285.68,141.28,229.55,141.28
230.49,121.52,286.11,121.52,286.11,141.75,230.49,141.75
224.38,123.76,279.78,123.76,279.78,143.91,224.38,143.91
224.69,124.28,280.31,124.28,280.31,144.51,224.69,144.51
222.22,126.25,277.39,126.25,277.39,146.31,222.22,146.31
222.04,126.59,276.42,126.59,276.42,146.36,222.04,146.36
219.82,126.59,274.49,126.59,274.49,146.47,219.82,146.47
234.01,125.29,288.2,125.29,288.2,145,234.01,145
233.54,125.86,287.89,125.86,287.89,145.63,233.54,145.63
217.14,136.69,271.6,136.69,271.6,156.49,217.14,156.49
232.42,126.12,286.37,126.12,286.37,145.74,232.42,145.74
214.66,141.59,268.23,141.59,268.23,161.07,214.66,161.07
215.76,140.79,266.96,140.79,266.96,159.41,215.76,159.41
213.12,143.4,264.56,143.4,264.56,162.11,213.12,162.11
209.9,146.67,261.45,146.67,261.45,165.42,209.9,165.42
209.92,146.34,261.46,146.34,261.46,165.08,209.92,165.08
209.23,147.18,259.9,147.18,259.9,165.6,209.23,165.6
209.72,146.81,260.28,146.81,260.28,165.19,209.72,165.19
208.65,147.17,258.72,147.17,258.72,165.37,208.65,165.37
209.38,147.97,259.4,147.97,259.4,166.15,209.38,166.15
209.32,148.29,259.08,148.29,259.08,166.38,209.32,166.38
209.14,147.88,258.75,147.88,258.75,165.92,209.14,165.92
210.28,145.98,259.52,145.98,259.52,163.88,210.28,163.88
211.55,146.32,260.04,146.32,260.04,163.96,211.55,163.96
212.26,146.3,260.86,146.3,260.86,163.97,212.26,163.97
212.51,145.51,261.31,145.51,261.31,163.25,212.51,163.25
212.51,145.3,261.16,145.3,261.16,162.99,212.51,162.99
213.39,144.91,262.15,144.91,262.15,162.64,213.39,162.64
214.06,143.61,263.51,143.61,263.51,161.6,214.06,161.6
214.76,144.23,264.8,144.23,264.8,162.43,214.76,162.43
215.23,144.17,266.01,144.17,266.01,162.64,215.23,162.64
215.35,144.18,266.79,144.18,266.79,162.89,215.35,162.89
216.82,143.56,268.57,143.56,268.57,162.38,216.82,162.38
217.88,143.14,270.16,143.14,270.16,162.15,217.88,162.15
218.94,142.77,272.14,142.77,272.14,162.11,218.94,162.11
219.68,142.57,273.11,142.57,273.11,162,219.68,162
220.68,141.34,274.58,141.34,274.58,160.94,220.68,160.94
223.88,141.73,277.6,141.73,277.6,161.26,223.88,161.26
225.22,142.18,278.55,142.18,278.55,161.58,225.22,161.58
226.71,141.51,280,141.51,280,160.89,226.71,160.89
227.84,141.11,280.66,141.11,280.66,160.32,227.84,160.32
228.86,141.49,281.92,141.49,281.92,160.78,228.86,160.78
229.07,141.2,281.93,141.2,281.93,160.43,229.07,160.43
229.78,141.56,282.78,141.56,282.78,160.83,229.78,160.83
229.37,141.77,282.5,141.77,282.5,161.09,229.37,161.09
228.29,143.52,281.58,143.52,281.58,162.9,228.29,162.9
228.53,143.37,281.47,143.37,281.47,162.63,228.53,162.63
225.82,145.59,279.05,145.59,279.05,164.94,225.82,164.94
224.34,146.83,277.73,146.83,277.73,166.25,224.34,166.25
224.35,145.43,277.67,145.43,277.67,164.82,224.35,164.82
225.14,147.01,278.44,147.01,278.44,166.39,225.14,166.39
227.4,145.76,280.21,145.76,280.21,164.96,227.4,164.96
224.79,151.35,277.3,151.35,277.3,170.45,224.79,170.45
224.84,153.86,276.71,153.86,276.71,172.72,224.84,172.72
224.06,154.9,275.51,154.9,275.51,173.61,224.06,173.61
217.97,161.35,269.64,161.35,269.64,180.14,217.97,180.14
206.99,165.9,258.71,165.9,258.71,184.7,206.99,184.7
207.78,165.81,259.34,165.81,259.34,184.56,207.78,184.56
207.39,166.35,259.24,166.35,259.24,185.21,207.39,185.21
213.44,164.53,265.08,164.53,265.08,183.31,213.44,183.31
206.3,167.63,258.16,167.63,258.16,186.49,206.3,186.49
206.41,167.44,258.81,167.44,258.81,186.5,206.41,186.5
214.1,169.9,266.78,169.9,266.78,189.06,214.1,189.06
214.5,167.51,267.45,167.51,267.45,186.77,214.5,186.77
214.55,172.39,267.45,172.39,267.45,191.63,214.55,191.63
209.72,166.24,262.84,166.24,262.84,185.55,209.72,185.55
215.26,173.54,268.2,173.54,268.2,192.8,215.26,192.8
207.91,168.32,261.05,168.32,261.05,187.65,207.91,187.65
210.82,166.84,264.51,166.84,264.51,186.36,210.82,186.36
215.89,173.9,269.52,173.9,269.52,193.41,215.89,193.41
210.87,166.44,264.83,166.44,264.83,186.06,210.87,186.06
209.76,166.94,264,166.94,264,186.66,209.76,186.66
211.68,165.39,265.89,165.39,265.89,185.1,211.68,185.1
211.09,166.57,265.58,166.57,265.58,186.38,211.09,186.38
209.63,167.21,264.42,167.21,264.42,187.13,209.63,187.13
209.2,166.75,264.12,166.75,264.12,186.72,209.2,186.72
206.71,166.78,261.68,166.78,261.68,186.77,206.71,186.77
206.48,167.56,261.67,167.56,261.67,187.63,206.48,187.63
209.35,165.21,264.08,165.21,264.08,185.12,209.35,185.12
210.34,165.3,264.99,165.3,264.99,185.18,210.34,185.18
211.1,168.54,265.67,168.54,265.67,188.38,211.1,188.38
213.45,169.28,267.85,169.28,267.85,189.06,213.45,189.06
212.49,167.88,267.03,167.88,267.03,187.71,212.49,187.71
212.52,167.7,267.14,167.7,267.14,187.56,212.52,187.56
210.57,167.98,265.32,167.98,265.32,187.88,210.57,187.88
213.03,166.66,267.97,166.66,267.97,186.64,213.03,186.64
210.09,167.2,265.24,167.2,265.24,187.26,210.09,187.26
212.54,166.79,267.41,166.79,267.41,186.75,212.54,186.75
211.8,167.44,267,167.44,267,187.52,211.8,187.52
212.55,166.98,267.89,166.98,267.89,187.1,212.55,187.1
210.94,167.26,266.36,167.26,266.36,187.41,210.94,187.41
210.66,168.03,266.34,168.03,266.34,188.28,210.66,188.28
209.12,166.37,265.03,166.37,265.03,186.7,209.12,186.7
207.89,167.9,263.91,167.9,263.91,188.27,207.89,188.27
244.85,144.26,301.15,144.26,301.15,164.74,244.85,164.74
243.48,144.64,299.37,144.64,299.37,164.96,243.48,164.96
243.54,143.23,299.17,143.23,299.17,163.45,243.54,163.45
244.91,143.13,300.43,143.13,300.43,163.32,244.91,163.32
246.67,143.35,301.96,143.35,301.96,163.45,246.67,163.45
246.98,143.54,302.29,143.54,302.29,163.65,246.98,163.65
247.67,142.35,303.07,142.35,303.07,162.49,247.67,162.49
252.37,139.32,307.95,139.32,307.95,159.53,252.37,159.53
251.73,139.46,307.57,139.46,307.57,159.77,251.73,159.77
242.36,144.68,298.57,144.68,298.57,165.12,242.36,165.12
244.04,144.71,300.3,144.71,300.3,165.17,244.04,165.17
244.14,144.87,300.64,144.87,300.64,165.42,244.14,165.42
241.46,145.42,298.53,145.42,298.53,166.18,241.46,166.18
241.91,145.84,299.39,145.84,299.39,166.75,241.91,166.75
243.2,143.11,300.63,143.11,300.63,164,243.2,164
245.67,139.95,303.08,139.95,303.08,160.82,245.67,160.82
277.44,128.1,334.93,128.1,334.93,149,277.44,149
280.1,126.76,337.73,126.76,337.73,147.71,280.1,147.71
241.21,141.53,298.79,141.53,298.79,162.47,241.21,162.47
276.83,129,334.82,129,334.82,150.08,276.83,150.08
289.52,120.66,347.45,120.66,347.45,141.72,289.52,141.72
289.68,119.83,347.97,119.83,347.97,141.03,289.68,141.03
291.32,118.66,349.86,118.66,349.86,139.95,291.32,139.95
293.57,117.66,351.97,117.66,351.97,138.9,293.57,138.9
298.22,115.41,356.09,115.41,356.09,136.45,298.22,136.45
298.51,115.23,355.99,115.23,355.99,136.13,298.51,136.13
296.48,115.6,354.29,115.6,354.29,136.63,296.48,136.63
297.11,115.23,355.1,115.23,355.1,136.32,297.11,136.32
298.73,112.79,357.03,112.79,357.03,133.99,298.73,133.99
300.6,112.36,358.93,112.36,358.93,133.57,300.6,133.57
301.57,111.36,359.65,111.36,359.65,132.49,301.57,132.49
301.1,109.77,359.22,109.77,359.22,130.9,301.1,130.9
301.91,108.68,360.24,108.68,360.24,129.89,301.91,129.89
303.21,107.63,361.72,107.63,361.72,128.91,303.21,128.91
303.56,107.61,361.93,107.61,361.93,128.84,303.56,128.84
305.54,103.36,363.45,103.36,363.45,124.42,305.54,124.42
305.74,103.44,363.3,103.44,363.3,124.37,305.74,124.37
306.73,102.88,363.65,102.88,363.65,123.57,306.73,123.57
307.85,101.24,364.17,101.24,364.17,121.71,307.85,121.71
307.43,101.84,363.44,101.84,363.44,122.2,307.43,122.2
307.89,100.81,363.74,100.81,363.74,121.12,307.89,121.12
306.43,99.463,362.29,99.463,362.29,119.77,306.43,119.77
307.55,97.134,362.77,97.134,362.77,117.21,307.55,117.21
308.14,96.544,363,96.544,363,116.49,308.14,116.49
305.99,97.03,360.82,97.03,360.82,116.97,305.99,116.97
307.49,94.573,362.14,94.573,362.14,114.45,307.49,114.45
306.38,94.006,360.55,94.006,360.55,113.71,306.38,113.71
305.37,92.358,359.08,92.358,359.08,111.89,305.37,111.89
301.91,101.1,355.3,101.1,355.3,120.51,301.91,120.51
297.04,104.98,350.5,104.98,350.5,124.41,297.04,124.41
294.76,104.85,348.56,104.85,348.56,124.42,294.76,124.42
295.11,105.21,348.32,105.21,348.32,124.56,295.11,124.56
295.98,104.95,348.7,104.95,348.7,124.13,295.98,124.13
293.62,93.052,346.58,93.052,346.58,112.31,293.62,112.31
291.04,92.846,344.28,92.846,344.28,112.21,291.04,112.21
288.37,92.276,341.88,92.276,341.88,111.73,288.37,111.73
288.24,91.964,341.7,91.964,341.7,111.4,288.24,111.4
284.21,92.023,337.92,92.023,337.92,111.55,284.21,111.55
285.75,92.106,339.18,92.106,339.18,111.54,285.75,111.54
284.15,91.627,337.25,91.627,337.25,110.94,284.15,110.94
281.08,92.372,333.96,92.372,333.96,111.6,281.08,111.6
280.57,91.349,333.24,91.349,333.24,110.5,280.57,110.5
277,91.213,330.22,91.213,330.22,110.56,277,110.56
275.7,91.99,328.88,91.99,328.88,111.33,275.7,111.33
274.72,92.325,327.45,92.325,327.45,111.5,274.72,111.5
274.04,91.455,326.67,91.455,326.67,110.59,274.04,110.59
268.5,91.601,321.77,91.601,321.77,110.97,268.5,110.97
269.82,90.631,322.37,90.631,322.37,109.74,269.82,109.74
267.21,90.891,320.03,90.891,320.03,110.1,267.21,110.1
265.82,90.675,318.54,90.675,318.54,109.84,265.82,109.84
262,90.737,315.47,90.737,315.47,110.18,262,110.18
260.91,90.388,314.02,90.388,314.02,109.7,260.91,109.7
259.14,91.058,311.54,91.058,311.54,110.11,259.14,110.11
258.24,91.147,310,91.147,310,109.97,258.24,109.97
255.42,90.471,307.09,90.471,307.09,109.26,255.42,109.26
254.59,90.136,305.71,90.136,305.71,108.73,254.59,108.73
250.11,90.475,301.73,90.475,301.73,109.25,250.11,109.25
246.54,91.308,298.02,91.308,298.02,110.03,246.54,110.03
244.91,91.186,296.3,91.186,296.3,109.87,244.91,109.87
243.22,90.713,294.74,90.713,294.74,109.45,243.22,109.45
242.64,90.677,293.44,90.677,293.44,109.15,242.64,109.15
241.78,90.403,292.27,90.403,292.27,108.76,241.78,108.76
239.39,90.426,290.15,90.426,290.15,108.88,239.39,108.88
237.11,91.822,288.81,91.822,288.81,110.62,237.11,110.62
235.63,91.999,287.47,91.999,287.47,110.85,235.63,110.85
233.88,91.073,286.2,91.073,286.2,110.1,233.88,110.1
228.69,90.984,281.67,90.984,281.67,110.25,228.69,110.25
226.58,89.569,280.08,89.569,280.08,109.03,226.58,109.03
220.37,86.276,273.66,86.276,273.66,105.65,220.37,105.65
226.53,92.81,280.14,92.81,280.14,112.31,226.53,112.31
224.98,94.008,278.38,94.008,278.38,113.43,224.98,113.43
221.99,95.45,275.61,95.45,275.61,114.95,221.99,114.95
217.95,96.918,271.78,96.918,271.78,116.49,217.95,116.49
216.96,98.134,270.78,98.134,270.78,117.71,216.96,117.71
216.15,98.963,269.77,98.963,269.77,118.46,216.15,118.46
214.37,98.906,267.69,98.906,267.69,118.3,214.37,118.3
213.88,99.334,266.9,99.334,266.9,118.62,213.88,118.62
213.64,99.897,266.52,99.897,266.52,119.13,213.64,119.13
213.47,98.85,266.15,98.85,266.15,118,213.47,118
211.96,99.21,264.76,99.21,264.76,118.41,211.96,118.41
211.91,98.952,264.29,98.952,264.29,118,211.91,118
210.93,99.908,263.2,99.908,263.2,118.91,210.93,118.91
209.28,100.11,262.4,100.11,262.4,119.43,209.28,119.43
207.77,100.73,261.55,100.73,261.55,120.29,207.77,120.29
209.36,99.114,262.96,99.114,262.96,118.61,209.36,118.61
211.14,96.855,264.61,96.855,264.61,116.3,211.14,116.3
210.81,96.4,264.75,96.4,264.75,116.01,210.81,116.01
211.97,96.733,266.19,96.733,266.19,116.45,211.97,116.45
211.45,96.725,266.26,96.725,266.26,116.66,211.45,116.66
213.27,97.865,268.27,97.865,268.27,117.86,213.27,117.86
214.02,97.294,269.32,97.294,269.32,117.41,214.02,117.41
215.9,99.583,271.4,99.583,271.4,119.76,215.9,119.76
219.27,101.72,274.63,101.72,274.63,121.85,219.27,121.85
220.45,104.12,275.84,104.12,275.84,124.26,220.45,124.26
256.95,143.98,312.05,143.98,312.05,164.02,256.95,164.02
222.97,109.51,278.05,109.51,278.05,129.54,222.97,129.54
223.96,111.42,279.12,111.42,279.12,131.48,223.96,131.48
252.29,143.92,307.71,143.92,307.71,164.08,252.29,164.08
227.72,115.6,282.66,115.6,282.66,135.57,227.72,135.57
226.88,117.85,283.04,117.85,283.04,138.27,226.88,138.27
250.13,142.68,306.87,142.68,306.87,163.32,250.13,163.32
234.06,125.64,290.29,125.64,290.29,146.08,234.06,146.08
236.42,128.35,292.43,128.35,292.43,148.72,236.42,148.72
240.29,131.62,296.25,131.62,296.25,151.97,240.29,151.97
242.61,133.14,298.51,133.14,298.51,153.46,242.61,153.46
243.65,134.91,299.87,134.91,299.87,155.35,243.65,155.35
246.96,136.93,302.91,136.93,302.91,157.28,246.96,157.28
250.01,137.15,305.81,137.15,305.81,157.44,250.01,157.44
250.46,135.71,306.2,135.71,306.2,155.98,250.46,155.98
251.63,136.06,307.42,136.06,307.42,156.34,251.63,156.34
255.22,136.7,310.79,136.7,310.79,156.91,255.22,156.91
260.17,136.77,315.32,136.77,315.32,156.83,260.17,156.83
230.35,143.63,284.65,143.63,284.65,163.37,230.35,163.37
230.32,143.68,283.73,143.68,283.73,163.1,230.32,163.1
232.75,145.62,286.09,145.62,286.09,165.01,232.75,165.01
233.1,146.55,286.24,146.55,286.24,165.87,233.1,165.87
239.89,147.88,292.75,147.88,292.75,167.1,239.89,167.1
242.36,147.98,295.07,147.98,295.07,167.15,242.36,167.15
252.65,144.92,305.35,144.92,305.35,164.08,252.65,164.08
267.64,130.46,320.29,130.46,320.29,149.61,267.64,149.61
267.99,126.24,321.15,126.24,321.15,145.57,267.99,145.57
268.27,124.49,321.01,124.49,321.01,143.67,268.27,143.67
268.46,120.54,320.79,120.54,320.79,139.57,268.46,139.57
269.4,118.5,321.8,118.5,321.8,137.55,269.4,137.55
270.22,117.43,322.63,117.43,322.63,136.48,270.22,136.48
270.71,116.71,323.25,116.71,323.25,135.81,270.71,135.81
272.35,113.87,325.61,113.87,325.61,133.24,272.35,133.24
274.9,111.67,327.56,111.67,327.56,130.82,274.9,130.82
277.23,109.02,329.95,109.02,329.95,128.19,277.23,128.19
278.22,108.19,331.3,108.19,331.3,127.49,278.22,127.49
281.76,106.38,334.39,106.38,334.39,125.52,281.76,125.52
282.19,104.66,335.35,104.66,335.35,123.99,282.19,123.99
283.86,104,336.64,104,336.64,123.19,283.86,123.19
285.17,102.04,338.62,102.04,338.62,121.48,285.17,121.48
287.34,100.59,341.27,100.59,341.27,120.2,287.34,120.2
291.55,100.13,344.91,100.13,344.91,119.54,291.55,119.54
293.64,98.666,347.32,98.666,347.32,118.19,293.64,118.19
306.7,95.007,361.01,95.007,361.01,114.75,306.7,114.75
313.03,92.386,367.69,92.386,367.69,112.26,313.03,112.26
316.96,91.549,371.54,91.549,371.54,111.4,316.96,111.4
320.14,90.309,374.82,90.309,374.82,110.19,320.14,110.19
321.56,89.662,376.35,89.662,376.35,109.58,321.56,109.58
322.05,89.582,377.15,89.582,377.15,109.62,322.05,109.62
323.3,88.427,378.59,88.427,378.59,108.53,323.3,108.53
325.96,87.459,380.4,87.459,380.4,107.26,325.96,107.26
325.04,87.339,379.47,87.339,379.47,107.13,325.04,107.13
325.06,86.375,379.03,86.375,379.03,106,325.06,106
324.48,86.083,377.59,86.083,377.59,105.39,324.48,105.39
324.32,86.164,376.67,86.164,376.67,105.2,324.32,105.2
315.87,93.032,368.34,93.032,368.34,112.11,315.87,112.11
314.64,92.128,367.78,92.128,367.78,111.45,314.64,111.45
313.37,92.974,366.59,92.974,366.59,112.33,313.37,112.33
310.57,94.282,363.68,94.282,363.68,113.59,310.57,113.59
310,97.024,362.44,97.024,362.44,116.09,310,116.09
309.13,99.233,361.36,99.233,361.36,118.23,309.13,118.23
306.17,110.56,358.04,110.56,358.04,129.42,306.17,129.42
301.14,118.24,353.26,118.24,353.26,137.19,301.14,137.19
296.87,126,349.11,126,349.11,145,296.87,145
294.64,131.81,346.89,131.81,346.89,150.8,294.64,150.8
292.35,136.43,344.7,136.43,344.7,155.46,292.35,155.46
289.84,143.54,342.34,143.54,342.34,162.63,289.84,162.63
283.25,151.86,335.9,151.86,335.9,171.01,283.25,171.01
280.72,154.77,333.3,154.77,333.3,173.89,280.72,173.89
276.68,157,329.43,157,329.43,176.18,276.68,176.18
272.8,159.59,325.54,159.59,325.54,178.77,272.8,178.77
270.56,160.88,323.64,160.88,323.64,180.18,270.56,180.18
268.06,163.06,321.13,163.06,321.13,182.35,268.06,182.35
265.96,164.16,319.1,164.16,319.1,183.49,265.96,183.49
261.74,165.98,314.68,165.98,314.68,185.23,261.74,185.23
259.72,166.52,312.8,166.52,312.8,185.83,259.72,185.83
258.25,166.28,311.42,166.28,311.42,185.61,258.25,185.61
256.52,166.71,309.56,166.71,309.56,186,256.52,186
252.98,166.92,305.91,166.92,305.91,186.17,252.98,186.17
252.18,165.72,305.22,165.72,305.22,185,252.18,185
252.64,164.08,305.51,164.08,305.51,183.3,252.64,183.3
253.55,161.37,306.29,161.37,306.29,180.55,253.55,180.55
254.34,160.2,307.22,160.2,307.22,179.43,254.34,179.43
255.17,159.28,307.94,159.28,307.94,178.47,255.17,178.47
255.05,159.22,307.99,159.22,307.99,178.47,255.05,178.47
256.85,159.25,309.42,159.25,309.42,178.36,256.85,178.36
258.27,158.28,310.7,158.28,310.7,177.34,258.27,177.34
259.26,158.56,311.91,158.56,311.91,177.7,259.26,177.7
260.71,157.77,313.67,157.77,313.67,177.03,260.71,177.03
260.92,157.53,314.48,157.53,314.48,177,260.92,177
261.84,156.41,316.05,156.41,316.05,176.13,261.84,176.13
263.39,156.24,318,156.24,318,176.1,263.39,176.1
264.6,156.82,319.5,156.82,319.5,176.78,264.6,176.78
266.9,156.7,321.87,156.7,321.87,176.69,266.9,176.69
269.38,158.06,324.55,158.06,324.55,178.12,269.38,178.12
272.14,160,327.36,160,327.36,180.08,272.14,180.08
274.54,165.88,330,165.88,330,186.04,274.54,186.04
276.43,167.1,331.87,167.1,331.87,187.26,276.43,187.26
280.33,167.22,335.87,167.22,335.87,187.41,280.33,187.41
279.68,167.47,335.35,167.47,335.35,187.71,279.68,187.71
281.53,166.26,337.32,166.26,337.32,186.55,281.53,186.55
285.06,164.68,341,164.68,341,185.02,285.06,185.02
288.5,163.06,343.88,163.06,343.88,183.19,288.5,183.19
291.43,161.92,346.49,161.92,346.49,181.94,291.43,181.94
291.1,160.92,345.98,160.92,345.98,180.87,291.1,180.87
291.18,160.26,346.46,160.26,346.46,180.36,291.18,180.36
292.81,159.08,347.7,159.08,347.7,179.04,292.81,179.04
293.11,157.5,347.63,157.5,347.63,177.32,293.11,177.32
293.61,157.11,348.32,157.11,348.32,177.01,293.61,177.01
294.09,156.2,348.32,156.2,348.32,175.92,294.09,175.92
293.53,154.52,347.57,154.52,347.57,174.17,293.53,174.17
286.16,159.24,340.49,159.24,340.49,178.99,286.16,178.99
286.49,156.97,341.05,156.97,341.05,176.81,286.49,176.81
286.45,156.63,341.09,156.63,341.09,176.5,286.45,176.5
284.35,155.81,338.47,155.81,338.47,175.49,284.35,175.49
281.47,156.37,335.56,156.37,335.56,176.04,281.47,176.04
279.51,156.48,333.61,156.48,333.61,176.15,279.51,176.15
277.51,156.49,331.62,156.49,331.62,176.17,277.51,176.17
274.62,156.76,329.31,156.76,329.31,176.65,274.62,176.65
272.38,157.69,327.33,157.69,327.33,177.67,272.38,177.67
265.13,158.44,320.69,158.44,320.69,178.65,265.13,178.65
263.2,159.78,318.94,159.78,318.94,180.05,263.2,180.05
258.09,159.89,314.46,159.89,314.46,180.39,258.09,180.39
256,160.94,312.74,160.94,312.74,181.57,256,181.57
250.82,162.41,307.99,162.41,307.99,183.2,250.82,183.2
243.65,163.07,300.94,163.07,300.94,183.9,243.65,183.9
240.16,163.02,297.78,163.02,297.78,183.97,240.16,183.97
237.74,163.99,295.41,163.99,295.41,184.96,237.74,184.96
234.03,163.98,291.42,163.98,291.42,184.84,234.03,184.84
230.22,164.52,287.56,164.52,287.56,185.37,230.22,185.37
227.12,164.86,284.2,164.86,284.2,185.61,227.12,185.61
224.89,165.56,281.81,165.56,281.81,186.26,224.89,186.26
217.96,166.12,275.32,166.12,275.32,186.98,217.96,186.98
214.39,165.34,272.25,165.34,272.25,186.38,214.39,186.38
211.47,166.16,269.9,166.16,269.9,187.41,211.47,187.41
207.88,166.84,266.76,166.84,266.76,188.24,207.88,188.24
204.04,166.84,263.69,166.84,263.69,188.53,204.04,188.53
200.39,168.09,260.39,168.09,260.39,189.91,200.39,189.91
198.21,169.39,258.63,169.39,258.63,191.35,198.21,191.35
190.11,169.97,251.26,169.97,251.26,192.21,190.11,192.21
187.3,170.64,248.62,170.64,248.62,192.94,187.3,192.94
183.21,170.78,244.73,170.78,244.73,193.15,183.21,193.15
181.12,173.82,243.07,173.82,243.07,196.35,181.12,196.35
176.91,176.46,238.64,176.46,238.64,198.91,176.91,198.91
169.14,178.52,230.46,178.52,230.46,200.81,169.14,200.81
165.37,178.62,226.34,178.62,226.34,200.79,165.37,200.79
159.46,178.77,220.17,178.77,220.17,200.85,159.46,200.85
156.9,179.05,217,179.05,217,200.91,156.9,200.91
153.77,179.63,213.98,179.63,213.98,201.52,153.77,201.52
147.4,180.1,207.38,180.1,207.38,201.91,147.4,201.91
144.71,180.9,204.6,180.9,204.6,202.68,144.71,202.68
142.99,181,202.21,181,202.21,202.53,142.99,202.53
140.24,181.79,198.92,181.79,198.92,203.13,140.24,203.13
134.6,182.51,193.35,182.51,193.35,203.88,134.6,203.88
132.16,183.45,190.58,183.45,190.58,204.7,132.16,204.7
127.33,186.13,185.22,186.13,185.22,207.18,127.33,207.18
124.48,186.77,182.21,186.77,182.21,207.76,124.48,207.76
122.41,187.61,180.32,187.61,180.32,208.67,122.41,208.67
120.34,187.03,178.13,187.03,178.13,208.04,120.34,208.04
119.27,186.19,177.1,186.19,177.1,207.22,119.27,207.22
119.35,185.23,176.97,185.23,176.97,206.19,119.35,206.19
120.48,185.81,177.9,185.81,177.9,206.69,120.48,206.69
146.29,182.16,203.56,182.16,203.56,202.99,146.29,202.99
145.14,180.64,202.47,180.64,202.47,201.48,145.14,201.48
144.27,180.63,201.63,180.63,201.63,201.48,144.27,201.48
144.06,179.75,201.51,179.75,201.51,200.64,144.06,200.64
145.13,178.07,202.49,178.07,202.49,198.93,145.13,198.93
145.02,177.25,202.11,177.25,202.11,198.01,145.02,198.01
147.01,175.86,203.66,175.86,203.66,196.46,147.01,196.46
147.29,173.98,203.8,173.98,203.8,194.52,147.29,194.52
147.72,173.24,203.96,173.24,203.96,193.69,147.72,193.69
148.69,172.03,204.94,172.03,204.94,192.48,148.69,192.48
149.26,170.76,205.5,170.76,205.5,191.21,149.26,191.21
148.64,170.09,205.33,170.09,205.33,190.71,148.64,190.71
151.86,165.88,208.21,165.88,208.21,186.37,151.86,186.37
153.66,163.74,209.71,163.74,209.71,184.12,153.66,184.12
155.98,161.82,211.48,161.82,211.48,182,155.98,182
156.71,160.79,212,160.79,212,180.9,156.71,180.9
158.74,157.47,213.59,157.47,213.59,177.41,158.74,177.41
159.84,155.31,214.5,155.31,214.5,175.19,159.84,175.19
161.6,153.92,215.99,153.92,215.99,173.69,161.6,173.69
159.18,153.92,214.27,153.92,214.27,173.95,159.18,173.95
164.5,149.12,219.45,149.12,219.45,169.1,164.5,169.1
165.41,147.67,220.26,147.67,220.26,167.62,165.41,167.62
166.38,146.42,221.19,146.42,221.19,166.35,166.38,166.35
167.45,145.66,222.15,145.66,222.15,165.55,167.45,165.55
167.66,144.14,222.31,144.14,222.31,164.01,167.66,164.01
166.23,141.91,220.96,141.91,220.96,161.81,166.23,161.81
165.12,140.8,220.22,140.8,220.22,160.84,165.12,160.84
163.59,139.03,218.82,139.03,218.82,159.12,163.59,159.12
165.84,135.47,220.25,135.47,220.25,155.26,165.84,155.26
164.47,132.69,218.69,132.69,218.69,152.41,164.47,152.41
162.61,132.11,216.71,132.11,216.71,151.78,162.61,151.78
163.66,127.29,217.21,127.29,217.21,146.77,163.66,146.77
161.59,127.16,214.9,127.16,214.9,146.54,161.59,146.54
149.91,130.99,203.62,130.99,203.62,150.53,149.91,150.53
152.13,128.07,205.88,128.07,205.88,147.62,152.13,147.62
148.95,127.96,202.85,127.96,202.85,147.56,148.95,147.56
147.39,127.82,201.27,127.82,201.27,147.41,147.39,147.41
147.2,125.25,201.14,125.25,201.14,144.87,147.2,144.87
147.51,121.79,201.49,121.79,201.49,141.42,147.51,141.42
146.6,121.23,200.83,121.23,200.83,140.95,146.6,140.95
142.3,119.78,197.04,119.78,197.04,139.68,142.3,139.68
141.52,119.79,196.33,119.79,196.33,139.72,141.52,139.72
138.61,119.6,193.48,119.6,193.48,139.55,138.61,139.55
136.72,119.32,191.51,119.32,191.51,139.24,136.72,139.24
135.78,125.56,189.66,125.56,189.66,145.15,135.78,145.15
132.2,128,185.84,128,185.84,147.5,132.2,147.5
129.37,132.66,183.07,132.66,183.07,152.19,129.37,152.19
127.37,137.3,180.67,137.3,180.67,156.69,127.37,156.69
124.26,139.18,177.69,139.18,177.69,158.6,124.26,158.6
122.11,144.16,175.07,144.16,175.07,163.42,122.11,163.42
116.03,149.15,169.01,149.15,169.01,168.41,116.03,168.41
123.64,140.41,176.36,140.41,176.36,159.59,123.64,159.59
109.33,149.16,162.46,149.16,162.46,168.48,109.33,168.48
103.04,151.07,156.28,151.07,156.28,170.44,103.04,170.44
97.714,153.17,151.04,153.17,151.04,172.56,97.714,172.56
99.397,164.98,152.15,164.98,152.15,184.16,99.397,184.16
97.574,167.31,150.14,167.31,150.14,186.42,97.574,186.42
91.923,171.2,144.47,171.2,144.47,190.31,91.923,190.31
89.115,173.65,141.65,173.65,141.65,192.75,89.115,192.75
85.527,178.72,138.06,178.72,138.06,197.82,85.527,197.82
83.365,180.91,136,180.91,136,200.05,83.365,200.05
80.855,181.64,133.58,181.64,133.58,200.81,80.855,200.81
78.536,183.06,131.55,183.06,131.55,202.33,78.536,202.33
73.732,186.41,126.83,186.41,126.83,205.72,73.732,205.72
69.555,190.96,123.3,190.96,123.3,210.51,69.555,210.51
71.835,183.36,125.29,183.36,125.29,202.8,71.835,202.8
69.497,187.16,122.69,187.16,122.69,206.51,69.497,206.51
61.01,195.32,114.39,195.32,114.39,214.73,61.01,214.73
55.824,205.89,109.22,205.89,109.22,225.3,55.824,225.3
52.318,206.83,105.73,206.83,105.73,226.25,52.318,226.25
48.093,204.08,101.16,204.08,101.16,223.38,48.093,223.38
43.771,203.91,96.921,203.91,96.921,223.24,43.771,223.24
46.388,204.42,99.236,204.42,99.236,223.64,46.388,223.64
43.413,203.04,96.555,203.04,96.555,222.37,43.413,222.37
42.345,203.15,95.135,203.15,95.135,222.35,42.345,222.35
70.032,189.38,122.97,189.38,122.97,208.62,70.032,208.62
68.984,189.89,121.78,189.89,121.78,209.09,68.984,209.09
69.164,187.85,122.18,187.85,122.18,207.12,69.164,207.12
70.747,187.47,123.91,187.47,123.91,206.8,70.747,206.8
72.01,186.23,125.14,186.23,125.14,205.55,72.01,205.55
72.792,185.82,126.1,185.82,126.1,205.2,72.792,205.2
72.291,185.04,125.88,185.04,125.88,204.52,72.291,204.52
76.909,184.24,130.5,184.24,130.5,203.72,76.909,203.72
76.728,184.29,130.78,184.29,130.78,203.95,76.728,203.95
78.126,183.76,132.14,183.76,132.14,203.4,78.126,203.4
78.775,183.51,133.2,183.51,133.2,203.3,78.775,203.3
77.314,182.96,132.33,182.96,132.33,202.97,77.314,202.97
76.535,182.81,132.07,182.81,132.07,203,76.535,203
83.51,183.44,138.65,183.44,138.65,203.49,83.51,203.49
82.935,183.39,138.08,183.39,138.08,203.44,82.935,203.44
84.421,182.95,139.33,182.95,139.33,202.91,84.421,202.91
85.406,183.23,140.57,183.23,140.57,203.29,85.406,203.29
87.955,183.64,142.78,183.64,142.78,203.57,87.955,203.57
91.625,183.65,146.39,183.65,146.39,203.56,91.625,203.56
92.387,184.56,147.51,184.56,147.51,204.61,92.387,204.61
92.865,184.66,148.02,184.66,148.02,204.72,92.865,204.72
94.832,184.33,150.01,184.33,150.01,204.4,94.832,204.4
97.76,183.16,152.49,183.16,152.49,203.06,97.76,203.06
99.976,183.18,154.7,183.18,154.7,203.09,99.976,203.09
101.41,182.7,156.19,182.7,156.19,202.62,101.41,202.62
101.25,182.19,156.08,182.19,156.08,202.13,101.25,202.13
100.96,179.72,155.78,179.72,155.78,199.66,100.96,199.66
102.38,178.4,157.22,178.4,157.22,198.34,102.38,198.34
102.54,177.66,157.25,177.66,157.25,197.55,102.54,197.55
103.3,178.2,157.95,178.2,157.95,198.08,103.3,198.08
103.88,177.15,158.22,177.15,158.22,196.91,103.88,196.91
103.09,176.63,157.11,176.63,157.11,196.27,103.09,196.27
102.4,176.5,156.02,176.5,156.02,196,102.4,196
101.54,176.06,154.7,176.06,154.7,195.39,101.54,195.39
101.52,175.74,154.08,175.74,154.08,194.86,101.52,194.86
100.63,175.05,152.62,175.05,152.62,193.96,100.63,193.96
100.79,174.32,151.87,174.32,151.87,192.9,100.79,192.9
93.971,180.03,145.33,180.03,145.33,198.7,93.971,198.7
91.213,180.5,142.94,180.5,142.94,199.31,91.213,199.31
90.495,180.99,142.24,180.99,142.24,199.8,90.495,199.8
92.292,179.94,143.89,179.94,143.89,198.71,92.292,198.71
88.832,181.46,140.44,181.46,140.44,200.22,88.832,200.22
86.926,180.16,139.01,180.16,139.01,199.1,86.926,199.1
84.208,180.67,136.97,180.67,136.97,199.86,84.208,199.86
83.54,179.18,136.61,179.18,136.61,198.48,83.54,198.48
86.214,177.09,138.5,177.09,138.5,196.1,86.214,196.1
84.701,177.55,136.55,177.55,136.55,196.4,84.701,196.4
85.037,176.2,135.84,176.2,135.84,194.68,85.037,194.68
84.529,176.28,135.08,176.28,135.08,194.66,84.529,194.66
83.614,175.4,133.96,175.4,133.96,193.71,83.614,193.71
83.508,173.31,133.27,173.31,133.27,191.4,83.508,191.4
83.643,172.52,132.82,172.52,132.82,190.41,83.643,190.41
84.304,171.91,132.82,171.91,132.82,189.56,84.304,189.56
83.7,171.46,132.24,171.46,132.24,189.11,83.7,189.11
84.616,169.56,133.1,169.56,133.1,187.19,84.616,187.19
87.19,168.47,135.87,168.47,135.87,186.17,87.19,186.17
85.938,164.7,134.69,164.7,134.69,182.43,85.938,182.43
91.089,168.68,140.15,168.68,140.15,186.52,91.089,186.52
94.251,168.13,143.6,168.13,143.6,186.07,94.251,186.07
100.69,164.88,150.34,164.88,150.34,182.94,100.69,182.94
104.56,163.77,154.4,163.77,154.4,181.89,104.56,181.89
106.79,162.69,157.17,162.69,157.17,181.01,106.79,181.01
106.39,162.26,157.29,162.26,157.29,180.76,106.39,180.76
107.81,162.59,158.9,162.59,158.9,181.17,107.81,181.17
106.85,162.24,158.21,162.24,158.21,180.92,106.85,180.92
106.79,163.76,159.37,163.76,159.37,182.88,106.79,182.88
106.8,164.56,160.27,164.56,160.27,184.01,106.8,184.01
107.22,164.71,161.24,164.71,161.24,184.36,107.22,184.36
108.25,163.82,162.61,163.82,162.61,183.59,108.25,183.59
115.65,164.76,169.99,164.76,169.99,184.52,115.65,184.52
123.28,165.83,177.12,165.83,177.12,185.41,123.28,185.41
126.87,168.84,180.75,168.84,180.75,188.43,126.87,188.43
119.99,164.12,173.58,164.12,173.58,183.61,119.99,183.61
116.92,163.23,170.13,163.23,170.13,182.58,116.92,182.58
119.45,165.91,172.38,165.91,172.38,185.15,119.45,185.15
120.48,167.22,173.94,167.22,173.94,186.66,120.48,186.66
120.51,169.88,173.04,169.88,173.04,188.98,120.51,188.98
138.16,182.32,191.6,182.32,191.6,201.75,138.16,201.75
137.18,184.45,191.49,184.45,191.49,204.2,137.18,204.2
133.37,183.75,188.11,183.75,188.11,203.66,133.37,203.66
133,184.5,187.8,184.5,187.8,204.43,133,204.43
138.34,182.87,193.47,182.87,193.47,202.92,138.34,202.92
142.9,186.53,198.04,186.53,198.04,206.58,142.9,206.58
158.24,179.05,213.57,179.05,213.57,199.17,158.24,199.17
162.97,179.52,217.74,179.52,217.74,199.44,162.97,199.44
165.32,178.31,219.98,178.31,219.98,198.18,165.32,198.18
161.24,179.01,215.7,179.01,215.7,198.81,161.24,198.81
160.43,178.76,214.62,178.76,214.62,198.46,160.43,198.46
158.22,178.47,212.38,178.47,212.38,198.17,158.22,198.17
157.82,178.06,212.17,178.06,212.17,197.82,157.82,197.82
157.66,178.05,211.87,178.05,211.87,197.76,157.66,197.76
157.13,177.77,210.9,177.77,210.9,197.32,157.13,197.32
155.7,178.38,208.89,178.38,208.89,197.73,155.7,197.73
154.09,180.12,206.9,180.12,206.9,199.32,154.09,199.32
151.97,181.33,204.61,181.33,204.61,200.47,151.97,200.47
150.29,181.91,203.09,181.91,203.09,201.12,150.29,201.12
147.79,182.42,201.01,182.42,201.01,201.78,147.79,201.78
146.37,183.82,199.42,183.82,199.42,203.11,146.37,203.11
142.62,182.91,196.34,182.91,196.34,202.44,142.62,202.44
135.68,182.23,190.96,182.23,190.96,202.33,135.68,202.33
131.28,182.5,187.2,182.5,187.2,202.84,131.28,202.84
141.4,182.77,196.94,182.77,196.94,202.96,141.4,202.96
141.45,181.63,196.57,181.63,196.57,201.68,141.45,201.68
148.95,180.47,204.08,180.47,204.08,200.52,148.95,200.52
152.74,180.43,207.64,180.43,207.64,200.4,152.74,200.4
160.52,181.22,215.25,181.22,215.25,201.12,160.52,201.12
164.81,181.01,219.4,181.01,219.4,200.87,164.81,200.87
164.75,182.26,219.48,182.26,219.48,202.17,164.75,202.17
170.88,180.97,225.36,180.97,225.36,200.78,170.88,200.78
174.98,180.66,229.26,180.66,229.26,200.4,174.98,200.4
187.11,174.13,241.72,174.13,241.72,193.98,187.11,193.98
197.05,174.22,251.79,174.22,251.79,194.13,197.05,194.13
198.3,174.67,253.15,174.67,253.15,194.62,198.3,194.62
209.66,171.71,264.64,171.71,264.64,191.71,209.66,191.71
219.26,172.07,274.53,172.07,274.53,192.17,219.26,192.17
228.73,171.33,284.12,171.33,284.12,191.47,228.73,191.47
234.87,170.34,290.32,170.34,290.32,190.5,234.87,190.5
224.91,175.25,279.81,175.25,279.81,195.21,224.91,195.21
228.5,175.39,283.04,175.39,283.04,195.22,228.5,195.22
229.39,175.89,283.93,175.89,283.93,195.72,229.39,195.72
252.63,167.05,307.37,167.05,307.37,186.95,252.63,186.95
259.41,167.26,314.35,167.26,314.35,187.24,259.41,187.24
260.22,165.45,315.5,165.45,315.5,185.55,260.22,185.55
263.26,164.77,318.25,164.77,318.25,184.77,263.26,184.77
263.95,163.59,318.96,163.59,318.96,183.59,263.95,183.59
265.99,162.57,321.07,162.57,321.07,182.6,265.99,182.6
268.12,160.67,323,160.67,323,180.63,268.12,180.63
268.89,159.91,323.99,159.91,323.99,179.95,268.89,179.95
269.81,159.31,324.49,159.31,324.49,179.2,269.81,179.2
270.89,158.87,325.38,158.87,325.38,178.69,270.89,178.69
270.62,158.32,325.21,158.32,325.21,178.17,270.62,178.17
269.79,156.7,324.38,156.7,324.38,176.55,269.79,176.55
268.77,155.9,323.46,155.9,323.46,175.79,268.77,175.79
267.84,155.09,322.58,155.09,322.58,174.99,267.84,174.99
264.88,152.95,319.62,152.95,319.62,172.85,264.88,172.85
264.32,152.11,319.25,152.11,319.25,172.08,264.32,172.08
264.69,151.44,319.37,151.44,319.37,171.32,264.69,171.32
262.25,151.82,317.44,151.82,317.44,171.9,262.25,171.9
262.58,150.29,317.39,150.29,317.39,170.22,262.58,170.22
262.27,150.87,316.8,150.87,316.8,170.71,262.27,170.71
261.49,150.46,315.58,150.46,315.58,170.13,261.49,170.13
259.59,149.77,312.95,149.77,312.95,169.18,259.59,169.18
259.52,150.73,311.99,150.73,311.99,169.81,259.52,169.81
255.97,153.88,308.4,153.88,308.4,172.95,255.97,172.95
254.01,155.15,306.36,155.15,306.36,174.18,254.01,174.18
252.78,155.36,305.16,155.36,305.16,174.41,252.78,174.41
251.09,155.74,303.29,155.74,303.29,174.72,251.09,174.72
249.55,155.84,301.63,155.84,301.63,174.78,249.55,174.78
246.75,155.85,299.14,155.85,299.14,174.9,246.75,174.9
243.51,157.17,295.59,157.17,295.59,176.11,243.51,176.11
241.75,157.49,293.76,157.49,293.76,176.4,241.75,176.4
239.78,158.75,291.79,158.75,291.79,177.66,239.78,177.66
238.35,159.89,290.32,159.89,290.32,178.79,238.35,178.79
235.52,162.07,287.42,162.07,287.42,180.94,235.52,180.94
234.49,163.26,286.47,163.26,286.47,182.16,234.49,182.16
233.54,164,285.88,164,285.88,183.04,233.54,183.04
232.96,165.12,285.5,165.12,285.5,184.23,232.96,184.23
229.89,165.3,283.26,165.3,283.26,184.7,229.89,184.7
229.42,165.36,282.99,165.36,282.99,184.84,229.42,184.84
230.21,164.44,283.58,164.44,283.58,183.85,230.21,183.85
229.57,164.13,282.83,164.13,282.83,183.5,229.57,183.5
231.32,161.12,284.51,161.12,284.51,180.46,231.32,180.46
232.21,159.82,285.02,159.82,285.02,179.03,232.21,179.03
232.24,158.34,284.98,158.34,284.98,177.52,232.24,177.52
232.05,156.93,285.27,156.93,285.27,176.28,232.05,176.28
232.99,156.79,286.34,156.79,286.34,176.2,232.99,176.2
233.42,155.86,286.65,155.86,286.65,175.21,233.42,175.21
234.29,155.6,287.83,155.6,287.83,175.06,234.29,175.06
234.66,154.9,288.31,154.9,288.31,174.41,234.66,174.41
236.21,154.84,289.86,154.84,289.86,174.35,236.21,174.35
236.68,154.87,290.55,154.87,290.55,174.46,236.68,174.46
238.54,155.06,292.31,155.06,292.31,174.61,238.54,174.61
239.62,155.23,293.41,155.23,293.41,174.78,239.62,174.78
240.44,154.66,294.02,154.66,294.02,174.15,240.44,174.15
241.53,154.35,294.84,154.35,294.84,173.74,241.53,173.74
242.29,154.39,295.58,154.39,295.58,173.77,242.29,173.77
243.56,154.83,296.74,154.83,296.74,174.17,243.56,174.17
244.22,155.12,297.15,155.12,297.15,174.36,244.22,174.36
245.02,155.13,298.06,155.13,298.06,174.42,245.02,174.42
245.84,155.2,298.89,155.2,298.89,174.49,245.84,174.49
246.58,154.94,299.69,154.94,299.69,174.25,246.58,174.25
248.45,154.31,301.79,154.31,301.79,173.71,248.45,173.71
249.45,153.61,302.86,153.61,302.86,173.03,249.45,173.03
250.15,153.73,303.72,153.73,303.72,173.21,250.15,173.21
251.08,153.27,304.82,153.27,304.82,172.81,251.08,172.81
252.94,153.15,306.96,153.15,306.96,172.8,252.94,172.8
254.12,152.43,308.15,152.43,308.15,172.07,254.12,172.07
256.18,151.32,310.22,151.32,310.22,170.97,256.18,170.97
256.94,151,310.9,151,310.9,170.62,256.94,170.62
257.02,150.03,311.38,150.03,311.38,169.8,257.02,169.8
260.44,146.73,315,146.73,315,166.57,260.44,166.57
261.83,146.65,316.64,146.65,316.64,166.58,261.83,166.58
264.33,145.3,319.22,145.3,319.22,165.26,264.33,165.26
264.77,143.53,319.48,143.53,319.48,163.42,264.77,163.42
265.6,142.43,320.17,142.43,320.17,162.27,265.6,162.27
267.14,140.84,320.97,140.84,320.97,160.41,267.14,160.41
268.24,140.32,321.1,140.32,321.1,159.54,268.24,159.54
267.5,139.38,319.71,139.38,319.71,158.37,267.5,158.37
264.25,140,317.08,140,317.08,159.21,264.25,159.21
262.63,139.88,315.96,139.88,315.96,159.27,262.63,159.27
261.78,138.85,315.43,138.85,315.43,158.36,261.78,158.36
260.54,138.77,314.52,138.77,314.52,158.4,260.54,158.4
261.69,138.43,315.36,138.43,315.36,157.94,261.69,157.94
259.75,137.81,312.75,137.81,312.75,157.08,259.75,157.08
259.17,137.7,311.99,137.7,311.99,156.91,259.17,156.91
259.14,137.16,311.15,137.16,311.15,156.08,259.14,156.08
258.91,137.04,310.19,137.04,310.19,155.68,258.91,155.68
255.93,138.28,306.37,138.28,306.37,156.62,255.93,156.62
254.51,138.84,304.91,138.84,304.91,157.17,254.51,157.17
253.09,139.89,303.24,139.89,303.24,158.13,253.09,158.13
252.52,141.05,301.89,141.05,301.89,159.01,252.52,159.01
251.26,141.9,300.37,141.9,300.37,159.76,251.26,159.76
247.87,143.28,296.95,143.28,296.95,161.13,247.87,161.13
245.63,143.73,294.76,143.73,294.76,161.59,245.63,161.59
245.12,144.93,294.01,144.93,294.01,162.71,245.12,162.71
243.3,146.33,292.12,146.33,292.12,164.09,243.3,164.09
241.77,146.1,291.07,146.1,291.07,164.03,241.77,164.03
239.88,146.37,290.07,146.37,290.07,164.62,239.88,164.62
237.72,146.2,288.5,146.2,288.5,164.66,237.72,164.66
235.29,145.78,286.41,145.78,286.41,164.37,235.29,164.37
233.33,145.04,285.31,145.04,285.31,163.94,233.33,163.94
229.7,146.69,281.92,146.69,281.92,165.68,229.7,165.68
227.69,147.18,279.75,147.18,279.75,166.11,227.69,166.11
226.23,147.03,278.4,147.03,278.4,166.01,226.23,166.01
221.99,147.79,274.1,147.79,274.1,166.74,221.99,166.74
219.45,147.14,271.69,147.14,271.69,166.14,219.45,166.14
218.48,147.3,270.24,147.3,270.24,166.12,218.48,166.12
217.22,142.83,268.83,142.83,268.83,161.59,217.22,161.59
243.89,133.19,295.11,133.19,295.11,151.81,243.89,151.81
246.95,129.27,298.26,129.27,298.26,147.93,246.95,147.93
247.07,128.5,298.53,128.5,298.53,147.21,247.07,147.21
248.9,127.91,300.25,127.91,300.25,146.58,248.9,146.58
249.12,126.21,300.28,126.21,300.28,144.82,249.12,144.82
251.03,124.58,301.56,124.58,301.56,142.96,251.03,142.96
253.08,121.88,303.47,121.88,303.47,140.21,253.08,140.21
254.56,119.93,304.91,119.93,304.91,138.24,254.56,138.24
255.18,119.07,305.73,119.07,305.73,137.45,255.18,137.45
256.23,117.55,306.66,117.55,306.66,135.88,256.23,135.88
257.45,116.13,307.8,116.13,307.8,134.44,257.45,134.44
258.41,113.4,309.01,113.4,309.01,131.8,258.41,131.8
259.21,111.86,310.03,111.86,310.03,130.34,259.21,130.34
260.43,110.59,311.16,110.59,311.16,129.04,260.43,129.04
262.07,108.53,312.49,108.53,312.49,126.87,262.07,126.87
263.07,106.53,313.2,106.53,313.2,124.76,263.07,124.76
264.16,105.46,314.03,105.46,314.03,123.59,264.16,123.59
265.65,104.15,314.97,104.15,314.97,122.09,265.65,122.09
267.14,102.05,316.06,102.05,316.06,119.85,267.14,119.85
268.19,98.503,317.27,98.503,317.27,116.35,268.19,116.35
268.04,97.268,317.45,97.268,317.45,115.23,268.04,115.23
268.79,96.749,318.04,96.749,318.04,114.66,268.79,114.66
271.14,92.105,320.17,92.105,320.17,109.93,271.14,109.93
272.84,92.418,321.56,92.418,321.56,110.13,272.84,110.13
273.99,92.241,322.35,92.241,322.35,109.83,273.99,109.83
274.21,91.64,322.38,91.64,322.38,109.16,274.21,109.16
249.19,98.556,297.09,98.556,297.09,115.98,249.19,115.98
254.3,95.135,302.61,95.135,302.61,112.7,254.3,112.7
253.4,93.955,301.7,93.955,301.7,111.52,253.4,111.52
252.67,94.057,301.05,94.057,301.05,111.65,252.67,111.65
255.46,92.418,303.82,92.418,303.82,110,255.46,110
280.34,83.267,328.44,83.267,328.44,100.76,280.34,100.76
280,79.564,328.05,79.564,328.05,97.039,280,97.039
281.45,78.79,329.68,78.79,329.68,96.33,281.45,96.33
281.93,77.779,330.48,77.779,330.48,95.431,281.93,95.431
282.46,77.709,331.52,77.709,331.52,95.549,282.46,95.549
282.82,75.791,331.73,75.791,331.73,93.575,282.82,93.575
282.95,74.912,332.19,74.912,332.19,92.819,282.95,92.819
283.73,74.302,333.21,74.302,333.21,92.294,283.73,92.294
284.28,73.299,333.9,73.299,333.9,91.343,284.28,91.343
283.98,71.939,334.5,71.939,334.5,90.311,283.98,90.311
283.13,71.376,334.02,71.376,334.02,89.884,283.13,89.884
285.39,70.989,337.13,70.989,337.13,89.803,285.39,89.803
287.71,69.524,340.09,69.524,340.09,88.572,287.71,88.572
292.01,66.293,344.73,66.293,344.73,85.461,292.01,85.461
291.95,65.255,345.22,65.255,345.22,84.626,291.95,84.626
292.87,64.486,346.42,64.486,346.42,83.961,292.87,83.961
293.07,64.106,346.94,64.106,346.94,83.695,293.07,83.695
295.16,64.295,349.82,64.295,349.82,84.171,295.16,84.171
296.28,63.805,351.6,63.805,351.6,83.922,296.28,83.922
297.98,61.954,353.53,61.954,353.53,82.155,297.98,82.155
299.94,61.396,355.4,61.396,355.4,81.564,299.94,81.564
301.82,60.704,356.79,60.704,356.79,80.693,301.82,80.693
302.83,59.293,358,59.293,358,79.354,302.83,79.354
303.85,59.071,359.34,59.071,359.34,79.251,303.85,79.251
306.04,58.911,361.32,58.911,361.32,79.012,306.04,79.012
308.21,57.978,363.63,57.978,363.63,78.134,308.21,78.134
309.78,57.701,365.34,57.701,365.34,77.905,309.78,77.905
311.63,56.509,367.08,56.509,367.08,76.672,311.63,76.672
313.28,56.1,368.82,56.1,368.82,76.295,313.28,76.295
313.98,55.871,369.38,55.871,369.38,76.017,313.98,76.017
315.84,54.223,370.97,54.223,370.97,74.269,315.84,74.269
316,52.159,370.87,52.159,370.87,72.109,316,72.109
313.73,51.271,368.77,51.271,368.77,71.284,313.73,71.284
309.78,51.542,365.82,51.542,365.82,71.921,309.78,71.921
309.95,51.398,367.22,51.398,367.22,72.223,309.95,72.223
309.67,50.421,368.02,50.421,368.02,71.64,309.67,71.64
309.58,50.045,368.77,50.045,368.77,71.569,309.58,71.569
310.07,49.581,369.31,49.581,369.31,71.125,310.07,71.125
309.74,49.715,369.05,49.715,369.05,71.281,309.74,71.281
309.72,49.97,368.96,49.97,368.96,71.509,309.72,71.509
308.97,50.912,368.06,50.912,368.06,72.401,308.97,72.401
308.35,52.312,367.35,52.312,367.35,73.764,308.35,73.764
307.78,53.824,366.51,53.824,366.51,75.181,307.78,75.181
307.54,56.075,366.02,56.075,366.02,77.342,307.54,77.342
307.51,58.822,366.21,58.822,366.21,80.169,307.51,80.169
305.06,63.695,363.54,63.695,363.54,84.96,305.06,84.96
304.53,66.319,363.26,66.319,363.26,87.675,304.53,87.675
302.8,71.564,361.57,71.564,361.57,92.937,302.8,92.937
302.58,73.747,361.86,73.747,361.86,95.303,302.58,95.303
300.33,76.769,360.11,76.769,360.11,98.509,300.33,98.509
306.27,73.482,365.38,73.482,365.38,94.978,306.27,94.978
297.83,83.893,357.14,83.893,357.14,105.46,297.83,105.46
297.01,86.315,357.01,86.315,357.01,108.13,297.01,108.13
296.81,88.608,357.5,88.608,357.5,110.68,296.81,110.68
295.81,93.612,356.85,93.612,356.85,115.81,295.81,115.81
294.32,95.745,355.74,95.745,355.74,118.08,294.32,118.08
294.03,101.39,355.11,101.39,355.11,123.6,294.03,123.6
292.99,102.89,353.88,102.89,353.88,125.03,292.99,125.03
293.02,109.26,353.92,109.26,353.92,131.41,293.02,131.41
292.09,112.38,353.53,112.38,353.53,134.72,292.09,134.72
291.24,115.03,352.51,115.03,352.51,137.32,291.24,137.32
289.33,119.15,350.84,119.15,350.84,141.52,289.33,141.52
288.74,122.38,350.27,122.38,350.27,144.75,288.74,144.75
288.11,124.01,349.76,124.01,349.76,146.42,288.11,146.42
286.84,130.15,348.56,130.15,348.56,152.59,286.84,152.59
285.59,135.98,347.67,135.98,347.67,158.55,285.59,158.55
284.64,137.19,347.02,137.19,347.02,159.87,284.64,159.87
284.53,141.31,347.13,141.31,347.13,164.07,284.53,164.07
282.01,145.45,345.2,145.45,345.2,168.43,282.01,168.43
280.57,151.42,343.77,151.42,343.77,174.41,280.57,174.41
277.01,159.56,340.55,159.56,340.55,182.66,277.01,182.66
274.11,166.59,337.75,166.59,337.75,189.74,274.11,189.74
271.41,172.01,335.5,172.01,335.5,195.31,271.41,195.31
290.23,176.25,354.51,176.25,354.51,199.63,290.23,199.63
287.36,180.99,351.73,180.99,351.73,204.4,287.36,204.4
285.17,185.92,349.68,185.92,349.68,209.38,285.17,209.38
280.6,194.8,345.07,194.8,345.07,218.25,280.6,218.25
277.22,198.73,341.17,198.73,341.17,221.98,277.22,221.98
277.47,204.52,341.35,204.52,341.35,227.75,277.47,227.75
274.26,205.81,338.69,205.81,338.69,229.24,274.26,229.24
271.92,206.76,336.63,206.76,336.63,230.3,271.92,230.3
268.58,203.5,333.28,203.5,333.28,227.03,268.58,227.03
266.46,204.46,331.15,204.46,331.15,227.98,266.46,227.98
264.38,203.63,329.08,203.63,329.08,227.16,264.38,227.16
264.91,207.79,329.59,207.79,329.59,231.31,264.91,231.31
265.46,209.66,330.33,209.66,330.33,233.25,265.46,233.25
264.64,212.48,329.31,212.48,329.31,235.99,264.64,235.99
264.23,213.61,328.64,213.61,328.64,237.04,264.23,237.04
265,216.43,329.37,216.43,329.37,239.84,265,239.84
263.3,219.03,327.66,219.03,327.66,242.43,263.3,242.43
261.95,219.67,326,219.67,326,242.97,261.95,242.97
260.37,220.79,324.52,220.79,324.52,244.12,260.37,244.12
260.21,225.81,324.14,225.81,324.14,249.06,260.21,249.06
281.87,231.82,345.74,231.82,345.74,255.04,281.87,255.04
280.18,234.11,344.08,234.11,344.08,257.35,280.18,257.35
277.87,235.94,341.76,235.94,341.76,259.17,277.87,259.17
277.02,237.12,340.63,237.12,340.63,260.25,277.02,260.25
274.28,238.63,337.76,238.63,337.76,261.72,274.28,261.72
274.03,241.63,337.24,241.63,337.24,264.61,274.03,264.61
274.6,242.9,337.95,242.9,337.95,265.93,274.6,265.93
273.01,242.58,336.55,242.58,336.55,265.68,273.01,265.68
273.69,241.92,337.08,241.92,337.08,264.97,273.69,264.97
273.55,241.96,336.89,241.96,336.89,265,273.55,265
273.11,241.84,336.79,241.84,336.79,265,273.11,265
273.08,242.14,337.11,242.14,337.11,265.42,273.08,265.42
273.01,241.07,337.13,241.07,337.13,264.38,273.01,264.38
277.22,239.13,341.69,239.13,341.69,262.57,277.22,262.57
277.09,239.55,342.12,239.55,342.12,263.19,277.09,263.19
280.58,237.92,345.59,237.92,345.59,261.56,280.58,261.56
281.72,237.35,346.56,237.35,346.56,260.93,281.72,260.93
284.49,237.56,349.62,237.56,349.62,261.24,284.49,261.24
286.03,237.54,351.49,237.54,351.49,261.34,286.03,261.34
290.15,237.61,355.65,237.61,355.65,261.43,290.15,261.43
291.62,237.61,357.36,237.61,357.36,261.51,291.62,261.51
294.29,237.77,360.13,237.77,360.13,261.71,294.29,261.71
296.54,238.7,362.58,238.7,362.58,262.72,296.54,262.72
299.15,239.95,365.92,239.95,365.92,264.23,299.15,264.23
302.27,240.49,369.37,240.49,369.37,264.89,302.27,264.89
303.82,240.73,371.13,240.73,371.13,265.21,303.82,265.21
306.22,242.8,374.27,242.8,374.27,267.55,306.22,267.55
310.11,244.18,377.99,244.18,377.99,268.86,310.11,268.86
311.75,245.06,379.93,245.06,379.93,269.85,311.75,269.85
314.81,247.25,383.72,247.25,383.72,272.31,314.81,272.31
317.65,248.75,386.95,248.75,386.95,273.95,317.65,273.95
323.65,251.75,392.94,251.75,392.94,276.95,323.65,276.95
327.83,254.72,397.05,254.72,397.05,279.89,327.83,279.89
329.89,256.2,399.31,256.2,399.31,281.44,329.89,281.44
332.08,258.88,402.09,258.88,402.09,284.34,332.08,284.34
339.76,259.87,409.23,259.87,409.23,285.13,339.76,285.13
345.16,259.58,413.91,259.58,413.91,284.58,345.16,284.58
346.89,260.54,415.54,260.54,415.54,285.5,346.89,285.5
347.65,260.84,416.64,260.84,416.64,285.93,347.65,285.93
350.99,261.43,420.28,261.43,420.28,286.62,350.99,286.62
351.23,262.28,420.78,262.28,420.78,287.56,351.23,287.56
354.77,259.69,424.52,259.69,424.52,285.05,354.77,285.05
358.25,258.56,427.61,258.56,427.61,283.78,358.25,283.78
361.09,257.32,429.75,257.32,429.75,282.28,361.09,282.28
362.3,256.82,430.31,256.82,430.31,281.55,362.3,281.55
361.25,259.63,428.91,259.63,428.91,284.24,361.25,284.24
363.4,259.45,430.94,259.45,430.94,284.01,363.4,284.01
363.95,259.22,431.1,259.22,431.1,283.63,363.95,283.63
362.3,260.58,429.18,260.58,429.18,284.9,362.3,284.9
362.76,261.84,429.45,261.84,429.45,286.09,362.76,286.09
363.05,263.24,429.2,263.24,429.2,287.29,363.05,287.29
363,263.74,428.75,263.74,428.75,287.65,363,287.65
361.86,264.54,427.35,264.54,427.35,288.36,361.86,288.36
361.85,265.48,426.93,265.48,426.93,289.14,361.85,289.14
360.93,266.9,425.77,266.9,425.77,290.48,360.93,290.48
360.77,267.83,425.45,267.83,425.45,291.35,360.77,291.35
360.71,268.97,425.5,268.97,425.5,292.53,360.71,292.53
359.16,272.46,423.75,272.46,423.75,295.95,359.16,295.95
356.81,276.11,421.13,276.11,421.13,299.5,356.81,299.5
354.89,276.89,419.02,276.89,419.02,300.21,354.89,300.21
353.64,277.38,417.23,277.38,417.23,300.5,353.64,300.5
363.33,271.66,427.01,271.66,427.01,294.81,363.33,294.81
364.22,273.05,427.92,273.05,427.92,296.22,364.22,296.22
365.01,275.47,429.04,275.47,429.04,298.75,365.01,298.75
364.4,276.69,428.99,276.69,428.99,300.18,364.4,300.18
367.42,279.19,432.69,279.19,432.69,302.92,367.42,302.92
369.84,278.69,435.46,278.69,435.46,302.55,369.84,302.55
371.8,279.59,437.57,279.59,437.57,303.5,371.8,303.5
375.92,282.25,441.95,282.25,441.95,306.26,375.92,306.26
376.83,283.73,443.52,283.73,443.52,307.98,376.83,307.98
381.26,286.51,448.48,286.51,448.48,310.96,381.26,310.96
383.62,287.5,451.19,287.5,451.19,312.07,383.62,312.07
385.06,289.16,453.33,289.16,453.33,313.98,385.06,313.98
391.08,292.62,460.08,292.62,460.08,317.72,391.08,317.72
395.11,293.69,464.38,293.69,464.38,318.88,395.11,318.88
398.25,295.19,467.83,295.19,467.83,320.49,398.25,320.49
401.85,296.46,471.6,296.46,471.6,321.82,401.85,321.82
408.26,300.3,477.96,300.3,477.96,325.65,408.26,325.65
410.66,301.81,480.17,301.81,480.17,327.09,410.66,327.09
411.88,303.29,481.55,303.29,481.55,328.62,411.88,328.62
410.94,306.15,480.66,306.15,480.66,331.51,410.94,331.51
409.56,307.53,479.08,307.53,479.08,332.81,409.56,332.81
407.78,308.6,477.33,308.6,477.33,333.88,407.78,333.88
405.19,309.27,475.1,309.27,475.1,334.69,405.19,334.69
399.53,311.02,470.21,311.02,470.21,336.72,399.53,336.72
395.04,310.34,465.65,310.34,465.65,336.01,395.04,336.01
388.51,310.75,458.99,310.75,458.99,336.38,388.51,336.38
381.8,311.08,452.86,311.08,452.86,336.92,381.8,336.92
370.91,314.92,442.01,314.92,442.01,340.77,370.91,340.77
366.68,313.81,438,313.81,438,339.74,366.68,339.74
359.19,314.33,430.18,314.33,430.18,340.14,359.19,340.14
352.83,314.72,423.84,314.72,423.84,340.55,352.83,340.55
340.47,317.84,411.53,317.84,411.53,343.68,340.47,343.68
332.85,319.22,404.73,319.22,404.73,345.36,332.85,345.36
324.14,322.86,396.68,322.86,396.68,349.24,324.14,349.24
320.63,325.39,393.7,325.39,393.7,351.96,320.63,351.96
316.12,330.27,389.4,330.27,389.4,356.92,316.12,356.92
310.06,334.65,383.5,334.65,383.5,361.36,310.06,361.36
305.59,339.65,379.37,339.65,379.37,366.48,305.59,366.48
302.54,343.01,376.65,343.01,376.65,369.95,302.54,369.95
297.58,346.51,372.4,346.51,372.4,373.72,297.58,373.72
293.74,350.06,368.95,350.06,368.95,377.41,293.74,377.41
289.46,354.74,364.92,354.74,364.92,382.19,289.46,382.19
286.6,356.06,362.26,356.06,362.26,383.57,286.6,383.57
282.73,355.49,358.52,355.49,358.52,383.05,282.73,383.05
280.79,352.9,356.57,352.9,356.57,380.46,280.79,380.46
278.78,349.83,354.72,349.83,354.72,377.44,278.78,377.44
278.55,349.16,354.11,349.16,354.11,376.64,278.55,376.64
277.59,346.33,352.86,346.33,352.86,373.7,277.59,373.7
277.07,343.96,352.12,343.96,352.12,371.25,277.07,371.25
279.06,336.51,354.02,336.51,354.02,363.76,279.06,363.76
277.8,332.29,353.1,332.29,353.1,359.67,277.8,359.67
277.03,330.93,352.41,330.93,352.41,358.34,277.03,358.34
282.01,322.06,357.21,322.06,357.21,349.4,282.01,349.4
282.1,319.58,357.55,319.58,357.55,347.02,282.1,347.02
300,302.15,375.21,302.15,375.21,329.5,300,329.5
308.99,296.58,383.49,296.58,383.49,323.67,308.99,323.67
316.99,289.1,391.2,289.1,391.2,316.08,316.99,316.08
318.18,287.92,392.1,287.92,392.1,314.8,318.18,314.8
319.6,286.17,393.54,286.17,393.54,313.06,319.6,313.06
299.29,289.22,372.79,289.22,372.79,315.95,299.29,315.95
298.23,287.55,371.41,287.55,371.41,314.17,298.23,314.17
298.03,285.8,371.62,285.8,371.62,312.56,298.03,312.56
298.5,281.32,372.12,281.32,372.12,308.09,298.5,308.09
298.06,260.67,371.58,260.67,371.58,287.4,298.06,287.4
297.92,250.18,371.63,250.18,371.63,276.98,297.92,276.98
297.59,245.04,371.55,245.04,371.55,271.93,297.59,271.93
297,239.17,370.89,239.17,370.89,266.05,297,266.05
296.78,233.85,371.08,233.85,371.08,260.87,296.78,260.87
296.59,229.95,371.02,229.95,371.02,257.02,296.59,257.02
296.8,228.05,371.11,228.05,371.11,255.07,296.8,255.07
296.62,225.38,370.75,225.38,370.75,252.33,296.62,252.33
295.98,220.91,369.92,220.91,369.92,247.8,295.98,247.8
296.82,217.89,370.91,217.89,370.91,244.83,296.82,244.83
296.97,214.61,371.02,214.61,371.02,241.53,296.97,241.53
297.98,209.08,371.4,209.08,371.4,235.78,297.98,235.78
299.15,207.63,372.2,207.63,372.2,234.2,299.15,234.2
299.53,208.08,372.42,208.08,372.42,234.58,299.53,234.58
300,208.46,372.33,208.46,372.33,234.76,300,234.76
299.82,208.97,371.84,208.97,371.84,235.16,299.82,235.16
299.59,208.61,371.47,208.61,371.47,234.75,299.59,234.75
299.9,208.4,371.73,208.4,371.73,234.52,299.9,234.52
299.88,207.97,371.26,207.97,371.26,233.92,299.88,233.92
300.64,208.51,371.61,208.51,371.61,234.32,300.64,234.32
299.87,208.23,370.85,208.23,370.85,234.04,299.87,234.04
299.49,208.5,370.55,208.5,370.55,234.34,299.49,234.34
299.64,208.78,370.57,208.78,370.57,234.57,299.64,234.57
300.22,209.02,371.08,209.02,371.08,234.79,300.22,234.79
300.63,209.14,371.45,209.14,371.45,234.89,300.63,234.89
300.43,209.21,371.22,209.21,371.22,234.95,300.43,234.95
300.07,209.14,370.92,209.14,370.92,234.91,300.07,234.91
300.06,208.98,370.99,208.98,370.99,234.77,300.06,234.77
300.06,208.6,370.98,208.6,370.98,234.39,300.06,234.39
300.18,208.51,371.01,208.51,371.01,234.27,300.18,234.27
300.54,209.5,371.45,209.5,371.45,235.29,300.54,235.29
300.17,208.94,371.1,208.94,371.1,234.74,300.17,234.74
299.93,208.53,370.83,208.53,370.83,234.31,299.93,234.31
299.43,208.59,370.53,208.59,370.53,234.44,299.43,234.44
299.59,208.88,370.72,208.88,370.72,234.75,299.59,234.75
299.84,208.78,370.79,208.78,370.79,234.58,299.84,234.58
299.78,209.21,370.53,209.21,370.53,234.94,299.78,234.94
300.16,209.55,371.06,209.55,371.06,235.33,300.16,235.33
299.94,208.77,371,208.77,371,234.61,299.94,234.61
299.65,208.59,370.65,208.59,370.65,234.4,299.65,234.4
299.5,208.46,370.54,208.46,370.54,234.29,299.5,234.29
299.71,208.63,370.61,208.63,370.61,234.41,299.71,234.41
299.75,209.01,370.74,209.01,370.74,234.82,299.75,234.82
299.97,209.04,370.9,209.04,370.9,234.83,299.97,234.83
299.87,209.15,370.72,209.15,370.72,234.91,299.87,234.91
300.21,209.34,370.97,209.34,370.97,235.07,300.21,235.07
300.43,209.24,371.24,209.24,371.24,234.99,300.43,234.99
300.33,209.2,371.38,209.2,371.38,235.03,300.33,235.03
300.1,208.58,371.12,208.58,371.12,234.41,300.1,234.41
300.14,208.29,371.28,208.29,371.28,234.16,300.14,234.16
300.16,208.67,371.14,208.67,371.14,234.48,300.16,234.48
300.03,209.07,370.9,209.07,370.9,234.84,300.03,234.84
300.25,209.45,371.13,209.45,371.13,235.23,300.25,235.23
300.25,208.96,370.98,208.96,370.98,234.68,300.25,234.68
300.53,209.21,371.45,209.21,371.45,235,300.53,235
300.07,208.69,371.07,208.69,371.07,234.51,300.07,234.51
300.29,208.98,371.3,208.98,371.3,234.8,300.29,234.8
300.58,209.56,370.76,209.56,370.76,235.08,300.58,235.08
300.56,211.74,371.25,211.74,371.25,237.45,300.56,237.45
301.02,216.48,371.61,216.48,371.61,242.15,301.02,242.15
301.2,219.18,371.32,219.18,371.32,244.68,301.2,244.68
300.52,223.88,371.33,223.88,371.33,249.63,300.52,249.63
301.03,226.84,371.58,226.84,371.58,252.49,301.03,252.49
301.23,229.16,371.24,229.16,371.24,254.62,301.23,254.62
301.41,231.68,370.87,231.68,370.87,256.94,301.41,256.94
300.88,233.98,371.09,233.98,371.09,259.51,300.88,259.51
300.71,237.33,371.1,237.33,371.1,262.92,300.71,262.92
300.96,242.76,371.35,242.76,371.35,268.36,300.96,268.36
300.88,245.34,371.15,245.34,371.15,270.89,300.88,270.89
301.04,247.68,371.05,247.68,371.05,273.13,301.04,273.13
301.26,250.52,371.5,250.52,371.5,276.06,301.26,276.06
301.05,252.16,371.02,252.16,371.02,277.6,301.05,277.6
301.13,252.9,371.32,252.9,371.32,278.43,301.13,278.43
300.68,252.27,371.47,252.27,371.47,278.01,300.68,278.01
300.96,252.63,371.76,252.63,371.76,278.38,300.96,278.38
300.91,253.04,371.37,253.04,371.37,278.66,300.91,278.66
338.89,142.9,409.11,142.9,409.11,168.43,338.89,168.43
336.55,146.11,406.78,146.11,406.78,171.65,336.55,171.65
343.16,145.25,414,145.25,414,171,343.16,171
343.2,149.01,414.25,149.01,414.25,174.85,343.2,174.85
344.52,148.96,416.23,148.96,416.23,175.04,344.52,175.04
344.96,150.46,416.77,150.46,416.77,176.57,344.96,176.57
345.32,151.54,417.52,151.54,417.52,177.8,345.32,177.8
344.39,155.1,417.61,155.1,417.61,181.73,344.39,181.73
342.71,153.93,417.09,153.93,417.09,180.98,342.71,180.98
351.81,149.64,426.9,149.64,426.9,176.95,351.81,176.95
356.83,148.2,431.67,148.2,431.67,175.41,356.83,175.41
358.82,147.72,434.13,147.72,434.13,175.11,358.82,175.11
361.97,147.99,437.69,147.99,437.69,175.53,361.97,175.53
360.9,149.48,437.53,149.48,437.53,177.34,360.9,177.34
367.57,149.68,444.05,149.68,444.05,177.49,367.57,177.49
376.86,155.56,452.41,155.56,452.41,183.04,376.86,183.04
381.37,159.77,456.15,159.77,456.15,186.96,381.37,186.96
384.08,160.74,458.72,160.74,458.72,187.88,384.08,187.88
387.43,163.48,462.4,163.48,462.4,190.75,387.43,190.75
387.1,162.6,463,162.6,463,190.2,387.1,190.2
390.81,162.69,467.28,162.69,467.28,190.5,390.81,190.5
389.31,162.76,466.52,162.76,466.52,190.83,389.31,190.83
397.9,156.22,475.32,156.22,475.32,184.37,397.9,184.37
400.05,156.01,477.65,156.01,477.65,184.22,400.05,184.22
393.22,164.45,470.76,164.45,470.76,192.65,393.22,192.65
396.43,167.22,474.45,167.22,474.45,195.58,396.43,195.58
397.77,167.23,476.84,167.23,476.84,195.98,397.77,195.98
398.82,168.58,478.03,168.58,478.03,197.38,398.82,197.38
399.41,167.68,478.68,167.68,478.68,196.51,399.41,196.51
399.45,166.83,479.13,166.83,479.13,195.81,399.45,195.81
400.45,165.29,480.36,165.29,480.36,194.35,400.45,194.35
402.37,164.03,482.96,164.03,482.96,193.34,402.37,193.34
405.7,160.8,486.44,160.8,486.44,190.16,405.7,190.16
409.22,158.55,490.18,158.55,490.18,187.99,409.22,187.99
409.31,158.2,490.69,158.2,490.69,187.8,409.31,187.8
418.41,155.67,499.36,155.67,499.36,185.11,418.41,185.11
420.71,154.16,501.42,154.16,501.42,183.51,420.71,183.51
424.11,152.58,504.55,152.58,504.55,181.83,424.11,181.83
425.02,151.59,505.13,151.59,505.13,180.73,425.02,180.73
424.96,150.15,505.01,150.15,505.01,179.26,424.96,179.26
421.55,149.6,501.75,149.6,501.75,178.76,421.55,178.76
414.77,147.85,495.24,147.85,495.24,177.11,414.77,177.11
408.45,148.12,489.44,148.12,489.44,177.57,408.45,177.57
406.31,146.79,487.96,146.79,487.96,176.48,406.31,176.48
399.45,145.09,481.79,145.09,481.79,175.04,399.45,175.04
395.28,145.03,478.54,145.03,478.54,175.3,395.28,175.3
386.66,145.97,470.47,145.97,470.47,176.45,386.66,176.45
378.77,147.36,462.8,147.36,462.8,177.92,378.77,177.92
372.69,147.88,457.33,147.88,457.33,178.66,372.69,178.66
363.79,147.98,449,147.98,449,178.96,363.79,178.96
358.26,148.33,443.48,148.33,443.48,179.32,358.26,179.32
354.63,148.53,439.53,148.53,439.53,179.4,354.63,179.4
346.75,148.5,431.6,148.5,431.6,179.35,346.75,179.35
342.63,148.6,427.34,148.6,427.34,179.4,342.63,179.4
338.04,148.12,422.14,148.12,422.14,178.7,338.04,178.7
337.65,148.28,421.28,148.28,421.28,178.68,337.65,178.68
318.49,148.68,402.22,148.68,402.22,179.13,318.49,179.13
313.17,148.82,396.8,148.82,396.8,179.23,313.17,179.23
310.6,148.45,394.07,148.45,394.07,178.8,310.6,178.8
332.34,142.6,416.35,142.6,416.35,173.15,332.34,173.15
326.51,144.43,410.34,144.43,410.34,174.92,326.51,174.92
320.67,145.53,404.53,145.53,404.53,176.02,320.67,176.02
311.37,146.63,394.78,146.63,394.78,176.96,311.37,176.96
292.03,151.02,375.95,151.02,375.95,181.54,292.03,181.54
287.21,150.67,371.75,150.67,371.75,181.41,287.21,181.41
280.52,150.41,365.8,150.41,365.8,181.42,280.52,181.42
276.07,150.89,361.84,150.89,361.84,182.08,276.07,182.08
272.33,151.21,358.4,151.21,358.4,182.51,272.33,182.51
270.29,149.7,356.08,149.7,356.08,180.9,270.29,180.9
268.36,148.91,353.82,148.91,353.82,179.99,268.36,179.99
261.13,147.7,346.45,147.7,346.45,178.73,261.13,178.73
257.19,147.45,342.62,147.45,342.62,178.51,257.19,178.51
248.71,146.43,333.88,146.43,333.88,177.4,248.71,177.4
245.83,146.43,330.27,146.43,330.27,177.14,245.83,177.14
240.63,145.85,324.71,145.85,324.71,176.42,240.63,176.42
231.49,145.88,315.13,145.88,315.13,176.3,231.49,176.3
226.36,144.94,310.41,144.94,310.41,175.5,226.36,175.5
214.03,144.71,298.1,144.71,298.1,175.29,214.03,175.29
206.59,141.87,290.53,141.87,290.53,172.4,206.59,172.4
196,142.38,279.55,142.38,279.55,172.76,196,172.76
185.49,142.57,269.15,142.57,269.15,172.99,185.49,172.99
180.01,142,263.76,142,263.76,172.45,180.01,172.45
169.79,142.22,253.57,142.22,253.57,172.69,169.79,172.69
164.13,141.86,247.73,141.86,247.73,172.26,164.13,172.26
152.55,141.8,236.74,141.8,236.74,172.41,152.55,172.41
146.85,141.16,231.37,141.16,231.37,171.89,146.85,171.89
142.8,141.28,227.75,141.28,227.75,172.17,142.8,172.17
141.79,140.46,226.58,140.46,226.58,171.29,141.79,171.29
141.11,138.2,225.46,138.2,225.46,168.88,141.11,168.88
141.29,138.11,225.47,138.11,225.47,168.72,141.29,168.72
141.17,136.87,225.01,136.87,225.01,167.36,141.17,167.36
142.47,135.57,225.92,135.57,225.92,165.92,142.47,165.92
142.14,134.69,225.57,134.69,225.57,165.03,142.14,165.03
142.42,133.3,226.16,133.3,226.16,163.75,142.42,163.75
144.64,132.53,228.57,132.53,228.57,163.05,144.64,163.05
144.51,131.57,228.75,131.57,228.75,162.2,144.51,162.2
149.76,129.1,233.6,129.1,233.6,159.59,149.76,159.59
151.13,129.15,234.54,129.15,234.54,159.48,151.13,159.48
151.81,126.7,235.18,126.7,235.18,157.02,151.81,157.02
152.09,125.73,235.74,125.73,235.74,156.15,152.09,156.15
151.89,124.93,236.38,124.93,236.38,155.65,151.89,155.65
148.05,127.19,232.64,127.19,232.64,157.95,148.05,157.95
147.3,128.93,231.75,128.93,231.75,159.64,147.3,159.64
167.12,116.81,250.38,116.81,250.38,147.08,167.12,147.08
167.81,114.56,250.34,114.56,250.34,144.57,167.81,144.57
168.43,113.63,250.58,113.63,250.58,143.5,168.43,143.5
169.62,113.34,251.5,113.34,251.5,143.12,169.62,143.12
170.08,110.96,251.57,110.96,251.57,140.59,170.08,140.59
170.85,110.43,252.42,110.43,252.42,140.09,170.85,140.09
170.84,109.67,252.28,109.67,252.28,139.28,170.84,139.28
170.16,108.42,251.76,108.42,251.76,138.1,170.16,138.1
171.08,104.68,252.39,104.68,252.39,134.25,171.08,134.25
172.69,103.63,253.54,103.63,253.54,133.03,172.69,133.03
173.06,100.81,252.99,100.81,252.99,129.88,173.06,129.88
172.81,99.273,252.12,99.273,252.12,128.12,172.81,128.12
172.36,97.723,251.07,97.723,251.07,126.35,172.36,126.35
171.35,95.726,249.41,95.726,249.41,124.11,171.35,124.11
169.98,95.614,247.46,95.614,247.46,123.79,169.98,123.79
168.21,95.836,244.78,95.836,244.78,123.68,168.21,123.68
164.58,95.401,241.39,95.401,241.39,123.33,164.58,123.33
163.92,96.156,240.32,96.156,240.32,123.94,163.92,123.94
158,96.935,235.09,96.935,235.09,124.97,158,124.97
156.27,97.647,233.88,97.647,233.88,125.87,156.27,125.87
151.93,99.515,230.55,99.515,230.55,128.1,151.93,128.1
149.46,99.496,229.26,99.496,229.26,128.51,149.46,128.51
154.75,98.818,233.85,98.818,233.85,127.58,154.75,127.58
153.63,99.266,232.5,99.266,232.5,127.94,153.63,127.94
151.23,98.697,230.05,98.697,230.05,127.36,151.23,127.36
132.95,103.61,211.37,103.61,211.37,132.13,132.95,132.13
132.03,104.21,210.29,104.21,210.29,132.67,132.03,132.67
127.39,104.63,205.73,104.63,205.73,133.12,127.39,133.12
124.94,104.02,203.09,104.02,203.09,132.43,124.94,132.43
122.95,103.58,200.86,103.58,200.86,131.91,122.95,131.91
121.69,103.34,199.19,103.34,199.19,131.52,121.69,131.52
119.14,102.95,195.9,102.95,195.9,130.86,119.14,130.86
117.57,102.41,194.15,102.41,194.15,130.26,117.57,130.26
114.47,100.64,190.9,100.64,190.9,128.43,114.47,128.43
113,97.999,189.16,97.999,189.16,125.69,113,125.69
112.32,95.814,188.06,95.814,188.06,123.36,112.32,123.36
111.55,94.201,187.11,94.201,187.11,121.68,111.55,121.68
110.46,93.46,186.21,93.46,186.21,121.01,110.46,121.01
111.32,91.665,186.69,91.665,186.69,119.07,111.32,119.07
110.8,91.939,185.86,91.939,185.86,119.24,110.8,119.24
108.05,90.746,183.02,90.746,183.02,118.01,108.05,118.01
107.39,89.975,182.47,89.975,182.47,117.28,107.39,117.28
105.82,89.612,181.24,89.612,181.24,117.04,105.82,117.04
104.8,89.577,180.44,89.577,180.44,117.08,104.8,117.08
103.31,88.747,178.95,88.747,178.95,116.26,103.31,116.26
100.5,87.204,177.46,87.204,177.46,115.19,100.5,115.19
98.509,87.392,176.4,87.392,176.4,115.72,98.509,115.72
92.914,87.916,171.21,87.916,171.21,116.39,92.914,116.39
90.72,88.587,169.54,88.587,169.54,117.25,90.72,117.25
88.711,87.639,167.77,87.639,167.77,116.39,88.711,116.39
87.821,85.856,166.8,85.856,166.8,114.57,87.821,114.57
103.8,78.606,183.08,78.606,183.08,107.44,103.8,107.44
105.5,76.89,185.61,76.89,185.61,106.02,105.5,106.02
106.81,75.919,187.47,75.919,187.47,105.25,106.81,105.25
107.13,75.265,188.7,75.265,188.7,104.92,107.13,104.92
115.34,73.105,197.39,73.105,197.39,102.94,115.34,102.94
118.6,71.676,200.87,71.676,200.87,101.59,118.6,101.59
120.52,71.205,202.98,71.205,202.98,101.19,120.52,101.19
128.59,70.818,211.29,70.818,211.29,100.89,128.59,100.89
133.8,70.61,216.69,70.61,216.69,100.75,133.8,100.75
140.35,70.187,223.65,70.187,223.65,100.48,140.35,100.48
146.42,70.156,229.89,70.156,229.89,100.51,146.42,100.51
154.41,69.165,238.58,69.165,238.58,99.775,154.41,99.775
154.13,69.018,238.71,69.018,238.71,99.775,154.13,99.775
154.68,68.965,239.84,68.965,239.84,99.934,154.68,99.934
155.85,68.637,241.63,68.637,241.63,99.828,155.85,99.828
158.3,68.256,244.08,68.256,244.08,99.45,158.3,99.45
169.42,68.773,255.32,68.773,255.32,100.01,169.42,100.01
170.59,67.88,257.42,67.88,257.42,99.455,170.59,99.455
173.03,67.558,259.6,67.558,259.6,99.036,173.03,99.036
173.49,67.36,259.77,67.36,259.77,98.736,173.49,98.736
174.09,67.275,259.54,67.275,259.54,98.347,174.09,98.347
174.71,66.577,259.97,66.577,259.97,97.582,174.71,97.582
176.25,67.287,261.51,67.287,261.51,98.292,176.25,98.292
178.43,66.982,263.69,66.982,263.69,97.987,178.43,97.987
191.17,66.293,276.77,66.293,276.77,97.419,191.17,97.419
189.85,65.301,275.22,65.301,275.22,96.344,189.85,96.344
193.79,65.407,279.3,65.407,279.3,96.499,193.79,96.499
195.68,64.304,281.56,64.304,281.56,95.534,195.68,95.534
196.83,63.758,282.77,63.758,282.77,95.008,196.83,95.008
197.18,62.942,283.37,62.942,283.37,94.286,197.18,94.286
194.88,62.626,281.92,62.626,281.92,94.276,194.88,94.276
194.02,62.711,281.59,62.711,281.59,94.556,194.02,94.556
193.62,63.326,281.68,63.326,281.68,95.347,193.62,95.347
193.11,62.911,281.13,62.911,281.13,94.918,193.11,94.918
192.42,63.001,280.22,63.001,280.22,94.928,192.42,94.928
193.8,61.826,281.4,61.826,281.4,93.682,193.8,93.682
194.59,62.751,281.44,62.751,281.44,94.335,194.59,94.335
193.44,64.746,279.91,64.746,279.91,96.19,193.44,96.19
196.77,63.923,282.31,63.923,282.31,95.03,196.77,95.03
198.01,66.101,282.54,66.101,282.54,96.836,198.01,96.836
194.16,73.787,277.84,73.787,277.84,104.22,194.16,104.22
196.49,74.972,279.2,74.972,279.2,105.05,196.49,105.05
192,81.898,273.74,81.898,273.74,111.62,192,111.62
191.59,88.66,272.56,88.66,272.56,118.1,191.59,118.1
195.64,96.051,276.02,96.051,276.02,125.28,195.64,125.28
199.03,98.341,278.88,98.341,278.88,127.38,199.03,127.38
199.96,98.808,278.79,98.808,278.79,127.47,199.96,127.47
200.01,97.992,278.5,97.992,278.5,126.53,200.01,126.53
201.03,97.414,279.17,97.414,279.17,125.83,201.03,125.83
201.13,96.956,279.07,96.956,279.07,125.3,201.13,125.3
199.91,95.429,278.04,95.429,278.04,123.84,199.91,123.84
199.14,94.33,278.04,94.33,278.04,123.02,199.14,123.02
203.02,91.426,281.85,91.426,281.85,120.09,203.02,120.09
204.59,88.705,283.19,88.705,283.19,117.29,204.59,117.29
204.12,88.108,282.55,88.108,282.55,116.63,204.12,116.63
204.12,87.624,283.03,87.624,283.03,116.32,204.12,116.32
203.5,86.921,282.69,86.921,282.69,115.71,203.5,115.71
205.06,83.096,283.94,83.096,283.94,111.78,205.06,111.78
204.69,80.529,283.99,80.529,283.99,109.37,204.69,109.37
204.99,78.369,284.31,78.369,284.31,107.21,204.99,107.21
204.9,77.994,284.2,77.994,284.2,106.83,204.9,106.83
204.52,79.33,284.09,79.33,284.09,108.26,204.52,108.26
203.72,81.505,283.1,81.505,283.1,110.37,203.72,110.37
203.56,82.559,283.1,82.559,283.1,111.48,203.56,111.48
202.34,84.268,282.39,84.268,282.39,113.38,202.34,113.38
202.22,85.673,282.39,85.673,282.39,114.83,202.22,114.83
202.12,85.685,282.25,85.685,282.25,114.82,202.12,114.82
202.37,85.688,282.74,85.688,282.74,114.91,202.37,114.91
201.42,87.454,282.37,87.454,282.37,116.89,201.42,116.89
200.53,89.069,281.77,89.069,281.77,118.61,200.53,118.61
200.71,90.086,282.2,90.086,282.2,119.72,200.71,119.72
201.64,90.8,283.18,90.8,283.18,120.45,201.64,120.45
202.42,91.31,284.38,91.31,284.38,121.11,202.42,121.11
204.89,90.471,286.72,90.471,286.72,120.23,204.89,120.23
205.24,90.611,286.92,90.611,286.92,120.31,205.24,120.31
205.19,88.884,287.25,88.884,287.25,118.73,205.19,118.73
204.66,86.014,287.01,86.014,287.01,115.96,204.66,115.96
204.12,83.442,286.26,83.442,286.26,113.31,204.12,113.31
203.59,78.929,285.86,78.929,285.86,108.84,203.59,108.84
203.14,75.816,286.07,75.816,286.07,105.97,203.14,105.97
198.86,74.895,282.44,74.895,282.44,105.29,198.86,105.29
199.63,69.43,283.76,69.43,283.76,100.02,199.63,100.02
196.99,65.426,281.27,65.426,281.27,96.074,196.99,96.074
195.92,64.191,280.51,64.191,280.51,94.952,195.92,94.952
193.1,60.433,278.23,60.433,278.23,91.392,193.1,91.392
191.12,55.815,276.59,55.815,276.59,86.897,191.12,86.897
189.53,53.286,275.3,53.286,275.3,84.474,189.53,84.474
187.53,49.024,273.36,49.024,273.36,80.235,187.53,80.235
186.79,47.718,272.61,47.718,272.61,78.929,186.79,78.929
184.98,44.393,270.32,44.393,270.32,75.429,184.98,75.429
183.04,39.971,267.64,39.971,267.64,70.736,183.04,70.736
180.5,36.76,264.85,36.76,264.85,67.436,180.5,67.436
176.07,34.793,260.3,34.793,260.3,65.423,176.07,65.423
173.52,34.341,257.3,34.341,257.3,64.81,173.52,64.81
170.63,31.723,254.15,31.723,254.15,62.096,170.63,62.096
167.43,29.47,250.38,29.47,250.38,59.633,167.43,59.633
166.56,26.869,249.54,26.869,249.54,57.044,166.56,57.044
162.28,25.523,245.38,25.523,245.38,55.742,162.28,55.742
157.39,22.16,240.82,22.16,240.82,52.499,157.39,52.499
142.41,31.716,226.59,31.716,226.59,62.324,142.41,62.324
138.27,31.671,222.84,31.671,222.84,62.424,138.27,62.424
131.89,30.782,217.15,30.782,217.15,61.786,131.89,61.786
128.26,30.07,213.53,30.07,213.53,61.078,128.26,61.078
121.85,27.373,207.75,27.373,207.75,58.607,121.85,58.607
119.4,25.933,205.82,25.933,205.82,57.362,119.4,57.362
115.32,24.778,201.83,24.778,201.83,56.234,115.32,56.234
111.59,21.153,198.22,21.153,198.22,52.658,111.59,52.658
106.05,22.316,192.95,22.316,192.95,53.917,106.05,53.917
102.76,20.926,189.7,20.926,189.7,52.542,102.76,52.542
79.853,40.295,166.66,40.295,166.66,71.86,79.853,71.86
75.845,42.385,162.42,42.385,162.42,73.868,75.845,73.868
67.06,45.264,153.06,45.264,153.06,76.538,67.06,76.538
62.729,46.28,149.02,46.28,149.02,77.659,62.729,77.659
57.302,48.521,143.2,48.521,143.2,79.757,57.302,79.757
48.751,52.794,134.93,52.794,134.93,84.132,48.751,84.132
38.914,56.45,125.2,56.45,125.2,87.827,38.914,87.827
34.29,58.636,120.54,58.636,120.54,90,34.29,90
28.624,62.352,115.34,62.352,115.34,93.887,28.624,93.887
19.857,68.776,106.71,68.776,106.71,100.36,19.857,100.36
15.935,68.233,103.21,68.233,103.21,99.97,15.935,99.97
9.9529,54.095,97.598,54.095,97.598,85.966,9.9529,85.966
5.1686,56.726,92.882,56.726,92.882,88.622,5.1686,88.622
0.15497,58.663,87.977,58.663,87.977,90.599,0.15497,90.599
-5.0717,61.352,83.093,61.352,83.093,93.412,-5.0717,93.412
-10.112,65.326,78.047,65.326,78.047,97.384,-10.112,97.384
-19.815,72.525,67.649,72.525,67.649,104.33,-19.815,104.33
-25.552,78.46,61.197,78.46,61.197,110.01,-25.552,110.01
-31.457,84.319,55.51,84.319,55.51,115.94,-31.457,115.94
-41.88,90.702,45.45,90.702,45.45,122.46,-41.88,122.46
-38.442,102.28,48.876,102.28,48.876,134.03,-38.442,134.03
-24.729,119.44,61.956,119.44,61.956,150.97,-24.729,150.97
-21.962,123.01,64.483,123.01,64.483,154.44,-21.962,154.44
-17.669,127.08,68.808,127.08,68.808,158.52,-17.669,158.52
-3.9246,136.02,82.268,136.02,82.268,167.36,-3.9246,167.36
0.66641,139.62,86.792,139.62,86.792,170.94,0.66641,170.94
5.8571,142.78,91.67,142.78,91.67,173.98,5.8571,173.98
9.4292,145.48,95.185,145.48,95.185,176.67,9.4292,176.67
22.636,154.95,107.87,154.95,107.87,185.94,22.636,185.94
25.37,159.01,110.69,159.01,110.69,190.03,25.37,190.03
33.989,166.3,119.62,166.3,119.62,197.44,33.989,197.44
36.859,168.59,123.01,168.59,123.01,199.92,36.859,199.92
40.685,172.3,127.47,172.3,127.47,203.86,40.685,203.86
57.226,176.73,143.8,176.73,143.8,208.21,57.226,208.21
58.353,177.2,145.73,177.2,145.73,208.97,58.353,208.97
75.268,178.06,162.69,178.06,162.69,209.85,75.268,209.85
82.964,181.78,170.89,181.78,170.89,213.75,82.964,213.75
87.3,181.8,175.26,181.8,175.26,213.79,87.3,213.79
94.544,185.85,182.71,185.85,182.71,217.91,94.544,217.91
108.05,190.61,195.62,190.61,195.62,222.45,108.05,222.45
116.8,195.19,204.23,195.19,204.23,226.99,116.8,226.99
120.96,198.52,208.89,198.52,208.89,230.49,120.96,230.49
128.15,203.97,216.65,203.97,216.65,236.15,128.15,236.15
130.62,205.76,219.55,205.76,219.55,238.1,130.62,238.1
152.52,216.2,241.48,216.2,241.48,248.55,152.52,248.55
156.63,215.11,245.82,215.11,245.82,247.54,156.63,247.54
158.35,215.86,247.99,215.86,247.99,248.45,158.35,248.45
156.56,218.56,246.13,218.56,246.13,251.13,156.56,251.13
163.69,221.5,252.76,221.5,252.76,253.89,163.69,253.89
164.24,222.51,252.75,222.51,252.75,254.7,164.24,254.7
158.93,222.72,247.73,222.72,247.73,255.01,158.93,255.01
168.08,229.39,256.3,229.39,256.3,261.47,168.08,261.47
168.97,232.19,257.08,232.19,257.08,264.23,168.97,264.23
170.18,235.77,258.33,235.77,258.33,267.82,170.18,267.82
167.51,239.69,256.35,239.69,256.35,271.99,167.51,271.99
174.79,244.48,263.77,244.48,263.77,276.84,174.79,276.84
178.75,249.04,267.67,249.04,267.67,281.38,178.75,281.38
184.37,251.36,273,251.36,273,283.59,184.37,283.59
186.47,249.78,274.59,249.78,274.59,281.82,186.47,281.82
186.5,252.08,275.31,252.08,275.31,284.37,186.5,284.37
187.31,251.18,276.67,251.18,276.67,283.68,187.31,283.68
190.66,249.77,279.38,249.77,279.38,282.03,190.66,282.03
188.56,251.48,277.15,251.48,277.15,283.7,188.56,283.7
189.31,251.5,277.03,251.5,277.03,283.4,189.31,283.4
190.96,251.55,277.79,251.55,277.79,283.12,190.96,283.12
184.65,254.09,271.65,254.09,271.65,285.72,184.65,285.72
186.84,253.68,274.06,253.68,274.06,285.4,186.84,285.4
188.99,253.44,276.96,253.44,276.96,285.42,188.99,285.42
204.1,258.58,292.07,258.58,292.07,290.57,204.1,290.57
208.95,259.19,296.93,259.19,296.93,291.18,208.95,291.18
212.01,258.48,300.4,258.48,300.4,290.62,212.01,290.62
218.93,259.17,307.64,259.17,307.64,291.43,218.93,291.43
233.66,254.04,321.75,254.04,321.75,286.07,233.66,286.07
237.39,253.1,325.6,253.1,325.6,285.17,237.39,285.17
244.36,249.39,332.22,249.39,332.22,281.34,244.36,281.34
246.08,250.67,333.54,250.67,333.54,282.48,246.08,282.48
245.78,251.9,333.03,251.9,333.03,283.63,245.78,283.63
244.21,250.84,331.23,250.84,331.23,282.49,244.21,282.49
243.53,250.47,330.55,250.47,330.55,282.12,243.53,282.12
242.67,249.34,329.89,249.34,329.89,281.06,242.67,281.06
241.79,245.15,329.17,245.15,329.17,276.92,241.79,276.92
240.45,244.93,327.31,244.93,327.31,276.51,240.45,276.51
236.82,243.61,323.21,243.61,323.21,275.02,236.82,275.02
234.36,243.51,320.59,243.51,320.59,274.86,234.36,274.86
232.12,243.47,317.8,243.47,317.8,274.63,232.12,274.63
229.84,243.39,315.45,243.39,315.45,274.52,229.84,274.52
225.4,243.75,310.78,243.75,310.78,274.79,225.4,274.79
220.99,244.26,305.67,244.26,305.67,275.06,220.99,275.06
226.26,241.83,309.74,241.83,309.74,272.19,226.26,272.19
225.1,243.79,307.88,243.79,307.88,273.89,225.1,273.89
233.71,244.08,316.43,244.08,316.43,274.17,233.71,274.17
233.36,244.68,316.53,244.68,316.53,274.92,233.36,274.92
233.41,245.87,317.27,245.87,317.27,276.37,233.41,276.37
227.94,247.04,312.46,247.04,312.46,277.77,227.94,277.77
227.82,246.66,312.18,246.66,312.18,277.34,227.82,277.34
222.97,248.16,307.53,248.16,307.53,278.91,222.97,278.91
222.23,247.65,306.82,247.65,306.82,278.4,222.23,278.4
235.21,237.54,320.33,237.54,320.33,268.5,235.21,268.5
238.02,237.91,323.61,237.91,323.61,269.04,238.02,269.04
262.22,237.01,347.58,237.01,347.58,268.05,262.22,268.05
265.7,237.97,351.34,237.97,351.34,269.11,265.7,269.11
276.93,240.23,362.57,240.23,362.57,271.37,276.93,271.37
280.26,242.01,365.87,242.01,365.87,273.14,280.26,273.14
283.78,244.2,369.49,244.2,369.49,275.37,283.78,275.37
287.54,246.89,373.81,246.89,373.81,278.26,287.54,278.26
290.06,248.91,376.91,248.91,376.91,280.5,290.06,280.5
292.4,249.61,380.15,249.61,380.15,281.52,292.4,281.52
293.19,249.71,381.28,249.71,381.28,281.74,293.19,281.74
303.52,248.3,391.49,248.3,391.49,280.28,303.52,280.28
307.4,246.41,395.13,246.41,395.13,278.31,307.4,278.31
308.73,244.95,396.57,244.95,396.57,276.9,308.73,276.9
310.97,242.32,398.78,242.32,398.78,274.25,310.97,274.25
315.11,238.9,402.63,238.9,402.63,270.73,315.11,270.73
316.77,236.21,403.8,236.21,403.8,267.86,316.77,267.86
316.41,233.05,402.63,233.05,402.63,264.4,316.41,264.4
314.72,232.43,400.38,232.43,400.38,263.58,314.72,263.58
312.58,233.1,397.98,233.1,397.98,264.15,312.58,264.15
309.28,233.71,393.91,233.71,393.91,264.48,309.28,264.48
303.72,236.17,388.12,236.17,388.12,266.86,303.72,266.86
300.62,236.48,385.17,236.48,385.17,267.22,300.62,267.22
297.92,237.77,382.64,237.77,382.64,268.57,297.92,268.57
