512,159,537,159,537,245,512,245
511.86,158.55,536.88,158.55,536.88,244.6,511.86,244.6
511.35,158.69,536.4,158.69,536.4,244.88,511.35,244.88
510.7,158.58,535.76,158.58,535.76,244.79,510.7,244.79
509.12,158.43,534.37,158.43,534.37,245.28,509.12,245.28
506.64,159.32,531.56,159.32,531.56,245.05,506.64,245.05
503.18,158.1,528.4,158.1,528.4,244.84,503.18,244.84
498.92,158.37,524.25,158.37,524.25,245.51,498.92,245.51
496.34,157.7,521.78,157.7,521.78,245.22,496.34,245.22
493.96,157.95,519.48,157.95,519.48,245.74,493.96,245.74
491.69,158.17,517.32,158.17,517.32,246.36,491.69,246.36
489.87,157.33,515.67,157.33,515.67,246.08,489.87,246.08
486.85,158.04,512.66,158.04,512.66,246.82,486.85,246.82
484.85,158.8,510.5,158.8,510.5,247.04,484.85,247.04
481.23,159.12,506.6,159.12,506.6,246.41,481.23,246.41
482.22,159.36,507.28,159.36,507.28,245.58,482.22,245.58
511.48,158.59,536.36,158.59,536.36,244.2,511.48,244.2
511.3,157.45,536.55,157.45,536.55,244.3,511.3,244.3
512.06,157.5,537.06,157.5,537.06,243.49,512.06,243.49
511.74,158.42,536.5,158.42,536.5,243.6,511.74,243.6
511.47,158.63,536.19,158.63,536.19,243.66,511.47,243.66
511.74,158.42,536.62,158.42,536.62,244.01,511.74,244.01
511.2,157.93,535.98,157.93,535.98,243.17,511.2,243.17
511.92,158.39,536.54,158.39,536.54,243.09,511.92,243.09
511.08,158.05,535.63,158.05,535.63,242.5,511.08,242.5
511.02,158.29,535.67,158.29,535.67,243.07,511.02,243.07
511.46,158.06,536.08,158.06,536.08,242.73,511.46,242.73
511.14,158.03,535.77,158.03,535.77,242.77,511.14,242.77
511.4,158.34,535.91,158.34,535.91,242.64,511.4,242.64
511.99,158.77,536.31,158.77,536.31,242.43,511.99,242.43
511.44,158.32,535.8,158.32,535.8,242.12,511.44,242.12
511.48,158.49,535.88,158.49,535.88,242.43,511.48,242.43
511.58,158.4,536.03,158.4,536.03,242.5,511.58,242.5
511.95,159.06,536.24,159.06,536.24,242.62,511.95,242.62
511.58,158.92,535.95,158.92,535.95,242.77,511.58,242.77
511.47,158.6,535.8,158.6,535.8,242.31,511.47,242.31
511.17,158.31,535.6,158.31,535.6,242.33,511.17,242.33
511.57,158.71,536.01,158.71,536.01,242.78,511.57,242.78
511.53,158.59,536.19,158.59,536.19,243.43,511.53,243.43
511.32,158.4,535.92,158.4,535.92,243.04,511.32,243.04
511.92,158.03,536.35,158.03,536.35,242.06,511.92,242.06
511.55,158.37,536.08,158.37,536.08,242.73,511.55,242.73
511.77,158.36,536.26,158.36,536.26,242.63,511.77,242.63
511.84,158.99,536.28,158.99,536.28,243.06,511.84,243.06
512.23,158.83,536.63,158.83,536.63,242.79,512.23,242.79
511.5,158.73,535.9,158.73,535.9,242.67,511.5,242.67
511.39,158.32,535.88,158.32,535.88,242.55,511.39,242.55
511.92,158.54,536.43,158.54,536.43,242.84,511.92,242.84
511.98,158.8,536.44,158.8,536.44,242.96,511.98,242.96
511.77,158.8,536.27,158.8,536.27,243.08,511.77,243.08
511.81,158.85,536.33,158.85,536.33,243.19,511.81,243.19
511.61,158.88,536.12,158.88,536.12,243.17,511.61,243.17
511.73,158.84,536.18,158.84,536.18,242.96,511.73,242.96
511.9,159.09,536.38,159.09,536.38,243.29,511.9,243.29
511.51,158.83,536.11,158.83,536.11,243.45,511.51,243.45
511.34,158.57,535.84,158.57,535.84,242.86,511.34,242.86
511.78,158.83,536.26,158.83,536.26,243.03,511.78,243.03
511.93,158.87,536.38,158.87,536.38,242.97,511.93,242.97
511.86,158.89,536.32,158.89,536.32,243.04,511.86,243.04
511.83,158.93,536.3,158.93,536.3,243.12,511.83,243.12
511.77,158.78,536.26,158.78,536.26,242.99,511.77,242.99
511.71,158.77,536.19,158.77,536.19,242.97,511.71,242.97
511.95,159.09,536.44,159.09,536.44,243.33,511.95,243.33
512.15,159.19,536.55,159.19,536.55,243.12,512.15,243.12
511.27,159.02,535.65,159.02,535.65,242.87,511.27,242.87
511.14,158.88,535.55,158.88,535.55,242.87,511.14,242.87
511.41,159,535.86,159,535.86,243.1,511.41,243.1
511.74,159.05,536.2,159.05,536.2,243.19,511.74,243.19
511.83,158.72,536.27,158.72,536.27,242.81,511.83,242.81
511.58,159.03,536.08,159.03,536.08,243.32,511.58,243.32
511.89,158.78,536.38,158.78,536.38,243.02,511.89,243.02
511.86,159.28,536.25,159.28,536.25,243.18,511.86,243.18
511.11,159,535.5,159,535.5,242.89,511.11,242.89
511.41,158.89,535.78,158.89,535.78,242.72,511.41,242.72
511.36,158.5,535.77,158.5,535.77,242.46,511.36,242.46
511.3,158.42,535.78,158.42,535.78,242.63,511.3,242.63
511.85,159.07,536.39,159.07,536.39,243.5,511.85,243.5
511.62,158.56,536.15,158.56,536.15,242.96,511.62,242.96
511.8,158.98,536.3,158.98,536.3,243.28,511.8,243.28
511.89,159.22,536.38,159.22,536.38,243.46,511.89,243.46
511.9,159.05,536.36,159.05,536.36,243.22,511.9,243.22
511.96,159.03,536.41,159.03,536.41,243.14,511.96,243.14
511.82,158.99,536.22,158.99,536.22,242.93,511.82,242.93
511.27,158.66,535.74,158.66,535.74,242.85,511.27,242.85
511.89,159.02,536.34,159.02,536.34,243.12,511.89,243.12
511.68,158.81,536.22,158.81,536.22,243.24,511.68,243.24
511.65,158.68,536.12,158.68,536.12,242.86,511.65,242.86
511.74,158.9,536.2,158.9,536.2,243.06,511.74,243.06
511.75,159.13,536.22,159.13,536.22,243.3,511.75,243.3
511.93,158.81,536.44,158.81,536.44,243.13,511.93,243.13
511.81,159.01,536.32,159.01,536.32,243.34,511.81,243.34
511.98,158.65,536.47,158.65,536.47,242.89,511.98,242.89
511.73,158.93,536.22,158.93,536.22,243.17,511.73,243.17
511.95,159.07,536.41,159.07,536.41,243.22,511.95,243.22
511.9,159.1,536.36,159.1,536.36,243.26,511.9,243.26
511.89,158.73,536.34,158.73,536.34,242.84,511.89,242.84
511.82,158.88,536.35,158.88,536.35,243.26,511.82,243.26
511.62,159.09,536.16,159.09,536.16,243.48,511.62,243.48
511.98,158.95,536.43,158.95,536.43,243.06,511.98,243.06
511.63,159.03,536.12,159.03,536.12,243.28,511.63,243.28
511.75,158.66,536.26,158.66,536.26,242.97,511.75,242.97
511.62,159.14,536.13,159.14,536.13,243.46,511.62,243.46
511.76,158.76,536.26,158.76,536.26,243.04,511.76,243.04
511.86,158.94,536.36,158.94,536.36,243.21,511.86,243.21
511.79,159.11,536.27,159.11,536.27,243.32,511.79,243.32
511.81,158.98,536.31,158.98,536.31,243.26,511.81,243.26
511.74,159,536.24,159,536.24,243.29,511.74,243.29
511.64,158.81,536.16,158.81,536.16,243.15,511.64,243.15
511.8,159.21,536.27,159.21,536.27,243.36,511.8,243.36
511.78,159,536.25,159,536.25,243.16,511.78,243.16
511.63,159.01,536.16,159.01,536.16,243.38,511.63,243.38
511.85,159,536.34,159,536.34,243.26,511.85,243.26
511.94,158.9,536.38,158.9,536.38,242.96,511.94,242.96
511.8,158.99,536.26,158.99,536.26,243.13,511.8,243.13
511.87,159,536.38,159,536.38,243.31,511.87,243.31
511.82,158.96,536.36,158.96,536.36,243.37,511.82,243.37
511.49,158.79,536.03,158.79,536.03,243.23,511.49,243.23
511.45,158.64,535.95,158.64,535.95,242.92,511.45,242.92
511.79,159.05,536.25,159.05,536.25,243.17,511.79,243.17
511.94,158.81,536.39,158.81,536.39,242.94,511.94,242.94
511.91,158.83,536.36,158.83,536.36,242.94,511.91,242.94
511.83,159.06,536.32,159.06,536.32,243.29,511.83,243.29
511.92,158.91,536.43,158.91,536.43,243.24,511.92,243.24
511.75,158.92,536.25,158.92,536.25,243.19,511.75,243.19
511.76,158.64,536.28,158.64,536.28,243,511.76,243
511.72,158.71,536.27,158.71,536.27,243.17,511.72,243.17
511.49,158.51,536.08,158.51,536.08,243.11,511.49,243.11
511.13,158.57,535.73,158.57,535.73,243.19,511.13,243.19
511.3,158.49,535.89,158.49,535.89,243.05,511.3,243.05
511.19,158.48,535.76,158.48,535.76,243.01,511.19,243.01
511.29,158.27,535.92,158.27,535.92,242.99,511.29,242.99
511.25,158.41,535.84,158.41,535.84,243.02,511.25,243.02
511.21,158.57,535.8,158.57,535.8,243.17,511.21,243.17
511.27,158.64,535.83,158.64,535.83,243.13,511.27,243.13
511.09,158.69,535.66,158.69,535.66,243.21,511.09,243.21
511.28,158.74,535.85,158.74,535.85,243.26,511.28,243.26
511.34,158.66,535.93,158.66,535.93,243.24,511.34,243.24
511.08,158.28,535.69,158.28,535.69,242.94,511.08,242.94
511.09,158.52,535.68,158.52,535.68,243.11,511.09,243.11
511.27,158.33,535.87,158.33,535.87,242.95,511.27,242.95
511.21,158.39,535.8,158.39,535.8,242.97,511.21,242.97
511.43,158.45,536.07,158.45,536.07,243.22,511.43,243.22
511.06,158.51,535.68,158.51,535.68,243.19,511.06,243.19
511.12,158.62,535.71,158.62,535.71,243.19,511.12,243.19
511.26,158.35,535.88,158.35,535.88,243.07,511.26,243.07
511.35,158.6,535.94,158.6,535.94,243.21,511.35,243.21
511.31,158.69,535.9,158.69,535.9,243.29,511.31,243.29
511.2,158.44,535.77,158.44,535.77,242.96,511.2,242.96
511.14,158.59,535.71,158.59,535.71,243.1,511.14,243.1
511.27,158.62,535.81,158.62,535.81,243.04,511.27,243.04
511.55,158.72,536.08,158.72,536.08,243.11,511.55,243.11
511.66,158.88,536.15,158.88,536.15,243.13,511.66,243.13
511.83,159.04,536.31,159.04,536.31,243.27,511.83,243.27
511.68,158.78,536.18,158.78,536.18,243.05,511.68,243.05
511.69,159.01,536.2,159.01,536.2,243.34,511.69,243.34
511.81,158.85,536.33,158.85,536.33,243.21,511.81,243.21
511.85,159.23,536.27,159.23,536.27,243.21,511.85,243.21
511.53,158.86,535.98,158.86,535.98,242.98,511.53,242.98
511.79,158.87,536.26,158.87,536.26,243.05,511.79,243.05
511.64,158.93,536.15,158.93,536.15,243.27,511.64,243.27
511.8,158.87,536.31,158.87,536.31,243.19,511.8,243.19
511.93,158.93,536.41,158.93,536.41,243.16,511.93,243.16
511.88,158.94,536.36,158.94,536.36,243.15,511.88,243.15
511.72,158.81,536.24,158.81,536.24,243.15,511.72,243.15
511.55,158.74,536.07,158.74,536.07,243.11,511.55,243.11
511.65,158.68,536.21,158.68,536.21,243.14,511.65,243.14
511.51,158.61,536.07,158.61,536.07,243.11,511.51,243.11
511.12,158.34,535.74,158.34,535.74,243.03,511.12,243.03
511.15,158.42,535.73,158.42,535.73,242.98,511.15,242.98
511.14,158.47,535.72,158.47,535.72,243.03,511.14,243.03
511.1,158.46,535.71,158.46,535.71,243.1,511.1,243.1
511.12,158.47,535.7,158.47,535.7,243.05,511.12,243.05
511.19,158.43,535.76,158.43,535.76,242.96,511.19,242.96
511.11,158.57,535.69,158.57,535.69,243.11,511.11,243.11
511.19,158.37,535.78,158.37,535.78,242.97,511.19,242.97
511.16,158.42,535.72,158.42,535.72,242.92,511.16,242.92
511.25,158.85,535.78,158.85,535.78,243.25,511.25,243.25
511.93,159.09,536.39,159.09,536.39,243.24,511.93,243.24
511.84,158.89,536.3,158.89,536.3,243.03,511.84,243.03
511.67,158.97,536.19,158.97,536.19,243.32,511.67,243.32
511.66,158.68,536.22,158.68,536.22,243.16,511.66,243.16
511.39,158.58,535.95,158.58,535.95,243.06,511.39,243.06
511.54,158.6,536.1,158.6,536.1,243.09,511.54,243.09
511.05,158.39,535.61,158.39,535.61,242.89,511.05,242.89
511.02,158.39,535.63,158.39,535.63,243.05,511.02,243.05
511.14,158.44,535.79,158.44,535.79,243.22,511.14,243.22
510.99,158.29,535.65,158.29,535.65,243.14,510.99,243.14
511.47,158.7,536.07,158.7,536.07,243.32,511.47,243.32
511.28,158.36,535.89,158.36,535.89,243.03,511.28,243.03
511.27,158.45,535.87,158.45,535.87,243.05,511.27,243.05
511.15,158.48,535.76,158.48,535.76,243.16,511.15,243.16
511.22,158.24,535.88,158.24,535.88,243.06,511.22,243.06
511.2,158.52,535.79,158.52,535.79,243.1,511.2,243.1
511.21,158.49,535.8,158.49,535.8,243.09,511.21,243.09
511.35,158.33,535.96,158.33,535.96,243,511.35,243
511.24,158.23,535.82,158.23,535.82,242.77,511.24,242.77
511.14,158.51,535.76,158.51,535.76,243.19,511.14,243.19
511.14,158.41,535.74,158.41,535.74,243.06,511.14,243.06
511.03,158.48,535.6,158.48,535.6,242.98,511.03,242.98
511.17,158.47,535.75,158.47,535.75,243.02,511.17,243.02
511.19,158.27,535.76,158.27,535.76,242.8,511.19,242.8
511.09,158.49,535.67,158.49,535.67,243.03,511.09,243.03
511.26,158.54,535.82,158.54,535.82,243.04,511.26,243.04
511.24,158.37,535.81,158.37,535.81,242.91,511.24,242.91
511.3,158.45,535.89,158.45,535.89,243.04,511.3,243.04
511.12,158.48,535.7,158.48,535.7,243.03,511.12,243.03
511.17,158.4,535.79,158.4,535.79,243.08,511.17,243.08
511.3,158.42,535.88,158.42,535.88,242.96,511.3,242.96
511.27,158.5,535.86,158.5,535.86,243.07,511.27,243.07
511.2,158.46,535.78,158.46,535.78,243.01,511.2,243.01
511.15,158.45,535.75,158.45,535.75,243.05,511.15,243.05
511.25,158.49,535.86,158.49,535.86,243.17,511.25,243.17
511.32,158.35,535.95,158.35,535.95,243.08,511.32,243.08
511.15,158.43,535.73,158.43,535.73,242.99,511.15,242.99
511.14,158.48,535.74,158.48,535.74,243.1,511.14,243.1
511.18,158.43,535.75,158.43,535.75,242.96,511.18,242.96
511.06,158.57,535.61,158.57,535.61,243.03,511.06,243.03
511.42,158.62,535.99,158.62,535.99,243.15,511.42,243.15
511.1,158.22,535.69,158.22,535.69,242.8,511.1,242.8
511.16,158.48,535.74,158.48,535.74,243.06,511.16,243.06
511.18,158.37,535.78,158.37,535.78,243.02,511.18,243.02
511.1,158.6,535.72,158.6,535.72,243.29,511.1,243.29
511.14,158.33,535.78,158.33,535.78,243.08,511.14,243.08
511.16,158.45,535.7,158.45,535.7,242.89,511.16,242.89
511.43,158.65,535.97,158.65,535.97,243.05,511.43,243.05
511.83,158.8,536.35,158.8,536.35,243.15,511.83,243.15
511.74,158.83,536.3,158.83,536.3,243.33,511.74,243.33
511.33,158.41,535.89,158.41,535.89,242.91,511.33,242.91
511.34,158.26,535.9,158.26,535.9,242.75,511.34,242.75
511.31,158.58,535.85,158.58,535.85,242.98,511.31,242.98
511.74,158.77,536.36,158.77,536.36,243.47,511.74,243.47
511.3,158.3,535.91,158.3,535.91,242.99,511.3,242.99
511.18,158.55,535.77,158.55,535.77,243.13,511.18,243.13
511.18,158.46,535.8,158.46,535.8,243.13,511.18,243.13
511.1,158.49,535.71,158.49,535.71,243.16,511.1,243.16
511.2,158.61,535.82,158.61,535.82,243.31,511.2,243.31
511.35,158.37,535.95,158.37,535.95,243,511.35,243
511.01,158.3,535.65,158.3,535.65,243.06,511.01,243.06
511.19,158.39,535.81,158.39,535.81,243.09,511.19,243.09
511.08,158.34,535.7,158.34,535.7,243.01,511.08,243.01
511.12,158.26,535.73,158.26,535.73,242.9,511.12,242.9
511.2,158.51,535.82,158.51,535.82,243.18,511.2,243.18
511.18,158.37,535.79,158.37,535.79,243.03,511.18,243.03
511.07,158.32,535.66,158.32,535.66,242.94,511.07,242.94
511.14,158.33,535.77,158.33,535.77,243.03,511.14,243.03
511.15,158.1,535.78,158.1,535.78,242.8,511.15,242.8
511.06,158.17,535.63,158.17,535.63,242.7,511.06,242.7
511.18,158.12,535.76,158.12,535.76,242.68,511.18,242.68
511.11,158.03,535.71,158.03,535.71,242.66,511.11,242.66
511.16,157.94,535.75,157.94,535.75,242.54,511.16,242.54
511.28,157.95,535.87,157.95,535.87,242.55,511.28,242.55
511.2,158.19,535.76,158.19,535.76,242.68,511.2,242.68
511.2,158.27,535.8,158.27,535.8,242.88,511.2,242.88
511.09,158.35,535.68,158.35,535.68,242.95,511.09,242.95
511.03,158.41,535.58,158.41,535.58,242.85,511.03,242.85
511.41,158.7,535.97,158.7,535.97,243.17,511.41,243.17
511.41,158.47,535.96,158.47,535.96,242.94,511.41,242.94
511.26,158.79,535.81,158.79,535.81,243.27,511.26,243.27
511.37,158.47,535.97,158.47,535.97,243.07,511.37,243.07
511.05,158.47,535.65,158.47,535.65,243.11,511.05,243.11
510.93,158.53,535.54,158.53,535.54,243.19,510.93,243.19
511.12,158.27,535.77,158.27,535.77,243.08,511.12,243.08
510.96,158.3,535.6,158.3,535.6,243.09,510.96,243.09
511.06,158.35,535.69,158.35,535.69,243.05,511.06,243.05
511.12,158.47,535.72,158.47,535.72,243.09,511.12,243.09
511.1,158.18,535.72,158.18,535.72,242.88,511.1,242.88
511.04,158.56,535.62,158.56,535.62,243.13,511.04,243.13
511.17,158.32,535.78,158.32,535.78,242.97,511.17,242.97
511.22,158.33,535.8,158.33,535.8,242.9,511.22,242.9
511.2,158.38,535.8,158.38,535.8,243.02,511.2,243.02
511.09,158.34,535.73,158.34,535.73,243.1,511.09,243.1
511.1,158.31,535.73,158.31,535.73,243.02,511.1,243.02
511.05,158.53,535.65,158.53,535.65,243.16,511.05,243.16
511.16,158.38,535.77,158.38,535.77,243.05,511.16,243.05
511.07,158.2,535.69,158.2,535.69,242.88,511.07,242.88
511.04,158.34,535.71,158.34,535.71,243.22,511.04,243.22
511.44,158.38,536.1,158.38,536.1,243.21,511.44,243.21
511.51,158.58,536.13,158.58,536.13,243.27,511.51,243.27
511.15,158.49,535.77,158.49,535.77,243.17,511.15,243.17
511.08,158.45,535.68,158.45,535.68,243.09,511.08,243.09
511.07,158.34,535.67,158.34,535.67,242.96,511.07,242.96
511.25,158.46,535.83,158.46,535.83,242.99,511.25,242.99
511.15,158.36,535.73,158.36,535.73,242.93,511.15,242.93
511.18,158.48,535.74,158.48,535.74,242.99,511.18,242.99
511.05,158.4,535.66,158.4,535.66,243.04,511.05,243.04
511.04,158.43,535.66,158.43,535.66,243.12,511.04,243.12
510.97,158.3,535.56,158.3,535.56,242.89,510.97,242.89
511.18,158.5,535.76,158.5,535.76,243.06,511.18,243.06
511,158.38,535.6,158.38,535.6,242.99,511,242.99
511.05,158.48,535.69,158.48,535.69,243.22,511.05,243.22
511.15,158.31,535.79,158.31,535.79,243.07,511.15,243.07
510.99,158.15,535.64,158.15,535.64,242.93,510.99,242.93
510.97,158.56,535.61,158.56,535.61,243.32,510.97,243.32
511.23,158.37,535.86,158.37,535.86,243.11,511.23,243.11
511.1,158.45,535.72,158.45,535.72,243.13,511.1,243.13
510.98,158.44,535.63,158.44,535.63,243.21,510.98,243.21
511.14,158.39,535.79,158.39,535.79,243.19,511.14,243.19
511.11,158.13,535.77,158.13,535.77,242.95,511.11,242.95
511.04,158.28,535.7,158.28,535.7,243.1,511.04,243.1
511.17,158.29,535.8,158.29,535.8,243.04,511.17,243.04
511.06,158.33,535.68,158.33,535.68,243.03,511.06,243.03
511.07,158.31,535.74,158.31,535.74,243.18,511.07,243.18
511.33,158.31,535.99,158.31,535.99,243.14,511.33,243.14
511.53,158.61,536.14,158.61,536.14,243.29,511.53,243.29
511.05,158.35,535.65,158.35,535.65,242.98,511.05,242.98
511.07,158.26,535.68,158.26,535.68,242.92,511.07,242.92
511.01,158.16,535.68,158.16,535.68,243.01,511.01,243.01
511.3,158.61,535.94,158.61,535.94,243.36,511.3,243.36
511.19,158.37,535.83,158.37,535.83,243.13,511.19,243.13
511.15,158.25,535.79,158.25,535.79,243,511.15,243
511.05,158.41,535.68,158.41,535.68,243.13,511.05,243.13
511.23,158.31,535.88,158.31,535.88,243.08,511.23,243.08
511.15,158.43,535.77,158.43,535.77,243.12,511.15,243.12
511.23,158.47,535.82,158.47,535.82,243.07,511.23,243.07
511.32,158.43,535.91,158.43,535.91,243.04,511.32,243.04
511.03,158.47,535.66,158.47,535.66,243.2,511.03,243.2
511.07,158.37,535.72,158.37,535.72,243.18,511.07,243.18
511.13,158.23,535.81,158.23,535.81,243.14,511.13,243.14
511.32,158.35,536,158.35,536,243.22,511.32,243.22
511.45,158.52,536.11,158.52,536.11,243.34,511.45,243.34
511.13,158.31,535.82,158.31,535.82,243.24,511.13,243.24
511.17,158.46,535.83,158.46,535.83,243.3,511.17,243.3
511.4,158.41,536.06,158.41,536.06,243.24,511.4,243.24
511.08,158.41,535.74,158.41,535.74,243.26,511.08,243.26
511.28,158.8,535.86,158.8,535.86,243.37,511.28,243.37
511.16,158.33,535.78,158.33,535.78,243.02,511.16,243.02
511.07,158.48,535.69,158.48,535.69,243.16,511.07,243.16
510.96,158.27,535.58,158.27,535.58,242.98,510.96,242.98
511.14,158.36,535.78,158.36,535.78,243.11,511.14,243.11
511.09,158.35,535.7,158.35,535.7,243.01,511.09,243.01
511.09,158.64,535.67,158.64,535.67,243.2,511.09,243.2
511.13,158.21,535.76,158.21,535.76,242.92,511.13,242.92
511.12,158.44,535.71,158.44,535.71,243.03,511.12,243.03
511.08,158.45,535.7,158.45,535.7,243.15,511.08,243.15
511.05,158.31,535.65,158.31,535.65,242.94,511.05,242.94
510.93,158.55,535.55,158.55,535.55,243.23,510.93,243.23
511.17,158.49,535.77,158.49,535.77,243.14,511.17,243.14
510.97,158.29,535.62,158.29,535.62,243.07,510.97,243.07
510.96,158.57,535.56,158.57,535.56,243.19,510.96,243.19
511.1,158.31,535.74,158.31,535.74,243.09,511.1,243.09
511.05,158.18,535.7,158.18,535.7,242.98,511.05,242.98
510.92,158.42,535.56,158.42,535.56,243.19,510.92,243.19
511.13,158.48,535.76,158.48,535.76,243.2,511.13,243.2
511,158.38,535.63,158.38,535.63,243.11,511,243.11
511.11,158.43,535.75,158.43,535.75,243.18,511.11,243.18
511.12,158.33,535.76,158.33,535.76,243.1,511.12,243.1
510.95,158.52,535.56,158.52,535.56,243.18,510.95,243.18
511.12,158.36,535.76,158.36,535.76,243.12,511.12,243.12
510.96,158.2,535.61,158.2,535.61,243,510.96,243
510.95,158.41,535.61,158.41,535.61,243.24,510.95,243.24
510.98,158.19,535.67,158.19,535.67,243.13,510.98,243.13
511.43,158.51,536.22,158.51,536.22,243.77,511.43,243.77
511.3,158.44,535.98,158.44,535.98,243.35,511.3,243.35
511.51,158.45,536.26,158.45,536.26,243.57,511.51,243.57
511.51,158.4,536.26,158.4,536.26,243.53,511.51,243.53
511.68,158.68,536.31,158.68,536.31,243.39,511.68,243.39
511.02,158.31,535.66,158.31,535.66,243.07,511.02,243.07
511,158.41,535.65,158.41,535.65,243.21,511,243.21
510.91,158.36,535.58,158.36,535.58,243.22,510.91,243.22
511.39,158.47,536.11,158.47,536.11,243.5,511.39,243.5
511.59,158.28,536.29,158.28,536.29,243.24,511.59,243.24
511.62,158.92,536.17,158.92,536.17,243.37,511.62,243.37
511.37,158.47,535.97,158.47,535.97,243.12,511.37,243.12
510.99,158.43,535.6,158.43,535.6,243.11,510.99,243.11
511.03,158.54,535.67,158.54,535.67,243.3,511.03,243.3
511.05,158.4,535.68,158.4,535.68,243.12,511.05,243.12
510.96,158.34,535.62,158.34,535.62,243.17,510.96,243.17
511.17,158.19,535.87,158.19,535.87,243.17,511.17,243.17
511.45,158.55,536.12,158.55,536.12,243.43,511.45,243.43
511.36,158.5,536.01,158.5,536.01,243.29,511.36,243.29
511.12,158.31,535.75,158.31,535.75,243.02,511.12,243.02
511.08,158.26,535.71,158.26,535.71,242.99,511.08,242.99
510.97,158.46,535.63,158.46,535.63,243.3,510.97,243.3
511.32,158.44,535.98,158.44,535.98,243.28,511.32,243.28
511.41,158.47,536.05,158.47,536.05,243.23,511.41,243.23
511.05,158.39,535.7,158.39,535.7,243.18,511.05,243.18
511.16,158.47,535.78,158.47,535.78,243.18,511.16,243.18
510.91,158.39,535.55,158.39,535.55,243.16,510.91,243.16
511.07,158.37,535.71,158.37,535.71,243.15,511.07,243.15
511.22,158.29,535.86,158.29,535.86,243.04,511.22,243.04
510.93,158.39,535.56,158.39,535.56,243.13,510.93,243.13
511.16,158.5,535.8,158.5,535.8,243.24,511.16,243.24
511,158.31,535.64,158.31,535.64,243.09,511,243.09
511.03,158.35,535.65,158.35,535.65,243.07,511.03,243.07
511.04,158.43,535.68,158.43,535.68,243.19,511.04,243.19
511.01,158.22,535.68,158.22,535.68,243.08,511.01,243.08
511.25,158.61,535.92,158.61,535.92,243.47,511.25,243.47
511.48,158.41,536.16,158.41,536.16,243.29,511.48,243.29
511.38,158.26,536.09,158.26,536.09,243.25,511.38,243.25
511.47,158.48,536.15,158.48,536.15,243.38,511.47,243.38
511.35,158.5,536.09,158.5,536.09,243.59,511.35,243.59
511.65,158.44,536.37,158.44,536.37,243.47,511.65,243.47
511.65,158.78,536.23,158.78,536.23,243.33,511.65,243.33
511.14,158.41,535.77,158.41,535.77,243.12,511.14,243.12
511.11,158.37,535.76,158.37,535.76,243.17,511.11,243.17
511.08,158.37,535.72,158.37,535.72,243.12,511.08,243.12
511.23,158.39,535.86,158.39,535.86,243.11,511.23,243.11
511.09,158.4,535.73,158.4,535.73,243.16,511.09,243.16
511.16,158.38,535.81,158.38,535.81,243.18,511.16,243.18
510.9,158.23,535.58,158.23,535.58,243.11,510.9,243.11
511.25,158.48,536.02,158.48,536.02,243.68,511.25,243.68
511.52,158.58,536.21,158.58,536.21,243.51,511.52,243.51
511.34,158.52,536.02,158.52,536.02,243.42,511.34,243.42
511.43,158.48,536.08,158.48,536.08,243.26,511.43,243.26
511.12,158.38,535.74,158.38,535.74,243.08,511.12,243.08
511.05,158.49,535.65,158.49,535.65,243.11,511.05,243.11
511.08,158.25,535.7,158.25,535.7,242.94,511.08,242.94
510.89,158.4,535.52,158.4,535.52,243.11,510.89,243.11
511.06,158.44,535.69,158.44,535.69,243.17,511.06,243.17
511.09,158.23,535.76,158.23,535.76,243.09,511.09,243.09
511.38,158.44,536.03,158.44,536.03,243.24,511.38,243.24
511.18,158.31,535.85,158.31,535.85,243.18,511.18,243.18
511.44,158.44,536.1,158.44,536.1,243.28,511.44,243.28
511.32,158.4,535.98,158.4,535.98,243.23,511.32,243.23
511.11,158.32,535.77,158.32,535.77,243.14,511.11,243.14
511.05,158.21,535.7,158.21,535.7,243.01,511.05,243.01
511.04,158.27,535.67,158.27,535.67,243.03,511.04,243.03
511.15,158.38,535.78,158.38,535.78,243.09,511.15,243.09
511.12,158.29,535.74,158.29,535.74,242.98,511.12,242.98
511.08,158.44,535.68,158.44,535.68,243.07,511.08,243.07
511.03,158.48,535.64,158.48,535.64,243.14,511.03,243.14
510.93,158.42,535.56,158.42,535.56,243.13,510.93,243.13
511.05,158.33,535.67,158.33,535.67,243.02,511.05,243.02
511.07,158.3,535.72,158.3,535.72,243.1,511.07,243.1
510.95,158.33,535.58,158.33,535.58,243.07,510.95,243.07
511.06,158.41,535.68,158.41,535.68,243.12,511.06,243.12
510.98,158.34,535.62,158.34,535.62,243.11,510.98,243.11
511.17,158.4,535.79,158.4,535.79,243.09,511.17,243.09
511.14,158.4,535.76,158.4,535.76,243.1,511.14,243.1
511.13,158.28,535.71,158.28,535.71,242.83,511.13,242.83
511.15,158.62,535.75,158.62,535.75,243.25,511.15,243.25
511.03,158.34,535.67,158.34,535.67,243.1,511.03,243.1
510.91,158.51,535.58,158.51,535.58,243.39,510.91,243.39
511.33,158.34,536.04,158.34,536.04,243.34,511.33,243.34
511.65,158.78,536.22,158.78,536.22,243.3,511.65,243.3
511.1,158.55,535.66,158.55,535.66,243.05,511.1,243.05
511.1,158.38,535.67,158.38,535.67,242.9,511.1,242.9
511.03,158.52,535.62,158.52,535.62,243.1,511.03,243.1
510.98,158.39,535.59,158.39,535.59,243.04,510.98,243.04
510.99,158.28,535.63,158.28,535.63,243.01,510.99,243.01
510.98,158.21,535.6,158.21,535.6,242.88,510.98,242.88
511.16,158.52,535.79,158.52,535.79,243.27,511.16,243.27
511.05,158.35,535.71,158.35,535.71,243.16,511.05,243.16
511.02,158.24,535.67,158.24,535.67,243.04,511.02,243.04
511.09,158.32,535.71,158.32,535.71,243.02,511.09,243.02
511.04,158.4,535.62,158.4,535.62,242.95,511.04,242.95
511.04,158.5,535.62,158.5,535.62,243.08,511.04,243.08
511,158.26,535.62,158.26,535.62,242.95,511,242.95
510.95,158.49,535.54,158.49,535.54,243.07,510.95,243.07
511.09,158.47,535.7,158.47,535.7,243.14,511.09,243.14
511.07,158.21,535.75,158.21,535.75,243.12,511.07,243.12
511.32,158.53,536,158.53,536,243.41,511.32,243.41
511.39,158.39,536.06,158.39,536.06,243.28,511.39,243.28
511.25,158.22,535.95,158.22,535.95,243.19,511.25,243.19
511.57,158.57,536.29,158.57,536.29,243.58,511.57,243.58
511.59,158.32,536.26,158.32,536.26,243.19,511.59,243.19
511.41,158.5,536.07,158.5,536.07,243.34,511.41,243.34
511.37,158.33,536.05,158.33,536.05,243.24,511.37,243.24
511.27,158.49,535.92,158.49,535.92,243.26,511.27,243.26
511.14,158.37,535.78,158.37,535.78,243.13,511.14,243.13
511.1,158.21,535.72,158.21,535.72,242.92,511.1,242.92
510.85,158.65,535.47,158.65,535.47,243.32,510.85,243.32
511.11,158.38,535.76,158.38,535.76,243.17,511.11,243.17
511.07,158.25,535.73,158.25,535.73,243.06,511.07,243.06
510.99,158.51,535.67,158.51,535.67,243.39,510.99,243.39
511.32,158.43,536.02,158.43,536.02,243.4,511.32,243.4
511.4,158.61,536.12,158.61,536.12,243.64,511.4,243.64
511.64,158.94,536.11,158.94,536.11,243.13,511.64,243.13
511.72,158.9,536.21,158.9,536.21,243.17,511.72,243.17
511.53,158.77,536.06,158.77,536.06,243.15,511.53,243.15
511.62,159.04,536.07,159.04,536.07,243.15,511.62,243.15
511.59,158.58,536.12,158.58,536.12,242.95,511.59,242.95
511.59,159.02,536.04,159.02,536.04,243.13,511.59,243.13
511.6,158.97,536.05,158.97,536.05,243.1,511.6,243.1
511.67,159.01,536.14,159.01,536.14,243.17,511.67,243.17
511.68,158.79,536.21,158.79,536.21,243.18,511.68,243.18
511.7,159.07,536.17,159.07,536.17,243.26,511.7,243.26
511.53,158.78,536.05,158.78,536.05,243.14,511.53,243.14
511.63,158.65,536.19,158.65,536.19,243.13,511.63,243.13
511.39,158.44,535.97,158.44,535.97,242.98,511.39,242.98
511,158.33,535.62,158.33,535.62,243.01,511,243.01
510.93,158.47,535.58,158.47,535.58,243.25,510.93,243.25
511.05,158.24,535.68,158.24,535.68,242.97,511.05,242.97
510.89,158.32,535.52,158.32,535.52,243.04,510.89,243.04
510.81,158.56,535.39,158.56,535.39,243.15,510.81,243.15
510.9,158.22,535.51,158.22,535.51,242.85,510.9,242.85
511.11,158.29,535.75,158.29,535.75,243.04,511.11,243.04
510.96,158.18,535.58,158.18,535.58,242.87,510.96,242.87
511.02,158.57,535.63,158.57,535.63,243.24,511.02,243.24
511.08,158.33,535.72,158.33,535.72,243.1,511.08,243.1
510.83,158.6,535.46,158.6,535.46,243.32,510.83,243.32
511.13,158.27,535.76,158.27,535.76,243,511.13,243
510.9,158.44,535.53,158.44,535.53,243.18,510.9,243.18
511.08,158.35,535.72,158.35,535.72,243.1,511.08,243.1
511.06,158.05,535.73,158.05,535.73,242.91,511.06,242.91
511.2,158.26,535.86,158.26,535.86,243.07,511.2,243.07
511.05,158.23,535.71,158.23,535.71,243.06,511.05,243.06
511.27,158.47,535.9,158.47,535.9,243.21,511.27,243.21
511.17,158.38,535.78,158.38,535.78,243.03,511.17,243.03
510.85,158.25,535.5,158.25,535.5,243.03,510.85,243.03
511.03,158.3,535.68,158.3,535.68,243.08,511.03,243.08
510.91,158.25,535.57,158.25,535.57,243.06,510.91,243.06
510.94,158.31,535.62,158.31,535.62,243.18,510.94,243.18
511.27,158.31,535.99,158.31,535.99,243.35,511.27,243.35
511.46,158.46,536.18,158.46,536.18,243.5,511.46,243.5
511.5,158.64,536.14,158.64,536.14,243.38,511.5,243.38
510.95,158.35,535.62,158.35,535.62,243.22,510.95,243.22
511.23,158.34,535.9,158.34,535.9,243.21,511.23,243.21
511.36,158.23,536.05,158.23,536.05,243.17,511.36,243.17
511.53,158.45,536.2,158.45,536.2,243.3,511.53,243.3
511.36,158.49,536.03,158.49,536.03,243.37,511.36,243.37
511.35,158.46,536.03,158.46,536.03,243.35,511.35,243.35
511.34,158.32,535.98,158.32,535.98,243.08,511.34,243.08
511,158.34,535.65,158.34,535.65,243.14,511,243.14
511.07,158.17,535.75,158.17,535.75,243.05,511.07,243.05
511.17,158.41,535.81,158.41,535.81,243.19,511.17,243.19
510.98,158.45,535.62,158.45,535.62,243.23,510.98,243.23
510.93,158.14,535.57,158.14,535.57,242.9,510.93,242.9
511.08,158.46,535.72,158.46,535.72,243.23,511.08,243.23
510.96,158.46,535.58,158.46,535.58,243.14,510.96,243.14
511.04,158.46,535.66,158.46,535.66,243.15,511.04,243.15
510.98,158.29,535.63,158.29,535.63,243.08,510.98,243.08
510.92,158.37,535.57,158.37,535.57,243.15,510.92,243.15
510.92,158.27,535.59,158.27,535.59,243.15,510.92,243.15
511.23,158.5,535.84,158.5,535.84,243.15,511.23,243.15
511.03,158.23,535.66,158.23,535.66,242.96,511.03,242.96
510.98,158.37,535.62,158.37,535.62,243.13,510.98,243.13
511.17,158.26,535.81,158.26,535.81,243.04,511.17,243.04
510.91,158.39,535.56,158.39,535.56,243.17,510.91,243.17
510.95,158.19,535.63,158.19,535.63,243.09,510.95,243.09
511.17,158.46,535.87,158.46,535.87,243.44,511.17,243.44
511.57,158.8,536.11,158.8,536.11,243.23,511.57,243.23
511.22,158.55,535.78,158.55,535.78,243.04,511.22,243.04
511.21,158.5,535.77,158.5,535.77,242.98,511.21,242.98
511.24,158.49,535.85,158.49,535.85,243.13,511.24,243.13
511,158.28,535.65,158.28,535.65,243.05,511,243.05
510.99,158.41,535.63,158.41,535.63,243.15,510.99,243.15
511.04,158.26,535.72,158.26,535.72,243.16,511.04,243.16
511.19,158.45,535.88,158.45,535.88,243.39,511.19,243.39
511.45,158.7,536.08,158.7,536.08,243.42,511.45,243.42
510.94,158.36,535.56,158.36,535.56,243.06,510.94,243.06
510.94,158.35,535.55,158.35,535.55,243,510.94,243
511.07,158.37,535.69,158.37,535.69,243.07,511.07,243.07
510.95,158.37,535.57,158.37,535.57,243.06,510.95,243.06
510.93,158.29,535.58,158.29,535.58,243.09,510.93,243.09
510.9,158.3,535.59,158.3,535.59,243.24,510.9,243.24
511.41,158.59,536.07,158.59,536.07,243.41,511.41,243.41
511.11,158.27,535.77,158.27,535.77,243.12,511.11,243.12
511.23,158.38,535.91,158.38,535.91,243.27,511.23,243.27
511.2,158.5,535.95,158.5,535.95,243.63,511.2,243.63
511.7,158.83,536.26,158.83,536.26,243.31,511.7,243.31
511.15,158.47,535.73,158.47,535.73,243,511.15,243
510.97,158.49,535.55,158.49,535.55,243.05,510.97,243.05
511.02,158.41,535.62,158.41,535.62,243.05,511.02,243.05
510.95,158.26,535.58,158.26,535.58,243,510.95,243
510.96,158.35,535.58,158.35,535.58,243.06,510.96,243.06
510.97,158.26,535.58,158.26,535.58,242.93,510.97,242.93
511.01,158.43,535.56,158.43,535.56,242.89,511.01,242.89
511.17,158.65,535.72,158.65,535.72,243.08,511.17,243.08
511.14,158.61,535.67,158.61,535.67,242.99,511.14,242.99
511.38,159.05,535.93,159.05,535.93,243.52,511.38,243.52
511.28,158.45,535.87,158.45,535.87,243.03,511.28,243.03
510.92,158.54,535.49,158.54,535.49,243.07,510.92,243.07
510.92,158.41,535.53,158.41,535.53,243.04,510.92,243.04
510.95,158.28,535.58,158.28,535.58,243.02,510.95,243.02
510.91,158.5,535.51,158.5,535.51,243.15,510.91,243.15
511.01,158.47,535.61,158.47,535.61,243.09,511.01,243.09
511.06,158.41,535.69,158.41,535.69,243.12,511.06,243.12
510.93,158.33,535.52,158.33,535.52,242.92,510.93,242.92
510.79,158.41,535.4,158.41,535.4,243.07,510.79,243.07
510.98,158.37,535.62,158.37,535.62,243.13,510.98,243.13
510.84,158.61,535.44,158.61,535.44,243.22,510.84,243.22
510.99,158.37,535.63,158.37,535.63,243.12,510.99,243.12
510.78,158.24,535.41,158.24,535.41,243,510.78,243
510.84,158.23,535.47,158.23,535.47,242.94,510.84,242.94
511.02,158.34,535.64,158.34,535.64,243.04,511.02,243.04
510.93,158.36,535.56,158.36,535.56,243.05,510.93,243.05
511.01,158.39,535.63,158.39,535.63,243.06,511.01,243.06
511,158.26,535.62,158.26,535.62,242.95,511,242.95
510.91,158.2,535.55,158.2,535.55,242.95,510.91,242.95
511.07,158.23,535.75,158.23,535.75,243.14,511.07,243.14
511.17,158.4,535.85,158.4,535.85,243.3,511.17,243.3
511.16,158.42,535.84,158.42,535.84,243.31,511.16,243.31
511.12,158.47,535.77,158.47,535.77,243.26,511.12,243.26
510.86,158.37,535.54,158.37,535.54,243.24,510.86,243.24
511.07,158.56,535.72,158.56,535.72,243.35,511.07,243.35
510.83,158.3,535.46,158.3,535.46,243.03,510.83,243.03
510.95,158.22,535.58,158.22,535.58,242.96,510.95,242.96
510.86,158.47,535.46,158.47,535.46,243.1,510.86,243.1
