297,159,315,159,315,207,297,207
294.87,158.84,312.92,158.84,312.92,206.97,294.87,206.97
293.94,158.7,312.03,158.7,312.03,206.93,293.94,206.93
292.55,158.71,310.6,158.71,310.6,206.84,292.55,206.84
290.89,158.96,308.92,158.96,308.92,207.04,290.89,207.04
289.61,159.1,307.63,159.1,307.63,207.16,289.61,207.16
287.46,158.97,305.53,158.97,305.53,207.14,287.46,207.14
285.65,158.47,303.84,158.47,303.84,206.97,285.65,206.97
282.16,157.88,300.5,157.88,300.5,206.79,282.16,206.79
280.15,156.59,298.69,156.59,298.69,206.04,280.15,206.04
278.04,155.09,296.79,155.09,296.79,205.1,278.04,205.1
277.24,155.43,295.66,155.43,295.66,204.56,277.24,204.56
275.5,155.89,293.91,155.89,293.91,204.98,275.5,204.98
275.03,155.74,293.62,155.74,293.62,205.31,275.03,205.31
261.19,152.95,279.61,152.95,279.61,202.07,261.19,202.07
259.41,151.76,277.8,151.76,277.8,200.8,259.41,200.8
256.16,150.93,274.62,150.93,274.62,200.15,256.16,200.15
254.51,151.04,272.98,151.04,272.98,200.31,254.51,200.31
249.39,145.85,267.59,145.85,267.59,194.38,249.39,194.38
248.41,151.79,266.72,151.79,266.72,200.61,248.41,200.61
244.73,151.47,262.87,151.47,262.87,199.83,244.73,199.83
241.02,149.45,259.35,149.45,259.35,198.31,241.02,198.31
239.03,148.9,257.13,148.9,257.13,197.18,239.03,197.18
235.88,149.66,253.92,149.66,253.92,197.78,235.88,197.78
233.11,149.45,251.21,149.45,251.21,197.71,233.11,197.71
232.09,149.78,250.08,149.78,250.08,197.75,232.09,197.75
229.96,149.47,248.04,149.47,248.04,197.67,229.96,197.67
225.67,150.12,243.68,150.12,243.68,198.16,225.67,198.16
223.57,149.88,241.6,149.88,241.6,197.94,223.57,197.94
221.41,148.77,239.57,148.77,239.57,197.19,221.41,197.19
220.26,148.93,238.47,148.93,238.47,197.49,220.26,197.49
217.48,148.02,235.97,148.02,235.97,197.32,217.48,197.32
214.89,147.51,233.5,147.51,233.5,197.13,214.89,197.13
212.46,146.73,231.23,146.73,231.23,196.77,212.46,196.77
209.65,146.87,228.4,146.87,228.4,196.86,209.65,196.86
207.44,147.16,226.14,147.16,226.14,197.03,207.44,197.03
203.62,148.24,222.41,148.24,222.41,198.34,203.62,198.34
200.4,147.15,219.15,147.15,219.15,197.15,200.4,197.15
196.93,147.89,215.73,147.89,215.73,198.01,196.93,198.01
192.42,147.16,211.26,147.16,211.26,197.39,192.42,197.39
187.63,147.33,206.53,147.33,206.53,197.71,187.63,197.71
182.64,148.12,201.58,148.12,201.58,198.63,182.64,198.63
179.51,148.55,198.5,148.55,198.5,199.19,179.51,199.19
176.76,149.45,195.53,149.45,195.53,199.52,176.76,199.52
174.05,148.99,192.84,148.99,192.84,199.08,174.05,199.08
172.04,149.38,190.83,149.38,190.83,199.47,172.04,199.47
169.06,150.17,187.7,150.17,187.7,199.88,169.06,199.88
167.4,150.71,186.05,150.71,186.05,200.46,167.4,200.46
164.87,151.46,183.44,151.46,183.44,200.99,164.87,200.99
161.73,151.72,180.24,151.72,180.24,201.08,161.73,201.08
158.97,152.09,177.59,152.09,177.59,201.74,158.97,201.74
157.36,151.93,176.03,151.93,176.03,201.73,157.36,201.73
155.03,152.6,173.71,152.6,173.71,202.42,155.03,202.42
152.61,152.69,171.31,152.69,171.31,202.56,152.61,202.56
150.74,153.29,169.63,153.29,169.63,203.68,150.74,203.68
146.86,153.96,165.76,153.96,165.76,204.36,146.86,204.36
143.95,154.57,162.95,154.57,162.95,205.24,143.95,205.24
140.65,155.06,159.77,155.06,159.77,206.06,140.65,206.06
138.32,154.45,157.48,154.45,157.48,205.52,138.32,205.52
136.53,153.69,155.7,153.69,155.7,204.83,136.53,204.83
134.86,153.89,154.16,153.89,154.16,205.35,134.86,205.35
134.33,155.34,153.62,155.34,153.62,206.76,134.33,206.76
132.94,155.96,152.21,155.96,152.21,207.35,132.94,207.35
131.5,157.34,150.64,157.34,150.64,208.38,131.5,208.38
129.35,158.11,148.45,158.11,148.45,209.03,129.35,209.03
127.47,159.27,146.43,159.27,146.43,209.83,127.47,209.83
125.09,160.04,144.11,160.04,144.11,210.78,125.09,210.78
123.32,160.49,142.37,160.49,142.37,211.31,123.32,211.31
121.28,160.23,140.36,160.23,140.36,211.11,121.28,211.11
118.74,159.92,137.86,159.92,137.86,210.93,118.74,210.93
115.91,161.1,135.21,161.1,135.21,212.58,115.91,212.58
114.84,163.03,134.08,163.03,134.08,214.34,114.84,214.34
110.81,164.98,130.11,164.98,130.11,216.45,110.81,216.45
107.76,165.57,127.25,165.57,127.25,217.54,107.76,217.54
106.14,165.52,125.7,165.52,125.7,217.67,106.14,217.67
104.31,166.43,123.87,166.43,123.87,218.58,104.31,218.58
100.9,167.08,120.44,167.08,120.44,219.18,100.9,219.18
97.1,166.96,116.64,166.96,116.64,219.08,97.1,219.08
93.196,168.23,112.7,168.23,112.7,220.24,93.196,220.24
91.29,168.8,110.64,168.8,110.64,220.38,91.29,220.38
82.743,169.61,102.12,169.61,102.12,221.27,82.743,221.27
86.903,170.66,106.24,170.66,106.24,222.24,86.903,222.24
87.716,170.89,107.07,170.89,107.07,222.5,87.716,222.5
75.588,171.11,94.983,171.11,94.983,222.84,75.588,222.84
88.616,170.68,108.03,170.68,108.03,222.45,88.616,222.45
67.563,170.62,87.025,170.62,87.025,222.52,67.563,222.52
63.711,170.79,83.253,170.79,83.253,222.9,63.711,222.9
60.755,170.47,80.337,170.47,80.337,222.69,60.755,222.69
59.253,169.69,78.782,169.69,78.782,221.77,59.253,221.77
55.639,169.9,75.251,169.9,75.251,222.19,55.639,222.19
52.124,170.76,71.691,170.76,71.691,222.94,52.124,222.94
49.444,171.5,68.969,171.5,68.969,223.57,49.444,223.57
45.772,171.79,65.353,171.79,65.353,224.01,45.772,224.01
44.21,171.71,63.758,171.71,63.758,223.84,44.21,223.84
42.061,171.27,61.6,171.27,61.6,223.37,42.061,223.37
36.359,169.35,55.759,169.35,55.759,221.08,36.359,221.08
35.09,166.99,54.529,166.99,54.529,218.83,35.09,218.83
33.653,167.62,53.096,167.62,53.096,219.47,33.653,219.47
30.031,170.33,49.481,170.33,49.481,222.19,30.031,222.19
28.587,171.89,47.972,171.89,47.972,223.58,28.587,223.58
23.41,173.06,42.86,173.06,42.86,224.93,23.41,224.93
17.724,170.93,37.182,170.93,37.182,222.82,17.724,222.82
15.039,171.18,34.622,171.18,34.622,223.4,15.039,223.4
13.435,171.31,33.196,171.31,33.196,224,13.435,224
10.709,170.69,30.56,170.69,30.56,223.63,10.709,223.63
8.1995,171.25,28.157,171.25,28.157,224.47,8.1995,224.47
3.8937,171.68,23.91,171.68,23.91,225.06,3.8937,225.06
0.50309,171.47,20.384,171.47,20.384,224.49,0.50309,224.49
-3.8926,171.27,15.795,171.27,15.795,223.77,-3.8926,223.77
-7.2838,171.03,12.341,171.03,12.341,223.37,-7.2838,223.37
-9.9745,170.51,9.6142,170.51,9.6142,222.75,-9.9745,222.75
-11.736,170.54,7.8184,170.54,7.8184,222.68,-11.736,222.68
