540,324,581,324,581,447,540,447
536.87,327.37,577.92,327.37,577.92,450.52,536.87,450.52
531.11,326.39,572.56,326.39,572.56,450.74,531.11,450.74
528.39,325.85,569.9,325.85,569.9,450.37,528.39,450.37
525.06,326.28,566.8,326.28,566.8,451.5,525.06,451.5
523.48,327.09,565,327.09,565,451.64,523.48,451.64
519.67,327.4,561.2,327.4,561.2,451.96,519.67,451.96
514.89,326.98,555.87,326.98,555.87,449.91,514.89,449.91
511.6,326.56,552.54,326.56,552.54,449.39,511.6,449.39
502.77,325.1,544.1,325.1,544.1,449.07,502.77,449.07
496.43,326.38,537.81,326.38,537.81,450.53,496.43,450.53
494.29,326.56,535.43,326.56,535.43,449.98,494.29,449.98
492.2,326.87,533.46,326.87,533.46,450.63,492.2,450.63
491.4,326.01,533.24,326.01,533.24,451.54,491.4,451.54
490.97,325.19,532.88,325.19,532.88,450.94,490.97,450.94
489.55,325.43,531.5,325.43,531.5,451.26,489.55,451.26
479.41,322.71,520.98,322.71,520.98,447.42,479.41,447.42
462.11,324.66,503.63,324.66,503.63,449.22,462.11,449.22
466.8,324.51,508.24,324.51,508.24,448.84,466.8,448.84
458.35,323.85,499.79,323.85,499.79,448.19,458.35,448.19
455.78,323.7,497.39,323.7,497.39,448.55,455.78,448.55
451,324.03,492.76,324.03,492.76,449.31,451,449.31
449.7,324.81,491.53,324.81,491.53,450.31,449.7,450.31
443.59,325.22,485.3,325.22,485.3,450.37,443.59,450.37
436.78,324.75,478.82,324.75,478.82,450.87,436.78,450.87
432.73,324.56,474.48,324.56,474.48,449.81,432.73,449.81
429.43,324.14,471.07,324.14,471.07,449.04,429.43,449.04
426.23,323.62,467.59,323.62,467.59,447.71,426.23,447.71
420.34,323.71,461.62,323.71,461.62,447.55,420.34,447.55
418.41,323.71,460.04,323.71,460.04,448.61,418.41,448.61
413.79,323.09,455.15,323.09,455.15,447.17,413.79,447.17
410.85,323.67,451.87,323.67,451.87,446.73,410.85,446.73
404.42,322.85,445.63,322.85,445.63,446.48,404.42,446.48
396,322.37,437.11,322.37,437.11,445.71,396,445.71
387.79,321.24,428.69,321.24,428.69,443.96,387.79,443.96
382.41,321.38,423.12,321.38,423.12,443.5,382.41,443.5
379.15,321.11,420.08,321.11,420.08,443.92,379.15,443.92
375.67,321.04,416.7,321.04,416.7,444.13,375.67,444.13
373.07,320.35,414.19,320.35,414.19,443.72,373.07,443.72
370.63,319.75,411.68,319.75,411.68,442.91,370.63,442.91
365.81,320.61,406.7,320.61,406.7,443.26,365.81,443.26
362.67,320.62,403.38,320.62,403.38,442.74,362.67,442.74
355.25,321.34,395.73,321.34,395.73,442.79,355.25,442.79
350.6,322.4,391.14,322.4,391.14,444.01,350.6,444.01
342.27,320.36,382.4,320.36,382.4,440.74,342.27,440.74
337.61,319.04,377.9,319.04,377.9,439.91,337.61,439.91
332.85,319.52,373.04,319.52,373.04,440.07,332.85,440.07
328.87,319.76,368.97,319.76,368.97,440.07,328.87,440.07
326.7,318.94,366.5,318.94,366.5,438.36,326.7,438.36
321.35,319.01,361.05,319.01,361.05,438.1,321.35,438.1
317.49,320.08,356.94,320.08,356.94,438.41,317.49,438.41
310.28,319.74,349.65,319.74,349.65,437.87,310.28,437.87
307.69,319.43,346.98,319.43,346.98,437.3,307.69,437.3
302.64,317.82,341.83,317.82,341.83,435.42,302.64,435.42
300.46,318.31,339.68,318.31,339.68,435.96,300.46,435.96
296.83,316.54,336.28,316.54,336.28,434.89,296.83,434.89
294.32,315.47,334.04,315.47,334.04,434.63,294.32,434.63
291.49,315.27,331.23,315.27,331.23,434.51,291.49,434.51
288.5,314.53,328.48,314.53,328.48,434.47,288.5,434.47
284.97,315.77,325.2,315.77,325.2,436.47,284.97,436.47
280.16,315.18,320.46,315.18,320.46,436.08,280.16,436.08
275.22,314.7,315.4,314.7,315.4,435.23,275.22,435.23
267.73,314.41,307.88,314.41,307.88,434.87,267.73,434.87
264.7,314.34,304.81,314.34,304.81,434.66,264.7,434.66
258.83,313.37,298.9,313.37,298.9,433.57,258.83,433.57
255.83,312.85,296.06,312.85,296.06,433.53,255.83,433.53
252.62,312.59,293.04,312.59,293.04,433.86,252.62,433.86
250.17,312.85,290.56,312.85,290.56,434.01,250.17,434.01
245.52,312.53,285.86,312.53,285.86,433.55,245.52,433.55
242.63,312.44,282.86,312.44,282.86,433.12,242.63,433.12
236.78,311.59,276.84,311.59,276.84,431.75,236.78,431.75
233.92,310.84,273.87,310.84,273.87,430.69,233.92,430.69
230.19,310.14,270.13,310.14,270.13,429.98,230.19,429.98
228.77,309.75,268.81,309.75,268.81,429.86,228.77,429.86
225.85,309.53,265.83,309.53,265.83,429.46,225.85,429.46
225.33,309.79,265.4,309.79,265.4,429.98,225.33,429.98
221.56,309.14,261.66,309.14,261.66,429.45,221.56,429.45
219.81,308.62,259.8,308.62,259.8,428.61,219.81,428.61
217.98,308.85,258.1,308.85,258.1,429.19,217.98,429.19
215.12,308.76,255.32,308.76,255.32,429.35,215.12,429.35
213.92,309.75,254.07,309.75,254.07,430.19,213.92,430.19
209.56,310.46,249.61,310.46,249.61,430.61,209.56,430.61
207.3,310.77,247.17,310.77,247.17,430.41,207.3,430.41
202.83,310.52,242.63,310.52,242.63,429.92,202.83,429.92
200.68,310.35,240.21,310.35,240.21,428.96,200.68,428.96
198.76,310.77,238.23,310.77,238.23,429.18,198.76,429.18
197.99,310.47,237.42,310.47,237.42,428.76,197.99,428.76
197.24,310.22,236.71,310.22,236.71,428.62,197.24,428.62
195.84,309.19,235.15,309.19,235.15,427.13,195.84,427.13
195.78,309.3,235.01,309.3,235.01,427,195.78,427
195.26,309.26,234.48,309.26,234.48,426.91,195.26,426.91
195.55,309.24,234.77,309.24,234.77,426.92,195.55,426.92
195.63,308.94,234.77,308.94,234.77,426.36,195.63,426.36
196.22,309.11,235.3,309.11,235.3,426.35,196.22,426.35
196.35,308.66,235.33,308.66,235.33,425.6,196.35,425.6
196.33,307.78,235.1,307.78,235.1,424.07,196.33,424.07
196.3,307.9,234.92,307.9,234.92,423.77,196.3,423.77
196.78,308.5,235.48,308.5,235.48,424.58,196.78,424.58
196.25,308.05,234.81,308.05,234.81,423.72,196.25,423.72
195.77,308.16,234.25,308.16,234.25,423.59,195.77,423.59
195.48,307.91,233.89,307.91,233.89,423.13,195.48,423.13
195.23,308.32,233.57,308.32,233.57,423.37,195.23,423.37
194.83,308.55,233.13,308.55,233.13,423.44,194.83,423.44
193.85,308.3,232.1,308.3,232.1,423.06,193.85,423.06
192.92,308.05,231.24,308.05,231.24,423.03,192.92,423.03
191.6,307.7,230,307.7,230,422.9,191.6,422.9
190.79,307.57,229.23,307.57,229.23,422.86,190.79,422.86
190.04,307.15,228.51,307.15,228.51,422.56,190.04,422.56
190.1,307.11,228.57,307.11,228.57,422.5,190.1,422.5
191.22,306.64,229.8,306.64,229.8,422.4,191.22,422.4
192.49,306.47,231.24,306.47,231.24,422.71,192.49,422.71
192.96,306.05,231.75,306.05,231.75,422.43,192.96,422.43
193.13,305.81,232.01,305.81,232.01,422.44,193.13,422.44
193.43,306.34,232.42,306.34,232.42,423.31,193.43,423.31
192.21,305.56,231.27,305.56,231.27,422.72,192.21,422.72
190.9,305.52,229.94,305.52,229.94,422.63,190.9,422.63
189.9,306.06,228.86,306.06,228.86,422.95,189.9,422.95
187.71,306.39,226.73,306.39,226.73,423.44,187.71,423.44
185.4,305.93,224.43,305.93,224.43,423.01,185.4,423.01
182.77,304.6,221.93,304.6,221.93,422.09,182.77,422.09
179.7,305.04,218.86,305.04,218.86,422.52,179.7,422.52
177.33,305.11,216.47,305.11,216.47,422.55,177.33,422.55
174.43,305.13,213.79,305.13,213.79,423.2,174.43,423.2
172.64,305.41,211.94,305.41,211.94,423.3,172.64,423.3
171.26,304.15,210.51,304.15,210.51,421.92,171.26,421.92
169.8,303.96,209.13,303.96,209.13,421.97,169.8,421.97
169.93,303.85,209.17,303.85,209.17,421.59,169.93,421.59
169.93,304.01,209.2,304.01,209.2,421.8,169.93,421.8
170.05,304.18,209.4,304.18,209.4,422.22,170.05,422.22
170.43,304.03,209.91,304.03,209.91,422.49,170.43,422.49
170.92,303.21,210.39,303.21,210.39,421.62,170.92,421.62
171.83,302.6,211.34,302.6,211.34,421.12,171.83,421.12
172.09,302.78,211.63,302.78,211.63,421.43,172.09,421.43
171.62,302.24,211.12,302.24,211.12,420.74,171.62,420.74
172.04,301.76,211.39,301.76,211.39,419.82,172.04,419.82
171.95,302.12,211.37,302.12,211.37,420.36,171.95,420.36
172.14,302.35,211.46,302.35,211.46,420.32,172.14,420.32
171.58,301.38,210.9,301.38,210.9,419.35,171.58,419.35
171.86,301.47,211.15,301.47,211.15,419.33,171.86,419.33
171.92,301.49,211.12,301.49,211.12,419.11,171.92,419.11
172.35,302.29,211.56,302.29,211.56,419.91,172.35,419.91
172.34,302.47,211.53,302.47,211.53,420.05,172.34,420.05
172.28,302.93,211.5,302.93,211.5,420.57,172.28,420.57
171.14,301.66,210.29,301.66,210.29,419.09,171.14,419.09
170.43,302.2,209.68,302.2,209.68,419.94,170.43,419.94
169.1,301.5,208.28,301.5,208.28,419.03,169.1,419.03
168.76,301.38,207.87,301.38,207.87,418.71,168.76,418.71
162.6,302.38,201.79,302.38,201.79,419.94,162.6,419.94
160.91,303.12,200.21,303.12,200.21,421,160.91,421
156.41,301.89,195.49,301.89,195.49,419.1,156.41,419.1
159.08,302.9,198.22,302.9,198.22,420.32,159.08,420.32
156.57,301.49,195.61,301.49,195.61,418.6,156.57,418.6
156.76,302.26,195.74,302.26,195.74,419.21,156.76,419.21
155.18,302,194.19,302,194.19,419.04,155.18,419.04
152.8,302.22,191.82,302.22,191.82,419.28,152.8,419.28
152.66,303.34,191.74,303.34,191.74,420.58,152.66,420.58
151.01,303.26,190.12,303.26,190.12,420.57,151.01,420.57
151.49,303.06,190.79,303.06,190.79,420.96,151.49,420.96
150.7,302.04,190.05,302.04,190.05,420.09,150.7,420.09
150.91,301.8,190.27,301.8,190.27,419.89,150.91,419.89
148.51,300.17,187.6,300.17,187.6,417.43,148.51,417.43
147.48,298.48,186.33,298.48,186.33,415.03,147.48,415.03
146.69,297.9,185.39,297.9,185.39,413.99,146.69,413.99
145.47,298.01,183.86,298.01,183.86,413.17,145.47,413.17
144.76,299.84,183.04,299.84,183.04,414.67,144.76,414.67
144.08,298.28,182.27,298.28,182.27,412.85,144.08,412.85
143.1,298.01,181.27,298.01,181.27,412.5,143.1,412.5
140.15,296.85,178.32,296.85,178.32,411.36,140.15,411.36
137.58,295.95,175.71,295.95,175.71,410.36,137.58,410.36
137.49,295.71,175.7,295.71,175.7,410.35,137.49,410.35
136.34,295.5,174.48,295.5,174.48,409.93,136.34,409.93
135.71,294.95,173.76,294.95,173.76,409.12,135.71,409.12
135.72,295.08,173.56,295.08,173.56,408.6,135.72,408.6
135.74,296.04,173.52,296.04,173.52,409.36,135.74,409.36
135.65,295.8,173.38,295.8,173.38,408.99,135.65,408.99
136.47,296.23,174.09,296.23,174.09,409.09,136.47,409.09
136.86,295.52,174.4,295.52,174.4,408.16,136.86,408.16
137.02,295.42,174.39,295.42,174.39,407.51,137.02,407.51
137.58,295.14,174.68,295.14,174.68,406.42,137.58,406.42
138.41,291.03,175.24,291.03,175.24,401.51,138.41,401.51
137.95,287.94,174.68,287.94,174.68,398.11,137.95,398.11
138.37,287.96,175.08,287.96,175.08,398.1,138.37,398.1
138.47,286.84,175.12,286.84,175.12,396.77,138.47,396.77
138.51,288.29,175.09,288.29,175.09,398.04,138.51,398.04
138.25,289.61,174.92,289.61,174.92,399.62,138.25,399.62
138.04,289.66,174.72,289.66,174.72,399.71,138.04,399.71
137.59,289.14,174.13,289.14,174.13,398.76,137.59,398.76
138.34,288.33,174.8,288.33,174.8,397.72,138.34,397.72
137.74,287.83,174.29,287.83,174.29,397.5,137.74,397.5
137.93,287.22,174.63,287.22,174.63,397.31,137.93,397.31
136.49,285.82,172.98,285.82,172.98,395.29,136.49,395.29
136.85,286.62,173.27,286.62,173.27,395.85,136.85,395.85
136.52,286.13,172.86,286.13,172.86,395.17,136.52,395.17
136.74,287.34,173.04,287.34,173.04,396.21,136.74,396.21
136.97,287.1,173.2,287.1,173.2,395.8,136.97,395.8
137.23,285.61,173.35,285.61,173.35,393.97,137.23,393.97
137.87,284.67,173.98,284.67,173.98,392.97,137.87,392.97
137.44,281.58,173.33,281.58,173.33,389.26,137.44,389.26
137.73,281.23,173.25,281.23,173.25,387.78,137.73,387.78
138.63,281.69,173.91,281.69,173.91,387.52,138.63,387.52
138.2,282.36,173.35,282.36,173.35,387.8,138.2,387.8
138.23,282.73,173.14,282.73,173.14,387.46,138.23,387.46
138.1,283.03,172.92,283.03,172.92,387.51,138.1,387.51
140.45,282.7,175,282.7,175,386.33,140.45,386.33
141.32,277.03,175.74,277.03,175.74,380.3,141.32,380.3
143.77,273.19,178.19,273.19,178.19,376.47,143.77,376.47
144.48,271.52,178.89,271.52,178.89,374.76,144.48,374.76
145.53,270.52,179.96,270.52,179.96,373.81,145.53,373.81
145.26,270.32,179.67,270.32,179.67,373.56,145.26,373.56
146.55,270.46,180.95,270.46,180.95,373.67,146.55,373.67
147.26,269.93,181.65,269.93,181.65,373.1,147.26,373.1
147.54,269.14,181.94,269.14,181.94,372.33,147.54,372.33
147.39,267.27,181.62,267.27,181.62,369.97,147.39,369.97
147.1,267.23,181.25,267.23,181.25,369.69,147.1,369.69
146.09,267.42,179.91,267.42,179.91,368.88,146.09,368.88
146.39,267.76,179.96,267.76,179.96,368.46,146.39,368.46
145.58,265.48,178.8,265.48,178.8,365.12,145.58,365.12
145.99,268.1,178.92,268.1,178.92,366.87,145.99,366.87
145.28,268.78,178.16,268.78,178.16,367.41,145.28,367.41
145.68,268.93,178.33,268.93,178.33,366.87,145.68,366.87
148.02,270.94,180.69,270.94,180.69,368.95,148.02,368.95
146.88,271.16,179.43,271.16,179.43,368.8,146.88,368.8
146.99,270.13,179.53,270.13,179.53,367.77,146.99,367.77
147.07,269.9,179.67,269.9,179.67,367.7,147.07,367.7
147.26,269.34,179.94,269.34,179.94,367.4,147.26,367.4
148.48,268.51,181.07,268.51,181.07,366.3,148.48,366.3
145.51,269.77,178.16,269.77,178.16,367.7,145.51,367.7
146.45,268.51,179.03,268.51,179.03,366.23,146.45,366.23
146.96,269.07,179.53,269.07,179.53,366.8,146.96,366.8
146.99,268.48,179.54,268.48,179.54,366.13,146.99,366.13
147.16,270.17,179.69,270.17,179.69,367.78,147.16,367.78
147.75,269.66,180.31,269.66,180.31,367.35,147.75,367.35
148.15,269.59,180.78,269.59,180.78,367.47,148.15,367.47
147.92,269.66,180.54,269.66,180.54,367.5,147.92,367.5
147.87,269.18,180.59,269.18,180.59,367.35,147.87,367.35
148.19,270.07,181,270.07,181,368.48,148.19,368.48
148.02,270.21,180.9,270.21,180.9,368.86,148.02,368.86
147.15,271.07,180.03,271.07,180.03,369.69,147.15,369.69
147.84,270.92,180.81,270.92,180.81,369.85,147.84,369.85
147.89,271.23,180.93,271.23,180.93,370.35,147.89,370.35
147.57,271.07,180.57,271.07,180.57,370.05,147.57,370.05
147.96,270.71,180.98,270.71,180.98,369.77,147.96,369.77
148.01,270.46,181.05,270.46,181.05,369.59,148.01,369.59
147.7,270.5,180.86,270.5,180.86,369.98,147.7,369.98
146.65,270.33,179.95,270.33,179.95,370.22,146.65,370.22
147.34,270.89,180.77,270.89,180.77,371.17,147.34,371.17
145.95,270.13,179.12,270.13,179.12,369.64,145.95,369.64
146.83,270.53,180.02,270.53,180.02,370.08,146.83,370.08
146.73,269.4,179.88,269.4,179.88,368.86,146.73,368.86
146.85,269.16,180.11,269.16,180.11,368.93,146.85,368.93
147.82,270.27,180.94,270.27,180.94,369.62,147.82,369.62
147.34,269.55,180.53,269.55,180.53,369.11,147.34,369.11
148.06,269.53,181.12,269.53,181.12,368.72,148.06,368.72
148.19,269.95,181.19,269.95,181.19,368.95,148.19,368.95
147.99,270.22,180.9,270.22,180.9,368.95,147.99,368.95
148.03,270.07,180.96,270.07,180.96,368.84,148.03,368.84
147.73,270.1,180.56,270.1,180.56,368.57,147.73,368.57
148.17,270.39,180.97,270.39,180.97,368.78,148.17,368.78
148.67,270.22,181.38,270.22,181.38,368.36,148.67,368.36
148.38,270.62,181.1,270.62,181.1,368.8,148.38,368.8
148.12,270.77,180.78,270.77,180.78,368.77,148.12,368.77
147.74,270.3,180.39,270.3,180.39,368.26,147.74,368.26
147.03,269.89,179.89,269.89,179.89,368.49,147.03,368.49
147.34,270.24,180.25,270.24,180.25,368.98,147.34,368.98
146.76,269.79,179.56,269.79,179.56,368.18,146.76,368.18
148.07,270.53,180.88,270.53,180.88,368.96,148.07,368.96
147.96,270.05,180.53,270.05,180.53,367.77,147.96,367.77
147.84,270.04,180.41,270.04,180.41,367.74,147.84,367.74
148.07,270.33,180.76,270.33,180.76,368.41,148.07,368.41
148.49,270.09,181.09,270.09,181.09,367.88,148.49,367.88
148.41,270.17,180.92,270.17,180.92,367.71,148.41,367.71
148.74,270.84,181.32,270.84,181.32,368.58,148.74,368.58
148.09,270.63,180.74,270.63,180.74,368.58,148.09,368.58
147.59,270.66,180.36,270.66,180.36,368.98,147.59,368.98
147.7,270.95,180.39,270.95,180.39,369.01,147.7,369.01
147,270.19,179.8,270.19,179.8,368.61,147,368.61
147.25,270.44,180.17,270.44,180.17,369.19,147.25,369.19
147.15,269.46,180.05,269.46,180.05,368.17,147.15,368.17
146.96,269.56,179.85,269.56,179.85,368.24,146.96,368.24
146.8,269.67,179.59,269.67,179.59,368.03,146.8,368.03
147.42,270.21,180.26,270.21,180.26,368.72,147.42,368.72
147.01,270.16,179.78,270.16,179.78,368.48,147.01,368.48
147.41,270.64,180.32,270.64,180.32,369.39,147.41,369.39
147.31,270.45,180.17,270.45,180.17,369.03,147.31,369.03
147.61,270.05,180.43,270.05,180.43,368.49,147.61,368.49
147.97,270.22,180.75,270.22,180.75,368.56,147.97,368.56
148.12,270.7,180.83,270.7,180.83,368.83,148.12,368.83
148.31,270.99,180.97,270.99,180.97,368.96,148.31,368.96
147.78,270.47,180.41,270.47,180.41,368.38,147.78,368.38
147.49,270.41,180.27,270.41,180.27,368.75,147.49,368.75
148.22,270.6,180.99,270.6,180.99,368.92,148.22,368.92
148.14,270.89,180.87,270.89,180.87,369.08,148.14,369.08
148.41,271.09,181.02,271.09,181.02,368.91,148.41,368.91
147.6,270.82,180.36,270.82,180.36,369.1,147.6,369.1
147.98,271.01,180.87,271.01,180.87,369.7,147.98,369.7
147.72,270.16,180.55,270.16,180.55,368.66,147.72,368.66
147.9,270.44,180.66,270.44,180.66,368.72,147.9,368.72
148.38,270.68,181.06,270.68,181.06,368.75,148.38,368.75
148.21,270.78,181.04,270.78,181.04,369.25,148.21,369.25
148.14,270.39,180.89,270.39,180.89,368.65,148.14,368.65
148.32,270.72,181.03,270.72,181.03,368.84,148.32,368.84
148.67,270.43,181.37,270.43,181.37,368.54,148.67,368.54
148.66,270.9,181.5,270.9,181.5,369.41,148.66,369.41
147.94,270.63,180.69,270.63,180.69,368.89,147.94,368.89
148.28,270.87,181.01,270.87,181.01,369.04,148.28,369.04
148.57,270.71,181.35,270.71,181.35,369.05,148.57,369.05
148.47,270.49,181.29,270.49,181.29,368.95,148.47,368.95
148.18,270.14,181.07,270.14,181.07,368.79,148.18,368.79
148.2,270.22,181.02,270.22,181.02,368.7,148.2,368.7
148.38,270.34,181.18,270.34,181.18,368.76,148.38,368.76
148.54,270.58,181.39,270.58,181.39,369.13,148.54,369.13
148.11,270.07,180.73,270.07,180.73,367.93,148.11,367.93
148.1,269.77,180.75,269.77,180.75,367.73,148.1,367.73
148.23,269.98,180.83,269.98,180.83,367.79,148.23,367.79
148.4,270.16,181.13,270.16,181.13,368.33,148.4,368.33
148.74,270.72,181.39,270.72,181.39,368.67,148.74,368.67
148.08,269.52,180.73,269.52,180.73,367.46,148.08,367.46
147.94,269.5,180.64,269.5,180.64,367.61,147.94,367.61
147.91,269.86,180.75,269.86,180.75,368.38,147.91,368.38
147.84,269.96,180.46,269.96,180.46,367.82,147.84,367.82
147.84,270.11,180.42,270.11,180.42,367.86,147.84,367.86
148.2,270.21,180.68,270.21,180.68,367.66,148.2,367.66
148.29,269.97,180.98,269.97,180.98,368.05,148.29,368.05
148.2,269.77,180.79,269.77,180.79,367.56,148.2,367.56
147.58,269.83,180.19,269.83,180.19,367.64,147.58,367.64
147.87,269.8,180.42,269.8,180.42,367.42,147.87,367.42
148.06,270.21,180.72,270.21,180.72,368.18,148.06,368.18
147.66,269.88,180.25,269.88,180.25,367.66,147.66,367.66
147.73,270.11,180.26,270.11,180.26,367.71,147.73,367.71
148.18,270.38,180.79,270.38,180.79,368.22,148.18,368.22
147.28,269.59,179.94,269.59,179.94,367.55,147.28,367.55
147.57,269.58,180.28,269.58,180.28,367.72,147.57,367.72
147.99,270.06,180.72,270.06,180.72,368.26,147.99,368.26
147.91,270.73,180.58,270.73,180.58,368.74,147.91,368.74
147.51,270.06,180.03,270.06,180.03,367.63,147.51,367.63
148.06,270.25,180.76,270.25,180.76,368.35,148.06,368.35
147.8,270.2,180.52,270.2,180.52,368.37,147.8,368.37
148.26,270.62,180.85,270.62,180.85,368.38,148.26,368.38
147.62,270.38,180.32,270.38,180.32,368.49,147.62,368.49
148.02,270.65,180.95,270.65,180.95,369.44,148.02,369.44
147.69,269.99,180.55,269.99,180.55,368.59,147.69,368.59
147.41,270.35,180.25,270.35,180.25,368.84,147.41,368.84
147.8,270.59,180.76,270.59,180.76,369.48,147.8,369.48
148.1,270.4,180.86,270.4,180.86,368.68,148.1,368.68
148.4,270.8,181.07,270.8,181.07,368.82,148.4,368.82
147.68,270.64,180.38,270.64,180.38,368.74,147.68,368.74
148.18,270.97,180.82,270.97,180.82,368.9,148.18,368.9
148.07,270.65,180.74,270.65,180.74,368.66,148.07,368.66
147.8,270.67,180.51,270.67,180.51,368.8,147.8,368.8
148.34,270.93,181.13,270.93,181.13,369.27,148.34,369.27
148.27,270.98,180.94,270.98,180.94,368.99,148.27,368.99
147.56,270.11,180.36,270.11,180.36,368.52,147.56,368.52
148.26,270.8,181.04,270.8,181.04,369.14,148.26,369.14
148.47,270.81,181.18,270.81,181.18,368.94,148.47,368.94
148.29,270.81,181.18,270.81,181.18,369.5,148.29,369.5
148.04,270.47,180.86,270.47,180.86,368.92,148.04,368.92
148.03,270.74,180.8,270.74,180.8,369.05,148.03,369.05
148.48,270.54,181.33,270.54,181.33,369.09,148.48,369.09
148.27,270.46,181.04,270.46,181.04,368.77,148.27,368.77
148.67,270.95,181.57,270.95,181.57,369.68,148.67,369.68
148.31,270.41,181.15,270.41,181.15,368.92,148.31,368.92
148.15,270.42,180.98,270.42,180.98,368.92,148.15,368.92
148.31,270.3,181.11,270.3,181.11,368.71,148.31,368.71
148.53,270.59,181.37,270.59,181.37,369.09,148.53,369.09
148.42,270.56,181.26,270.56,181.26,369.06,148.42,369.06
148.44,270.58,181.23,270.58,181.23,368.95,148.44,368.95
148.73,270.82,181.5,270.82,181.5,369.11,148.73,369.11
148.43,270.52,181.29,270.52,181.29,369.09,148.43,369.09
148.06,269.75,180.92,269.75,180.92,368.35,148.06,368.35
148.13,269.9,181.04,269.9,181.04,368.64,148.13,368.64
148.17,269.95,181.19,269.95,181.19,369,148.17,369
148.63,270.2,181.84,270.2,181.84,369.83,148.63,369.83
148.26,269.76,181.44,269.76,181.44,369.31,148.26,369.31
148,269.75,181.09,269.75,181.09,369.02,148,369.02
148.26,270.18,181.29,270.18,181.29,369.29,148.26,369.29
148.61,270.43,181.81,270.43,181.81,370.04,148.61,370.04
148.16,270.31,181.44,270.31,181.44,370.15,148.16,370.15
148.12,270.22,181.49,270.22,181.49,370.31,148.12,370.31
147.83,270.3,180.81,270.3,180.81,369.25,147.83,369.25
148.28,270.71,181.14,270.71,181.14,369.26,148.28,369.26
147.95,270.42,180.72,270.42,180.72,368.73,147.95,368.73
148.47,270.78,181.25,270.78,181.25,369.1,148.47,369.1
148.78,271.09,181.31,271.09,181.31,368.68,148.78,368.68
148.51,270.8,181.33,270.8,181.33,369.29,148.51,369.29
148.15,270.5,181.17,270.5,181.17,369.55,148.15,369.55
148.28,270.67,181.34,270.67,181.34,369.87,148.28,369.87
148.03,270.33,181.03,270.33,181.03,369.36,148.03,369.36
148.39,270.79,181.43,270.79,181.43,369.9,148.39,369.9
148.27,270.92,181.31,270.92,181.31,370.03,148.27,370.03
148.34,270.75,181.5,270.75,181.5,370.23,148.34,370.23
147.85,270.54,180.78,270.54,180.78,369.36,147.85,369.36
147.78,270.36,180.91,270.36,180.91,369.74,147.78,369.74
147.82,270.26,180.76,270.26,180.76,369.05,147.82,369.05
147.98,270.57,180.79,270.57,180.79,369,147.98,369
148.19,270.78,180.87,270.78,180.87,368.84,148.19,368.84
148.32,271.13,180.89,271.13,180.89,368.86,148.32,368.86
148.26,270.72,180.88,270.72,180.88,368.58,148.26,368.58
148.17,270.66,180.78,270.66,180.78,368.5,148.17,368.5
148,270.83,180.57,270.83,180.57,368.54,148,368.54
148.14,271.02,180.77,271.02,180.77,368.91,148.14,368.91
147.87,270.77,180.42,270.77,180.42,368.42,147.87,368.42
148.01,270.92,180.88,270.92,180.88,369.52,148.01,369.52
147.74,270.61,180.49,270.61,180.49,368.87,147.74,368.87
148.15,270.67,181.08,270.67,181.08,369.46,148.15,369.46
147.7,270.54,180.52,270.54,180.52,369.01,147.7,369.01
147.82,270.74,180.56,270.74,180.56,368.97,147.82,368.97
148.34,270.91,181.21,270.91,181.21,369.51,148.34,369.51
147.79,270.6,180.53,270.6,180.53,368.84,147.79,368.84
148.29,270.66,181.19,270.66,181.19,369.38,148.29,369.38
148.15,270.32,180.95,270.32,180.95,368.7,148.15,368.7
148.4,270.72,181.38,270.72,181.38,369.65,148.4,369.65
148.31,270.44,181.4,270.44,181.4,369.71,148.31,369.71
148.1,270.24,181.21,270.24,181.21,369.57,148.1,369.57
148.15,269.9,181.25,269.9,181.25,369.22,148.15,369.22
148.12,269.7,181.2,269.7,181.2,368.93,148.12,368.93
148.4,269.78,181.51,269.78,181.51,369.13,148.4,369.13
147.95,269.49,181,269.49,181,368.63,147.95,368.63
148.27,270.28,181.34,270.28,181.34,369.49,148.27,369.49
148,270.38,181.12,270.38,181.12,369.75,148,369.75
147.74,270.37,180.67,270.37,180.67,369.15,147.74,369.15
147.82,270.12,180.6,270.12,180.6,368.45,147.82,368.45
148.02,270.28,180.86,270.28,180.86,368.79,148.02,368.79
147.62,269.96,180.43,269.96,180.43,368.41,147.62,368.41
147.84,270.5,180.53,270.5,180.53,368.58,147.84,368.58
147.96,270.6,180.72,270.6,180.72,368.89,147.96,368.89
148.49,270.64,181.24,270.64,181.24,368.9,148.49,368.9
148.57,270.71,181.26,270.71,181.26,368.8,148.57,368.8
148.35,270.15,181.11,270.15,181.11,368.44,148.35,368.44
148.68,270.49,181.42,270.49,181.42,368.71,148.68,368.71
