474,33,506,33,506,135,474,135
470.84,27.571,502.99,27.571,502.99,130.04,470.84,130.04
468.29,27.22,500.44,27.22,500.44,129.72,468.29,129.72
466.73,27.612,498.8,27.612,498.8,129.82,466.73,129.82
465.23,27.681,497.17,27.681,497.17,129.51,465.23,129.51
464.22,28.28,496.28,28.28,496.28,130.48,464.22,130.48
463.23,29.207,495.11,29.207,495.11,130.83,463.23,130.83
461.28,29.837,492.88,29.837,492.88,130.57,461.28,130.57
459.1,29.447,490.74,29.447,490.74,130.3,459.1,130.3
456.46,28.436,488.09,28.436,488.09,129.26,456.46,129.26
454.78,28.253,486.31,28.253,486.31,128.75,454.78,128.75
453.91,28.328,485.38,28.328,485.38,128.65,453.91,128.65
452.54,27.9,484,27.9,484,128.18,452.54,128.18
451.02,27.641,482.39,27.641,482.39,127.63,451.02,127.63
449.88,27.119,481.21,27.119,481.21,126.98,449.88,126.98
448.99,26.737,480.35,26.737,480.35,126.69,448.99,126.69
448.48,26.712,479.89,26.712,479.89,126.85,448.48,126.85
447.91,26.793,479.08,26.793,479.08,126.12,447.91,126.12
447.14,27.147,478.36,27.147,478.36,126.66,447.14,126.66
447.02,27.224,478.09,27.224,478.09,126.28,447.02,126.28
446.53,26.568,477.75,26.568,477.75,126.09,446.53,126.09
446.89,27.956,478.24,27.956,478.24,127.88,446.89,127.88
446.58,27.425,478.17,27.425,478.17,128.12,446.58,128.12
447.59,28.52,479.08,28.52,479.08,128.91,447.59,128.91
447.62,28.473,479.22,28.473,479.22,129.19,447.62,129.19
447.4,28.168,478.72,28.168,478.72,128.02,447.4,128.02
447.43,28.318,478.86,28.318,478.86,128.48,447.43,128.48
447.4,28.6,478.9,28.6,478.9,129,447.4,129
447.63,28.941,478.97,28.941,478.97,128.84,447.63,128.84
447.54,28.623,478.91,28.623,478.91,128.62,447.54,128.62
447.14,28.644,478.47,28.644,478.47,128.49,447.14,128.49
447.18,28.744,478.48,28.744,478.48,128.51,447.18,128.51
447.56,28.403,478.92,28.403,478.92,128.38,447.56,128.38
448.7,28.661,480.07,28.661,480.07,128.63,448.7,128.63
449.36,28.319,480.95,28.319,480.95,129.02,449.36,129.02
449.98,28.365,481.5,28.365,481.5,128.84,449.98,128.84
450.21,28.332,482.02,28.332,482.02,129.71,450.21,129.71
450.1,28.924,482.11,28.924,482.11,130.96,450.1,130.96
450.2,29.616,482.13,29.616,482.13,131.41,450.2,131.41
449.98,30.042,481.79,30.042,481.79,131.43,449.98,131.43
450.73,31.041,482.75,31.041,482.75,133.13,450.73,133.13
450.92,32.581,482.9,32.581,482.9,134.5,450.92,134.5
451.25,34.152,483.38,34.152,483.38,136.59,451.25,136.59
451.53,37.179,483.38,37.179,483.38,138.72,451.53,138.72
451.5,38.54,483.36,38.54,483.36,140.08,451.5,140.08
450.9,38.749,482.81,38.749,482.81,140.46,450.9,140.46
450.82,37.647,482.95,37.647,482.95,140.06,450.82,140.06
452.16,36.274,484.23,36.274,484.23,138.5,452.16,138.5
454.28,36.025,486.14,36.025,486.14,137.6,454.28,137.6
455.41,37.367,487.17,37.367,487.17,138.6,455.41,138.6
455.96,39.508,487.76,39.508,487.76,140.89,455.96,140.89
458.26,40.083,490.09,40.083,490.09,141.55,458.26,141.55
460.73,40.099,492.59,40.099,492.59,141.66,460.73,141.66
461.39,40.013,493.43,40.013,493.43,142.15,461.39,142.15
463.4,40.766,495.65,40.766,495.65,143.54,463.4,143.54
464.52,40.984,496.84,40.984,496.84,144.01,464.52,144.01
465.2,42.437,497.74,42.437,497.74,146.17,465.2,146.17
466.25,46.691,498.99,46.691,498.99,151.05,466.25,151.05
467.46,49.455,500.4,49.455,500.4,154.44,467.46,154.44
467.66,51.069,500.58,51.069,500.58,156.01,467.66,156.01
468.81,50.893,501.72,50.893,501.72,155.8,468.81,155.8
470.84,48.938,503.67,48.938,503.67,153.59,470.84,153.59
471.54,50.192,504.43,50.192,504.43,155.03,471.54,155.03
472.17,52.351,505.06,52.351,505.06,157.18,472.17,157.18
473.9,53.065,506.84,53.065,506.84,158.06,473.9,158.06
476.59,53.785,509.53,53.785,509.53,158.76,476.59,158.76
479.06,119.69,512.25,119.69,512.25,225.48,479.06,225.48
481.23,152.26,514.43,152.26,514.43,258.08,481.23,258.08
480.8,149.09,513.92,149.09,513.92,254.67,480.8,254.67
481.29,149.89,514.44,149.89,514.44,255.58,481.29,255.58
482.15,153.42,515.41,153.42,515.41,259.43,482.15,259.43
481.48,151.74,514.72,151.74,514.72,257.68,481.48,257.68
481.71,153.83,514.88,153.83,514.88,259.57,481.71,259.57
481.94,156.21,515.26,156.21,515.26,262.44,481.94,262.44
480.39,155.93,513.72,155.93,513.72,262.15,480.39,262.15
480.66,158.73,514.03,158.73,514.03,265.09,480.66,265.09
480.37,162.24,513.87,162.24,513.87,269,480.37,269
479.71,161.49,513.31,161.49,513.31,268.61,479.71,268.61
479.72,161.47,513.4,161.47,513.4,268.82,479.72,268.82
479.64,161.85,513.48,161.85,513.48,269.72,479.64,269.72
479.18,159.73,513.14,159.73,513.14,267.97,479.18,267.97
478.97,159.42,513.03,159.42,513.03,268,478.97,268
478.97,161.79,512.96,161.79,512.96,270.15,478.97,270.15
478.42,162.05,512.43,162.05,512.43,270.46,478.42,270.46
478.31,165.37,512.27,165.37,512.27,273.59,478.31,273.59
477.89,167.94,511.91,167.94,511.91,276.36,477.89,276.36
477.49,169.46,511.63,169.46,511.63,278.3,477.49,278.3
476.31,170.53,510.42,170.53,510.42,279.28,476.31,279.28
476.14,172.36,510.37,172.36,510.37,281.48,476.14,281.48
475.34,172.47,509.77,172.47,509.77,282.24,475.34,282.24
473.79,170.98,508.33,170.98,508.33,281.09,473.79,281.09
473.63,171.92,508.25,171.92,508.25,282.29,473.63,282.29
473.31,172.24,507.88,172.24,507.88,282.41,473.31,282.41
472.58,173.13,507.2,173.13,507.2,283.49,472.58,283.49
470.54,177.28,505.31,177.28,505.31,288.1,470.54,288.1
468.53,179.79,503.54,179.79,503.54,291.38,468.53,291.38
467.19,181.39,502.35,181.39,502.35,293.45,467.19,293.45
465.81,181.85,501,181.85,501,294.02,465.81,294.02
464.36,182.03,499.57,182.03,499.57,294.28,464.36,294.28
463.39,182.05,498.43,182.05,498.43,293.76,463.39,293.76
463.66,182.62,498.66,182.62,498.66,294.2,463.66,294.2
462.3,182.18,497.22,182.18,497.22,293.48,462.3,293.48
461.07,182.33,495.86,182.33,495.86,293.19,461.07,293.19
460.71,184.26,495.41,184.26,495.41,294.88,460.71,294.88
458.73,184.92,493.42,184.92,493.42,295.52,458.73,295.52
457.88,186.28,492.59,186.28,492.59,296.92,457.88,296.92
456.84,189.08,491.26,189.08,491.26,298.81,456.84,298.81
454.89,191.74,489.56,191.74,489.56,302.27,454.89,302.27
453.18,193.99,487.98,193.99,487.98,304.93,453.18,304.93
451.1,195.75,486.12,195.75,486.12,307.36,451.1,307.36
449.16,194.85,484.24,194.85,484.24,306.67,449.16,306.67
447.47,195.1,482.64,195.1,482.64,307.19,447.47,307.19
446,194.72,481.28,194.72,481.28,307.16,446,307.16
443.1,195.58,478.49,195.58,478.49,308.41,443.1,308.41
440.45,197.23,476.01,197.23,476.01,310.57,440.45,310.57
438.67,197.75,474.37,197.75,474.37,311.56,438.67,311.56
433.69,197.85,469.57,197.85,469.57,312.21,433.69,312.21
430.63,197.92,466.61,197.92,466.61,312.6,430.63,312.6
426.08,196.56,462.14,196.56,462.14,311.5,426.08,311.5
423.87,196.67,460.11,196.67,460.11,312.19,423.87,312.19
420.97,196.14,457.31,196.14,457.31,311.98,420.97,311.98
419.1,197.31,455.43,197.31,455.43,313.11,419.1,313.11
417.01,197.44,453.29,197.44,453.29,313.1,417.01,313.1
414.38,197.32,450.52,197.32,450.52,312.51,414.38,312.51
413.51,198.12,449.6,198.12,449.6,313.15,413.51,313.15
410.27,199.56,446.24,199.56,446.24,314.21,410.27,314.21
407.1,199.94,443.09,199.94,443.09,314.67,407.1,314.67
404.78,200,440.81,200,440.81,314.87,404.78,314.87
402.26,199.79,438.35,199.79,438.35,314.83,402.26,314.83
400.51,199.86,436.67,199.86,436.67,315.12,400.51,315.12
398.57,199.9,434.7,199.9,434.7,315.06,398.57,315.06
397.21,200.37,433.29,200.37,433.29,315.37,397.21,315.37
395.34,200.77,431.4,200.77,431.4,315.72,395.34,315.72
393.43,201.8,429.38,201.8,429.38,316.39,393.43,316.39
391.64,202.58,427.45,202.58,427.45,316.76,391.64,316.76
389.73,204.19,425.52,204.19,425.52,318.29,389.73,318.29
387.23,206.79,422.96,206.79,422.96,320.69,387.23,320.69
384.77,209.73,420.54,209.73,420.54,323.75,384.77,323.75
382.03,211.97,417.85,211.97,417.85,326.15,382.03,326.15
380.01,214.02,415.74,214.02,415.74,327.92,380.01,327.92
376.5,213.67,412.25,213.67,412.25,327.64,376.5,327.64
374.14,213.57,409.96,213.57,409.96,327.73,374.14,327.73
371.43,214.76,407.4,214.76,407.4,329.43,371.43,329.43
367.88,216.22,403.8,216.22,403.8,330.72,367.88,330.72
364.67,219.46,400.56,219.46,400.56,333.87,364.67,333.87
361.83,222.35,397.75,222.35,397.75,336.84,361.83,336.84
360.04,224.1,396.08,224.1,396.08,338.96,360.04,338.96
356.62,224.97,392.64,224.97,392.64,339.78,356.62,339.78
353.82,225.67,389.79,225.67,389.79,340.34,353.82,340.34
352.22,225.83,388.2,225.83,388.2,340.53,352.22,340.53
349.38,225.63,385.44,225.63,385.44,340.56,349.38,340.56
345.77,226.74,381.59,226.74,381.59,340.91,345.77,340.91
342.58,228.17,378.46,228.17,378.46,342.53,342.58,342.53
338.86,231.69,374.7,231.69,374.7,345.95,338.86,345.95
336.41,233.73,372.3,233.73,372.3,348.12,336.41,348.12
332.85,235.93,368.88,235.93,368.88,350.77,332.85,350.77
329.32,236.87,365.12,236.87,365.12,350.98,329.32,350.98
326.75,237.1,362.62,237.1,362.62,351.43,326.75,351.43
323.84,237.24,359.73,237.24,359.73,351.63,323.84,351.63
320.96,237.75,356.94,237.75,356.94,352.46,320.96,352.46
317.37,239.93,353.26,239.93,353.26,354.33,317.37,354.33
315.8,243.25,351.58,243.25,351.58,357.31,315.8,357.31
310.92,244.95,346.79,244.95,346.79,359.26,310.92,359.26
307.8,247.55,343.72,247.55,343.72,362.04,307.8,362.04
304.63,248.61,340.58,248.61,340.58,363.2,304.63,363.2
302.43,248.79,338.29,248.79,338.29,363.09,302.43,363.09
299.89,249.4,335.81,249.4,335.81,363.88,299.89,363.88
295.86,250.1,331.75,250.1,331.75,364.51,295.86,364.51
293.23,250.97,329.2,250.97,329.2,365.64,293.23,365.64
288.98,252.75,324.76,252.75,324.76,366.79,288.98,366.79
285.41,256.34,320.95,256.34,320.95,369.63,285.41,369.63
282.57,259.43,318,259.43,318,372.37,282.57,372.37
279.07,260.19,314.47,260.19,314.47,373.02,279.07,373.02
277.47,260.29,312.83,260.29,312.83,372.99,277.47,372.99
273.8,259.48,309.37,259.48,309.37,372.86,273.8,372.86
269.49,261.45,305.23,261.45,305.23,375.4,269.49,375.4
265.4,263.74,301.04,263.74,301.04,377.32,265.4,377.32
262.63,266.84,298.18,266.84,298.18,380.13,262.63,380.13
258.7,269.32,294.29,269.32,294.29,382.75,258.7,382.75
254.54,271.56,290.25,271.56,290.25,385.38,254.54,385.38
250.29,271.96,286.03,271.96,286.03,385.87,250.29,385.87
246.29,271.97,282.27,271.97,282.27,386.66,246.29,386.66
241.98,270.83,278.01,270.83,278.01,385.66,241.98,385.66
239.1,271.28,274.96,271.28,274.96,385.56,239.1,385.56
235.4,272.77,271.19,272.77,271.19,386.86,235.4,386.86
230.9,277.77,266.65,277.77,266.65,391.73,230.9,391.73
226.33,283.14,262.12,283.14,262.12,397.21,226.33,397.21
222.23,286.59,257.96,286.59,257.96,400.47,222.23,400.47
219.32,287.97,254.94,287.97,254.94,401.5,219.32,401.5
215.69,290.16,251.41,290.16,251.41,404,215.69,404
210.57,291.45,246.36,291.45,246.36,405.55,210.57,405.55
207.94,292.81,243.77,292.81,243.77,407.03,207.94,407.03
203.73,293.35,239.96,293.35,239.96,408.83,203.73,408.83
198.91,292.34,235.04,292.34,235.04,407.5,198.91,407.5
196.41,292.29,232.64,292.29,232.64,407.77,196.41,407.77
191.92,292.5,228.02,292.5,228.02,407.57,191.92,407.57
188.27,296.94,224.24,296.94,224.24,411.61,188.27,411.61
183.81,302.51,220.03,302.51,220.03,417.94,183.81,417.94
178.5,309.64,214.95,309.64,214.95,425.82,178.5,425.82
174.11,312.85,210.54,312.85,210.54,428.97,174.11,428.97
171.74,314.1,208.2,314.1,208.2,430.33,171.74,430.33
165.38,316.87,201.82,316.87,201.82,433.03,165.38,433.03
161.55,316.47,197.98,316.47,197.98,432.58,161.55,432.58
158.56,315.07,195.06,315.07,195.06,431.41,158.56,431.41
155.23,312.85,191.82,312.85,191.82,429.5,155.23,429.5
151.95,313.38,188.83,313.38,188.83,430.94,151.95,430.94
148,314.23,185.07,314.23,185.07,432.41,148,432.41
143.4,316.19,180.62,316.19,180.62,434.85,143.4,434.85
138.48,324.63,175.82,324.63,175.82,443.65,138.48,443.65
135.47,330.7,172.84,330.7,172.84,449.82,135.47,449.82
130.45,333.36,167.75,333.36,167.75,452.28,130.45,452.28
127.57,336,164.55,336,164.55,453.87,127.57,453.87
125.17,335.19,162.06,335.19,162.06,452.76,125.17,452.76
122.92,332.81,159.67,332.81,159.67,449.94,122.92,449.94
120.75,331.13,157.46,331.13,157.46,448.14,120.75,448.14
118.34,329.37,155.06,329.37,155.06,446.41,118.34,446.41
114.96,328.97,151.71,328.97,151.71,446.1,114.96,446.1
111.64,328.9,148.39,328.9,148.39,446.02,111.64,446.02
106.76,331.58,143.6,331.58,143.6,449.01,106.76,449.01
102.14,333.58,139.05,333.58,139.05,451.22,102.14,451.22
99.502,334.22,136.45,334.22,136.45,451.98,99.502,451.98
95.199,333.77,132.06,333.77,132.06,451.28,95.199,451.28
90.67,332.52,127.26,332.52,127.26,449.13,90.67,449.13
86.725,331.99,123.26,331.99,123.26,448.43,86.725,448.43
82.191,331.07,118.71,331.07,118.71,447.47,82.191,447.47
77.383,330.96,113.91,330.96,113.91,447.38,77.383,447.38
73.8,331.16,110.26,331.16,110.26,447.37,73.8,447.37
72.052,332.48,108.58,332.48,108.58,448.91,72.052,448.91
67.537,333.65,104.11,333.65,104.11,450.22,67.537,450.22
63.467,333.6,100.14,333.6,100.14,450.48,63.467,450.48
59.11,333.93,95.728,333.93,95.728,450.65,59.11,450.65
54.824,332.75,91.374,332.75,91.374,449.26,54.824,449.26
52.427,331.95,88.8,331.95,88.8,447.89,52.427,447.89
48.505,331.63,84.98,331.63,84.98,447.89,48.505,447.89
44.754,331.04,81.244,331.04,81.244,447.35,44.754,447.35
42.773,330.92,79.276,330.92,79.276,447.27,42.773,447.27
38.996,330.03,75.544,330.03,75.544,446.53,38.996,446.53
37.581,329.18,74.187,329.18,74.187,445.86,37.581,445.86
36.457,330.48,73.017,330.48,73.017,447.01,36.457,447.01
33.822,329.77,70.429,329.77,70.429,446.45,33.822,446.45
32.151,330.47,68.61,330.47,68.61,446.68,32.151,446.68
29.873,330.18,66.34,330.18,66.34,446.42,29.873,446.42
26.574,330.47,63.124,330.47,63.124,446.97,26.574,446.97
24.097,330.3,60.705,330.3,60.705,446.99,24.097,446.99
21.224,330.81,58.038,330.81,58.038,448.15,21.224,448.15
17.143,330.64,54.115,330.64,54.115,448.48,17.143,448.48
18.24,330.17,55.512,330.17,55.512,448.98,18.24,448.98
13.499,328.14,50.608,328.14,50.608,446.43,13.499,446.43
13.399,328.13,50.509,328.13,50.509,446.42,13.399,446.42
11.85,328.76,48.976,328.76,48.976,447.1,11.85,447.1
12.291,328.47,49.32,328.47,49.32,446.5,12.291,446.5
11.875,328.12,48.719,328.12,48.719,445.57,11.875,445.57
12.508,327.78,49.274,327.78,49.274,444.97,12.508,444.97
13.34,327.51,50.056,327.51,50.056,444.54,13.34,444.54
14.503,328.49,51.198,328.49,51.198,445.45,14.503,445.45
15.396,328.49,51.968,328.49,51.968,445.06,15.396,445.06
16.181,328.53,52.722,328.53,52.722,445,16.181,445
17.337,328.43,53.849,328.43,53.849,444.81,17.337,444.81
18.867,328.04,55.439,328.04,55.439,444.61,18.867,444.61
21.411,328.45,57.997,328.45,57.997,445.07,21.411,445.07
23.1,328.57,59.611,328.57,59.611,444.95,23.1,444.95
24.604,327.65,61.014,327.65,61.014,443.71,24.604,443.71
28.629,328.4,64.998,328.4,64.998,444.33,28.629,444.33
31.247,328.63,67.751,328.63,67.751,444.99,31.247,444.99
34.203,328.1,70.802,328.1,70.802,444.76,34.203,444.76
37.364,328.75,74.16,328.75,74.16,446.03,37.364,446.03
39.055,328.65,75.915,328.65,75.915,446.14,39.055,446.14
40.86,328.48,77.631,328.48,77.631,445.69,40.86,445.69
43.744,329.04,80.474,329.04,80.474,446.12,43.744,446.12
46.355,328.32,83.178,328.32,83.178,445.69,46.355,445.69
47.825,328.55,84.763,328.55,84.763,446.29,47.825,446.29
50.982,328.46,87.934,328.46,87.934,446.25,50.982,446.25
51.712,327.71,88.703,327.71,88.703,445.62,51.712,445.62
55.653,327.18,92.675,327.18,92.675,445.19,55.653,445.19
60.347,324.5,97.277,324.5,97.277,442.21,60.347,442.21
64.155,323.3,101.02,323.3,101.02,440.8,64.155,440.8
65.709,322.81,102.47,322.81,102.47,439.99,65.709,439.99
69.302,322.73,105.85,322.73,105.85,439.24,69.302,439.24
71.616,322.74,108.11,322.74,108.11,439.06,71.616,439.06
72.84,321.99,109.4,321.99,109.4,438.54,72.84,438.54
74.668,321.88,111.21,321.88,111.21,438.36,74.668,438.36
76.298,320.98,112.72,320.98,112.72,437.07,76.298,437.07
78.308,321.29,114.75,321.29,114.75,437.44,78.308,437.44
79.08,320.48,115.44,320.48,115.44,436.37,79.08,436.37
79.541,320.39,115.94,320.39,115.94,436.41,79.541,436.41
81.399,320.8,117.75,320.8,117.75,436.68,81.399,436.68
82.529,320.31,118.88,320.31,118.88,436.19,82.529,436.19
85.006,320.06,121.32,320.06,121.32,435.81,85.006,435.81
87.902,319.31,124.17,319.31,124.17,434.9,87.902,434.9
89.708,317.57,125.9,317.57,125.9,432.94,89.708,432.94
94.7,316.33,130.95,316.33,130.95,431.87,94.7,431.87
98.682,314.24,134.73,314.24,134.73,429.15,98.682,429.15
104.84,312.4,140.99,312.4,140.99,427.64,104.84,427.64
108.59,310.64,144.77,310.64,144.77,425.97,108.59,425.97
110.68,310.43,146.78,310.43,146.78,425.51,110.68,425.51
115.37,310.75,151.51,310.75,151.51,425.95,115.37,425.95
118.1,309.07,154.16,309.07,154.16,424.01,118.1,424.01
119.94,308.25,155.96,308.25,155.96,423.07,119.94,423.07
122.56,307.11,158.58,307.11,158.58,421.91,122.56,421.91
124.03,306.6,160.08,306.6,160.08,421.5,124.03,421.5
125.1,305.92,161.13,305.92,161.13,420.76,125.1,420.76
126.02,304.44,162,304.44,162,419.13,126.02,419.13
128.24,303.52,164.21,303.52,164.21,418.19,128.24,418.19
129.9,301.7,165.99,301.7,165.99,416.75,129.9,416.75
132.13,300.65,168.06,300.65,168.06,415.19,132.13,415.19
134.93,299.01,170.67,299.01,170.67,412.94,134.93,412.94
137.59,295.82,173.17,295.82,173.17,409.23,137.59,409.23
139.88,294.23,175.56,294.23,175.56,407.94,139.88,407.94
141.03,291.87,176.76,291.87,176.76,405.75,141.03,405.75
141.68,290.39,177.38,290.39,177.38,404.2,141.68,404.2
142.91,290.24,178.5,290.24,178.5,403.68,142.91,403.68
144.74,291.18,180.39,291.18,180.39,404.82,144.74,404.82
147.71,290.25,183.38,290.25,183.38,403.94,147.71,403.94
149.61,288.7,185.34,288.7,185.34,402.59,149.61,402.59
153.84,287.63,189.48,287.63,189.48,401.23,153.84,401.23
159.24,284.82,194.87,284.82,194.87,398.39,159.24,398.39
161.45,282.74,197.1,282.74,197.1,396.35,161.45,396.35
163.14,281.71,198.85,281.71,198.85,395.54,163.14,395.54
164.08,279.94,199.86,279.94,199.86,394,164.08,394
165.37,280,201.11,280,201.11,393.9,165.37,393.9
166.2,279.78,201.89,279.78,201.89,393.54,166.2,393.54
167.66,279.7,203.35,279.7,203.35,393.48,167.66,393.48
168.96,279.28,204.73,279.28,204.73,393.28,168.96,393.28
170.95,278,206.61,278,206.61,391.69,170.95,391.69
173.51,276.89,209.19,276.89,209.19,390.63,173.51,390.63
176.32,275.11,212.06,275.11,212.06,389.05,176.32,389.05
178.03,272.98,213.69,272.98,213.69,386.64,178.03,386.64
180.08,272.7,215.61,272.7,215.61,385.96,180.08,385.96
181.37,270.56,216.83,270.56,216.83,383.58,181.37,383.58
182.38,268.56,217.73,268.56,217.73,381.24,182.38,381.24
183.52,268.53,218.92,268.53,218.92,381.37,183.52,381.37
184.99,267.96,220.44,267.96,220.44,380.93,184.99,380.93
186.49,267.08,221.91,267.08,221.91,380,186.49,380
188.75,267.52,224.09,267.52,224.09,380.14,188.75,380.14
191.27,267.89,226.69,267.89,226.69,380.78,191.27,380.78
192.99,267.38,228.37,267.38,228.37,380.15,192.99,380.15
195.52,268.18,230.81,268.18,230.81,380.68,195.52,380.68
196.94,267.46,232.25,267.46,232.25,379.98,196.94,379.98
200.44,265.2,235.76,265.2,235.76,377.78,200.44,377.78
203.82,262.31,239.11,262.31,239.11,374.82,203.82,374.82
208.46,260.3,243.72,260.3,243.72,372.71,208.46,372.71
212.85,257.35,248.13,257.35,248.13,369.81,212.85,369.81
216.11,255.89,251.48,255.89,251.48,368.63,216.11,368.63
220.27,253.8,255.64,253.8,255.64,366.55,220.27,366.55
223.52,250.74,258.68,250.74,258.68,362.8,223.52,362.8
225.97,249.3,260.92,249.3,260.92,360.69,225.97,360.69
228.14,247.87,263.01,247.87,263.01,359.04,228.14,359.04
229.76,246.87,264.65,246.87,264.65,358.07,229.76,358.07
231.96,246.48,266.82,246.48,266.82,357.59,231.96,357.59
234.06,247.08,268.92,247.08,268.92,358.21,234.06,358.21
237.28,247.34,272.13,247.34,272.13,358.44,237.28,358.44
239.99,247.7,274.79,247.7,274.79,358.62,239.99,358.62
243.16,246.79,277.78,246.79,277.78,357.14,243.16,357.14
245.14,245.68,279.66,245.68,279.66,355.68,245.14,355.68
249.24,243.87,283.63,243.87,283.63,353.47,249.24,353.47
254.32,239.34,288.59,239.34,288.59,348.59,254.32,348.59
258.59,235.61,293.01,235.61,293.01,345.32,258.59,345.32
260.16,231.95,294.72,231.95,294.72,342.11,260.16,342.11
262.69,229.02,297.15,229.02,297.15,338.87,262.69,338.87
263.73,226.17,298.33,226.17,298.33,336.47,263.73,336.47
265.43,223.77,300.11,223.77,300.11,334.29,265.43,334.29
266.79,223.03,301.53,223.03,301.53,333.76,266.79,333.76
268.86,223.17,303.62,223.17,303.62,333.97,268.86,333.97
270.22,223.3,304.96,223.3,304.96,334.04,270.22,334.04
272.31,222.89,306.98,222.89,306.98,333.41,272.31,333.41
274.7,223.09,309.15,223.09,309.15,332.88,274.7,332.88
277.05,222.98,311.47,222.98,311.47,332.72,277.05,332.72
279.97,223.09,314.41,223.09,314.41,332.84,279.97,332.84
283.05,222.84,317.39,222.84,317.39,332.31,283.05,332.31
288.09,220.46,322.39,220.46,322.39,329.81,288.09,329.81
292.31,217.77,326.62,217.77,326.62,327.14,292.31,327.14
295.26,216.61,329.55,216.61,329.55,325.91,295.26,325.91
298.87,214.1,333.18,214.1,333.18,323.47,298.87,323.47
302.79,210.39,337.1,210.39,337.1,319.76,302.79,319.76
304.84,208.77,339.17,208.77,339.17,318.19,304.84,318.19
307.17,206.52,341.49,206.52,341.49,315.89,307.17,315.89
309.46,204.73,343.79,204.73,343.79,314.17,309.46,314.17
310.69,204.16,345.17,204.16,345.17,314.07,310.69,314.07
311.53,203.71,346.01,203.71,346.01,313.62,311.53,313.62
313.05,203.17,347.53,203.17,347.53,313.06,313.05,313.06
315.5,203.17,349.85,203.17,349.85,312.67,315.5,312.67
317.61,203.14,351.92,203.14,351.92,312.49,317.61,312.49
320.37,202.75,354.66,202.75,354.66,312.06,320.37,312.06
323.21,200.57,357.39,200.57,357.39,309.51,323.21,309.51
324.92,198.83,358.9,198.83,358.9,307.11,324.92,307.11
327.88,197.71,361.69,197.71,361.69,305.48,327.88,305.48
330.51,195.14,364.36,195.14,364.36,303.05,330.51,303.05
331.93,192.98,365.86,192.98,365.86,301.11,331.93,301.11
333.38,191.89,367.25,191.89,367.25,299.84,333.38,299.84
334.08,190.82,368.08,190.82,368.08,299.21,334.08,299.21
335.23,190.66,369.28,190.66,369.28,299.2,335.23,299.2
336.94,190.61,370.99,190.61,370.99,299.13,336.94,299.13
337.94,191.12,372.03,191.12,372.03,299.79,337.94,299.79
339.51,190.89,373.67,190.89,373.67,299.77,339.51,299.77
341.74,190.87,375.96,190.87,375.96,299.95,341.74,299.95
343.71,191.62,377.87,191.62,377.87,300.48,343.71,300.48
345.57,191.73,379.71,191.73,379.71,300.55,345.57,300.55
348.7,191.69,382.94,191.69,382.94,300.81,348.7,300.81
351.86,191.7,385.92,191.7,385.92,300.27,351.86,300.27
356.6,191.36,390.45,191.36,390.45,299.26,356.6,299.26
361.44,191.08,395.34,191.08,395.34,299.15,361.44,299.15
365.72,189.33,399.69,189.33,399.69,297.61,365.72,297.61
368.63,188.83,402.68,188.83,402.68,297.37,368.63,297.37
372.13,187.87,406.25,187.87,406.25,296.63,372.13,296.63
375.88,187.67,410.22,187.67,410.22,297.12,375.88,297.12
377.19,186.93,411.58,186.93,411.58,296.56,377.19,296.56
379.68,186.76,414.08,186.76,414.08,296.4,379.68,296.4
382.62,186.79,417,186.79,417,296.38,382.62,296.38
384.95,186.64,419.35,186.64,419.35,296.28,384.95,296.28
387.6,186.82,422,186.82,422,296.45,387.6,296.45
389.87,186.72,424.26,186.72,424.26,296.33,389.87,296.33
393.13,186.2,427.57,186.2,427.57,295.97,393.13,295.97
396.49,184,431.06,184,431.06,294.2,396.49,294.2
399.02,183.31,433.56,183.31,433.56,293.42,399.02,293.42
401.15,181.21,435.49,181.21,435.49,290.68,401.15,290.68
403.06,177.77,437.25,177.77,437.25,286.77,403.06,286.77
404.22,176.49,438.22,176.49,438.22,284.85,404.22,284.85
406.26,175.77,440.36,175.77,440.36,284.46,406.26,284.46
407.99,174.67,442.19,174.67,442.19,283.67,407.99,283.67
409.07,173.88,443.19,173.88,443.19,282.64,409.07,282.64
411.12,173.87,445.17,173.87,445.17,282.4,411.12,282.4
413.2,174.67,447.21,174.67,447.21,283.09,413.2,283.09
415.33,175.03,449.38,175.03,449.38,283.56,415.33,283.56
417.44,174.68,451.58,174.68,451.58,283.5,417.44,283.5
419.06,173.19,453.12,173.19,453.12,281.77,419.06,281.77
421.33,172.66,455.34,172.66,455.34,281.08,421.33,281.08
423.58,171.25,457.62,171.25,457.62,279.74,423.58,279.74
425.99,169.05,460.12,169.05,460.12,277.83,425.99,277.83
427.21,166.85,461.11,166.85,461.11,274.9,427.21,274.9
429.2,165.52,463.02,165.52,463.02,273.31,429.2,273.31
430.41,165.28,464.31,165.28,464.31,273.34,430.41,273.34
431.27,164.49,465.12,164.49,465.12,272.39,431.27,272.39
433.28,164.83,467.12,164.83,467.12,272.68,433.28,272.68
434.43,164.94,468.21,164.94,468.21,272.61,434.43,272.61
436.13,165.14,470,165.14,470,273.11,436.13,273.11
436.9,164.51,470.77,164.51,470.77,272.47,436.9,272.47
438.32,163.74,472.15,163.74,472.15,271.55,438.32,271.55
440.21,162.67,473.98,162.67,473.98,270.33,440.21,270.33
441.67,160.88,475.41,160.88,475.41,268.44,441.67,268.44
442.67,158.47,476.44,158.47,476.44,266.09,442.67,266.09
443.91,156.73,477.68,156.73,477.68,264.37,443.91,264.37
444.77,155.82,478.66,155.82,478.66,263.85,444.77,263.85
445.67,155.08,479.47,155.08,479.47,262.84,445.67,262.84
447.34,155.91,481.15,155.91,481.15,263.69,447.34,263.69
448.25,155.55,482.06,155.55,482.06,263.33,448.25,263.33
449.84,155.49,483.66,155.49,483.66,263.27,449.84,263.27
451.63,154.95,485.41,154.95,485.41,262.62,451.63,262.62
453.73,154.91,487.72,154.91,487.72,263.27,453.73,263.27
456.07,154.09,489.88,154.09,489.88,261.85,456.07,261.85
457.2,152.75,490.97,152.75,490.97,260.42,457.2,260.42
459.51,151.18,493.46,151.18,493.46,259.42,459.51,259.42
461.36,148.28,494.99,148.28,494.99,255.49,461.36,255.49
462.49,145.85,496.03,145.85,496.03,252.73,462.49,252.73
464.75,145.67,498.21,145.67,498.21,252.32,464.75,252.32
465.7,145.52,499.33,145.52,499.33,252.71,465.7,252.71
466.69,144.73,500.29,144.73,500.29,251.84,466.69,251.84
467.98,145.17,501.55,145.17,501.55,252.18,467.98,252.18
469.2,144.95,502.77,144.95,502.77,251.95,469.2,251.95
470.49,144.58,504.08,144.58,504.08,251.63,470.49,251.63
471.58,144.42,505.21,144.42,505.21,251.61,471.58,251.61
473,143.38,506.48,143.38,506.48,250.09,473,250.09
474.21,141.91,507.74,141.91,507.74,248.76,474.21,248.76
475.76,139.03,509.16,139.03,509.16,245.52,475.76,245.52
476.97,136.35,510.15,136.35,510.15,242.1,476.97,242.1
478.41,136.01,511.48,136.01,511.48,241.42,478.41,241.42
479.32,135.9,512.26,135.9,512.26,240.89,479.32,240.89
480.19,135.7,513.12,135.7,513.12,240.66,480.19,240.66
481.68,136.19,514.62,136.19,514.62,241.18,481.68,241.18
482.89,135.94,515.91,135.94,515.91,241.19,482.89,241.19
484.63,136.28,517.66,136.28,517.66,241.55,484.63,241.55
486.03,135.88,519.18,135.88,519.18,241.53,486.03,241.53
487.74,134.37,521.05,134.37,521.05,240.54,487.74,240.54
490.14,133.01,523.17,133.01,523.17,238.3,490.14,238.3
492.21,131.19,525.36,131.19,525.36,236.85,492.21,236.85
493.92,128.42,527.01,128.42,527.01,233.9,493.92,233.9
495.74,127.33,528.63,127.33,528.63,232.16,495.74,232.16
497.26,126.06,529.76,126.06,529.76,229.63,497.26,229.63
498.01,126.01,530.28,126.01,530.28,228.89,498.01,228.89
499.31,126.53,531.77,126.53,531.77,229.98,499.31,229.98
501.05,126.78,534.09,126.78,534.09,232.11,501.05,232.11
500.77,125.75,533.72,125.75,533.72,230.78,500.77,230.78
502.32,126.64,535.17,126.64,535.17,231.33,502.32,231.33
503.19,126.66,536.25,126.66,536.25,232.03,503.19,232.03
504.88,126.18,537.94,126.18,537.94,231.55,504.88,231.55
506.1,123.98,539.06,123.98,539.06,229.02,506.1,229.02
507.15,121.21,539.45,121.21,539.45,224.18,507.15,224.18
508.25,119.59,539.8,119.59,539.8,220.16,508.25,220.16
510.69,118.69,541.88,118.69,541.88,218.11,510.69,218.11
510.88,117.42,541.71,117.42,541.71,215.69,510.88,215.69
511.9,117.89,542.51,117.89,542.51,215.48,511.9,215.48
513.07,117.28,543.55,117.28,543.55,214.42,513.07,214.42
515.34,117.87,545.75,117.87,545.75,214.79,515.34,214.79
516.24,117.54,546.68,117.54,546.68,214.55,516.24,214.55
517.34,117.13,547.34,117.13,547.34,212.78,517.34,212.78
519.34,117.92,549.32,117.92,549.32,213.48,519.34,213.48
520.75,117.38,550.88,117.38,550.88,213.43,520.75,213.43
522.82,117.19,552.6,117.19,552.6,212.12,522.82,212.12
525.35,115.79,555.05,115.79,555.05,210.47,525.35,210.47
526.74,114.66,556.55,114.66,556.55,209.7,526.74,209.7
527.65,113.11,557.5,113.11,557.5,208.26,527.65,208.26
528.79,111.53,558.52,111.53,558.52,206.3,528.79,206.3
530.07,111.19,560.21,111.19,560.21,207.27,530.07,207.27
530.67,110.41,560.92,110.41,560.92,206.84,530.67,206.84
531.36,109.37,561.91,109.37,561.91,206.75,531.36,206.75
531.21,108.28,561.9,108.28,561.9,206.12,531.21,206.12
532.2,108.39,562.98,108.39,562.98,206.49,532.2,206.49
532.95,108.58,563.86,108.58,563.86,207.1,532.95,207.1
534.22,107.55,564.96,107.55,564.96,205.54,534.22,205.54
535.68,108.3,566.55,108.3,566.55,206.69,535.68,206.69
536.83,106.93,567.57,106.93,567.57,204.92,536.83,204.92
539.18,105.71,570.17,105.71,570.17,204.48,539.18,204.48
540.69,104.56,571.81,104.56,571.81,203.75,540.69,203.75
541.72,103.21,573.12,103.21,573.12,203.32,541.72,203.32
542.18,101.82,573.47,101.82,573.47,201.54,542.18,201.54
543.61,100.43,574.87,100.43,574.87,200.08,543.61,200.08
545.36,99.874,576.5,99.874,576.5,199.13,545.36,199.13
546.77,99.43,577.76,99.43,577.76,198.21,546.77,198.21
547.59,99.777,578.46,99.777,578.46,198.17,547.59,198.17
548.58,99.505,579.39,99.505,579.39,197.71,548.58,197.71
550.14,99.829,580.77,99.829,580.77,197.47,550.14,197.47
551.18,98.919,581.68,98.919,581.68,196.17,551.18,196.17
553.11,99.643,583.63,99.643,583.63,196.94,553.11,196.94
554.37,98.284,584.98,98.284,584.98,195.87,554.37,195.87
555.48,97.328,585.87,97.328,585.87,194.21,555.48,194.21
557.37,96.421,587.83,96.421,587.83,193.53,557.37,193.53
558.7,94.962,589.57,94.962,589.57,193.36,558.7,193.36
558.74,93.838,589.54,93.838,589.54,192.01,558.74,192.01
559.77,93.029,590.67,93.029,590.67,191.52,559.77,191.52
559.88,92.587,590.91,92.587,590.91,191.51,559.88,191.51
560,92.535,591.15,92.535,591.15,191.82,560,191.82
559.77,91.725,590.96,91.725,590.96,191.16,559.77,191.16
560.17,92.396,591.23,92.396,591.23,191.42,560.17,191.42
559.84,92.448,591.04,92.448,591.04,191.9,559.84,191.9
560.52,93.413,591.72,93.413,591.72,192.87,560.52,192.87
561.1,93.523,592.23,93.523,592.23,192.75,561.1,192.75
560.74,93.308,591.73,93.308,591.73,192.09,560.74,192.09
561.76,92.941,592.75,92.941,592.75,191.71,561.76,191.71
562.17,93.087,593.23,93.087,593.23,192.08,562.17,192.08
562.41,92.505,593.44,92.505,593.44,191.4,562.41,191.4
562.84,92.992,594.04,92.992,594.04,192.44,562.84,192.44
562.94,92.205,594.16,92.205,594.16,191.72,562.94,191.72
562.86,91.553,594.18,91.553,594.18,191.39,562.86,191.39
562.36,92.061,593.69,92.061,593.69,191.92,562.36,191.92
562.21,91.63,593.63,91.63,593.63,191.75,562.21,191.75
561.91,91.224,593.41,91.224,593.41,191.62,561.91,191.62
562.01,92.168,593.61,92.168,593.61,192.91,562.01,192.91
561.29,91.755,592.79,91.755,592.79,192.14,561.29,192.14
561.09,91.694,592.67,91.694,592.67,192.34,561.09,192.34
560.02,91.488,591.56,91.488,591.56,192.03,560.02,192.03
560,91.633,591.53,91.633,591.53,192.13,560,192.13
559.2,91.852,590.8,91.852,590.8,192.59,559.2,192.59
557.68,91.589,589.4,91.589,589.4,192.68,557.68,192.68
557.38,91.46,589.02,91.46,589.02,192.32,557.38,192.32
555.96,91.443,587.6,91.443,587.6,192.29,555.96,192.29
555.53,90.864,587.19,90.864,587.19,191.81,555.53,191.81
554.45,91.408,586.06,91.408,586.06,192.16,554.45,192.16
554.06,91.398,585.7,91.398,585.7,192.28,554.06,192.28
553.76,90.708,585.43,90.708,585.43,191.65,553.76,191.65
553.13,90.679,584.82,90.679,584.82,191.68,553.13,191.68
553.18,90.84,584.85,90.84,584.85,191.77,553.18,191.77
553.06,90.613,584.69,90.613,584.69,191.43,553.06,191.43
553.16,91.127,584.78,91.127,584.78,191.91,553.16,191.91
553.08,90.624,584.81,90.624,584.81,191.79,553.08,191.79
553.55,91.18,585.16,91.18,585.16,191.91,553.55,191.91
553.53,91.016,585.07,91.016,585.07,191.55,553.53,191.55
553.71,90.964,585.24,90.964,585.24,191.46,553.71,191.46
553.9,91.281,585.41,91.281,585.41,191.74,553.9,191.74
554.09,91.42,585.62,91.42,585.62,191.94,554.09,191.94
554.13,91.215,585.64,91.215,585.64,191.65,554.13,191.65
554.45,91.606,585.87,91.606,585.87,191.76,554.45,191.76
553.83,91.089,585.29,91.089,585.29,191.34,553.83,191.34
555.04,91.438,586.45,91.438,586.45,191.53,555.04,191.53
554.95,91.478,586.01,91.478,586.01,190.48,554.95,190.48
555.41,91.194,586.57,91.194,586.57,190.49,555.41,190.49
555.54,91.066,586.7,91.066,586.7,190.36,555.54,190.36
555.88,91.128,587.19,91.128,587.19,190.93,555.88,190.93
556.11,90.963,587.42,90.963,587.42,190.76,556.11,190.76
556.51,91.081,587.89,91.081,587.89,191.11,556.51,191.11
556.91,91.095,588.41,91.095,588.41,191.5,556.91,191.5
557.42,91.199,588.94,91.199,588.94,191.68,557.42,191.68
557.64,91.353,589.23,91.353,589.23,192.06,557.64,192.06
557.53,91.003,589.2,91.003,589.2,191.97,557.53,191.97
557.37,90.81,589.06,90.81,589.06,191.84,557.37,191.84
557.6,91.085,589.22,91.085,589.22,191.86,557.6,191.86
556.93,91.045,588.53,91.045,588.53,191.77,556.93,191.77
556.63,91.355,588.14,91.355,588.14,191.81,556.63,191.81
556.68,92.15,588.13,92.15,588.13,192.38,556.68,192.38
555.86,91.933,587.17,91.933,587.17,191.75,555.86,191.75
554.8,91.826,586.05,91.826,586.05,191.45,554.8,191.45
554.54,91.979,585.65,91.979,585.65,191.12,554.54,191.12
553.54,91.809,584.7,91.809,584.7,191.12,553.54,191.12
552.69,91.59,583.91,91.59,583.91,191.1,552.69,191.1
552.68,91.792,583.89,91.792,583.89,191.27,552.68,191.27
551.93,91.457,583.31,91.457,583.31,191.48,551.93,191.48
551.1,90.993,582.58,90.993,582.58,191.32,551.1,191.32
551.37,91.519,582.79,91.519,582.79,191.69,551.37,191.69
551.08,91.328,582.64,91.328,582.64,191.92,551.08,191.92
550.74,90.867,582.43,90.867,582.43,191.89,550.74,191.89
551.05,91.029,582.75,91.029,582.75,192.08,551.05,192.08
551.01,90.393,582.78,90.393,582.78,191.65,551.01,191.65
550.76,90.122,582.66,90.122,582.66,191.82,550.76,191.82
550.52,90.269,582.41,90.269,582.41,191.92,550.52,191.92
550.82,90.387,582.75,90.387,582.75,192.14,550.82,192.14
550.72,89.976,582.73,89.976,582.73,192.02,550.72,192.02
550.93,90.316,582.97,90.316,582.97,192.44,550.93,192.44
551.24,90.397,583.13,90.397,583.13,192.07,551.24,192.07
551.09,90.104,582.93,90.104,582.93,191.61,551.09,191.61
551.41,89.984,583.27,89.984,583.27,191.54,551.41,191.54
551.43,90.121,583.28,90.121,583.28,191.62,551.43,191.62
551.48,90.53,583.3,90.53,583.3,191.94,551.48,191.94
551.73,90.786,583.56,90.786,583.56,192.25,551.73,192.25
551.52,90.128,583.4,90.128,583.4,191.74,551.52,191.74
551.61,90.237,583.38,90.237,583.38,191.49,551.61,191.49
551.93,90.783,583.67,90.783,583.67,191.98,551.93,191.98
551.92,90.683,583.63,90.683,583.63,191.77,551.92,191.77
551.92,90.834,583.59,90.834,583.59,191.77,551.92,191.77
551.55,90.378,583.24,90.378,583.24,191.39,551.55,191.39
551.69,90.06,583.43,90.06,583.43,191.23,551.69,191.23
551.51,90.371,583.27,90.371,583.27,191.61,551.51,191.61
551.96,91.063,583.74,91.063,583.74,192.39,551.96,192.39
551.73,91.122,583.5,91.122,583.5,192.39,551.73,192.39
551.89,90.782,583.63,90.782,583.63,191.95,551.89,191.95
551.68,90.169,583.36,90.169,583.36,191.15,551.68,191.15
551.76,90.585,583.5,90.585,583.5,191.75,551.76,191.75
551.64,90.36,583.38,90.36,583.38,191.56,551.64,191.56
551.89,90.231,583.66,90.231,583.66,191.48,551.89,191.48
551.88,90.679,583.62,90.679,583.62,191.86,551.88,191.86
551.86,90.287,583.59,90.287,583.59,191.43,551.86,191.43
551.94,90.468,583.62,90.468,583.62,191.46,551.94,191.46
552.06,90.611,583.79,90.611,583.79,191.75,552.06,191.75
551.86,90.622,583.6,90.622,583.6,191.8,551.86,191.8
552.01,90.785,583.74,90.785,583.74,191.92,552.01,191.92
552.02,90.631,583.71,90.631,583.71,191.66,552.02,191.66
551.88,90.426,583.58,90.426,583.58,191.47,551.88,191.47
552.09,90.718,583.81,90.718,583.81,191.84,552.09,191.84
551.93,90.561,583.63,90.561,583.63,191.58,551.93,191.58
552.3,91.391,583.78,91.391,583.78,191.74,552.3,191.74
551.91,90.509,583.5,90.509,583.5,191.19,551.91,191.19
551.76,90.629,583.34,90.629,583.34,191.29,551.76,191.29
551.77,90.488,583.41,90.488,583.41,191.35,551.77,191.35
551.65,90.373,583.38,90.373,583.38,191.52,551.65,191.52
551.92,90.825,583.66,90.825,583.66,191.99,551.92,191.99
551.79,90.632,583.5,90.632,583.5,191.71,551.79,191.71
551.86,91.075,583.46,91.075,583.46,191.78,551.86,191.78
551.6,90.942,583.15,90.942,583.15,191.51,551.6,191.51
551.36,91.03,582.81,91.03,582.81,191.27,551.36,191.27
551.63,91.251,583.1,91.251,583.1,191.59,551.63,191.59
551.38,90.997,582.79,90.997,582.79,191.13,551.38,191.13
550.89,90.184,582.61,90.184,582.61,191.31,550.89,191.31
551.53,90.913,583.06,90.913,583.06,191.41,551.53,191.41
551.86,90.843,583.33,90.843,583.33,191.13,551.86,191.13
551.73,91.038,583.19,91.038,583.19,191.32,551.73,191.32
552.13,91.184,583.65,91.184,583.65,191.64,552.13,191.64
552.21,90.838,583.78,90.838,583.78,191.49,552.21,191.49
552.09,90.939,583.7,90.939,583.7,191.69,552.09,191.69
552.06,90.529,583.67,90.529,583.67,191.29,552.06,191.29
552.15,90.465,583.83,90.465,583.83,191.44,552.15,191.44
552.56,90.981,584.05,90.981,584.05,191.36,552.56,191.36
552.84,91.081,584.3,91.081,584.3,191.36,552.84,191.36
552.86,91.042,584.27,91.042,584.27,191.19,552.86,191.19
552.79,91.32,583.95,91.32,583.95,190.67,552.79,190.67
553.07,90.87,584.41,90.87,584.41,190.77,553.07,190.77
552.95,90.764,584.27,90.764,584.27,190.59,552.95,190.59
553.38,91.301,584.64,91.301,584.64,190.94,553.38,190.94
553.7,91.196,584.94,91.196,584.94,190.79,553.7,190.79
553.89,91.38,585.13,91.38,585.13,190.95,553.89,190.95
554.06,91.582,585.29,91.582,585.29,191.14,554.06,191.14
553.9,90.965,585.19,90.965,585.19,190.69,553.9,190.69
554.16,91.02,585.59,91.02,585.59,191.19,554.16,191.19
554.06,91.234,585.52,91.234,585.52,191.52,554.06,191.52
554.04,90.918,585.5,90.918,585.5,191.22,554.04,191.22
554.04,91.186,585.46,91.186,585.46,191.35,554.04,191.35
554.07,90.812,585.54,90.812,585.54,191.11,554.07,191.11
554.01,90.523,585.51,90.523,585.51,190.91,554.01,190.91
553.88,91.06,585.39,91.06,585.39,191.48,553.88,191.48
554.06,91.242,585.53,91.242,585.53,191.56,554.06,191.56
553.9,91.339,585.33,91.339,585.33,191.52,553.9,191.52
554.04,91.209,585.47,91.209,585.47,191.4,554.04,191.4
553.93,90.836,585.37,90.836,585.37,191.05,553.93,191.05
553.66,90.732,585.13,90.732,585.13,191.02,553.66,191.02
553.71,91.062,585.09,91.062,585.09,191.08,553.71,191.08
553.48,91.073,584.81,91.073,584.81,190.94,553.48,190.94
553.51,91.492,584.73,91.492,584.73,190.99,553.51,190.99
553.53,91.096,584.8,91.096,584.8,190.77,553.53,190.77
553.23,90.75,584.69,90.75,584.69,191.04,553.23,191.04
553.01,90.401,584.59,90.401,584.59,191.08,553.01,191.08
552.6,90.534,584.25,90.534,584.25,191.42,552.6,191.42
552.52,90.679,584.2,90.679,584.2,191.67,552.52,191.67
552.6,90.394,584.14,90.394,584.14,190.95,552.6,190.95
552.59,90.874,583.98,90.874,583.98,190.92,552.59,190.92
552.07,90.224,583.4,90.224,583.4,190.09,552.07,190.09
551.71,90.214,582.96,90.214,582.96,189.84,551.71,189.84
551.78,91.304,582.92,91.304,582.92,190.58,551.78,190.58
551.15,90.932,582.31,90.932,582.31,190.25,551.15,190.25
550.96,90.969,582.17,90.969,582.17,190.46,550.96,190.46
550.94,90.998,582.11,90.998,582.11,190.37,550.94,190.37
550.67,90.432,581.9,90.432,581.9,189.97,550.67,189.97
550.61,90.931,581.83,90.931,581.83,190.46,550.61,190.46
550.56,91.03,581.83,91.03,581.83,190.7,550.56,190.7
550.41,91.206,581.61,91.206,581.61,190.66,550.41,190.66
550.32,91.191,581.67,91.191,581.67,191.12,550.32,191.12
550.13,90.809,581.53,90.809,581.53,190.9,550.13,190.9
549.65,90.136,581.14,90.136,581.14,190.53,549.65,190.53
550.02,90.609,581.57,90.609,581.57,191.18,550.02,191.18
549.76,90.282,581.33,90.282,581.33,190.92,549.76,190.92
549.65,90.951,581.23,90.951,581.23,191.6,549.65,191.6
549.78,91.196,581.32,91.196,581.32,191.73,549.78,191.73
549.73,90.588,581.12,90.588,581.12,190.63,549.73,190.63
549,89.847,580.53,89.847,580.53,190.38,549,190.38
549.53,90.691,581.15,90.691,581.15,191.48,549.53,191.48
549.31,90.489,581,90.489,581,191.51,549.31,191.51
549.99,90.812,581.7,90.812,581.7,191.88,549.99,191.88
550.59,90.709,582.33,90.709,582.33,191.9,550.59,191.9
550.43,89.84,582.11,89.84,582.11,190.82,550.43,190.82
550.85,90.441,582.62,90.441,582.62,191.73,550.85,191.73
550.73,90.25,582.58,90.25,582.58,191.77,550.73,191.77
550.53,89.968,582.57,89.968,582.57,192.09,550.53,192.09
550.44,90.91,582.47,90.91,582.47,192.99,550.44,192.99
550.08,90.855,582,90.855,582,192.58,550.08,192.58
549.15,89.47,581.07,89.47,581.07,191.23,549.15,191.23
548.5,89.817,580.47,89.817,580.47,191.73,548.5,191.73
548.12,90.2,579.96,90.2,579.96,191.69,548.12,191.69
547.48,90.227,579.35,90.227,579.35,191.84,547.48,191.84
546.84,91.082,578.59,91.082,578.59,192.32,546.84,192.32
546.35,91.29,577.95,91.29,577.95,192.03,546.35,192.03
544.91,89.843,576.54,89.843,576.54,190.67,544.91,190.67
544.51,90.198,576.08,90.198,576.08,190.82,544.51,190.82
544.15,90.082,575.79,90.082,575.79,190.94,544.15,190.94
543.97,90.217,575.68,90.217,575.68,191.29,543.97,191.29
544.06,91.22,575.64,91.22,575.64,191.89,544.06,191.89
543.65,90.682,575.24,90.682,575.24,191.36,543.65,191.36
543.32,90.016,574.79,90.016,574.79,190.32,543.32,190.32
543.58,90.211,575.09,90.211,575.09,190.68,543.58,190.68
543.79,90.297,575.3,90.297,575.3,190.73,543.79,190.73
544.22,90.755,575.78,90.755,575.78,191.36,544.22,191.36
544.45,90.99,576.02,90.99,576.02,191.63,544.45,191.63
544.38,90.183,576.02,90.183,576.02,191.05,544.38,191.05
544.4,89.565,576.06,89.565,576.06,190.48,544.4,190.48
544.88,89.81,576.63,89.81,576.63,191.02,544.88,191.02
545.79,90.211,577.51,90.211,577.51,191.32,545.79,191.32
546.68,91.211,578.33,91.211,578.33,192.1,546.68,192.1
547.2,91.286,578.95,91.286,578.95,192.47,547.2,192.47
547.99,90.967,579.71,90.967,579.71,192.07,547.99,192.07
548.38,90.4,580.21,90.4,580.21,191.86,548.38,191.86
549.2,90.046,580.99,90.046,580.99,191.37,549.2,191.37
550.26,90.277,582.11,90.277,582.11,191.8,550.26,191.8
551.17,90.732,582.93,90.732,582.93,191.95,551.17,191.95
552.26,90.706,583.97,90.706,583.97,191.79,552.26,191.79
552.75,90.234,584.44,90.234,584.44,191.24,552.75,191.24
553.07,90.15,584.93,90.15,584.93,191.7,553.07,191.7
553.19,90.473,585,90.473,585,191.88,553.19,191.88
553.18,91.021,585.02,91.021,585.02,192.51,553.18,192.51
552.71,90.068,584.66,90.068,584.66,191.91,552.71,191.91
552.53,90.177,584.47,90.177,584.47,192.01,552.53,192.01
552.47,90.095,584.39,90.095,584.39,191.84,552.47,191.84
551.72,89.742,583.8,89.742,583.8,191.99,551.72,191.99
551.38,90.681,583.37,90.681,583.37,192.65,551.38,192.65
550.81,90.418,582.68,90.418,582.68,192.01,550.81,192.01
549.71,89.687,581.46,89.687,581.46,190.86,549.71,190.86
549.68,90.249,581.34,90.249,581.34,191.14,549.68,191.14
548.8,89.899,580.51,89.899,580.51,190.96,548.8,190.96
548.63,91.097,580.23,91.097,580.23,191.81,548.63,191.81
548.04,91.125,579.72,91.125,579.72,192.1,548.04,192.1
547.3,90.358,578.87,90.358,578.87,190.97,547.3,190.97
546.95,90.147,578.51,90.147,578.51,190.74,546.95,190.74
546.81,90.387,578.36,90.387,578.36,190.94,546.81,190.94
546.98,90.958,578.45,90.958,578.45,191.27,546.98,191.27
547.16,91.673,578.69,91.673,578.69,192.18,547.16,192.18
546.89,91.552,578.42,91.552,578.42,192.06,546.89,192.06
546.59,90.348,578,90.348,578,190.48,546.59,190.48
546.39,90.107,577.71,90.107,577.71,189.96,546.39,189.96
546.95,90.447,578.35,90.447,578.35,190.53,546.95,190.53
547.62,90.666,578.97,90.666,578.97,190.61,547.62,190.61
548.46,91.493,579.8,91.493,579.8,191.38,548.46,191.38
549.23,91.447,580.7,91.447,580.7,191.78,549.23,191.78
550.3,90.77,581.71,90.77,581.71,190.87,550.3,190.87
550.98,90.454,582.54,90.454,582.54,191.04,550.98,191.04
552.25,90.919,583.79,90.919,583.79,191.44,552.25,191.44
554.11,91.161,585.68,91.161,585.68,191.8,554.11,191.8
555.91,91.581,587.63,91.581,587.63,192.68,555.91,192.68
557.09,91.286,588.89,91.286,588.89,192.65,557.09,192.65
557.93,90.051,589.87,90.051,589.87,191.86,557.93,191.86
558.6,89.67,590.61,89.67,590.61,191.7,558.6,191.7
559.63,90.353,591.38,90.353,591.38,191.58,559.63,191.58
560,90.588,591.97,90.588,591.97,192.49,560,192.49
560.07,91.923,592,91.923,592,193.71,560.07,193.71
559.12,90.835,591.25,90.835,591.25,193.26,559.12,193.26
558.58,89.678,590.94,89.678,590.94,192.82,558.58,192.82
558.79,90.138,591.14,90.138,591.14,193.25,558.79,193.25
558.72,90.103,591.1,90.103,591.1,193.31,558.72,193.31
558.54,90.166,591.13,90.166,591.13,194.07,558.54,194.07
558.21,91.191,590.68,91.191,590.68,194.69,558.21,194.69
557.83,90.621,590.21,90.621,590.21,193.86,557.83,193.86
556.5,90.149,588.79,90.149,588.79,193.06,556.5,193.06
555.7,90.883,587.94,90.883,587.94,193.64,555.7,193.64
554.08,91.069,585.85,91.069,585.85,192.34,554.08,192.34
552.93,92.216,584.49,92.216,584.49,192.81,552.93,192.81
550.88,92.887,582.32,92.887,582.32,193.11,550.88,193.11
549.06,92.162,580.24,92.162,580.24,191.55,549.06,191.55
547.13,91.935,578.24,91.935,578.24,191.09,547.13,191.09
545.64,92.44,576.61,92.44,576.61,191.17,545.64,191.17
544.52,92.577,575.39,92.577,575.39,190.97,544.52,190.97
542.69,93.065,573.51,93.065,573.51,191.29,542.69,191.29
541.49,92.905,572.26,92.905,572.26,190.98,541.49,190.98
540.37,91.864,571.25,91.864,571.25,190.28,540.37,190.28
538.37,92.578,569.1,92.578,569.1,190.54,538.37,190.54
537.33,93.708,568.08,93.708,568.08,191.74,537.33,191.74
536.84,96.489,567.54,96.489,567.54,194.36,536.84,194.36
535.05,98.314,565.81,98.314,565.81,196.36,535.05,196.36
534.01,101.89,565.02,101.89,565.02,200.73,534.01,200.73
532.56,102.55,563.9,102.55,563.9,202.45,532.56,202.45
530.94,101.63,562.36,101.63,562.36,201.79,530.94,201.79
529.16,101.59,560.7,101.59,560.7,202.1,529.16,202.1
528.87,100.55,560.51,100.55,560.51,201.4,528.87,201.4
528.06,99.696,559.73,99.696,559.73,200.67,528.06,200.67
526.96,99.391,558.47,99.391,558.47,199.84,526.96,199.84
526.18,100.46,557.68,100.46,557.68,200.87,526.18,200.87
524.89,100.85,556.42,100.85,556.42,201.34,524.89,201.34
524.2,101.86,555.78,101.86,555.78,202.54,524.2,202.54
522.92,102.53,554.34,102.53,554.34,202.68,522.92,202.68
520.97,102.21,552.46,102.21,552.46,202.58,520.97,202.58
520.85,102.98,552.37,102.98,552.37,203.45,520.85,203.45
519.35,103.08,550.85,103.08,550.85,203.46,519.35,203.46
517.61,104.68,549.02,104.68,549.02,204.79,517.61,204.79
516.26,106.62,547.57,106.62,547.57,206.44,516.26,206.44
515.73,107.1,547.07,107.1,547.07,207,515.73,207
515.94,109.53,547.12,109.53,547.12,208.9,515.94,208.9
515.85,110.66,546.97,110.66,546.97,209.87,515.85,209.87
515.47,111.7,546.42,111.7,546.42,210.37,515.47,210.37
513.13,113.69,543.82,113.69,543.82,211.5,513.13,211.5
505.78,111.64,536.49,111.64,536.49,209.52,505.78,209.52
503.77,111.06,534.63,111.06,534.63,209.43,503.77,209.43
503.36,111.21,533.85,111.21,533.85,208.4,503.36,208.4
502.79,113.68,533.28,113.68,533.28,210.87,502.79,210.87
499.49,114.52,529.96,114.52,529.96,211.63,499.49,211.63
498.66,117.4,528.98,117.4,528.98,214.05,498.66,214.05
497,120.58,527.33,120.58,527.33,217.24,497,217.24
494.68,120.59,525.15,120.59,525.15,217.72,494.68,217.72
492.03,120.73,522.98,120.73,522.98,219.37,492.03,219.37
490.16,119.03,521.24,119.03,521.24,218.09,490.16,218.09
490.01,117.35,520.79,117.35,520.79,215.46,490.01,215.46
488.86,117.03,519.16,117.03,519.16,213.64,488.86,213.64
488,118.28,517.97,118.28,517.97,213.83,488,213.83
487.22,118.28,516.98,118.28,516.98,213.12,487.22,213.12
486.68,118.63,516.17,118.63,516.17,212.62,486.68,212.62
486.49,119.49,515.84,119.49,515.84,213.04,486.49,213.04
484.79,121.01,513.96,121.01,513.96,213.98,484.79,213.98
483.75,124.38,512.79,124.38,512.79,216.93,483.75,216.93
482.02,125.86,511.13,125.86,511.13,218.62,482.02,218.62
480.29,127.66,509.31,127.66,509.31,220.15,480.29,220.15
479.26,127.86,508.15,127.86,508.15,219.93,479.26,219.93
478.05,128.28,507,128.28,507,220.56,478.05,220.56
477.17,127.61,506.06,127.61,506.06,219.71,477.17,219.71
476.13,127.89,505.1,127.89,505.1,220.23,476.13,220.23
475.44,128.08,504.46,128.08,504.46,220.6,475.44,220.6
473.11,127.98,502.2,127.98,502.2,220.71,473.11,220.71
471.49,129.07,500.65,129.07,500.65,222.04,471.49,222.04
470.57,130.4,499.75,130.4,499.75,223.44,470.57,223.44
468.99,131.34,498.43,131.34,498.43,225.17,468.99,225.17
467.53,133.03,497.17,133.03,497.17,227.49,467.53,227.49
465.61,134.21,495.14,134.21,495.14,228.36,465.61,228.36
464.01,135.22,493.24,135.22,493.24,228.39,464.01,228.39
460.46,151.71,490,151.71,490,245.88,460.46,245.88
457.72,151.95,487.54,151.95,487.54,246.97,457.72,246.97
456.48,154.69,486.58,154.69,486.58,250.63,456.48,250.63
456.45,137.48,486.6,137.48,486.6,233.57,456.45,233.57
455.11,138.29,485.47,138.29,485.47,235.08,455.11,235.08
453.41,137.68,484.06,137.68,484.06,235.37,453.41,235.37
451.65,137.49,482.46,137.49,482.46,235.7,451.65,235.7
450.2,138.97,481.26,138.97,481.26,237.98,450.2,237.98
448.74,139.09,479.9,139.09,479.9,238.43,448.74,238.43
447.51,139.94,478.66,139.94,478.66,239.21,447.51,239.21
446.42,141.72,477.52,141.72,477.52,240.87,446.42,240.87
444.95,144.01,476.06,144.01,476.06,243.17,444.95,243.17
443.6,146.32,474.65,146.32,474.65,245.29,443.6,245.29
441.13,147.88,472.46,147.88,472.46,247.74,441.13,247.74
439.39,148.41,470.95,148.41,470.95,249,439.39,249
438.25,148.21,470.02,148.21,470.02,249.48,438.25,249.48
436.37,148.12,468.5,148.12,468.5,250.51,436.37,250.51
435.89,146.98,468.12,146.98,468.12,249.72,435.89,249.72
431.46,148.12,464.06,148.12,464.06,252.03,431.46,252.03
428.79,147.97,461.74,147.97,461.74,252.99,428.79,252.99
426.9,148.06,460.28,148.06,460.28,254.47,426.9,254.47
426.4,147.25,460.06,147.25,460.06,254.56,426.4,254.56
424.25,149.13,458.35,149.13,458.35,257.8,424.25,257.8
422.87,150.52,457.46,150.52,457.46,260.77,422.87,260.77
421.25,153.4,456.33,153.4,456.33,265.23,421.25,265.23
419.42,154.63,454.92,154.63,454.92,267.81,419.42,267.81
417.48,154.54,453.12,154.54,453.12,268.14,417.48,268.14
415.82,155.14,451.37,155.14,451.37,268.46,415.82,268.46
413.52,155.93,449.06,155.93,449.06,269.21,413.52,269.21
411.56,155.79,447.28,155.79,447.28,269.62,411.56,269.62
409.99,154.98,445.95,154.98,445.95,269.59,409.99,269.59
409.34,155.14,445.3,155.14,445.3,269.75,409.34,269.75
409.08,154.75,445.11,154.75,445.11,269.6,409.08,269.6
408.03,156.52,443.96,156.52,443.96,271.06,408.03,271.06
407.45,158,443.18,158,443.18,271.88,407.45,271.88
406.62,159.2,442.28,159.2,442.28,272.88,406.62,272.88
406.04,161.31,441.75,161.31,441.75,275.13,406.04,275.13
404.44,163.44,439.91,163.44,439.91,276.5,404.44,276.5
402.92,164.66,438.37,164.66,438.37,277.68,402.92,277.68
401.49,163.86,436.94,163.86,436.94,276.85,401.49,276.85
399.7,163.26,435.05,163.26,435.05,275.93,399.7,275.93
398.72,163.4,434.04,163.4,434.04,276,398.72,276
396.57,163.84,431.85,163.84,431.85,276.3,396.57,276.3
395.03,165.34,430.29,165.34,430.29,277.74,395.03,277.74
391.84,166.05,427.13,166.05,427.13,278.54,391.84,278.54
389.76,169.51,425.12,169.51,425.12,282.21,389.76,282.21
387.82,170.82,423.27,170.82,423.27,283.83,387.82,283.83
383.67,171.83,419.19,171.83,419.19,285.07,383.67,285.07
380.01,173.13,415.66,173.13,415.66,286.77,380.01,286.77
378.52,174.2,414.32,174.2,414.32,288.32,378.52,288.32
377.57,173.37,413.48,173.37,413.48,287.84,377.57,287.84
374.22,172.53,410.36,172.53,410.36,287.73,374.22,287.73
370.93,172.98,407.2,172.98,407.2,288.59,370.93,288.59
368.75,172.71,405.16,172.71,405.16,288.79,368.75,288.79
365.95,174.32,402.52,174.32,402.52,290.88,365.95,290.88
362.89,175.92,399.58,175.92,399.58,292.86,362.89,292.86
360.39,178.3,397.03,178.3,397.03,295.09,360.39,295.09
355.7,181.19,392.31,181.19,392.31,297.86,355.7,297.86
352.25,183.81,388.88,183.81,388.88,300.56,352.25,300.56
348.78,185.05,385.31,185.05,385.31,301.51,348.78,301.51
345.5,185.38,381.99,185.38,381.99,301.67,345.5,301.67
343.75,185.6,380.36,185.6,380.36,302.29,343.75,302.29
340.13,186.13,377.07,186.13,377.07,303.89,340.13,303.89
338.65,185.84,375.97,185.84,375.97,304.78,338.65,304.78
335.98,184.23,373.24,184.23,373.24,303.02,335.98,303.02
330.66,183.9,367.58,183.9,367.58,301.59,330.66,301.59
329.08,184.66,365.55,184.66,365.55,300.91,329.08,300.91
325.44,184.28,361.33,184.28,361.33,298.68,325.44,298.68
325.19,185.8,360.68,185.8,360.68,298.93,325.19,298.93
321.28,184.24,356.43,184.24,356.43,296.29,321.28,296.29
319.38,184.51,354.22,184.51,354.22,295.56,319.38,295.56
317.7,185.68,352.32,185.68,352.32,296.02,317.7,296.02
315.54,186.7,349.99,186.7,349.99,296.52,315.54,296.52
314.18,187.24,348.57,187.24,348.57,296.86,314.18,296.86
312.25,188.18,346.64,188.18,346.64,297.79,312.25,297.79
311.43,189.46,346.01,189.46,346.01,299.69,311.43,299.69
310.98,190.96,345.95,190.96,345.95,302.41,310.98,302.41
309.11,190.32,344.35,190.32,344.35,302.65,309.11,302.65
307.22,189.75,342.67,189.75,342.67,302.74,307.22,302.74
306.41,188.9,342,188.9,342,302.33,306.41,302.33
306.35,189.19,342.19,189.19,342.19,303.42,306.35,303.42
304.54,189.67,340.41,189.67,340.41,304.01,304.54,304.01
304.02,190.66,340.05,190.66,340.05,305.52,304.02,305.52
301.86,191.96,337.74,191.96,337.74,306.33,301.86,306.33
301.94,193.58,337.6,193.58,337.6,307.27,301.94,307.27
300.05,195.63,335.44,195.63,335.44,308.45,300.05,308.45
299.16,198.44,334.21,198.44,334.21,310.18,299.16,310.18
295.38,201.11,330.34,201.11,330.34,312.55,295.38,312.55
292.27,200.98,327.3,200.98,327.3,312.63,292.27,312.63
291.11,202.71,326.43,202.71,326.43,315.28,291.11,315.28
290.51,203.24,326.05,203.24,326.05,316.5,290.51,316.5
288.42,202.76,324.07,202.76,324.07,316.4,288.42,316.4
286.05,204.37,321.71,204.37,321.71,318.04,286.05,318.04
283.67,206.94,319.32,206.94,319.32,320.55,283.67,320.55
283.09,210.9,318.97,210.9,318.97,325.26,283.09,325.26
280.35,214.26,316.63,214.26,316.63,329.91,280.35,329.91
277.51,214.96,314.07,214.96,314.07,331.5,277.51,331.5
274.73,214.78,311.36,214.78,311.36,331.54,274.73,331.54
272.67,215.24,309.28,215.24,309.28,331.95,272.67,331.95
270.03,214.02,306.51,214.02,306.51,330.3,270.03,330.3
267.35,215.78,303.91,215.78,303.91,332.29,267.35,332.29
265.54,216.4,302.14,216.4,302.14,333.05,265.54,333.05
262.14,218.25,298.66,218.25,298.66,334.68,262.14,334.68
259.63,220.77,296.32,220.77,296.32,337.69,259.63,337.69
256.98,223.04,293.58,223.04,293.58,339.71,256.98,339.71
253.63,224.82,290.07,224.82,290.07,340.97,253.63,340.97
250.88,224.18,287.27,224.18,287.27,340.19,250.88,340.19
250.47,224.76,286.76,224.76,286.76,340.42,250.47,340.42
248.28,224.59,284.58,224.59,284.58,340.29,248.28,340.29
246.5,226.09,282.8,226.09,282.8,341.78,246.5,341.78
245.01,227.77,281.23,227.77,281.23,343.24,245.01,343.24
243.07,230.81,279.26,230.81,279.26,346.16,243.07,346.16
241.83,232.27,278.1,232.27,278.1,347.89,241.83,347.89
239.82,233.85,276.05,233.85,276.05,349.35,239.82,349.35
236.27,235.09,272.53,235.09,272.53,350.67,236.27,350.67
226.63,238.88,262.92,238.88,262.92,354.55,226.63,354.55
219.41,244.18,255.81,244.18,255.81,360.22,219.41,360.22
216.98,247.27,253.38,247.27,253.38,363.27,216.98,363.27
215.17,248.17,251.41,248.17,251.41,363.69,215.17,363.69
211.85,246.6,248.04,246.6,248.04,361.95,211.85,361.95
210.32,245.92,246.67,245.92,246.67,361.79,210.32,361.79
209.38,245.87,245.8,245.87,245.8,361.97,209.38,361.97
208.2,246.15,244.73,246.15,244.73,362.62,208.2,362.62
206.51,246.35,243.06,246.35,243.06,362.85,206.51,362.85
205.09,247.18,241.61,247.18,241.61,363.59,205.09,363.59
203.32,247.65,239.81,247.65,239.81,363.97,203.32,363.97
201.55,249.4,237.99,249.4,237.99,365.58,201.55,365.58
199.89,250.7,236.53,250.7,236.53,367.46,199.89,367.46
198.26,252.86,235.01,252.86,235.01,369.99,198.26,369.99
196.07,256.21,232.93,256.21,232.93,373.73,196.07,373.73
195.67,258.33,232.57,258.33,232.57,375.93,195.67,375.93
193.37,258.63,230.34,258.63,230.34,376.49,193.37,376.49
191.24,257.98,228.22,257.98,228.22,375.83,191.24,375.83
189.85,258.03,226.75,258.03,226.75,375.64,189.85,375.64
189.53,257.81,226.41,257.81,226.41,375.38,189.53,375.38
188.08,258.06,225.09,258.06,225.09,376.04,188.08,376.04
185.87,258.69,222.87,258.69,222.87,376.62,185.87,376.62
184.8,260.03,221.77,260.03,221.77,377.89,184.8,377.89
182.76,260.97,219.88,260.97,219.88,379.27,182.76,379.27
180.67,263.08,217.92,263.08,217.92,381.84,180.67,381.84
179.1,264,216.58,264,216.58,383.49,179.1,383.49
176.85,265.05,214.49,265.05,214.49,385.04,176.85,385.04
174.38,267.17,211.82,267.17,211.82,386.49,174.38,386.49
172.57,267.75,210.01,267.75,210.01,387.09,172.57,387.09
170.95,267.61,208.29,267.61,208.29,386.62,170.95,386.62
169.58,267.73,206.78,267.73,206.78,386.3,169.58,386.3
168.76,267.57,205.99,267.57,205.99,386.24,168.76,386.24
167.35,268,204.55,268,204.55,386.56,167.35,386.56
166.55,268.86,203.73,268.86,203.73,387.37,166.55,387.37
164.97,269.16,202.15,269.16,202.15,387.69,164.97,387.69
163.69,271.12,200.8,271.12,200.8,389.42,163.69,389.42
162.02,272.46,199,272.46,199,390.32,162.02,390.32
160.03,275.14,197.15,275.14,197.15,393.45,160.03,393.45
158.2,276.7,195.56,276.7,195.56,395.79,158.2,395.79
155.79,279.12,193.28,279.12,193.28,398.61,155.79,398.61
154.34,280.16,191.89,280.16,191.89,399.86,154.34,399.86
152.29,280.37,189.87,280.37,189.87,400.14,152.29,400.14
150.13,279.5,187.53,279.5,187.53,398.71,150.13,398.71
148.83,280.68,186.08,280.68,186.08,399.4,148.83,399.4
146.15,281.62,183.62,281.62,183.62,401.06,146.15,401.06
144.07,282.96,181.68,282.96,181.68,402.86,144.07,402.86
141.58,285.33,179.35,285.33,179.35,405.72,141.58,405.72
139.38,286.45,177.31,286.45,177.31,407.37,139.38,407.37
136.94,288.45,174.93,288.45,174.93,409.56,136.94,409.56
134.42,290.48,172.23,290.48,172.23,410.97,134.42,410.97
131.66,290.06,169.4,290.06,169.4,410.33,131.66,410.33
130.76,290.65,168.48,290.65,168.48,410.88,130.76,410.88
129.88,291.05,167.46,291.05,167.46,410.85,129.88,410.85
127.52,290.71,164.97,290.71,164.97,410.11,127.52,410.11
126.83,292.37,164.28,292.37,164.28,411.74,126.83,411.74
124.83,294,162.21,294,162.21,413.13,124.83,413.13
121.41,297.72,158.79,297.72,158.79,416.86,121.41,416.86
118.86,301.14,156.32,301.14,156.32,420.54,118.86,420.54
117.88,304.01,155.53,304.01,155.53,424.03,117.88,424.03
114.98,305.34,152.83,305.34,152.83,425.99,114.98,425.99
112.17,305.8,149.99,305.8,149.99,426.38,112.17,426.38
108.93,305.52,146.67,305.52,146.67,425.82,108.93,425.82
106.25,305.56,144.03,305.56,144.03,426,106.25,426
104.2,305.55,142.24,305.55,142.24,426.8,104.2,426.8
101.11,305.71,139.35,305.71,139.35,427.63,101.11,427.63
97.904,307.49,136.34,307.49,136.34,430.02,97.904,430.02
94.453,308.91,133.05,308.91,133.05,431.93,94.453,431.93
89.796,312.3,128.56,312.3,128.56,435.86,89.796,435.86
86.529,313.92,125.49,313.92,125.49,438.1,86.529,438.1
81.383,316.06,120.43,316.06,120.43,440.51,81.383,440.51
77.085,318.52,116.09,318.52,116.09,442.86,77.085,442.86
73.624,318.96,112.53,318.96,112.53,442.97,73.624,442.97
71.428,318.31,110.31,318.31,110.31,442.24,71.428,442.24
69.391,318.03,108.23,318.03,108.23,441.83,69.391,441.83
66.412,319.09,105.15,319.09,105.15,442.57,66.412,442.57
64.229,321.21,102.65,321.21,102.65,443.69,64.229,443.69
61.659,323.07,99.845,323.07,99.845,444.79,61.659,444.79
57.788,324.27,95.864,324.27,95.864,445.64,57.788,445.64
54.658,324.56,92.565,324.56,92.565,445.38,54.658,445.38
52.622,324.68,90.436,324.68,90.436,445.21,52.622,445.21
48.613,324.18,86.782,324.18,86.782,445.85,48.613,445.85
45.444,323.17,83.878,323.17,83.878,445.67,45.444,445.67
42.386,323.66,81.125,323.66,81.125,447.14,42.386,447.14
38.054,322.85,77.045,322.85,77.045,447.14,38.054,447.14
34.49,324.34,73.732,324.34,73.732,449.43,34.49,449.43
31.381,327.08,71.039,327.08,71.039,453.49,31.381,453.49
28.865,327.43,68.75,327.43,68.75,454.56,28.865,454.56
25.735,326.71,65.61,326.71,65.61,453.81,25.735,453.81
23.701,325.49,63.217,325.49,63.217,451.44,23.701,451.44
21.638,325.49,60.849,325.49,60.849,450.47,21.638,450.47
20.434,324.77,59.514,324.77,59.514,449.33,20.434,449.33
19.11,325.28,57.944,325.28,57.944,449.06,19.11,449.06
18.858,326.93,57.592,326.93,57.592,450.39,18.858,450.39
18.735,327.79,57.57,327.79,57.57,451.58,18.735,451.58
16.442,326.7,55.38,326.7,55.38,450.81,16.442,450.81
17.684,327.51,56.773,327.51,56.773,452.11,17.684,452.11
19.078,327.67,58.183,327.67,58.183,452.31,19.078,452.31
20.659,332.41,59.943,332.41,59.943,457.63,20.659,457.63
19.877,332.78,59.452,332.78,59.452,458.92,19.877,458.92
18.155,332.12,57.942,332.12,57.942,458.94,18.155,458.94
16.264,331.47,56.306,331.47,56.306,459.1,16.264,459.1
15.329,331.02,55.468,331.02,55.468,458.97,15.329,458.97
14.405,331.84,54.809,331.84,54.809,460.63,14.405,460.63
13.568,331.76,54.275,331.76,54.275,461.52,13.568,461.52
13.275,331.35,54.243,331.35,54.243,461.93,13.275,461.93
12.33,331.57,53.635,331.57,53.635,463.23,12.33,463.23
12.093,330.72,53.717,330.72,53.717,463.4,12.093,463.4
13.073,330.54,54.854,330.54,54.854,463.72,13.073,463.72
13.797,330.94,55.652,330.94,55.652,464.35,13.797,464.35
12.767,329.52,54.465,329.52,54.465,462.43,12.767,462.43
13.865,329.87,55.488,329.87,55.488,462.54,13.865,462.54
14.496,329.65,56.079,329.65,56.079,462.19,14.496,462.19
15.095,329.89,56.659,329.89,56.659,462.37,15.095,462.37
16.196,329.57,57.72,329.57,57.72,461.92,16.196,461.92
16.39,328.63,57.79,328.63,57.79,460.59,16.39,460.59
16.171,328.24,57.529,328.24,57.529,460.06,16.171,460.06
16.668,328.43,57.946,328.43,57.946,460,16.668,460
18.082,327.76,59.263,327.76,59.263,459.02,18.082,459.02
19.3,327.21,60.247,327.21,60.247,457.73,19.3,457.73
21.058,327.93,61.887,327.93,61.887,458.07,21.058,458.07
21.504,327.25,62.153,327.25,62.153,456.82,21.504,456.82
22.531,327.23,63.045,327.23,63.045,456.37,22.531,456.37
22.466,327.11,62.896,327.11,62.896,455.98,22.466,455.98
23.388,326.94,63.91,326.94,63.91,456.1,23.388,456.1
24.215,326.04,64.567,326.04,64.567,454.66,24.215,454.66
24.686,327.5,65.268,327.5,65.268,456.86,24.686,456.86
24.783,327.02,65.234,327.02,65.234,455.96,24.783,455.96
27.147,327.83,67.314,327.83,67.314,455.86,27.147,455.86
28.539,328.15,68.615,328.15,68.615,455.89,28.539,455.89
29.142,327.92,69.174,327.92,69.174,455.52,29.142,455.52
29.778,328.22,69.81,328.22,69.81,455.82,29.778,455.82
30.85,327.95,70.809,327.95,70.809,455.32,30.85,455.32
31.575,328.06,71.594,328.06,71.594,455.62,31.575,455.62
32.214,327.92,72.376,327.92,72.376,455.94,32.214,455.94
33.289,327.97,73.655,327.97,73.655,456.64,33.289,456.64
33.625,327.47,74.078,327.47,74.078,456.41,33.625,456.41
34.909,327.93,75.254,327.93,75.254,456.53,34.909,456.53
35.823,327.9,76.23,327.9,76.23,456.7,35.823,456.7
37.434,327.28,78.041,327.28,78.041,456.71,37.434,456.71
39.783,326.6,80.456,326.6,80.456,456.24,39.783,456.24
42.329,326.7,82.951,326.7,82.951,456.19,42.329,456.19
45.052,326.24,85.559,326.24,85.559,455.36,45.052,455.36
48.304,326.68,88.603,326.68,88.603,455.14,48.304,455.14
51.598,325.06,91.758,325.06,91.758,453.07,51.598,453.07
54.158,325.64,93.882,325.64,93.882,452.27,54.158,452.27
56.745,325.7,96.318,325.7,96.318,451.84,56.745,451.84
59.803,324.81,99.557,324.81,99.557,451.53,59.803,451.53
62.246,324.73,102.25,324.73,102.25,452.23,62.246,452.23
63.066,324.08,103.3,324.08,103.3,452.33,63.066,452.33
65.167,324.1,105.39,324.1,105.39,452.31,65.167,452.31
65.76,322.44,106.14,322.44,106.14,451.16,65.76,451.16
67.881,321.71,108.33,321.71,108.33,450.65,67.881,450.65
69.337,321.37,110.02,321.37,110.02,451.04,69.337,451.04
69.695,320.65,110.58,320.65,110.58,450.99,69.695,450.99
72.445,319.74,113.59,319.74,113.59,450.89,72.445,450.89
76.14,318.59,117.31,318.59,117.31,449.81,76.14,449.81
84.247,319.7,125.26,319.7,125.26,450.44,84.247,450.44
89.126,320.27,129.83,320.27,129.83,450.03,89.126,450.03
93.162,319.91,133.52,319.91,133.52,448.54,93.162,448.54
97.914,320.39,138.1,320.39,138.1,448.48,97.914,448.48
102.49,321.66,142.6,321.66,142.6,449.53,102.49,449.53
103.65,320.1,143.9,320.1,143.9,448.39,103.65,448.39
107.46,320.51,147.73,320.51,147.73,448.87,107.46,448.87
110.57,319.24,150.79,319.24,150.79,447.41,110.57,447.41
113.4,318.51,153.58,318.51,153.58,446.59,113.4,446.59
117.75,318.71,157.94,318.71,157.94,446.81,117.75,446.81
117.97,316.63,158.27,316.63,158.27,445.11,117.97,445.11
122.49,315.74,162.89,315.74,162.89,444.51,122.49,444.51
126.71,312.5,167.19,312.5,167.19,441.54,126.71,441.54
130.23,311.47,170.86,311.47,170.86,440.99,130.23,440.99
133.59,309.2,174.31,309.2,174.31,439,133.59,439
137.36,306.4,177.78,306.4,177.78,435.23,137.36,435.23
140.28,305.51,180.44,305.51,180.44,433.5,140.28,433.5
142.26,303.08,182.37,303.08,182.37,430.91,142.26,430.91
143.18,302.63,183.26,302.63,183.26,430.39,143.18,430.39
145.91,301.95,186.04,301.95,186.04,429.85,145.91,429.85
148.83,301.53,189.03,301.53,189.03,429.67,148.83,429.67
152.19,302.49,192.33,302.49,192.33,430.44,152.19,430.44
155.72,300.11,195.95,300.11,195.95,428.35,155.72,428.35
159.7,300.45,199.87,300.45,199.87,428.47,159.7,428.47
163.84,298.33,203.97,298.33,203.97,426.26,163.84,426.26
166.8,295.93,206.69,295.93,206.69,423.07,166.8,423.07
169.32,294.41,209.08,294.41,209.08,421.13,169.32,421.13
171.26,294.4,211.01,294.4,211.01,421.09,171.26,421.09
173.5,293.3,213.37,293.3,213.37,420.4,173.5,420.4
175.91,293.68,215.89,293.68,215.89,421.11,175.91,421.11
176.76,293.26,216.79,293.26,216.79,420.86,176.76,420.86
180.34,292.94,220.37,292.94,220.37,420.51,180.34,420.51
183.65,291.91,223.74,291.91,223.74,419.68,183.65,419.68
187.27,290.51,227.37,290.51,227.37,418.33,187.27,418.33
191.05,287.91,231.07,287.91,231.07,415.5,191.05,415.5
193.63,286.55,233.61,286.55,233.61,413.97,193.63,413.97
196.57,284.95,236.46,284.95,236.46,412.08,196.57,412.08
199.89,282.32,239.93,282.32,239.93,409.95,199.89,409.95
202.6,279.76,242.64,279.76,242.64,407.4,202.6,407.4
204.31,279.51,244.41,279.51,244.41,407.32,204.31,407.32
207.53,279.16,247.48,279.16,247.48,406.51,207.53,406.51
210.6,280.17,250.58,280.17,250.58,407.6,210.6,407.6
212.55,280,252.84,280,252.84,408.41,212.55,408.41
214.91,279.13,255.32,279.13,255.32,407.96,214.91,407.96
218.03,274.75,258.75,274.75,258.75,404.54,218.03,404.54
219.92,271.45,261.02,271.45,261.02,402.47,219.92,402.47
223.26,269.68,264.58,269.68,264.58,401.38,223.26,401.38
227.4,265.35,268.84,265.35,268.84,397.44,227.4,397.44
230.34,262.14,272.07,262.14,272.07,395.16,230.34,395.16
234.37,260.86,276.09,260.86,276.09,393.86,234.37,393.86
236.12,259.16,277.87,259.16,277.87,392.23,236.12,392.23
237.96,256.81,279.89,256.81,279.89,390.44,237.96,390.44
239.3,255.6,281.33,255.6,281.33,389.57,239.3,389.57
240.13,255.13,282.32,255.13,282.32,389.6,240.13,389.6
239.57,252.38,281.95,252.38,281.95,387.44,239.57,387.44
241.99,252.97,284.64,252.97,284.64,388.92,241.99,388.92
243.69,252.04,286.42,252.04,286.42,388.25,243.69,388.25
250.39,251.89,292.98,251.89,292.98,387.64,250.39,387.64
255.61,249.7,298.07,249.7,298.07,385.04,255.61,385.04
259.22,246.93,301.48,246.93,301.48,381.62,259.22,381.62
261.87,243.45,303.9,243.45,303.9,377.41,261.87,377.41
263.4,239.48,305.11,239.48,305.11,372.44,263.4,372.44
265.18,235.66,306.53,235.66,306.53,367.48,265.18,367.48
266.78,233.84,307.75,233.84,307.75,364.41,266.78,364.41
269.33,232.52,310.24,232.52,310.24,362.91,269.33,362.91
271.58,233.28,312.46,233.28,312.46,363.57,271.58,363.57
273.86,232.01,314.95,232.01,314.95,362.99,273.86,362.99
276.02,230.86,317.17,230.86,317.17,362.01,276.02,362.01
279.03,230.41,320.3,230.41,320.3,361.95,279.03,361.95
282.2,230.76,323.62,230.76,323.62,362.78,282.2,362.78
284.13,230.05,325.84,230.05,325.84,362.98,284.13,362.98
286.86,227.95,329.03,227.95,329.03,362.38,286.86,362.38
289.64,223.08,332.14,223.08,332.14,358.54,289.64,358.54
294.24,221.07,337.06,221.07,337.06,357.56,294.24,357.56
298.02,217.39,340.94,217.39,340.94,354.2,298.02,354.2
300.15,216.1,343.13,216.1,343.13,353.08,300.15,353.08
302.56,214.97,345.65,214.97,345.65,352.32,302.56,352.32
304.96,212.6,347.93,212.6,347.93,349.58,304.96,349.58
306.29,209.52,349.31,209.52,349.31,346.67,306.29,346.67
308.94,207.73,351.77,207.73,351.77,344.24,308.94,344.24
310.42,206.99,353.33,206.99,353.33,343.76,310.42,343.76
313.87,206.59,356.78,206.59,356.78,343.37,313.87,343.37
315.22,206.18,358.38,206.18,358.38,343.74,315.22,343.74
317.4,206.93,360.51,206.93,360.51,344.35,317.4,344.35
320.89,207.85,363.89,207.85,363.89,344.9,320.89,344.9
322.07,207.58,365.05,207.58,365.05,344.59,322.07,344.59
326.39,205.69,369.25,205.69,369.25,342.29,326.39,342.29
330.2,202.48,373.2,202.48,373.2,339.54,330.2,339.54
333.94,199.56,376.88,199.56,376.88,336.44,333.94,336.44
336.83,196.36,379.42,196.36,379.42,332.1,336.83,332.1
339.16,195.69,381.3,195.69,381.3,330.02,339.16,330.02
340.91,193.86,382.62,193.86,382.62,326.79,340.91,326.79
343.79,192.05,385.07,192.05,385.07,323.65,343.79,323.65
345.04,191.42,385.87,191.42,385.87,321.58,345.04,321.58
346.68,189.64,387.21,189.64,387.21,318.85,346.68,318.85
348.91,188.47,389.32,188.47,389.32,317.27,348.91,317.27
350.14,187.62,390.47,187.62,390.47,316.18,350.14,316.18
351.79,187.37,392.14,187.37,392.14,315.99,351.79,315.99
353.93,187.53,394.27,187.53,394.27,316.11,353.93,316.11
355.96,188.07,396.24,188.07,396.24,316.46,355.96,316.46
357.84,188.39,398.12,188.39,398.12,316.79,357.84,316.79
360.24,188.64,400.36,188.64,400.36,316.52,360.24,316.52
361.85,188.22,401.89,188.22,401.89,315.83,361.85,315.83
365.35,188.01,405.08,188.01,405.08,314.66,365.35,314.66
369.93,188.09,409.47,188.09,409.47,314.12,369.93,314.12
373.02,188.26,412.36,188.26,412.36,313.65,373.02,313.65
378.36,189.15,417.52,189.15,417.52,313.96,378.36,313.96
382.67,189.12,421.72,189.12,421.72,313.59,382.67,313.59
384.96,188.54,424.01,188.54,424.01,313,384.96,313
388.42,186.73,427.43,186.73,427.43,311.07,388.42,311.07
393.15,185.95,432.17,185.95,432.17,310.3,393.15,310.3
395.09,185.7,434.15,185.7,434.15,310.22,395.09,310.22
397.82,185.21,436.97,185.21,436.97,310.02,397.82,310.02
400.21,184.81,439.57,184.81,439.57,310.28,400.21,310.28
402.97,183.14,442.59,183.14,442.59,309.4,402.97,309.4
406.46,182.26,446.24,182.26,446.24,309.03,406.46,309.03
408.99,181.94,448.88,181.94,448.88,309.08,408.99,309.08
413.07,180.91,453.05,180.91,453.05,308.34,413.07,308.34
416.39,179.15,456.51,179.15,456.51,307.02,416.39,307.02
418.25,177.04,458.36,177.04,458.36,304.89,418.25,304.89
421.35,175.15,461.26,175.15,461.26,302.37,421.35,302.37
422.02,172.86,461.62,172.86,461.62,299.08,422.02,299.08
426.21,171.54,465.69,171.54,465.69,297.37,426.21,297.37
429.97,170.02,469.31,170.02,469.31,295.43,429.97,295.43
433.3,168.89,472.58,168.89,472.58,294.09,433.3,294.09
437.21,168.37,476.34,168.37,476.34,293.1,437.21,293.1
439.25,168.32,478.51,168.32,478.51,293.44,439.25,293.44
442.34,169.44,481.61,169.44,481.61,294.63,442.34,294.63
445.59,170.04,484.71,170.04,484.71,294.73,445.59,294.73
449.27,169.82,488.29,169.82,488.29,294.19,449.27,294.19
453.79,167.37,492.64,167.37,492.64,291.22,453.79,291.22
457.73,165.95,496.44,165.95,496.44,289.36,457.73,289.36
461.28,163.63,499.9,163.63,499.9,286.75,461.28,286.75
463.97,162.36,502.42,162.36,502.42,284.91,463.97,284.91
466.59,159.95,504.95,159.95,504.95,282.21,466.59,282.21
466.94,158.21,505.24,158.21,505.24,280.3,466.94,280.3
467.83,155.2,506.15,155.2,506.15,277.35,467.83,277.35
470.34,152.86,508.6,152.86,508.6,274.83,470.34,274.83
471.62,151.77,510,151.77,510,274.11,471.62,274.11
473.21,151.85,511.69,151.85,511.69,274.52,473.21,274.52
474.34,151.93,512.88,151.93,512.88,274.77,474.34,274.77
475.65,151.2,514.23,151.2,514.23,274.16,475.65,274.16
477.77,150.57,516.41,150.57,516.41,273.71,477.77,273.71
478.17,150.63,516.84,150.63,516.84,273.9,478.17,273.9
478.69,149.04,517.53,149.04,517.53,272.83,478.69,272.83
471.19,144.41,509.83,144.41,509.83,267.57,471.19,267.57
473,142.75,511.31,142.75,511.31,264.87,473,264.87
473.77,141.87,511.7,141.87,511.7,262.76,473.77,262.76
478.1,139.93,515.54,139.93,515.54,259.28,478.1,259.28
482.72,132.75,519.91,132.75,519.91,251.29,482.72,251.29
487.38,127.65,524.14,127.65,524.14,244.82,487.38,244.82
489.4,123.89,526,123.89,526,240.54,489.4,240.54
491.66,124.64,528.14,124.64,528.14,240.91,491.66,240.91
487.25,138.49,523.57,138.49,523.57,254.26,487.25,254.26
486.86,136.45,523.29,136.45,523.29,252.57,486.86,252.57
482.33,116.7,519.24,116.7,519.24,234.33,482.33,234.33
481.3,116.22,518.47,116.22,518.47,234.68,481.3,234.68
485.12,115.74,522.28,115.74,522.28,234.17,485.12,234.17
481.07,127.52,518.6,127.52,518.6,247.15,481.07,247.15
482.2,127.05,519.91,127.05,519.91,247.27,482.2,247.27
481.02,116.23,518.73,116.23,518.73,236.45,481.02,236.45
478.39,115.16,516.09,115.16,516.09,235.31,478.39,235.31
480.07,116.01,517.79,116.01,517.79,236.24,480.07,236.24
479.96,115.31,517.82,115.31,517.82,236,479.96,236
480.75,115.75,518.58,115.75,518.58,236.34,480.75,236.34
480.86,114.61,518.65,114.61,518.65,235.08,480.86,235.08
