174,223,274,223,274,345,174,345
162.37,217.45,262.12,217.45,262.12,339.15,162.37,339.15
146.23,217.63,245.45,217.63,245.45,338.68,146.23,338.68
130.28,216.7,228.5,216.7,228.5,336.53,130.28,336.53
115.82,216.58,212.48,216.58,212.48,334.51,115.82,334.51
106.06,217.04,202.06,217.04,202.06,334.16,106.06,334.16
96.013,215.98,192.19,215.98,192.19,333.31,96.013,333.31
90.026,214.74,186.78,214.74,186.78,332.78,90.026,332.78
80.27,213.06,177.99,213.06,177.99,332.27,80.27,332.27
65.466,213.05,162.33,213.05,162.33,331.22,65.466,331.22
51.292,211.48,147.51,211.48,147.51,328.87,51.292,328.87
37.019,210.76,132.83,210.76,132.83,327.65,37.019,327.65
23.106,208.97,119.3,208.97,119.3,326.32,23.106,326.32
24.037,208.68,119.47,208.68,119.47,325.1,24.037,325.1
28.875,204.76,124.03,204.76,124.03,320.84,28.875,320.84
51.211,198.64,145.73,198.64,145.73,313.95,51.211,313.95
56.749,191.5,150.97,191.5,150.97,306.45,56.749,306.45
61.111,179.83,155.82,179.83,155.82,295.37,61.111,295.37
76.122,178.51,171.32,178.51,171.32,294.66,76.122,294.66
92.233,179.32,186.38,179.32,186.38,294.17,92.233,294.17
119.67,185.66,213.18,185.66,213.18,299.73,119.67,299.73
136.91,186.89,230.36,186.89,230.36,300.89,136.91,300.89
152.24,188.5,244.08,188.5,244.08,300.55,152.24,300.55
162.14,187.89,253.65,187.89,253.65,299.54,162.14,299.54
177.69,188.21,267.8,188.21,267.8,298.15,177.69,298.15
193.87,185.72,282.43,185.72,282.43,293.76,193.87,293.76
208.59,183.76,296.04,183.76,296.04,290.44,208.59,290.44
226.12,182.79,311.97,182.79,311.97,287.53,226.12,287.53
249.28,181.38,333.94,181.38,333.94,284.67,249.28,284.67
268.11,179.59,352.08,179.59,352.08,282.04,268.11,282.04
284.27,177.53,367.91,177.53,367.91,279.57,284.27,279.57
306.11,173.69,389.85,173.69,389.85,275.84,306.11,275.84
322.95,172.22,405.72,172.22,405.72,273.2,322.95,273.2
347.45,170.73,429.67,170.73,429.67,271.03,347.45,271.03
365.57,167.54,447.35,167.54,447.35,267.32,365.57,267.32
376.42,167.22,458.06,167.22,458.06,266.82,376.42,266.82
394.82,165.31,475.64,165.31,475.64,263.91,394.82,263.91
412.01,164.28,492.42,164.28,492.42,262.39,412.01,262.39
432.93,161.95,513.05,161.95,513.05,259.7,432.93,259.7
458.05,158.72,537.31,158.72,537.31,255.42,458.05,255.42
483.95,156.05,562.83,156.05,562.83,252.28,483.95,252.28
506.18,155.38,584.58,155.38,584.58,251.03,506.18,251.03
520.05,155.65,598.17,155.65,598.17,250.95,520.05,250.95
514.87,153.82,593.16,153.82,593.16,249.33,514.87,249.33
511.88,154.35,589.9,154.35,589.9,249.54,511.88,249.54
503.46,153.23,581.29,153.23,581.29,248.19,503.46,248.19
494.81,150.36,573.17,150.36,573.17,245.96,494.81,245.96
485.46,149.01,563.75,149.01,563.75,244.53,485.46,244.53
479.52,147.97,557.54,147.97,557.54,243.16,479.52,243.16
480.36,146.48,557.97,146.48,557.97,241.17,480.36,241.17
497.76,144.71,574.85,144.71,574.85,238.76,497.76,238.76
517.57,144.32,594.55,144.32,594.55,238.23,517.57,238.23
537.42,141.97,614.34,141.97,614.34,235.81,537.42,235.81
556.8,142.06,633.77,142.06,633.77,235.97,556.8,235.97
555.65,142.89,632.68,142.89,632.68,236.87,555.65,236.87
546.13,138.74,623.51,138.74,623.51,233.14,546.13,233.14
535.67,140.6,612.85,140.6,612.85,234.76,535.67,234.76
530.82,138.89,607.87,138.89,607.87,232.89,530.82,232.89
526.42,135.06,603.43,135.06,603.43,229.01,526.42,229.01
522.51,133.48,599.52,133.48,599.52,227.44,522.51,227.44
515.83,133.15,592.87,133.15,592.87,227.14,515.83,227.14
512.53,133.93,589.49,133.93,589.49,227.82,512.53,227.82
509.15,133.67,585.42,133.67,585.42,226.71,509.15,226.71
503.3,130.35,579.87,130.35,579.87,223.76,503.3,223.76
495.49,124.43,572.45,124.43,572.45,218.31,495.49,218.31
492.31,125.1,569.49,125.1,569.49,219.26,492.31,219.26
487.95,123.31,565.2,123.31,565.2,217.56,487.95,217.56
484.4,123.5,561.67,123.5,561.67,217.76,484.4,217.76
479.97,123.72,557.05,123.72,557.05,217.76,479.97,217.76
472.77,123.37,549.67,123.37,549.67,217.18,472.77,217.18
467.69,122.58,544.15,122.58,544.15,215.87,467.69,215.87
464.23,123.27,540.51,123.27,540.51,216.33,464.23,216.33
458.79,121.84,534.88,121.84,534.88,214.68,458.79,214.68
454.79,121.72,530.61,121.72,530.61,214.22,454.79,214.22
451.8,121.45,527.3,121.45,527.3,213.55,451.8,213.55
450.54,123,525.79,123,525.79,214.8,450.54,214.8
447.1,121.29,522.34,121.29,522.34,213.09,447.1,213.09
446.55,120.26,521.25,120.26,521.25,211.39,446.55,211.39
445.21,121.21,519.73,121.21,519.73,212.12,445.21,212.12
442.91,120.66,516.96,120.66,516.96,211,442.91,211
437.69,120.34,511.96,120.34,511.96,210.95,437.69,210.95
434.3,119.26,508.75,119.26,508.75,210.09,434.3,210.09
430.5,116.02,504.89,116.02,504.89,206.77,430.5,206.77
436.43,119.26,510.96,119.26,510.96,210.18,436.43,210.18
458,114.97,532.57,114.97,532.57,205.96,458,205.96
479.79,113.61,554.38,113.61,554.38,204.61,479.79,204.61
496.33,112.32,570.87,112.32,570.87,203.26,496.33,203.26
517.35,111.85,591.84,111.85,591.84,202.73,517.35,202.73
521.26,110.89,595.8,110.89,595.8,201.83,521.26,201.83
515.23,109.2,589.7,109.2,589.7,200.05,515.23,200.05
510.21,108.47,584.35,108.47,584.35,198.92,510.21,198.92
503.61,108.12,577.82,108.12,577.82,198.65,503.61,198.65
501.09,108.89,575.12,108.89,575.12,199.21,501.09,199.21
497.31,108.32,571.09,108.32,571.09,198.33,497.31,198.33
489.64,107.6,563.48,107.6,563.48,197.68,489.64,197.68
487.31,108.05,561.15,108.05,561.15,198.14,487.31,198.14
481.85,107.86,555.66,107.86,555.66,197.92,481.85,197.92
478.7,106.9,552.4,106.9,552.4,196.81,478.7,196.81
486.89,102.77,560.37,102.77,560.37,192.41,486.89,192.41
509.99,102.77,583.28,102.77,583.28,192.19,509.99,192.19
534.96,96.383,608.22,96.383,608.22,185.76,534.96,185.76
563.58,97.064,636.32,97.064,636.32,185.81,563.58,185.81
560.28,96.036,632.75,96.036,632.75,184.44,560.28,184.44
558.3,97.107,630.66,97.107,630.66,185.39,558.3,185.39
554.15,96.889,626.53,96.889,626.53,185.19,554.15,185.19
550.97,94.923,623.29,94.923,623.29,183.15,550.97,183.15
548.19,93.18,620.67,93.18,620.67,181.61,548.19,181.61
548.06,93.228,620.69,93.228,620.69,181.84,548.06,181.84
546.84,92.765,619.32,92.765,619.32,181.19,546.84,181.19
546.98,94.026,619.71,94.026,619.71,182.76,546.98,182.76
546.85,95.277,619.63,95.277,619.63,184.07,546.85,184.07
540.21,93.87,612.99,93.87,612.99,182.67,540.21,182.67
519.11,86.1,591.86,86.1,591.86,174.86,519.11,174.86
518.77,83.581,591.47,83.581,591.47,172.27,518.77,172.27
519,84.874,591.71,84.874,591.71,173.57,519,173.57
517.89,86.309,590.67,86.309,590.67,175.1,517.89,175.1
513.58,83.079,586.39,83.079,586.39,171.9,513.58,171.9
512.97,86.388,585.75,86.388,585.75,175.18,512.97,175.18
508.57,82.924,581.2,82.924,581.2,171.53,508.57,171.53
506.01,83.472,578.25,83.472,578.25,171.61,506.01,171.61
501.95,81.585,573.91,81.585,573.91,169.37,501.95,169.37
497,80.905,568.67,80.905,568.67,168.34,497,168.34
477.63,78.502,548.62,78.502,548.62,165.11,477.63,165.11
476.57,78.223,547.12,78.223,547.12,164.3,476.57,164.3
472.56,76.522,542.46,76.522,542.46,161.8,472.56,161.8
469.59,76.533,538.92,76.533,538.92,161.11,469.59,161.11
466.58,75.054,535.39,75.054,535.39,159,466.58,159
462.25,75.017,530.57,75.017,530.57,158.37,462.25,158.37
460.79,75.064,528.84,75.064,528.84,158.09,460.79,158.09
458.02,74.475,525.66,74.475,525.66,157,458.02,157
455.05,74.397,522.52,74.397,522.52,156.71,455.05,156.71
451.32,73.765,518.22,73.765,518.22,155.39,451.32,155.39
446.69,72.257,513.35,72.257,513.35,153.58,446.69,153.58
444.09,71.986,510.37,71.986,510.37,152.84,444.09,152.84
439.83,72.255,505.77,72.255,505.77,152.7,439.83,152.7
436.04,69.498,501.96,69.498,501.96,149.93,436.04,149.93
432.15,71.396,497.62,71.396,497.62,151.27,432.15,151.27
427.42,70.816,492.65,70.816,492.65,150.41,427.42,150.41
423.27,70.761,488.25,70.761,488.25,150.05,423.27,150.05
418.78,71.21,483.55,71.21,483.55,150.22,418.78,150.22
414.59,70.552,479.26,70.552,479.26,149.45,414.59,149.45
408.61,68.618,473.08,68.618,473.08,147.27,408.61,147.27
404,66.04,468.17,66.04,468.17,144.33,404,144.33
400.82,65.846,464.77,65.846,464.77,143.87,400.82,143.87
397.61,65.371,461.42,65.371,461.42,143.23,397.61,143.23
394.7,65.452,458.37,65.452,458.37,143.12,394.7,143.12
390.57,64.753,454.19,64.753,454.19,142.36,390.57,142.36
388.07,64.404,451.63,64.404,451.63,141.95,388.07,141.95
384.91,64.039,448.48,64.039,448.48,141.59,384.91,141.59
381.54,63.897,445.06,63.897,445.06,141.39,381.54,141.39
379.71,64.1,443.19,64.1,443.19,141.55,379.71,141.55
378.2,63.472,441.67,63.472,441.67,140.91,378.2,140.91
376.49,64.512,439.88,64.512,439.88,141.84,376.49,141.84
373.89,62.835,437.18,62.835,437.18,140.05,373.89,140.05
371.78,62.455,434.82,62.455,434.82,139.37,371.78,139.37
369.45,61.943,432.33,61.943,432.33,138.66,369.45,138.66
364.42,59.409,427.05,59.409,427.05,135.82,364.42,135.82
363.59,59.943,426.09,59.943,426.09,136.19,363.59,136.19
358.12,58.418,420.39,58.418,420.39,134.38,358.12,134.38
356.63,58.468,418.51,58.468,418.51,133.96,356.63,133.96
354.55,58.613,416.24,58.613,416.24,133.87,354.55,133.87
351.83,57.597,413.19,57.597,413.19,132.45,351.83,132.45
349.24,57.417,410.4,57.417,410.4,132.03,349.24,132.03
346.86,57.907,407.71,57.907,407.71,132.14,346.86,132.14
345.18,56.824,405.68,56.824,405.68,130.64,345.18,130.64
344.08,57.967,404.45,57.967,404.45,131.63,344.08,131.63
341.9,57.034,401.88,57.034,401.88,130.21,341.9,130.21
340.09,57.469,399.9,57.469,399.9,130.44,340.09,130.44
338.09,57.158,397.81,57.158,397.81,130.02,338.09,130.02
336.32,56.545,395.74,56.545,395.74,129.04,336.32,129.04
334.06,54.964,393.38,54.964,393.38,127.33,334.06,127.33
332.88,56.458,392.25,56.458,392.25,128.89,332.88,128.89
330.76,54.897,390.08,54.897,390.08,127.27,330.76,127.27
330.09,54.929,389.23,54.929,389.23,127.08,330.09,127.08
327.72,55.413,386.82,55.413,386.82,127.51,327.72,127.51
