209,94,238,94,238,147,209,147
210.31,93.745,239.26,93.745,239.26,146.66,210.31,146.66
210.8,94.132,239.67,94.132,239.67,146.9,210.8,146.9
212,94.834,240.7,94.834,240.7,147.29,212,147.29
212.38,94.869,241.18,94.869,241.18,147.51,212.38,147.51
213.12,95.409,241.85,95.409,241.85,147.91,213.12,147.91
214.12,95.458,242.7,95.458,242.7,147.69,214.12,147.69
214.44,95.064,243.33,95.064,243.33,147.87,214.44,147.87
215.26,94.81,244.07,94.81,244.07,147.46,215.26,147.46
216.17,95.111,244.74,95.111,244.74,147.32,216.17,147.32
216.6,95.393,245.13,95.393,245.13,147.52,216.6,147.52
217.3,95.972,245.69,95.972,245.69,147.85,217.3,147.85
217.79,96.224,246.42,96.224,246.42,148.56,217.79,148.56
217.96,96.267,246.59,96.267,246.59,148.6,217.96,148.6
218.79,96.688,247.24,96.688,247.24,148.68,218.79,148.68
219.38,96.923,247.71,96.923,247.71,148.7,219.38,148.7
219.96,96.468,248.49,96.468,248.49,148.6,219.96,148.6
220.35,96.2,249.13,96.2,249.13,148.79,220.35,148.79
221.45,96.374,250.19,96.374,250.19,148.89,221.45,148.89
221.9,96.777,250.7,96.777,250.7,149.4,221.9,149.4
223.08,97.216,251.8,97.216,251.8,149.7,223.08,149.7
223.99,97.523,252.68,97.523,252.68,149.94,223.99,149.94
224.83,97.869,253.47,97.869,253.47,150.2,224.83,150.2
225.29,97.801,254.09,97.801,254.09,150.42,225.29,150.42
226.3,97.574,255.25,97.574,255.25,150.49,226.3,150.49
227.07,97.355,255.95,97.355,255.95,150.14,227.07,150.14
227.76,97.593,256.62,97.593,256.62,150.34,227.76,150.34
227.88,97.742,256.81,97.742,256.81,150.61,227.88,150.61
228.57,98.05,257.3,98.05,257.3,150.56,228.57,150.56
228.93,98.488,257.61,98.488,257.61,150.9,228.93,150.9
229.48,98.921,258.27,98.921,258.27,151.52,229.48,151.52
230.02,98.695,259.1,98.695,259.1,151.83,230.02,151.83
230.37,98.485,259.79,98.485,259.79,152.25,230.37,152.25
231.18,98.073,261.04,98.073,261.04,152.65,231.18,152.65
231.37,97.572,261.45,97.572,261.45,152.54,231.37,152.54
232.36,97.728,262.14,97.728,262.14,152.16,232.36,152.16
233.19,98.215,262.9,98.215,262.9,152.51,233.19,152.51
233.43,98.278,263.08,98.278,263.08,152.47,233.43,152.47
234.56,98.953,264.23,98.953,264.23,153.17,234.56,153.17
235.11,99.024,265.04,99.024,265.04,153.73,235.11,153.73
235.5,98.606,265.69,98.606,265.69,153.77,235.5,153.77
236.89,98.646,267.33,98.646,267.33,154.29,236.89,154.29
237.83,98.354,268.53,98.354,268.53,154.47,237.83,154.47
238.27,98.229,268.82,98.229,268.82,154.06,238.27,154.06
238.68,98.275,269.48,98.275,269.48,154.57,238.68,154.57
239.41,98.931,270.13,98.931,270.13,155.09,239.41,155.09
239.67,98.97,270.35,98.97,270.35,155.04,239.67,155.04
239.86,99.066,270.7,99.066,270.7,155.43,239.86,155.43
240.88,99.713,271.84,99.713,271.84,156.29,240.88,156.29
240.78,99.363,271.76,99.363,271.76,155.98,240.78,155.98
241.26,99.246,272.25,99.246,272.25,155.88,241.26,155.88
241.87,98.696,273.14,98.696,273.14,155.83,241.87,155.83
242.58,98.696,274.02,98.696,274.02,156.16,242.58,156.16
243.41,98.597,274.89,98.597,274.89,156.13,243.41,156.13
244.14,98.979,275.72,98.979,275.72,156.69,244.14,156.69
244.95,99.391,276.64,99.391,276.64,157.32,244.95,157.32
245.29,99.323,277.15,99.323,277.15,157.54,245.29,157.54
247,99.951,278.93,99.951,278.93,158.3,247,158.3
247.32,99.756,279.35,99.756,279.35,158.3,247.32,158.3
247.91,99.101,279.91,99.101,279.91,157.59,247.91,157.59
248.44,99.125,280.45,99.125,280.45,157.62,248.44,157.62
248.74,98.975,280.79,98.975,280.79,157.55,248.74,157.55
249.55,99.283,281.46,99.283,281.46,157.6,249.55,157.6
250.9,100.67,282.74,100.67,282.74,158.85,250.9,158.85
251.33,100.93,283.37,100.93,283.37,159.49,251.33,159.49
251.13,100.75,283.17,100.75,283.17,159.31,251.13,159.31
251.56,100.7,283.51,100.7,283.51,159.1,251.56,159.1
252.64,100.68,284.6,100.68,284.6,159.08,252.64,159.08
253.2,100.54,285.2,100.54,285.2,159.03,253.2,159.03
253.85,100.52,285.71,100.52,285.71,158.76,253.85,158.76
254.81,101.25,286.6,101.25,286.6,159.36,254.81,159.36
255.13,101.39,287.04,101.39,287.04,159.7,255.13,159.7
256.09,101.99,288.16,101.99,288.16,160.6,256.09,160.6
256.1,101.81,288.03,101.81,288.03,160.17,256.1,160.17
257.03,101.88,289.08,101.88,289.08,160.45,257.03,160.45
256.92,101.5,289.11,101.5,289.11,160.34,256.92,160.34
258.07,101.5,290.5,101.5,290.5,160.78,258.07,160.78
257.71,101.01,290.33,101.01,290.33,160.63,257.71,160.63
258.69,101.57,291.56,101.57,291.56,161.63,258.69,161.63
258.84,101.68,291.83,101.68,291.83,161.98,258.84,161.98
258.64,101.74,291.76,101.74,291.76,162.28,258.64,162.28
259.01,102.16,292.05,102.16,292.05,162.54,259.01,162.54
259.3,102.32,292.44,102.32,292.44,162.89,259.3,162.89
259.91,102.43,293.13,102.43,293.13,163.14,259.91,163.14
260.6,102.52,293.86,102.52,293.86,163.3,260.6,163.3
260.92,102.47,294.21,102.47,294.21,163.3,260.92,163.3
261.57,102.44,294.88,102.44,294.88,163.31,261.57,163.31
261.78,102.33,295.23,102.33,295.23,163.46,261.78,163.46
262.01,102.53,295.47,102.53,295.47,163.69,262.01,163.69
262.26,102.61,295.82,102.61,295.82,163.94,262.26,163.94
263.45,103.6,297.07,103.6,297.07,165.04,263.45,165.04
263.98,103.78,297.61,103.78,297.61,165.25,263.98,165.25
264.62,103.7,298.33,103.7,298.33,165.3,264.62,165.3
264.31,102.95,298.14,102.95,298.14,164.78,264.31,164.78
264.56,102.73,298.4,102.73,298.4,164.57,264.56,164.57
265.27,103.06,299.24,103.06,299.24,165.15,265.27,165.15
265.43,103.44,299.44,103.44,299.44,165.59,265.43,165.59
265.44,103.61,299.52,103.61,299.52,165.89,265.44,165.89
265.33,103.96,299.47,103.96,299.47,166.34,265.33,166.34
265.64,104.51,299.74,104.51,299.74,166.82,265.64,166.82
265.9,104.71,299.94,104.71,299.94,166.93,265.9,166.93
266.47,104.75,300.46,104.75,300.46,166.88,266.47,166.88
267.26,104.73,301.32,104.73,301.32,166.96,267.26,166.96
267,104.08,301.07,104.08,301.07,166.35,267,166.35
267.53,104.18,301.56,104.18,301.56,166.37,267.53,166.37
268.07,104.62,302.03,104.62,302.03,166.68,268.07,166.68
269.16,105.58,302.97,105.58,302.97,167.39,269.16,167.39
269.2,105.3,303.07,105.3,303.07,167.21,269.2,167.21
269.91,105.97,303.94,105.97,303.94,168.15,269.91,168.15
270.5,106.2,304.62,106.2,304.62,168.55,270.5,168.55
270.83,106.07,304.88,106.07,304.88,168.31,270.83,168.31
271.54,105.77,305.56,105.77,305.56,167.94,271.54,167.94
272.03,105.82,306.16,105.82,306.16,168.2,272.03,168.2
272.43,105.81,306.35,105.81,306.35,167.8,272.43,167.8
273.07,106.43,307.11,106.43,307.11,168.63,273.07,168.63
273,106.31,307.07,106.31,307.07,168.57,273,168.57
273.32,106.63,307.41,106.63,307.41,168.94,273.32,168.94
273.58,107,307.68,107,307.68,169.33,273.58,169.33
273.93,107.44,308.04,107.44,308.04,169.78,273.93,169.78
274.38,107.35,308.62,107.35,308.62,169.91,274.38,169.91
275.12,107.71,309.47,107.71,309.47,170.49,275.12,170.49
275.13,107.13,309.6,107.13,309.6,170.11,275.13,170.11
275.43,106.7,310.09,106.7,310.09,170.03,275.43,170.03
276.24,107.06,310.98,107.06,310.98,170.54,276.24,170.54
276.88,107.11,311.67,107.11,311.67,170.69,276.88,170.69
277.02,107.39,311.84,107.39,311.84,171.02,277.02,171.02
277.82,108.07,312.69,108.07,312.69,171.81,277.82,171.81
279.04,108.58,314.01,108.58,314.01,172.5,279.04,172.5
279.54,108.62,314.62,108.62,314.62,172.73,279.54,172.73
279.58,108.31,314.61,108.31,314.61,172.34,279.58,172.34
280.52,108.09,315.43,108.09,315.43,171.9,280.52,171.9
281.32,108.23,316.32,108.23,316.32,172.19,281.32,172.19
281.75,108.62,316.79,108.62,316.79,172.66,281.75,172.66
281.87,109.03,316.8,109.03,316.8,172.85,281.87,172.85
282.23,109.58,317.24,109.58,317.24,173.56,282.23,173.56
282.58,109.88,317.77,109.88,317.77,174.19,282.58,174.19
282.94,109.79,318.13,109.79,318.13,174.1,282.94,174.1
283.41,109.91,318.5,109.91,318.5,174.04,283.41,174.04
284.21,109.62,319.27,109.62,319.27,173.69,284.21,173.69
285.09,109.74,320.18,109.74,320.18,173.88,285.09,173.88
285.42,109.96,320.61,109.96,320.61,174.28,285.42,174.28
285.59,110.07,320.86,110.07,320.86,174.53,285.59,174.53
286.9,110.63,322.33,110.63,322.33,175.38,286.9,175.38
287.18,110.79,322.54,110.79,322.54,175.41,287.18,175.41
288.89,111.44,324.23,111.44,324.23,176.03,288.89,176.03
289.25,111.22,324.58,111.22,324.58,175.78,289.25,175.78
290.09,111.07,325.36,111.07,325.36,175.54,290.09,175.54
290.47,110.86,325.61,110.86,325.61,175.08,290.47,175.08
290.56,110.4,325.7,110.4,325.7,174.62,290.56,174.62
291.15,110.91,326.28,110.91,326.28,175.11,291.15,175.11
291.54,111.33,326.56,111.33,326.56,175.33,291.54,175.33
292.58,112.24,327.79,112.24,327.79,176.58,292.58,176.58
292.84,112.32,328.02,112.32,328.02,176.61,292.84,176.61
293.02,112.56,328.16,112.56,328.16,176.78,293.02,176.78
294.28,112.37,329.28,112.37,329.28,176.34,294.28,176.34
295.29,113.03,330.26,113.03,330.26,176.94,295.29,176.94
295.92,112.94,331.04,112.94,331.04,177.13,295.92,177.13
299.89,114.15,335.07,114.15,335.07,178.45,299.89,178.45
301.84,113.89,337.11,113.89,337.11,178.35,301.84,178.35
303.19,114.01,338.35,114.01,338.35,178.26,303.19,178.26
303.3,113.82,338.36,113.82,338.36,177.88,303.3,177.88
304.18,114.51,339.22,114.51,339.22,178.55,304.18,178.55
304.57,115.2,339.7,115.2,339.7,179.41,304.57,179.41
305.07,115.36,340.17,115.36,340.17,179.52,305.07,179.52
305.42,116.1,340.62,116.1,340.62,180.44,305.42,180.44
305.82,116.05,341.14,116.05,341.14,180.59,305.82,180.59
306.49,116.24,341.9,116.24,341.9,180.96,306.49,180.96
307.03,115.85,342.37,115.85,342.37,180.44,307.03,180.44
307.84,116,343.14,116,343.14,180.52,307.84,180.52
308.72,115.75,344.14,115.75,344.14,180.48,308.72,180.48
309.29,115.71,344.69,115.71,344.69,180.42,309.29,180.42
309.8,116.1,345.19,116.1,345.19,180.79,309.8,180.79
310.26,116.28,345.87,116.28,345.87,181.36,310.26,181.36
311.3,116.83,347.08,116.83,347.08,182.21,311.3,182.21
311.58,116.86,347.52,116.86,347.52,182.53,311.58,182.53
312.88,116.73,348.88,116.73,348.88,182.52,312.88,182.52
313.45,116.26,349.6,116.26,349.6,182.33,313.45,182.33
313.49,116.29,349.59,116.29,349.59,182.27,313.49,182.27
313.97,116.22,350.14,116.22,350.14,182.33,313.97,182.33
314.49,116.69,350.54,116.69,350.54,182.59,314.49,182.59
314.87,116.87,350.9,116.87,350.9,182.72,314.87,182.72
315.4,117.75,351.63,117.75,351.63,183.96,315.4,183.96
315.54,117.78,351.97,117.78,351.97,184.35,315.54,184.35
315.66,117.8,352.34,117.8,352.34,184.85,315.66,184.85
316.08,118.06,352.7,118.06,352.7,184.97,316.08,184.97
316.69,118.14,353.27,118.14,353.27,185,316.69,185
317.04,117.96,353.72,117.96,353.72,185,317.04,185
317.61,117.83,354.16,117.83,354.16,184.64,317.61,184.64
317.57,117.78,354.12,117.78,354.12,184.57,317.57,184.57
318.08,118.17,354.56,118.17,354.56,184.84,318.08,184.84
319.15,119.14,355.7,119.14,355.7,185.94,319.15,185.94
319.63,119.13,356.22,119.13,356.22,186.01,319.63,186.01
320.81,119.51,357.58,119.51,357.58,186.71,320.81,186.71
320.81,119.18,357.75,119.18,357.75,186.68,320.81,186.68
321.39,119.11,358.43,119.11,358.43,186.82,321.39,186.82
322.07,119.02,359.27,119.02,359.27,187,322.07,187
322.24,118.85,359.46,118.85,359.46,186.86,322.24,186.86
322.74,119.34,360.13,119.34,360.13,187.68,322.74,187.68
323.02,119.73,360.41,119.73,360.41,188.06,323.02,188.06
323.02,119.97,360.62,119.97,360.62,188.69,323.02,188.69
323.73,120.49,361.33,120.49,361.33,189.22,323.73,189.22
323.71,120.83,361.35,120.83,361.35,189.63,323.71,189.63
324.72,121,362.36,121,362.36,189.78,324.72,189.78
325.14,120.85,362.93,120.85,362.93,189.91,325.14,189.91
326.1,120.26,363.94,120.26,363.94,189.42,326.1,189.42
326.31,120.19,364.32,120.19,364.32,189.67,326.31,189.67
328.02,121.3,365.85,121.3,365.85,190.44,328.02,190.44
328.52,121.6,366.37,121.6,366.37,190.77,328.52,190.77
329.77,122.44,367.67,122.44,367.67,191.69,329.77,191.69
331,122.66,369.06,122.66,369.06,192.23,331,192.23
332.12,122.54,370.05,122.54,370.05,191.86,332.12,191.86
333.49,122.63,371.43,122.63,371.43,191.97,333.49,191.97
334.08,122.47,372.14,122.47,372.14,192.02,334.08,192.02
335.24,122.88,373.12,122.88,373.12,192.1,335.24,192.1
335.71,123.13,373.46,123.13,373.46,192.12,335.71,192.12
336.42,123.74,374.24,123.74,374.24,192.86,336.42,192.86
337.6,124.64,375.22,124.64,375.22,193.39,337.6,193.39
338.48,125.09,376.06,125.09,376.06,193.77,338.48,193.77
339.16,125.21,376.88,125.21,376.88,194.17,339.16,194.17
340.47,124.94,378.26,124.94,378.26,193.99,340.47,193.99
340.97,124.67,378.73,124.67,378.73,193.69,340.97,193.69
341.73,124.39,379.5,124.39,379.5,193.42,341.73,193.42
343.32,124.55,380.88,124.55,380.88,193.2,343.32,193.2
345.22,125.32,382.76,125.32,382.76,193.94,345.22,193.94
346.21,125.64,383.8,125.64,383.8,194.34,346.21,194.34
347.39,126.44,385.04,126.44,385.04,195.25,347.39,195.25
349.09,126.76,386.83,126.76,386.83,195.72,349.09,195.72
349.96,126.76,387.8,126.76,387.8,195.92,349.96,195.92
350.57,126.26,388.51,126.26,388.51,195.6,350.57,195.6
351.7,126.41,389.73,126.41,389.73,195.92,351.7,195.92
352.81,125.87,390.96,125.87,390.96,195.6,352.81,195.6
353.27,125.91,391.51,125.91,391.51,195.79,353.27,195.79
354.43,126.38,392.79,126.38,392.79,196.48,354.43,196.48
355.39,127.12,393.73,127.12,393.73,197.19,355.39,197.19
356.73,128.41,395.13,128.41,395.13,198.6,356.73,198.6
357.57,128.77,396.03,128.77,396.03,199.07,357.57,199.07
357.67,128.44,396.35,128.44,396.35,199.14,357.67,199.14
359.28,128.12,398.15,128.12,398.15,199.15,359.28,199.15
359.54,127.3,398.6,127.3,398.6,198.68,359.54,198.68
361.12,127.06,400.18,127.06,400.18,198.45,361.12,198.45
361.96,127.34,400.95,127.34,400.95,198.61,361.96,198.61
363.2,128.03,402.18,128.03,402.18,199.28,363.2,199.28
363.88,128.41,402.83,128.41,402.83,199.58,363.88,199.58
364.71,128.42,403.76,128.42,403.76,199.78,364.71,199.78
365.47,128.54,404.72,128.54,404.72,200.27,365.47,200.27
366.25,128.06,405.58,128.06,405.58,199.95,366.25,199.95
366.97,127.88,406.52,127.88,406.52,200.16,366.97,200.16
367.18,127.13,406.88,127.13,406.88,199.68,367.18,199.68
367.86,127.47,407.82,127.47,407.82,200.49,367.86,200.49
367.75,127.11,407.81,127.11,407.81,200.32,367.75,200.32
368.27,127.61,408.57,127.61,408.57,201.26,368.27,201.26
368.5,128.2,408.9,128.2,408.9,202.03,368.5,202.03
369.01,128.53,409.66,128.53,409.66,202.84,369.01,202.84
369.13,128.87,410.01,128.87,410.01,203.58,369.13,203.58
369.17,128.38,410.08,128.38,410.08,203.13,369.17,203.13
369.48,128.05,410.53,128.05,410.53,203.07,369.48,203.07
370.4,128.47,411.43,128.47,411.43,203.47,370.4,203.47
371.02,128.32,411.96,128.32,411.96,203.14,371.02,203.14
371.48,128.26,412.33,128.26,412.33,202.91,371.48,202.91
371.75,128.51,412.59,128.51,412.59,203.16,371.75,203.16
372.92,129.68,413.56,129.68,413.56,203.95,372.92,203.95
374.49,130.65,415.11,130.65,415.11,204.89,374.49,204.89
374.93,130.54,415.6,130.54,415.6,204.87,374.93,204.87
375.97,131.05,416.62,131.05,416.62,205.35,375.97,205.35
376.5,130.26,417.36,130.26,417.36,204.93,376.5,204.93
376.71,129.85,417.76,129.85,417.76,204.87,376.71,204.87
377.43,130.44,418.55,130.44,418.55,205.6,377.43,205.6
377.97,131.48,419.02,131.48,419.02,206.5,377.97,206.5
378.26,132.07,419.4,132.07,419.4,207.26,378.26,207.26
378.71,132.67,419.99,132.67,419.99,208.12,378.71,208.12
378.46,132.31,419.84,132.31,419.84,207.93,378.46,207.93
379.35,132.6,420.79,132.6,420.79,208.34,379.35,208.34
380.37,132.52,421.84,132.52,421.84,208.31,380.37,208.31
380.87,132.62,422.2,132.62,422.2,208.16,380.87,208.16
381.45,132.38,422.81,132.38,422.81,207.99,381.45,207.99
382.39,132.95,423.61,132.95,423.61,208.29,382.39,208.29
382.32,133.03,423.29,133.03,423.29,207.9,382.32,207.9
365.85,139.04,406.78,139.04,406.78,213.85,365.85,213.85
369.14,139.83,410.24,139.83,410.24,214.95,369.14,214.95
369.45,143.21,410.76,143.21,410.76,218.7,369.45,218.7
375.15,140.05,416.42,140.05,416.42,215.48,375.15,215.48
374.93,142.24,416.09,142.24,416.09,217.46,374.93,217.46
377.16,140.72,418.29,140.72,418.29,215.87,377.16,215.87
381.84,140.49,422.89,140.49,422.89,215.51,381.84,215.51
386.22,139.06,427.12,139.06,427.12,213.81,386.22,213.81
388.33,138.28,429.2,138.28,429.2,212.97,388.33,212.97
393.58,138.98,434.42,138.98,434.42,213.62,393.58,213.62
394.49,139.46,435.53,139.46,435.53,214.47,394.49,214.47
394.92,139.72,436.07,139.72,436.07,214.92,394.92,214.92
395.55,139.16,436.61,139.16,436.61,214.2,395.55,214.2
399.07,142.16,440.05,142.16,440.05,217.07,399.07,217.07
395.29,135.53,436.1,135.53,436.1,210.11,395.29,210.11
396.08,136.7,436.57,136.7,436.57,210.7,396.08,210.7
396.76,138.13,437.22,138.13,437.22,212.07,396.76,212.07
397.69,138.76,438.07,138.76,438.07,212.56,397.69,212.56
399.45,139.57,439.83,139.57,439.83,213.36,399.45,213.36
400.21,140.08,440.63,140.08,440.63,213.94,400.21,213.94
401.05,140.25,441.74,140.25,441.74,214.62,401.05,214.62
401.78,139.4,442.68,139.4,442.68,214.16,401.78,214.16
402,138.55,443.07,138.55,443.07,213.61,402,213.61
403.13,138.67,444.29,138.67,444.29,213.89,403.13,213.89
403.71,139.06,444.83,139.06,444.83,214.2,403.71,214.2
404.03,139.44,445.17,139.44,445.17,214.61,404.03,214.61
405.37,141.27,446.4,141.27,446.4,216.25,405.37,216.25
405.26,142.16,446.37,142.16,446.37,217.3,405.26,217.3
406.05,144.09,447.37,144.09,447.37,219.62,406.05,219.62
407.54,142.91,449.06,142.91,449.06,218.79,407.54,218.79
409.57,143.19,451.16,143.19,451.16,219.18,409.57,219.18
412.48,142.19,454.14,142.19,454.14,218.33,412.48,218.33
412.94,142.37,454.79,142.37,454.79,218.87,412.94,218.87
414.32,142.44,456.34,142.44,456.34,219.23,414.32,219.23
416.41,142.42,458.45,142.42,458.45,219.25,416.41,219.25
417.26,142.63,459.38,142.63,459.38,219.62,417.26,219.62
419.18,143.31,461.35,143.31,461.35,220.37,419.18,220.37
420.51,143.33,462.75,143.33,462.75,220.53,420.51,220.53
422.21,143.09,464.45,143.09,464.45,220.28,422.21,220.28
423.28,142.46,465.57,142.46,465.57,219.76,423.28,219.76
424.92,141.39,467.51,141.39,467.51,219.23,424.92,219.23
425.72,141.65,468.39,141.65,468.39,219.64,425.72,219.64
426.11,142.35,468.94,142.35,468.94,220.64,426.11,220.64
427.9,143.5,470.95,143.5,470.95,222.19,427.9,222.19
428.28,144.18,471.49,144.18,471.49,223.15,428.28,223.15
429.42,144.63,472.93,144.63,472.93,224.14,429.42,224.14
430.48,144.98,474.31,144.98,474.31,225.08,430.48,225.08
431.27,145.08,475.4,145.08,475.4,225.72,431.27,225.72
432.78,144.64,477.22,144.64,477.22,225.85,432.78,225.85
433.61,144.13,478.43,144.13,478.43,226.05,433.61,226.05
435.35,144.19,480.33,144.19,480.33,226.4,435.35,226.4
436.11,144.12,480.94,144.12,480.94,226.06,436.11,226.06
437.54,144.09,482.37,144.09,482.37,226.02,437.54,226.02
440.28,144.88,485,144.88,485,226.63,440.28,226.63
443.21,146.31,488.3,146.31,488.3,228.71,443.21,228.71
445.01,146.13,490.33,146.13,490.33,228.95,445.01,228.95
446.95,145.8,492.47,145.8,492.47,229,446.95,229
447.99,145.72,493.58,145.72,493.58,229.04,447.99,229.04
448.87,145.74,494.56,145.74,494.56,229.23,448.87,229.23
450.42,146.62,496.18,146.62,496.18,230.25,450.42,230.25
451.59,147.64,497.34,147.64,497.34,231.26,451.59,231.26
452.57,148.19,498.3,148.19,498.3,231.75,452.57,231.75
455.66,148.86,501.52,148.86,501.52,232.65,455.66,232.65
457.27,149.24,503.47,149.24,503.47,233.67,457.27,233.67
459.01,149.48,505.6,149.48,505.6,234.64,459.01,234.64
460.48,148.75,507.18,148.75,507.18,234.1,460.48,234.1
461.32,148.3,508.05,148.3,508.05,233.71,461.32,233.71
463.04,148.3,509.88,148.3,509.88,233.9,463.04,233.9
464.49,149.14,511.39,149.14,511.39,234.85,464.49,234.85
465.08,149.69,512.13,149.69,512.13,235.67,465.08,235.67
467.76,150.72,514.9,150.72,514.9,236.86,467.76,236.86
469.76,151.29,517.03,151.29,517.03,237.68,469.76,237.68
473.36,151.42,520.57,151.42,520.57,237.71,473.36,237.71
474.78,151.9,522.25,151.9,522.25,238.66,474.78,238.66
477.61,151.76,525.13,151.76,525.13,238.6,477.61,238.6
478.22,151.31,525.8,151.31,525.8,238.27,478.22,238.27
478.91,151.36,526.47,151.36,526.47,238.28,478.91,238.28
480.56,152.28,528.13,152.28,528.13,239.21,480.56,239.21
481.52,152.37,529.13,152.37,529.13,239.39,481.52,239.39
482.35,152.82,530.14,152.82,530.14,240.16,482.35,240.16
484.61,154.48,532.52,154.48,532.52,242.04,484.61,242.04
486.39,154.54,534.54,154.54,534.54,242.53,486.39,242.53
488.74,153.66,537.11,153.66,537.11,242.07,488.74,242.07
489.39,153.21,537.89,153.21,537.89,241.85,489.39,241.85
490.69,153.38,539.36,153.38,539.36,242.33,490.69,242.33
491.98,152.66,540.75,152.66,540.75,241.78,491.98,241.78
493.26,152.64,541.77,152.64,541.77,241.31,493.26,241.31
496.55,153.45,544.74,153.45,544.74,241.53,496.55,241.53
497.59,154.49,545.69,154.49,545.69,242.4,497.59,242.4
498.26,154.98,546.32,154.98,546.32,242.81,498.26,242.81
500.98,155.15,549.07,155.15,549.07,243.05,500.98,243.05
503.62,155,551.61,155,551.61,242.72,503.62,242.72
504.97,154.94,552.83,154.94,552.83,242.41,504.97,242.41
508.04,155.14,555.87,155.14,555.87,242.56,508.04,242.56
508.97,155.12,556.72,155.12,556.72,242.38,508.97,242.38
509.85,154.5,557.51,154.5,557.51,241.61,509.85,241.61
511.77,155.61,559.22,155.61,559.22,242.32,511.77,242.32
512.47,156.21,560.07,156.21,560.07,243.21,512.47,243.21
513.51,156.77,561.19,156.77,561.19,243.9,513.51,243.9
515.05,157.93,562.73,157.93,562.73,245.05,515.05,245.05
515.86,158.43,563.82,158.43,563.82,246.09,515.86,246.09
517.27,158.69,565.28,158.69,565.28,246.43,517.27,246.43
518.92,158.33,567.07,158.33,567.07,246.31,518.92,246.31
520.96,157.74,569.23,157.74,569.23,245.96,520.96,245.96
522.33,158.67,570.65,158.67,570.65,246.98,522.33,246.98
523.07,158.9,571.61,158.9,571.61,247.61,523.07,247.61
526.6,159.64,575.27,159.64,575.27,248.58,526.6,248.58
527.41,159.59,575.97,159.59,575.97,248.33,527.41,248.33
528.76,160.06,577.39,160.06,577.39,248.93,528.76,248.93
530.82,160.13,579.55,160.13,579.55,249.2,530.82,249.2
531.3,159.84,580.15,159.84,580.15,249.13,531.3,249.13
533.3,159.65,582.4,159.65,582.4,249.39,533.3,249.39
535.3,159.25,584.46,159.25,584.46,249.1,535.3,249.1
536.03,159.13,585.15,159.13,585.15,248.91,536.03,248.91
537.38,160.19,586.27,160.19,586.27,249.54,537.38,249.54
539.05,160.88,587.74,160.88,587.74,249.88,539.05,249.88
539.29,161.24,587.84,161.24,587.84,249.98,539.29,249.98
541.91,162.34,590.55,162.34,590.55,251.24,541.91,251.24
544.44,162.54,593.08,162.54,593.08,251.44,544.44,251.44
546.58,162.28,595.53,162.28,595.53,251.74,546.58,251.74
547.84,161.92,597,161.92,597,251.78,547.84,251.78
549.78,161.82,598.9,161.82,598.9,251.59,549.78,251.59
551.45,162.21,600.54,162.21,600.54,251.91,551.45,251.91
554.27,163.22,603.51,163.22,603.51,253.21,554.27,253.21
556.74,164.24,606.04,164.24,606.04,254.35,556.74,254.35
557.87,164.67,607.34,164.67,607.34,255.08,557.87,255.08
559.17,165.19,608.62,165.19,608.62,255.56,559.17,255.56
562.42,165.3,612.02,165.3,612.02,255.94,562.42,255.94
563.87,166.17,613.65,166.17,613.65,257.13,563.87,257.13
564.78,164.85,614.58,164.85,614.58,255.87,564.78,255.87
564.59,165.34,614.62,165.34,614.62,256.78,564.59,256.78
565.77,166.23,615.93,166.23,615.93,257.9,565.77,257.9
566.05,166.15,616.41,166.15,616.41,258.18,566.05,258.18
567.94,166.96,618.31,166.96,618.31,259.02,567.94,259.02
567.56,166.23,618.01,166.23,618.01,258.42,567.56,258.42
568.92,166.66,619.48,166.66,619.48,259.05,568.92,259.05
569.56,166.73,620.55,166.73,620.55,259.93,569.56,259.93
570.4,167.64,621.59,167.64,621.59,261.21,570.4,261.21
570.56,167.22,621.67,167.22,621.67,260.63,570.56,260.63
571.39,167.97,622.62,167.97,622.62,261.59,571.39,261.59
573.44,168.7,624.73,168.7,624.73,262.42,573.44,262.42
574.24,168.71,625.53,168.71,625.53,262.45,574.24,262.45
575.12,169.14,626.43,169.14,626.43,262.92,575.12,262.92
577.25,169.65,628.44,169.65,628.44,263.2,577.25,263.2
578.58,170.03,629.73,170.03,629.73,263.51,578.58,263.51
579.64,170.51,630.69,170.51,630.69,263.8,579.64,263.8
580.93,171.1,631.88,171.1,631.88,264.22,580.93,264.22
