302,73,338,73,338,143,302,143
301.56,73.634,337.57,73.634,337.57,143.64,301.56,143.64
301.64,74.079,337.61,74.079,337.61,144.02,301.64,144.02
301.59,74.037,337.57,74.037,337.57,144.01,301.59,144.01
301.61,74.102,337.7,74.102,337.7,144.27,301.61,144.27
301.71,74.686,337.65,74.686,337.65,144.56,301.71,144.56
301.67,74.987,337.86,74.987,337.86,145.36,301.67,145.36
301.86,75.141,337.76,75.141,337.76,144.94,301.86,144.94
301.95,75.364,337.9,75.364,337.9,145.27,301.95,145.27
302.41,75.934,338.13,75.934,338.13,145.41,302.41,145.41
302.7,76.269,338.27,76.269,338.27,145.42,302.7,145.42
303.03,76.288,338.5,76.288,338.5,145.25,303.03,145.25
303.38,76.551,338.49,76.551,338.49,144.82,303.38,144.82
303.94,76.921,338.96,76.921,338.96,145.02,303.94,145.02
304.06,76.629,339.5,76.629,339.5,145.53,304.06,145.53
304.15,76.555,339.78,76.555,339.78,145.85,304.15,145.85
304.85,76.878,340.26,76.878,340.26,145.72,304.85,145.72
305.38,77.183,341.1,77.183,341.1,146.64,305.38,146.64
305.71,76.835,341.6,76.835,341.6,146.61,305.71,146.61
306.08,76.852,342.02,76.852,342.02,146.74,306.08,146.74
306.4,76.935,342.53,76.935,342.53,147.2,306.4,147.2
306.5,76.995,342.72,76.995,342.72,147.42,306.5,147.42
306.81,77.065,342.92,77.065,342.92,147.28,306.81,147.28
306.92,76.87,343.1,76.87,343.1,147.23,306.92,147.23
307.16,77.018,343.3,77.018,343.3,147.28,307.16,147.28
307.03,77.03,343.23,77.03,343.23,147.42,307.03,147.42
306.98,76.863,343.42,76.863,343.42,147.71,306.98,147.71
306.86,76.622,343.6,76.622,343.6,148.08,306.86,148.08
306.61,76.642,343.13,76.642,343.13,147.66,306.61,147.66
307.13,77.15,343.54,77.15,343.54,147.95,307.13,147.95
307.3,77.551,343.68,77.551,343.68,148.29,307.3,148.29
307.51,77.901,343.73,77.901,343.73,148.33,307.51,148.33
307.41,78.037,343.49,78.037,343.49,148.19,307.41,148.19
307.71,78.586,343.6,78.586,343.6,148.36,307.71,148.36
307.79,79.178,343.55,79.178,343.55,148.7,307.79,148.7
307.67,79.071,343.4,79.071,343.4,148.54,307.67,148.54
307.75,79.179,343.44,79.179,343.44,148.56,307.75,148.56
307.79,79.699,343.39,79.699,343.39,148.91,307.79,148.91
307.97,80.128,343.52,80.128,343.52,149.27,307.97,149.27
308.02,80.419,343.64,80.419,343.64,149.68,308.02,149.68
308.18,80.682,343.88,80.682,343.88,150.1,308.18,150.1
308.6,81.71,344.13,81.71,344.13,150.8,308.6,150.8
308.82,81.208,344.13,81.208,344.13,149.87,308.82,149.87
309.03,81.633,344.35,81.633,344.35,150.3,309.03,150.3
293.61,82.626,329.09,82.626,329.09,151.62,293.61,151.62
272.56,81.953,308.26,81.953,308.26,151.38,272.56,151.38
252.28,81.901,288.18,81.901,288.18,151.72,252.28,151.72
233.53,83.13,269.83,83.13,269.83,153.69,233.53,153.69
210.91,83.45,247.23,83.45,247.23,154.07,210.91,154.07
195.74,83.638,232.39,83.638,232.39,154.91,195.74,154.91
195.93,84.521,232.55,84.521,232.55,155.73,195.93,155.73
195.59,85.117,232.34,85.117,232.34,156.58,195.59,156.58
195.22,85.225,231.94,85.225,231.94,156.62,195.22,156.62
195.53,85.685,232.28,85.685,232.28,157.15,195.53,157.15
195.14,85.955,231.79,85.955,231.79,157.21,195.14,157.21
195.39,86.439,232.11,86.439,232.11,157.84,195.39,157.84
195.46,86.451,232.33,86.451,232.33,158.15,195.46,158.15
195.56,86.52,232.53,86.52,232.53,158.39,195.56,158.39
195.27,86.596,232.33,86.596,232.33,158.66,195.27,158.66
195.08,87.033,232.17,87.033,232.17,159.16,195.08,159.16
173.86,87.731,210.76,87.731,210.76,159.5,173.86,159.5
155.18,88.057,192.13,88.057,192.13,159.89,155.18,159.89
156.34,89.025,193.26,89.025,193.26,160.82,156.34,160.82
156.6,89.113,193.62,89.113,193.62,161.1,156.6,161.1
156.3,89.141,193.47,89.141,193.47,161.42,156.3,161.42
146.45,90.278,183.73,90.278,183.73,162.77,146.45,162.77
124.42,90.392,161.94,90.392,161.94,163.35,124.42,163.35
109.96,90.54,147.72,90.54,147.72,163.96,109.96,163.96
111.21,90.427,148.97,90.427,148.97,163.85,111.21,163.85
111.38,90.339,149.16,90.339,149.16,163.8,111.38,163.8
111.1,90.532,149.05,90.532,149.05,164.31,111.1,164.31
111.11,90.871,149.08,90.871,149.08,164.7,111.11,164.7
111.2,91.253,149.29,91.253,149.29,165.32,111.2,165.32
110.57,90.842,148.86,90.842,148.86,165.3,110.57,165.3
110.45,91.452,148.92,91.452,148.92,166.25,110.45,166.25
109.52,91.57,148.16,91.57,148.16,166.7,109.52,166.7
109.54,92.177,148.3,92.177,148.3,167.55,109.54,167.55
108.76,92.311,147.8,92.311,147.8,168.23,108.76,168.23
108.8,92.403,148.05,92.403,148.05,168.71,108.8,168.71
108.98,92.788,148.33,92.788,148.33,169.31,108.98,169.31
108.91,92.928,148.61,92.928,148.61,170.13,108.91,170.13
109.22,93.185,148.89,93.185,148.89,170.31,109.22,170.31
109.37,93.23,149.03,93.23,149.03,170.35,109.37,170.35
109.52,93.52,149.15,93.52,149.15,170.58,109.52,170.58
109.57,93.887,149.29,93.887,149.29,171.11,109.57,171.11
109.79,94.309,149.46,94.309,149.46,171.44,109.79,171.44
110.05,94.287,149.73,94.287,149.73,171.45,110.05,171.45
110.16,94.544,149.92,94.544,149.92,171.86,110.16,171.86
109.85,94.414,149.67,94.414,149.67,171.84,109.85,171.84
110.12,94.615,149.91,94.615,149.91,171.99,110.12,171.99
84.381,95.112,124.24,95.112,124.24,172.61,84.381,172.61
63.246,96.363,103.36,96.363,103.36,174.37,63.246,174.37
49.041,96.802,89.138,96.802,89.138,174.77,49.041,174.77
49.52,97.552,89.568,97.552,89.568,175.42,49.52,175.42
49.539,97.772,89.724,97.772,89.724,175.91,49.539,175.91
49.327,97.889,89.703,97.889,89.703,176.4,49.327,176.4
49.805,98.074,90.401,98.074,90.401,177.01,49.805,177.01
50.123,98.607,90.775,98.607,90.775,177.65,50.123,177.65
50.218,98.706,90.915,98.706,90.915,177.84,50.218,177.84
50.404,99.442,91.043,99.442,91.043,178.46,50.404,178.46
50.383,99.485,91.019,99.485,91.019,178.5,50.383,178.5
50.483,99.634,91.359,99.634,91.359,179.11,50.483,179.11
50.093,99.239,91.028,99.239,91.028,178.84,50.093,178.84
51.171,100.19,92.078,100.19,92.078,179.73,51.171,179.73
51.125,100.18,92.183,100.18,92.183,180.02,51.125,180.02
51.637,100.12,92.934,100.12,92.934,180.42,51.637,180.42
52.228,100.94,93.377,100.94,93.377,180.95,52.228,180.95
52.232,100.95,93.07,100.95,93.07,180.36,52.232,180.36
52.555,101.3,93.399,101.3,93.399,180.72,52.555,180.72
52.779,101.1,93.62,101.1,93.62,180.51,52.779,180.51
53.319,101.61,94.115,101.61,94.115,180.93,53.319,180.93
53.851,101.69,94.679,101.69,94.679,181.08,53.851,181.08
54.032,102.05,94.918,102.05,94.918,181.55,54.032,181.55
54.375,102.17,95.233,102.17,95.233,181.62,54.375,181.62
54.538,102.41,95.447,102.41,95.447,181.96,54.538,181.96
55.047,102.85,95.997,102.85,95.997,182.47,55.047,182.47
55.461,103.15,96.583,103.15,96.583,183.11,55.461,183.11
54.9,102.71,96.019,102.71,96.019,182.66,54.9,182.66
55.052,103.06,96.227,103.06,96.227,183.13,55.052,183.13
55.047,103.86,96.05,103.86,96.05,183.59,55.047,183.59
55.595,104.41,96.518,104.41,96.518,183.98,55.595,183.98
55.408,104.92,96.118,104.92,96.118,184.08,55.408,184.08
55.995,105.83,96.57,105.83,96.57,184.73,55.995,184.73
56.014,106.18,96.526,106.18,96.526,184.96,56.014,184.96
56.215,106.17,96.695,106.17,96.695,184.88,56.215,184.88
56.482,106.34,96.943,106.34,96.943,185.01,56.482,185.01
56.955,106.24,97.611,106.24,97.611,185.29,56.955,185.29
57.512,106.49,98.335,106.49,98.335,185.87,57.512,185.87
57.565,106.06,98.389,106.06,98.389,185.44,57.565,185.44
57.755,106.1,98.856,106.1,98.856,186.01,57.755,186.01
58.004,106.41,99.29,106.41,99.29,186.69,58.004,186.69
58.73,106.99,100.3,106.99,100.3,187.81,58.73,187.81
58.528,106.6,100.28,106.6,100.28,187.77,58.528,187.77
58.586,106.89,100.36,106.89,100.36,188.11,58.586,188.11
58.96,107.62,100.64,107.62,100.64,188.66,58.96,188.66
59.371,108.07,101.29,108.07,101.29,189.59,59.371,189.59
59.316,107.96,101.39,107.96,101.39,189.77,59.316,189.77
59.487,108.68,101.6,108.68,101.6,190.56,59.487,190.56
59.677,108.91,101.81,108.91,101.81,190.84,59.677,190.84
59.624,108.99,101.89,108.99,101.89,191.17,59.624,191.17
59.868,109.38,102,109.38,102,191.3,59.868,191.3
59.582,109.68,101.67,109.68,101.67,191.52,59.582,191.52
59.913,110.12,102.03,110.12,102.03,192.02,59.913,192.02
59.786,110.07,102.05,110.07,102.05,192.26,59.786,192.26
60.016,110.63,102.3,110.63,102.3,192.85,60.016,192.85
60.107,111.07,102.46,111.07,102.46,193.42,60.107,193.42
60.375,111.6,102.7,111.6,102.7,193.89,60.375,193.89
60.333,108.99,102.75,108.99,102.75,191.47,60.333,191.47
59.732,93.9,102.33,93.9,102.33,176.74,59.732,176.74
59.701,88.2,102.26,88.2,102.26,170.95,59.701,170.95
59.626,88.637,102.43,88.637,102.43,171.86,59.626,171.86
59.654,88.879,102.34,88.879,102.34,171.88,59.654,171.88
59.993,89.266,102.93,89.266,102.93,172.75,59.993,172.75
59.448,89.511,102.48,89.511,102.48,173.19,59.448,173.19
59.882,90.008,102.95,90.008,102.95,173.75,59.882,173.75
59.157,90.112,102.38,90.112,102.38,174.16,59.157,174.16
59.135,90.278,102.46,90.278,102.46,174.52,59.135,174.52
58.944,90.572,102.36,90.572,102.36,175,58.944,175
58.74,90.387,102.31,90.387,102.31,175.11,58.74,175.11
58.773,90.836,102.57,90.836,102.57,176,58.773,176
58.3,88.312,101.84,88.312,101.84,172.98,58.3,172.98
58.069,75.987,101.55,75.987,101.55,160.53,58.069,160.53
58.074,67.24,101.58,67.24,101.58,151.84,58.074,151.84
57.902,67.242,101.49,67.242,101.49,151.99,57.902,151.99
58.091,67.666,101.83,67.666,101.83,152.71,58.091,152.71
58.157,67.435,102.1,67.435,102.1,152.88,58.157,152.88
58.213,67.861,102.17,67.861,102.17,153.34,58.213,153.34
58.557,68.186,102.72,68.186,102.72,154.06,58.557,154.06
58.74,68.077,103.06,68.077,103.06,154.26,58.74,154.26
58.896,68.51,103.25,68.51,103.25,154.75,58.896,154.75
59.211,68.798,103.87,68.798,103.87,155.63,59.211,155.63
59.309,60.439,103.92,60.439,103.92,147.18,59.309,147.18
59.16,47.435,103.77,47.435,103.77,134.18,59.16,134.18
59.021,40.114,103.76,40.114,103.76,127.1,59.021,127.1
58.952,40.155,103.77,40.155,103.77,127.31,58.952,127.31
59.215,40.579,104.22,40.579,104.22,128.09,59.215,128.09
59.392,41.324,104.53,41.324,104.53,129.1,59.392,129.1
59.307,42.206,104.48,42.206,104.48,130.04,59.307,130.04
59.534,42.723,104.62,42.723,104.62,130.39,59.534,130.39
59.358,42.917,104.34,42.917,104.34,130.39,59.358,130.39
59.932,43.466,104.94,43.466,104.94,130.98,59.932,130.98
59.903,43.541,104.88,43.541,104.88,131,59.903,131
59.904,31.78,105,31.78,105,119.46,59.904,119.46
59.603,21.235,104.59,21.235,104.59,108.71,59.603,108.71
59.971,20.656,105.13,20.656,105.13,108.47,59.971,108.47
60.102,20.848,105.29,20.848,105.29,108.71,60.102,108.71
60.148,21.096,105.57,21.096,105.57,109.42,60.148,109.42
60.043,21.368,105.63,21.368,105.63,110.01,60.043,110.01
60.393,22.253,106.05,22.253,106.05,111.03,60.393,111.03
60.185,22.608,105.88,22.608,105.88,111.46,60.185,111.46
59.795,23.512,105.73,23.512,105.73,112.83,59.795,112.83
59.704,24.465,105.96,24.465,105.96,114.4,59.704,114.4
59.652,24.929,105.9,24.929,105.9,114.85,59.652,114.85
59.56,25.01,106.05,25.01,106.05,115.41,59.56,115.41
59.228,25.053,105.93,25.053,105.93,115.86,59.228,115.86
58.858,25.174,105.69,25.174,105.69,116.23,58.858,116.23
59.276,26.097,106.27,26.097,106.27,117.47,59.276,117.47
59.172,26.342,106.35,26.342,106.35,118.08,59.172,118.08
59.236,26.475,106.53,26.475,106.53,118.44,59.236,118.44
59.547,26.737,106.98,26.737,106.98,118.96,59.547,118.96
59.241,27.086,106.76,27.086,106.76,119.49,59.241,119.49
59.892,27.66,107.29,27.66,107.29,119.82,59.892,119.82
60.239,29.025,107.79,29.025,107.79,121.49,60.239,121.49
60.774,29.111,108.42,29.111,108.42,121.76,60.774,121.76
60.882,30.227,108.63,30.227,108.63,123.07,60.882,123.07
60.59,30.139,108.4,30.139,108.4,123.1,60.59,123.1
60.975,30.657,108.76,30.657,108.76,123.58,60.975,123.58
61.316,31.765,109.01,31.765,109.01,124.51,61.316,124.51
61.542,32.242,109.08,32.242,109.08,124.68,61.542,124.68
62.174,33.017,109.74,33.017,109.74,125.5,62.174,125.5
62.407,33.452,110.01,33.452,110.01,126.01,62.407,126.01
62.639,34.575,110.28,34.575,110.28,127.21,62.639,127.21
62.736,34.439,110.41,34.439,110.41,127.14,62.736,127.14
62.719,34.904,110.59,34.904,110.59,127.99,62.719,127.99
63.036,35.388,110.91,35.388,110.91,128.48,63.036,128.48
63.08,36.344,111.15,36.344,111.15,129.81,63.08,129.81
62.936,36.032,110.97,36.032,110.97,129.43,62.936,129.43
63.114,36.219,111.32,36.219,111.32,129.96,63.114,129.96
63.85,37.482,112.1,37.482,112.1,131.3,63.85,131.3
64.269,38.183,112.69,38.183,112.69,132.34,64.269,132.34
64.238,37.932,112.61,37.932,112.61,132,64.238,132
64.786,38.787,113.21,38.787,113.21,132.94,64.786,132.94
65.275,39.688,113.76,39.688,113.76,133.96,65.275,133.96
65.503,39.633,114.06,39.633,114.06,134.05,65.503,134.05
66.334,40.208,115,40.208,115,134.84,66.334,134.84
66.596,40.545,115.54,40.545,115.54,135.72,66.596,135.72
67.268,41.414,116.33,41.414,116.33,136.82,67.268,136.82
67.244,41.207,116.37,41.207,116.37,136.73,67.244,136.73
67.473,41.505,116.73,41.505,116.73,137.28,67.473,137.28
68.17,42.855,117.49,42.855,117.49,138.76,68.17,138.76
68.648,43.405,118.09,43.405,118.09,139.55,68.648,139.55
68.397,43.279,118.02,43.279,118.02,139.76,68.397,139.76
68.583,43.777,118.43,43.777,118.43,140.7,68.583,140.7
68.647,43.817,118.6,43.817,118.6,140.95,68.647,140.95
69.678,45.027,119.69,45.027,119.69,142.26,69.678,142.26
70.359,45.927,120.29,45.927,120.29,143.02,70.359,143.02
70.689,46.337,120.56,46.337,120.56,143.32,70.689,143.32
70.859,46.671,120.96,46.671,120.96,144.09,70.859,144.09
71.402,47.537,121.49,47.537,121.49,144.94,71.402,144.94
72.521,48.017,122.45,48.017,122.45,145.11,72.521,145.11
73.322,48.661,123.5,48.661,123.5,146.23,73.322,146.23
73.335,48.639,123.64,48.639,123.64,146.45,73.335,146.45
74.575,49.748,125.03,49.748,125.03,147.85,74.575,147.85
74.743,49.787,125.27,49.787,125.27,148.04,74.743,148.04
75.447,50.34,126.22,50.34,126.22,149.07,75.447,149.07
75.991,50.765,126.86,50.765,126.86,149.68,75.991,149.68
77.433,52.375,128.54,52.375,128.54,151.75,77.433,151.75
77.529,52.156,128.72,52.156,128.72,151.7,77.529,151.7
78.468,53.573,129.79,53.573,129.79,153.37,78.468,153.37
79.509,54.202,130.89,54.202,130.89,154.1,79.509,154.1
79.884,54.509,131.3,54.509,131.3,154.49,79.884,154.49
80.349,54.875,131.78,54.875,131.78,154.88,80.349,154.88
80.825,55.895,132.19,55.895,132.19,155.78,80.825,155.78
81.345,55.942,132.89,55.942,132.89,156.17,81.345,156.17
82.054,56.454,133.71,56.454,133.71,156.9,82.054,156.9
82.418,57.048,134.2,57.048,134.2,157.73,82.418,157.73
82.676,57.439,134.62,57.439,134.62,158.45,82.676,158.45
83.097,57.752,135.32,57.752,135.32,159.3,83.097,159.3
83.34,58.255,135.72,58.255,135.72,160.1,83.34,160.1
84.074,58.6,136.47,58.6,136.47,160.48,84.074,160.48
84.147,59.235,136.64,59.235,136.64,161.3,84.147,161.3
84.646,59.81,137.15,59.81,137.15,161.9,84.646,161.9
85.32,60.19,137.97,60.19,137.97,162.57,85.32,162.57
86.197,61.189,138.94,61.189,138.94,163.75,86.197,163.75
86.412,61.511,139.47,61.511,139.47,164.67,86.412,164.67
86.754,61.922,139.94,61.922,139.94,165.34,86.754,165.34
87.532,63.031,140.75,63.031,140.75,166.52,87.532,166.52
88.024,63.113,141.39,63.113,141.39,166.88,88.024,166.88
88.152,63.376,141.6,63.376,141.6,167.31,88.152,167.31
88.902,64.459,142.33,64.459,142.33,168.35,88.902,168.35
89.258,64.918,142.81,64.918,142.81,169.05,89.258,169.05
90.135,65.694,143.49,65.694,143.49,169.45,90.135,169.45
90.496,65.99,143.91,65.99,143.91,169.85,90.496,169.85
91.21,67.074,144.73,67.074,144.73,171.15,91.21,171.15
92.231,67.978,145.74,67.978,145.74,172.01,92.231,172.01
92.883,68.706,146.43,68.706,146.43,172.83,92.883,172.83
93.425,69.031,147.01,69.031,147.01,173.21,93.425,173.21
94.337,69.902,147.88,69.902,147.88,174.02,94.337,174.02
95.4,70.89,148.98,70.89,148.98,175.07,95.4,175.07
95.709,70.984,149.44,70.984,149.44,175.46,95.709,175.46
96.058,71.253,149.81,71.253,149.81,175.77,96.058,175.77
96.854,72.214,150.67,72.214,150.67,176.86,96.854,176.86
97.737,73.045,151.65,73.045,151.65,177.88,97.737,177.88
98.432,73.593,152.45,73.593,152.45,178.63,98.432,178.63
98.62,74.025,152.71,74.025,152.71,179.2,98.62,179.2
99.226,74.943,153.6,74.943,153.6,180.67,99.226,180.67
99.401,75.091,153.99,75.091,153.99,181.24,99.401,181.24
100.21,75.667,155,75.667,155,182.2,100.21,182.2
100.28,76.243,155.35,76.243,155.35,183.32,100.28,183.32
100.59,76.902,155.81,76.902,155.81,184.27,100.59,184.27
101.84,78.078,157.35,78.078,157.35,186.03,101.84,186.03
102.18,78.565,157.89,78.565,157.89,186.89,102.18,186.89
102.33,78.801,158.23,78.801,158.23,187.49,102.33,187.49
102.89,79.699,158.95,79.699,158.95,188.69,102.89,188.69
102.79,79.897,159.03,79.897,159.03,189.24,102.79,189.24
103.32,81.297,159.77,81.297,159.77,191.05,103.32,191.05
103.22,81.224,159.71,81.224,159.71,191.07,103.22,191.07
103.32,82.058,160.04,82.058,160.04,192.36,103.32,192.36
103.3,82.237,160.04,82.237,160.04,192.57,103.3,192.57
103.02,83.284,159.77,83.284,159.77,193.63,103.02,193.63
103.03,84.159,159.82,84.159,159.82,194.57,103.03,194.57
103.08,84.523,159.83,84.523,159.83,194.87,103.08,194.87
102.94,85.049,159.7,85.049,159.7,195.41,102.94,195.41
102.83,85.559,159.72,85.559,159.72,196.17,102.83,196.17
103.37,80.708,160.25,80.708,160.25,191.32,103.37,191.32
102.02,64.228,159.41,64.228,159.41,175.82,102.02,175.82
101.69,59.155,159.08,59.155,159.08,170.73,101.69,170.73
101.32,59.824,158.85,59.824,158.85,171.69,101.32,171.69
101.48,60.64,159.29,60.64,159.29,173.04,101.48,173.04
101.01,60.355,159.28,60.355,159.28,173.65,101.01,173.65
101.26,61.164,159.86,61.164,159.86,175.11,101.26,175.11
101.32,61.688,160,61.688,160,175.79,101.32,175.79
101.14,62.297,160.01,62.297,160.01,176.77,101.14,176.77
101.24,62.716,160.26,62.716,160.26,177.48,101.24,177.48
101.71,63.388,160.53,63.388,160.53,177.75,101.71,177.75
101.93,64.206,160.9,64.206,160.9,178.87,101.93,178.87
102.81,65.552,161.54,65.552,161.54,179.75,102.81,179.75
103.47,65.664,162.25,65.664,162.25,179.97,103.47,179.97
103.59,65.588,162.68,65.588,162.68,180.5,103.59,180.5
104.47,66.534,163.62,66.534,163.62,181.55,104.47,181.55
104.99,67.054,164.33,67.054,164.33,182.45,104.99,182.45
105.19,67.591,164.79,67.591,164.79,183.46,105.19,183.46
105.68,67.868,165.38,67.868,165.38,183.95,105.68,183.95
106.4,68.968,166.17,68.968,166.17,185.19,106.4,185.19
106.9,69.136,166.85,69.136,166.85,185.69,106.9,185.69
107.79,69.78,167.9,69.78,167.9,186.67,107.79,186.67
108.32,71.033,168.53,71.033,168.53,188.09,108.32,188.09
108.71,71.688,169.11,71.688,169.11,189.14,108.71,189.14
109.08,72.765,169.56,72.765,169.56,190.37,109.08,190.37
109.64,73.665,170.38,73.665,170.38,191.77,109.64,191.77
109.41,74.212,170.33,74.212,170.33,192.67,109.41,192.67
109.78,74.164,170.87,74.164,170.87,192.94,109.78,192.94
109.78,75.005,170.99,75.005,170.99,194.03,109.78,194.03
110.3,76.38,171.4,76.38,171.4,195.19,110.3,195.19
110.57,77.095,171.89,77.095,171.89,196.32,110.57,196.32
110.7,77.483,172.18,77.483,172.18,197.03,110.7,197.03
111.31,77.887,173.31,77.887,173.31,198.45,111.31,198.45
111.44,78.533,173.44,78.533,173.44,199.09,111.44,199.09
111.69,79.147,173.81,79.147,173.81,199.93,111.69,199.93
112.06,80.015,174.34,80.015,174.34,201.12,112.06,201.12
112.71,80.725,175.25,80.725,175.25,202.34,112.71,202.34
113.45,81.937,176.23,81.937,176.23,204,113.45,204
113.31,82.82,176.14,82.82,176.14,204.99,113.31,204.99
113.87,83.681,176.84,83.681,176.84,206.12,113.87,206.12
113.54,84.247,176.65,84.247,176.65,206.96,113.54,206.96
113.84,85.754,177.1,85.754,177.1,208.77,113.84,208.77
113.93,86.716,177.33,86.716,177.33,209.99,113.93,209.99
113.58,86.871,177.07,86.871,177.07,210.34,113.58,210.34
114.08,88.113,177.66,88.113,177.66,211.74,114.08,211.74
114.25,89.036,177.95,89.036,177.95,212.91,114.25,212.91
113.68,89.295,177.39,89.295,177.39,213.17,113.68,213.17
113.85,90.155,177.55,90.155,177.55,214,113.85,214
113.75,91.183,177.45,91.183,177.45,215.04,113.75,215.04
113.79,92.512,177.44,92.512,177.44,216.28,113.79,216.28
113.65,93.503,177.08,93.503,177.08,216.84,113.65,216.84
113.7,94.482,177.14,94.482,177.14,217.83,113.7,217.83
113.64,96.259,177.32,96.259,177.32,220.08,113.64,220.08
113.43,97.151,177.2,97.151,177.2,221.14,113.43,221.14
113.5,98,177.38,98,177.38,222.21,113.5,222.21
113.7,99.407,177.68,99.407,177.68,223.82,113.7,223.82
113.44,99.981,177.59,99.981,177.59,224.71,113.44,224.71
114.01,101.27,178.24,101.27,178.24,226.16,114.01,226.16
114.12,102.27,178.41,102.27,178.41,227.29,114.12,227.29
113.78,102.78,178.35,102.78,178.35,228.32,113.78,228.32
114.04,104.2,178.78,104.2,178.78,230.07,114.04,230.07
113.7,104.27,178.61,104.27,178.61,230.48,113.7,230.48
114.12,105.57,179.25,105.57,179.25,232.22,114.12,232.22
114.05,105.66,179.36,105.66,179.36,232.66,114.05,232.66
114.05,106.46,179.62,106.46,179.62,233.96,114.05,233.96
114.58,107.57,180.32,107.57,180.32,235.4,114.58,235.4
114.25,108.58,180.01,108.58,180.01,236.46,114.25,236.46
114.05,109.39,180.53,109.39,180.53,238.65,114.05,238.65
114.22,110.89,181.23,110.89,181.23,241.19,114.22,241.19
115,112.27,182.02,112.27,182.02,242.6,115,242.6
115.61,113.02,182.7,113.02,182.7,243.47,115.61,243.47
115.89,114.81,183.01,114.81,183.01,245.31,115.89,245.31
116.91,116.65,183.91,116.65,183.91,246.95,116.91,246.95
117.34,117.71,184.35,117.71,184.35,248.01,117.34,248.01
117.92,119.46,185.13,119.46,185.13,250.16,117.92,250.16
118.95,120.09,186.03,120.09,186.03,250.53,118.95,250.53
118.8,121.56,186.19,121.56,186.19,252.58,118.8,252.58
119,122.57,186.66,122.57,186.66,254.13,119,254.13
120.32,125.58,187.88,125.58,187.88,256.95,120.32,256.95
120.78,127.37,188.62,127.37,188.62,259.28,120.78,259.28
120.89,127.74,189.07,127.74,189.07,260.3,120.89,260.3
121.21,128.73,189.6,128.73,189.6,261.7,121.21,261.7
120.99,129.41,189.29,129.41,189.29,262.21,120.99,262.21
121.28,130.06,189.56,130.06,189.56,262.82,121.28,262.82
121.37,131.01,189.72,131.01,189.72,263.91,121.37,263.91
121.99,132.13,190.54,132.13,190.54,265.43,121.99,265.43
122.42,132.42,191.28,132.42,191.28,266.31,122.42,266.31
122.92,133.44,192.24,133.44,192.24,268.23,122.92,268.23
123.56,134.91,192.97,134.91,192.97,269.89,123.56,269.89
124.21,136.57,193.85,136.57,193.85,271.96,124.21,271.96
124.84,137.72,194.76,137.72,194.76,273.67,124.84,273.67
126.48,139.47,196.66,139.47,196.66,275.93,126.48,275.93
128.51,141.26,198.79,141.26,198.79,277.9,128.51,277.9
129.54,142.37,200.21,142.37,200.21,279.8,129.54,279.8
131.15,144.08,201.79,144.08,201.79,281.43,131.15,281.43
132.03,145.4,202.57,145.4,202.57,282.56,132.03,282.56
133.45,146.64,204.12,146.64,204.12,284.07,133.45,284.07
134.45,147.31,205.07,147.31,205.07,284.62,134.45,284.62
136.12,149.39,206.65,149.39,206.65,286.55,136.12,286.55
137.81,151.16,208.42,151.16,208.42,288.47,137.81,288.47
138.74,152.25,209.27,152.25,209.27,289.4,138.74,289.4
139.95,154.48,210.61,154.48,210.61,291.88,139.95,291.88
140.93,156.44,211.78,156.44,211.78,294.22,140.93,294.22
143.73,160.86,215.36,160.86,215.36,300.13,143.73,300.13
143.33,160.89,215.63,160.89,215.63,301.46,143.33,301.46
143.99,162.41,216.55,162.41,216.55,303.5,143.99,303.5
145.37,165.03,218.33,165.03,218.33,306.89,145.37,306.89
146.34,166.31,219.65,166.31,219.65,308.86,146.34,308.86
147,167.11,220.45,167.11,220.45,309.94,147,309.94
147.86,168.54,221.57,168.54,221.57,311.87,147.86,311.87
148.11,169.67,222.06,169.67,222.06,313.47,148.11,313.47
148.92,170.37,223.12,170.37,223.12,314.65,148.92,314.65
149.72,171.09,224.19,171.09,224.19,315.88,149.72,315.88
149.99,171.43,224.61,171.43,224.61,316.52,149.99,316.52
150.24,172.87,225.21,172.87,225.21,318.65,150.24,318.65
150.49,173.99,225.69,173.99,225.69,320.21,150.49,320.21
151.04,175.29,226.44,175.29,226.44,321.9,151.04,321.9
150.88,175.59,226.38,175.59,226.38,322.39,150.88,322.39
150.98,176.81,226.74,176.81,226.74,324.12,150.98,324.12
150.99,177.24,226.95,177.24,226.95,324.93,150.99,324.93
151.95,179.12,228.06,179.12,228.06,327.11,151.95,327.11
152.23,179.2,228.5,179.2,228.5,327.49,152.23,327.49
151.81,175.15,227.81,175.15,227.81,322.92,151.81,322.92
152.61,168.9,228.58,168.9,228.58,316.62,152.61,316.62
152.82,161.45,229.05,161.45,229.05,309.67,152.82,309.67
152.29,152.38,228.6,152.38,228.6,300.76,152.29,300.76
153,145.48,228.98,145.48,228.98,293.22,153,293.22
153.74,141.28,229.89,141.28,229.89,289.36,153.74,289.36
152.47,133.33,228.79,133.33,228.79,281.72,152.47,281.72
152.65,125.02,229.07,125.02,229.07,273.62,152.65,273.62
152.95,118.38,229.49,118.38,229.49,267.21,152.95,267.21
152.86,118.32,230.04,118.32,230.04,268.4,152.86,268.4
152.52,119.65,230.17,119.65,230.17,270.63,152.52,270.63
151.59,119.35,229.8,119.35,229.8,271.41,151.59,271.41
151.96,120.19,230.19,120.19,230.19,272.31,151.96,272.31
151.88,120.85,230.43,120.85,230.43,273.58,151.88,273.58
152.95,122.63,231.65,122.63,231.65,275.67,152.95,275.67
153.34,123.67,232.36,123.67,232.36,277.33,153.34,277.33
153.45,125.17,232.43,125.17,232.43,278.74,153.45,278.74
153.64,126.65,232.86,126.65,232.86,280.7,153.64,280.7
155.03,128.74,234.64,128.74,234.64,283.56,155.03,283.56
154.96,128.59,234.98,128.59,234.98,284.18,154.96,284.18
156.04,130.59,236.16,130.59,236.16,286.37,156.04,286.37
157.02,123.8,236.91,123.8,236.91,279.13,157.02,279.13
157.76,117.66,237.78,117.66,237.78,273.25,157.76,273.25
158.57,111.33,238.62,111.33,238.62,266.97,158.57,266.97
159.14,104.58,239.25,104.58,239.25,260.36,159.14,260.36
159.51,96.846,239.44,96.846,239.44,252.27,159.51,252.27
159.66,90.578,239.83,90.578,239.83,246.47,159.66,246.47
159.53,83.902,239.94,83.902,239.94,240.24,159.53,240.24
160.18,75.907,240.67,75.907,240.67,232.41,160.18,232.41
161.48,74.556,242.19,74.556,242.19,231.5,161.48,231.5
161.96,75.528,242.48,75.528,242.48,232.1,161.96,232.1
163.07,77.019,243.63,77.019,243.63,233.67,163.07,233.67
163.74,77.936,244.56,77.936,244.56,235.07,163.74,235.07
164.02,79.105,245.23,79.105,245.23,237.03,164.02,237.03
165.92,82.06,247.12,82.06,247.12,239.95,165.92,239.95
167.29,83.496,248.53,83.496,248.53,241.46,167.29,241.46
168.16,85.088,249.66,85.088,249.66,243.56,168.16,243.56
168.4,84.458,250.33,84.458,250.33,243.76,168.4,243.76
169.66,86.855,251.81,86.855,251.81,246.59,169.66,246.59
170.37,87.937,252.71,87.937,252.71,248.05,170.37,248.05
170.9,88.301,253.53,88.301,253.53,248.98,170.9,248.98
172.63,90.359,255.79,90.359,255.79,252.05,172.63,252.05
173.14,91.439,256.36,91.439,256.36,253.24,173.14,253.24
174.65,92.811,258.16,92.811,258.16,255.19,174.65,255.19
175.38,93.854,259.2,93.854,259.2,256.82,175.38,256.82
176.98,95.755,261.03,95.755,261.03,259.18,176.98,259.18
179.17,98.656,263.32,98.656,263.32,262.29,179.17,262.29
179.81,100.17,263.97,100.17,263.97,263.82,179.81,263.82
181.19,102.19,265.44,102.19,265.44,266.03,181.19,266.03
182.16,103.7,266.56,103.7,266.56,267.8,182.16,267.8
183.05,105.17,267.74,105.17,267.74,269.86,183.05,269.86
184.7,107.6,269.59,107.6,269.59,272.66,184.7,272.66
185.46,108.01,270.76,108.01,270.76,273.87,185.46,273.87
186.28,109.74,271.59,109.74,271.59,275.61,186.28,275.61
186.83,110.86,272.39,110.86,272.39,277.23,186.83,277.23
187.53,112.2,273.42,112.2,273.42,279.2,187.53,279.2
187.74,113.8,273.75,113.8,273.75,281.04,187.74,281.04
188.68,115.12,274.84,115.12,274.84,282.65,188.68,282.65
189.63,115.78,276.02,115.78,276.02,283.75,189.63,283.75
189.49,116.3,275.94,116.3,275.94,284.41,189.49,284.41
190.57,118.18,277.28,118.18,277.28,286.78,190.57,286.78
191.45,119.28,278.08,119.28,278.08,287.73,191.45,287.73
192.08,121.07,278.88,121.07,278.88,289.84,192.08,289.84
192.58,122.61,279.47,122.61,279.47,291.55,192.58,291.55
193.4,124.14,279.96,124.14,279.96,292.46,193.4,292.46
193.87,125.4,280.62,125.4,280.62,294.08,193.87,294.08
194.59,127.04,281.65,127.04,281.65,296.33,194.59,296.33
194.01,127.77,281.81,127.77,281.81,298.49,194.01,298.49
194.61,130.34,282.6,130.34,282.6,301.43,194.61,301.43
195.34,131.94,283.71,131.94,283.71,303.77,195.34,303.77
195.92,133.21,284.14,133.21,284.14,304.75,195.92,304.75
196.03,134.03,284.53,134.03,284.53,306.12,196.03,306.12
196.83,135.84,285.51,135.84,285.51,308.27,196.83,308.27
197.51,137.99,286.5,137.99,286.5,311.02,197.51,311.02
198.08,139.81,287.85,139.81,287.85,314.36,198.08,314.36
199.83,139.24,289.48,139.24,289.48,313.56,199.83,313.56
200.41,132.77,290.08,132.77,290.08,307.13,200.41,307.13
199.92,125.18,290.11,125.18,290.11,300.54,199.92,300.54
200.95,117.16,291.76,117.16,291.76,293.75,200.95,293.75
201.29,107.36,292.78,107.36,292.78,285.26,201.29,285.26
201.71,107.92,293.76,107.92,293.76,286.91,201.71,286.91
203.22,109.65,295.62,109.65,295.62,289.32,203.22,289.32
203.57,111.1,296.45,111.1,296.45,291.69,203.57,291.69
204.12,112.58,297.33,112.58,297.33,293.82,204.12,293.82
205.21,115.26,298.84,115.26,298.84,297.33,205.21,297.33
206.04,117.64,299.95,117.64,299.95,300.26,206.04,300.26
207.3,120.49,301.27,120.49,301.27,303.2,207.3,303.2
207.98,120.97,302.04,120.97,302.04,303.86,207.98,303.86
208.42,122,302.69,122,302.69,305.3,208.42,305.3
208.49,124.23,302.88,124.23,302.88,307.78,208.49,307.78
209.57,127.22,304.21,127.22,304.21,311.24,209.57,311.24
210.68,129.99,305.52,129.99,305.52,314.4,210.68,314.4
210.39,130.97,305.57,130.97,305.57,316.05,210.39,316.05
212.01,133.49,307.3,133.49,307.3,318.77,212.01,318.77
213.06,135.31,308.35,135.31,308.35,320.6,213.06,320.6
213.65,132.87,309.33,132.87,309.33,318.92,213.65,318.92
212.77,124.09,308.82,124.09,308.82,310.84,212.77,310.84
214.07,120.12,310.83,120.12,310.83,308.25,214.07,308.25
213.63,115.05,310.79,115.05,310.79,303.97,213.63,303.97
214.7,107.94,312.25,107.94,312.25,297.62,214.7,297.62
214.5,99.043,312.3,99.043,312.3,289.21,214.5,289.21
215.91,92.817,314.02,92.817,314.02,283.57,215.91,283.57
216.43,83.479,314.91,83.479,314.91,274.98,216.43,274.98
218.41,78.458,316.63,78.458,316.63,269.45,218.41,269.45
217.86,69.744,316.72,69.744,316.72,261.97,217.86,261.97
217.73,64.679,317.09,64.679,317.09,257.87,217.73,257.87
219.39,60.952,319,60.952,319,254.65,219.39,254.65
218.45,53.598,318.27,53.598,318.27,247.68,218.45,247.68
220.02,49.374,319.86,49.374,319.86,243.5,220.02,243.5
220.14,43.108,320.23,43.108,320.23,237.71,220.14,237.71
220.56,37.236,320.49,37.236,320.49,231.53,220.56,231.53
220.85,30.483,321.53,30.483,321.53,226.25,220.85,226.25
221.73,24.809,322.79,24.809,322.79,221.31,221.73,221.31
222.14,17.725,323.19,17.725,323.19,214.22,222.14,214.22
222.75,12.268,324.18,12.268,324.18,209.49,222.75,209.49
222.7,5.0524,324.57,5.0524,324.57,203.13,222.7,203.13
224.07,-3.2252,326.14,-3.2252,326.14,195.24,224.07,195.24
224.96,-2.0996,327.49,-2.0996,327.49,197.25,224.96,197.25
226.18,1.3724,329.24,1.3724,329.24,201.77,226.18,201.77
227.59,4.5317,331.21,4.5317,331.21,206.01,227.59,206.01
227.5,5.6731,332.13,5.6731,332.13,209.14,227.5,209.14
228.77,7.1597,334.21,7.1597,334.21,212.17,228.77,212.17
228.96,8.8309,335.27,8.8309,335.27,215.55,228.96,215.55
229.61,10.587,336.33,10.587,336.33,218.11,229.61,218.11
230.46,12.919,337.37,12.919,337.37,220.8,230.46,220.8
232.28,17.174,339.7,17.174,339.7,226.06,232.28,226.06
233.33,18.325,341,18.325,341,227.69,233.33,227.69
234.46,19.992,342.81,19.992,342.81,230.68,234.46,230.68
235.83,22.194,344.9,22.194,344.9,234.26,235.83,234.26
237.32,25.066,346.53,25.066,346.53,237.41,237.32,237.41
238.49,26.569,347.99,26.569,347.99,239.47,238.49,239.47
239.44,28.935,349.25,28.935,349.25,242.45,239.44,242.45
242.23,32.564,352.27,32.564,352.27,246.52,242.23,246.52
243.63,33.243,353.82,33.243,353.82,247.51,243.63,247.51
245.17,36.004,355.49,36.004,355.49,250.53,245.17,250.53
248.08,40.499,358.68,40.499,358.68,255.55,248.08,255.55
249.44,42.519,360.78,42.519,360.78,259.01,249.44,259.01
251.04,46.004,362.03,46.004,362.03,261.81,251.04,261.81
253.59,48.89,365.32,48.89,365.32,266.13,253.59,266.13
254.07,48.824,366.42,48.824,366.42,267.27,254.07,267.27
255.51,51.936,367.49,51.936,367.49,269.67,255.51,269.67
258.46,53.947,370.24,53.947,370.24,271.29,258.46,271.29
259.96,49.225,372.68,49.225,372.68,268.41,259.96,268.41
261.54,43.295,374.31,43.295,374.31,262.57,261.54,262.57
263.33,40.981,376.61,40.981,376.61,261.24,263.33,261.24
263.14,32.204,377.01,32.204,377.01,253.62,263.14,253.62
266.35,28.808,380.63,28.808,380.63,251.03,266.35,251.03
266.26,21.721,381.03,21.721,381.03,244.87,266.26,244.87
269.47,20.069,384.87,20.069,384.87,244.46,269.47,244.46
269.34,20.956,384.6,20.956,384.6,245.09,269.34,245.09
271.23,24.73,386.93,24.73,386.93,249.71,271.23,249.71
273.07,28.389,388.73,28.389,388.73,253.28,273.07,253.28
275.14,31.43,390.79,31.43,390.79,256.31,275.14,256.31
277.55,35.379,393.39,35.379,393.39,260.61,277.55,260.61
280.7,40.09,396.36,40.09,396.36,264.98,280.7,264.98
281.59,42.025,397.53,42.025,397.53,267.47,281.59,267.47
283.47,44.855,400.17,44.855,400.17,271.77,283.47,271.77
284.86,47.377,401.74,47.377,401.74,274.66,284.86,274.66
287.36,51.43,404.61,51.43,404.61,279.42,287.36,279.42
288.85,52.808,406.3,52.808,406.3,281.17,288.85,281.17
285.13,56.645,402.73,56.645,402.73,285.31,285.13,285.31
274.9,61.147,392.46,61.147,392.46,289.73,274.9,289.73
264.68,63.345,382.6,63.345,382.6,292.64,264.68,292.64
258.38,68.268,376.53,68.268,376.53,297.99,258.38,297.99
247.83,72.065,365.7,72.065,365.7,301.26,247.83,301.26
237.83,75.856,355.52,75.856,355.52,304.69,237.83,304.69
225.97,79.064,343.98,79.064,343.98,308.53,225.97,308.53
216.6,83.905,334.66,83.905,334.66,313.46,216.6,313.46
206.26,86.99,325.01,86.99,325.01,317.88,206.26,317.88
195.43,91.073,314.76,91.073,314.76,323.1,195.43,323.1
183.76,93.828,303.21,93.828,303.21,326.1,183.76,326.1
173.44,96.535,293.15,96.535,293.15,329.3,173.44,329.3
164.9,101.63,285.69,101.63,285.69,336.5,164.9,336.5
154.15,104.89,276.05,104.89,276.05,341.91,154.15,341.91
144.26,108.75,266.84,108.75,266.84,347.09,144.26,347.09
133.1,112.31,255.32,112.31,255.32,349.97,133.1,349.97
125.68,116.18,248.2,116.18,248.2,354.42,125.68,354.42
126.32,117.83,249.51,117.83,249.51,357.37,126.32,357.37
128.39,120.7,252.18,120.7,252.18,361.4,128.39,361.4
131.27,125.34,255.51,125.34,255.51,366.92,131.27,366.92
132.97,128.52,257.51,128.52,257.51,370.69,132.97,370.69
134.58,131.51,259.61,131.51,259.61,374.61,134.58,374.61
138,136.09,263.58,136.09,263.58,380.28,138,380.28
139.05,138.84,264.45,138.84,264.45,382.67,139.05,382.67
140.59,143.04,266.27,143.04,266.27,387.42,140.59,387.42
144.55,146.54,270.88,146.54,270.88,392.19,144.55,392.19
147.44,143.87,273.64,143.87,273.64,389.26,147.44,389.26
