352,126,375,126,375,198,352,198
354.73,122.72,377.72,122.72,377.72,194.67,354.73,194.67
356.89,122.26,379.88,122.26,379.88,194.25,356.89,194.25
361.64,122.29,384.83,122.29,384.83,194.87,361.64,194.87
366.36,121.65,389.54,121.65,389.54,194.19,366.36,194.19
369.47,121.56,392.46,121.56,392.46,193.53,369.47,193.53
372.43,121.38,395.6,121.38,395.6,193.93,372.43,193.93
376.96,121.5,399.93,121.5,399.93,193.42,376.96,193.42
380.14,121.49,403.15,121.49,403.15,193.53,380.14,193.53
385.2,121.45,408.23,121.45,408.23,193.56,385.2,193.56
388.48,121.15,411.57,121.15,411.57,193.41,388.48,193.41
393.34,121.07,416.41,121.07,416.41,193.29,393.34,193.29
396.86,121.19,419.81,121.19,419.81,193.05,396.86,193.05
401.76,120.65,424.82,120.65,424.82,192.84,401.76,192.84
404.89,120.49,427.79,120.49,427.79,192.18,404.89,192.18
410.39,120.64,433.28,120.64,433.28,192.28,410.39,192.28
413.42,119.35,436.6,119.35,436.6,191.93,413.42,191.93
416.32,120.18,439.35,120.18,439.35,192.27,416.32,192.27
422,120.58,445.04,120.58,445.04,192.73,422,192.73
427.91,120.3,450.96,120.3,450.96,192.43,427.91,192.43
431,120.1,453.97,120.1,453.97,192.02,431,192.02
433.77,119.94,456.8,119.94,456.8,192.04,433.77,192.04
439.43,120.49,462.6,120.49,462.6,192.99,439.43,192.99
442.05,119.27,465.21,119.27,465.21,191.77,442.05,191.77
447.37,119.41,470.63,119.41,470.63,192.25,447.37,192.25
450.45,119.11,473.81,119.11,473.81,192.21,450.45,192.21
455.88,118.95,479.29,118.95,479.29,192.23,455.88,192.23
458.52,118.37,481.93,118.37,481.93,191.66,458.52,191.66
461.43,118.49,484.85,118.49,484.85,191.81,461.43,191.81
466.62,118.09,490.15,118.09,490.15,191.74,466.62,191.74
472.23,118.39,495.55,118.39,495.55,191.38,472.23,191.38
474.86,118.59,498.05,118.59,498.05,191.19,474.86,191.19
477.24,119.1,500.18,119.1,500.18,190.9,477.24,190.9
482.3,120.98,504.95,120.98,504.95,191.88,482.3,191.88
484.75,120.29,507.32,120.29,507.32,190.98,484.75,190.98
489.14,120.2,511.66,120.2,511.66,190.69,489.14,190.69
488.3,119.52,510.96,119.52,510.96,190.43,488.3,190.43
473.68,118.61,496.49,118.61,496.49,190,473.68,190
466.7,119.58,489.45,119.58,489.45,190.81,466.7,190.81
453,118.88,475.81,118.88,475.81,190.28,453,190.28
447.01,119.58,469.83,119.58,469.83,191.01,447.01,191.01
432.98,118.79,455.76,118.79,455.76,190.1,432.98,190.1
428.23,119.38,450.98,119.38,450.98,190.59,428.23,190.59
421.34,119.82,443.91,119.82,443.91,190.49,421.34,190.49
410.02,120.02,432.6,120.02,432.6,190.7,410.02,190.7
396.54,120.46,419.13,120.46,419.13,191.16,396.54,191.16
390.55,120.01,413.16,120.01,413.16,190.77,390.55,190.77
377.05,118.7,399.71,118.7,399.71,189.63,377.05,189.63
370.14,118.94,392.77,118.94,392.77,189.8,370.14,189.8
364.95,119.57,387.63,119.57,387.63,190.58,364.95,190.58
351.73,119.09,374.5,119.09,374.5,190.35,351.73,190.35
345.64,120.14,368.38,120.14,368.38,191.33,345.64,191.33
332.35,119.2,355.1,119.2,355.1,190.42,332.35,190.42
326.52,119.09,349.09,119.09,349.09,189.73,326.52,189.73
313.4,118.88,336,118.88,336,189.62,313.4,189.62
307.86,119.06,330.47,119.06,330.47,189.87,307.86,189.87
301.65,120.36,324.21,120.36,324.21,190.99,301.65,190.99
291.27,120.02,313.81,120.02,313.81,190.59,291.27,190.59
284.15,119.87,306.63,119.87,306.63,190.24,284.15,190.24
272.89,119.56,295.39,119.56,295.39,190.01,272.89,190.01
266.42,119.46,288.96,119.46,288.96,190.04,266.42,190.04
255.1,120.24,277.66,120.24,277.66,190.85,255.1,190.85
248.65,120.36,271.3,120.36,271.3,191.29,248.65,191.29
236.67,119.63,259.36,119.63,259.36,190.66,236.67,190.66
224.91,119.35,247.61,119.35,247.61,190.42,224.91,190.42
220.36,119.05,243.28,119.05,243.28,190.82,220.36,190.82
225.77,119.14,248.69,119.14,248.69,190.92,225.77,190.92
230.1,120.14,253.01,120.14,253.01,191.86,230.1,191.86
234.77,119.36,257.63,119.36,257.63,190.93,234.77,190.93
238.3,118.49,261.29,118.49,261.29,190.45,238.3,190.45
243.95,119.06,266.91,119.06,266.91,190.92,243.95,190.92
247.02,117.21,270.04,117.21,270.04,189.27,247.02,189.27
252.71,119,275.72,119,275.72,191.05,252.71,191.05
255.24,117.7,278.37,117.7,278.37,190.1,255.24,190.1
259.83,117.66,282.93,117.66,282.93,190,259.83,190
263.07,117.9,286.19,117.9,286.19,190.28,263.07,190.28
268.7,117.52,291.77,117.52,291.77,189.77,268.7,189.77
274.39,119.59,297.54,119.59,297.54,192.05,274.39,192.05
275.08,119.41,298.36,119.41,298.36,192.3,275.08,192.3
284.58,117.46,307.6,117.46,307.6,189.55,284.58,189.55
288.37,117.66,311.39,117.66,311.39,189.72,288.37,189.72
291.77,116.65,314.86,116.65,314.86,188.93,291.77,188.93
290.13,116.71,313.28,116.71,313.28,189.18,290.13,189.18
283.94,116.14,307.03,116.14,307.03,188.42,283.94,188.42
273.5,117.42,296.55,117.42,296.55,189.55,273.5,189.55
266.16,118.2,289.19,118.2,289.19,190.29,266.16,190.29
255.29,117.31,278.35,117.31,278.35,189.52,255.29,189.52
249.21,118.48,272.25,118.48,272.25,190.61,249.21,190.61
237.47,117.36,260.53,117.36,260.53,189.55,237.47,189.55
225.66,117.11,248.73,117.11,248.73,189.32,225.66,189.32
219.35,118.95,242.38,118.95,242.38,191.04,219.35,191.04
208.65,118.31,231.74,118.31,231.74,190.56,208.65,190.56
210.98,118.43,234.02,118.43,234.02,190.54,210.98,190.54
215.41,118.35,238.28,118.35,238.28,189.94,215.41,189.94
220.96,118.96,243.72,118.96,243.72,190.19,220.96,190.19
227.21,119.58,249.89,119.58,249.89,190.59,227.21,190.59
230.85,118.02,253.83,118.02,253.83,189.96,230.85,189.96
237.86,117.71,260.97,117.71,260.97,190.05,237.86,190.05
244.6,117.2,267.61,117.2,267.61,189.21,244.6,189.21
248.77,116.55,271.88,116.55,271.88,188.91,248.77,188.91
255.51,117.64,278.44,117.64,278.44,189.42,255.51,189.42
259.52,116.44,282.75,116.44,282.75,189.14,259.52,189.14
266.26,116.11,289.53,116.11,289.53,188.96,266.26,188.96
273.76,115.45,297.11,115.45,297.11,188.55,273.76,188.55
277.81,114.61,301.1,114.61,301.1,187.52,277.81,187.52
284.87,115.51,308.06,115.51,308.06,188.11,284.87,188.11
289.29,115.26,312.57,115.26,312.57,188.13,289.29,188.13
296.96,116.25,319.95,116.25,319.95,188.23,296.96,188.23
304.94,115.37,327.93,115.37,327.93,187.33,304.94,187.33
312.22,115.23,335.34,115.23,335.34,187.59,312.22,187.59
318.36,115.08,341.46,115.08,341.46,187.38,318.36,187.38
326.17,115.14,349.21,115.14,349.21,187.27,326.17,187.27
334.29,114.75,357.39,114.75,357.39,187.05,334.29,187.05
338.86,113.64,361.94,113.64,361.94,185.9,338.86,185.9
346.39,113.3,369.44,113.3,369.44,185.47,346.39,185.47
350.73,112.67,373.92,112.67,373.92,185.29,350.73,185.29
357.76,113.19,380.95,113.19,380.95,185.78,357.76,185.78
366.16,113.05,389.37,113.05,389.37,185.7,366.16,185.7
374.13,112.25,397.35,112.25,397.35,184.93,374.13,184.93
378.68,111.4,401.9,111.4,401.9,184.09,378.68,184.09
386.51,113.82,409.3,113.82,409.3,185.16,386.51,185.16
394.82,115.83,417.32,115.83,417.32,186.26,394.82,186.26
401.02,112.7,423.32,112.7,423.32,182.5,401.02,182.5
407.3,113.2,429.66,113.2,429.66,183.2,407.3,183.2
414.62,112.64,437.05,112.64,437.05,182.87,414.62,182.87
418.61,110.95,441.25,110.95,441.25,181.82,418.61,181.82
425.62,111.55,448.33,111.55,448.33,182.65,425.62,182.65
433.62,111.28,456.6,111.28,456.6,183.23,433.62,183.23
440.88,110.27,463.95,110.27,463.95,182.48,440.88,182.48
436.28,108.92,459.42,108.92,459.42,181.36,436.28,181.36
426.42,107.86,449.61,107.86,449.61,180.44,426.42,180.44
423,109.27,446.26,109.27,446.26,182.07,423,182.07
414.42,110.07,437.88,110.07,437.88,183.5,414.42,183.5
406.53,109.28,430.08,109.28,430.08,183.01,406.53,183.01
398.18,109.5,421.75,109.5,421.75,183.29,398.18,183.29
389.39,109.26,412.92,109.26,412.92,182.9,389.39,182.9
367.55,123.55,391.08,123.55,391.08,197.21,367.55,197.21
374.25,111.21,397.62,111.21,397.62,184.36,374.25,184.36
360.1,139.36,383.29,139.36,383.29,211.94,360.1,211.94
376,141.67,399.16,141.67,399.16,214.18,376,214.18
370.53,144.08,393.59,144.08,393.59,216.26,370.53,216.26
393.94,150.88,417.08,150.88,417.08,223.32,393.94,223.32
376.02,148.66,399.03,148.66,399.03,220.69,376.02,220.69
377.78,168.7,400.72,168.7,400.72,240.52,377.78,240.52
370,174.49,392.92,174.49,392.92,246.26,370,246.26
369.01,174.01,391.95,174.01,391.95,245.81,369.01,245.81
369.46,173.77,392.33,173.77,392.33,245.37,369.46,245.37
369.44,174.04,392.23,174.04,392.23,245.36,369.44,245.36
369.26,174.84,391.97,174.84,391.97,245.95,369.26,245.95
369.55,174.39,392.31,174.39,392.31,245.62,369.55,245.62
369.91,174.53,392.53,174.53,392.53,245.33,369.91,245.33
369.24,173.84,391.82,173.84,391.82,244.53,369.24,244.53
369.21,173.57,391.83,173.57,391.83,244.38,369.21,244.38
369.15,174.73,391.76,174.73,391.76,245.49,369.15,245.49
369.45,173.92,392.05,173.92,392.05,244.66,369.45,244.66
368.6,173.68,391.22,173.68,391.22,244.47,368.6,244.47
368.37,187.21,391.21,187.21,391.21,258.73,368.37,258.73
341.06,175.09,363.84,175.09,363.84,246.39,341.06,246.39
325.51,175.45,348.2,175.45,348.2,246.47,325.51,246.47
315.65,170.83,338.43,170.83,338.43,242.14,315.65,242.14
299.02,174.17,321.64,174.17,321.64,245,299.02,245
293.98,174.7,316.63,174.7,316.63,245.6,293.98,245.6
293.35,175.11,315.92,175.11,315.92,245.78,293.35,245.78
293.45,175.64,316.04,175.64,316.04,246.35,293.45,246.35
293.49,175.72,316.03,175.72,316.03,246.28,293.49,246.28
277.06,174.87,299.56,174.87,299.56,245.32,277.06,245.32
271.27,172.15,293.83,172.15,293.83,242.79,271.27,242.79
252.81,174.54,275.25,174.54,275.25,244.78,252.81,244.78
250.29,176.16,272.73,176.16,272.73,246.39,250.29,246.39
250.44,176.22,272.9,176.22,272.9,246.53,250.44,246.53
250.77,176.03,273.22,176.03,273.22,246.3,250.77,246.3
250.37,176.03,272.83,176.03,272.83,246.36,250.37,246.36
250.42,176.85,272.85,176.85,272.85,247.08,250.42,247.08
233.53,175.95,255.96,175.95,255.96,246.15,233.53,246.15
222.37,175.99,244.8,175.99,244.8,246.2,222.37,246.2
205.42,175.67,227.87,175.67,227.87,245.96,205.42,245.96
203.23,176.9,225.65,176.9,225.65,247.08,203.23,247.08
203.98,177.4,226.44,177.4,226.44,247.7,203.98,247.7
204.36,177.61,226.87,177.61,226.87,248.07,204.36,248.07
203.45,177.31,225.99,177.31,225.99,247.9,203.45,247.9
191.22,176.9,213.7,176.9,213.7,247.29,191.22,247.29
186.77,174.71,209.23,174.71,209.23,245.03,186.77,245.03
168.37,176.71,190.81,176.71,190.81,246.98,168.37,246.98
146.47,177.3,169,177.3,169,247.82,146.47,247.82
140.71,177.1,163.25,177.1,163.25,247.67,140.71,247.67
136.08,178.07,158.62,178.07,158.62,248.64,136.08,248.64
135.28,178.59,157.87,178.59,157.87,249.31,135.28,249.31
134.91,178.64,157.49,178.64,157.49,249.33,134.91,249.33
131.37,178.47,153.94,178.47,153.94,249.13,131.37,249.13
117.87,178.23,140.45,178.23,140.45,248.9,117.87,248.9
101.93,178.61,124.52,178.61,124.52,249.33,101.93,249.33
84.247,179.37,106.88,179.37,106.88,250.23,84.247,250.23
83.473,179.99,106.12,179.99,106.12,250.89,83.473,250.89
83.276,179.73,105.96,179.73,105.96,250.73,83.276,250.73
76.061,178.67,98.756,178.67,98.756,249.71,76.061,249.71
56.081,180.2,78.753,180.2,78.753,251.17,56.081,251.17
50.162,178.2,72.894,178.2,72.894,249.37,50.162,249.37
32.638,180.38,55.373,180.38,55.373,251.55,32.638,251.55
32.17,181.98,54.906,181.98,54.906,253.15,32.17,253.15
16.576,181.46,39.356,181.46,39.356,252.77,16.576,252.77
3.2009,181.73,26.063,181.73,26.063,253.29,3.2009,253.29
-0.34498,180.93,22.515,180.93,22.515,252.5,-0.34498,252.5
-0.99619,180.64,21.854,180.64,21.854,252.17,-0.99619,252.17
-10.372,181.16,12.492,181.16,12.492,252.74,-10.372,252.74
-5.5515,166.29,17.33,166.29,17.33,237.92,-5.5515,237.92
-5.3441,165.89,17.456,165.89,17.456,237.27,-5.3441,237.27
-4.4474,165.84,18.299,165.84,18.299,237.05,-4.4474,237.05
-4.6761,167.31,18.013,167.31,18.013,238.34,-4.6761,238.34
-4.4388,166.8,18.16,166.8,18.16,237.55,-4.4388,237.55
11.963,174.68,34.458,174.68,34.458,245.1,11.963,245.1
11.838,174.77,34.313,174.77,34.313,245.13,11.838,245.13
13.436,167.95,35.675,167.95,35.675,237.56,13.436,237.56
11.346,174.91,33.579,174.91,33.579,244.51,11.346,244.51
11.488,175.15,33.721,175.15,33.721,244.74,11.488,244.74
12.013,172.73,34.237,172.73,34.237,242.3,12.013,242.3
11.964,172.8,34.211,172.8,34.211,242.44,11.964,242.44
11.255,174.29,33.48,174.29,33.48,243.86,11.255,243.86
11.218,174.85,33.37,174.85,33.37,244.19,11.218,244.19
11.395,175.18,33.53,175.18,33.53,244.48,11.395,244.48
11.482,174.72,33.602,174.72,33.602,243.97,11.482,243.97
11.426,175.38,33.575,175.38,33.575,244.72,11.426,244.72
11.13,175.8,33.225,175.8,33.225,244.96,11.13,244.96
11.378,174.46,33.493,174.46,33.493,243.69,11.378,243.69
11.142,174.38,33.277,174.38,33.277,243.67,11.142,243.67
11.471,175.16,33.621,175.16,33.621,244.49,11.471,244.49
