173,67,187,67,187,102,173,102
173.81,65.51,187.83,65.51,187.83,100.55,173.81,100.55
175.03,65.332,189.07,65.332,189.07,100.45,175.03,100.45
175.74,65.198,189.77,65.198,189.77,100.26,175.74,100.26
176.97,65.082,191,65.082,191,100.15,176.97,100.15
178,64.953,192.12,64.953,192.12,100.23,178,100.23
179,65.566,193.09,65.566,193.09,100.79,179,100.79
180.02,65.313,194.23,65.313,194.23,100.83,180.02,100.83
180.56,65.273,194.7,65.273,194.7,100.63,180.56,100.63
181.81,65.318,195.98,65.318,195.98,100.75,181.81,100.75
182.37,65.34,196.54,65.34,196.54,100.77,182.37,100.77
183.8,65.434,197.91,65.434,197.91,100.7,183.8,100.7
184.79,65.281,198.89,65.281,198.89,100.55,184.79,100.55
186.32,64.684,200.34,64.684,200.34,99.737,186.32,99.737
186.67,63.738,200.69,63.738,200.69,98.767,186.67,98.767
186.94,63.445,200.96,63.445,200.96,98.491,186.94,98.491
188.01,63.441,202.05,63.441,202.05,98.546,188.01,98.546
188.68,63.756,202.69,63.756,202.69,98.781,188.68,98.781
189.14,63.691,203.1,63.691,203.1,98.579,189.14,98.579
189.84,63.954,203.69,63.954,203.69,98.588,189.84,98.588
190.91,64.26,204.85,64.26,204.85,99.106,190.91,99.106
191.42,64.156,205.3,64.156,205.3,98.854,191.42,98.854
192.41,64.657,206.34,64.657,206.34,99.493,192.41,99.493
192.96,64.291,206.94,64.291,206.94,99.22,192.96,99.22
193.43,64.21,207.47,64.21,207.47,99.31,193.43,99.31
194.59,64.065,208.64,64.065,208.64,99.182,194.59,99.182
196.05,64.162,210.14,64.162,210.14,99.385,196.05,99.385
197.3,64.772,211.37,64.772,211.37,99.946,197.3,99.946
198.99,64.979,213.04,64.979,213.04,100.11,198.99,100.11
199.5,64.43,213.63,64.43,213.63,99.749,199.5,99.749
201.86,64.464,216.07,64.464,216.07,99.989,201.86,99.989
202.44,63.883,216.7,63.883,216.7,99.544,202.44,99.544
203.7,63.738,217.89,63.738,217.89,99.208,203.7,99.208
205.18,64.249,219.3,64.249,219.3,99.539,205.18,99.539
206.18,64.359,220.27,64.359,220.27,99.602,206.18,99.602
206.93,64.163,221.11,64.163,221.11,99.596,206.93,99.596
207.44,63.968,221.63,63.968,221.63,99.433,207.44,99.433
208.27,64.138,222.47,64.138,222.47,99.652,208.27,99.652
208.44,64.192,222.7,64.192,222.7,99.858,208.44,99.858
208.74,63.935,222.98,63.935,222.98,99.54,208.74,99.54
209.14,64.001,223.3,64.001,223.3,99.418,209.14,99.418
210.76,64.355,224.93,64.355,224.93,99.791,210.76,99.791
211.34,64.335,225.41,64.335,225.41,99.517,211.34,99.517
212.95,64.368,227.01,64.368,227.01,99.522,212.95,99.522
214.4,63.676,228.42,63.676,228.42,98.749,214.4,98.749
215.34,63.423,229.39,63.423,229.39,98.548,215.34,98.548
216.68,62.901,230.77,62.901,230.77,98.122,216.68,98.122
217.79,63.123,231.84,63.123,231.84,98.244,217.79,98.244
218.44,62.761,232.46,62.761,232.46,97.814,218.44,97.814
218.87,62.81,232.84,62.81,232.84,97.725,218.87,97.725
219.38,62.637,233.4,62.637,233.4,97.697,219.38,97.697
219.83,62.54,233.9,62.54,233.9,97.705,219.83,97.705
220.52,63.435,234.61,63.435,234.61,98.661,220.52,98.661
220.74,63.359,234.79,63.359,234.79,98.472,220.74,98.472
220.74,63.119,234.76,63.119,234.76,98.179,220.74,98.179
221.37,63.035,235.36,63.035,235.36,98.018,221.37,98.018
221.96,62.962,235.98,62.962,235.98,98.027,221.96,98.027
222.33,63.178,236.35,63.178,236.35,98.23,222.33,98.23
223.13,63.016,237.14,63.016,237.14,98.026,223.13,98.026
223.63,63.141,237.64,63.141,237.64,98.168,223.63,98.168
224.66,63.43,238.72,63.43,238.72,98.578,224.66,98.578
225.71,63.662,239.76,63.662,239.76,98.789,225.71,98.789
226.34,63.757,240.39,63.757,240.39,98.901,226.34,98.901
227.61,63.629,241.63,63.629,241.63,98.687,227.61,98.687
228.93,63.459,242.99,63.459,242.99,98.603,228.93,98.603
229.63,63.286,243.7,63.286,243.7,98.453,229.63,98.453
231.5,63.451,245.54,63.451,245.54,98.567,231.5,98.567
232.15,62.481,246.22,62.481,246.22,97.648,232.15,97.648
233.09,62.851,247.17,62.851,247.17,98.04,233.09,98.04
234.01,62.547,248.09,62.547,248.09,97.758,234.01,97.758
234.7,62.527,248.8,62.527,248.8,97.773,234.7,97.773
235.78,62.692,249.89,62.692,249.89,97.969,235.78,97.969
236.58,62.383,250.72,62.383,250.72,97.74,236.58,97.74
237.03,62.29,251.17,62.29,251.17,97.642,237.03,97.642
238.12,62.304,252.3,62.304,252.3,97.762,238.12,97.762
239.14,62.769,253.32,62.769,253.32,98.227,239.14,98.227
239.88,62.84,254.07,62.84,254.07,98.324,239.88,98.324
241.31,63.193,255.5,63.193,255.5,98.678,241.31,98.678
241.76,63.204,255.96,63.204,255.96,98.726,241.76,98.726
242.72,62.956,256.89,62.956,256.89,98.377,242.72,98.377
242.93,62.834,257.04,62.834,257.04,98.118,242.93,98.118
240.88,62.195,254.89,62.195,254.89,97.214,240.88,97.214
237.29,66.785,251.32,66.785,251.32,101.87,237.29,101.87
240.75,62.372,254.71,62.372,254.71,97.274,240.75,97.274
253.31,62.533,267.28,62.533,267.28,97.459,253.31,97.459
253.24,62.758,267.18,62.758,267.18,97.594,253.24,97.594
253.54,62.904,267.46,62.904,267.46,97.699,253.54,97.699
254.07,62.918,267.97,62.918,267.97,97.675,254.07,97.675
255.09,63.159,269.09,63.159,269.09,98.152,255.09,98.152
254.91,62.579,268.95,62.579,268.95,97.665,254.91,97.665
255.77,62.6,269.84,62.6,269.84,97.782,255.77,97.782
257.82,63.033,271.83,63.033,271.83,98.055,257.82,98.055
258.7,62.369,272.67,62.369,272.67,97.286,258.7,97.286
260.23,61.947,274.17,61.947,274.17,96.781,260.23,96.781
260.78,61.745,274.74,61.745,274.74,96.637,260.78,96.637
261.76,61.074,275.72,61.074,275.72,95.972,261.76,95.972
262.75,60.6,276.72,60.6,276.72,95.538,262.75,95.538
263.19,60.586,277.19,60.586,277.19,95.597,263.19,95.597
264.79,60.73,278.76,60.73,278.76,95.641,264.79,95.641
265.45,60.497,279.38,60.497,279.38,95.318,265.45,95.318
266.84,61.17,280.79,61.17,280.79,96.053,266.84,96.053
267.16,60.631,281.19,60.631,281.19,95.698,267.16,95.698
268,61.07,281.97,61.07,281.97,96.003,268,96.003
269.48,61.532,283.47,61.532,283.47,96.498,269.48,96.498
270.68,61.321,284.63,61.321,284.63,96.179,270.68,96.179
272.12,61.025,286.12,61.025,286.12,96.027,272.12,96.027
274.62,60.942,288.57,60.942,288.57,95.817,274.62,95.817
276.2,61.296,290.11,61.296,290.11,96.078,276.2,96.078
277.78,61.595,291.72,61.595,291.72,96.444,277.78,96.444
278.06,61.404,292.09,61.404,292.09,96.472,278.06,96.472
278.96,60.852,293.03,60.852,293.03,96.012,278.96,96.012
280.42,60.882,294.49,60.882,294.49,96.054,280.42,96.054
280.87,60.876,294.94,60.876,294.94,96.03,280.87,96.03
281.23,60.774,295.29,60.774,295.29,95.931,281.23,95.931
282.7,61.598,296.76,61.598,296.76,96.726,282.7,96.726
282.52,60.828,296.57,60.828,296.57,95.947,282.52,95.947
283.53,60.524,297.57,60.524,297.57,95.619,283.53,95.619
284.65,60.75,298.66,60.75,298.66,95.796,284.65,95.796
285.33,60.801,299.31,60.801,299.31,95.75,285.33,95.75
286.63,61.067,300.63,61.067,300.63,96.061,286.63,96.061
287.9,60.567,301.96,60.567,301.96,95.716,287.9,95.716
288.34,60.25,302.35,60.25,302.35,95.281,288.34,95.281
289.41,59.817,303.43,59.817,303.43,94.861,289.41,94.861
290.5,59.685,304.49,59.685,304.49,94.678,290.5,94.678
291.29,60.153,305.28,60.153,305.28,95.132,291.29,95.132
292.22,59.899,306.21,59.899,306.21,94.885,292.22,94.885
293.17,59.299,307.2,59.299,307.2,94.372,293.17,94.372
294.22,59.264,308.27,59.264,308.27,94.391,294.22,94.391
295.76,59.831,309.79,59.831,309.79,94.921,295.76,94.921
297.34,60.16,311.37,60.16,311.37,95.238,297.34,95.238
298.09,60.184,312.12,60.184,312.12,95.277,298.09,95.277
299.84,59.929,313.89,59.929,313.89,95.055,299.84,95.055
301.69,59.399,315.74,59.399,315.74,94.515,301.69,94.515
302.6,59.555,316.66,59.555,316.66,94.72,302.6,94.72
304.97,60.339,319.03,60.339,319.03,95.497,304.97,95.497
306.44,60.349,320.48,60.349,320.48,95.439,306.44,95.439
306.85,59.137,320.95,59.137,320.95,94.376,306.85,94.376
307.99,59.466,322.11,59.466,322.11,94.771,307.99,94.771
309.47,59.677,323.58,59.677,323.58,94.937,309.47,94.937
310.5,60.092,324.59,60.092,324.59,95.328,310.5,95.328
311.09,60.179,325.15,60.179,325.15,95.351,311.09,95.351
311.86,59.983,325.89,59.983,325.89,95.055,311.86,95.055
311.91,59.301,325.95,59.301,325.95,94.397,311.91,94.397
313.36,59.495,327.38,59.495,327.38,94.561,313.36,94.561
314.72,59.665,328.72,59.665,328.72,94.672,314.72,94.672
315.49,59.64,329.45,59.64,329.45,94.557,315.49,94.557
316.61,59.206,330.56,59.206,330.56,94.087,316.61,94.087
317.19,58.833,331.15,58.833,331.15,93.732,317.19,93.732
318.64,58.336,332.62,58.336,332.62,93.275,318.64,93.275
319.98,58.372,333.94,58.372,333.94,93.268,319.98,93.268
320.29,58.336,334.27,58.336,334.27,93.293,320.29,93.293
321.18,58.024,335.2,58.024,335.2,93.062,321.18,93.062
321.49,57.902,335.52,57.902,335.52,92.967,321.49,92.967
321.81,57.634,335.83,57.634,335.83,92.683,321.81,92.683
337.38,55.88,351.5,55.88,351.5,91.177,337.38,91.177
338.13,56.847,352.31,56.847,352.31,92.302,338.13,92.302
339.22,57.789,353.48,57.789,353.48,93.441,339.22,93.441
339.69,56.871,353.96,56.871,353.96,92.559,339.69,92.559
341.2,55.416,355.51,55.416,355.51,91.2,341.2,91.2
341.84,55.006,356.24,55.006,356.24,90.999,341.84,90.999
343.62,56.619,358.07,56.619,358.07,92.736,343.62,92.736
344.34,56.911,358.76,56.911,358.76,92.977,344.34,92.977
345.09,56.388,359.54,56.388,359.54,92.512,345.09,92.512
346.15,55.534,360.56,55.534,360.56,91.551,346.15,91.551
334.79,57.469,349.15,57.469,349.15,93.357,334.79,93.357
335.19,57.166,349.38,57.166,349.38,92.66,335.19,92.66
336.72,57.737,350.9,57.737,350.9,93.18,336.72,93.18
337.29,58.046,351.45,58.046,351.45,93.463,337.29,93.463
338.1,57.775,352.25,57.775,352.25,93.14,338.1,93.14
338.26,57.545,352.36,57.545,352.36,92.79,338.26,92.79
339.11,57.688,353.18,57.688,353.18,92.844,339.11,92.844
339.56,57.6,353.6,57.6,353.6,92.696,339.56,92.696
341.05,58.231,355.07,58.231,355.07,93.278,341.05,93.278
342.12,58.423,356.1,58.423,356.1,93.379,342.12,93.379
343.78,57.798,357.81,57.798,357.81,92.88,343.78,92.88
344.99,57.06,359.01,57.06,359.01,92.089,344.99,92.089
345.6,56.923,359.6,56.923,359.6,91.903,345.6,91.903
346.67,56.946,360.7,56.946,360.7,92.03,346.67,92.03
347.18,56.82,361.25,56.82,361.25,91.995,347.18,91.995
349.01,57.125,363.15,57.125,363.15,92.488,349.01,92.488
349.85,56.233,364.04,56.233,364.04,91.716,349.85,91.716
350.56,56.246,364.82,56.246,364.82,91.901,350.56,91.901
352.2,56.191,366.46,56.191,366.46,91.846,352.2,91.846
353.39,56.948,367.65,56.948,367.65,92.593,353.39,92.593
354.15,56.843,368.38,56.843,368.38,92.424,354.15,92.424
355.57,57.069,369.75,57.069,369.75,92.523,355.57,92.523
358.27,57.23,372.42,57.23,372.42,92.59,358.27,92.59
359.02,57.183,373.15,57.183,373.15,92.508,359.02,92.508
360.42,57.486,374.54,57.486,374.54,92.789,360.42,92.789
362.2,56.899,376.33,56.899,376.33,92.244,362.2,92.244
363.61,56.4,377.67,56.4,377.67,91.556,363.61,91.556
363.87,56.151,377.94,56.151,377.94,91.314,363.87,91.314
365.06,56.865,379.12,56.865,379.12,92.019,365.06,92.019
366.23,56.631,380.31,56.631,380.31,91.81,366.23,91.81
367.36,57.044,381.41,57.044,381.41,92.165,367.36,92.165
368.58,56.243,382.61,56.243,382.61,91.327,368.58,91.327
369.64,56.195,383.69,56.195,383.69,91.315,369.64,91.315
370.68,56.492,384.65,56.492,384.65,91.421,370.68,91.421
371.86,56.985,385.83,56.985,385.83,91.903,371.86,91.903
372.45,56.603,386.44,56.603,386.44,91.565,372.45,91.565
373.79,55.615,387.76,55.615,387.76,90.537,373.79,90.537
375,55.027,388.97,55.027,388.97,89.96,375,89.96
376.25,55.476,390.15,55.476,390.15,90.231,376.25,90.231
378.16,56.42,392.07,56.42,392.07,91.191,378.16,91.191
379.04,56.203,392.99,56.203,392.99,91.095,379.04,91.095
379.12,55.929,393.1,55.929,393.1,90.897,379.12,90.897
379.81,55.243,393.79,55.243,393.79,90.199,379.81,90.199
381.21,56.074,395.28,56.074,395.28,91.245,381.21,91.245
382.56,56.2,396.63,56.2,396.63,91.374,382.56,91.374
385.02,54.623,399.09,54.623,399.09,89.815,385.02,89.815
385.61,54.345,399.76,54.345,399.76,89.736,385.61,89.736
385.83,54.63,400.03,54.63,400.03,90.129,385.83,90.129
387.8,54.202,401.88,54.202,401.88,89.399,387.8,89.399
388.7,54.519,402.78,54.519,402.78,89.722,388.7,89.722
402.36,54.045,416.54,54.045,416.54,89.48,402.36,89.48
402.86,53.371,417.16,53.371,417.16,89.123,402.86,89.123
403.32,52.503,417.67,52.503,417.67,88.372,403.32,88.372
404.25,51.95,418.6,51.95,418.6,87.826,404.25,87.826
393.34,55.003,407.61,55.003,407.61,90.679,393.34,90.679
394.78,56.03,409.02,56.03,409.02,91.625,394.78,91.625
395.29,56.196,409.52,56.196,409.52,91.749,395.29,91.749
396.28,56.002,410.49,56.002,410.49,91.509,396.28,91.509
397.23,55.741,411.42,55.741,411.42,91.222,397.23,91.222
398.67,55.741,412.85,55.741,412.85,91.215,398.67,91.215
399.42,55.705,413.61,55.705,413.61,91.199,399.42,91.199
401.1,56.161,415.3,56.161,415.3,91.655,401.1,91.655
401.52,55.885,415.76,55.885,415.76,91.474,401.52,91.474
402.25,54.332,416.57,54.332,416.57,90.145,402.25,90.145
403.31,53.234,417.66,53.234,417.66,89.107,403.31,89.107
403.55,53.377,417.94,53.377,417.94,89.353,403.55,89.353
405.3,54.702,419.63,54.702,419.63,90.538,405.3,90.538
405.63,54.382,419.89,54.382,419.89,90.038,405.63,90.038
406.69,53.997,420.92,53.997,420.92,89.576,406.69,89.576
407.56,53.574,421.71,53.574,421.71,88.945,407.56,88.945
408.29,54.204,422.33,54.204,422.33,89.306,408.29,89.306
425.41,51.344,439.43,51.344,439.43,86.383,425.41,86.383
426.11,51.857,440.13,51.857,440.13,86.911,426.11,86.911
427.08,51.759,441.11,51.759,441.11,86.832,427.08,86.832
414.93,55.502,428.99,55.502,428.99,90.652,414.93,90.652
416.29,53.913,430.33,53.913,430.33,89.018,416.29,89.018
417.34,54.047,431.33,54.047,431.33,89.029,417.34,89.029
418.77,54.447,432.82,54.447,432.82,89.577,418.77,89.577
420.21,55.302,434.3,55.302,434.3,90.519,420.21,90.519
421.83,55.875,436.03,55.875,436.03,91.392,421.83,91.392
422.75,54.844,437.05,54.844,437.05,90.606,422.75,90.606
422.63,54.006,436.96,54.006,436.96,89.838,422.63,89.838
423.67,54.133,438.09,54.133,438.09,90.178,423.67,90.178
425.37,55.535,439.85,55.535,439.85,91.732,425.37,91.732
426.3,55.163,440.83,55.163,440.83,91.492,426.3,91.492
426.62,54.062,441.2,54.062,441.2,90.501,426.62,90.501
427.97,53.86,442.41,53.86,442.41,89.946,427.97,89.946
430.26,54.449,444.65,54.449,444.65,90.418,430.26,90.418
431.24,54.897,445.61,54.897,445.61,90.822,431.24,90.822
432.55,54.948,446.97,54.948,446.97,91.008,432.55,91.008
433.54,53.921,448,53.921,448,90.054,433.54,90.054
433.86,52.993,448.35,52.993,448.35,89.215,433.86,89.215
435.41,53.01,449.91,53.01,449.91,89.254,435.41,89.254
436.25,53.54,450.69,53.54,450.69,89.638,436.25,89.638
437.83,54.17,452.32,54.17,452.32,90.383,437.83,90.383
438.27,53.891,452.82,53.891,452.82,90.259,438.27,90.259
438.96,52.921,453.39,52.921,453.39,89,438.96,89
441.04,53.221,455.51,53.221,455.51,89.408,441.04,89.408
442.04,53.599,456.48,53.599,456.48,89.692,442.04,89.692
444,54.565,458.47,54.565,458.47,90.734,444,90.734
445.66,54.218,460.2,54.218,460.2,90.586,445.66,90.586
445.86,53.287,460.41,53.287,460.41,89.675,445.86,89.675
447.18,52.646,461.61,52.646,461.61,88.742,447.18,88.742
448.49,53.169,462.99,53.169,462.99,89.396,448.49,89.396
450.09,53.878,464.52,53.878,464.52,89.939,450.09,89.939
450.75,54.318,465.25,54.318,465.25,90.552,450.75,90.552
451.71,53.851,466.31,53.851,466.31,90.346,451.71,90.346
451.77,52.504,466.29,52.504,466.29,88.8,451.77,88.8
453.21,52.83,467.76,52.83,467.76,89.202,453.21,89.202
453.55,53.051,468.02,53.051,468.02,89.243,453.55,89.243
455.57,54.671,470.06,54.671,470.06,90.881,455.57,90.881
456.11,54.379,470.62,54.379,470.62,90.649,456.11,90.649
456.9,53.083,471.46,53.083,471.46,89.488,456.9,89.488
457.13,52.215,471.63,52.215,471.63,88.448,457.13,88.448
458.89,52.594,473.37,52.594,473.37,88.796,458.89,88.796
459.56,52.889,474.1,52.889,474.1,89.244,459.56,89.244
460.3,52.855,474.92,52.855,474.92,89.395,460.3,89.395
460.64,52.372,475.21,52.372,475.21,88.779,460.64,88.779
461.39,51.458,475.89,51.458,475.89,87.732,461.39,87.732
462.47,51.444,476.94,51.444,476.94,87.62,462.47,87.62
463.27,51.915,477.77,51.915,477.77,88.162,463.27,88.162
464.66,52.877,479.22,52.877,479.22,89.288,464.66,89.288
465.33,52.292,479.89,52.292,479.89,88.672,465.33,88.672
466.31,51.515,480.82,51.515,480.82,87.802,466.31,87.802
466.99,51.756,481.61,51.756,481.61,88.289,466.99,88.289
468.28,52.209,482.8,52.209,482.8,88.504,468.28,88.504
469.26,53.146,483.84,53.146,483.84,89.586,469.26,89.586
470.39,52.73,484.94,52.73,484.94,89.118,470.39,89.118
470.92,51.847,485.55,51.847,485.55,88.411,470.92,88.411
472.83,50.584,487.41,50.584,487.41,87.037,472.83,87.037
474.06,50.994,488.61,50.994,488.61,87.375,474.06,87.375
476.03,51.598,490.48,51.598,490.48,87.714,476.03,87.714
477.54,52.712,492.03,52.712,492.03,88.945,477.54,88.945
477.82,52.403,492.42,52.403,492.42,88.891,477.82,88.891
477.7,50.866,492.37,50.866,492.37,87.532,477.7,87.532
478.53,51.234,493.15,51.234,493.15,87.78,478.53,87.78
478.96,51.517,493.46,51.517,493.46,87.767,478.96,87.767
480.34,52.852,494.88,52.852,494.88,89.217,480.34,89.217
480.51,52.606,495.02,52.606,495.02,88.897,480.51,88.897
481.63,52.145,496.18,52.145,496.18,88.518,481.63,88.518
481.72,51.239,496.26,51.239,496.26,87.575,481.72,87.575
482.88,51.07,497.39,51.07,497.39,87.36,482.88,87.36
483.89,51.525,498.4,51.525,498.4,87.797,483.89,87.797
485.09,51.839,499.65,51.839,499.65,88.236,485.09,88.236
485.58,50.926,500.17,50.926,500.17,87.398,485.58,87.398
485.74,50.143,500.29,50.143,500.29,86.517,485.74,86.517
486.37,49.876,500.85,49.876,500.85,86.056,486.37,86.056
487.42,50.341,501.89,50.341,501.89,86.518,487.42,86.518
488.58,51.096,503.11,51.096,503.11,87.415,488.58,87.415
488.71,50.682,503.19,50.682,503.19,86.895,488.71,86.895
490.18,50.819,504.79,50.819,504.79,87.336,490.18,87.336
490.63,49.932,505.21,49.932,505.21,86.404,490.63,86.404
491.13,50.009,505.7,50.009,505.7,86.444,491.13,86.444
492.82,50.982,507.41,50.982,507.41,87.456,492.82,87.456
493.63,51.317,508.21,51.317,508.21,87.751,493.63,87.751
495.14,50.932,509.79,50.932,509.79,87.549,495.14,87.549
495.77,50.462,510.47,50.462,510.47,87.203,495.77,87.203
497.37,50.608,512.04,50.608,512.04,87.302,497.37,87.302
498.5,50.755,513.26,50.755,513.26,87.65,498.5,87.65
499.27,50.846,514.07,50.846,514.07,87.851,499.27,87.851
500.05,50.957,514.93,50.957,514.93,88.177,500.05,88.177
500.3,50.473,515.1,50.473,515.1,87.461,500.3,87.461
501.14,50.054,515.94,50.054,515.94,87.051,501.14,87.051
502.02,50.199,516.72,50.199,516.72,86.968,502.02,86.968
502.91,50.983,517.6,50.983,517.6,87.708,502.91,87.708
503.96,51.458,518.56,51.458,518.56,87.947,503.96,87.947
504.16,51.516,518.76,51.516,518.76,88.022,504.16,88.022
504.97,50.188,519.51,50.188,519.51,86.539,504.97,86.539
505.61,50.38,520.2,50.38,520.2,86.856,505.61,86.856
506.59,49.494,521.08,49.494,521.08,85.713,506.59,85.713
507.84,50.582,522.38,50.582,522.38,86.946,507.84,86.946
508.36,50.096,522.95,50.096,522.95,86.589,508.36,86.589
508.99,49.341,523.57,49.341,523.57,85.771,508.99,85.771
509.4,48.863,523.98,48.863,523.98,85.313,509.4,85.313
510.11,48.437,524.61,48.437,524.61,84.684,510.11,84.684
511.34,49.504,525.89,49.504,525.89,85.877,511.34,85.877
511.89,49.422,526.36,49.422,526.36,85.599,511.89,85.599
513.19,50.494,527.75,50.494,527.75,86.876,513.19,86.876
513.54,49.154,528.11,49.154,528.11,85.564,513.54,85.564
514.95,48.998,529.56,48.998,529.56,85.526,514.95,85.526
515.66,48.888,530.28,48.888,530.28,85.429,515.66,85.429
517.46,49.708,532.14,49.708,532.14,86.394,517.46,86.394
518.67,50.236,533.45,50.236,533.45,87.189,518.67,87.189
520.15,49.72,535.08,49.72,535.08,87.041,520.15,87.041
520.21,48.407,535.21,48.407,535.21,85.92,520.21,85.92
521.9,48.593,536.85,48.593,536.85,85.964,521.9,85.964
522.43,48.567,537.35,48.567,537.35,85.853,522.43,85.853
523.45,49.021,538.31,49.021,538.31,86.179,523.45,86.179
524.12,49.176,538.98,49.176,538.98,86.306,524.12,86.306
524.81,48.626,539.75,48.626,539.75,85.968,524.81,85.968
525.3,47.998,540.19,47.998,540.19,85.243,525.3,85.243
526.22,48.413,541.03,48.413,541.03,85.445,526.22,85.445
527.01,48.878,541.8,48.878,541.8,85.851,527.01,85.851
528.51,50.228,543.35,50.228,543.35,87.337,528.51,87.337
528.49,49.494,543.27,49.494,543.27,86.454,528.49,86.454
529.57,49.64,544.41,49.64,544.41,86.736,529.57,86.736
529.61,48.325,544.38,48.325,544.38,85.26,529.61,85.26
531.04,49.113,545.87,49.113,545.87,86.195,531.04,86.195
531.65,48.502,546.47,48.502,546.47,85.566,531.65,85.566
532.31,49.301,547.11,49.301,547.11,86.302,532.31,86.302
533.11,48.156,547.95,48.156,547.95,85.275,533.11,85.275
533.77,47.162,548.5,47.162,548.5,83.994,533.77,83.994
534.72,47.663,549.48,47.663,549.48,84.573,534.72,84.573
535.67,48.304,550.37,48.304,550.37,85.039,535.67,85.039
557.05,47.013,571.74,47.013,571.74,83.739,557.05,83.739
558.6,46.378,573.4,46.378,573.4,83.367,558.6,83.367
558.9,45.93,573.82,45.93,573.82,83.236,558.9,83.236
559.58,45.33,574.46,45.33,574.46,82.523,559.58,82.523
560.81,45.634,575.79,45.634,575.79,83.09,560.81,83.09
561.71,46.018,576.62,46.018,576.62,83.293,561.71,83.293
545,47.839,559.9,47.839,559.9,85.078,545,85.078
545.55,47.495,560.46,47.495,560.46,84.763,545.55,84.763
546.47,47.007,561.31,47.007,561.31,84.112,546.47,84.112
546.99,47.008,561.81,47.008,561.81,84.037,546.99,84.037
548.4,47.651,563.22,47.651,563.22,84.72,548.4,84.72
549.12,47.92,564.01,47.92,564.01,85.137,549.12,85.137
549.5,47.692,564.39,47.692,564.39,84.916,549.5,84.916
550.1,47.605,565.03,47.605,565.03,84.936,550.1,84.936
550.59,46.747,565.47,46.747,565.47,83.937,550.59,83.937
551.65,47.484,566.55,47.484,566.55,84.755,551.65,84.755
552.25,47.561,567.15,47.561,567.15,84.802,552.25,84.802
553.42,47.712,568.36,47.712,568.36,85.063,553.42,85.063
554.55,47.412,569.52,47.412,569.52,84.833,554.55,84.833
555.05,46.448,570.04,46.448,570.04,83.932,555.05,83.932
556.46,47.09,571.44,47.09,571.44,84.522,556.46,84.522
556.58,46.744,571.53,46.744,571.53,84.117,556.58,84.117
557.77,47.135,572.74,47.135,572.74,84.555,557.77,84.555
558.46,46.153,573.35,46.153,573.35,83.39,558.46,83.39
558.71,45.86,573.6,45.86,573.6,83.075,558.71,83.075
559.8,45.704,574.65,45.704,574.65,82.825,559.8,82.825
561.1,46.543,575.95,46.543,575.95,83.673,561.1,83.673
561.83,46.621,576.66,46.621,576.66,83.708,561.83,83.708
563.09,46.521,577.96,46.521,577.96,83.695,563.09,83.695
564.63,46.338,579.51,46.338,579.51,83.544,564.63,83.544
565.42,46.275,580.3,46.275,580.3,83.468,565.42,83.468
567.33,46.515,582.24,46.515,582.24,83.779,567.33,83.779
568.98,47.152,583.91,47.152,583.91,84.485,568.98,84.485
569.55,46.965,584.55,46.965,584.55,84.455,569.55,84.455
571.15,46.615,586.28,46.615,586.28,84.443,571.15,84.443
571.33,46.09,586.3,46.09,586.3,83.513,571.33,83.513
572.6,46.371,587.61,46.371,587.61,83.901,572.6,83.901
574.04,47.137,589.09,47.137,589.09,84.764,574.04,84.764
574.37,47.171,589.64,47.171,589.64,85.343,574.37,85.343
575.05,46.252,590.2,46.252,590.2,84.124,575.05,84.124
575.19,45.961,590.23,45.961,590.23,83.58,575.19,83.58
576.65,46.591,591.75,46.591,591.75,84.337,576.65,84.337
577.55,47.029,592.76,47.029,592.76,85.064,577.55,85.064
577.83,47.243,592.8,47.243,592.8,84.66,577.83,84.66
579.18,46.993,594.18,46.993,594.18,84.503,579.18,84.503
580.03,47.055,595.09,47.055,595.09,84.697,580.03,84.697
581.32,46.326,596.42,46.326,596.42,84.097,581.32,84.097
582.02,46.259,597.18,46.259,597.18,84.164,582.02,84.164
583.33,46.342,598.44,46.342,598.44,84.119,583.33,84.119
584.57,46.104,599.8,46.104,599.8,84.183,584.57,84.183
585.01,45.597,600.2,45.597,600.2,83.579,585.01,83.579
585.64,44.98,600.71,44.98,600.71,82.641,585.64,82.641
586.61,45.499,601.74,45.499,601.74,83.319,586.61,83.319
587.21,45.503,602.23,45.503,602.23,83.057,587.21,83.057
588.2,46.228,603.35,46.228,603.35,84.098,588.2,84.098
588.69,45.4,603.86,45.4,603.86,83.332,588.69,83.332
589.02,45.139,604.26,45.139,604.26,83.222,589.02,83.222
590.24,45.099,605.48,45.099,605.48,83.201,590.24,83.201
590.78,45.466,605.95,45.466,605.95,83.393,590.78,83.393
591.91,46,606.98,46,606.98,83.667,591.91,83.667
593.75,46.248,609.04,46.248,609.04,84.464,593.75,84.464
594.33,45.889,609.88,45.889,609.88,84.783,594.33,84.783
595.54,44.9,611.1,44.9,611.1,83.784,595.54,83.784
596.25,44.866,611.79,44.866,611.79,83.709,596.25,83.709
597.76,45.267,613.19,45.267,613.19,83.845,597.76,83.845
598.45,45.724,614.06,45.724,614.06,84.76,598.45,84.76
599.68,45.457,615.58,45.457,615.58,85.198,599.68,85.198
599.92,44.918,616.15,44.918,616.15,85.489,599.92,85.489
600.97,44.237,617.17,44.237,617.17,84.718,600.97,84.718
601.43,44.553,617.5,44.553,617.5,84.727,601.43,84.727
602,44.437,617.94,44.437,617.94,84.284,602,84.284
602.6,45.172,618.72,45.172,618.72,85.466,602.6,85.466
603.23,44.735,619.33,44.735,619.33,84.969,603.23,84.969
603.64,44.311,619.68,44.311,619.68,84.417,603.64,84.417
604.08,44.516,620.03,44.516,620.03,84.39,604.08,84.39
605.44,45.085,621.29,45.085,621.29,84.709,605.44,84.709
605.99,45.089,621.74,45.089,621.74,84.482,605.99,84.482
606.24,44.954,621.97,44.954,621.97,84.301,606.24,84.301
607.01,44.239,622.61,44.239,622.61,83.233,607.01,83.233
607.75,44.495,623.35,44.495,623.35,83.499,607.75,83.499
608.59,44.434,624.12,44.434,624.12,83.252,608.59,83.252
609.19,44.171,624.74,44.171,624.74,83.041,609.19,83.041
609.59,44.048,625.16,44.048,625.16,82.971,609.59,82.971
610.34,43.726,625.96,43.726,625.96,82.774,610.34,82.774
611.46,43.649,627.22,43.649,627.22,83.041,611.46,83.041
611.47,43.429,627.02,43.429,627.02,82.296,611.47,82.296
