15,249,42,249,42,274,15,274
17.784,248.31,44.831,248.31,44.831,273.35,17.784,273.35
22.436,245.97,49.873,245.97,49.873,271.37,22.436,271.37
28.286,246.2,55.985,246.2,55.985,271.85,28.286,271.85
33.153,243.72,60.884,243.72,60.884,269.4,33.153,269.4
37.271,242.58,64.747,242.58,64.747,268.02,37.271,268.02
36.544,251.55,64.696,251.55,64.696,277.61,36.544,277.61
46.614,248.35,75.545,248.35,75.545,275.14,46.614,275.14
54.021,251.57,83.789,251.57,83.789,279.13,54.021,279.13
58.438,253.56,87.972,253.56,87.972,280.91,58.438,280.91
63.309,254.73,92.564,254.73,92.564,281.82,63.309,281.82
69.151,255.35,98.157,255.35,98.157,282.21,69.151,282.21
74.757,257.56,103.64,257.56,103.64,284.31,74.757,284.31
82.039,258.06,110.93,258.06,110.93,284.81,82.039,284.81
89.985,257,118.73,257,118.73,283.62,89.985,283.62
104.45,254.88,132.85,254.88,132.85,281.17,104.45,281.17
111.99,261.62,140.4,261.62,140.4,287.92,111.99,287.92
118.38,262.81,146.84,262.81,146.84,289.16,118.38,289.16
118.19,260.16,146.64,260.16,146.64,286.5,118.19,286.5
117.78,243.92,146.82,243.92,146.82,270.81,117.78,270.81
119.17,243.86,148.45,243.86,148.45,270.97,119.17,270.97
118.78,243.19,148.42,243.19,148.42,270.63,118.78,270.63
118.53,243.32,148.48,243.32,148.48,271.05,118.53,271.05
119.13,243.59,149.55,243.59,149.55,271.76,119.13,271.76
118.26,243.23,149.21,243.23,149.21,271.89,118.26,271.89
118.83,242.76,150.21,242.76,150.21,271.82,118.83,271.82
119.78,243.48,151.5,243.48,151.5,272.85,119.78,272.85
120.13,243.1,152.24,243.1,152.24,272.83,120.13,272.83
119.66,242.66,151.99,242.66,151.99,272.6,119.66,272.6
121.12,243.35,153.62,243.35,153.62,273.44,121.12,273.44
121.33,242.67,154.09,242.67,154.09,273,121.33,273
121.48,242.74,154.68,242.74,154.68,273.47,121.48,273.47
122.85,243.41,156.22,243.41,156.22,274.3,122.85,274.3
123.24,242.63,156.9,242.63,156.9,273.8,123.24,273.8
123.62,242.91,157.74,242.91,157.74,274.5,123.62,274.5
123.7,242.76,157.91,242.76,157.91,274.44,123.7,274.44
123.77,242.79,158.04,242.79,158.04,274.53,123.77,274.53
122.23,242.93,156.48,242.93,156.48,274.64,122.23,274.64
122.02,242.83,156.28,242.83,156.28,274.56,122.02,274.56
121.08,242.76,155.38,242.76,155.38,274.52,121.08,274.52
120.4,242.84,154.59,242.84,154.59,274.5,120.4,274.5
119.91,242.65,154,242.65,154,274.21,119.91,274.21
119.05,242.31,152.92,242.31,152.92,273.67,119.05,273.67
119.67,242.81,153.42,242.81,153.42,274.06,119.67,274.06
119.81,242.45,153.65,242.45,153.65,273.78,119.81,273.78
120.01,242.62,153.84,242.62,153.84,273.94,120.01,273.94
120.28,242.87,154.09,242.87,154.09,274.17,120.28,274.17
120.41,242.6,154.29,242.6,154.29,273.97,120.41,273.97
120.28,242.53,154.35,242.53,154.35,274.08,120.28,274.08
120.67,242.37,154.83,242.37,154.83,274,120.67,274
121.39,242.58,155.65,242.58,155.65,274.3,121.39,274.3
122.17,242.77,156.49,242.77,156.49,274.55,122.17,274.55
122.15,242.45,156.63,242.45,156.63,274.38,122.15,274.38
121.81,242.09,156.38,242.09,156.38,274.1,121.81,274.1
121.8,242.1,156.33,242.1,156.33,274.07,121.8,274.07
121.54,241.7,155.99,241.7,155.99,273.6,121.54,273.6
121.4,242.19,155.85,242.19,155.85,274.09,121.4,274.09
120.98,241.89,155.41,241.89,155.41,273.77,120.98,273.77
120.09,242.01,154.18,242.01,154.18,273.57,120.09,273.57
119.88,242.87,153.88,242.87,153.88,274.36,119.88,274.36
119.3,242.34,153.03,242.34,153.03,273.58,119.3,273.58
119.75,242.89,153.46,242.89,153.46,274.1,119.75,274.1
119.96,243.13,153.59,243.13,153.59,274.27,119.96,274.27
119.62,242.67,153.32,242.67,153.32,273.87,119.62,273.87
119.97,242.77,153.59,242.77,153.59,273.9,119.97,273.9
119.91,242.88,153.41,242.88,153.41,273.89,119.91,273.89
119.75,242.4,153.03,242.4,153.03,273.21,119.75,273.21
120.27,243.3,153.73,243.3,153.73,274.29,120.27,274.29
120.05,242.4,153.27,242.4,153.27,273.15,120.05,273.15
120.33,242.97,153.85,242.97,153.85,274,120.33,274
119.99,242.54,153.1,242.54,153.1,273.2,119.99,273.2
120.11,242.56,153.18,242.56,153.18,273.17,120.11,273.17
119.91,242.75,153.09,242.75,153.09,273.47,119.91,273.47
120.17,242.72,153.41,242.72,153.41,273.49,120.17,273.49
120.17,242.83,153.56,242.83,153.56,273.75,120.17,273.75
120.26,243.09,153.74,243.09,153.74,274.09,120.26,274.09
119.83,242.35,153.21,242.35,153.21,273.26,119.83,273.26
120.25,242.64,153.84,242.64,153.84,273.74,120.25,273.74
119.65,242.49,153.33,242.49,153.33,273.68,119.65,273.68
119.64,242.6,153.5,242.6,153.5,273.95,119.64,273.95
118.65,242.95,152.2,242.95,152.2,274.01,118.65,274.01
117.19,242.6,150.27,242.6,150.27,273.23,117.19,273.23
114.6,242.96,147.48,242.96,147.48,273.41,114.6,273.41
110.98,243.54,143.85,243.54,143.85,273.98,110.98,273.98
108.05,243.16,140.88,243.16,140.88,273.55,108.05,273.55
106.91,243.12,139.68,243.12,139.68,273.47,106.91,273.47
105.44,242.15,138.18,242.15,138.18,272.47,105.44,272.47
104.02,241.69,136.57,241.69,136.57,271.83,104.02,271.83
102.79,241.32,135.37,241.32,135.37,271.49,102.79,271.49
101.75,240.78,134.3,240.78,134.3,270.92,101.75,270.92
100.04,240.84,132.54,240.84,132.54,270.93,100.04,270.93
98.94,241.01,131.38,241.01,131.38,271.05,98.94,271.05
99.086,240.62,131.25,240.62,131.25,270.4,99.086,270.4
98.131,239.35,130.27,239.35,130.27,269.11,98.131,269.11
97.04,239.07,129.56,239.07,129.56,269.18,97.04,269.18
95.388,238.17,128.23,238.17,128.23,268.58,95.388,268.58
94.787,238.19,127.61,238.19,127.61,268.58,94.787,268.58
93.712,238.27,126.57,238.27,126.57,268.7,93.712,268.7
91.397,237.88,124.43,237.88,124.43,268.47,91.397,268.47
88.67,236.42,121.85,236.42,121.85,267.14,88.67,267.14
88.534,236.91,121.7,236.91,121.7,267.62,88.534,267.62
87.615,235.87,120.86,235.87,120.86,266.65,87.615,266.65
86.968,235.72,120.32,235.72,120.32,266.6,86.968,266.6
