332.5,79.5,369.5,79.5,369.5,189.5,332.5,189.5
332.82,79.519,369.65,79.519,369.65,189.02,332.82,189.02
332.86,79.692,369.07,79.692,369.07,187.34,332.86,187.34
333.37,79.928,369.32,79.928,369.32,186.82,333.37,186.82
333.62,79.57,369.44,79.57,369.44,186.06,333.62,186.06
333.42,78.808,369.38,78.808,369.38,185.71,333.42,185.71
333.63,77.887,369.77,77.887,369.77,185.32,333.63,185.32
333.47,76.462,370.07,76.462,370.07,185.27,333.47,185.27
333.51,75.166,370.15,75.166,370.15,184.09,333.51,184.09
333.61,73.8,370.24,73.8,370.24,182.71,333.61,182.71
333.42,72.408,370.19,72.408,370.19,181.71,333.42,181.71
333.63,71.421,370.6,71.421,370.6,181.33,333.63,181.33
334.19,71.52,370.97,71.52,370.97,180.87,334.19,180.87
334.22,71.496,371.11,71.496,371.11,181.19,334.22,181.19
333.85,71.078,371.15,71.078,371.15,181.98,333.85,181.98
333.93,71.241,371.29,71.241,371.29,182.32,333.93,182.32
333.37,71.298,370.72,71.298,370.72,182.36,333.37,182.36
333.25,71.567,370.15,71.567,370.15,181.28,333.25,181.28
332.91,71.514,369.71,71.514,369.71,180.94,332.91,180.94
332.6,71.436,369.17,71.436,369.17,180.17,332.6,180.17
332,69.985,368.5,69.985,368.5,178.5,332,178.5
331.84,69.24,368.4,69.24,368.4,177.92,331.84,177.92
331.83,68.794,367.72,68.794,367.72,175.5,331.83,175.5
331.9,68.211,367.69,68.211,367.69,174.62,331.9,174.62
332,67.637,367.79,67.637,367.79,174.04,332,174.04
331.98,67.488,367.59,67.488,367.59,173.38,331.98,173.38
331.59,66.664,367.31,66.664,367.31,172.86,331.59,172.86
331.56,66.988,367.09,66.988,367.09,172.6,331.56,172.6
331.82,67.662,367.27,67.662,367.27,173.07,331.82,173.07
331.42,67.542,366.89,67.542,366.89,172.99,331.42,172.99
331.41,67.552,366.64,67.552,366.64,172.3,331.41,172.3
331.23,68.155,366.43,68.155,366.43,172.79,331.23,172.79
331.29,71.155,366.92,71.155,366.92,177.1,331.29,177.1
330.96,73.73,366.65,73.73,366.65,179.84,330.96,179.84
331.23,76.124,367.02,76.124,367.02,182.54,331.23,182.54
331.11,78.53,367.1,78.53,367.1,185.54,331.11,185.54
330.82,81.715,366.81,81.715,366.81,188.72,330.82,188.72
330.87,85.585,366.74,85.585,366.74,192.21,330.87,192.21
330.83,88.81,366.74,88.81,366.74,195.56,330.83,195.56
330.72,92.382,366.64,92.382,366.64,199.15,330.72,199.15
330.41,96.041,366.31,96.041,366.31,202.78,330.41,202.78
330.37,100.82,366.05,100.82,366.05,206.9,330.37,206.9
330.16,104.38,365.89,104.38,365.89,210.58,330.16,210.58
329.69,108.56,364.98,108.56,364.98,213.48,329.69,213.48
329.32,112.08,364.38,112.08,364.38,216.33,329.32,216.33
328.72,115.3,363.62,115.3,363.62,219.05,328.72,219.05
328.35,116.63,363.04,116.63,363.04,219.78,328.35,219.78
327.41,115.36,362.22,115.36,362.22,218.86,327.41,218.86
326.54,114.81,361.29,114.81,361.29,218.11,326.54,218.11
326.05,114.12,360.93,114.12,360.93,217.8,326.05,217.8
324.87,112.34,359.77,112.34,359.77,216.12,324.87,216.12
324.4,111.99,359.37,111.99,359.37,215.96,324.4,215.96
323.9,111.57,358.94,111.57,358.94,215.75,323.9,215.75
323.48,111.81,358.41,111.81,358.41,215.68,323.48,215.68
323.19,111.8,357.99,111.8,357.99,215.28,323.19,215.28
322.76,112.08,357.77,112.08,357.77,216.17,322.76,216.17
322.48,112.14,357.37,112.14,357.37,215.86,322.48,215.86
321.46,112.12,356.15,112.12,356.15,215.25,321.46,215.25
321.11,112.15,355.59,112.15,355.59,214.63,321.11,214.63
320.9,112.43,355.22,112.43,355.22,214.48,320.9,214.48
319.92,111.61,354,111.61,354,212.93,319.92,212.93
319.82,110.76,353.87,110.76,353.87,212,319.82,212
319.3,110.12,353.29,110.12,353.29,211.19,319.3,211.19
319.18,109.84,353.21,109.84,353.21,211.01,319.18,211.01
319,109.53,353.03,109.53,353.03,210.67,319,210.67
318.78,109.51,352.93,109.51,352.93,211.05,318.78,211.05
318.38,109.59,352.55,109.59,352.55,211.19,318.38,211.19
318.12,110.31,352.27,110.31,352.27,211.8,318.12,211.8
318.01,110.51,351.89,110.51,351.89,211.25,318.01,211.25
317.16,111.18,351.01,111.18,351.01,211.83,317.16,211.83
316.39,111.01,349.94,111.01,349.94,210.75,316.39,210.75
315.45,111.33,348.82,111.33,348.82,210.52,315.45,210.52
315.14,111.39,348.46,111.39,348.46,210.44,315.14,210.44
314.1,110.28,347.38,110.28,347.38,209.2,314.1,209.2
313.18,109.29,346.38,109.29,346.38,208,313.18,208
312.69,108.89,346.02,108.89,346.02,207.98,312.69,207.98
311.76,106.92,345.12,106.92,345.12,206.09,311.76,206.09
311.6,107.06,344.91,107.06,344.91,206.08,311.6,206.08
311.27,106.58,344.65,106.58,344.65,205.83,311.27,205.83
311.33,106.97,344.69,106.97,344.69,206.16,311.33,206.16
311.06,107.12,344.32,107.12,344.32,206,311.06,206
310.37,107.78,343.64,107.78,343.64,206.69,310.37,206.69
309.91,107.81,342.99,107.81,342.99,206.14,309.91,206.14
309.55,107.67,342.43,107.67,342.43,205.43,309.55,205.43
309.64,107.87,342.56,107.87,342.56,205.73,309.64,205.73
309.5,107.43,342.42,107.43,342.42,205.31,309.5,205.31
309.19,106.79,342.14,106.79,342.14,204.76,309.19,204.76
308.86,106.04,341.94,106.04,341.94,204.4,308.86,204.4
307.68,104.98,340.6,104.98,340.6,202.86,307.68,202.86
308.07,105.06,341.03,105.06,341.03,203.06,308.07,203.06
307.56,104.43,340.45,104.43,340.45,202.22,307.56,202.22
307.5,105.11,340.4,105.11,340.4,202.91,307.5,202.91
306.93,105.65,339.79,105.65,339.79,203.33,306.93,203.33
306.46,105.99,339.2,105.99,339.2,203.32,306.46,203.32
305.68,105.81,338.23,105.81,338.23,202.6,305.68,202.6
305.14,105.87,337.51,105.87,337.51,202.12,305.14,202.12
304.87,105.63,337.29,105.63,337.29,202,304.87,202
304.13,105.69,336.56,105.69,336.56,202.1,304.13,202.1
303.31,104.84,335.62,104.84,335.62,200.92,303.31,200.92
302.15,104,334.54,104,334.54,200.3,302.15,200.3
301.52,103.12,334.04,103.12,334.04,199.82,301.52,199.82
300.48,101.78,332.94,101.78,332.94,198.3,300.48,198.3
300.3,101.94,332.53,101.94,332.53,197.77,300.3,197.77
299.7,101.92,332.06,101.92,332.06,198.12,299.7,198.12
299.96,102.42,332.45,102.42,332.45,199.03,299.96,199.03
298.95,101.85,331.46,101.85,331.46,198.5,298.95,198.5
298.9,101.91,331.34,101.91,331.34,198.35,298.9,198.35
299.07,102.26,331.39,102.26,331.39,198.37,299.07,198.37
298.59,102.73,330.76,102.73,330.76,198.38,298.59,198.38
297.97,102.81,330.09,102.81,330.09,198.31,297.97,198.31
297.45,102.54,329.57,102.54,329.57,198.02,297.45,198.02
297.21,101.92,329.37,101.92,329.37,197.54,297.21,197.54
296.67,101.31,328.74,101.31,328.74,196.66,296.67,196.66
296.59,100.33,328.62,100.33,328.62,195.55,296.59,195.55
295.69,99.52,327.52,99.52,327.52,194.17,295.69,194.17
296.04,99.86,327.72,99.86,327.72,194.05,296.04,194.05
295.27,99.611,326.88,99.611,326.88,193.57,295.27,193.57
294.99,100.15,326.65,100.15,326.65,194.25,294.99,194.25
294.57,100.89,326.02,100.89,326.02,194.4,294.57,194.4
293.93,100.6,325.26,100.6,325.26,193.72,293.93,193.72
293.5,100.97,324.87,100.97,324.87,194.25,293.5,194.25
292.6,100.7,324.07,100.7,324.07,194.27,292.6,194.27
291.17,99.998,322.41,99.998,322.41,192.88,291.17,192.88
290.22,99.743,321.4,99.743,321.4,192.46,290.22,192.46
289.16,98.912,320.15,98.912,320.15,191.05,289.16,191.05
288.75,97.943,319.92,97.943,319.92,190.62,288.75,190.62
287.69,96.854,318.93,96.854,318.93,189.74,287.69,189.74
287.31,96.319,318.42,96.319,318.42,188.79,287.31,188.79
287.16,96.39,318.29,96.39,318.29,188.92,287.16,188.92
286.49,96.143,317.6,96.143,317.6,188.65,286.49,188.65
286.29,96.711,317.34,96.711,317.34,189.02,286.29,189.02
285.95,96.972,316.98,96.972,316.98,189.21,285.95,189.21
285.26,97.125,316.26,97.125,316.26,189.3,285.26,189.3
284.32,97.399,314.99,97.399,314.99,188.6,284.32,188.6
283.45,96.917,314.12,96.917,314.12,188.12,283.45,188.12
282.7,96.974,313.3,96.974,313.3,187.94,282.7,187.94
282.34,96.427,312.92,96.427,312.92,187.34,282.34,187.34
281.66,95.951,312.42,95.951,312.42,187.4,281.66,187.4
280.94,94.285,311.95,94.285,311.95,186.47,280.94,186.47
280.51,93.805,311.52,93.805,311.52,186,280.51,186
280.15,93.528,311.05,93.528,311.05,185.39,280.15,185.39
279.6,93.473,310.46,93.473,310.46,185.21,279.6,185.21
279.66,94.251,310.37,94.251,310.37,185.53,279.66,185.53
278.87,94.691,309.33,94.691,309.33,185.22,278.87,185.22
278.97,95.363,309.37,95.363,309.37,185.74,278.97,185.74
277.75,98.08,308.05,98.08,308.05,188.16,277.75,188.16
277.51,101.65,307.73,101.65,307.73,191.5,277.51,191.5
276.49,104.23,306.75,104.23,306.75,194.19,276.49,194.19
275.7,108.02,305.91,108.02,305.91,197.85,275.7,197.85
274.83,110.58,305.09,110.58,305.09,200.55,274.83,200.55
274.54,113.65,304.94,113.65,304.94,204.02,274.54,204.02
273.76,115.25,304.17,115.25,304.17,205.67,273.76,205.67
272.93,114.77,303.58,114.77,303.58,205.89,272.93,205.89
272.43,114.58,302.96,114.58,302.96,205.34,272.43,205.34
272.6,115.35,303.12,115.35,303.12,206.08,272.6,206.08
272.4,115.54,302.94,115.54,302.94,206.32,272.4,206.32
271.95,115.57,302.56,115.57,302.56,206.57,271.95,206.57
271.49,115.62,302.12,115.62,302.12,206.67,271.49,206.67
271.17,115.2,301.63,115.2,301.63,205.76,271.17,205.76
270.7,115.27,301.03,115.27,301.03,205.46,270.7,205.46
270.83,115.3,301.16,115.3,301.16,205.46,270.83,205.46
270.61,114.51,300.81,114.51,300.81,204.3,270.61,204.3
270.53,113.87,300.73,113.87,300.73,203.67,270.53,203.67
270.18,113,300.57,113,300.57,203.35,270.18,203.35
269.95,111.9,300.31,111.9,300.31,202.17,269.95,202.17
270.13,112.06,300.5,112.06,300.5,202.34,270.13,202.34
269.86,111.95,300.21,111.95,300.21,202.18,269.86,202.18
269.93,112.48,300.2,112.48,300.2,202.46,269.93,202.46
269.95,113.11,299.99,113.11,299.99,202.43,269.95,202.43
269.68,113.71,299.74,113.71,299.74,203.08,269.68,203.08
269.36,113.6,299.2,113.6,299.2,202.3,269.36,202.3
268.88,113.18,298.68,113.18,298.68,201.78,268.88,201.78
268.31,113.76,298.07,113.76,298.07,202.23,268.31,202.23
267.92,116.39,297.71,116.39,297.71,204.96,267.92,204.96
267.42,119.3,297.24,119.3,297.24,207.95,267.42,207.95
267.25,122.09,297.18,122.09,297.18,211.05,267.25,211.05
266.87,124.8,296.85,124.8,296.85,213.94,266.87,213.94
266.3,127.52,296.39,127.52,296.39,216.96,266.3,216.96
266.23,127.25,296.4,127.25,296.4,216.96,266.23,216.96
265.42,127.33,295.6,127.33,295.6,217.04,265.42,217.04
265.63,127.54,295.69,127.54,295.69,216.89,265.63,216.89
265.66,128.25,295.64,128.25,295.64,217.39,265.66,217.39
265.31,128.31,295.41,128.31,295.41,217.79,265.31,217.79
265.21,128.42,295.28,128.42,295.28,217.82,265.21,217.82
265.09,128.59,294.86,128.59,294.86,217.09,265.09,217.09
265.03,128.73,294.72,128.73,294.72,216.98,265.03,216.98
264.51,128.02,294.32,128.02,294.32,216.63,264.51,216.63
264.24,127.2,294.05,127.2,294.05,215.82,264.24,215.82
264.03,126.5,293.78,126.5,293.78,214.95,264.03,214.95
263.83,125.63,293.74,125.63,293.74,214.56,263.83,214.56
263.47,124.87,293.35,124.87,293.35,213.71,263.47,213.71
263.22,124.68,293.06,124.68,293.06,213.39,263.22,213.39
263.14,125.41,292.89,125.41,292.89,213.85,263.14,213.85
263.37,126.08,293.1,126.08,293.1,214.47,263.37,214.47
262.81,126.39,292.4,126.39,292.4,214.35,262.81,214.35
262.27,126.62,291.77,126.62,291.77,214.32,262.27,214.32
262.24,127.32,291.47,127.32,291.47,214.23,262.24,214.23
261.69,126.87,290.93,126.87,290.93,213.8,261.69,213.8
261.04,126.72,290.33,126.72,290.33,213.78,261.04,213.78
260.24,126.03,289.36,126.03,289.36,212.6,260.24,212.6
259.66,125.54,288.82,125.54,288.82,212.24,259.66,212.24
259.28,124.59,288.38,124.59,288.38,211.1,259.28,211.1
258.5,123.8,287.47,123.8,287.47,209.93,258.5,209.93
258.61,123.5,287.87,123.5,287.87,210.48,258.61,210.48
258.09,123.12,287.27,123.12,287.27,209.85,258.09,209.85
257.85,123.24,287.01,123.24,287.01,209.95,257.85,209.95
257.69,123.65,286.79,123.65,286.79,210.17,257.69,210.17
257.55,124.11,286.3,124.11,286.3,209.57,257.55,209.57
257.54,124.12,286.54,124.12,286.54,210.33,257.54,210.33
257.29,124.21,286.04,124.21,286.04,209.68,257.29,209.68
256.96,124.08,285.69,124.08,285.69,209.49,256.96,209.49
256.9,123.33,285.7,123.33,285.7,208.94,256.9,208.94
256.52,122.7,285.32,122.7,285.32,208.31,256.52,208.31
256.42,122.14,285.34,122.14,285.34,208.14,256.42,208.14
256.04,121.29,284.97,121.29,284.97,207.3,256.04,207.3
256.08,121.05,284.87,121.05,284.87,206.64,256.08,206.64
256.01,120.78,284.76,120.78,284.76,206.26,256.01,206.26
255.75,121.03,284.45,121.03,284.45,206.37,255.75,206.37
255.84,121.46,284.52,121.46,284.52,206.71,255.84,206.71
255.4,121.92,283.77,121.92,283.77,206.26,255.4,206.26
255.22,122.51,283.47,122.51,283.47,206.5,255.22,206.5
256.96,122.25,285.26,122.25,285.26,206.38,256.96,206.38
263.27,121.92,291.63,121.92,291.63,206.24,263.27,206.24
268.11,121.7,296.43,121.7,296.43,205.9,268.11,205.9
273.17,121.25,301.51,121.25,301.51,205.49,273.17,205.49
280.28,120.72,308.42,120.72,308.42,204.38,280.28,204.38
283.97,119.21,312.19,119.21,312.19,203.1,283.97,203.1
289.82,118.76,317.83,118.76,317.83,202.03,289.82,202.03
294.75,118.89,322.61,118.89,322.61,201.74,294.75,201.74
300.54,117.95,328.32,117.95,328.32,200.53,300.54,200.53
307.23,117.75,335.05,117.75,335.05,200.45,307.23,200.45
311.45,118.2,339.15,118.2,339.15,200.57,311.45,200.57
317.89,118.42,345.39,118.42,345.39,200.17,317.89,200.17
322.67,118.99,350.04,118.99,350.04,200.35,322.67,200.35
328.71,118.27,355.95,118.27,355.95,199.28,328.71,199.28
334.9,118.36,362.27,118.36,362.27,199.73,334.9,199.73
339.14,117.28,366.54,117.28,366.54,198.76,339.14,198.76
344.74,117.09,371.99,117.09,371.99,198.11,344.74,198.11
350.57,116.71,377.8,116.71,377.8,197.66,350.57,197.66
357.18,115.75,384.48,115.75,384.48,196.91,357.18,196.91
361.78,114.69,389.1,114.69,389.1,195.9,361.78,195.9
367.56,114.31,394.78,114.31,394.78,195.21,367.56,195.21
373.11,114.46,400.24,114.46,400.24,195.12,373.11,195.12
378.42,114.19,405.61,114.19,405.61,195.01,378.42,195.01
385.87,114.8,413.12,114.8,413.12,195.8,385.87,195.8
389.87,114.41,416.93,114.41,416.93,194.85,389.87,194.85
394.91,114.5,421.79,114.5,421.79,194.42,394.91,194.42
400.62,114.2,427.4,114.2,427.4,193.8,400.62,193.8
405.85,113.75,432.57,113.75,432.57,193.16,405.85,193.16
411.27,113.11,437.87,113.11,437.87,192.21,411.27,192.21
416.35,111.86,442.95,111.86,442.95,190.95,416.35,190.95
421.02,111.34,447.44,111.34,447.44,189.9,421.02,189.9
426.78,110.64,453.25,110.64,453.25,189.35,426.78,189.35
433.56,109.65,460,109.65,460,188.26,433.56,188.26
437.95,109.24,464.46,109.24,464.46,188.05,437.95,188.05
443.18,108.41,469.46,108.41,469.46,186.55,443.18,186.55
448.51,108.79,474.61,108.79,474.61,186.36,448.51,186.36
454.23,109.03,480.14,109.03,480.14,186.06,454.23,186.06
461.29,109.68,487.06,109.68,487.06,186.31,461.29,186.31
466.51,108.56,492.19,108.56,492.19,184.91,466.51,184.91
472.33,108.68,498.03,108.68,498.03,185.07,472.33,185.07
477.21,108.06,502.99,108.06,502.99,184.69,477.21,184.69
483.41,107.28,509.19,107.28,509.19,183.91,483.41,183.91
489.28,107.02,515.14,107.02,515.14,183.92,489.28,183.92
494.28,105.85,520.21,105.85,520.21,182.94,494.28,182.94
500.55,104.87,526.48,104.87,526.48,181.98,500.55,181.98
506.48,104.71,532.44,104.71,532.44,181.89,506.48,181.89
511.91,104.25,538.07,104.25,538.07,182.03,511.91,182.03
511.27,104.14,537.27,104.14,537.27,181.43,511.27,181.43
512.28,104.54,538.11,104.54,538.11,181.34,512.28,181.34
511.21,104.68,536.96,104.68,536.96,181.21,511.21,181.21
511.5,105.14,537.16,105.14,537.16,181.42,511.5,181.42
511.78,105.65,537.4,105.65,537.4,181.83,511.78,181.83
510.87,105.83,536.44,105.83,536.44,181.84,510.87,181.84
510.63,105.08,536.08,105.08,536.08,180.75,510.63,180.75
510.67,104.94,536.16,104.94,536.16,180.74,510.67,180.74
509.72,103.81,535.23,103.81,535.23,179.65,509.72,179.65
509.57,102.88,535.14,102.88,535.14,178.9,509.57,178.9
508.71,102.01,534.24,102.01,534.24,177.9,508.71,177.9
508.58,101.45,534.18,101.45,534.18,177.56,508.58,177.56
508.2,100.55,533.83,100.55,533.83,176.74,508.2,176.74
508.31,100.96,534,100.96,534,177.33,508.31,177.33
508.57,101.53,534.23,101.53,534.23,177.81,508.57,177.81
508.27,101.37,533.98,101.37,533.98,177.8,508.27,177.8
508.24,101.52,533.92,101.52,533.92,177.85,508.24,177.85
508.39,101.7,534.09,101.7,534.09,178.09,508.39,178.09
507.72,101.06,533.39,101.06,533.39,177.38,507.72,177.38
507.67,100.98,533.38,100.98,533.38,177.4,507.67,177.4
506.19,100.78,531.86,100.78,531.86,177.09,506.19,177.09
497.92,100.31,523.68,100.31,523.68,176.88,497.92,176.88
493.42,99.762,519.14,99.762,519.14,176.23,493.42,176.23
488.13,99.144,513.85,99.144,513.85,175.6,488.13,175.6
487.8,99.023,513.59,99.023,513.59,175.68,487.8,175.68
485.74,99.242,511.55,99.242,511.55,175.97,485.74,175.97
478.28,99.109,504.01,99.109,504.01,175.6,478.28,175.6
473.48,99.916,499.21,99.916,499.21,176.39,473.48,176.39
466.65,100.41,492.33,100.41,492.33,176.75,466.65,176.75
460.37,100.42,485.95,100.42,485.95,176.5,460.37,176.5
454.5,99.979,480.08,99.979,480.08,176.02,454.5,176.02
447.04,100,472.63,100,472.63,176.08,447.04,176.08
441.35,99.406,466.95,99.406,466.95,175.52,441.35,175.52
434.77,99.028,460.4,99.028,460.4,175.24,434.77,175.24
429.33,98.783,455.11,98.783,455.11,175.44,429.33,175.44
423.2,98.191,449,98.191,449,174.88,423.2,174.88
416.91,97.803,442.59,97.803,442.59,174.15,416.91,174.15
410.68,97.715,436.3,97.715,436.3,173.88,410.68,173.88
404.47,97.68,430.1,97.68,430.1,173.86,404.47,173.86
399.71,98.113,425.18,98.113,425.18,173.85,399.71,173.85
393.07,98.905,418.58,98.905,418.58,174.74,393.07,174.74
387.11,98.794,412.51,98.794,412.51,174.32,387.11,174.32
387.64,99.168,412.96,99.168,412.96,174.45,387.64,174.45
385.77,98.507,411.07,98.507,411.07,173.71,385.77,173.71
386.81,98.899,411.99,98.899,411.99,173.75,386.81,173.75
386.34,99.089,411.54,99.089,411.54,174.02,386.34,174.02
386.59,98.388,411.95,98.388,411.95,173.79,386.59,173.79
386.49,97.343,411.75,97.343,411.75,172.45,386.49,172.45
385.73,97.211,410.96,97.211,410.96,172.23,385.73,172.23
386.25,96.836,411.49,96.836,411.49,171.86,386.25,171.86
385.9,96.647,411.18,96.647,411.18,171.8,385.9,171.8
385.73,96.756,410.88,96.756,410.88,171.53,385.73,171.53
386.69,97.664,411.84,97.664,411.84,172.43,386.69,172.43
386.12,97.848,411.25,97.848,411.25,172.54,386.12,172.54
386.23,98.097,411.32,98.097,411.32,172.68,386.23,172.68
385.32,97.743,410.48,97.743,410.48,172.53,385.32,172.53
385.66,98.067,410.7,98.067,410.7,172.52,385.66,172.52
385.12,97.821,409.97,97.821,409.97,171.72,385.12,171.72
385,97.92,409.86,97.92,409.86,171.83,385,171.83
384.68,97.249,409.71,97.249,409.71,171.67,384.68,171.67
383.87,95.831,408.92,95.831,408.92,170.31,383.87,170.31
383.46,95.723,408.39,95.723,408.39,169.84,383.46,169.84
383.99,95.963,408.88,95.963,408.88,169.98,383.99,169.98
383.56,95.745,408.49,95.745,408.49,169.84,383.56,169.84
383.65,95.434,408.55,95.434,408.55,169.46,383.65,169.46
383.61,95.885,408.42,95.885,408.42,169.66,383.61,169.66
382.9,95.968,407.63,95.968,407.63,169.52,382.9,169.52
382.9,96.051,407.46,96.051,407.46,169.08,382.9,169.08
382.6,96.268,407.04,96.268,407.04,168.94,382.6,168.94
382.98,96.651,407.42,96.651,407.42,169.3,382.98,169.3
382.88,96.277,407.33,96.277,407.33,168.96,382.88,168.96
382.21,95.5,406.54,95.5,406.54,167.85,382.21,167.85
382.41,95.412,406.76,95.412,406.76,167.82,382.41,167.82
382.14,94.728,406.53,94.728,406.53,167.24,382.14,167.24
382.2,94.353,406.64,94.353,406.64,167,382.2,167
382.07,94.22,406.58,94.22,406.58,167.09,382.07,167.09
381.36,93.584,405.94,93.584,405.94,166.65,381.36,166.65
381.57,94.591,405.99,94.591,405.99,167.18,381.57,167.18
381.45,94.967,405.91,94.967,405.91,167.68,381.45,167.68
380.98,94.894,405.24,94.894,405.24,167.03,380.98,167.03
380.62,94.778,404.82,94.778,404.82,166.72,380.62,166.72
380.17,94.501,404.35,94.501,404.35,166.39,380.17,166.39
380.32,94.243,404.64,94.243,404.64,166.54,380.32,166.54
379.65,93.769,403.9,93.769,403.9,165.86,379.65,165.86
379.17,92.839,403.53,92.839,403.53,165.27,379.17,165.27
379.35,92.642,403.85,92.642,403.85,165.46,379.35,165.46
378.48,91.61,402.97,91.61,402.97,164.41,378.48,164.41
378.5,91.378,402.87,91.378,402.87,163.82,378.5,163.82
378.78,91.685,403.28,91.685,403.28,164.51,378.78,164.51
378.41,91.562,402.74,91.562,402.74,163.91,378.41,163.91
378.86,92.363,403.18,92.363,403.18,164.67,378.86,164.67
378.77,92.369,403.02,92.369,403.02,164.47,378.77,164.47
378.49,92.175,402.61,92.175,402.61,163.86,378.49,163.86
378.93,92.623,403,92.623,403,164.16,378.93,164.16
378.8,92.762,402.8,92.762,402.8,164.11,378.8,164.11
378.39,92.231,402.28,92.231,402.28,163.24,378.39,163.24
378.77,92.165,402.66,92.165,402.66,163.17,378.77,163.17
378.89,91.504,402.8,91.504,402.8,162.58,378.89,162.58
379.01,90.936,402.95,90.936,402.95,162.1,379.01,162.1
378.46,90.27,402.36,90.27,402.36,161.31,378.46,161.31
379.15,90.355,403.06,90.355,403.06,161.45,379.15,161.45
379.14,90.441,403.1,90.441,403.1,161.67,379.14,161.67
378.64,90.465,402.41,90.465,402.41,161.14,378.64,161.14
378.46,90.952,402.13,90.952,402.13,161.32,378.46,161.32
378.75,91.401,402.41,91.401,402.41,161.73,378.75,161.73
378.89,91.724,402.47,91.724,402.47,161.83,378.89,161.83
378.95,91.928,402.6,91.928,402.6,162.23,378.95,162.23
378.67,91.393,402.34,91.393,402.34,161.75,378.67,161.75
378.32,90.832,402.05,90.832,402.05,161.4,378.32,161.4
377.16,90.514,400.79,90.514,400.79,160.76,377.16,160.76
370.18,90.274,393.92,90.274,393.92,160.83,370.18,160.83
366.12,89.635,389.71,89.635,389.71,159.74,366.12,159.74
360.21,89.821,383.7,89.821,383.7,159.64,360.21,159.64
355.11,89.177,378.56,89.177,378.56,158.89,355.11,158.89
347.3,89.353,370.73,89.353,370.73,159,347.3,159
342.38,89.745,365.69,89.745,365.69,159.04,342.38,159.04
338.02,90.607,361.38,90.607,361.38,160.08,338.02,160.08
331.29,91.277,354.69,91.277,354.69,160.85,331.29,160.85
326.32,91.27,349.56,91.27,349.56,160.38,326.32,160.38
318.75,91.363,341.92,91.363,341.92,160.24,318.75,160.24
314.21,91.745,337.33,91.745,337.33,160.48,314.21,160.48
308.73,92.4,331.85,92.4,331.85,161.14,308.73,161.14
302.49,91.714,325.66,91.714,325.66,160.62,302.49,160.62
296.36,91.28,319.4,91.28,319.4,159.79,296.36,159.79
289.94,91.458,313.01,91.458,313.01,160.06,289.94,160.06
285.31,91.523,308.3,91.523,308.3,159.87,285.31,159.87
278.78,90.755,301.73,90.755,301.73,158.98,278.78,158.98
272.39,90.323,295.24,90.323,295.24,158.25,272.39,158.25
266.7,91.811,289.54,91.811,289.54,159.72,266.7,159.72
260.96,92.058,283.91,92.058,283.91,160.3,260.96,160.3
260.17,92.736,283.04,92.736,283.04,160.74,260.17,160.74
259.48,93.399,282.38,93.399,282.38,161.46,259.48,161.46
260.2,93.224,283.12,93.224,283.12,161.37,260.2,161.37
259.25,92.749,282.07,92.749,282.07,160.61,259.25,160.61
259.31,93.187,282.25,93.187,282.25,161.36,259.31,161.36
258.96,91.832,281.96,91.832,281.96,160.22,258.96,160.22
258.41,91.798,281.38,91.798,281.38,160.09,258.41,160.09
258.36,90.911,281.25,90.911,281.25,158.95,258.36,158.95
258.39,90.606,281.27,90.606,281.27,158.63,258.39,158.63
258.16,90.869,281,90.869,281,158.76,258.16,158.76
258.4,90.965,281.23,90.965,281.23,158.84,258.4,158.84
257.91,91.384,280.74,91.384,280.74,159.25,257.91,159.25
254.4,92.188,277.23,92.188,277.23,160.04,254.4,160.04
247.72,92.099,270.59,92.099,270.59,160.09,247.72,160.09
240.09,92.795,262.81,92.795,262.81,160.35,240.09,160.35
234.15,92.833,256.84,92.833,256.84,160.28,234.15,160.28
227.27,92.656,249.92,92.656,249.92,160,227.27,160
221.84,92.402,244.57,92.402,244.57,159.99,221.84,159.99
215.63,91.909,238.39,91.909,238.39,159.57,215.63,159.57
209.06,91.843,231.88,91.843,231.88,159.69,209.06,159.69
202.92,91.756,225.77,91.756,225.77,159.68,202.92,159.68
195.98,91.236,218.88,91.236,218.88,159.31,195.98,159.31
191.07,91.005,214.02,91.005,214.02,159.25,191.07,159.25
183.57,91.089,206.57,91.089,206.57,159.47,183.57,159.47
182.18,91.488,205.18,91.488,205.18,159.85,182.18,159.85
181.45,92.163,204.48,92.163,204.48,160.64,181.45,160.64
181.59,92.322,204.65,92.322,204.65,160.87,181.59,160.87
180.79,92.363,203.86,92.363,203.86,160.96,180.79,160.96
179.81,92.586,202.96,92.586,202.96,161.42,179.81,161.42
179.47,91.907,202.55,91.907,202.55,160.5,179.47,160.5
178.2,91.842,201.37,91.842,201.37,160.73,178.2,160.73
177.62,90.772,200.64,90.772,200.64,159.22,177.62,159.22
177.26,90.197,200.29,90.197,200.29,158.67,177.26,158.67
177.02,90.84,200.19,90.84,200.19,159.72,177.02,159.72
176.18,89.134,199.26,89.134,199.26,157.76,176.18,157.76
176.31,90.448,199.31,90.448,199.31,158.82,176.31,158.82
175.7,90.182,198.58,90.182,198.58,158.21,175.7,158.21
174.9,90.677,197.64,90.677,197.64,158.29,174.9,158.29
174.34,91.19,197.09,91.19,197.09,158.82,174.34,158.82
173.97,90.959,196.62,90.959,196.62,158.29,173.97,158.29
173.72,90.821,196.28,90.821,196.28,157.88,173.72,157.88
174.27,91.506,196.77,91.506,196.77,158.41,174.27,158.41
173.76,90.625,196.3,90.625,196.3,157.62,173.76,157.62
173.67,91.409,196.23,91.409,196.23,158.5,173.67,158.5
173.74,90.384,196.38,90.384,196.38,157.7,173.74,157.7
172.48,89.543,195.26,89.543,195.26,157.25,172.48,157.25
173.51,90.288,196.4,90.288,196.4,158.34,173.51,158.34
172.95,89.813,195.83,89.813,195.83,157.83,172.95,157.83
172.87,90.294,195.87,90.294,195.87,158.68,172.87,158.68
172.26,90.004,195.34,90.004,195.34,158.61,172.26,158.61
171.72,90.308,194.75,90.308,194.75,158.8,171.72,158.8
170.19,90.902,193.31,90.902,193.31,159.63,170.19,159.63
169.23,91.147,192.3,91.147,192.3,159.75,169.23,159.75
170.45,90.673,193.58,90.673,193.58,159.44,170.45,159.44
169.6,90.752,192.86,90.752,192.86,159.89,169.6,159.89
169.03,90.392,192.3,90.392,192.3,159.57,169.03,159.57
169.17,90.359,192.54,90.359,192.54,159.86,169.17,159.86
166.11,88.303,189.35,88.303,189.35,157.42,166.11,157.42
164.22,87.246,187.14,87.246,187.14,155.4,164.22,155.4
165.53,88.049,188.34,88.049,188.34,155.86,165.53,155.86
164.51,88.024,187.18,88.024,187.18,155.42,164.51,155.42
164.69,88.072,187.19,88.072,187.19,154.97,164.69,154.97
164.3,88.91,186.76,88.91,186.76,155.68,164.3,155.68
163.93,89.141,186.33,89.141,186.33,155.75,163.93,155.75
163.04,89.232,185.33,89.232,185.33,155.49,163.04,155.49
163.66,89.87,185.97,89.87,185.97,156.21,163.66,156.21
162.96,90.034,185.3,90.034,185.3,156.45,162.96,156.45
163.39,89.672,185.69,89.672,185.69,155.96,163.39,155.96
162.61,89.098,184.97,89.098,184.97,155.58,162.61,155.58
161.25,88.743,183.6,88.743,183.6,155.18,161.25,155.18
160.04,88.038,182.39,88.038,182.39,154.47,160.04,154.47
160.5,86.837,182.81,86.837,182.81,153.18,160.5,153.18
161.06,87.64,183.4,87.64,183.4,154.05,161.06,154.05
160.83,86.666,183.04,86.666,183.04,152.72,160.83,152.72
160.89,87.331,183.18,87.331,183.18,153.61,160.89,153.61
160.14,87.943,182.34,87.943,182.34,153.94,160.14,153.94
160.06,87.876,182.2,87.876,182.2,153.68,160.06,153.68
159.28,88.241,181.36,88.241,181.36,153.87,159.28,153.87
159.01,88.696,181.09,88.696,181.09,154.35,159.01,154.35
158.43,88.287,180.67,88.287,180.67,154.38,158.43,154.38
158.43,87.951,180.63,87.951,180.63,153.94,158.43,153.94
157.89,87.2,180.22,87.2,180.22,153.57,157.89,153.57
157.74,86.642,180.08,86.642,180.08,153.03,157.74,153.03
157.38,86.923,179.82,86.923,179.82,153.64,157.38,153.64
156.95,84.677,179.36,84.677,179.36,151.29,156.95,151.29
156.33,84.769,178.68,84.769,178.68,151.22,156.33,151.22
155.94,85.286,178.26,85.286,178.26,151.65,155.94,151.65
156.6,86.12,178.86,86.12,178.86,152.3,156.6,152.3
159.04,84.708,181.35,84.708,181.35,151.04,159.04,151.04
173.03,86.799,195.39,86.799,195.39,153.28,173.03,153.28
181.82,86.392,204.24,86.392,204.24,153.05,181.82,153.05
195.59,85.986,217.97,85.986,217.97,152.51,195.59,152.51
206.91,84.336,229.37,84.336,229.37,151.1,206.91,151.1
218.08,85.041,240.64,85.041,240.64,152.14,218.08,152.14
228.53,83.027,251.19,83.027,251.19,150.39,228.53,150.39
239.58,83.553,262.26,83.553,262.26,150.98,239.58,150.98
251.55,82.378,274.14,82.378,274.14,149.55,251.55,149.55
263.03,81.726,285.67,81.726,285.67,149.04,263.03,149.04
274.32,81.514,296.89,81.514,296.89,148.6,274.32,148.6
286.52,80.978,309.08,80.978,309.08,148.04,286.52,148.04
297.35,81.191,319.91,81.191,319.91,148.26,297.35,148.26
310.62,82.038,333.2,82.038,333.2,149.19,310.62,149.19
318.35,80.827,340.89,80.827,340.89,147.84,318.35,147.84
331.65,80.322,354.19,80.322,354.19,147.31,331.65,147.31
339.36,79.708,361.88,79.708,361.88,146.65,339.36,146.65
353.7,78.966,376.4,78.966,376.4,146.45,353.7,146.45
362.1,78.089,384.89,78.089,384.89,145.86,362.1,145.86
375.9,77.287,398.78,77.287,398.78,145.32,375.9,145.32
386.31,76.492,409.28,76.492,409.28,144.79,386.31,144.79
396.48,75.863,419.5,75.863,419.5,144.29,396.48,144.29
408.15,75.136,431.18,75.136,431.18,143.61,408.15,143.61
417.21,74.925,440.27,74.925,440.27,143.48,417.21,143.48
431.19,74.983,454.13,74.983,454.13,143.19,431.19,143.19
440.73,74.321,463.66,74.321,463.66,142.49,440.73,142.49
452.94,74.46,475.7,74.46,475.7,142.13,452.94,142.13
464.33,75.582,487.12,75.582,487.12,143.33,464.33,143.33
475.07,74.181,497.85,74.181,497.85,141.9,475.07,141.9
488.77,75.786,511.61,75.786,511.61,143.67,488.77,143.67
496.33,73.998,519.27,73.998,519.27,142.18,496.33,142.18
510.44,73.765,533.47,73.765,533.47,142.22,510.44,142.22
521.13,73.469,544.13,73.469,544.13,141.82,521.13,141.82
533.77,73.987,556.7,73.987,556.7,142.14,533.77,142.14
544.73,72.76,567.75,72.76,567.75,141.2,544.73,141.2
555.15,73.037,578.17,73.037,578.17,141.48,555.15,141.48
567.46,71.116,590.62,71.116,590.62,139.98,567.46,139.98
572.57,71.424,595.59,71.424,595.59,139.86,572.57,139.86
571.77,71.354,594.69,71.354,594.69,139.5,571.77,139.5
571.33,70.609,594.21,70.609,594.21,138.65,571.33,138.65
571.52,71.787,594.31,71.787,594.31,139.55,571.52,139.55
570.42,71.736,593.12,71.736,593.12,139.24,570.42,139.24
570.24,71.447,592.85,71.447,592.85,138.68,570.24,138.68
570.77,72.653,593.37,72.653,593.37,139.86,570.77,139.86
570.42,72.867,593.01,72.867,593.01,140.04,570.42,140.04
570.33,71.809,592.95,71.809,592.95,139.04,570.33,139.04
569.5,71.069,592.08,71.069,592.08,138.19,569.5,138.19
569.95,71.313,592.5,71.313,592.5,138.37,569.95,138.37
569.77,71.604,592.23,71.604,592.23,138.4,569.77,138.4
569.16,71.448,591.52,71.448,591.52,137.91,569.16,137.91
570.35,73.709,592.54,73.709,592.54,139.67,570.35,139.67
568,70.916,590.06,70.916,590.06,136.51,568,136.51
568.28,71.984,590.27,71.984,590.27,137.35,568.28,137.35
568.95,72.569,590.92,72.569,590.92,137.89,568.95,137.89
568.47,72.806,590.39,72.806,590.39,137.97,568.47,137.97
567.74,71.218,589.63,71.218,589.63,136.29,567.74,136.29
567.36,71.398,589.21,71.398,589.21,136.36,567.36,136.36
567.2,71.246,589.08,71.246,589.08,136.28,567.2,136.28
567.1,71.353,589.01,71.353,589.01,136.49,567.1,136.49
567.3,71.376,589.21,71.376,589.21,136.53,567.3,136.53
567.11,70.661,589.02,70.661,589.02,135.82,567.11,135.82
564.85,71.051,586.71,71.051,586.71,136.06,564.85,136.06
549.38,71.288,571.29,71.288,571.29,136.43,549.38,136.43
538.17,70.628,560.03,70.628,560.03,135.62,538.17,135.62
528.12,72.428,549.98,72.428,549.98,137.42,528.12,137.42
513.48,71.876,535.29,71.876,535.29,136.72,513.48,136.72
504.53,72.433,526.26,72.433,526.26,137.03,504.53,137.03
489.44,73.385,511.08,73.385,511.08,137.72,489.44,137.72
479.7,72.452,501.34,72.452,501.34,136.78,479.7,136.78
467.73,71.905,489.36,71.905,489.36,136.21,467.73,136.21
454.71,73.193,476.38,73.193,476.38,137.63,454.71,137.63
442.6,71.729,464.33,71.729,464.33,136.34,442.6,136.34
430.86,71.181,452.74,71.181,452.74,136.21,430.86,136.21
421.48,71.295,443.49,71.295,443.49,136.71,421.48,136.71
408.04,71.416,430.14,71.416,430.14,137.12,408.04,137.12
395.54,70.205,417.61,70.205,417.61,135.83,395.54,135.83
384.79,71.934,406.85,71.934,406.85,137.49,384.79,137.49
372.3,71.654,394.36,71.654,394.36,137.26,372.3,137.26
360.77,72.577,382.82,72.577,382.82,138.15,360.77,138.15
348.71,72.9,370.64,72.9,370.64,138.1,348.71,138.1
342,72.475,363.78,72.475,363.78,137.22,342,137.22
343.7,73.207,365.37,73.207,365.37,137.62,343.7,137.62
341.82,73.114,363.25,73.114,363.25,136.82,341.82,136.82
342.83,70.172,364.04,70.172,364.04,133.21,342.83,133.21
341.77,73.143,362.79,73.143,362.79,135.62,341.77,135.62
343.63,69.926,364.49,69.926,364.49,131.96,343.63,131.96
342.87,70.36,363.54,70.36,363.54,131.83,342.87,131.83
342.73,70.726,363.22,70.726,363.22,131.63,342.73,131.63
343.73,72.371,364.18,72.371,364.18,133.17,343.73,133.17
344.52,71.983,364.92,71.983,364.92,132.62,344.52,132.62
343.38,70.273,363.61,70.273,363.61,130.43,343.38,130.43
343.61,71.629,363.84,71.629,363.84,131.8,343.61,131.8
344.03,71.492,364.25,71.492,364.25,131.62,344.03,131.62
343.02,72.22,363.22,72.22,363.22,132.28,343.02,132.28
343.68,70.087,363.79,70.087,363.79,129.88,343.68,129.88
343.14,68.91,363.22,68.91,363.22,128.59,343.14,128.59
343.16,69.561,363.16,69.561,363.16,129.01,343.16,129.01
343.79,69.413,363.67,69.413,363.67,128.52,343.79,128.52
343.29,69.696,363.07,69.696,363.07,128.5,343.29,128.5
343.28,70.242,362.95,70.242,362.95,128.71,343.28,128.71
342.93,70.009,362.2,70.009,362.2,127.29,342.93,127.29
343.54,71.321,362.78,71.321,362.78,128.52,343.54,128.52
343.23,70.849,362.31,70.849,362.31,127.57,343.23,127.57
343,71.383,361.84,71.383,361.84,127.4,343,127.4
343.08,71.686,361.63,71.686,361.63,126.84,343.08,126.84
343.06,71.776,361.43,71.776,361.43,126.39,343.06,126.39
342.76,71.552,360.88,71.552,360.88,125.44,342.76,125.44
343.02,71.895,360.87,71.895,360.87,124.95,343.02,124.95
342.38,72.119,360.03,72.119,360.03,124.6,342.38,124.6
342.74,71.581,360.2,71.581,360.2,123.49,342.74,123.49
342.59,71.409,359.96,71.409,359.96,123.03,342.59,123.03
342.25,71.066,359.62,71.066,359.62,122.7,342.25,122.7
342.4,71.496,359.64,71.496,359.64,122.76,342.4,122.76
341.85,71.099,359.11,71.099,359.11,122.43,341.85,122.43
341.88,71.13,359.07,71.13,359.07,122.23,341.88,122.23
342.38,71.198,359.58,71.198,359.58,122.32,342.38,122.32
342.46,71.938,359.6,71.938,359.6,122.88,342.46,122.88
342.39,71.9,359.46,71.9,359.46,122.64,342.39,122.64
341.69,71.245,358.77,71.245,358.77,122.02,341.69,122.02
342.23,71.379,359.27,71.379,359.27,122.03,342.23,122.03
341.73,70.906,358.72,70.906,358.72,121.39,341.73,121.39
341.93,71.457,358.85,71.457,358.85,121.74,341.93,121.74
342.18,71.558,359.04,71.558,359.04,121.69,342.18,121.69
342.22,71.244,359.1,71.244,359.1,121.44,342.22,121.44
342.23,71.119,359.08,71.119,359.08,121.21,342.23,121.21
341.98,70.984,358.78,70.984,358.78,120.95,341.98,120.95
341.76,71.13,358.5,71.13,358.5,120.92,341.76,120.92
341.18,71.202,357.91,71.202,357.91,120.93,341.18,120.93
341.21,71.306,357.85,71.306,357.85,120.78,341.21,120.78
341.72,71.526,358.29,71.526,358.29,120.77,341.72,120.77
340.64,71.042,357.23,71.042,357.23,120.37,340.64,120.37
340.98,71.578,357.45,71.578,357.45,120.54,340.98,120.54
340.23,70.656,356.7,70.656,356.7,119.61,340.23,119.61
339.96,71.064,356.36,71.064,356.36,119.8,339.96,119.8
340.36,71.413,356.67,71.413,356.67,119.89,340.36,119.89
339.85,70.401,356.14,70.401,356.14,118.84,339.85,118.84
339.38,70.513,355.7,70.513,355.7,119.04,339.38,119.04
339.92,70.163,356.2,70.163,356.2,118.58,339.92,118.58
339.16,69.657,355.52,69.657,355.52,118.29,339.16,118.29
339.74,70.245,356.14,70.245,356.14,119,339.74,119
339.99,70.627,356.36,70.627,356.36,119.3,339.99,119.3
340.19,70.478,356.51,70.478,356.51,119.01,340.19,119.01
339.72,70.445,356.07,70.445,356.07,119.07,339.72,119.07
339.64,70.912,355.99,70.912,355.99,119.51,339.64,119.51
339.38,70.805,355.72,70.805,355.72,119.39,339.38,119.39
339.68,70.679,356.04,70.679,356.04,119.3,339.68,119.3
339.47,70.615,355.72,70.615,355.72,118.94,339.47,118.94
338.69,70.311,354.82,70.311,354.82,118.27,338.69,118.27
339.42,70.6,355.45,70.6,355.45,118.26,339.42,118.26
338.79,69.597,354.85,69.597,354.85,117.35,338.79,117.35
339.03,70.447,355.09,70.447,355.09,118.2,339.03,118.2
339.28,70.039,355.31,70.039,355.31,117.71,339.28,117.71
338.75,69.707,354.76,69.707,354.76,117.29,338.75,117.29
338.78,69.572,354.82,69.572,354.82,117.26,338.78,117.26
338.33,69.587,354.31,69.587,354.31,117.09,338.33,117.09
338.49,69.581,354.53,69.581,354.53,117.27,338.49,117.27
337.84,69.565,353.83,69.565,353.83,117.11,337.84,117.11
337.88,69.487,353.82,69.487,353.82,116.86,337.88,116.86
337.87,69.323,353.73,69.323,353.73,116.48,337.87,116.48
338.2,69.827,353.98,69.827,353.98,116.75,338.2,116.75
337.79,69.381,353.51,69.381,353.51,116.11,337.79,116.11
337.81,68.949,353.51,68.949,353.51,115.64,337.81,115.64
337.61,68.845,353.38,68.845,353.38,115.72,337.61,115.72
337.95,68.576,353.67,68.576,353.67,115.31,337.95,115.31
337.9,68.244,353.66,68.244,353.66,115.09,337.9,115.09
338.03,68.315,353.78,68.315,353.78,115.16,338.03,115.16
337.91,68.228,353.73,68.228,353.73,115.25,337.91,115.25
338.15,68.667,354.06,68.667,354.06,115.95,338.15,115.95
338.29,68.828,354.26,68.828,354.26,116.29,338.29,116.29
337.97,68.679,353.94,68.679,353.94,116.15,337.97,116.15
338.03,68.569,354.01,68.569,354.01,116.07,338.03,116.07
338.03,68.385,353.99,68.385,353.99,115.83,338.03,115.83
338.03,68.523,353.92,68.523,353.92,115.76,338.03,115.76
338.61,68.634,354.51,68.634,354.51,115.89,338.61,115.89
338.46,68.224,354.36,68.224,354.36,115.5,338.46,115.5
338.39,67.954,354.28,67.954,354.28,115.2,338.39,115.2
338.63,67.679,354.5,67.679,354.5,114.88,338.63,114.88
338.36,68.119,354.27,68.119,354.27,115.41,338.36,115.41
338.52,67.786,354.36,67.786,354.36,114.89,338.52,114.89
338.43,68.136,354.28,68.136,354.28,115.24,338.43,115.24
338.39,68.081,354.28,68.081,354.28,115.32,338.39,115.32
338.4,68.317,354.25,68.317,354.25,115.42,338.4,115.42
338.23,68.044,354.06,68.044,354.06,115.13,338.23,115.13
338.01,68.054,353.85,68.054,353.85,115.14,338.01,115.14
338.17,67.974,353.92,67.974,353.92,114.79,338.17,114.79
337.51,67.311,353.19,67.311,353.19,113.91,337.51,113.91
337.52,67.317,353.12,67.317,353.12,113.69,337.52,113.69
337.97,67.554,353.58,67.554,353.58,113.96,337.97,113.96
338.09,67.247,353.72,67.247,353.72,113.72,338.09,113.72
337.82,66.936,353.46,66.936,353.46,113.41,337.82,113.41
337.88,66.817,353.47,66.817,353.47,113.16,337.88,113.16
337.39,66.838,352.94,66.838,352.94,113.06,337.39,113.06
337.56,67.285,353.17,67.285,353.17,113.68,337.56,113.68
337.7,67.293,353.34,67.293,353.34,113.77,337.7,113.77
337.13,67.697,352.68,67.697,352.68,113.91,337.13,113.91
337.77,67.843,353.29,67.843,353.29,113.98,337.77,113.98
336.81,67.103,352.27,67.103,352.27,113.08,336.81,113.08
337.32,67.171,352.81,67.171,352.81,113.23,337.32,113.23
337.22,66.742,352.65,66.742,352.65,112.6,337.22,112.6
336.92,66.442,352.36,66.442,352.36,112.33,336.92,112.33
336.98,65.97,352.41,65.97,352.41,111.86,336.98,111.86
337.24,65.801,352.65,65.801,352.65,111.64,337.24,111.64
