332,264,406,264,406,394,332,394
335.13,263.75,408.96,263.75,408.96,393.45,335.13,393.45
338.3,262.07,411.8,262.07,411.8,391.2,338.3,391.2
343.46,258.95,417.42,258.95,417.42,388.89,343.46,388.89
349.56,258.04,422.25,258.04,422.25,385.74,349.56,385.74
354.36,255.29,427.05,255.29,427.05,383,354.36,383
359.11,252.88,431.52,252.88,431.52,380.09,359.11,380.09
361.77,251.4,433.53,251.4,433.53,377.47,361.77,377.47
366.55,249.56,437.94,249.56,437.94,374.98,366.55,374.98
371.38,248.1,442.33,248.1,442.33,372.75,371.38,372.75
375.74,245.86,446.6,245.86,446.6,370.33,375.74,370.33
379.44,243.23,450.04,243.23,450.04,367.26,379.44,367.26
382.52,242.69,452.16,242.69,452.16,365.03,382.52,365.03
386.18,240.21,455.78,240.21,455.78,362.49,386.18,362.49
390.37,239.12,459.08,239.12,459.08,359.83,390.37,359.83
393.88,237,462.31,237,462.31,357.22,393.88,357.22
397.04,234.28,465.56,234.28,465.56,354.66,397.04,354.66
399.31,232.93,467.47,232.93,467.47,352.66,399.31,352.66
402.75,231.63,470.02,231.63,470.02,349.81,402.75,349.81
405.58,229.12,473.07,229.12,473.07,347.68,405.58,347.68
407.42,227.85,474.82,227.85,474.82,346.25,407.42,346.25
409.9,226.24,477.27,226.24,477.27,344.59,409.9,344.59
412.76,224.36,480.12,224.36,480.12,342.7,412.76,342.7
415.3,222.28,482.37,222.28,482.37,340.1,415.3,340.1
417.96,220.15,484.36,220.15,484.36,336.79,417.96,336.79
420.06,218.61,486.32,218.61,486.32,335.01,420.06,335.01
422.94,217.01,488.75,217.01,488.75,332.62,422.94,332.62
424.38,215.93,489.65,215.93,489.65,330.58,424.38,330.58
426.44,214.57,491.52,214.57,491.52,328.9,426.44,328.9
429.18,212.86,493.45,212.86,493.45,325.76,429.18,325.76
431.48,211.84,495.14,211.84,495.14,323.67,431.48,323.67
433.9,210.28,497.34,210.28,497.34,321.73,433.9,321.73
435.16,208.94,498.19,208.94,498.19,319.66,435.16,319.66
437,207.79,499.68,207.79,499.68,317.9,437,317.9
439.35,205.46,501.6,205.46,501.6,314.81,439.35,314.81
442.27,204.17,504.13,204.17,504.13,312.85,442.27,312.85
443.86,203.18,505.57,203.18,505.57,311.58,443.86,311.58
445.86,201.17,507.11,201.17,507.11,308.77,445.86,308.77
448.28,200.5,509.03,200.5,509.03,307.24,448.28,307.24
449.83,198.08,510.64,198.08,510.64,304.9,449.83,304.9
451.71,196.88,512.07,196.88,512.07,302.92,451.71,302.92
453.87,195.2,514.22,195.2,514.22,301.21,453.87,301.21
455.12,194.04,515.44,194.04,515.44,300.01,455.12,300.01
457.23,193.3,517.37,193.3,517.37,298.96,457.23,298.96
459.56,191.57,519.46,191.57,519.46,296.8,459.56,296.8
461.66,190.91,520.88,190.91,520.88,294.95,461.66,294.95
464.05,189.3,522.97,189.3,522.97,292.8,464.05,292.8
465.64,188.79,524.24,188.79,524.24,291.74,465.64,291.74
467.64,187.47,525.85,187.47,525.85,289.74,467.64,289.74
470.39,186.24,528.4,186.24,528.4,288.15,470.39,288.15
472,185.31,529.59,185.31,529.59,286.49,472,286.49
474.53,184.56,531.83,184.56,531.83,285.2,474.53,285.2
477.45,182.88,534.56,182.88,534.56,283.19,477.45,283.19
480.13,182.11,536.56,182.11,536.56,281.25,480.13,281.25
482.23,181.27,538.2,181.27,538.2,279.59,482.23,279.59
485.56,179.66,541.19,179.66,541.19,277.39,485.56,277.39
488.12,178.09,543.5,178.09,543.5,275.38,488.12,275.38
490.14,177.02,545.35,177.02,545.35,274,490.14,274
492.3,176.12,547.38,176.12,547.38,272.87,492.3,272.87
493.67,175.64,548.28,175.64,548.28,271.57,493.67,271.57
496.08,174.97,550.65,174.97,550.65,270.83,496.08,270.83
497.96,173.5,552.49,173.5,552.49,269.29,497.96,269.29
499.03,172.67,553.49,172.67,553.49,268.33,499.03,268.33
500.7,171.65,554.59,171.65,554.59,266.32,500.7,266.32
502.51,170.78,556.24,170.78,556.24,265.18,502.51,265.18
503.25,169.69,556.74,169.69,556.74,263.65,503.25,263.65
505.21,169.31,558.69,169.31,558.69,263.27,505.21,263.27
506.3,167.98,559.61,167.98,559.61,261.63,506.3,261.63
507.06,166.65,560.15,166.65,560.15,259.92,507.06,259.92
508.09,165.25,560.92,165.25,560.92,258.06,508.09,258.06
509.5,164.73,562.11,164.73,562.11,257.15,509.5,257.15
510.25,163.4,562.78,163.4,562.78,255.69,510.25,255.69
510.71,162.13,563.3,162.13,563.3,254.53,510.71,254.53
511.34,161.04,563.47,161.04,563.47,252.61,511.34,252.61
512.09,160.59,563.9,160.59,563.9,251.6,512.09,251.6
512.63,159.48,564.34,159.48,564.34,250.33,512.63,250.33
512.62,158.64,564.14,158.64,564.14,249.16,512.62,249.16
513.38,157.93,564.5,157.93,564.5,247.75,513.38,247.75
514.02,157.06,564.88,157.06,564.88,246.4,514.02,246.4
514.56,155.94,565.25,155.94,565.25,244.97,514.56,244.97
514.45,154.54,565.02,154.54,565.02,243.37,514.45,243.37
515.34,153.93,565.71,153.93,565.71,242.43,515.34,242.43
515.65,153.18,565.84,153.18,565.84,241.36,515.65,241.36
515.97,152.45,566.05,152.45,566.05,240.43,515.97,240.43
516.7,151.99,566.56,151.99,566.56,239.57,516.7,239.57
516.99,150.96,566.71,150.96,566.71,238.3,516.99,238.3
517.56,150.31,567.21,150.31,567.21,237.53,517.56,237.53
517.97,148.97,567.38,148.97,567.38,235.76,517.97,235.76
519.07,148.45,568.23,148.45,568.23,234.81,519.07,234.81
519.65,147.52,568.53,147.52,568.53,233.38,519.65,233.38
520.45,146.74,569.3,146.74,569.3,232.55,520.45,232.55
521.04,146,569.81,146,569.81,231.68,521.04,231.68
522.59,145.41,571.25,145.41,571.25,230.88,522.59,230.88
522.84,144.8,571.31,144.8,571.31,229.95,522.84,229.95
523.98,143.87,572.3,143.87,572.3,228.77,523.98,228.77
524.78,142.71,572.84,142.71,572.84,227.15,524.78,227.15
525.95,142.07,573.74,142.07,573.74,226.01,525.95,226.01
526.58,140.88,574.18,140.88,574.18,224.5,526.58,224.5
527.8,140.45,575.22,140.45,575.22,223.76,527.8,223.76
528.56,139.3,575.9,139.3,575.9,222.45,528.56,222.45
529.11,139.01,576.28,139.01,576.28,221.88,529.11,221.88
529.6,137.68,576.72,137.68,576.72,220.46,529.6,220.46
530.28,136.8,577.19,136.8,577.19,219.2,530.28,219.2
530.87,136.51,577.69,136.51,577.69,218.76,530.87,218.76
531.25,135.83,577.82,135.83,577.82,217.65,531.25,217.65
532.12,135.08,578.49,135.08,578.49,216.54,532.12,216.54
532.31,134.16,578.55,134.16,578.55,215.39,532.31,215.39
532.71,133.55,578.81,133.55,578.81,214.54,532.71,214.54
533.2,132.69,579.13,132.69,579.13,213.38,533.2,213.38
533.44,132.03,579.28,132.03,579.28,212.55,533.44,212.55
533.8,131.46,579.46,131.46,579.46,211.68,533.8,211.68
533.78,130.59,579.29,130.59,579.29,210.54,533.78,210.54
534.28,129.99,579.81,129.99,579.81,209.97,534.28,209.97
534.3,129.04,579.83,129.04,579.83,209.02,534.3,209.02
534.26,128.38,579.54,128.38,579.54,207.92,534.26,207.92
534.14,127.94,579.19,127.94,579.19,207.08,534.14,207.08
533.94,127.31,578.72,127.31,578.72,205.97,533.94,205.97
534.13,126.88,578.73,126.88,578.73,205.23,534.13,205.23
533.85,126.19,578.3,126.19,578.3,204.29,533.85,204.29
533.83,125.58,577.87,125.58,577.87,202.95,533.83,202.95
533.56,125.04,577.39,125.04,577.39,202.04,533.56,202.04
533.73,124.99,577.44,124.99,577.44,201.78,533.73,201.78
532.68,123.81,576.29,123.81,576.29,200.42,532.68,200.42
532.67,123.54,576,123.54,576,199.67,532.67,199.67
532.05,122.94,575.17,122.94,575.17,198.69,532.05,198.69
532.13,122.47,575.23,122.47,575.23,198.18,532.13,198.18
531.67,121.66,574.78,121.66,574.78,197.41,531.67,197.41
531.47,121.32,574.57,121.32,574.57,197.03,531.47,197.03
530.88,120.65,573.92,120.65,573.92,196.28,530.88,196.28
530.21,119.69,573.11,119.69,573.11,195.05,530.21,195.05
529.69,119.29,572.3,119.29,572.3,194.16,529.69,194.16
529.05,118.68,571.49,118.68,571.49,193.24,529.05,193.24
529.01,118.32,571.24,118.32,571.24,192.52,529.01,192.52
528.18,117.42,570.21,117.42,570.21,191.26,528.18,191.26
527.87,116.91,569.89,116.91,569.89,190.73,527.87,190.73
527.32,116.23,569.16,116.23,569.16,189.75,527.32,189.75
527.31,115.89,568.92,115.89,568.92,188.99,527.31,188.99
526.59,115.01,568.06,115.01,568.06,187.85,526.59,187.85
526.83,114.85,568.26,114.85,568.26,187.64,526.83,187.64
526.5,114.31,567.84,114.31,567.84,186.94,526.5,186.94
525.74,113.09,566.95,113.09,566.95,185.49,525.74,185.49
525.6,112.25,566.67,112.25,566.67,184.4,525.6,184.4
525.94,112.5,566.87,112.5,566.87,184.41,525.94,184.41
525.18,111.38,566,111.38,566,183.08,525.18,183.08
525.69,111.27,566.34,111.27,566.34,182.68,525.69,182.68
525.03,110.28,565.67,110.28,565.67,181.68,525.03,181.68
524.86,109.69,565.3,109.69,565.3,180.73,524.86,180.73
525.36,109.71,565.85,109.71,565.85,180.83,525.36,180.83
524.82,108.69,565.21,108.69,565.21,179.64,524.82,179.64
524.8,108.5,565.01,108.5,565.01,179.14,524.8,179.14
524.39,107.19,564.25,107.19,564.25,177.21,524.39,177.21
524.16,106.45,563.92,106.45,563.92,176.31,524.16,176.31
524.48,106.27,564.2,106.27,564.2,176.06,524.48,176.06
524.36,105.79,563.98,105.79,563.98,175.38,524.36,175.38
524.24,105.56,563.55,105.56,563.55,174.63,524.24,174.63
524.11,104.74,563.23,104.74,563.23,173.47,524.11,173.47
523.77,104.18,562.67,104.18,562.67,172.52,523.77,172.52
523.75,103.67,562.47,103.67,562.47,171.68,523.75,171.68
523.91,103.52,562.49,103.52,562.49,171.31,523.91,171.31
523.85,103.06,562.27,103.06,562.27,170.56,523.85,170.56
523.65,102.35,561.84,102.35,561.84,169.45,523.65,169.45
523.38,101.63,561.3,101.63,561.3,168.25,523.38,168.25
523.72,101.54,561.47,101.54,561.47,167.86,523.72,167.86
523.68,100.88,561.28,100.88,561.28,166.93,523.68,166.93
523.44,100.07,560.96,100.07,560.96,165.98,523.44,165.98
523.03,99.255,560.32,99.255,560.32,164.77,523.03,164.77
523.35,98.95,560.47,98.95,560.47,164.17,523.35,164.17
523.11,98.728,560.11,98.728,560.11,163.72,523.11,163.72
523.28,98.52,560.15,98.52,560.15,163.29,523.28,163.29
523.19,97.909,559.85,97.909,559.85,162.32,523.19,162.32
522.96,97.303,559.48,97.303,559.48,161.46,522.96,161.46
522.87,96.844,559.14,96.844,559.14,160.56,522.87,160.56
522.72,96.503,558.98,96.503,558.98,160.21,522.72,160.21
522.46,96.252,558.57,96.252,558.57,159.68,522.46,159.68
522.08,95.958,558.13,95.958,558.13,159.28,522.08,159.28
521.85,95.584,557.71,95.584,557.71,158.57,521.85,158.57
521.81,94.969,557.6,94.969,557.6,157.84,521.81,157.84
521.2,94.575,556.92,94.575,556.92,157.34,521.2,157.34
521.14,93.972,556.8,93.972,556.8,156.61,521.14,156.61
520.42,93.496,555.99,93.496,555.99,155.97,520.42,155.97
520.44,93.152,555.98,93.152,555.98,155.59,520.44,155.59
520.18,92.816,555.57,92.816,555.57,154.99,520.18,154.99
519.51,92.544,554.85,92.544,554.85,154.62,519.51,154.62
519.36,92.417,554.41,92.417,554.41,153.99,519.36,153.99
519.15,91.721,554.18,91.721,554.18,153.27,519.15,153.27
518.59,91.228,553.71,91.228,553.71,152.92,518.59,152.92
518.57,90.808,553.62,90.808,553.62,152.38,518.57,152.38
517.94,90.261,552.94,90.261,552.94,151.74,517.94,151.74
517.55,90.025,552.35,90.025,552.35,151.15,517.55,151.15
517.73,90.168,552.38,90.168,552.38,151.03,517.73,151.03
516.93,89.269,551.45,89.269,551.45,149.91,516.93,149.91
516.96,89.092,551.33,89.092,551.33,149.47,516.96,149.47
516.53,88.445,550.75,88.445,550.75,148.56,516.53,148.56
516.48,88.32,550.69,88.32,550.69,148.41,516.48,148.41
516.06,87.898,550.35,87.898,550.35,148.14,516.06,148.14
515.83,87.202,549.88,87.202,549.88,147.01,515.83,147.01
515.8,87.183,549.61,87.183,549.61,146.59,515.8,146.59
515.57,86.931,549.3,86.931,549.3,146.2,515.57,146.2
515.61,86.688,549.24,86.688,549.24,145.78,515.61,145.78
515.01,86.11,548.36,86.11,548.36,144.7,515.01,144.7
514.81,86.313,548.09,86.313,548.09,144.79,514.81,144.79
514.46,85.977,547.57,85.977,547.57,144.14,514.46,144.14
514.82,85.978,547.84,85.978,547.84,144,514.82,144
514.14,85.345,547,85.345,547,143.07,514.14,143.07
512.95,84.577,545.54,84.577,545.54,141.83,512.95,141.83
512.48,84.123,545.03,84.123,545.03,141.3,512.48,141.3
511.85,83.901,544.34,83.901,544.34,140.98,511.85,140.98
511.42,83.611,543.88,83.611,543.88,140.63,511.42,140.63
510.82,83.531,543.17,83.531,543.17,140.37,510.82,140.37
510.49,83.402,542.81,83.402,542.81,140.19,510.49,140.19
509.52,83.109,541.61,83.109,541.61,139.49,509.52,139.49
509.07,82.686,541.24,82.686,541.24,139.2,509.07,139.2
507.62,81.857,539.77,81.857,539.77,138.35,507.62,138.35
506.95,81.467,539.17,81.467,539.17,138.07,506.95,138.07
505.67,80.893,537.86,80.893,537.86,137.44,505.67,137.44
504.37,80.586,536.61,80.586,536.61,137.22,504.37,137.22
503.29,80.045,535.5,80.045,535.5,136.62,503.29,136.62
502.5,79.455,534.73,79.455,534.73,136.08,502.5,136.08
501.74,79.376,533.82,79.376,533.82,135.74,501.74,135.74
501.2,79.701,533.19,79.701,533.19,135.9,501.2,135.9
500.84,79.323,532.72,79.323,532.72,135.32,500.84,135.32
499.65,78.526,531.38,78.526,531.38,134.27,499.65,134.27
499.47,78.946,531.09,78.946,531.09,134.5,499.47,134.5
498.35,78.289,529.79,78.289,529.79,133.53,498.35,133.53
498.24,78.581,529.46,78.581,529.46,133.42,498.24,133.42
497.54,78.095,528.63,78.095,528.63,132.71,497.54,132.71
497.19,78.195,528.18,78.195,528.18,132.65,497.19,132.65
496.66,77.674,527.7,77.674,527.7,132.2,496.66,132.2
496.12,77.479,527.1,77.479,527.1,131.91,496.12,131.91
495.25,77.282,526.05,77.282,526.05,131.4,495.25,131.4
494.09,76.463,524.71,76.463,524.71,130.26,494.09,130.26
493.47,76.297,523.97,76.297,523.97,129.88,493.47,129.88
492.58,75.624,522.96,75.624,522.96,128.98,492.58,128.98
491.72,75.691,522.04,75.691,522.04,128.95,491.72,128.95
490.58,75.142,520.7,75.142,520.7,128.05,490.58,128.05
489.14,74.195,519.23,74.195,519.23,127.06,489.14,127.06
488.75,74.037,518.74,74.037,518.74,126.74,488.75,126.74
488.3,73.866,518.23,73.866,518.23,126.43,488.3,126.43
487.35,73.225,517.31,73.225,517.31,125.86,487.35,125.86
486.74,73.25,516.49,73.25,516.49,125.51,486.74,125.51
486.08,72.523,515.78,72.523,515.78,124.71,486.08,124.71
485.54,72.761,515.16,72.761,515.16,124.79,485.54,124.79
484.7,72.409,514.21,72.409,514.21,124.26,484.7,124.26
483.49,71.731,513.09,71.731,513.09,123.74,483.49,123.74
482.79,71.64,512.31,71.64,512.31,123.5,482.79,123.5
481.8,70.892,511.39,70.892,511.39,122.88,481.8,122.88
481.18,70.761,510.71,70.761,510.71,122.63,481.18,122.63
479.94,70.219,509.31,70.219,509.31,121.81,479.94,121.81
478.98,70.396,508.22,70.396,508.22,121.76,478.98,121.76
477.75,69.904,506.79,69.904,506.79,120.92,477.75,120.92
476.51,69.511,505.36,69.511,505.36,120.18,476.51,120.18
475.59,69.097,504.29,69.097,504.29,119.53,475.59,119.53
475.02,68.893,503.65,68.893,503.65,119.19,475.02,119.19
474.42,69.162,502.96,69.162,502.96,119.29,474.42,119.29
473.25,68.682,501.74,68.682,501.74,118.73,473.25,118.73
471.81,68.257,500.13,68.257,500.13,118,471.81,118
471.15,67.97,499.41,67.97,499.41,117.63,471.15,117.63
469.92,67.528,498.09,67.528,498.09,117.01,469.92,117.01
468.94,67.01,497.04,67.01,497.04,116.38,468.94,116.38
468.29,66.909,496.34,66.909,496.34,116.18,468.29,116.18
467.28,66.955,495.26,66.955,495.26,116.1,467.28,116.1
466.7,66.991,494.62,66.991,494.62,116.04,466.7,116.04
466.1,66.538,494.02,66.538,494.02,115.6,466.1,115.6
465.21,66.217,493.1,66.217,493.1,115.2,465.21,115.2
464.09,65.984,491.93,65.984,491.93,114.9,464.09,114.9
463.63,65.803,491.41,65.803,491.41,114.61,463.63,114.61
462.21,65.182,490,65.182,490,114,462.21,114
461.42,64.999,489.1,64.999,489.1,113.63,461.42,113.63
460.99,64.984,488.56,64.984,488.56,113.42,460.99,113.42
460.72,64.739,488.28,64.739,488.28,113.16,460.72,113.16
460.25,64.685,487.83,64.685,487.83,113.15,460.25,113.15
459.75,64.322,487.16,64.322,487.16,112.48,459.75,112.48
459.24,64.183,486.52,64.183,486.52,112.09,459.24,112.09
459.05,64.126,486.24,64.126,486.24,111.9,459.05,111.9
458.39,63.892,485.45,63.892,485.45,111.44,458.39,111.44
457.88,63.492,484.86,63.492,484.86,110.89,457.88,110.89
457.3,63.139,484.29,63.139,484.29,110.55,457.3,110.55
456.84,63.02,483.79,63.02,483.79,110.36,456.84,110.36
456.85,63.065,483.79,63.065,483.79,110.4,456.85,110.4
455.98,63.048,482.8,63.048,482.8,110.16,455.98,110.16
455.48,62.58,482.18,62.58,482.18,109.48,455.48,109.48
454.72,62.058,481.34,62.058,481.34,108.83,454.72,108.83
453.98,61.516,480.6,61.516,480.6,108.29,453.98,108.29
453.27,61.494,479.88,61.494,479.88,108.23,453.27,108.23
452.9,61.448,479.53,61.448,479.53,108.22,452.9,108.22
451.8,60.728,478.33,60.728,478.33,107.33,451.8,107.33
451.24,60.396,477.82,60.396,477.82,107.1,451.24,107.1
450.74,60.376,477.33,60.376,477.33,107.09,450.74,107.09
450.3,60.179,476.88,60.179,476.88,106.87,450.3,106.87
449.48,60.057,475.96,60.057,475.96,106.57,449.48,106.57
448.83,59.765,475.14,59.765,475.14,105.98,448.83,105.98
448.02,59.403,474.23,59.403,474.23,105.45,448.02,105.45
447.99,59.414,473.97,59.414,473.97,105.07,447.99,105.07
447.3,59.218,473.25,59.218,473.25,104.82,447.3,104.82
446.94,59.171,472.72,59.171,472.72,104.47,446.94,104.47
446.31,59.23,472.06,59.23,472.06,104.47,446.31,104.47
445.82,59.006,471.5,59.006,471.5,104.12,445.82,104.12
445.04,58.619,470.56,58.619,470.56,103.45,445.04,103.45
444.2,58.179,469.81,58.179,469.81,103.17,444.2,103.17
443.28,57.918,468.81,57.918,468.81,102.77,443.28,102.77
443.16,57.385,468.75,57.385,468.75,102.34,443.16,102.34
441.87,57.114,467.39,57.114,467.39,101.95,441.87,101.95
441.38,57.127,466.8,57.127,466.8,101.78,441.38,101.78
440.79,56.848,466.07,56.848,466.07,101.26,440.79,101.26
439.5,56.425,464.74,56.425,464.74,100.78,439.5,100.78
438.42,56.099,463.61,56.099,463.61,100.36,438.42,100.36
438.2,56.034,463.23,56.034,463.23,100,438.2,100
437.68,55.931,462.73,55.931,462.73,99.932,437.68,99.932
436.78,55.894,461.78,55.894,461.78,99.799,436.78,99.799
436.73,55.654,461.7,55.654,461.7,99.522,436.73,99.522
435.63,55.508,460.58,55.508,460.58,99.35,435.63,99.35
435.21,55.061,460.16,55.061,460.16,98.894,435.21,98.894
434.74,54.847,459.63,54.847,459.63,98.571,434.74,98.571
433.86,54.554,458.68,54.554,458.68,98.159,433.86,98.159
433.83,54.499,458.71,54.499,458.71,98.209,433.83,98.209
433.05,54.266,457.91,54.266,457.91,97.936,433.05,97.936
432.11,54.129,456.95,54.129,456.95,97.777,432.11,97.777
431.49,53.823,456.29,53.823,456.29,97.383,431.49,97.383
430.44,53.567,455.1,53.567,455.1,96.882,430.44,96.882
429.69,52.956,454.52,52.956,454.52,96.58,429.69,96.58
429.24,52.86,454.03,52.86,454.03,96.397,429.24,96.397
428.57,52.509,453.37,52.509,453.37,96.084,428.57,96.084
428.2,52.654,452.97,52.654,452.97,96.169,428.2,96.169
427.52,52.192,452.34,52.192,452.34,95.796,427.52,95.796
426.95,51.919,451.86,51.919,451.86,95.677,426.95,95.677
426.39,51.713,451.29,51.713,451.29,95.451,426.39,95.451
425.57,51.486,450.5,51.486,450.5,95.281,425.57,95.281
425.23,50.953,450.26,50.953,450.26,94.911,425.23,94.911
424.74,50.73,449.8,50.73,449.8,94.747,424.74,94.747
424.33,50.93,449.4,50.93,449.4,94.96,424.33,94.96
423.71,50.707,448.81,50.707,448.81,94.799,423.71,94.799
423.28,50.579,448.32,50.579,448.32,94.569,423.28,94.569
422.48,50.101,447.42,50.101,447.42,93.925,422.48,93.925
