144,196,186,196,186,252,144,252
143.72,193.51,185.74,193.51,185.74,249.54,143.72,249.54
144.71,193.88,186.24,193.88,186.24,249.25,144.71,249.25
144.73,193.47,186.82,193.47,186.82,249.6,144.73,249.6
145.44,193.14,187.9,193.14,187.9,249.75,145.44,249.75
146.93,192.83,189.64,192.83,189.64,249.77,146.93,249.77
149.81,192.74,192.74,192.74,192.74,249.99,149.81,249.99
152.15,193,195.07,193,195.07,250.23,152.15,250.23
154.69,193.46,197.38,193.46,197.38,250.37,154.69,250.37
155.78,192.24,198.41,192.24,198.41,249.08,155.78,249.08
157.68,192.22,200.02,192.22,200.02,248.68,157.68,248.68
157.91,192.13,200.26,192.13,200.26,248.6,157.91,248.6
158.22,192.31,200.46,192.31,200.46,248.63,158.22,248.63
157.77,192.82,199.51,192.82,199.51,248.48,157.77,248.48
157.51,192.34,200.25,192.34,200.25,249.31,157.51,249.31
157.25,191.16,200.85,191.16,200.85,249.29,157.25,249.29
156.61,192.01,199.98,192.01,199.98,249.85,156.61,249.85
156.84,191.2,200.43,191.2,200.43,249.34,156.84,249.34
157.04,191.75,200.35,191.75,200.35,249.5,157.04,249.5
157.24,191.59,200.45,191.59,200.45,249.21,157.24,249.21
156.21,193.36,199.7,193.36,199.7,251.35,156.21,251.35
155.97,192.63,200.03,192.63,200.03,251.37,155.97,251.37
154.47,193.61,199.39,193.61,199.39,253.5,154.47,253.5
154.16,193.67,199.35,193.67,199.35,253.93,154.16,253.93
154.02,193.86,199.72,193.86,199.72,254.79,154.02,254.79
157.31,190.95,203.07,190.95,203.07,251.96,157.31,251.96
157.33,190.9,203.04,190.9,203.04,251.85,157.33,251.85
157.43,191.78,202.44,191.78,202.44,251.78,157.43,251.78
156.73,191.14,200.88,191.14,200.88,250,156.73,250
159.72,190.32,203.42,190.32,203.42,248.57,159.72,248.57
159.81,190.8,202.99,190.8,202.99,248.37,159.81,248.37
159.68,191.04,202.58,191.04,202.58,248.24,159.68,248.24
159.9,191.05,202.77,191.05,202.77,248.2,159.9,248.2
159.81,191.12,202.61,191.12,202.61,248.18,159.81,248.18
159.39,190.91,202.35,190.91,202.35,248.2,159.39,248.2
159.58,191.24,202.36,191.24,202.36,248.27,159.58,248.27
159.4,191.05,202.27,191.05,202.27,248.2,159.4,248.2
159.38,191.43,202.13,191.43,202.13,248.44,159.38,248.44
159.43,191.19,202.08,191.19,202.08,248.07,159.43,248.07
159.33,191.35,202.16,191.35,202.16,248.46,159.33,248.46
159.57,191.57,202.17,191.57,202.17,248.37,159.57,248.37
159.53,191.55,202.39,191.55,202.39,248.7,159.53,248.7
159.62,191.44,202.31,191.44,202.31,248.36,159.62,248.36
159.46,191.61,202,191.61,202,248.33,159.46,248.33
159.32,191.49,202.1,191.49,202.1,248.52,159.32,248.52
159.27,191.5,201.9,191.5,201.9,248.34,159.27,248.34
158.79,191.49,201.28,191.49,201.28,248.14,158.79,248.14
158.82,191.41,201.41,191.41,201.41,248.2,158.82,248.2
158.63,191.33,201.72,191.33,201.72,248.79,158.63,248.79
158.42,191.5,201.14,191.5,201.14,248.46,158.42,248.46
158.29,191.47,200.83,191.47,200.83,248.18,158.29,248.18
158.42,191.41,200.87,191.41,200.87,248.01,158.42,248.01
158.42,191.5,200.9,191.5,200.9,248.13,158.42,248.13
159.33,191.42,201.59,191.42,201.59,247.77,159.33,247.77
158.59,191.19,201.01,191.19,201.01,247.75,158.59,247.75
157.88,191.36,200.01,191.36,200.01,247.55,157.88,247.55
157.4,191.12,199.52,191.12,199.52,247.28,157.4,247.28
157.3,191.46,199.32,191.46,199.32,247.49,157.3,247.49
157.59,191.66,199.69,191.66,199.69,247.79,157.59,247.79
157.88,191.81,199.71,191.81,199.71,247.59,157.88,247.59
158.08,191.57,199.88,191.57,199.88,247.3,158.08,247.3
158.22,191.5,200.27,191.5,200.27,247.58,158.22,247.58
158.21,191.7,200.2,191.7,200.2,247.69,158.21,247.69
158.08,191.34,199.96,191.34,199.96,247.18,158.08,247.18
158.52,191.64,200.41,191.64,200.41,247.49,158.52,247.49
158.42,191.66,200.47,191.66,200.47,247.72,158.42,247.72
158.39,191.59,200.37,191.59,200.37,247.57,158.39,247.57
158.12,191.17,200.09,191.17,200.09,247.13,158.12,247.13
157.83,191.12,199.95,191.12,199.95,247.27,157.83,247.27
157.69,191.33,199.77,191.33,199.77,247.44,157.69,247.44
157.61,191.72,199.64,191.72,199.64,247.75,157.61,247.75
157.68,191.6,199.5,191.6,199.5,247.36,157.68,247.36
157.51,191.71,199.45,191.71,199.45,247.63,157.51,247.63
157.84,191.72,199.77,191.72,199.77,247.63,157.84,247.63
158.1,191.35,200.05,191.35,200.05,247.29,158.1,247.29
157.42,191.31,199.25,191.31,199.25,247.08,157.42,247.08
157.45,191.78,199.26,191.78,199.26,247.53,157.45,247.53
157.35,191.69,199.19,191.69,199.19,247.48,157.35,247.48
157.45,191.86,199.34,191.86,199.34,247.71,157.45,247.71
157.68,191.73,199.54,191.73,199.54,247.54,157.68,247.54
157.77,191.74,199.59,191.74,199.59,247.5,157.77,247.5
157.9,192.06,199.63,192.06,199.63,247.69,157.9,247.69
158.04,191.79,199.7,191.79,199.7,247.35,158.04,247.35
158.04,191.39,199.92,191.39,199.92,247.23,158.04,247.23
157.89,191.42,199.72,191.42,199.72,247.19,157.89,247.19
158.33,191.4,200.38,191.4,200.38,247.47,158.33,247.47
158.67,191.53,200.7,191.53,200.7,247.57,158.67,247.57
158.66,191.67,200.55,191.67,200.55,247.52,158.66,247.52
158.22,191.79,200.13,191.79,200.13,247.66,158.22,247.66
158.65,191.79,200.39,191.79,200.39,247.45,158.65,247.45
158.75,192.02,200.53,192.02,200.53,247.73,158.75,247.73
158.64,191.88,200.59,191.88,200.59,247.82,158.64,247.82
158.13,191.27,200.24,191.27,200.24,247.42,158.13,247.42
158.65,191.27,200.76,191.27,200.76,247.42,158.65,247.42
162.48,191.84,204.35,191.84,204.35,247.67,162.48,247.67
163.27,192.01,205.03,192.01,205.03,247.68,163.27,247.68
165.69,192.02,207.75,192.02,207.75,248.11,165.69,248.11
168.8,191.91,210.91,191.91,210.91,248.06,168.8,248.06
171.72,192.05,213.53,192.05,213.53,247.79,171.72,247.79
175.86,192.62,217.73,192.62,217.73,248.45,175.86,248.45
189.49,193.22,231.29,193.22,231.29,248.94,189.49,248.94
205.59,194.95,247.5,194.95,247.5,250.82,205.59,250.82
260.73,200.65,302.59,200.65,302.59,256.47,260.73,256.47
264.14,200.76,305.86,200.76,305.86,256.38,264.14,256.38
276.7,201.14,318.73,201.14,318.73,257.18,276.7,257.18
293.65,202.72,335.74,202.72,335.74,258.84,293.65,258.84
303.97,203.33,346.04,203.33,346.04,259.42,303.97,259.42
315.84,204.21,357.93,204.21,357.93,260.32,315.84,260.32
328.52,204.34,370.4,204.34,370.4,260.18,328.52,260.18
340.93,205.95,382.75,205.95,382.75,261.7,340.93,261.7
345.93,205.55,387.71,205.55,387.71,261.24,345.93,261.24
356.6,207.95,398.52,207.95,398.52,263.84,356.6,263.84
362.29,208.03,404.32,208.03,404.32,264.07,362.29,264.07
370.5,208,412.77,208,412.77,264.36,370.5,264.36
373.75,208.16,415.87,208.16,415.87,264.33,373.75,264.33
377.89,209,419.66,209,419.66,264.69,377.89,264.69
380.78,211.82,422.58,211.82,422.58,267.56,380.78,267.56
389.92,211.88,431.84,211.88,431.84,267.78,389.92,267.78
402.5,212.5,444.53,212.5,444.53,268.55,402.5,268.55
403.14,212.59,445.22,212.59,445.22,268.68,403.14,268.68
407.2,214.37,449.46,214.37,449.46,270.72,407.2,270.72
412.16,213.25,454.23,213.25,454.23,269.35,412.16,269.35
420.48,213.55,462.69,213.55,462.69,269.84,420.48,269.84
425.2,213.56,467.4,213.56,467.4,269.83,425.2,269.83
432.42,214.94,474.57,214.94,474.57,271.15,432.42,271.15
441.38,218.78,483.78,218.78,483.78,275.3,441.38,275.3
466.18,220.94,508.45,220.94,508.45,277.3,466.18,277.3
468.4,222.43,510.76,222.43,510.76,278.91,468.4,278.91
475.56,221.76,517.94,221.76,517.94,278.25,475.56,278.25
482.08,222.33,524.48,222.33,524.48,278.87,482.08,278.87
492.33,224.03,534.77,224.03,534.77,280.62,492.33,280.62
502.83,227.41,545.48,227.41,545.48,284.29,502.83,284.29
510.9,228.04,553.69,228.04,553.69,285.1,510.9,285.1
520.43,228.17,563.33,228.17,563.33,285.37,520.43,285.37
536.62,229.93,579.65,229.93,579.65,287.31,536.62,287.31
544.95,230.66,588.13,230.66,588.13,288.24,544.95,288.24
559.15,232.23,602.67,232.23,602.67,290.25,559.15,290.25
