444,299,477,299,477,388,444,388
443.58,296.53,476.6,296.53,476.6,385.57,443.58,385.57
443.81,297.08,476.36,297.08,476.36,384.86,443.81,384.86
443.76,296.92,476.48,296.92,476.48,385.14,443.76,385.14
443.67,296.42,476.45,296.42,476.45,384.82,443.67,384.82
443.6,296.25,476.59,296.25,476.59,385.22,443.6,385.22
443.68,296.39,476.68,296.39,476.68,385.41,443.68,385.41
443.69,296.52,476.75,296.52,476.75,385.71,443.69,385.71
443.77,296.47,476.86,296.47,476.86,385.72,443.77,385.72
443.76,296.31,476.82,296.31,476.82,385.48,443.76,385.48
443.73,296.03,476.88,296.03,476.88,385.45,443.73,385.45
443.95,296.68,476.97,296.68,476.97,385.75,443.95,385.75
443.99,296.56,477.01,296.56,477.01,385.61,443.99,385.61
444,296.19,477.07,296.19,477.07,385.37,444,385.37
443.89,296.25,476.8,296.25,476.8,385.01,443.89,385.01
444.19,296.78,476.95,296.78,476.95,385.14,444.19,385.14
444.35,296.94,477.19,296.94,477.19,385.51,444.35,385.51
444.28,296.64,477.19,296.64,477.19,385.38,444.28,385.38
444.23,296.58,477.07,296.58,477.07,385.14,444.23,385.14
444.19,296.77,476.86,296.77,476.86,384.87,444.19,384.87
443.97,296.76,476.59,296.76,476.59,384.75,443.97,384.75
444.13,296.75,476.83,296.75,476.83,384.94,444.13,384.94
443.97,296.85,476.65,296.85,476.65,384.97,443.97,384.97
444,296.9,476.55,296.9,476.55,384.68,444,384.68
444.08,296.68,476.77,296.68,476.77,384.84,444.08,384.84
443.94,296.51,476.6,296.51,476.6,384.58,443.94,384.58
444.01,296.74,476.74,296.74,476.74,384.99,444.01,384.99
444.07,296.88,476.83,296.88,476.83,385.26,444.07,385.26
444.06,296.69,476.83,296.69,476.83,385.06,444.06,385.06
444.34,296.83,477.01,296.83,477.01,384.95,444.34,384.95
444.43,296.69,477.19,296.69,477.19,385.04,444.43,385.04
444.31,296.65,477.06,296.65,477.06,384.98,444.31,384.98
444.46,296.84,477.12,296.84,477.12,384.91,444.46,384.91
444.54,296.83,477.3,296.83,477.3,385.2,444.54,385.2
444.51,296.44,477.42,296.44,477.42,385.21,444.51,385.21
444.28,296.65,477.22,296.65,477.22,385.5,444.28,385.5
444.09,296.74,477.01,296.74,477.01,385.51,444.09,385.51
444.04,296.82,476.9,296.82,476.9,385.43,444.04,385.43
444.06,297.07,476.79,297.07,476.79,385.34,444.06,385.34
443.64,296.76,476.41,296.76,476.41,385.15,443.64,385.15
442.99,296.68,475.74,296.68,475.74,385,442.99,385
442.7,297.41,475.1,297.41,475.1,384.77,442.7,384.77
442.17,297.57,474.42,297.57,474.42,384.54,442.17,384.54
442.11,298.06,474.35,298.06,474.35,385.01,442.11,385.01
441.04,297.8,473.19,297.8,473.19,384.5,441.04,384.5
440.42,297.37,472.64,297.37,472.64,384.27,440.42,384.27
439.29,297.5,471.5,297.5,471.5,384.37,439.29,384.37
437.6,298.58,469.51,298.58,469.51,384.64,437.6,384.64
435.92,298.73,467.88,298.73,467.88,384.92,435.92,384.92
435.25,298.89,466.99,298.89,466.99,384.51,435.25,384.51
433.3,298.76,464.95,298.76,464.95,384.12,433.3,384.12
431.92,298.14,463.69,298.14,463.69,383.82,431.92,383.82
430.6,297.88,462.55,297.88,462.55,384.04,430.6,384.04
429.73,297.5,461.61,297.5,461.61,383.48,429.73,383.48
442.58,298.52,474.62,298.52,474.62,384.92,442.58,384.92
442.52,298.58,474.7,298.58,474.7,385.37,442.52,385.37
443.26,298.29,475.65,298.29,475.65,385.64,443.26,385.64
442.65,296.92,475.29,296.92,475.29,384.94,442.65,384.94
443.16,296.44,476.1,296.44,476.1,385.27,443.16,385.27
443.5,296.29,476.66,296.29,476.66,385.72,443.5,385.72
443.02,296.24,476.39,296.24,476.39,386.25,443.02,386.25
442.55,296.09,476.12,296.09,476.12,386.63,442.55,386.63
442.53,296.43,475.95,296.43,475.95,386.56,442.53,386.56
443.96,296.7,477.15,296.7,477.15,386.2,443.96,386.2
444.44,297,477.49,297,477.49,386.14,444.44,386.14
445.39,297.21,478.48,297.21,478.48,386.46,445.39,386.46
445.1,297.17,478.26,297.17,478.26,386.6,445.1,386.6
444.66,297.04,477.76,297.04,477.76,386.3,444.66,386.3
444.89,297.1,477.7,297.1,477.7,385.59,444.89,385.59
444.64,297.04,477.48,297.04,477.48,385.6,444.64,385.6
444.82,297.15,477.69,297.15,477.69,385.8,444.82,385.8
444.67,297.54,477.62,297.54,477.62,386.4,444.67,386.4
444.61,297.28,477.51,297.28,477.51,386.01,444.61,386.01
444.32,297.14,477.08,297.14,477.08,385.49,444.32,385.49
443.82,297.38,476.43,297.38,476.43,385.35,443.82,385.35
444.08,297.45,476.72,297.45,476.72,385.49,444.08,385.49
443.86,297.69,476.48,297.69,476.48,385.65,443.86,385.65
443.89,297.84,476.48,297.84,476.48,385.75,443.89,385.75
444.11,298.08,476.57,298.08,476.57,385.63,444.11,385.63
444.15,298.01,476.59,298.01,476.59,385.5,444.15,385.5
444.01,297.89,476.41,297.89,476.41,385.27,444.01,385.27
444.23,297.65,476.69,297.65,476.69,385.2,444.23,385.2
444.21,298.29,476.66,298.29,476.66,385.79,444.21,385.79
444.32,298.05,476.83,298.05,476.83,385.74,444.32,385.74
444.26,297.97,476.83,297.97,476.83,385.8,444.26,385.8
444.55,297.57,477.08,297.57,477.08,385.3,444.55,385.3
444.28,297.82,476.79,297.82,476.79,385.49,444.28,385.49
444.39,297.99,476.9,297.99,476.9,385.67,444.39,385.67
444.38,298.15,476.85,298.15,476.85,385.71,444.38,385.71
444.21,297.94,476.67,297.94,476.67,385.5,444.21,385.5
443.88,297.98,476.26,297.98,476.26,385.29,443.88,385.29
443.83,298.12,476.26,298.12,476.26,385.58,443.83,385.58
443.8,297.99,476.22,297.99,476.22,385.42,443.8,385.42
444,298.05,476.33,298.05,476.33,385.26,444,385.26
444.02,298.09,476.39,298.09,476.39,385.38,444.02,385.38
443.86,298.08,476.32,298.08,476.32,385.63,443.86,385.63
443.83,298.03,476.29,298.03,476.29,385.58,443.83,385.58
444,298.25,476.43,298.25,476.43,385.71,444,385.71
444.03,297.86,476.46,297.86,476.46,385.32,444.03,385.32
444.05,298.04,476.44,298.04,476.44,385.4,444.05,385.4
443.87,297.94,476.25,297.94,476.25,385.26,443.87,385.26
443.99,298.21,476.37,298.21,476.37,385.53,443.99,385.53
443.93,298.55,476.2,298.55,476.2,385.57,443.93,385.57
444.44,298.74,476.63,298.74,476.63,385.57,444.44,385.57
444.17,297.81,476.6,297.81,476.6,385.25,444.17,385.25
443.99,297.94,476.41,297.94,476.41,385.39,443.99,385.39
444.05,298.21,476.53,298.21,476.53,385.79,444.05,385.79
444.1,298.19,476.57,298.19,476.57,385.75,444.1,385.75
443.91,298.04,476.31,298.04,476.31,385.44,443.91,385.44
443.95,297.82,476.38,297.82,476.38,385.28,443.95,385.28
443.99,297.69,476.52,297.69,476.52,385.44,443.99,385.44
444.22,298.41,476.67,298.41,476.67,385.95,444.22,385.95
444.08,298.25,476.5,298.25,476.5,385.7,444.08,385.7
443.96,297.89,476.38,297.89,476.38,385.34,443.96,385.34
443.92,297.93,476.26,297.93,476.26,385.14,443.92,385.14
443.99,297.91,476.39,297.91,476.39,385.28,443.99,385.28
444.03,297.96,476.52,297.96,476.52,385.58,444.03,385.58
444.2,298.15,476.6,298.15,476.6,385.55,444.2,385.55
443.97,297.81,476.33,297.81,476.33,385.08,443.97,385.08
444.08,297.8,476.48,297.8,476.48,385.2,444.08,385.2
444,297.7,476.54,297.7,476.54,385.47,444,385.47
444.03,298.15,476.49,298.15,476.49,385.69,444.03,385.69
443.96,297.89,476.37,297.89,476.37,385.3,443.96,385.3
444.06,297.6,476.49,297.6,476.49,385.08,444.06,385.08
444,297.7,476.46,297.7,476.46,385.24,444,385.24
443.99,298.12,476.43,298.12,476.43,385.61,443.99,385.61
443.91,298.14,476.34,298.14,476.34,385.62,443.91,385.62
443.94,297.83,476.41,297.83,476.41,385.41,443.94,385.41
443.96,297.83,476.38,297.83,476.38,385.25,443.96,385.25
444.01,297.82,476.5,297.82,476.5,385.45,444.01,385.45
444.15,298.17,476.57,298.17,476.57,385.6,444.15,385.6
443.94,298.18,476.38,298.18,476.38,385.67,443.94,385.67
443.98,297.77,476.42,297.77,476.42,385.27,443.98,385.27
443.97,297.75,476.43,297.75,476.43,385.3,443.97,385.3
444.06,298.06,476.54,298.06,476.54,385.66,444.06,385.66
444.09,298.16,476.54,298.16,476.54,385.69,444.09,385.69
443.98,298.35,476.31,298.35,476.31,385.53,443.98,385.53
443.94,297.91,476.32,297.91,476.32,385.25,443.94,385.25
443.96,298.08,476.3,298.08,476.3,385.3,443.96,385.3
444.14,298.07,476.55,298.07,476.55,385.49,444.14,385.49
444.03,297.98,476.52,297.98,476.52,385.58,444.03,385.58
444.12,297.97,476.58,297.97,476.58,385.52,444.12,385.52
443.95,297.91,476.4,297.91,476.4,385.45,443.95,385.45
444.04,297.93,476.53,297.93,476.53,385.55,444.04,385.55
444.08,297.93,476.54,297.93,476.54,385.46,444.08,385.46
444.13,298.16,476.55,298.16,476.55,385.59,444.13,385.59
443.97,297.97,476.44,297.97,476.44,385.56,443.97,385.56
443.99,297.94,476.48,297.94,476.48,385.58,443.99,385.58
444.14,298.2,476.5,298.2,476.5,385.49,444.14,385.49
444,297.94,476.42,297.94,476.42,385.38,444,385.38
443.82,297.85,476.36,297.85,476.36,385.62,443.82,385.62
443.84,298.02,476.34,298.02,476.34,385.69,443.84,385.69
443.89,298.02,476.41,298.02,476.41,385.73,443.89,385.73
444.31,298.58,476.73,298.58,476.73,386,444.31,386
444.11,297.94,476.51,297.94,476.51,385.34,444.11,385.34
443.96,297.86,476.39,297.86,476.39,385.32,443.96,385.32
444.01,298.05,476.53,298.05,476.53,385.76,444.01,385.76
444.23,298.55,476.71,298.55,476.71,386.15,444.23,386.15
443.99,298.01,476.45,298.01,476.45,385.56,443.99,385.56
443.98,298.1,476.43,298.1,476.43,385.63,443.98,385.63
444.03,298.08,476.52,298.08,476.52,385.71,444.03,385.71
444.23,298.52,476.65,298.52,476.65,385.96,444.23,385.96
444.15,298.23,476.6,298.23,476.6,385.75,444.15,385.75
444.07,297.98,476.49,297.98,476.49,385.42,444.07,385.42
443.93,297.92,476.46,297.92,476.46,385.67,443.93,385.67
444.23,298.47,476.73,298.47,476.73,386.13,444.23,386.13
443.93,297.76,476.42,297.76,476.42,385.39,443.93,385.39
443.99,297.9,476.51,297.9,476.51,385.6,443.99,385.6
444.01,298.21,476.58,298.21,476.58,386.03,444.01,386.03
443.99,298.13,476.48,298.13,476.48,385.75,443.99,385.75
443.88,297.89,476.37,297.89,476.37,385.51,443.88,385.51
443.94,297.91,476.42,297.91,476.42,385.52,443.94,385.52
444.12,298.29,476.54,298.29,476.54,385.72,444.12,385.72
443.99,298.12,476.41,298.12,476.41,385.56,443.99,385.56
444.09,298.04,476.48,298.04,476.48,385.38,444.09,385.38
443.89,298.07,476.21,298.07,476.21,385.22,443.89,385.22
444.26,298.62,476.47,298.62,476.47,385.48,444.26,385.48
444.1,298.54,476.39,298.54,476.39,385.62,444.1,385.62
444.07,298.11,476.42,298.11,476.42,385.37,444.07,385.37
443.98,298,476.38,298,476.38,385.39,443.98,385.39
444.17,298.18,476.62,298.18,476.62,385.71,444.17,385.71
444.06,298.1,476.54,298.1,476.54,385.69,444.06,385.69
444,298.1,476.42,298.1,476.42,385.56,444,385.56
444.09,298.47,476.44,298.47,476.44,385.71,444.09,385.71
444.08,298.2,476.45,298.2,476.45,385.49,444.08,385.49
444.01,298.03,476.46,298.03,476.46,385.53,444.01,385.53
444.06,297.98,476.57,297.98,476.57,385.66,444.06,385.66
444.04,298.13,476.49,298.13,476.49,385.67,444.04,385.67
444.01,298.24,476.44,298.24,476.44,385.7,444.01,385.7
444.04,298.14,476.48,298.14,476.48,385.62,444.04,385.62
444.14,297.92,476.58,297.92,476.58,385.4,444.14,385.4
443.97,298.09,476.46,298.09,476.46,385.72,443.97,385.72
443.89,297.91,476.34,297.91,476.34,385.42,443.89,385.42
444.05,297.98,476.51,297.98,476.51,385.52,444.05,385.52
444.06,297.97,476.49,297.97,476.49,385.42,444.06,385.42
443.83,297.65,476.3,297.65,476.3,385.22,443.83,385.22
443.89,297.78,476.37,297.78,476.37,385.37,443.89,385.37
443.98,297.81,476.36,297.81,476.36,385.16,443.98,385.16
443.69,297.58,476.17,297.58,476.17,385.17,443.69,385.17
443.86,298.27,476.31,298.27,476.31,385.79,443.86,385.79
443.83,297.87,476.28,297.87,476.28,385.39,443.83,385.39
443.8,297.89,476.25,297.89,476.25,385.41,443.8,385.41
443.99,297.94,476.49,297.94,476.49,385.59,443.99,385.59
444,298.34,476.52,298.34,476.52,386.06,444,386.06
444.17,298.1,476.67,298.1,476.67,385.73,444.17,385.73
443.87,297.88,476.35,297.88,476.35,385.47,443.87,385.47
443.86,297.87,476.44,297.87,476.44,385.73,443.86,385.73
443.93,298.17,476.5,298.17,476.5,386.02,443.93,386.02
443.75,297.87,476.28,297.87,476.28,385.6,443.75,385.6
443.96,297.79,476.57,297.79,476.57,385.76,443.96,385.76
443.82,297.85,476.39,297.85,476.39,385.69,443.82,385.69
443.77,297.99,476.43,297.99,476.43,386.06,443.77,386.06
443.94,298.18,476.53,298.18,476.53,386.1,443.94,386.1
443.83,297.8,476.43,297.8,476.43,385.71,443.83,385.71
443.74,297.73,476.27,297.73,476.27,385.46,443.74,385.46
444.07,298.85,476.47,298.85,476.47,386.23,444.07,386.23
443.76,298.58,475.91,298.58,475.91,385.28,443.76,385.28
443.88,298.33,476.03,298.33,476.03,385.02,443.88,385.02
443.96,298.71,475.96,298.71,475.96,385.01,443.96,385.01
444.41,299.47,476.34,299.47,476.34,385.59,444.41,385.59
443.95,298.83,476.09,298.83,476.09,385.51,443.95,385.51
443.98,298.28,476.25,298.28,476.25,385.33,443.98,385.33
443.96,298.17,476.28,298.17,476.28,385.35,443.96,385.35
444.01,298.27,476.43,298.27,476.43,385.7,444.01,385.7
444.09,298.33,476.54,298.33,476.54,385.86,444.09,385.86
443.97,297.85,476.49,297.85,476.49,385.57,443.97,385.57
444.13,298.01,476.77,298.01,476.77,386.05,444.13,386.05
443.92,297.9,476.54,297.9,476.54,385.87,443.92,385.87
443.88,297.89,476.48,297.89,476.48,385.83,443.88,385.83
443.69,297.87,476.31,297.87,476.31,385.83,443.69,385.83
443.64,297.47,476.37,297.47,476.37,385.73,443.64,385.73
443.7,297.95,476.18,297.95,476.18,385.57,443.7,385.57
443.95,298.31,476.34,298.31,476.34,385.65,443.95,385.65
443.45,298.06,475.73,298.06,475.73,385.12,443.45,385.12
443.68,298.49,475.86,298.49,475.86,385.28,443.68,385.28
443.73,298.62,475.88,298.62,475.88,385.35,443.73,385.35
443.6,298.71,475.67,298.71,475.67,385.21,443.6,385.21
443.6,298.81,475.55,298.81,475.55,384.99,443.6,384.99
443.44,298.82,475.46,298.82,475.46,385.17,443.44,385.17
443.52,299.25,475.36,299.25,475.36,385.14,443.52,385.14
443.11,298.57,475.14,298.57,475.14,384.97,443.11,384.97
443.57,298.97,475.52,298.97,475.52,385.13,443.57,385.13
444.08,299.06,476.07,299.06,476.07,385.35,444.08,385.35
444.47,299.03,476.37,299.03,476.37,385.07,444.47,385.07
443.75,298.8,475.69,298.8,475.69,384.96,443.75,384.96
444.44,299.08,476.51,299.08,476.51,385.57,444.44,385.57
444.41,299.03,476.52,299.03,476.52,385.64,444.41,385.64
443.97,298.49,476.22,298.49,476.22,385.46,443.97,385.46
444.19,298.21,476.64,298.21,476.64,385.71,444.19,385.71
444.15,298.18,476.63,298.18,476.63,385.79,444.15,385.79
444.15,298.55,476.6,298.55,476.6,386.05,444.15,386.05
444,297.93,476.44,297.93,476.44,385.42,444,385.42
444.11,297.99,476.55,297.99,476.55,385.47,444.11,385.47
444.09,298.33,476.5,298.33,476.5,385.74,444.09,385.74
443.91,298.02,476.37,298.02,476.37,385.57,443.91,385.57
444.09,298.19,476.44,298.19,476.44,385.44,444.09,385.44
444.25,298.59,476.46,298.59,476.46,385.48,444.25,385.48
444.13,298.67,476.3,298.67,476.3,385.43,444.13,385.43
443.89,298.56,476.08,298.56,476.08,385.38,443.89,385.38
443.75,298.51,475.93,298.51,475.93,385.3,443.75,385.3
443.8,299,475.71,299,475.71,385.04,443.8,385.04
444.04,299.2,475.8,299.2,475.8,384.86,444.04,384.86
444.28,298.97,476.22,298.97,476.22,385.1,444.28,385.1
444.22,298.74,476.31,298.74,476.31,385.31,444.22,385.31
444.22,299.05,476.2,299.05,476.2,385.3,444.22,385.3
444.42,299.47,476.31,299.47,476.31,385.47,444.42,385.47
444.15,299.07,476.19,299.07,476.19,385.49,444.15,385.49
444.05,298.81,476.22,298.81,476.22,385.56,444.05,385.56
443.96,298.42,476.22,298.42,476.22,385.43,443.96,385.43
444.1,298.87,476.32,298.87,476.32,385.78,444.1,385.78
443.97,298.83,475.99,298.83,475.99,385.18,443.97,385.18
444.02,298.86,476.12,298.86,476.12,385.42,444.02,385.42
443.87,298.63,475.98,298.63,475.98,385.23,443.87,385.23
443.88,298.18,476.15,298.18,476.15,385.23,443.88,385.23
444.25,298.55,476.57,298.55,476.57,385.69,444.25,385.69
444.12,298.32,476.43,298.32,476.43,385.45,444.12,385.45
444.06,297.93,476.44,297.93,476.44,385.28,444.06,385.28
444.01,298.05,476.47,298.05,476.47,385.59,444.01,385.59
444.23,298.28,476.68,298.28,476.68,385.82,444.23,385.82
444.21,298.03,476.61,298.03,476.61,385.43,444.21,385.43
444.13,298.06,476.55,298.06,476.55,385.49,444.13,385.49
444.46,298.4,476.89,298.4,476.89,385.86,444.46,385.86
444.47,297.99,476.91,297.99,476.91,385.48,444.47,385.48
444.57,298,476.92,298,476.92,385.25,444.57,385.25
444.7,298.59,476.97,298.59,476.97,385.64,444.7,385.64
444.29,298.15,476.67,298.15,476.67,385.49,444.29,385.49
443.41,298.42,475.42,298.42,475.42,384.76,443.41,384.76
443.24,298.85,475.13,298.85,475.13,384.85,443.24,384.85
443.91,298.82,475.83,298.82,475.83,384.9,443.91,384.9
444.13,298.86,476.19,298.86,476.19,385.33,444.13,385.33
444.28,298.86,476.36,298.86,476.36,385.38,444.28,385.38
443.86,298.83,475.81,298.83,475.81,384.99,443.86,384.99
443.95,298.68,476.01,298.68,476.01,385.14,443.95,385.14
444.04,299.14,475.89,299.14,475.89,385.05,444.04,385.05
443.76,298.8,475.67,298.8,475.67,384.86,443.76,384.86
444.06,298.51,476.25,298.51,476.25,385.32,444.06,385.32
443.99,298.89,476,298.89,476,385.22,443.99,385.22
444.15,298.58,476.33,298.58,476.33,385.36,444.15,385.36
444,298.28,476.26,298.28,476.26,385.28,444,385.28
444.32,298.83,476.38,298.83,476.38,385.32,444.32,385.32
444.09,298.74,476.18,298.74,476.18,385.28,444.09,385.28
444.04,298.7,476.15,298.7,476.15,385.31,444.04,385.31
443.8,298.27,475.91,298.27,475.91,384.89,443.8,384.89
443.86,298.41,476.05,298.41,476.05,385.23,443.86,385.23
444.06,298.42,476.37,298.42,476.37,385.55,444.06,385.55
443.91,298.06,476.31,298.06,476.31,385.42,443.91,385.42
443.74,297.92,476.07,297.92,476.07,385.1,443.74,385.1
444,298.53,476.3,298.53,476.3,385.65,444,385.65
444,298.29,476.34,298.29,476.34,385.5,444,385.5
444.1,298.29,476.42,298.29,476.42,385.44,444.1,385.44
443.85,298.16,476.24,298.16,476.24,385.49,443.85,385.49
443.82,298.15,476.14,298.15,476.14,385.31,443.82,385.31
443.88,298.27,476.28,298.27,476.28,385.68,443.88,385.68
443.84,298.18,476.11,298.18,476.11,385.2,443.84,385.2
444.2,298.64,476.48,298.64,476.48,385.7,444.2,385.7
444.09,298.21,476.46,298.21,476.46,385.49,444.09,385.49
444.03,298.33,476.4,298.33,476.4,385.62,444.03,385.62
443.88,298.14,476.29,298.14,476.29,385.57,443.88,385.57
443.98,298.06,476.43,298.06,476.43,385.59,443.98,385.59
444.1,298.35,476.49,298.35,476.49,385.7,444.1,385.7
443.78,297.94,476.23,297.94,476.23,385.45,443.78,385.45
443.95,298.11,476.41,298.11,476.41,385.63,443.95,385.63
443.99,298.08,476.43,298.08,476.43,385.56,443.99,385.56
443.88,298.02,476.37,298.02,476.37,385.65,443.88,385.65
443.93,298.13,476.41,298.13,476.41,385.73,443.93,385.73
443.9,298.11,476.38,298.11,476.38,385.72,443.9,385.72
444.07,298.13,476.52,298.13,476.52,385.65,444.07,385.65
443.98,298.01,476.44,298.01,476.44,385.56,443.98,385.56
444.02,298.11,476.47,298.11,476.47,385.63,444.02,385.63
443.88,298.06,476.37,298.06,476.37,385.68,443.88,385.68
443.97,298.1,476.44,298.1,476.44,385.66,443.97,385.66
443.95,298.05,476.4,298.05,476.4,385.56,443.95,385.56
443.93,298.05,476.42,298.05,476.42,385.67,443.93,385.67
443.76,298.58,475.97,298.58,475.97,385.45,443.76,385.45
439.8,298.82,471.99,298.82,471.99,385.62,439.8,385.62
364.58,298.36,396.87,298.36,396.87,385.46,364.58,385.46
391.46,302.07,423.69,302.07,423.69,389.01,391.46,389.01
392.15,299.54,424.26,299.54,424.26,386.14,392.15,386.14
390.98,299.39,423.29,299.39,423.29,386.51,390.98,386.51
387.06,298.96,419.41,298.96,419.41,386.19,387.06,386.19
387.02,299.11,419.44,299.11,419.44,386.56,387.02,386.56
387.38,298.88,419.85,298.88,419.85,386.44,387.38,386.44
387.19,298.72,419.55,298.72,419.55,386.01,387.19,386.01
382.91,300.41,415.21,300.41,415.21,387.54,382.91,387.54
351.55,301.08,383.5,301.08,383.5,387.24,351.55,387.24
315.14,297.41,347.26,297.41,347.26,384.04,315.14,384.04
340,301.38,372.14,301.38,372.14,388.07,340,388.07
328.89,300.07,361.18,300.07,361.18,387.14,328.89,387.14
330.28,300.93,362.56,300.93,362.56,387.98,330.28,387.98
330.11,300.68,362.25,300.68,362.25,387.36,330.11,387.36
329.83,300.56,361.96,300.56,361.96,387.19,329.83,387.19
329.7,300.39,361.83,300.39,361.83,387.03,329.7,387.03
329.73,300.59,361.88,300.59,361.88,387.28,329.73,387.28
329.98,300.94,362.01,300.94,362.01,387.33,329.98,387.33
330.05,300.99,362.03,300.99,362.03,387.22,330.05,387.22
330.15,300.99,362.27,300.99,362.27,387.61,330.15,387.61
329.81,300.68,361.83,300.68,361.83,387.05,329.81,387.05
330.02,301.06,361.95,301.06,361.95,387.17,330.02,387.17
330.05,300.97,362.08,300.97,362.08,387.36,330.05,387.36
329.85,300.63,361.99,300.63,361.99,387.31,329.85,387.31
329.91,300.81,361.98,300.81,361.98,387.28,329.91,387.28
329.93,300.94,361.97,300.94,361.97,387.33,329.93,387.33
329.85,300.7,361.91,300.7,361.91,387.15,329.85,387.15
329.89,300.58,361.99,300.58,361.99,387.15,329.89,387.15
329.88,300.69,361.97,300.69,361.97,387.26,329.88,387.26
329.97,300.77,362.08,300.77,362.08,387.37,329.97,387.37
329.74,300.65,361.77,300.65,361.77,387.02,329.74,387.02
329.93,300.5,362.1,300.5,362.1,387.26,329.93,387.26
329.85,300.27,362.18,300.27,362.18,387.46,329.85,387.46
329.97,300.49,362.3,300.49,362.3,387.7,329.97,387.7
329.9,300.63,362.08,300.63,362.08,387.4,329.9,387.4
329.86,300.55,362.06,300.55,362.06,387.37,329.86,387.37
330,300.71,362.11,300.71,362.11,387.3,330,387.3
329.77,300.58,361.87,300.58,361.87,387.17,329.77,387.17
330.04,300.86,362.08,300.86,362.08,387.28,330.04,387.28
329.99,301.03,361.91,301.03,361.91,387.1,329.99,387.1
330.2,301.13,362.17,301.13,362.17,387.34,330.2,387.34
330.05,300.88,362.11,300.88,362.11,387.36,330.05,387.36
329.93,300.49,362.18,300.49,362.18,387.46,329.93,387.46
330.1,300.78,362.39,300.78,362.39,387.87,330.1,387.87
329.96,300.56,362.22,300.56,362.22,387.57,329.96,387.57
330.19,300.92,362.36,300.92,362.36,387.69,330.19,387.69
329.9,300.61,362.15,300.61,362.15,387.59,329.9,387.59
330.25,301,362.46,301,362.46,387.88,330.25,387.88
330.12,300.82,362.31,300.82,362.31,387.63,330.12,387.63
329.92,300.71,362.1,300.71,362.1,387.49,329.92,387.49
330.02,300.74,362.2,300.74,362.2,387.53,330.02,387.53
329.98,300.75,362.18,300.75,362.18,387.6,329.98,387.6
329.99,300.75,362.19,300.75,362.19,387.6,329.99,387.6
330.05,300.7,362.19,300.7,362.19,387.4,330.05,387.4
329.83,300.29,362.17,300.29,362.17,387.51,329.83,387.51
329.91,300.44,362.21,300.44,362.21,387.57,329.91,387.57
329.95,300.61,362.21,300.61,362.21,387.6,329.95,387.6
330.04,300.69,362.32,300.69,362.32,387.77,330.04,387.77
329.87,300.19,362.32,300.19,362.32,387.71,329.87,387.71
329.9,300.68,362.07,300.68,362.07,387.44,329.9,387.44
330.02,300.79,362.17,300.79,362.17,387.5,330.02,387.5
329.97,300.82,362.01,300.82,362.01,387.21,329.97,387.21
329.91,300.5,362.13,300.5,362.13,387.42,329.91,387.42
329.9,300.59,362.11,300.59,362.11,387.48,329.9,387.48
329.97,300.82,362.01,300.82,362.01,387.24,329.97,387.24
329.97,300.51,362.19,300.51,362.19,387.4,329.97,387.4
329.94,300.59,362.17,300.59,362.17,387.51,329.94,387.51
330.05,300.74,362.26,300.74,362.26,387.61,330.05,387.61
329.9,300.67,362.11,300.67,362.11,387.53,329.9,387.53
329.89,300.45,362.07,300.45,362.07,387.26,329.89,387.26
329.92,300.62,362.07,300.62,362.07,387.33,329.92,387.33
330,300.72,362.18,300.72,362.18,387.52,330,387.52
329.97,300.93,361.97,300.93,361.97,387.23,329.97,387.23
330.21,301.2,362.18,301.2,362.18,387.42,330.21,387.42
330.26,301.06,362.31,301.06,362.31,387.5,330.26,387.5
330.08,300.98,362.07,300.98,362.07,387.27,330.08,387.27
330.38,301.26,362.39,301.26,362.39,387.58,330.38,387.58
330.21,301.17,362.18,301.17,362.18,387.4,330.21,387.4
330.19,301.08,362.22,301.08,362.22,387.45,330.19,387.45
329.97,300.96,361.96,300.96,361.96,387.25,329.97,387.25
330.32,301.29,362.29,301.29,362.29,387.51,330.32,387.51
330.29,301.14,362.36,301.14,362.36,387.62,330.29,387.62
329.82,300.63,361.94,300.63,361.94,387.25,329.82,387.25
329.74,300.62,361.83,300.62,361.83,387.17,329.74,387.17
329.98,300.78,362.08,300.78,362.08,387.35,329.98,387.35
329.97,300.9,361.97,300.9,361.97,387.2,329.97,387.2
330.28,301.14,362.28,301.14,362.28,387.43,330.28,387.43
330.16,301.04,362.16,301.04,362.16,387.34,330.16,387.34
330.19,301.26,362.22,301.26,362.22,387.63,330.19,387.63
330.02,300.89,362.07,300.89,362.07,387.33,330.02,387.33
330.04,300.98,362.04,300.98,362.04,387.28,330.04,387.28
330.14,301.05,362.18,301.05,362.18,387.47,330.14,387.47
330,300.86,362.1,300.86,362.1,387.43,330,387.43
330.04,300.9,362.06,300.9,362.06,387.27,330.04,387.27
330.01,300.97,361.95,300.97,361.95,387.1,330.01,387.1
330.09,300.84,362.15,300.84,362.15,387.3,330.09,387.3
329.93,300.94,361.9,300.94,361.9,387.15,329.93,387.15
329.92,300.5,362.17,300.5,362.17,387.48,329.92,387.48
330.1,300.76,362.36,300.76,362.36,387.75,330.1,387.75
330.14,300.9,362.33,300.9,362.33,387.72,330.14,387.72
329.88,300.51,362.06,300.51,362.06,387.3,329.88,387.3
329.98,300.97,361.95,300.97,361.95,387.2,329.98,387.2
330.36,301.23,362.39,301.23,362.39,387.63,330.36,387.63
330.08,300.84,362.09,300.84,362.09,387.17,330.08,387.17
330.02,300.95,361.95,300.95,361.95,387.08,330.02,387.08
330.18,301.04,362.19,301.04,362.19,387.37,330.18,387.37
329.9,300.74,361.93,300.74,361.93,387.12,329.9,387.12
330.06,300.8,362.11,300.8,362.11,387.23,330.06,387.23
330.06,300.71,362.14,300.71,362.14,387.23,330.06,387.23
329.88,300.67,361.9,300.67,361.9,387.01,329.88,387.01
329.93,300.45,362.19,300.45,362.19,387.47,329.93,387.47
330.15,300.66,362.43,300.66,362.43,387.73,330.15,387.73
329.81,300.31,362.12,300.31,362.12,387.46,329.81,387.46
329.86,300.43,362.07,300.43,362.07,387.32,329.86,387.32
329.85,300.43,362.08,300.43,362.08,387.34,329.85,387.34
329.94,300.45,362.24,300.45,362.24,387.58,329.94,387.58
329.83,300.48,362.09,300.48,362.09,387.49,329.83,387.49
