104,269,255,269,255,395,104,395
102.56,266.82,253.13,266.82,253.13,392.46,102.56,392.46
101.97,266.58,252.25,266.58,252.25,391.98,101.97,391.98
100.08,265.26,249.49,265.26,249.49,389.93,100.08,389.93
97.893,264.35,248.17,264.35,248.17,389.75,97.893,389.75
96.891,264.39,245.53,264.39,245.53,388.42,96.891,388.42
96.14,264.08,243.31,264.08,243.31,386.88,96.14,386.88
94.544,262.44,240.74,262.44,240.74,384.43,94.544,384.43
92.871,261.03,237.41,261.03,237.41,381.64,92.871,381.64
91.739,260.76,235.32,260.76,235.32,380.57,91.739,380.57
90.264,260.52,233.26,260.52,233.26,379.85,90.264,379.85
89.168,260.2,231.1,260.2,231.1,378.63,89.168,378.63
88.441,259.58,229.86,259.58,229.86,377.58,88.441,377.58
87.249,258.57,226.43,258.57,226.43,374.71,87.249,374.71
85.673,256.81,224.15,256.81,224.15,372.37,85.673,372.37
84.852,256.5,223.25,256.5,223.25,371.98,84.852,371.98
84.152,256.76,220.66,256.76,220.66,370.67,84.152,370.67
83.889,257.08,219.43,257.08,219.43,370.18,83.889,370.18
83.033,256.53,218.76,256.53,218.76,369.78,83.033,369.78
81.829,255.36,216.06,255.36,216.06,367.36,81.829,367.36
80.584,253.31,214.16,253.31,214.16,364.77,80.584,364.77
79.836,253.33,212.66,253.33,212.66,364.17,79.836,364.17
79.568,253.22,211.46,253.22,211.46,363.27,79.568,363.27
79,253.33,209.41,253.33,209.41,362.15,79,362.15
78.827,252.65,208.17,252.65,208.17,360.58,78.827,360.58
77.807,251.52,206.97,251.52,206.97,359.3,77.807,359.3
76.454,249.65,205.68,249.65,205.68,357.48,76.454,357.48
76.155,249.43,204.47,249.43,204.47,356.5,76.155,356.5
76.347,249.04,203.08,249.04,203.08,354.8,76.347,354.8
75.814,249.14,201.89,249.14,201.89,354.35,75.814,354.35
75.622,248.81,200.64,248.81,200.64,353.14,75.622,353.14
75.227,248.15,199.65,248.15,199.65,351.98,75.227,351.98
74.398,246.79,198.79,246.79,198.79,350.59,74.398,350.59
74.624,246.39,198.66,246.39,198.66,349.89,74.624,349.89
73.651,246,196.89,246,196.89,348.83,73.651,348.83
73.285,245.23,195.66,245.23,195.66,347.34,73.285,347.34
73.989,245.19,196.1,245.19,196.1,347.09,73.989,347.09
73.816,244.7,194.36,244.7,194.36,345.28,73.816,345.28
73.429,243.63,193.8,243.63,193.8,344.07,73.429,344.07
72.771,242.9,192.25,242.9,192.25,342.6,72.771,342.6
73.256,242.97,192.46,242.97,192.46,342.44,73.256,342.44
72.607,241.95,190.95,241.95,190.95,340.7,72.607,340.7
72.516,241.47,190.42,241.47,190.42,339.85,72.516,339.85
73.106,240.86,190.03,240.86,190.03,338.43,73.106,338.43
72.532,240.03,189.38,240.03,189.38,337.54,72.532,337.54
72.367,239.38,189.46,239.38,189.46,337.08,72.367,337.08
73.293,238.99,189.94,238.99,189.94,336.32,73.293,336.32
73.17,238.46,188.61,238.46,188.61,334.79,73.17,334.79
73.369,237.93,188.1,237.93,188.1,333.66,73.369,333.66
73.156,237.01,187.42,237.01,187.42,332.36,73.156,332.36
73.01,235.69,186.71,235.69,186.71,330.57,73.01,330.57
73.592,235.88,186.12,235.88,186.12,329.78,73.592,329.78
73.287,235.42,185.45,235.42,185.45,329,73.287,329
74.189,235.15,185.5,235.15,185.5,328.03,74.189,328.03
74.252,234.38,185.21,234.38,185.21,326.96,74.252,326.96
73.503,233.36,184.16,233.36,184.16,325.7,73.503,325.7
73.456,232.23,183.45,232.23,183.45,324.01,73.456,324.01
74.502,232.35,183.31,232.35,183.31,323.14,74.502,323.14
74.887,232.45,183.37,232.45,183.37,322.98,74.887,322.98
75.028,232.07,182.65,232.07,182.65,321.87,75.028,321.87
75.076,231.23,181.94,231.23,181.94,320.4,75.076,320.4
75.107,230.36,182.47,230.36,182.47,319.95,75.107,319.95
75.308,229.6,182.35,229.6,182.35,318.92,75.308,318.92
75.614,228.69,181.67,228.69,181.67,317.19,75.614,317.19
76.067,228.84,181.67,228.84,181.67,316.96,76.067,316.96
76.63,228.51,181.69,228.51,181.69,316.18,76.63,316.18
76.536,227.77,181.44,227.77,181.44,315.3,76.536,315.3
76.634,227.15,182.01,227.15,182.01,315.08,76.634,315.08
76.549,227.08,181.89,227.08,181.89,314.98,76.549,314.98
76.483,226.37,181.2,226.37,181.2,313.75,76.483,313.75
77.181,226.38,180.44,226.38,180.44,312.54,77.181,312.54
77.501,225.92,180.11,225.92,180.11,311.53,77.501,311.53
77.955,225.33,180.16,225.33,180.16,310.61,77.955,310.61
77.818,224.63,179.63,224.63,179.63,309.58,77.818,309.58
78.086,223.88,180.2,223.88,180.2,309.08,78.086,309.08
77.987,223.13,179.54,223.13,179.54,307.87,77.987,307.87
79.014,223.76,179.59,223.76,179.59,307.68,79.014,307.68
79.482,223.32,179.91,223.32,179.91,307.13,79.482,307.13
79.736,222.37,179.76,222.37,179.76,305.84,79.736,305.84
79.973,221.65,179.53,221.65,179.53,304.73,79.973,304.73
79.9,220.47,179.04,220.47,179.04,303.2,79.9,303.2
80.745,220.41,179.41,220.41,179.41,302.74,80.745,302.74
80.72,220.15,178.91,220.15,178.91,302.08,80.72,302.08
80.993,220.22,178.93,220.22,178.93,301.94,80.993,301.94
81.814,220.08,179.02,220.08,179.02,301.19,81.814,301.19
81.666,219.3,178.33,219.3,178.33,299.96,81.666,299.96
81.874,218.24,178.3,218.24,178.3,298.7,81.874,298.7
82.127,217.27,177.97,217.27,177.97,297.25,82.127,297.25
82.676,217.34,177.92,217.34,177.92,296.82,82.676,296.82
82.966,217.26,178.25,217.26,178.25,296.76,82.966,296.76
83.419,217.14,178.07,217.14,178.07,296.11,83.419,296.11
83.669,216.56,177.65,216.56,177.65,294.98,83.669,294.98
83.54,215.11,176.85,215.11,176.85,292.98,83.54,292.98
84.108,214.5,177.07,214.5,177.07,292.07,84.108,292.07
84.319,214.28,176.94,214.28,176.94,291.57,84.319,291.57
84.649,214.11,176.98,214.11,176.98,291.15,84.649,291.15
85.525,214.2,177.35,214.2,177.35,290.82,85.525,290.82
85.275,213.41,176.84,213.41,176.84,289.82,85.275,289.82
85.203,212.41,176.09,212.41,176.09,288.26,85.203,288.26
85.994,211.41,176.75,211.41,176.75,287.14,85.994,287.14
86.402,211.44,176.84,211.44,176.84,286.91,86.402,286.91
86.738,211.38,176.6,211.38,176.6,286.37,86.738,286.37
87.098,211.49,176.7,211.49,176.7,286.26,87.098,286.26
87.042,210.73,176.19,210.73,176.19,285.12,87.042,285.12
86.918,210.15,175.7,210.15,175.7,284.23,86.918,284.23
87.886,209.1,176.42,209.1,176.42,282.97,87.886,282.97
88.13,208.98,176.18,208.98,176.18,282.45,88.13,282.45
88.201,208.79,175.95,208.79,175.95,282.01,88.201,282.01
89.348,208.98,176.53,208.98,176.53,281.73,89.348,281.73
89.504,208.52,176.51,208.52,176.51,281.12,89.504,281.12
89.578,208.22,176.28,208.22,176.28,280.57,89.578,280.57
89.656,207.54,175.95,207.54,175.95,279.55,89.656,279.55
90.226,206.4,176.19,206.4,176.19,278.13,90.226,278.13
90.759,206.62,176.32,206.62,176.32,278.02,90.759,278.02
91.838,206.74,176.81,206.74,176.81,277.64,91.838,277.64
91.606,206.46,176.46,206.46,176.46,277.27,91.606,277.27
92.299,206.19,176.74,206.19,176.74,276.65,92.299,276.65
92.943,205.91,176.85,205.91,176.85,275.93,92.943,275.93
93.287,204.9,177.01,204.9,177.01,274.76,93.287,274.76
93.639,204.57,177.09,204.57,177.09,274.21,93.639,274.21
94.288,204.05,177.57,204.05,177.57,273.54,94.288,273.54
94.636,204.04,177.4,204.04,177.4,273.1,94.636,273.1
95.317,203.71,177.85,203.71,177.85,272.57,95.317,272.57
95.868,203.2,178.19,203.2,178.19,271.89,95.868,271.89
96.829,202.52,178.78,202.52,178.78,270.9,96.829,270.9
97.438,201.57,178.88,201.57,178.88,269.53,97.438,269.53
97.724,200.88,179.13,200.88,179.13,268.8,97.724,268.8
97.938,200.71,179.69,200.71,179.69,268.92,97.938,268.92
99.335,200.55,180.88,200.55,180.88,268.59,99.335,268.59
100.03,200.58,180.96,200.58,180.96,268.11,100.03,268.11
100.11,199.6,181.06,199.6,181.06,267.15,100.11,267.15
101.16,198.54,182.14,198.54,182.14,266.11,101.16,266.11
102.05,198.1,182.96,198.1,182.96,265.61,102.05,265.61
102.92,197.84,183.71,197.84,183.71,265.25,102.92,265.25
104,198.41,184.14,198.41,184.14,265.28,104,265.28
105.27,198.4,184.66,198.4,184.66,264.64,105.27,264.64
105.32,197.54,184.63,197.54,184.63,263.72,105.32,263.72
106.51,196.79,185.51,196.79,185.51,262.71,106.51,262.71
106.28,195.91,185.42,195.91,185.42,261.95,106.28,261.95
107.27,196.37,185.62,196.37,185.62,261.76,107.27,261.76
109.26,195.87,187.27,195.87,187.27,260.96,109.26,260.96
111.36,195.79,188.66,195.79,188.66,260.29,111.36,260.29
112.78,196.33,189.38,196.33,189.38,260.25,112.78,260.25
113.88,195.73,190.05,195.73,190.05,259.3,113.88,259.3
114.48,194.59,190.2,194.59,190.2,257.77,114.48,257.77
115.58,194.14,191.32,194.14,191.32,257.34,115.58,257.34
116.09,194.33,191.6,194.33,191.6,257.34,116.09,257.34
116.07,193.93,191.53,193.93,191.53,256.9,116.07,256.9
117.08,193.9,192.62,193.9,192.62,256.92,117.08,256.92
118.49,193.08,193.81,193.08,193.81,255.93,118.49,255.93
119.7,192.72,194.64,192.72,194.64,255.25,119.7,255.25
119.82,191.32,194.48,191.32,194.48,253.62,119.82,253.62
122.28,192.04,196.55,192.04,196.55,254.01,122.28,254.01
123.4,192.61,197.26,192.61,197.26,254.24,123.4,254.24
124.03,192.44,197.67,192.44,197.67,253.9,124.03,253.9
125.43,191.67,199.21,191.67,199.21,253.23,125.43,253.23
126.76,191.18,200.26,191.18,200.26,252.51,126.76,252.51
126.84,188.79,200.41,188.79,200.41,250.17,126.84,250.17
127.8,188.99,201.97,188.99,201.97,250.88,127.8,250.88
129.37,190.04,202.86,190.04,202.86,251.36,129.37,251.36
130.98,189.99,203.93,189.99,203.93,250.86,130.98,250.86
132.21,189.31,205.35,189.31,205.35,250.34,132.21,250.34
133.13,188.64,205.9,188.64,205.9,249.37,133.13,249.37
134.37,187.34,206.53,187.34,206.53,247.55,134.37,247.55
135.42,187.19,207.34,187.19,207.34,247.2,135.42,247.2
136.71,187.73,208.64,187.73,208.64,247.75,136.71,247.75
137.69,188.25,209.02,188.25,209.02,247.77,137.69,247.77
139.22,188.27,210.41,188.27,210.41,247.68,139.22,247.68
140.31,188.07,211.12,188.07,211.12,247.15,140.31,247.15
141.99,186.41,212.49,186.41,212.49,245.24,141.99,245.24
142.29,185.19,212.66,185.19,212.66,243.9,142.29,243.9
143.96,185.88,213.81,185.88,213.81,244.16,143.96,244.16
144.87,186.11,214.81,186.11,214.81,244.47,144.87,244.47
146.72,186.64,216.43,186.64,216.43,244.8,146.72,244.8
147.64,186.19,217.06,186.19,217.06,244.12,147.64,244.12
148.98,184.77,218.39,184.77,218.39,242.69,148.98,242.69
150.35,183.73,219.5,183.73,219.5,241.43,150.35,241.43
151.25,183.42,220.04,183.42,220.04,240.82,151.25,240.82
153.53,184.67,222.04,184.67,222.04,241.83,153.53,241.83
153.95,184.25,222.4,184.25,222.4,241.37,153.95,241.37
154.54,184.35,222.99,184.35,222.99,241.47,154.54,241.47
156.1,183.73,224.27,183.73,224.27,240.62,156.1,240.62
157.68,182.89,225.48,182.89,225.48,239.47,157.68,239.47
158.14,182.21,225.87,182.21,225.87,238.73,158.14,238.73
159.49,182.39,227.16,182.39,227.16,238.86,159.49,238.86
160.57,182.51,228.46,182.51,228.46,239.16,160.57,239.16
161.43,182.29,228.89,182.29,228.89,238.58,161.43,238.58
163.41,181.48,230.97,181.48,230.97,237.85,163.41,237.85
164.39,181.57,231.5,181.57,231.5,237.56,164.39,237.56
165.84,180.67,232.72,180.67,232.72,236.47,165.84,236.47
166.73,180.45,233.31,180.45,233.31,236,166.73,236
168.12,180.84,234.35,180.84,234.35,236.1,168.12,236.1
169.54,180.69,235.28,180.69,235.28,235.54,169.54,235.54
170.33,180.24,236.31,180.24,236.31,235.29,170.33,235.29
171.5,180.03,237.13,180.03,237.13,234.79,171.5,234.79
173.02,179.44,238.81,179.44,238.81,234.33,173.02,234.33
174.24,179.12,239.78,179.12,239.78,233.8,174.24,233.8
176.03,179.09,241.34,179.09,241.34,233.59,176.03,233.59
176.38,178.27,242.02,178.27,242.02,233.04,176.38,233.04
177.32,178.48,242.9,178.48,242.9,233.21,177.32,233.21
179.23,178.68,244.4,178.68,244.4,233.05,179.23,233.05
180.78,178.39,245.27,178.39,245.27,232.2,180.78,232.2
181.38,177.69,245.9,177.69,245.9,231.53,181.38,231.53
182.85,176.74,247.11,176.74,247.11,230.36,182.85,230.36
183.95,176.65,247.82,176.65,247.82,229.94,183.95,229.94
185.53,176.81,249.24,176.81,249.24,229.97,185.53,229.97
186.71,177.15,250.18,177.15,250.18,230.11,186.71,230.11
188.6,176.85,251.65,176.85,251.65,229.46,188.6,229.46
189.91,176.37,252.75,176.37,252.75,228.8,189.91,228.8
189.52,174.93,252.3,174.93,252.3,227.31,189.52,227.31
191.03,175.02,253.74,175.02,253.74,227.35,191.03,227.35
192.86,176.16,255.15,176.16,255.15,228.13,192.86,228.13
194.86,176.34,256.85,176.34,256.85,228.08,194.86,228.08
195.68,175.57,257.68,175.57,257.68,227.31,195.68,227.31
196.69,175.2,258.53,175.2,258.53,226.8,196.69,226.8
197.01,173.72,258.87,173.72,258.87,225.34,197.01,225.34
198.42,173.5,260.06,173.5,260.06,224.94,198.42,224.94
199.73,174.17,261.14,174.17,261.14,225.4,199.73,225.4
200.75,174.16,262.19,174.16,262.19,225.42,200.75,225.42
202.13,174.2,263.45,174.2,263.45,225.37,202.13,225.37
203.47,174.08,264.62,174.08,264.62,225.1,203.47,225.1
204.32,173.43,265.24,173.43,265.24,224.27,204.32,224.27
205.37,171.93,266.35,171.93,266.35,222.81,205.37,222.81
205.86,171.94,266.72,171.94,266.72,222.72,205.86,222.72
208.11,172.96,268.96,172.96,268.96,223.73,208.11,223.73
208.52,172.42,269.69,172.42,269.69,223.47,208.52,223.47
210.14,173.08,270.41,173.08,270.41,223.38,210.14,223.38
210.59,170.38,271.03,170.38,271.03,220.82,210.59,220.82
211.11,169.47,271.75,169.47,271.75,220.07,211.11,220.07
212.53,170.63,272.73,170.63,272.73,220.86,212.53,220.86
214.63,171.82,274.31,171.82,274.31,221.62,214.63,221.62
215.78,172.09,275.3,172.09,275.3,221.75,215.78,221.75
216.77,171.56,275.99,171.56,275.99,220.97,216.77,220.97
217.62,170.78,276.38,170.78,276.38,219.81,217.62,219.81
218.7,170.03,277.21,170.03,277.21,218.86,218.7,218.86
219.53,170.21,278.15,170.21,278.15,219.13,219.53,219.13
221.3,170.97,279.82,170.97,279.82,219.8,221.3,219.8
222.3,170.98,280.66,170.98,280.66,219.68,222.3,219.68
223.13,170.39,280.86,170.39,280.86,218.56,223.13,218.56
224.49,169.63,282.04,169.63,282.04,217.65,224.49,217.65
225.14,169.26,282.59,169.26,282.59,217.2,225.14,217.2
226.22,168.85,283.88,168.85,283.88,216.97,226.22,216.97
228.2,170.23,285.35,170.23,285.35,217.91,228.2,217.91
228.59,169.87,285.74,169.87,285.74,217.56,228.59,217.56
230.11,169.56,286.9,169.56,286.9,216.94,230.11,216.94
230.61,168.64,287.23,168.64,287.23,215.89,230.61,215.89
231.59,168.42,288.1,168.42,288.1,215.57,231.59,215.57
232.53,168.27,289,168.27,289,215.38,232.53,215.38
233.41,167.89,289.75,167.89,289.75,214.89,233.41,214.89
234.02,168.12,290.39,168.12,290.39,215.16,234.02,215.16
235.17,167.43,291.41,167.43,291.41,214.35,235.17,214.35
235.78,167.07,291.96,167.07,291.96,213.96,235.78,213.96
236.98,167.48,293.13,167.48,293.13,214.33,236.98,214.33
237.71,167.22,293.76,167.22,293.76,213.99,237.71,213.99
239.05,167.24,294.76,167.24,294.76,213.73,239.05,213.73
239.69,166.77,295.38,166.77,295.38,213.24,239.69,213.24
240.92,166.75,296.54,166.75,296.54,213.16,240.92,213.16
241.64,166.11,297.19,166.11,297.19,212.46,241.64,212.46
242.92,165.97,298.33,165.97,298.33,212.21,242.92,212.21
243.06,165.77,298.74,165.77,298.74,212.23,243.06,212.23
245.17,165.61,300.89,165.61,300.89,212.1,245.17,212.1
245.46,165.79,301.08,165.79,301.08,212.2,245.46,212.2
245.73,165.12,301.17,165.12,301.17,211.38,245.73,211.38
246.43,165.11,301.53,165.11,301.53,211.09,246.43,211.09
247.59,164.87,302.75,164.87,302.75,210.89,247.59,210.89
249.22,165.64,303.78,165.64,303.78,211.18,249.22,211.18
250.08,165.24,304.46,165.24,304.46,210.62,250.08,210.62
251.35,164.99,305.48,164.99,305.48,210.16,251.35,210.16
252.46,164.11,306.53,164.11,306.53,209.23,252.46,209.23
252.82,163.93,306.76,163.93,306.76,208.95,252.82,208.95
254.25,164.29,308.3,164.29,308.3,209.4,254.25,209.4
255.06,164.41,308.93,164.41,308.93,209.36,255.06,209.36
255.67,164.5,309.46,164.5,309.46,209.38,255.67,209.38
256.29,163.42,309.98,163.42,309.98,208.22,256.29,208.22
257.23,163.18,310.76,163.18,310.76,207.85,257.23,207.85
257.86,163.07,311.06,163.07,311.06,207.46,257.86,207.46
259.3,163.42,312.4,163.42,312.4,207.74,259.3,207.74
260.1,163.68,313.07,163.68,313.07,207.88,260.1,207.88
260.96,163.5,313.82,163.5,313.82,207.61,260.96,207.61
261.39,162.93,314.09,162.93,314.09,206.91,261.39,206.91
262.17,161.92,314.77,161.92,314.77,205.82,262.17,205.82
263.39,162.33,315.53,162.33,315.53,205.84,263.39,205.84
265.07,162.77,317.07,162.77,317.07,206.16,265.07,206.16
265.84,162.99,317.59,162.99,317.59,206.16,265.84,206.16
267.23,162.57,318.96,162.57,318.96,205.73,267.23,205.73
267.44,161.55,319.31,161.55,319.31,204.84,267.44,204.84
267.53,161.06,319.28,161.06,319.28,204.25,267.53,204.25
268.36,160.88,320.12,160.88,320.12,204.07,268.36,204.07
269.22,161.76,320.78,161.76,320.78,204.78,269.22,204.78
270.34,162.04,321.53,162.04,321.53,204.76,270.34,204.76
270.7,161.91,321.78,161.91,321.78,204.53,270.7,204.53
271.99,161.19,322.89,161.19,322.89,203.67,271.99,203.67
271.95,160.59,322.9,160.59,322.9,203.11,271.95,203.11
273.27,160.28,324.06,160.28,324.06,202.66,273.27,202.66
274.01,160.53,324.79,160.53,324.79,202.91,274.01,202.91
274.85,160.69,325.42,160.69,325.42,202.89,274.85,202.89
275.71,161.28,325.87,161.28,325.87,203.13,275.71,203.13
276.07,160.76,326.35,160.76,326.35,202.71,276.07,202.71
277.05,160.47,327.23,160.47,327.23,202.34,277.05,202.34
