157.5,129.5,182.5,129.5,182.5,192.5,157.5,192.5
157.55,129.8,182.11,129.8,182.11,191.67,157.55,191.67
157.34,129.9,181.92,129.9,181.92,191.83,157.34,191.83
157.09,130,181.66,130,181.66,191.92,157.09,191.92
156.58,130.3,181.19,130.3,181.19,192.33,156.58,192.33
156.31,131.17,180.85,131.17,180.85,193.02,156.31,193.02
156.37,132.28,180.54,132.28,180.54,193.17,156.37,193.17
155.7,132.66,179.88,132.66,179.88,193.58,155.7,193.58
155.86,132.44,180.24,132.44,180.24,193.89,155.86,193.89
155.32,132.27,179.71,132.27,179.71,193.73,155.32,193.73
155.22,132.11,179.46,132.11,179.46,193.2,155.22,193.2
154.73,132.13,178.87,132.13,178.87,192.97,154.73,192.97
154.17,132.5,178.24,132.5,178.24,193.17,154.17,193.17
153.55,132.5,177.93,132.5,177.93,193.93,153.55,193.93
153.22,133.4,177.4,133.4,177.4,194.31,153.22,194.31
152.5,134.32,176.82,134.32,176.82,195.59,152.5,195.59
151.88,134.45,176.48,134.45,176.48,196.44,151.88,196.44
150.7,134,175.75,134,175.75,197.13,150.7,197.13
149.88,133.74,175.55,133.74,175.55,198.42,149.88,198.42
149.38,133.34,175.21,133.34,175.21,198.42,149.38,198.42
148.42,132.72,174.28,132.72,174.28,197.88,148.42,197.88
147.83,132.54,173.74,132.54,173.74,197.83,147.83,197.83
147.64,133.5,173.5,133.5,173.5,198.66,147.64,198.66
147.45,134.61,172.89,134.61,172.89,198.72,147.45,198.72
147.42,136.45,172.33,136.45,172.33,199.22,147.42,199.22
146.95,137.02,171.69,137.02,171.69,199.37,146.95,199.37
146.54,137.24,171.29,137.24,171.29,199.62,146.54,199.62
146.28,137.3,171.12,137.3,171.12,199.88,146.28,199.88
145.63,137.08,170.33,137.08,170.33,199.32,145.63,199.32
145.24,137.34,169.46,137.34,169.46,198.36,145.24,198.36
144.88,137.92,168.89,137.92,168.89,198.42,144.88,198.42
144.63,138.6,168.51,138.6,168.51,198.78,144.63,198.78
143.76,139.3,167.61,139.3,167.61,199.39,143.76,199.39
142.59,139.96,166.54,139.96,166.54,200.32,142.59,200.32
141.99,140.2,166.14,140.2,166.14,201.06,141.99,201.06
140.85,140.28,165.21,140.28,165.21,201.68,140.85,201.68
140.22,139.07,165.05,139.07,165.05,201.62,140.22,201.62
139.73,137.86,165.03,137.86,165.03,201.63,139.73,201.63
138.9,137.05,164.64,137.05,164.64,201.93,138.9,201.93
138.69,136.77,164.63,136.77,164.63,202.15,138.69,202.15
138.28,137.4,164.62,137.4,164.62,203.79,138.28,203.79
137.59,137.92,164.07,137.92,164.07,204.65,137.59,204.65
137.65,139.02,164.11,139.02,164.11,205.72,137.65,205.72
137.45,139.23,164.01,139.23,164.01,206.18,137.45,206.18
137.38,139.07,164.5,139.07,164.5,207.41,137.38,207.41
137.19,138.49,164.53,138.49,164.53,207.39,137.19,207.39
136.76,137.76,163.92,137.76,163.92,206.19,136.76,206.19
136.32,138.15,163.71,138.15,163.71,207.16,136.32,207.16
135.88,138.78,163.43,138.78,163.43,208.2,135.88,208.2
135.47,139.39,162.83,139.39,162.83,208.35,135.47,208.35
135.3,140.59,162.91,140.59,162.91,210.15,135.3,210.15
134.25,140.94,161.72,140.94,161.72,210.15,134.25,210.15
134.31,141.14,162.08,141.14,162.08,211.13,134.31,211.13
133.44,140.73,161.57,140.73,161.57,211.62,133.44,211.62
132.74,140.04,160.82,140.04,160.82,210.8,132.74,210.8
132.78,139.84,160.91,139.84,160.91,210.73,132.78,210.73
131.86,139.48,160.16,139.48,160.16,210.79,131.86,210.79
132.24,140.3,160.35,140.3,160.35,211.13,132.24,211.13
131.74,141.27,159.63,141.27,159.63,211.57,131.74,211.57
131.61,142.23,159.37,142.23,159.37,212.19,131.61,212.19
131.94,143.1,159.74,143.1,159.74,213.17,131.94,213.17
131.4,143.32,159.12,143.32,159.12,213.18,131.4,213.18
131.93,143.78,159.69,143.78,159.69,213.73,131.93,213.73
134.44,143.72,162.12,143.72,162.12,213.47,134.44,213.47
169.01,143.43,196.24,143.43,196.24,212.07,169.01,212.07
195.27,141.84,222.23,141.84,222.23,209.79,195.27,209.79
193.01,141.94,220.31,141.94,220.31,210.75,193.01,210.75
190.44,142.3,217.72,142.3,217.72,211.06,190.44,211.06
189.81,143.85,216.89,143.85,216.89,212.09,189.81,212.09
188.53,144.61,216.07,144.61,216.07,214.01,188.53,214.01
186.83,144.71,214.52,144.71,214.52,214.49,186.83,214.49
186.82,144.56,214.84,144.56,214.84,215.16,186.82,215.16
187.07,144.18,215.32,144.18,215.32,215.35,187.07,215.35
186.66,143.38,215.14,143.38,215.14,215.15,186.66,215.15
184.85,142.74,213.12,142.74,213.12,213.96,184.85,213.96
185.39,143.57,213.73,143.57,213.73,214.98,185.39,214.98
185.13,144.47,213.41,144.47,213.41,215.72,185.13,215.72
185.65,144.96,213.79,144.96,213.79,215.88,185.65,215.88
221.42,146.31,249.41,146.31,249.41,216.83,221.42,216.83
250.86,145.64,279.2,145.64,279.2,217.05,250.86,217.05
247.34,146.19,275.53,146.19,275.53,217.23,247.34,217.23
244.93,144.78,273.19,144.78,273.19,216.01,244.93,216.01
245.18,145.14,273.42,145.14,273.42,216.3,245.18,216.3
245.36,144.42,273.58,144.42,273.58,215.53,245.36,215.53
243.57,143.98,272.19,143.98,272.19,216.11,243.57,216.11
244.53,145.19,273.33,145.19,273.33,217.77,244.53,217.77
243.87,146.04,272.36,146.04,272.36,217.83,243.87,217.83
242.34,146.99,271.03,146.99,271.03,219.27,242.34,219.27
241.75,147.85,270.37,147.85,270.37,219.96,241.75,219.96
240.72,147.37,269.85,147.37,269.85,220.76,240.72,220.76
240.26,147.36,269.53,147.36,269.53,221.12,240.26,221.12
239.33,147.28,268.35,147.28,268.35,220.41,239.33,220.41
239.22,146.83,268.12,146.83,268.12,219.64,239.22,219.64
239.25,147.36,268.16,147.36,268.16,220.22,239.25,220.22
238.88,148.46,267.77,148.46,267.77,221.26,238.88,221.26
238.46,148.94,267.38,148.94,267.38,221.81,238.46,221.81
238.65,149.81,267.55,149.81,267.55,222.65,238.65,222.65
238.22,150.62,267.17,150.62,267.17,223.59,238.22,223.59
238.1,150.56,267.09,150.56,267.09,223.61,238.1,223.61
238.02,126.75,266.69,126.75,266.69,199,238.02,199
237.5,100.57,266.34,100.57,266.34,173.25,237.5,173.25
236.55,89.197,265.38,89.197,265.38,161.84,236.55,161.84
235.94,89.345,265.08,89.345,265.08,162.76,235.94,162.76
235.73,89.232,264.71,89.232,264.71,162.24,235.73,162.24
235.38,90.954,264.24,90.954,264.24,163.67,235.38,163.67
235.11,91.491,263.95,91.491,263.95,164.16,235.11,164.16
234.62,92.245,263.35,92.245,263.35,164.63,234.62,164.63
234.02,93.015,262.47,93.015,262.47,164.72,234.02,164.72
233.58,93.316,261.88,93.316,261.88,164.65,233.58,164.65
233.15,93.193,261.89,93.193,261.89,165.62,233.15,165.62
232.67,92.883,261.19,92.883,261.19,164.77,232.67,164.77
232.42,92.543,261.02,92.543,261.02,164.62,232.42,164.62
232.04,92.563,260.74,92.563,260.74,164.89,232.04,164.89
231.53,92.978,260.1,92.978,260.1,164.98,231.53,164.98
231.61,94.028,260.48,94.028,260.48,166.78,231.61,166.78
231.62,94.758,260.58,94.758,260.58,167.75,231.62,167.75
231.13,95.157,260.1,95.157,260.1,168.15,231.13,168.15
231.16,95.765,260.22,95.765,260.22,169,231.16,169
230.76,95.161,260.02,95.161,260.02,168.88,230.76,168.88
230.88,95.295,260.25,95.295,260.25,169.33,230.88,169.33
230.62,94.65,259.83,94.65,259.83,168.25,230.62,168.25
230.93,95.28,260.03,95.28,260.03,168.61,230.93,168.61
230.03,94.353,259.27,94.353,259.27,168.02,230.03,168.02
230.33,95.633,259.71,95.633,259.71,169.67,230.33,169.67
229.44,96.058,258.93,96.058,258.93,170.37,229.44,170.37
229.15,97.719,259,97.719,259,172.92,229.15,172.92
228.43,98.002,258.23,98.002,258.23,173.1,228.43,173.1
228.36,98.451,258.12,98.451,258.12,173.45,228.36,173.45
227.65,97.774,257.7,97.774,257.7,173.51,227.65,173.51
227.35,97.189,257.28,97.189,257.28,172.62,227.35,172.62
226.94,96.91,256.86,96.91,256.86,172.3,226.94,172.3
226.86,97.075,256.97,97.075,256.97,172.95,226.86,172.95
227.11,98.405,257.26,98.405,257.26,174.38,227.11,174.38
226.73,99.202,256.82,99.202,256.82,175.04,226.73,175.04
227,99.914,257.23,99.914,257.23,176.1,227,176.1
226.88,100.73,256.9,100.73,256.9,176.38,226.88,176.38
227.53,100.95,257.53,100.95,257.53,176.53,227.53,176.53
227.52,100.06,257.72,100.06,257.72,176.15,227.52,176.15
227.57,99.847,257.58,99.847,257.58,175.46,227.57,175.46
227.51,99.958,257.31,99.958,257.31,175.05,227.51,175.05
227.53,100.54,257.23,100.54,257.23,175.39,227.53,175.39
226.82,101.01,256.6,101.01,256.6,176.05,226.82,176.05
226.79,101.73,256.64,101.73,256.64,176.94,226.79,176.94
226.02,102.56,255.91,102.56,255.91,177.87,226.02,177.87
225.24,103.34,255.22,103.34,255.22,178.88,225.24,178.88
224.81,103.62,254.83,103.62,254.83,179.26,224.81,179.26
223.89,103.27,254.21,103.27,254.21,179.67,223.89,179.67
223.37,102.56,254.06,102.56,254.06,179.91,223.37,179.91
223.26,102.5,254.16,102.5,254.16,180.35,223.26,180.35
222.95,101.95,253.78,101.95,253.78,179.64,222.95,179.64
222.21,101.78,253.16,101.78,253.16,179.79,222.21,179.79
222.25,102.7,253.26,102.7,253.26,180.84,222.25,180.84
221.96,103.6,252.96,103.6,252.96,181.72,221.96,181.72
221.77,104.48,252.79,104.48,252.79,182.65,221.77,182.65
221.65,105.12,252.85,105.12,252.85,183.73,221.65,183.73
221.75,105.38,253.08,105.38,253.08,184.32,221.75,184.32
221.4,104.95,253.29,104.95,253.29,185.3,221.4,185.3
221.57,104.84,253.23,104.84,253.23,184.65,221.57,184.65
221.37,104.23,253.01,104.23,253.01,183.96,221.37,183.96
221.31,104.44,252.6,104.44,252.6,183.3,221.31,183.3
220.85,104.6,252.31,104.6,252.31,183.9,220.85,183.9
220.41,105.76,251.92,105.76,251.92,185.16,220.41,185.16
219.96,106.26,251.53,106.26,251.53,185.82,219.96,185.82
219.2,107.46,250.72,107.46,250.72,186.87,219.2,186.87
218.16,108.22,249.8,108.22,249.8,187.94,218.16,187.94
217.65,108.45,249.35,108.45,249.35,188.34,217.65,188.34
216.97,107.89,249.06,107.89,249.06,188.76,216.97,188.76
216.45,107.19,248.95,107.19,248.95,189.1,216.45,189.1
216.2,107.37,248.45,107.37,248.45,188.63,216.2,188.63
215.84,106.96,248.1,106.96,248.1,188.26,215.84,188.26
215.54,107.27,247.92,107.27,247.92,188.87,215.54,188.87
215.27,108.44,247.64,108.44,247.64,190.01,215.27,190.01
215.29,109.79,247.5,109.79,247.5,190.94,215.29,190.94
215.24,110.76,247.35,110.76,247.35,191.68,215.24,191.68
215.22,111.55,247.13,111.55,247.13,191.95,215.22,191.95
215.03,111.27,247.35,111.27,247.35,192.74,215.03,192.74
215.52,111.21,248.04,111.21,248.04,193.15,215.52,193.15
215.45,110.87,247.8,110.87,247.8,192.38,215.45,192.38
215.34,110.54,247.6,110.54,247.6,191.85,215.34,191.85
214.53,110.76,246.77,110.76,246.77,192,214.53,192
214.07,111.2,246.55,111.2,246.55,193.04,214.07,193.04
213.7,112.25,245.91,112.25,245.91,193.41,213.7,193.41
213.1,113.89,245.32,113.89,245.32,195.07,213.1,195.07
212.63,114.76,244.85,114.76,244.85,195.97,212.63,195.97
211.66,115.24,244.06,115.24,244.06,196.9,211.66,196.9
210.88,115.09,243.62,115.09,243.62,197.59,210.88,197.59
210.34,114.87,242.95,114.87,242.95,197.05,210.34,197.05
210.46,114.79,243.3,114.79,243.3,197.55,210.46,197.55
209.92,114.64,242.56,114.64,242.56,196.89,209.92,196.89
209.71,114.61,242.61,114.61,242.61,197.52,209.71,197.52
209.24,115.23,242.47,115.23,242.47,198.97,209.24,198.97
209.11,116.43,242.02,116.43,242.02,199.36,209.11,199.36
209.11,117.73,242.05,117.73,242.05,200.73,209.11,200.73
208.71,118.48,241.81,118.48,241.81,201.89,208.71,201.89
208.36,119.32,241.28,119.32,241.28,202.26,208.36,202.26
208.71,119.1,241.86,119.1,241.86,202.65,208.71,202.65
208.3,118.91,241.51,118.91,241.51,202.59,208.3,202.59
208.57,118.41,241.76,118.41,241.76,202.06,208.57,202.06
208.46,118.09,241.77,118.09,241.77,202.03,208.46,202.03
207.95,118.36,240.93,118.36,240.93,201.45,207.95,201.45
207.93,119.54,240.77,119.54,240.77,202.3,207.93,202.3
207.85,120.11,240.68,120.11,240.68,202.85,207.85,202.85
207.48,121.44,240.35,121.44,240.35,204.29,207.48,204.29
207.23,122.33,240.24,122.33,240.24,205.52,207.23,205.52
206.86,122.44,239.84,122.44,239.84,205.52,206.86,205.52
206.54,121.94,240.02,121.94,240.02,206.31,206.54,206.31
206.75,121.98,240.34,121.98,240.34,206.61,206.75,206.61
206.63,121.68,240.3,121.68,240.3,206.53,206.63,206.53
206.85,121.85,240.07,121.85,240.07,205.58,206.85,205.58
207.87,123.15,240.96,123.15,240.96,206.54,207.87,206.54
207.91,124.48,240.73,124.48,240.73,207.19,207.91,207.19
208.09,125.22,240.85,125.22,240.85,207.77,208.09,207.77
208.26,125.96,241.09,125.96,241.09,208.69,208.26,208.69
209.08,126.62,241.89,126.62,241.89,209.31,209.08,209.31
209.54,126.13,242.85,126.13,242.85,210.09,209.54,210.09
210.03,125.99,243.07,125.99,243.07,209.27,210.03,209.27
210.61,125.61,243.55,125.61,243.55,208.6,210.61,208.6
210.92,125.71,244.03,125.71,244.03,209.14,210.92,209.14
210.56,126.17,243.84,126.17,243.84,210.04,210.56,210.04
210.47,127.16,243.87,127.16,243.87,211.33,210.47,211.33
210.14,128.62,243.43,128.62,243.43,212.51,210.14,212.51
210.19,129.84,243.39,129.84,243.39,213.5,210.19,213.5
209.95,130.17,243.44,130.17,243.44,214.55,209.95,214.55
209.3,129.7,243.14,129.7,243.14,214.99,209.3,214.99
209.04,129.22,243.1,129.22,243.1,215.06,209.04,215.06
209.02,129.31,242.84,129.31,242.84,214.54,209.02,214.54
208.66,129.11,242.76,129.11,242.76,215.04,208.66,215.04
208.56,129.85,242.53,129.85,242.53,215.45,208.56,215.45
208.29,131.42,241.96,131.42,241.96,216.26,208.29,216.26
208.47,132.67,241.92,132.67,241.92,216.96,208.47,216.96
208.99,134.1,242.54,134.1,242.54,218.64,208.99,218.64
209.14,134.31,242.72,134.31,242.72,218.93,209.14,218.93
209.27,134.01,243.06,134.01,243.06,219.16,209.27,219.16
209.67,133.85,243.68,133.85,243.68,219.56,209.67,219.56
209.38,133.34,243.16,133.34,243.16,218.44,209.38,218.44
209.34,133.8,243.23,133.8,243.23,219.22,209.34,219.22
208.7,134.49,242.33,134.49,242.33,219.23,208.7,219.23
208.45,135.32,242.06,135.32,242.06,220.02,208.45,220.02
207.91,137.43,241.41,137.43,241.41,221.86,207.91,221.86
207.85,139.19,241.33,139.19,241.33,223.56,207.85,223.56
207.36,139.73,240.99,139.73,240.99,224.49,207.36,224.49
206.11,139.46,239.96,139.46,239.96,224.77,206.11,224.77
206.22,139.26,240.18,139.26,240.18,224.83,206.22,224.83
205.96,139.12,239.71,139.12,239.71,224.16,205.96,224.16
205.89,139.41,239.64,139.41,239.64,224.46,205.89,224.46
205.85,139.88,239.71,139.88,239.71,225.21,205.85,225.21
205.41,141.1,239.28,141.1,239.28,226.45,205.41,226.45
205.91,143.31,239.63,143.31,239.63,228.28,205.91,228.28
206.02,144.94,239.84,144.94,239.84,230.16,206.02,230.16
206.24,144.77,240.66,144.77,240.66,231.52,206.24,231.52
206.27,144.5,241.14,144.5,241.14,232.37,206.27,232.37
206.16,144.16,240.93,144.16,240.93,231.78,206.16,231.78
206.21,143.82,240.92,143.82,240.92,231.29,206.21,231.29
206.08,143.71,241.28,143.71,241.28,232.42,206.08,232.42
205.49,143.69,240.93,143.69,240.93,233,205.49,233
204.86,145.04,240.33,145.04,240.33,234.43,204.86,234.43
204.71,146.74,240.15,146.74,240.15,236.06,204.71,236.06
204.11,148.05,239.42,148.05,239.42,237.03,204.11,237.03
204.17,148.95,239.63,148.95,239.63,238.29,204.17,238.29
203.23,148.29,238.89,148.29,238.89,238.17,203.23,238.17
202.68,147.87,238.26,147.87,238.26,237.55,202.68,237.55
202.68,148.23,238.16,148.23,238.16,237.65,202.68,237.65
201.71,147.86,237.3,147.86,237.3,237.56,201.71,237.56
202.08,148.64,237.81,148.64,237.81,238.69,202.08,238.69
201.18,149.82,236.89,149.82,236.89,239.82,201.18,239.82
200.62,151.18,236.43,151.18,236.43,241.41,200.62,241.41
200.66,152.59,236.52,152.59,236.52,242.94,200.66,242.94
200.46,152.91,236.58,152.91,236.58,243.93,200.46,243.93
199.95,152.88,236.31,152.88,236.31,244.5,199.95,244.5
198.92,151.79,235.37,151.79,235.37,243.64,198.92,243.64
199.04,151.61,235.65,151.61,235.65,243.85,199.04,243.85
197.8,151.43,234.47,151.43,234.47,243.83,197.8,243.83
197.26,152.71,233.9,152.71,233.9,245.05,197.26,245.05
196.21,154.22,232.9,154.22,232.9,246.68,196.21,246.68
195.42,156,232.19,156,232.19,248.66,195.42,248.66
194.18,157.34,230.96,157.34,230.96,250.05,194.18,250.05
192.61,157.52,229.63,157.52,229.63,250.82,192.61,250.82
191.69,157.4,228.97,157.4,228.97,251.34,191.69,251.34
190.42,157.11,227.63,157.11,227.63,250.88,190.42,250.88
189.54,156.44,226.69,156.44,226.69,250.06,189.54,250.06
189.24,157.15,226.26,157.15,226.26,250.44,189.24,250.44
188.4,157.95,225.4,157.95,225.4,251.2,188.4,251.2
187.38,159.54,224.35,159.54,224.35,252.72,187.38,252.72
186.65,161.39,223.42,161.39,223.42,254.06,186.65,254.06
185.83,163.43,222.51,163.43,222.51,255.86,185.83,255.86
184.9,163.71,221.48,163.71,221.48,255.91,184.9,255.91
183.66,162.98,220.45,162.98,220.45,255.69,183.66,255.69
182.76,162.85,219.55,162.85,219.55,255.58,182.76,255.58
180.7,162.83,217.49,162.83,217.49,255.55,180.7,255.55
179.89,163.49,216.7,163.49,216.7,256.25,179.89,256.25
177.49,164.03,214.49,164.03,214.49,257.28,177.49,257.28
175.68,164.84,213.17,164.84,213.17,259.33,175.68,259.33
173.16,166.22,211.14,166.22,211.14,261.94,173.16,261.94
170.3,166.82,208.89,166.82,208.89,264.07,170.3,264.07
168.39,166.68,207.43,166.68,207.43,265.05,168.39,265.05
167.93,166.37,207.1,166.37,207.1,265.09,167.93,265.09
166.36,165.49,205.82,165.49,205.82,264.91,166.36,264.91
165.13,165.37,204.76,165.37,204.76,265.23,165.13,265.23
162.89,165.88,202.81,165.88,202.81,266.48,162.89,266.48
162.38,166.32,202.63,166.32,202.63,267.73,162.38,267.73
183.97,164.26,224.54,164.26,224.54,266.51,183.97,266.51
180.1,165.24,220.81,165.24,220.81,267.83,180.1,267.83
178.39,164.2,219.03,164.2,219.03,266.63,178.39,266.63
175.5,167.92,216.66,167.92,216.66,271.63,175.5,271.63
171.83,168.67,212.95,168.67,212.95,272.29,171.83,272.29
150.91,169.7,192.33,169.7,192.33,274.07,150.91,274.07
157.61,170,199.04,170,199.04,274.4,157.61,274.4
207.83,185.32,249.26,185.32,249.26,289.7,207.83,289.7
243.15,189,284.99,189,284.99,294.43,243.15,294.43
232.67,164.51,274.51,164.51,274.51,269.95,232.67,269.95
233.45,152.62,275.22,152.62,275.22,257.87,233.45,257.87
240.42,117.84,282.28,117.84,282.28,223.31,240.42,223.31
242.3,124.7,283.78,124.7,283.78,229.23,242.3,229.23
239.85,116.62,281.1,116.62,281.1,220.59,239.85,220.59
261.69,171.25,302.51,171.25,302.51,274.1,261.69,274.1
262.11,173.3,302.64,173.3,302.64,275.43,262.11,275.43
255.46,171.3,295.51,171.3,295.51,272.21,255.46,272.21
252.73,172.91,292.73,172.91,292.73,273.72,252.73,273.72
249.6,173.67,289.4,173.67,289.4,273.95,249.6,273.95
250.72,179.48,290.42,179.48,290.42,279.51,250.72,279.51
246.92,180.06,286.49,180.06,286.49,279.78,246.92,279.78
243.61,184.11,283.27,184.11,283.27,284.06,243.61,284.06
238.07,183.36,278,183.36,278,284,238.07,284
234.53,182.15,274.69,182.15,274.69,283.34,234.53,283.34
230.04,177.71,269.95,177.71,269.95,278.29,230.04,278.29
226.64,181.08,266.62,181.08,266.62,281.84,226.64,281.84
228.81,179.54,268.68,179.54,268.68,280,228.81,280
253.13,180.6,293.26,180.6,293.26,281.74,253.13,281.74
282.62,179.35,323.06,179.35,323.06,281.26,282.62,281.26
315.94,182.39,356.4,182.39,356.4,284.34,315.94,284.34
329.43,183.01,370.03,183.01,370.03,285.32,329.43,285.32
344.25,182.18,384.8,182.18,384.8,284.37,344.25,284.37
381.62,179.01,422.22,179.01,422.22,281.31,381.62,281.31
402.77,177.15,443.5,177.15,443.5,279.8,402.77,279.8
402.84,177.41,443.52,177.41,443.52,279.92,402.84,279.92
397.66,177.91,438.21,177.91,438.21,280.09,397.66,280.09
398.35,182.46,438.94,182.46,438.94,284.74,398.35,284.74
398.69,182.81,439.31,182.81,439.31,285.19,398.69,285.19
395.89,181.87,436.56,181.87,436.56,284.37,395.89,284.37
379.75,180.96,420.42,180.96,420.42,283.44,379.75,283.44
378.1,180.2,418.77,180.2,418.77,282.68,378.1,282.68
375.85,180.18,416.75,180.18,416.75,283.23,375.85,283.23
370.35,181.07,411.31,181.07,411.31,284.3,370.35,284.3
367.08,180.03,408.08,180.03,408.08,283.35,367.08,283.35
361.06,178.02,402.12,178.02,402.12,281.51,361.06,281.51
358.01,177.35,399.31,177.35,399.31,281.44,358.01,281.44
352.67,177.75,394.21,177.75,394.21,282.43,352.67,282.43
351.5,177.91,393.27,177.91,393.27,283.16,351.5,283.16
348.59,179.25,390.38,179.25,390.38,284.58,348.59,284.58
341.38,177.59,383.11,177.59,383.11,282.73,341.38,282.73
334.34,177.37,376.39,177.37,376.39,283.34,334.34,283.34
332.43,174.28,374.61,174.28,374.61,280.56,332.43,280.56
333.47,173.49,375.68,173.49,375.68,279.85,333.47,279.85
331.61,173.54,373.93,173.54,373.93,280.19,331.61,280.19
329.26,173.51,371.74,173.51,371.74,280.56,329.26,280.56
327.03,172.97,369.54,172.97,369.54,280.09,327.03,280.09
325.01,174.07,367.58,174.07,367.58,281.35,325.01,281.35
321.6,174.37,364.35,174.37,364.35,282.09,321.6,282.09
318.44,174.41,361.39,174.41,361.39,282.63,318.44,282.63
315.19,173.96,358.04,173.96,358.04,281.93,315.19,281.93
313.55,172.93,356.57,172.93,356.57,281.33,313.55,281.33
344.26,173,386.95,173,386.95,280.58,344.26,280.58
341.7,166.13,384.26,166.13,384.26,273.38,341.7,273.38
382.49,173.66,424.79,173.66,424.79,280.26,382.49,280.26
402.99,174.88,445.2,174.88,445.2,281.25,402.99,281.25
398.35,173.91,440.44,173.91,440.44,280,398.35,280
397.33,174.04,439.1,174.04,439.1,279.32,397.33,279.32
392.94,172.6,434.42,172.6,434.42,277.11,392.94,277.11
391.8,173.19,433.11,173.19,433.11,277.3,391.8,277.3
389.61,172.67,430.78,172.67,430.78,276.43,389.61,276.43
387.41,173.3,428.45,173.3,428.45,276.72,387.41,276.72
385.82,174.02,426.68,174.02,426.68,276.98,385.82,276.98
381.37,174.48,422.31,174.48,422.31,277.64,381.37,277.64
377.93,173.78,418.9,173.78,418.9,277.03,377.93,277.03
374.74,174.32,415.99,174.32,415.99,278.28,374.74,278.28
370.62,172.95,411.65,172.95,411.65,276.34,370.62,276.34
367.69,173.2,408.83,173.2,408.83,276.87,367.69,276.87
364.12,172.55,405.17,172.55,405.17,276,364.12,276
362.3,174.39,403.39,174.39,403.39,277.96,362.3,277.96
359.04,174.53,399.67,174.53,399.67,276.91,359.04,276.91
355.6,175.54,395.54,175.54,395.54,276.19,355.6,276.19
351.77,177.34,391.55,177.34,391.55,277.57,351.77,277.57
345.13,176.41,384.71,176.41,384.71,276.16,345.13,276.16
341.73,175.28,381.25,175.28,381.25,274.87,341.73,274.87
336.56,174.77,376.06,174.77,376.06,274.32,336.56,274.32
329.4,173.48,368.83,173.48,368.83,272.86,329.4,272.86
326.12,173.26,365.6,173.26,365.6,272.75,326.12,272.75
323.28,174.31,362.81,174.31,362.81,273.94,323.28,273.94
316.43,176.3,355.94,176.3,355.94,275.88,316.43,275.88
309.82,177.9,349.22,177.9,349.22,277.19,309.82,277.19
306.53,177.74,345.98,177.74,345.98,277.15,306.53,277.15
301.2,177.19,340.79,177.19,340.79,276.96,301.2,276.96
296.71,177,336.36,177,336.36,276.93,296.71,276.93
290.96,175.63,330.65,175.63,330.65,275.65,290.96,275.65
286.29,175.52,325.9,175.52,325.9,275.34,286.29,275.34
280.99,175.48,320.39,175.48,320.39,274.76,280.99,274.76
275.96,176.98,315.27,176.98,315.27,276.03,275.96,276.03
269.86,177.89,308.74,177.89,308.74,275.86,269.86,275.86
263.06,179.01,301.84,179.01,301.84,276.73,263.06,276.73
256.46,177.98,295.24,177.98,295.24,275.69,256.46,275.69
251.34,177.84,290.54,177.84,290.54,276.61,251.34,276.61
247.82,177.23,287.18,177.23,287.18,276.42,247.82,276.42
241.24,175.79,280.82,175.79,280.82,275.52,241.24,275.52
235.19,176.89,275.08,176.89,275.08,277.4,235.19,277.4
227.74,178.47,267.46,178.47,267.46,278.56,227.74,278.56
220.73,180.52,260.51,180.52,260.51,280.74,220.73,280.74
216.67,180.83,256.72,180.83,256.72,281.75,216.67,281.75
211.31,180.16,251.49,180.16,251.49,281.41,211.31,281.41
235.64,179.62,276.42,179.62,276.42,282.38,235.64,282.38
258.47,176.18,299.13,176.18,299.13,278.64,258.47,278.64
268.98,174.61,309.44,174.61,309.44,276.57,268.98,276.57
277.74,175.22,318.1,175.22,318.1,276.92,277.74,276.92
272.27,175.59,312.91,175.59,312.91,278,272.27,278
263.37,176.43,303.85,176.43,303.85,278.42,263.37,278.42
256.98,175.17,297.52,175.17,297.52,277.33,256.98,277.33
248.62,174.06,289.2,174.06,289.2,276.31,248.62,276.31
238.27,173.92,278.85,173.92,278.85,276.2,238.27,276.2
230.55,177.72,270.96,177.72,270.96,279.56,230.55,279.56
222.65,179.37,262.87,179.37,262.87,280.72,222.65,280.72
217.27,179.46,256.98,179.46,256.98,279.52,217.27,279.52
207.31,176.07,246.53,176.07,246.53,274.9,207.31,274.9
198.98,177.13,238.01,177.13,238.01,275.48,198.98,275.48
189.79,177.71,228.47,177.71,228.47,275.17,189.79,275.17
181.01,181.08,219.7,181.08,219.7,278.59,181.01,278.59
171.65,179.29,210.24,179.29,210.24,276.55,171.65,276.55
163.83,178.02,202.94,178.02,202.94,276.56,163.83,276.56
154.36,175.11,193.76,175.11,193.76,274.42,154.36,274.42
145.01,177.47,184.75,177.47,184.75,277.61,145.01,277.61
135.25,179.78,174.81,179.78,174.81,279.48,135.25,279.48
127.66,183.12,167.35,183.12,167.35,283.14,127.66,283.14
117.28,181.17,156.77,181.17,156.77,280.67,117.28,280.67
108.54,179.8,147.84,179.8,147.84,278.81,108.54,278.81
102.8,179.32,141.97,179.32,141.97,278.01,102.8,278.01
94.183,179.96,133.06,179.96,133.06,277.93,94.183,277.93
