348,146,520,146,520,385,348,385
348.7,135.58,521.64,135.58,521.64,375.88,348.7,375.88
344.99,134.1,518.06,134.1,518.06,374.58,344.99,374.58
336.41,130.56,508.63,130.56,508.63,369.86,336.41,369.86
329.39,128.54,499.39,128.54,499.39,364.76,329.39,364.76
322.02,126.09,491.11,126.09,491.11,361.04,322.02,361.04
316.48,125.48,483.79,125.48,483.79,357.95,316.48,357.95
307.05,120.23,475.11,120.23,475.11,353.75,307.05,353.75
299.05,117.2,467.19,117.2,467.19,350.85,299.05,350.85
294.32,117.68,457.95,117.68,457.95,345.05,294.32,345.05
288.03,115.84,450.13,115.84,450.13,341.08,288.03,341.08
280.4,113.35,441.11,113.35,441.11,336.67,280.4,336.67
275.82,112.32,434.6,112.32,434.6,332.95,275.82,332.95
274.73,113.59,431.03,113.59,431.03,330.77,274.73,330.77
262.55,106.5,420.39,106.5,420.39,325.82,262.55,325.82
257.42,104.72,412.29,104.72,412.29,319.91,257.42,319.91
251.16,102.22,404.99,102.22,404.99,315.98,251.16,315.98
249.19,102.11,400.67,102.11,400.67,312.59,249.19,312.59
244.16,100.71,394.22,100.71,394.22,309.21,244.16,309.21
241.1,99.883,388.85,99.883,388.85,305.19,241.1,305.19
237.76,98.98,384.78,98.98,384.78,303.27,237.76,303.27
232.89,97.121,379.18,97.121,379.18,300.39,232.89,300.39
213.65,86.773,357.48,86.773,357.48,286.63,213.65,286.63
209.83,88.104,349.66,88.104,349.66,282.41,209.83,282.41
205.5,88.021,341.57,88.021,341.57,277.1,205.5,277.1
202.64,88.478,336.39,88.478,336.39,274.34,202.64,274.34
199.08,87.992,330.28,87.992,330.28,270.31,199.08,270.31
197.34,88.05,326.85,88.05,326.85,268,197.34,268
194.65,87.786,323.52,87.786,323.52,266.86,194.65,266.86
193.31,88.332,319.77,88.332,319.77,264.05,193.31,264.05
190.5,87.126,316.03,87.126,316.03,261.56,190.5,261.56
189.74,87.526,313.6,87.526,313.6,259.64,189.74,259.64
188.49,86.826,311.02,86.826,311.02,257.08,188.49,257.08
186.95,86.498,308.43,86.498,308.43,255.29,186.95,255.29
184.86,84.373,305.41,84.373,305.41,251.89,184.86,251.89
184.19,84.728,304.08,84.728,304.08,251.33,184.19,251.33
183.19,83.231,301.92,83.231,301.92,248.21,183.19,248.21
182.8,83.02,300.87,83.02,300.87,247.09,182.8,247.09
181.26,81.225,299.06,81.225,299.06,244.91,181.26,244.91
179.09,79.444,296,79.444,296,241.88,179.09,241.88
177.4,78.494,292.91,78.494,292.91,239,177.4,239
176.5,79.058,290.32,79.058,290.32,237.22,176.5,237.22
175.79,78.952,288.2,78.952,288.2,235.15,175.79,235.15
175.26,78.97,287.04,78.97,287.04,234.29,175.26,234.29
174.23,77.64,285.83,77.64,285.83,232.71,174.23,232.71
173.84,76.99,283.99,76.99,283.99,230.04,173.84,230.04
173.36,77.252,283.27,77.252,283.27,229.99,173.36,229.99
172.87,76.461,282.04,76.461,282.04,228.16,172.87,228.16
172.13,76.042,280.46,76.042,280.46,226.57,172.13,226.57
172.46,75.828,280.17,75.828,280.17,225.49,172.46,225.49
172.28,75.349,279.14,75.349,279.14,223.83,172.28,223.83
171.87,74.604,277.84,74.604,277.84,221.84,171.87,221.84
171.36,74.245,276.81,74.245,276.81,220.77,171.36,220.77
171.76,70.185,274.99,70.185,274.99,213.63,171.76,213.63
172.1,72.308,274.25,72.308,274.25,214.25,172.1,214.25
172.59,71.561,273.5,71.561,273.5,211.77,172.59,211.77
172.78,71.367,273.27,71.367,273.27,211,172.78,211
173.28,71.485,273.25,71.485,273.25,210.39,173.28,210.39
173.99,71.04,272.86,71.04,272.86,208.42,173.99,208.42
174.31,70.127,272.83,70.127,272.83,207.03,174.31,207.03
175.11,68.949,272.64,68.949,272.64,204.46,175.11,204.46
175.91,69.202,272.49,69.202,272.49,203.41,175.91,203.41
176.64,68.813,272.25,68.813,272.25,201.67,176.64,201.67
177.48,68.532,272.53,68.532,272.53,200.61,177.48,200.61
178,67.302,271.71,67.302,271.71,197.51,178,197.51
179.33,67.669,272.62,67.669,272.62,197.29,179.33,197.29
179.61,67.916,272.52,67.916,272.52,197.01,179.61,197.01
180.55,67.274,272.62,67.274,272.62,195.2,180.55,195.2
181.91,66.766,273.05,66.766,273.05,193.41,181.91,193.41
184.45,65.904,274.48,65.904,274.48,191,184.45,191
189.06,64.22,278.44,64.22,278.44,188.42,189.06,188.42
232.99,64.754,321.36,64.754,321.36,187.54,232.99,187.54
227.52,66.523,314.66,66.523,314.66,187.61,227.52,187.61
227.83,65.583,315.16,65.583,315.16,186.93,227.83,186.93
233.26,62.935,320.18,62.935,320.18,183.7,233.26,183.7
232.44,63.185,318.65,63.185,318.65,182.97,232.44,182.97
233.64,63.387,319.5,63.387,319.5,182.68,233.64,182.68
234.97,63.877,320.38,63.877,320.38,182.57,234.97,182.57
236.73,61.292,321.73,61.292,321.73,179.41,236.73,179.41
237.53,61.937,321.88,61.937,321.88,179.15,237.53,179.15
239.03,61.97,323.07,61.97,323.07,178.74,239.03,178.74
241.2,61.049,325.11,61.049,325.11,177.66,241.2,177.66
243.09,61.228,326.24,61.228,326.24,176.76,243.09,176.76
244.63,61.933,326.59,61.933,326.59,175.81,244.63,175.81
246.53,61.716,327.43,61.716,327.43,174.12,246.53,174.12
249.21,61.37,329.7,61.37,329.7,173.21,249.21,173.21
249.89,61.234,330,61.234,330,172.54,249.89,172.54
251.14,60.231,331.21,60.231,331.21,171.48,251.14,171.48
252.41,59.194,331.73,59.194,331.73,169.41,252.41,169.41
254.49,59.892,332.82,59.892,332.82,168.74,254.49,168.74
255.69,72.403,333.48,72.403,333.48,180.5,255.69,180.5
258.76,155.99,335.19,155.99,335.19,262.2,258.76,262.2
260.46,188.57,336.52,188.57,336.52,294.26,260.46,294.26
261.18,228.66,336.44,228.66,336.44,333.24,261.18,333.24
265.76,300.08,340.27,300.08,340.27,403.63,265.76,403.63
268.82,324.66,342.95,324.66,342.95,427.66,268.82,427.66
270.69,322.44,345.27,322.44,345.27,426.07,270.69,426.07
271.81,322.11,346.56,322.11,346.56,425.98,271.81,425.98
273.06,321.91,347.84,321.91,347.84,425.81,273.06,425.81
274.68,321.68,349.26,321.68,349.26,425.3,274.68,425.3
275.23,321.25,349.73,321.25,349.73,424.78,275.23,424.78
278.07,321.22,352.38,321.22,352.38,424.48,278.07,424.48
279.36,321.12,353.29,321.12,353.29,423.85,279.36,423.85
281.47,320.92,355.05,320.92,355.05,423.16,281.47,423.16
282.41,320.86,355.54,320.86,355.54,422.47,282.41,422.47
285.13,320.6,357.98,320.6,357.98,421.82,285.13,421.82
285.79,320.79,357.9,320.79,357.9,420.99,285.79,420.99
287.87,320.09,359.47,320.09,359.47,419.59,287.87,419.59
289.58,320.49,361.14,320.49,361.14,419.93,289.58,419.93
290.23,320.5,361.82,320.5,361.82,419.97,290.23,419.97
292.68,320.05,364.06,320.05,364.06,419.24,292.68,419.24
293.8,318.93,364.73,318.93,364.73,417.48,293.8,417.48
295.34,319.26,365.64,319.26,365.64,416.95,295.34,416.95
298.51,318.95,368.5,318.95,368.5,416.2,298.51,416.2
300.02,319.45,369.62,319.45,369.62,416.16,300.02,416.16
302.54,318.73,372.09,318.73,372.09,415.37,302.54,415.37
304.19,318.34,373.33,318.34,373.33,414.41,304.19,414.41
307.54,318.19,376.11,318.19,376.11,413.46,307.54,413.46
308.71,317.47,376.83,317.47,376.83,412.13,308.71,412.13
312.01,317.66,379.62,317.66,379.62,411.6,312.01,411.6
314.77,317.56,381.94,317.56,381.94,410.89,314.77,410.89
316.08,316.61,383.05,316.61,383.05,409.66,316.08,409.66
319.48,317,385.64,317,385.64,408.93,319.48,408.93
321.31,316.91,387.42,316.91,387.42,408.77,321.31,408.77
323.74,316.68,389.49,316.68,389.49,408.04,323.74,408.04
325.8,316.59,391.09,316.59,391.09,407.32,325.8,407.32
326.94,316.19,392.16,316.19,392.16,406.81,326.94,406.81
328.35,316.12,393.37,316.12,393.37,406.46,328.35,406.46
330.85,315.84,395.65,315.84,395.65,405.88,330.85,405.88
332.57,315.72,396.91,315.72,396.91,405.12,332.57,405.12
333.88,315.61,398.1,315.61,398.1,404.85,333.88,404.85
336.82,315.27,400.59,315.27,400.59,403.89,336.82,403.89
339.29,314.58,402.3,314.58,402.3,402.13,339.29,402.13
340.57,314.67,403.25,314.67,403.25,401.75,340.57,401.75
343.59,314.52,405.84,314.52,405.84,401.02,343.59,401.02
345.25,314.55,407.33,314.55,407.33,400.81,345.25,400.81
349.54,313.68,411.41,313.68,411.41,399.66,349.54,399.66
350.55,313.42,412.18,313.42,412.18,399.06,350.55,399.06
353.46,313.25,414.81,313.25,414.81,398.5,353.46,398.5
356.41,313.51,417.21,313.51,417.21,397.98,356.41,397.98
358.47,312.71,418.66,312.71,418.66,396.34,358.47,396.34
361.28,312.56,421.32,312.56,421.32,395.99,361.28,395.99
362.27,311.75,422.05,311.75,422.05,394.82,362.27,394.82
365.18,312.01,424.44,312.01,424.44,394.36,365.18,394.36
366.57,312.31,424.81,312.31,424.81,393.24,366.57,393.24
369.77,312.69,427.59,312.69,427.59,393.03,369.77,393.03
370.24,311.75,427.93,311.75,427.93,391.9,370.24,391.9
373.24,312.03,430.49,312.03,430.49,391.58,373.24,391.58
374.46,311.63,431.89,311.63,431.89,391.43,374.46,391.43
377.29,311.64,434.34,311.64,434.34,390.91,377.29,390.91
378.84,311.61,435.14,311.61,435.14,389.84,378.84,389.84
381.21,311.23,437.3,311.23,437.3,389.18,381.21,389.18
383.82,310.57,439.9,310.57,439.9,388.5,383.82,388.5
387.09,311.07,442.63,311.07,442.63,388.24,387.09,388.24
389.34,310.45,444.22,310.45,444.22,386.7,389.34,386.7
390.76,310.57,445.4,310.57,445.4,386.49,390.76,386.49
393,309.9,447.22,309.9,447.22,385.24,393,385.24
393.98,310.32,447.38,310.32,447.38,384.53,393.98,384.53
394.73,310.32,447.45,310.32,447.45,383.57,394.73,383.57
396.41,310.34,448.52,310.34,448.52,382.76,396.41,382.76
397.15,310.17,448.98,310.17,448.98,382.18,397.15,382.18
403.57,309.7,455.38,309.7,455.38,381.68,403.57,381.68
411.56,309,463.45,309,463.45,381.1,411.56,381.1
412.12,309.1,463.45,309.1,463.45,380.43,412.12,380.43
412.43,308.67,463.83,308.67,463.83,380.1,412.43,380.1
