18,146,43,146,43,235,18,235
19.173,142.38,44.011,142.38,44.011,230.81,19.173,230.81
20.418,141.74,45.377,141.74,45.377,230.59,20.418,230.59
20.82,141.15,45.389,141.15,45.389,228.61,20.82,228.61
22.252,140.43,46.838,140.43,46.838,227.96,22.252,227.96
22.944,139.68,47.737,139.68,47.737,227.94,22.944,227.94
24.514,139.78,49.163,139.78,49.163,227.53,24.514,227.53
26.073,139.15,51.031,139.15,51.031,228,26.073,228
27.238,138.98,52.008,138.98,52.008,227.15,27.238,227.15
30.337,139.05,55.042,139.05,55.042,227.01,30.337,227.01
31.882,138.16,56.648,138.16,56.648,226.33,31.882,226.33
35.153,138.37,59.659,138.37,59.659,225.62,35.153,225.62
37.15,137.29,61.821,137.29,61.821,225.12,37.15,225.12
37.893,136.55,62.506,136.55,62.506,224.17,37.893,224.17
39.833,136.89,63.947,136.89,63.947,222.73,39.833,222.73
41.697,136.05,66.118,136.05,66.118,222.99,41.697,222.99
42.508,136.05,66.877,136.05,66.877,222.8,42.508,222.8
44.037,136.9,68.163,136.9,68.163,222.79,44.037,222.79
45.361,137.09,69.446,137.09,69.446,222.83,45.361,222.83
46.727,136.79,70.977,136.79,70.977,223.12,46.727,223.12
47.318,136.09,71.346,136.09,71.346,221.63,47.318,221.63
48.483,135.85,72.505,135.85,72.505,221.37,48.483,221.37
49.014,135.05,72.962,135.05,72.962,220.31,49.014,220.31
49.919,134.01,73.755,134.01,73.755,218.87,49.919,218.87
51.185,133.56,75.05,133.56,75.05,218.52,51.185,218.52
52.368,133.7,76.14,133.7,76.14,218.33,52.368,218.33
54.104,134.3,77.982,134.3,77.982,219.31,54.104,219.31
55.019,133.66,78.676,133.66,78.676,217.88,55.019,217.88
57.003,133.47,80.557,133.47,80.557,217.32,57.003,217.32
59.813,133.63,83.386,133.63,83.386,217.54,59.813,217.54
62.739,132.55,86.456,132.55,86.456,216.99,62.739,216.99
63.842,130.98,87.563,130.98,87.563,215.42,63.842,215.42
65.261,130.04,89.241,130.04,89.241,215.41,65.261,215.41
66.413,129.7,90.388,129.7,90.388,215.05,66.413,215.05
68.209,129.81,91.814,129.81,91.814,213.84,68.209,213.84
69.64,130.62,93.241,130.62,93.241,214.64,69.64,214.64
70.862,131.05,94.592,131.05,94.592,215.53,70.862,215.53
72.302,130.85,96.15,130.85,96.15,215.75,72.302,215.75
73.876,130.95,97.741,130.95,97.741,215.91,73.876,215.91
75.003,130.33,98.861,130.33,98.861,215.26,75.003,215.26
76.773,135.14,100.66,135.14,100.66,220.19,76.773,220.19
77.729,141.6,101.46,141.6,101.46,226.06,77.729,226.06
79.019,146.55,102.51,146.55,102.51,230.16,79.019,230.16
81.324,152.61,104.87,152.61,104.87,236.42,81.324,236.42
82.664,154.35,106.34,154.35,106.34,238.62,82.664,238.62
84.057,153.92,107.52,153.92,107.52,237.45,84.057,237.45
85.698,153.71,109.16,153.71,109.16,237.26,85.698,237.26
87.194,154.22,110.32,154.22,110.32,236.53,87.194,236.53
91.12,153.97,114.16,153.97,114.16,235.98,91.12,235.98
92.546,152.48,115.76,152.48,115.76,235.13,92.546,235.13
93.132,151.24,116.16,151.24,116.16,233.22,93.132,233.22
95.385,151.7,118.32,151.7,118.32,233.33,95.385,233.33
96.25,152.29,118.82,152.29,118.82,232.64,96.25,232.64
98.468,153.48,121,153.48,121,233.69,98.468,233.69
99.358,154.59,121.83,154.59,121.83,234.59,99.358,234.59
100.01,158.2,122.54,158.2,122.54,238.41,100.01,238.41
101.4,164.01,123.94,164.01,123.94,244.24,101.4,244.24
102.18,168.63,124.66,168.63,124.66,248.66,102.18,248.66
102.3,170.46,124.73,170.46,124.73,250.31,102.3,250.31
103.04,170.01,125.37,170.01,125.37,249.49,103.04,249.49
103.85,169.87,126.4,169.87,126.4,250.17,103.85,250.17
104.65,169.88,127.29,169.88,127.29,250.48,104.65,250.48
105.48,170.01,128.1,170.01,128.1,250.51,105.48,250.51
106.74,170.56,129.22,170.56,129.22,250.59,106.74,250.59
107.58,170.38,130.06,170.38,130.06,250.41,107.58,250.41
108.51,170.05,130.85,170.05,130.85,249.59,108.51,249.59
110.26,169.07,132.77,169.07,132.77,249.22,110.26,249.22
110.54,167.85,133.28,167.85,133.28,248.8,110.54,248.8
110.75,167.25,133.48,167.25,133.48,248.15,110.75,248.15
113.11,166.73,135.74,166.73,135.74,247.29,113.11,247.29
115.01,165.75,137.4,165.75,137.4,245.44,115.01,245.44
115.59,164.22,137.73,164.22,137.73,243.03,115.59,243.03
116.44,163.17,138.48,163.17,138.48,241.64,116.44,241.64
116.74,163.17,138.71,163.17,138.71,241.41,116.74,241.41
116.84,163.67,138.63,163.67,138.63,241.26,116.84,241.26
117.86,164.07,139.76,164.07,139.76,242.04,117.86,242.04
118.97,163.95,140.98,163.95,140.98,242.29,118.97,242.29
119.33,163.63,141.34,163.63,141.34,241.99,119.33,241.99
120.09,163.23,142,163.23,142,241.22,120.09,241.22
121.19,162.93,142.94,162.93,142.94,240.35,121.19,240.35
125.05,162.45,146.61,162.45,146.61,239.22,125.05,239.22
139.36,162.06,160.93,162.06,160.93,238.86,139.36,238.86
146.89,160.82,168.57,160.82,168.57,238.02,146.89,238.02
152.52,160.62,173.95,160.62,173.95,236.92,152.52,236.92
164.53,160.17,185.66,160.17,185.66,235.38,164.53,235.38
172.24,160.67,193.49,160.67,193.49,236.34,172.24,236.34
182.26,160.95,203.44,160.95,203.44,236.33,182.26,236.33
189.91,160.25,211.2,160.25,211.2,236.03,189.91,236.03
198.73,159.06,219.85,159.06,219.85,234.27,198.73,234.27
206.15,158.29,227.29,158.29,227.29,233.54,206.15,233.54
215.61,156.88,236.79,156.88,236.79,232.28,215.61,232.28
213.63,156.04,235,156.04,235,232.14,213.63,232.14
214.84,156.21,236.22,156.21,236.22,232.32,214.84,232.32
215.48,156.67,236.8,156.67,236.8,232.57,215.48,232.57
215.6,156.85,236.93,156.85,236.93,232.79,215.6,232.79
225.46,156.98,246.7,156.98,246.7,232.6,225.46,232.6
230.75,156.78,251.92,156.78,251.92,232.13,230.75,232.13
238.03,156.13,259.32,156.13,259.32,231.93,238.03,231.93
251.06,155.51,272.27,155.51,272.27,231.02,251.06,231.02
257.52,154.83,278.78,154.83,278.78,230.51,257.52,230.51
268.9,153.88,290.13,153.88,290.13,229.46,268.9,229.46
282.3,152.33,303.64,152.33,303.64,228.28,282.3,228.28
294.42,152.04,315.7,152.04,315.7,227.81,294.42,227.81
306.46,152.09,327.56,152.09,327.56,227.17,306.46,227.17
318.11,152.08,339.2,152.08,339.2,227.16,318.11,227.16
324.54,150.94,345.68,150.94,345.68,226.2,324.54,226.2
335.78,151.57,357,151.57,357,227.14,335.78,227.14
341.24,149.06,362.6,149.06,362.6,225.1,341.24,225.1
344.67,148.77,365.95,148.77,365.95,224.55,344.67,224.55
345.18,148.18,366.4,148.18,366.4,223.71,345.18,223.71
344.79,148.05,366.03,148.05,366.03,223.69,344.79,223.69
345.34,148.28,366.53,148.28,366.53,223.72,345.34,223.72
345.22,148.4,366.45,148.4,366.45,224,345.22,224
345.41,148.81,366.63,148.81,366.63,224.34,345.41,224.34
345.98,148.86,367.23,148.86,367.23,224.52,345.98,224.52
346.71,148.19,368.01,148.19,368.01,224.01,346.71,224.01
347.3,147.5,368.62,147.5,368.62,223.43,347.3,223.43
348.25,147.28,369.64,147.28,369.64,223.46,348.25,223.46
348.26,146.06,369.6,146.06,369.6,222.02,348.26,222.02
348.85,146.14,370.23,146.14,370.23,222.28,348.85,222.28
349.01,146.33,370.17,146.33,370.17,221.65,349.01,221.65
349.49,146.57,370.68,146.57,370.68,222.02,349.49,222.02
349.48,146.44,370.51,146.44,370.51,221.33,349.48,221.33
349.93,146.4,371.06,146.4,371.06,221.62,349.93,221.62
350.11,145.69,371.2,145.69,371.2,220.79,350.11,220.79
350.33,145.43,371.39,145.43,371.39,220.42,350.33,220.42
350.75,144.24,371.86,144.24,371.86,219.37,350.75,219.37
351.28,143.78,372.41,143.78,372.41,219.04,351.28,219.04
351.29,143.44,372.54,143.44,372.54,219.08,351.29,219.08
351.97,143.97,373.25,143.97,373.25,219.72,351.97,219.72
352.59,144.19,373.81,144.19,373.81,219.75,352.59,219.75
353.08,144.29,374.24,144.29,374.24,219.6,353.08,219.6
354.13,143.88,375.23,143.88,375.23,219.01,354.13,219.01
354.95,143.39,376.05,143.39,376.05,218.51,354.95,218.51
356.33,143.01,377.4,143.01,377.4,218.02,356.33,218.02
357.91,142.44,379,142.44,379,217.53,357.91,217.53
358.37,141.09,379.47,141.09,379.47,216.21,358.37,216.21
359.01,140.99,380.09,140.99,380.09,216.03,359.01,216.03
360.04,141.7,380.99,141.7,380.99,216.3,360.04,216.3
359.64,141.83,380.51,141.83,380.51,216.13,359.64,216.13
360.35,142.06,381.24,142.06,381.24,216.41,360.35,216.41
360.68,141.5,381.52,141.5,381.52,215.69,360.68,215.69
360.34,141.08,381.25,141.08,381.25,215.49,360.34,215.49
360.28,140.17,381.18,140.17,381.18,214.59,360.28,214.59
360.84,139.83,381.68,139.83,381.68,214.02,360.84,214.02
360.83,139.45,381.66,139.45,381.66,213.6,360.83,213.6
361.54,139.47,382.32,139.47,382.32,213.45,361.54,213.45
361.57,139.73,382.29,139.73,382.29,213.5,361.57,213.5
361.69,139.95,382.39,139.95,382.39,213.63,361.69,213.63
362.08,140.08,382.71,140.08,382.71,213.52,362.08,213.52
362.58,139.79,383.21,139.79,383.21,213.25,362.58,213.25
364.36,138.62,384.73,138.62,384.73,211.13,364.36,211.13
365.08,137.76,385.55,137.76,385.55,210.65,365.08,210.65
364.84,137.99,385.32,137.99,385.32,210.93,364.84,210.93
364.74,137.36,385.29,137.36,385.29,210.55,364.74,210.55
364.55,136.78,384.99,136.78,384.99,209.54,364.55,209.54
364.35,136.69,384.69,136.69,384.69,209.09,364.35,209.09
364.34,135.85,384.64,135.85,384.64,208.11,364.34,208.11
364.52,135.51,384.85,135.51,384.85,207.86,364.52,207.86
364.65,135.59,384.9,135.59,384.9,207.69,364.65,207.69
364.82,136.1,385.12,136.1,385.12,208.35,364.82,208.35
365.24,135.99,385.46,135.99,385.46,208,365.24,208
365.88,136.25,386.14,136.25,386.14,208.39,365.88,208.39
366.26,135.67,386.56,135.67,386.56,207.93,366.26,207.93
366.99,134.98,387.34,134.98,387.34,207.43,366.99,207.43
367.53,133.78,387.94,133.78,387.94,206.44,367.53,206.44
367.84,133.66,388.24,133.66,388.24,206.27,367.84,206.27
368.27,133.86,388.68,133.86,388.68,206.51,368.27,206.51
368.25,134.07,388.57,134.07,388.57,206.39,368.25,206.39
368.17,133.98,388.44,133.98,388.44,206.13,368.17,206.13
368.05,133.98,388.21,133.98,388.21,205.73,368.05,205.73
368,133.46,387.89,133.46,387.89,204.26,368,204.26
367.88,132.76,387.78,132.76,387.78,203.6,367.88,203.6
367.83,132.33,387.74,132.33,387.74,203.2,367.83,203.2
367.93,132.21,387.85,132.21,387.85,203.14,367.93,203.14
368.21,132.65,388.06,132.65,388.06,203.3,368.21,203.3
368.38,133.18,388.23,133.18,388.23,203.85,368.38,203.85
368.81,133.16,388.6,133.16,388.6,203.61,368.81,203.61
368.41,132.81,388.1,132.81,388.1,202.9,368.41,202.9
368.44,131.63,388.34,131.63,388.34,202.47,368.44,202.47
366.41,131.69,386.29,131.69,386.29,202.47,366.41,202.47
365.51,131.69,385.55,131.69,385.55,203.01,365.51,203.01
365.34,131.83,385.5,131.83,385.5,203.59,365.34,203.59
364.47,129.93,384.76,129.93,384.76,202.19,364.47,202.19
364.46,128.84,384.81,128.84,384.81,201.27,364.46,201.27
363.99,128.68,384.42,128.68,384.42,201.41,363.99,201.41
363.63,128.61,384.08,128.61,384.08,201.42,363.63,201.42
363.87,129.19,384.26,129.19,384.26,201.77,363.87,201.77
363.77,128.91,384.12,128.91,384.12,201.34,363.77,201.34
364.99,128.69,385.18,128.69,385.18,200.59,364.99,200.59
366.43,127.9,386.72,127.9,386.72,200.13,366.43,200.13
367.05,128.07,387.18,128.07,387.18,199.71,367.05,199.71
367.3,127.79,387.3,127.79,387.3,199,367.3,199
367.79,128.09,387.76,128.09,387.76,199.17,367.79,199.17
367.96,128.25,387.85,128.25,387.85,199.07,367.96,199.07
367.9,128.2,387.66,128.2,387.66,198.55,367.9,198.55
368.21,128.95,387.86,128.95,387.86,198.93,368.21,198.93
367.94,128.33,387.57,128.33,387.57,198.24,367.94,198.24
368.02,128.08,387.55,128.08,387.55,197.59,368.02,197.59
367.65,127.29,387.21,127.29,387.21,196.93,367.65,196.93
367.48,126.47,386.84,126.47,386.84,195.4,367.48,195.4
367.75,126.34,387.22,126.34,387.22,195.67,367.75,195.67
368.21,126.77,387.65,126.77,387.65,196,368.21,196
368.42,127.23,387.98,127.23,387.98,196.89,368.42,196.89
368.31,127.04,387.72,127.04,387.72,196.13,368.31,196.13
368.63,127.19,388.07,127.19,388.07,196.38,368.63,196.38
369.5,127.3,389.06,127.3,389.06,196.94,369.5,196.94
369.66,126.39,389.25,126.39,389.25,196.13,369.66,196.13
370.36,126.24,390.01,126.24,390.01,196.21,370.36,196.21
371.57,125.96,391.13,125.96,391.13,195.61,371.57,195.61
371.96,125.28,391.51,125.28,391.51,194.9,371.96,194.9
372.08,125.2,391.52,125.2,391.52,194.41,372.08,194.41
372.49,124.97,391.96,124.97,391.96,194.3,372.49,194.3
372.92,124.93,392.31,124.93,392.31,193.98,372.92,193.98
373.19,125.48,392.52,125.48,392.52,194.27,373.19,194.27
373.43,125.72,392.64,125.72,392.64,194.11,373.43,194.11
374.48,126.17,393.81,126.17,393.81,195,374.48,195
374.58,125.21,393.81,125.21,393.81,193.69,374.58,193.69
374.8,124.97,393.88,124.97,393.88,192.91,374.8,192.91
374.76,123.98,393.64,123.98,393.64,191.18,374.76,191.18
375.58,123.46,394.48,123.46,394.48,190.77,375.58,190.77
375.88,123.03,394.68,123.03,394.68,189.94,375.88,189.94
375.94,122.88,394.74,122.88,394.74,189.8,375.94,189.8
376.61,123.52,395.34,123.52,395.34,190.21,376.61,190.21
377.28,123.92,396.03,123.92,396.03,190.68,377.28,190.68
377.43,123.76,396.22,123.76,396.22,190.67,377.43,190.67
377.82,123.65,396.46,123.65,396.46,190,377.82,190
378.79,123.27,397.47,123.27,397.47,189.79,378.79,189.79
379.59,123.01,398.39,123.01,398.39,189.93,379.59,189.93
379.58,122.29,398.39,122.29,398.39,189.24,379.58,189.24
380.04,121.49,398.86,121.49,398.86,188.52,380.04,188.52
380.26,121.17,399.06,121.17,399.06,188.09,380.26,188.09
380.29,121.26,399,121.26,399,187.88,380.29,187.88
380.78,121.78,399.67,121.78,399.67,189.02,380.78,189.02
380.78,121.7,399.57,121.7,399.57,188.61,380.78,188.61
380.67,121.78,399.41,121.78,399.41,188.48,380.67,188.48
381.06,121.69,399.8,121.69,399.8,188.43,381.06,188.43
380.66,121.21,399.23,121.21,399.23,187.33,380.66,187.33
380.31,120.25,398.83,120.25,398.83,186.17,380.31,186.17
380.37,120.29,398.73,120.29,398.73,185.65,380.37,185.65
380.23,120,398.51,120,398.51,185.07,380.23,185.07
380.49,119.73,398.81,119.73,398.81,184.94,380.49,184.94
380.35,119.75,398.6,119.75,398.6,184.71,380.35,184.71
380.92,120.3,399.36,120.3,399.36,185.92,380.92,185.92
381.24,120.71,399.69,120.71,399.69,186.4,381.24,186.4
381.35,120.42,399.87,120.42,399.87,186.33,381.35,186.33
381.56,120.03,399.97,120.03,399.97,185.55,381.56,185.55
381.57,119.21,400.03,119.21,400.03,184.92,381.57,184.92
382.21,118.8,400.72,118.8,400.72,184.68,382.21,184.68
381.83,118.05,400.43,118.05,400.43,184.27,381.83,184.27
381.53,117.93,400.03,117.93,400.03,183.81,381.53,183.81
381.75,118.04,400.2,118.04,400.2,183.75,381.75,183.75
381.73,118.45,400.27,118.45,400.27,184.46,381.73,184.46
380.95,118.38,399.41,118.38,399.41,184.1,380.95,184.1
381.19,119.02,399.63,119.02,399.63,184.66,381.19,184.66
380.62,119.26,398.98,119.26,398.98,184.61,380.62,184.61
379.62,117.86,397.93,117.86,397.93,183.06,379.62,183.06
379.05,117.32,397.29,117.32,397.29,182.25,379.05,182.25
379.42,116.8,397.69,116.8,397.69,181.85,379.42,181.85
378.86,116.65,397.21,116.65,397.21,181.97,378.86,181.97
378.65,116.69,396.9,116.69,396.9,181.67,378.65,181.67
379.08,117.43,397.41,117.43,397.41,182.66,379.08,182.66
378.75,117.49,396.95,117.49,396.95,182.3,378.75,182.3
379.21,117.47,397.53,117.47,397.53,182.71,379.21,182.71
379.03,116.3,397.44,116.3,397.44,181.83,379.03,181.83
380.26,116.21,398.6,116.21,398.6,181.49,380.26,181.49
380.58,115.36,398.88,115.36,398.88,180.49,380.58,180.49
381.18,114.93,399.38,114.93,399.38,179.74,381.18,179.74
382.06,114.63,400.21,114.63,400.21,179.26,382.06,179.26
381.92,114.27,400.13,114.27,400.13,179.09,381.92,179.09
382.3,114.53,400.43,114.53,400.43,179.08,382.3,179.08
382.34,114.44,400.42,114.44,400.42,178.83,382.34,178.83
382.72,115.06,400.78,115.06,400.78,179.35,382.72,179.35
382.84,115.14,400.92,115.14,400.92,179.51,382.84,179.51
382.95,114.33,400.99,114.33,400.99,178.55,382.95,178.55
382.89,113.68,400.8,113.68,400.8,177.44,382.89,177.44
383.45,113.1,401.36,113.1,401.36,176.83,383.45,176.83
383.53,112.8,401.37,112.8,401.37,176.34,383.53,176.34
383.46,112.32,401.24,112.32,401.24,175.63,383.46,175.63
384.12,112.68,401.9,112.68,401.9,175.97,384.12,175.97
384.8,112.82,402.6,112.82,402.6,176.21,384.8,176.21
385.25,112.72,403.11,112.72,403.11,176.31,385.25,176.31
386.04,112.71,403.88,112.71,403.88,176.2,386.04,176.2
386.7,112.07,404.52,112.07,404.52,175.52,386.7,175.52
387.29,111.19,405.12,111.19,405.12,174.64,387.29,174.64
387.95,110.49,405.74,110.49,405.74,173.8,387.95,173.8
388.53,110.58,406.28,110.58,406.28,173.78,388.53,173.78
389.41,111.07,407.17,111.07,407.17,174.33,389.41,174.33
389.7,111.18,407.45,111.18,407.45,174.36,389.7,174.36
390.18,111.39,408.04,111.39,408.04,174.98,390.18,174.98
390.13,110.75,407.92,110.75,407.92,174.12,390.13,174.12
390.32,110.41,408.12,110.41,408.12,173.76,390.32,173.76
390.44,109.95,408.2,109.95,408.2,173.16,390.44,173.16
391,109.51,408.8,109.51,408.8,172.89,391,172.89
383.32,109.49,401.05,109.49,401.05,172.62,383.32,172.62
371.81,110.58,389.58,110.58,389.58,173.85,371.81,173.85
362.09,110.72,379.85,110.72,379.85,173.95,362.09,173.95
356.88,111.19,374.55,111.19,374.55,174.09,356.88,174.09
346.75,110.87,364.45,110.87,364.45,173.9,346.75,173.9
340.1,110.71,357.65,110.71,357.65,173.2,340.1,173.2
331.33,110.4,348.81,110.4,348.81,172.63,331.33,172.63
323.81,111.15,341.09,111.15,341.09,172.69,323.81,172.69
315.09,110.52,332.4,110.52,332.4,172.15,315.09,172.15
308.83,110.96,326.06,110.96,326.06,172.28,308.83,172.28
299.11,111.89,316.32,111.89,316.32,173.16,299.11,173.16
288.93,112.43,306.08,112.43,306.08,173.48,288.93,173.48
282.36,112.29,299.45,112.29,299.45,173.15,282.36,173.15
271.47,112.28,288.44,112.28,288.44,172.73,271.47,172.73
261.7,111.98,278.74,111.98,278.74,172.62,261.7,172.62
250.18,111.01,267.22,111.01,267.22,171.68,250.18,171.68
242.18,111.11,259.16,111.11,259.16,171.56,242.18,171.56
230.09,111.8,247.03,111.8,247.03,172.14,230.09,172.14
218.1,112.59,234.93,112.59,234.93,172.52,218.1,172.52
203.48,112.11,220.29,112.11,220.29,171.96,203.48,171.96
195.4,111.91,212.04,111.91,212.04,171.13,195.4,171.13
188.03,111.85,204.65,111.85,204.65,171,188.03,171
181.44,111.35,198.01,111.35,198.01,170.36,181.44,170.36
170.86,111.36,187.42,111.36,187.42,170.32,170.86,170.32
165.04,111.98,181.52,111.98,181.52,170.65,165.04,170.65
157.1,112.72,173.47,112.72,173.47,171.01,157.1,171.01
148.3,113.85,164.52,113.85,164.52,171.59,148.3,171.59
140.01,114.11,156.14,114.11,156.14,171.53,140.01,171.53
129.42,113.88,145.53,113.88,145.53,171.24,129.42,171.24
117.44,113.36,133.55,113.36,133.55,170.71,117.44,170.71
110.29,112.98,126.25,112.98,126.25,169.82,110.29,169.82
101.35,113.55,117.24,113.55,117.24,170.12,101.35,170.12
89.25,113.56,105.14,113.56,105.14,170.12,89.25,170.12
83.398,114.12,99.211,114.12,99.211,170.41,83.398,170.41
78.435,114.27,94.132,114.27,94.132,170.15,78.435,170.15
67.809,115.08,83.579,115.08,83.579,171.22,67.809,171.22
61.664,115.5,77.387,115.5,77.387,171.47,61.664,171.47
53.265,114.7,69.188,114.7,69.188,171.38,53.265,171.38
44.946,114.76,60.892,114.76,60.892,171.53,44.946,171.53
41.884,113.44,57.681,113.44,57.681,169.67,41.884,169.67
42.561,113.4,58.321,113.4,58.321,169.5,42.561,169.5
42.769,113.08,58.634,113.08,58.634,169.56,42.769,169.56
43.235,113.7,59.045,113.7,59.045,169.98,43.235,169.98
43.51,113.02,59.305,113.02,59.305,169.26,43.51,169.26
44.012,113.67,59.752,113.67,59.752,169.71,44.012,169.71
44.174,113.3,59.962,113.3,59.962,169.5,44.174,169.5
44.206,113.65,59.937,113.65,59.937,169.65,44.206,169.65
44.045,112.47,59.7,112.47,59.7,168.2,44.045,168.2
43.582,112.19,59.159,112.19,59.159,167.64,43.582,167.64
43.367,111.75,58.929,111.75,58.929,167.14,43.367,167.14
43.657,111.85,59.25,111.85,59.25,167.36,43.657,167.36
43.312,111.37,58.763,111.37,58.763,166.37,43.312,166.37
44.092,111.81,59.587,111.81,59.587,166.97,44.092,166.97
44.333,112.37,59.836,112.37,59.836,167.56,44.333,167.56
44.525,112.26,60.035,112.26,60.035,167.48,44.525,167.48
44.396,112.22,59.907,112.22,59.907,167.44,44.396,167.44
45.137,111.73,60.634,111.73,60.634,166.9,45.137,166.9
45.634,111.34,61.242,111.34,61.242,166.9,45.634,166.9
45.968,111.09,61.653,111.09,61.653,166.93,45.968,166.93
46.047,110.54,61.709,110.54,61.709,166.3,46.047,166.3
46.239,110.09,61.863,110.09,61.863,165.71,46.239,165.71
46.514,110.16,62.121,110.16,62.121,165.72,46.514,165.72
46.833,110.3,62.534,110.3,62.534,166.2,46.833,166.2
47.38,111.14,63.03,111.14,63.03,166.85,47.38,166.85
47.331,111.11,62.938,111.11,62.938,166.67,47.331,166.67
47.295,111.09,62.867,111.09,62.867,166.52,47.295,166.52
46.949,110.19,62.361,110.19,62.361,165.05,46.949,165.05
46.946,110.12,62.33,110.12,62.33,164.89,46.946,164.89
46.932,109.56,62.38,109.56,62.38,164.56,46.932,164.56
46.87,109.29,62.463,109.29,62.463,164.81,46.87,164.81
46.669,108.42,62.201,108.42,62.201,163.71,46.669,163.71
47.61,109.14,63.127,109.14,63.127,164.39,47.61,164.39
47.774,109.25,63.379,109.25,63.379,164.8,47.774,164.8
48.163,109.25,63.602,109.25,63.602,164.21,48.163,164.21
48.686,109.62,64.176,109.62,64.176,164.76,48.686,164.76
49.837,109.43,65.252,109.43,65.252,164.31,49.837,164.31
50.324,108.74,65.743,108.74,65.743,163.63,50.324,163.63
50.759,108.36,66.29,108.36,66.29,163.65,50.759,163.65
51.235,107.81,66.73,107.81,66.73,162.97,51.235,162.97
51.986,108.07,67.471,108.07,67.471,163.2,51.986,163.2
52.521,108.16,67.957,108.16,67.957,163.11,52.521,163.11
52.81,108.51,68.303,108.51,68.303,163.67,52.81,163.67
53.329,108.37,68.915,108.37,68.915,163.85,53.329,163.85
53.268,108.18,68.737,108.18,68.737,163.25,53.268,163.25
53.684,108.22,69.072,108.22,69.072,163,53.684,163
53.556,107.9,68.908,107.9,68.908,162.55,53.556,162.55
53.528,107.24,68.76,107.24,68.76,161.47,53.528,161.47
53.853,106.89,69.101,106.89,69.101,161.18,53.853,161.18
54.313,106.97,69.427,106.97,69.427,160.77,54.313,160.77
54.408,107.15,69.445,107.15,69.445,160.68,54.408,160.68
55.412,107.56,70.542,107.56,70.542,161.42,55.412,161.42
56.339,107.32,71.57,107.32,71.57,161.54,56.339,161.54
57.049,106.98,72.28,106.98,72.28,161.2,57.049,161.2
57.935,106.48,73.075,106.48,73.075,160.38,57.935,160.38
58.135,105.89,73.367,105.89,73.367,160.12,58.135,160.12
59.019,105.76,74.132,105.76,74.132,159.56,59.019,159.56
58.995,105.51,74.176,105.51,74.176,159.55,58.995,159.55
59.551,106.03,74.576,106.03,74.576,159.52,59.551,159.52
59.954,106.06,75.127,106.06,75.127,160.07,59.954,160.07
59.93,106.32,74.967,106.32,74.967,159.85,59.93,159.85
59.837,105.73,74.911,105.73,74.911,159.4,59.837,159.4
59.56,104.87,74.598,104.87,74.598,158.41,59.56,158.41
59.38,104.43,74.493,104.43,74.493,158.24,59.38,158.24
59.367,104.26,74.559,104.26,74.559,158.35,59.367,158.35
59.811,104.76,74.842,104.76,74.842,158.27,59.811,158.27
60.091,104.89,75.09,104.89,75.09,158.29,60.091,158.29
60.655,105.09,75.617,105.09,75.617,158.35,60.655,158.35
61.819,104.94,76.839,104.94,76.839,158.41,61.819,158.41
62.398,103.85,77.411,103.85,77.411,157.3,62.398,157.3
62.717,103.38,77.638,103.38,77.638,156.5,62.717,156.5
62.712,103.42,77.599,103.42,77.599,156.42,62.712,156.42
63.224,103.63,78.198,103.63,78.198,156.93,63.224,156.93
63.576,103.73,78.602,103.73,78.602,157.22,63.576,157.22
63.97,103.89,78.976,103.89,78.976,157.31,63.97,157.31
63.912,103.5,78.984,103.5,78.984,157.16,63.912,157.16
63.831,103.13,78.804,103.13,78.804,156.44,63.831,156.44
63.579,102.69,78.561,102.69,78.561,156.02,63.579,156.02
63.711,102.49,78.537,102.49,78.537,155.27,63.711,155.27
63.645,102.17,78.419,102.17,78.419,154.76,63.645,154.76
63.655,102.06,78.419,102.06,78.419,154.62,63.655,154.62
64.057,102.56,78.742,102.56,78.742,154.84,64.057,154.84
64.141,103.01,78.886,103.01,78.886,155.51,64.141,155.51
64.707,102.99,79.31,102.99,79.31,154.97,64.707,154.97
64.888,102.16,79.545,102.16,79.545,154.34,64.888,154.34
65.082,101.86,79.666,101.86,79.666,153.78,65.082,153.78
64.963,101.82,79.481,101.82,79.481,153.51,64.963,153.51
63.716,101.19,78.214,101.19,78.214,152.81,63.716,152.81
63.399,100.05,77.881,100.05,77.881,151.61,63.399,151.61
63.236,99.979,77.926,99.979,77.926,152.27,63.236,152.27
63.307,101.01,77.783,101.01,77.783,152.54,63.307,152.54
63.43,100.92,77.902,100.92,77.902,152.44,63.43,152.44
64.048,100.4,78.641,100.4,78.641,152.35,64.048,152.35
64.273,100.19,78.974,100.19,78.974,152.53,64.273,152.53
64.446,99.91,78.944,99.91,78.944,151.52,64.446,151.52
64.638,99.255,79.26,99.255,79.26,151.31,64.638,151.31
64.51,99.18,79.123,99.18,79.123,151.2,64.51,151.2
64.59,99.147,79.157,99.147,79.157,151,64.59,151
64.818,99.294,79.456,99.294,79.456,151.4,64.818,151.4
65.074,100.19,79.436,100.19,79.436,151.32,65.074,151.32
64.92,100.03,79.393,100.03,79.393,151.55,64.92,151.55
64.804,99.271,79.342,99.271,79.342,151.03,64.804,151.03
64.616,98.969,79.086,98.969,79.086,150.48,64.616,150.48
64.194,98.393,78.636,98.393,78.636,149.81,64.194,149.81
64.382,98.355,78.753,98.355,78.753,149.51,64.382,149.51
64.377,98.381,78.64,98.381,78.64,149.16,64.377,149.16
64.55,98.4,78.753,98.4,78.753,148.96,64.55,148.96
64.42,98.383,78.836,98.383,78.836,149.71,64.42,149.71
64.5,98.303,78.987,98.303,78.987,149.88,64.5,149.88
65.062,98.101,79.614,98.101,79.614,149.91,65.062,149.91
65.178,97.507,79.717,97.507,79.717,149.27,65.178,149.27
65.186,97.1,79.78,97.1,79.78,149.05,65.186,149.05
65.395,97.188,79.854,97.188,79.854,148.66,65.395,148.66
65.239,96.853,79.689,96.853,79.689,148.3,65.239,148.3
65.175,96.769,79.595,96.769,79.595,148.1,65.175,148.1
65.242,97.026,79.69,97.026,79.69,148.46,65.242,148.46
65.126,97.21,79.488,97.21,79.488,148.34,65.126,148.34
65.009,97.466,79.486,97.466,79.486,149,65.009,149
64.862,97.214,79.425,97.214,79.425,149.06,64.862,149.06
63.787,96.208,78.194,96.208,78.194,147.5,63.787,147.5
63.401,96.118,77.795,96.118,77.795,147.36,63.401,147.36
63.736,96.413,78.058,96.413,78.058,147.4,63.736,147.4
63.676,96.472,77.894,96.472,77.894,147.09,63.676,147.09
63.533,96.367,77.663,96.367,77.663,146.67,63.533,146.67
63.891,96.687,77.899,96.687,77.899,146.56,63.891,146.56
64.194,96.243,78.317,96.243,78.317,146.52,64.194,146.52
63.962,96.128,78.144,96.128,78.144,146.62,63.962,146.62
64.188,95.896,78.239,95.896,78.239,145.92,64.188,145.92
63.836,95.802,77.826,95.802,77.826,145.61,63.836,145.61
63.834,95.478,77.882,95.478,77.882,145.49,63.834,145.49
63.837,96.21,77.735,96.21,77.735,145.68,63.837,145.68
63.471,96.169,77.61,96.169,77.61,146.5,63.471,146.5
62.977,96.112,76.885,96.112,76.885,145.62,62.977,145.62
62.045,95.2,75.964,95.2,75.964,144.75,62.045,144.75
61.711,94.533,75.717,94.533,75.717,144.39,61.711,144.39
61.416,94.651,75.484,94.651,75.484,144.73,61.416,144.73
61.809,94.988,75.671,94.988,75.671,144.33,61.809,144.33
61.913,95.425,75.691,95.425,75.691,144.47,61.913,144.47
62.176,94.988,76.045,94.988,76.045,144.36,62.176,144.36
62.612,94.3,76.654,94.3,76.654,144.29,62.612,144.29
62.853,94.128,76.721,94.128,76.721,143.5,62.853,143.5
62.762,93.846,76.612,93.846,76.612,143.15,62.762,143.15
63.089,93.845,77.027,93.845,77.027,143.46,63.089,143.46
62.631,93.814,76.569,93.814,76.569,143.43,62.631,143.43
62.6,94.203,76.667,94.203,76.667,144.28,62.6,144.28
62.032,93.856,75.942,93.856,75.942,143.38,62.032,143.38
61.08,93.176,75.081,93.176,75.081,143.02,61.08,143.02
61.153,92.878,75.062,92.878,75.062,142.39,61.153,142.39
61.239,92.6,75.195,92.6,75.195,142.28,61.239,142.28
61.28,92.937,75.229,92.937,75.229,142.59,61.28,142.59
62.27,93.276,76.114,93.276,76.114,142.56,62.27,142.56
63.155,92.636,77.124,92.636,77.124,142.36,63.155,142.36
63.183,91.804,77.041,91.804,77.041,141.14,63.183,141.14
63.895,92.002,77.715,92.002,77.715,141.2,63.895,141.2
63.915,91.54,77.784,91.54,77.784,140.91,63.915,140.91
63.999,91.897,77.87,91.897,77.87,141.28,63.999,141.28
64.048,92.072,78.056,92.072,78.056,141.94,64.048,141.94
64.338,91.953,78.215,91.953,78.215,141.35,64.338,141.35
63.966,91.617,77.643,91.617,77.643,140.31,63.966,140.31
63.653,90.933,77.133,90.933,77.133,138.92,63.653,138.92
63.693,91.177,77.047,91.177,77.047,138.72,63.693,138.72
63.99,91.604,77.426,91.604,77.426,139.44,63.99,139.44
63.586,91.677,77.058,91.677,77.058,139.64,63.586,139.64
63.268,91.094,76.813,91.094,76.813,139.31,63.268,139.31
63.36,91.194,76.861,91.194,76.861,139.26,63.36,139.26
63.287,91.207,76.689,91.207,76.689,138.92,63.287,138.92
63.156,91.153,76.506,91.153,76.506,138.68,63.156,138.68
63.313,90.606,76.841,90.606,76.841,138.77,63.313,138.77
62.811,90.056,76.291,90.056,76.291,138.04,62.811,138.04
62.384,90.127,75.723,90.127,75.723,137.62,62.384,137.62
62.523,90.6,76.007,90.6,76.007,138.6,62.523,138.6
61.681,90.808,75.041,90.808,75.041,138.37,61.681,138.37
61.614,90.934,75.175,90.934,75.175,139.21,61.614,139.21
60.918,90.797,74.295,90.797,74.295,138.42,60.918,138.42
60.084,90.371,73.508,90.371,73.508,138.16,60.084,138.16
59.574,90.111,73.139,90.111,73.139,138.41,59.574,138.41
59.477,90.188,72.826,90.188,72.826,137.71,59.477,137.71
59.264,89.967,72.629,89.967,72.629,137.55,59.264,137.55
58.929,89.66,72.342,89.66,72.342,137.41,58.929,137.41
58.549,89.2,72.047,89.2,72.047,137.25,58.549,137.25
58.493,89.742,71.902,89.742,71.902,137.48,58.493,137.48
58.458,90.032,71.821,90.032,71.821,137.61,58.458,137.61
58.898,90.121,72.387,90.121,72.387,138.14,58.898,138.14
58.846,90.074,72.138,90.074,72.138,137.39,58.846,137.39
59.607,90.055,72.885,90.055,72.885,137.32,59.607,137.32
59.802,89.477,73.148,89.477,73.148,136.99,59.802,136.99
59.98,89.141,73.41,89.141,73.41,136.95,59.98,136.95
59.821,89.123,73.142,89.123,73.142,136.55,59.821,136.55
60.169,89.186,73.471,89.186,73.471,136.54,60.169,136.54
60.134,89.255,73.557,89.255,73.557,137.04,60.134,137.04
59.903,89.408,73.368,89.408,73.368,137.34,59.903,137.34
59.323,89.039,72.573,89.039,72.573,136.21,59.323,136.21
58.706,88.67,71.925,88.67,71.925,135.73,58.706,135.73
58.208,88.359,71.237,88.359,71.237,134.74,58.208,134.74
58.238,88.488,71.151,88.488,71.151,134.46,58.238,134.46
57.984,89.077,70.848,89.077,70.848,134.87,57.984,134.87
57.924,89.335,70.891,89.335,70.891,135.5,57.924,135.5
57.187,88.746,70,88.746,70,134.36,57.187,134.36
57.445,89.061,70.217,89.061,70.217,134.53,57.445,134.53
57.091,88.318,69.718,88.318,69.718,133.27,57.091,133.27
56.524,88.206,69.381,88.206,69.381,133.98,56.524,133.98
55.939,87.849,68.945,87.849,68.945,134.15,55.939,134.15
55.366,88.518,68.288,88.518,68.288,134.52,55.366,134.52
55.036,88.711,67.926,88.711,67.926,134.6,55.036,134.6
54.027,88.129,66.835,88.129,66.835,133.73,54.027,133.73
52.43,87.625,65.124,87.625,65.124,132.82,52.43,132.82
51.573,87.275,64.375,87.275,64.375,132.85,51.573,132.85
51.443,86.316,64.163,86.316,64.163,131.6,51.443,131.6
50.47,86.003,63.194,86.003,63.194,131.3,50.47,131.3
49.664,86.533,62.425,86.533,62.425,131.96,49.664,131.96
49.222,86.975,61.962,86.975,61.962,132.33,49.222,132.33
47.597,86.697,60.322,86.697,60.322,132,47.597,132
46.821,86.235,59.502,86.235,59.502,131.38,46.821,131.38
45.924,85.457,58.6,85.457,58.6,130.58,45.924,130.58
45.418,85.558,58.133,85.558,58.133,130.82,45.418,130.82
45.118,86.06,57.786,86.06,57.786,131.16,45.118,131.16
45.303,86.409,57.94,86.409,57.94,131.4,45.303,131.4
45.562,86.634,58.277,86.634,58.277,131.9,45.562,131.9
45.075,85.897,57.774,85.897,57.774,131.11,45.075,131.11
45.207,85.544,57.764,85.544,57.764,130.25,45.207,130.25
45.459,85.332,58.204,85.332,58.204,130.7,45.459,130.7
44.915,84.634,57.665,84.634,57.665,130.02,44.915,130.02
44.798,84.728,57.59,84.728,57.59,130.27,44.798,130.27
45.021,84.948,57.834,84.948,57.834,130.56,45.021,130.56
45.161,85.548,58.06,85.548,58.06,131.47,45.161,131.47
44.867,85.277,57.842,85.277,57.842,131.47,44.867,131.47
43.904,85.111,56.679,85.111,56.679,130.59,43.904,130.59
43.635,84.587,56.449,84.587,56.449,130.2,43.635,130.2
43.52,84.459,56.479,84.459,56.479,130.59,43.52,130.59
43.004,83.642,55.882,83.642,55.882,129.49,43.004,129.49
43.236,84.009,56.071,84.009,56.071,129.7,43.236,129.7
43.214,84.014,56.176,84.014,56.176,130.16,43.214,130.16
42.657,84.241,55.565,84.241,55.565,130.19,42.657,130.19
42.979,84.455,55.93,84.455,55.93,130.56,42.979,130.56
43.139,84.051,56.007,84.051,56.007,129.86,43.139,129.86
43.759,84.284,56.695,84.284,56.695,130.34,43.759,130.34
43.507,83.253,56.44,83.253,56.44,129.3,43.507,129.3
43.301,83.031,56.19,83.031,56.19,128.92,43.301,128.92
43.527,83.418,56.429,83.418,56.429,129.35,43.527,129.35
43.67,83.684,56.56,83.684,56.56,129.57,43.67,129.57
43.446,83.941,56.432,83.941,56.432,130.17,43.446,130.17
43.243,83.755,56.096,83.755,56.096,129.51,43.243,129.51
43.448,83.588,56.343,83.588,56.343,129.49,43.448,129.49
43.013,82.939,55.999,82.939,55.999,129.17,43.013,129.17
42.981,82.775,55.823,82.775,55.823,128.5,42.981,128.5
