345,138,378,138,378,250,345,250
345.57,139.34,378.56,139.34,378.56,251.31,345.57,251.31
345.54,139.61,378.4,139.61,378.4,251.12,345.54,251.12
345.39,139.81,378.23,139.81,378.23,251.26,345.39,251.26
345.38,139.5,378.44,139.5,378.44,251.7,345.38,251.7
345.48,139.73,378.47,139.73,378.47,251.72,345.48,251.72
345.55,139.72,378.59,139.72,378.59,251.84,345.55,251.84
345.47,139.33,378.65,139.33,378.65,251.93,345.47,251.93
345.39,139.81,378.34,139.81,378.34,251.63,345.39,251.63
345.48,139.42,378.46,139.42,378.46,251.36,345.48,251.36
345.48,139.41,378.4,139.41,378.4,251.13,345.48,251.13
345.33,139.6,378.24,139.6,378.24,251.28,345.33,251.28
345.35,139.78,378.16,139.78,378.16,251.13,345.35,251.13
345.36,139.6,378.32,139.6,378.32,251.46,345.36,251.46
345.49,139.56,378.56,139.56,378.56,251.8,345.49,251.8
345.37,139.73,378.3,139.73,378.3,251.51,345.37,251.51
345.55,139.47,378.55,139.47,378.55,251.48,345.55,251.48
345.48,139.47,378.39,139.47,378.39,251.15,345.48,251.15
345.32,139.67,378.13,139.67,378.13,251.02,345.32,251.02
345.3,139.61,378.07,139.61,378.07,250.83,345.3,250.83
345.6,139.83,378.41,139.83,378.41,251.17,345.6,251.17
345.49,140.25,378.13,140.25,378.13,251.02,345.49,251.02
345.47,140.14,378.23,140.14,378.23,251.32,345.47,251.32
345.57,139.83,378.42,139.83,378.42,251.33,345.57,251.33
345.4,139.83,378.28,139.83,378.28,251.42,345.4,251.42
345.32,139.57,378.3,139.57,378.3,251.52,345.32,251.52
345.42,139.35,378.43,139.35,378.43,251.38,345.42,251.38
345.48,139.18,378.52,139.18,378.52,251.34,345.48,251.34
345.51,139.37,378.45,139.37,378.45,251.2,345.51,251.2
345.54,139.26,378.48,139.26,378.48,251.07,345.54,251.07
345.5,139.53,378.41,139.53,378.41,251.24,345.5,251.24
345.44,139.94,378.24,139.94,378.24,251.27,345.44,251.27
345.42,139.86,378.24,139.86,378.24,251.26,345.42,251.26
345.37,139.64,378.3,139.64,378.3,251.39,345.37,251.39
345.31,139.64,378.23,139.64,378.23,251.34,345.31,251.34
345.35,139.52,378.27,139.52,378.27,251.24,345.35,251.24
345.37,139.34,378.32,139.34,378.32,251.19,345.37,251.19
345.52,139.22,378.52,139.22,378.52,251.22,345.52,251.22
345.61,139.32,378.63,139.32,378.63,251.36,345.61,251.36
345.65,139.39,378.69,139.39,378.69,251.53,345.65,251.53
345.63,139.34,378.65,139.34,378.65,251.4,345.63,251.4
345.58,139.34,378.54,139.34,378.54,251.2,345.58,251.2
345.6,139.34,378.55,139.34,378.55,251.19,345.6,251.19
345.57,139.33,378.5,139.33,378.5,251.09,345.57,251.09
345.44,139.41,378.32,139.41,378.32,251,345.44,251
345.43,139.37,378.31,139.37,378.31,250.99,345.43,250.99
345.51,139.34,378.47,139.34,378.47,251.21,345.51,251.21
345.52,139.24,378.52,139.24,378.52,251.24,345.52,251.24
345.6,139.38,378.54,139.38,378.54,251.16,345.6,251.16
345.52,139.63,378.39,139.63,378.39,251.18,345.52,251.18
345.38,139.33,378.28,139.33,378.28,251,345.38,251
345.34,139.59,378.25,139.59,378.25,251.29,345.34,251.29
345.48,139.57,378.37,139.57,378.37,251.18,345.48,251.18
345.44,139.23,378.39,139.23,378.39,251.08,345.44,251.08
345.65,139.14,378.65,139.14,378.65,251.13,345.65,251.13
345.53,139.31,378.54,139.31,378.54,251.33,345.53,251.33
345.56,139.4,378.55,139.4,378.55,251.35,345.56,251.35
345.51,139.21,378.51,139.21,378.51,251.22,345.51,251.22
345.49,139.46,378.44,139.46,378.44,251.3,345.49,251.3
345.51,139.48,378.46,139.48,378.46,251.3,345.51,251.3
345.51,139.18,378.53,139.18,378.53,251.24,345.51,251.24
345.54,139.24,378.51,139.24,378.51,251.15,345.54,251.15
345.37,139.26,378.37,139.26,378.37,251.23,345.37,251.23
345.51,139.28,378.5,139.28,378.5,251.25,345.51,251.25
345.39,139.34,378.36,139.34,378.36,251.23,345.39,251.23
345.51,139.66,378.42,139.66,378.42,251.35,345.51,251.35
345.33,139.81,378.23,139.81,378.23,251.46,345.33,251.46
345.39,140.16,378.22,140.16,378.22,251.6,345.39,251.6
345.43,139.87,378.31,139.87,378.31,251.46,345.43,251.46
345.49,139.63,378.41,139.63,378.41,251.36,345.49,251.36
345.5,139.36,378.45,139.36,378.45,251.19,345.5,251.19
345.53,139.38,378.51,139.38,378.51,251.31,345.53,251.31
345.54,139.24,378.49,139.24,378.49,251.1,345.54,251.1
345.52,139.22,378.53,139.22,378.53,251.27,345.52,251.27
345.58,139.69,378.52,139.69,378.52,251.49,345.58,251.49
345.53,139.66,378.49,139.66,378.49,251.52,345.53,251.52
345.55,139.77,378.52,139.77,378.52,251.67,345.55,251.67
345.6,139.54,378.56,139.54,378.56,251.4,345.6,251.4
345.53,139.35,378.52,139.35,378.52,251.31,345.53,251.31
345.57,139.26,378.55,139.26,378.55,251.19,345.57,251.19
345.5,139.29,378.41,139.29,378.41,250.98,345.5,250.98
345.38,139.56,378.28,139.56,378.28,251.21,345.38,251.21
345.46,139.85,378.3,139.85,378.3,251.31,345.46,251.31
345.47,139.96,378.3,139.96,378.3,251.38,345.47,251.38
345.5,140,378.33,140,378.33,251.44,345.5,251.44
345.44,139.88,378.32,139.88,378.32,251.47,345.44,251.47
345.48,139.58,378.38,139.58,378.38,251.22,345.48,251.22
345.45,139.51,378.37,139.51,378.37,251.24,345.45,251.24
345.42,139.27,378.35,139.27,378.35,251.04,345.42,251.04
345.33,139.32,378.27,139.32,378.27,251.13,345.33,251.13
345.52,139.35,378.49,139.35,378.49,251.26,345.52,251.26
345.55,139.5,378.56,139.5,378.56,251.53,345.55,251.53
345.54,139.58,378.57,139.58,378.57,251.71,345.54,251.71
345.47,139.56,378.48,139.56,378.48,251.57,345.47,251.57
345.45,139.59,378.47,139.59,378.47,251.66,345.45,251.66
345.58,139.48,378.57,139.48,378.57,251.42,345.58,251.42
345.47,139.12,378.5,139.12,378.5,251.2,345.47,251.2
345.44,139.06,378.46,139.06,378.46,251.1,345.44,251.1
345.46,139.27,378.45,139.27,378.45,251.24,345.46,251.24
345.44,139.37,378.47,139.37,378.47,251.48,345.44,251.48
345.39,139.38,378.43,139.38,378.43,251.52,345.39,251.52
345.45,139.56,378.48,139.56,378.48,251.64,345.45,251.64
345.54,139.81,378.51,139.81,378.51,251.71,345.54,251.71
345.47,139.56,378.46,139.56,378.46,251.51,345.47,251.51
345.45,139.27,378.45,139.27,378.45,251.26,345.45,251.26
345.35,139.24,378.36,139.24,378.36,251.27,345.35,251.27
345.44,139.34,378.39,139.34,378.39,251.17,345.44,251.17
345.35,139.47,378.24,139.47,378.24,251.11,345.35,251.11
345.29,139.77,378.22,139.77,378.22,251.55,345.29,251.55
345.13,139.82,378.03,139.82,378.03,251.5,345.13,251.5
345.3,139.9,378.24,139.9,378.24,251.7,345.3,251.7
345.55,139.75,378.45,139.75,378.45,251.4,345.55,251.4
345.21,139.72,378.12,139.72,378.12,251.43,345.21,251.43
345.26,139.58,378.14,139.58,378.14,251.18,345.26,251.18
345.24,139.24,378.22,139.24,378.22,251.19,345.24,251.19
345.35,139.37,378.38,139.37,378.38,251.47,345.35,251.47
345.39,139.47,378.38,139.47,378.38,251.45,345.39,251.45
345.35,139.42,378.37,139.42,378.37,251.48,345.35,251.48
345.51,139.84,378.46,139.84,378.46,251.68,345.51,251.68
345.57,139.89,378.54,139.89,378.54,251.79,345.57,251.79
345.43,139.56,378.43,139.56,378.43,251.53,345.43,251.53
345.48,139.39,378.45,139.39,378.45,251.28,345.48,251.28
345.39,139.43,378.35,139.43,378.35,251.29,345.39,251.29
345.38,139.1,378.4,139.1,378.4,251.17,345.38,251.17
345.41,139.26,378.38,139.26,378.38,251.16,345.41,251.16
345.44,139.59,378.39,139.59,378.39,251.4,345.44,251.4
345.54,139.9,378.46,139.9,378.46,251.62,345.54,251.62
345.4,139.97,378.29,139.97,378.29,251.57,345.4,251.57
345.43,139.89,378.36,139.89,378.36,251.64,345.43,251.64
345.32,139.83,378.24,139.83,378.24,251.58,345.32,251.58
341.99,139.64,374.96,139.64,374.96,251.54,341.99,251.54
337.2,139.29,370.18,139.29,370.18,251.25,337.2,251.25
334.21,139.46,367.2,139.46,367.2,251.42,334.21,251.42
329.54,140,362.63,140,362.63,252.28,329.54,252.28
325.45,139.78,358.5,139.78,358.5,251.93,325.45,251.93
320.32,140.68,353.27,140.68,353.27,252.5,320.32,252.5
316.25,140.84,349.14,140.84,349.14,252.48,316.25,252.48
311.49,140.55,344.45,140.55,344.45,252.41,311.49,252.41
307.83,140.16,340.82,140.16,340.82,252.13,307.83,252.13
303.58,140.24,336.58,140.24,336.58,252.24,303.58,252.24
299.71,140.3,332.71,140.3,332.71,252.3,299.71,252.3
294.57,140.2,327.55,140.2,327.55,252.14,294.57,252.14
291.4,140.59,324.4,140.59,324.4,252.59,291.4,252.59
294.87,141.02,327.85,141.02,327.85,252.95,294.87,252.95
299.97,141.02,332.92,141.02,332.92,252.88,299.97,252.88
303.45,140.54,336.47,140.54,336.47,252.62,303.45,252.62
308,140.23,341.07,140.23,341.07,252.48,308,252.48
311.65,140.2,344.68,140.2,344.68,252.3,311.65,252.3
316.06,140.01,349.03,140.01,349.03,251.89,316.06,251.89
320.45,139.93,353.44,139.93,353.44,251.9,320.45,251.9
325.46,139.75,358.44,139.75,358.44,251.66,325.46,251.66
329.55,139.93,362.51,139.93,362.51,251.79,329.55,251.79
333.84,140.12,366.76,140.12,366.76,251.86,333.84,251.86
337.54,140.12,370.54,140.12,370.54,252.14,337.54,252.14
341.8,139.96,374.74,139.96,374.74,251.76,341.8,251.76
345.27,139.49,378.32,139.49,378.32,251.64,345.27,251.64
343.01,139.76,376.07,139.76,376.07,251.95,343.01,251.95
338.04,139.78,371.07,139.78,371.07,251.89,338.04,251.89
334.96,139.67,368,139.67,368,251.79,334.96,251.79
330.08,139.82,363.16,139.82,363.16,252.09,330.08,252.09
326.47,139.93,359.56,139.93,359.56,252.25,326.47,252.25
321.15,140.28,354.18,140.28,354.18,252.4,321.15,252.4
316.93,140.23,349.97,140.23,349.97,252.39,316.93,252.39
312.69,140.52,345.68,140.52,345.68,252.48,312.69,252.48
309.06,140.81,342.06,140.81,342.06,252.82,309.06,252.82
304.56,140.44,337.55,140.44,337.55,252.38,304.56,252.38
300.69,140.44,333.75,140.44,333.75,252.65,300.69,252.65
295.78,140.67,328.81,140.67,328.81,252.77,295.78,252.77
291.58,140.73,324.56,140.73,324.56,252.69,291.58,252.69
292.95,140.79,325.94,140.79,325.94,252.76,292.95,252.76
298.83,140.95,331.87,140.95,331.87,253.1,298.83,253.1
302.31,140.83,335.34,140.83,335.34,252.94,302.31,252.94
306.82,140.21,339.83,140.21,339.83,252.26,306.82,252.26
310.48,140.33,343.57,140.33,343.57,252.62,310.48,252.62
314.67,140.14,347.72,140.14,347.72,252.33,314.67,252.33
319.26,140.21,352.31,140.21,352.31,252.36,319.26,252.36
324.06,140.01,357.2,140.01,357.2,252.47,324.06,252.47
328.31,139.79,361.35,139.79,361.35,251.92,328.31,251.92
332.66,139.92,365.65,139.92,365.65,251.9,332.66,251.9
336.53,140.07,369.62,140.07,369.62,252.4,336.53,252.4
340.33,139.84,373.47,139.84,373.47,252.33,340.33,252.33
344.7,139.63,377.71,139.63,377.71,251.69,344.7,251.69
344.23,139.71,377.2,139.71,377.2,251.64,344.23,251.64
339.31,139.91,372.26,139.91,372.26,251.76,339.31,251.76
335.94,139.87,368.88,139.87,368.88,251.65,335.94,251.65
331.73,140.11,364.64,140.11,364.64,251.81,331.73,251.81
327.28,140.54,360.15,140.54,360.15,252.1,327.28,252.1
322.74,140.42,355.7,140.42,355.7,252.28,322.74,252.28
317.99,140.46,350.99,140.46,350.99,252.45,317.99,252.45
314.03,140.6,347.02,140.6,347.02,252.55,314.03,252.55
309.83,140.91,342.77,140.91,342.77,252.71,309.83,252.71
305.74,140.69,338.7,140.69,338.7,252.55,305.74,252.55
301.71,140.64,334.68,140.64,334.68,252.53,301.71,252.53
297.2,140.9,330.07,140.9,330.07,252.47,297.2,252.47
292.01,140.76,324.93,140.76,324.93,252.47,292.01,252.47
291.84,141,324.85,141,324.85,253.06,291.84,253.06
297.73,141.02,330.76,141.02,330.76,253.15,297.73,253.15
301.41,141.14,334.46,141.14,334.46,253.31,301.41,253.31
305.97,140.67,338.99,140.67,338.99,252.74,305.97,252.74
309.89,140.82,342.89,140.82,342.89,252.83,309.89,252.83
313.76,140.34,346.8,140.34,346.8,252.49,313.76,252.49
318.05,139.83,351.18,139.83,351.18,252.25,318.05,252.25
322.58,139.9,355.64,139.9,355.64,252.11,322.58,252.11
327.51,139.9,360.59,139.9,360.59,252.19,327.51,252.19
331.18,140.04,364.32,140.04,364.32,252.52,331.18,252.52
335.25,139.72,368.47,139.72,368.47,252.48,335.25,252.48
339.43,139.88,372.63,139.88,372.63,252.54,339.43,252.54
343.74,139.57,376.86,139.57,376.86,251.98,343.74,251.98
344.55,139.6,377.64,139.6,377.64,251.93,344.55,251.93
340.17,139.77,373.17,139.77,373.17,251.79,340.17,251.79
336.59,139.6,369.56,139.6,369.56,251.5,336.59,251.5
332.45,140.03,365.38,140.03,365.38,251.8,332.45,251.8
328.22,140.03,361.18,140.03,361.18,251.88,328.22,251.88
323.95,140.41,356.99,140.41,356.99,252.54,323.95,252.54
319,140.61,351.99,140.61,351.99,252.6,319,252.6
314.63,140.67,347.63,140.67,347.63,252.66,314.63,252.66
310.6,140.37,343.64,140.37,343.64,252.52,310.6,252.52
306.4,140,339.51,140,339.51,252.37,306.4,252.37
302.11,140.15,335.2,140.15,335.2,252.44,302.11,252.44
297.89,140.97,330.86,140.97,330.86,252.85,297.89,252.85
293.3,140.97,326.34,140.97,326.34,253.1,293.3,253.1
291.05,140.67,324.17,140.67,324.17,253.07,291.05,253.07
295.95,140.84,328.99,140.84,328.99,252.95,295.95,252.95
300.35,140.99,333.48,140.99,333.48,253.44,300.35,253.44
304.1,140.22,337.21,140.22,337.21,252.61,304.1,252.61
308.11,139.94,341.22,139.94,341.22,252.31,308.11,252.31
312.29,140.07,345.46,140.07,345.46,252.64,312.29,252.64
316.5,139.95,349.65,139.95,349.65,252.47,316.5,252.47
321.03,140.09,354.12,140.09,354.12,252.4,321.03,252.4
326.05,139.97,359.21,139.97,359.21,252.49,326.05,252.49
330.14,140.42,363.23,140.42,363.23,252.75,330.14,252.75
334.31,140.3,367.41,140.3,367.41,252.67,334.31,252.67
338.21,139.74,371.3,139.74,371.3,252.05,338.21,252.05
342.37,139.51,375.43,139.51,375.43,251.73,342.37,251.73
345.06,139.36,378.13,139.36,378.13,251.59,345.06,251.59
341.39,139.26,374.52,139.26,374.52,251.73,341.39,251.73
337.28,139.48,370.35,139.48,370.35,251.71,337.28,251.71
333.67,139.98,366.73,139.98,366.73,252.16,333.67,252.16
329.67,140.15,362.74,140.15,362.74,252.4,329.67,252.4
325.06,140.16,358.16,140.16,358.16,252.51,325.06,252.51
319.97,140.62,353.02,140.62,353.02,252.79,319.97,252.79
315.77,140.17,348.84,140.17,348.84,252.41,315.77,252.41
311.37,140.12,344.43,140.12,344.43,252.32,311.37,252.32
307.73,140.18,340.79,140.18,340.79,252.37,307.73,252.37
303.61,140.4,336.65,140.4,336.65,252.53,303.61,252.53
299.34,140.66,332.41,140.66,332.41,252.9,299.34,252.9
294.59,140.89,327.62,140.89,327.62,252.97,294.59,252.97
291.11,140.94,324.17,140.94,324.17,253.15,291.11,253.15
294.52,140.84,327.64,140.84,327.64,253.24,294.52,253.24
299.48,140.94,332.59,140.94,332.59,253.32,299.48,253.32
302.96,140.58,335.98,140.58,335.98,252.62,302.96,252.62
307.73,140.42,340.75,140.42,340.75,252.49,307.73,252.49
311.37,140.38,344.4,140.38,344.4,252.47,311.37,252.47
316,140.08,349.03,140.08,349.03,252.18,316,252.18
320.16,140.43,353.24,140.43,353.24,252.7,320.16,252.7
325.39,140.34,358.42,140.34,358.42,252.46,325.39,252.46
329.34,140.09,362.45,140.09,362.45,252.45,329.34,252.45
333.64,139.96,366.76,139.96,366.76,252.35,333.64,252.35
337.26,139.54,370.35,139.54,370.35,251.82,337.26,251.82
341.53,139.66,374.54,139.66,374.54,251.67,341.53,251.67
345.17,139.59,378.25,139.59,378.25,251.86,345.17,251.86
342.72,139.96,375.67,139.96,375.67,251.79,342.72,251.79
338.71,139.88,371.63,139.88,371.63,251.62,338.71,251.62
334.96,140.03,367.96,140.03,367.96,252.02,334.96,252.02
330.58,140.48,363.57,140.48,363.57,252.45,330.58,252.45
326.33,140.22,359.43,140.22,359.43,252.54,326.33,252.54
321.26,140.27,354.28,140.27,354.28,252.35,321.26,252.35
316.78,139.94,349.82,139.94,349.82,252.06,316.78,252.06
312.72,139.92,345.84,139.92,345.84,252.32,312.72,252.32
308.29,140.12,341.37,140.12,341.37,252.4,308.29,252.4
304.34,140.18,337.4,140.18,337.4,252.4,304.34,252.4
300.47,140.44,333.55,140.44,333.55,252.72,300.47,252.72
295.75,140.93,328.73,140.93,328.73,252.87,295.75,252.87
291.36,140.9,324.38,140.9,324.38,252.96,291.36,252.96
293.01,140.97,326.01,140.97,326.01,252.94,293.01,252.94
298.64,141.01,331.61,141.01,331.61,252.89,298.64,252.89
302.07,140.68,335.1,140.68,335.1,252.78,302.07,252.78
306.55,140.2,339.57,140.2,339.57,252.26,306.55,252.26
310.53,140.42,343.56,140.42,343.56,252.52,310.53,252.52
314.78,140.2,347.78,140.2,347.78,252.18,314.78,252.18
319.02,139.9,352.14,139.9,352.14,252.3,319.02,252.3
323.71,139.84,356.84,139.84,356.84,252.27,323.71,252.27
328.09,139.76,361.3,139.76,361.3,252.46,328.09,252.46
332.61,139.86,365.83,139.86,365.83,252.59,332.61,252.59
336.14,139.41,369.33,139.41,369.33,252.07,336.14,252.07
340.4,139.44,373.54,139.44,373.54,251.92,340.4,251.92
344.55,139.42,377.63,139.42,377.63,251.69,344.55,251.69
343.81,139.62,376.83,139.62,376.83,251.7,343.81,251.7
339.19,139.68,372.23,139.68,372.23,251.81,339.19,251.81
335.78,139.73,368.83,139.73,368.83,251.91,335.78,251.91
331.45,139.85,364.6,139.85,364.6,252.36,331.45,252.36
327.24,139.81,360.4,139.81,360.4,252.34,327.24,252.34
322.32,139.85,355.46,139.85,355.46,252.32,322.32,252.32
317.69,139.87,350.85,139.87,350.85,252.41,317.69,252.41
313.39,140.03,346.56,140.03,346.56,252.59,313.39,252.59
309.47,140.09,342.6,140.09,342.6,252.52,309.47,252.52
305.51,140.24,338.57,140.24,338.57,252.45,305.51,252.45
301.51,140.32,334.55,140.32,334.55,252.46,301.51,252.46
296.9,140.57,329.87,140.57,329.87,252.48,296.9,252.48
291.96,140.68,324.99,140.68,324.99,252.77,291.96,252.77
291.86,140.68,324.93,140.68,324.93,252.93,291.86,252.93
297.45,140.99,330.43,140.99,330.43,252.89,297.45,252.89
301.32,140.75,334.37,140.75,334.37,252.95,301.32,252.95
305.6,140.04,338.7,140.04,338.7,252.38,305.6,252.38
309.36,140.17,342.44,140.17,342.44,252.44,309.36,252.44
313.54,140.17,346.63,140.17,346.63,252.5,313.54,252.5
317.49,139.89,350.58,139.89,350.58,252.17,317.49,252.17
322.37,139.92,355.51,139.92,355.51,252.4,322.37,252.4
327.1,139.96,360.26,139.96,360.26,252.53,327.1,252.53
331.11,140.08,364.24,140.08,364.24,252.54,331.11,252.54
335.51,139.82,368.5,139.82,368.5,251.79,335.51,251.79
339.45,139.66,372.5,139.66,372.5,251.84,339.45,251.84
343.89,139.64,376.93,139.64,376.93,251.78,343.89,251.78
344.96,139.76,377.96,139.76,377.96,251.73,344.96,251.73
340.35,139.66,373.42,139.66,373.42,251.9,340.35,251.9
336.71,139.78,369.73,139.78,369.73,251.84,336.71,251.84
332.4,140.05,365.51,140.05,365.51,252.41,332.4,252.41
328.42,139.94,361.52,139.94,361.52,252.26,328.42,252.26
323.72,140.04,356.79,140.04,356.79,252.28,323.72,252.28
318.74,139.93,351.85,139.93,351.85,252.32,318.74,252.32
314.56,139.88,347.63,139.88,347.63,252.14,314.56,252.14
310.66,140.33,343.74,140.33,343.74,252.58,310.66,252.58
306.37,139.98,339.53,139.98,339.53,252.5,306.37,252.5
302.39,140.16,335.46,140.16,335.46,252.39,302.39,252.39
297.89,140.54,330.87,140.54,330.87,252.46,297.89,252.46
293.35,140.98,326.34,140.98,326.34,252.98,293.35,252.98
291.12,140.88,324.13,140.88,324.13,252.92,291.12,252.92
296.02,140.68,329.02,140.68,329.02,252.68,296.02,252.68
300.41,140.57,333.52,140.57,333.52,252.92,300.41,252.92
304.2,140.5,337.21,140.5,337.21,252.52,304.2,252.52
308.67,140.53,341.7,140.53,341.7,252.61,308.67,252.61
312.35,140.48,345.43,140.48,345.43,252.75,312.35,252.75
316.91,140.46,349.91,140.46,349.91,252.48,316.91,252.48
321.26,140.44,354.31,140.44,354.31,252.59,321.26,252.59
326.5,139.99,359.55,139.99,359.55,252.15,326.5,252.15
330.29,139.9,363.29,139.9,363.29,251.91,330.29,251.91
335.03,140.03,367.93,140.03,367.93,251.67,335.03,251.67
337.9,139.99,370.79,139.99,370.79,251.61,337.9,251.61
342.77,139.76,375.71,139.76,375.71,251.58,342.77,251.58
345.19,139.89,378.21,139.89,378.21,251.93,345.19,251.93
341.74,140.13,374.8,140.13,374.8,252.33,341.74,252.33
337.32,139.99,370.31,139.99,370.31,251.98,337.32,251.98
333.67,139.95,366.72,139.95,366.72,252.11,333.67,252.11
329.45,139.99,362.54,139.99,362.54,252.3,329.45,252.3
325.1,139.86,358.26,139.86,358.26,252.41,325.1,252.41
319.89,139.95,352.99,139.95,352.99,252.28,319.89,252.28
315.73,140.07,348.8,140.07,348.8,252.31,315.73,252.31
311.64,140.49,344.66,140.49,344.66,252.56,311.64,252.56
307.73,140.81,340.68,140.81,340.68,252.64,307.73,252.64
303.67,141.12,336.53,141.12,336.53,252.66,303.67,252.66
299.25,140.69,332.19,140.69,332.19,252.49,299.25,252.49
294.55,140.83,327.48,140.83,327.48,252.6,294.55,252.6
290.9,140.88,323.83,140.88,323.83,252.63,290.9,252.63
294.33,140.61,327.32,140.61,327.32,252.54,294.33,252.54
299.53,140.59,332.53,140.59,332.53,252.58,299.53,252.58
303.44,140.83,336.47,140.83,336.47,252.93,303.44,252.93
307.76,140.77,340.78,140.77,340.78,252.86,307.76,252.86
311.4,140.47,344.44,140.47,344.44,252.61,311.4,252.61
315.96,140.18,349.06,140.18,349.06,252.52,315.96,252.52
320.03,140.54,353.04,140.54,353.04,252.59,320.03,252.59
325.35,139.96,358.44,139.96,358.44,252.29,325.35,252.29
329.07,139.88,362.05,139.88,362.05,251.8,329.07,251.8
333.89,140.1,366.8,140.1,366.8,251.8,333.89,251.8
337.34,139.88,370.42,139.88,370.42,252.12,337.34,252.12
341.53,139.74,374.48,139.74,374.48,251.58,341.53,251.58
345.52,139.9,378.51,139.9,378.51,251.86,345.52,251.86
343.14,139.95,376.26,139.95,376.26,252.36,343.14,252.36
338.41,139.77,371.45,139.77,371.45,251.91,338.41,251.91
334.99,139.91,367.98,139.91,367.98,251.91,334.99,251.91
330.28,140.04,363.42,140.04,363.42,252.52,330.28,252.52
326.59,139.87,359.71,139.87,359.71,252.28,326.59,252.28
321.3,140.15,354.2,140.15,354.2,251.82,321.3,251.82
316.73,140.25,349.69,140.25,349.69,252.12,316.73,252.12
313.04,141.01,346.03,141.01,346.03,252.95,313.04,252.95
308.91,140.88,341.91,140.88,341.91,252.88,308.91,252.88
304.64,140.28,337.72,140.28,337.72,252.54,304.64,252.54
300.54,140.67,333.53,140.67,333.53,252.64,300.54,252.64
295.71,140.69,328.68,140.69,328.68,252.61,295.71,252.61
291.37,140.38,324.41,140.38,324.41,252.54,291.37,252.54
293,140.66,325.98,140.66,325.98,252.6,293,252.6
298.78,140.9,331.84,140.9,331.84,253.11,298.78,253.11
302.18,140.87,335.25,140.87,335.25,253.11,302.18,253.11
306.77,140.37,339.88,140.37,339.88,252.72,306.77,252.72
310.39,140.77,343.35,140.77,343.35,252.63,310.39,252.63
314.98,140.34,348.02,140.34,348.02,252.47,314.98,252.47
318.83,140.09,351.9,140.09,351.9,252.32,318.83,252.32
323.9,140.03,356.95,140.03,356.95,252.22,323.9,252.22
328.45,139.89,361.49,139.89,361.49,252.05,328.45,252.05
332.65,139.97,365.63,139.97,365.63,251.93,332.65,251.93
336.71,139.8,369.73,139.8,369.73,251.85,336.71,251.85
340.74,140.18,373.76,140.18,373.76,252.25,340.74,252.25
344.82,140.06,377.9,140.06,377.9,252.31,344.82,252.31
343.91,140.05,377.02,140.05,377.02,252.41,343.91,252.41
339.2,139.78,372.24,139.78,372.24,251.92,339.2,251.92
335.99,139.7,369.06,139.7,369.06,251.9,335.99,251.9
331.54,140.01,364.58,140.01,364.58,252.17,331.54,252.17
327.27,139.73,360.37,139.73,360.37,252.07,327.27,252.07
322.48,140.18,355.53,140.18,355.53,252.36,322.48,252.36
317.86,140.26,350.89,140.26,350.89,252.37,317.86,252.37
313.79,140.33,346.85,140.33,346.85,252.57,313.79,252.57
309.37,140.39,342.37,140.39,342.37,252.4,309.37,252.4
305.83,140.4,338.88,140.4,338.88,252.55,305.83,252.55
301.37,140.53,334.48,140.53,334.48,252.92,301.37,252.92
296.82,140.4,329.82,140.4,329.82,252.39,296.82,252.39
292.13,140.17,325.19,140.17,325.19,252.37,292.13,252.37
292.07,140.56,325.11,140.56,325.11,252.71,292.07,252.71
297.5,140.53,330.51,140.53,330.51,252.55,297.5,252.55
301.32,140.91,334.41,140.91,334.41,253.22,301.32,253.22
305.84,140.61,338.84,140.61,338.84,252.62,305.84,252.62
309.71,140.68,342.68,140.68,342.68,252.57,309.71,252.57
313.87,140.54,346.9,140.54,346.9,252.64,313.87,252.64
318.01,140.44,351.08,140.44,351.08,252.69,318.01,252.69
322.65,139.97,355.75,139.97,355.75,252.31,322.65,252.31
327.46,139.9,360.53,139.9,360.53,252.14,327.46,252.14
331.42,140.06,364.49,140.06,364.49,252.28,331.42,252.28
335.95,139.95,368.91,139.95,368.91,251.82,335.95,251.82
340.25,139.92,373.19,139.92,373.19,251.7,340.25,251.7
344.38,139.72,377.44,139.72,377.44,251.94,344.38,251.94
345.77,139.96,378.78,139.96,378.78,251.99,345.77,251.99
341.21,140.04,374.14,140.04,374.14,251.79,341.21,251.79
337.74,139.64,370.73,139.64,370.73,251.62,337.74,251.62
334.01,139.91,367.09,139.91,367.09,252.16,334.01,252.16
329.91,139.67,362.99,139.67,362.99,251.96,329.91,251.96
325.61,139.89,358.55,139.89,358.55,251.69,325.61,251.69
321.27,139.76,354.43,139.76,354.43,252.28,321.27,252.28
316.77,139.71,349.97,139.71,349.97,252.38,316.77,252.38
313.21,140.16,346.37,140.16,346.37,252.71,313.21,252.71
309.81,139.73,342.99,139.73,342.99,252.34,309.81,252.34
306.06,140.22,339.24,140.22,339.24,252.82,306.06,252.82
301.81,140.36,334.97,140.36,334.97,252.91,301.81,252.91
297.53,140.3,330.68,140.3,330.68,252.81,297.53,252.81
295.32,140.47,328.51,140.47,328.51,253.11,295.32,253.11
300.69,140.41,333.77,140.41,333.77,252.67,300.69,252.67
305.75,140.87,338.8,140.87,338.8,253.04,305.75,253.04
309.92,140.26,343.05,140.26,343.05,252.72,309.92,252.72
314.18,140.19,347.29,140.19,347.29,252.55,314.18,252.55
318.02,140.46,351.04,140.46,351.04,252.55,318.02,252.55
323.67,140.31,356.82,140.31,356.82,252.82,323.67,252.82
327.8,140.12,360.99,140.12,360.99,252.74,327.8,252.74
334.02,140.02,367.28,140.02,367.28,252.89,334.02,252.89
338.36,139.7,371.83,139.7,371.83,253.26,338.36,253.26
343.6,139.42,377.17,139.42,377.17,253.35,343.6,253.35
347.57,139.14,381.15,139.14,381.15,253.11,347.57,253.11
353.69,139.17,387.44,139.17,387.44,253.73,353.69,253.73
356.5,138.88,390.48,138.88,390.48,254.19,356.5,254.19
352.87,138.83,386.93,138.83,386.93,254.44,352.87,254.44
349.66,138.6,383.89,138.6,383.89,254.79,349.66,254.79
346.8,137.86,381.36,137.86,381.36,255.14,346.8,255.14
343.86,138.14,378.62,138.14,378.62,256.1,343.86,256.1
340.58,137.87,375.35,137.87,375.35,255.86,340.58,255.86
337.19,137.99,372.11,137.99,372.11,256.49,337.19,256.49
334.73,137.93,369.93,137.93,369.93,257.41,334.73,257.41
333.29,137.95,368.78,137.95,368.78,258.41,333.29,258.41
331.33,138.14,367,138.14,367,259.2,331.33,259.2
328.5,138.6,364.32,138.6,364.32,260.2,328.5,260.2
324.01,137.68,360.07,137.68,360.07,260.05,324.01,260.05
320.34,137.06,356.34,137.06,356.34,259.23,320.34,259.23
318.06,137.87,353.94,137.87,353.94,259.63,318.06,259.63
322.48,138.88,358.3,138.88,358.3,260.44,322.48,260.44
328.42,138.22,363.96,138.22,363.96,258.85,328.42,258.85
332.29,138.09,367.59,138.09,367.59,257.88,332.29,257.88
336.85,138.14,372.02,138.14,372.02,257.51,336.85,257.51
340.18,141.09,375.42,141.09,375.42,260.7,340.18,260.7
344.49,138.31,379.75,138.31,379.75,257.98,344.49,257.98
347.98,138.75,383.26,138.75,383.26,258.48,347.98,258.48
355.17,139.71,390.53,139.71,390.53,259.73,355.17,259.73
358.3,139.01,393.72,139.01,393.72,259.22,358.3,259.22
363.37,139.83,398.93,139.83,398.93,260.51,363.37,260.51
366.61,138.89,402.24,138.89,402.24,259.81,366.61,259.81
372.09,139.24,407.53,139.24,407.53,259.52,372.09,259.52
376.28,138.82,411.94,138.82,411.94,259.84,376.28,259.84
379.35,138.74,415.15,138.74,415.15,260.25,379.35,260.25
374.12,138.75,410.1,138.75,410.1,260.87,374.12,260.87
371.25,137.64,407.05,137.64,407.05,259.13,371.25,259.13
365.81,138.65,401.49,138.65,401.49,259.74,365.81,259.74
360.2,138.19,395.69,138.19,395.69,258.64,360.2,258.64
354.77,138.84,390.21,138.84,390.21,259.11,354.77,259.11
352.23,138.53,387.49,138.53,387.49,258.18,352.23,258.18
348.85,138.35,383.93,138.35,383.93,257.43,348.85,257.43
346.6,138.76,381.56,138.76,381.56,257.4,346.6,257.4
341.01,137.85,375.69,137.85,375.69,255.53,341.01,255.53
337.26,137.82,371.72,137.82,371.72,254.75,337.26,254.75
333.68,138.93,367.85,138.93,367.85,254.9,333.68,254.9
329.26,138.11,363.4,138.11,363.4,253.97,329.26,253.97
331.71,137.17,365.69,137.17,365.69,252.48,331.71,252.48
339.78,137.2,373.67,137.2,373.67,252.23,339.78,252.23
343.35,138.54,377.23,138.54,377.23,253.52,343.35,253.52
351.18,137.57,384.95,137.57,384.95,252.2,351.18,252.2
358,137.7,391.62,137.7,391.62,251.81,358,251.81
364.08,137.85,397.64,137.85,397.64,251.73,364.08,251.73
369.91,137.45,403.44,137.45,403.44,251.25,369.91,251.25
375.49,137.46,409.06,137.46,409.06,251.37,375.49,251.37
381.22,137.1,414.65,137.1,414.65,250.59,381.22,250.59
387.35,137.44,420.9,137.44,420.9,251.3,387.35,251.3
392.18,137.9,425.67,137.9,425.67,251.56,392.18,251.56
397.73,138.31,431.17,138.31,431.17,251.82,397.73,251.82
403.05,136.94,436.52,136.94,436.52,250.54,403.05,250.54
402.31,137.75,435.74,137.75,435.74,251.23,402.31,251.23
395.02,136.6,428.4,136.6,428.4,249.89,395.02,249.89
390.31,137.31,423.61,137.31,423.61,250.32,390.31,250.32
384.53,137.49,417.81,137.49,417.81,250.44,384.53,250.44
376.89,137.85,410.33,137.85,410.33,251.35,376.89,251.35
371.1,137.71,404.55,137.71,404.55,251.22,371.1,251.22
364.79,137.99,398.41,137.99,398.41,252.09,364.79,252.09
359.6,137.03,393.27,137.03,393.27,251.32,359.6,251.32
353.56,137.74,387.29,137.74,387.29,252.2,353.56,252.2
346.53,137.65,380.23,137.65,380.23,252.04,346.53,252.04
340.51,138.24,374.16,138.24,374.16,252.46,340.51,252.46
335.45,138.92,369.05,138.92,369.05,252.95,335.45,252.95
329.55,137.83,363.16,137.83,363.16,251.92,329.55,251.92
328.89,138.24,362.51,138.24,362.51,252.34,328.89,252.34
335.49,138.48,368.95,138.48,368.95,252.04,335.49,252.04
339.64,138.93,373.1,138.93,373.1,252.48,339.64,252.48
345.87,137.56,379.33,137.56,379.33,251.12,345.87,251.12
352.16,138.25,385.46,138.25,385.46,251.28,352.16,251.28
358.33,138.23,391.72,138.23,391.72,251.53,358.33,251.53
362.66,137.73,395.99,137.73,395.99,250.86,362.66,250.86
368.65,137.56,402.07,137.56,402.07,250.99,368.65,250.99
374.39,137.48,407.72,137.48,407.72,250.61,374.39,250.61
380.67,137.38,413.97,137.38,413.97,250.37,380.67,250.37
386.52,137.88,419.84,137.88,419.84,250.93,386.52,250.93
391.71,137.75,425,137.75,425,250.72,391.71,250.72
396.94,138.69,430.12,138.69,430.12,251.28,396.94,251.28
398.56,138.26,431.81,138.26,431.81,251.13,398.56,251.13
392.56,137.67,425.79,137.67,425.79,250.44,392.56,250.44
387.27,137.47,420.53,137.47,420.53,250.34,387.27,250.34
381.89,137.9,415.11,137.9,415.11,250.64,381.89,250.64
375.91,137.84,409.14,137.84,409.14,250.63,375.91,250.63
368.74,138.08,401.94,138.08,401.94,250.78,368.74,250.78
364.08,138.4,397.32,138.4,397.32,251.2,364.08,251.2
358.55,138.88,391.83,138.88,391.83,251.8,358.55,251.8
352.72,139.01,385.91,139.01,385.91,251.68,352.72,251.68
346.14,138.54,379.29,138.54,379.29,251.05,346.14,251.05
340.11,138.63,373.36,138.63,373.36,251.47,340.11,251.47
335.45,138.89,368.61,138.89,368.61,251.42,335.45,251.42
329.23,138.27,362.47,138.27,362.47,251.09,329.23,251.09
326.79,138.61,360.06,138.61,360.06,251.5,326.79,251.5
332.67,139.22,365.94,139.22,365.94,252.14,332.67,252.14
337.46,139.47,370.74,139.47,370.74,252.43,337.46,252.43
342.99,138.6,376.24,138.6,376.24,251.45,342.99,251.45
349.75,138.48,383.01,138.48,383.01,251.37,349.75,251.37
355.59,138.43,388.87,138.43,388.87,251.36,355.59,251.36
361.19,137.76,394.44,137.76,394.44,250.64,361.19,250.64
366.08,138.42,399.21,138.42,399.21,250.86,366.08,250.86
372.37,137.9,405.49,137.9,405.49,250.3,372.37,250.3
378.45,137.66,411.63,137.66,411.63,250.3,378.45,250.3
384.71,137.75,417.94,137.75,417.94,250.51,384.71,250.51
389.75,137.83,422.96,137.83,422.96,250.56,389.75,250.56
395.36,137.41,428.5,137.41,428.5,249.89,395.36,249.89
398.77,138,431.93,138,431.93,250.55,398.77,250.55
394.06,137.63,427.12,137.63,427.12,249.84,394.06,249.84
388.59,137.47,421.69,137.47,421.69,249.81,388.59,249.81
383.79,137.95,416.87,137.95,416.87,250.22,383.79,250.22
377.08,137.9,410.17,137.9,410.17,250.21,377.08,250.21
370.68,137.72,403.76,137.72,403.76,249.97,370.68,249.97
365.24,138.31,398.41,138.31,398.41,250.88,365.24,250.88
359.87,138.46,393.06,138.46,393.06,251.13,359.87,251.13
354.34,138.6,387.5,138.6,387.5,251.13,354.34,251.13
348.4,138.33,381.61,138.33,381.61,251.05,348.4,251.05
341.74,138.4,375.06,138.4,375.06,251.51,341.74,251.51
336.86,138.37,370.1,138.37,370.1,251.17,336.86,251.17
331.28,138.2,364.63,138.2,364.63,251.36,331.28,251.36
326.96,138.53,360.28,138.53,360.28,251.6,326.96,251.6
330.75,138.92,363.99,138.92,363.99,251.76,330.75,251.76
336.91,138.68,370.2,138.68,370.2,251.67,336.91,251.67
341.91,138.27,375.2,138.27,375.2,251.22,341.91,251.22
348.65,138.28,381.94,138.28,381.94,251.29,348.65,251.29
354.51,137.85,387.78,137.85,387.78,250.79,354.51,250.79
360.06,137.61,393.36,137.61,393.36,250.65,360.06,250.65
365.54,138.14,398.82,138.14,398.82,251.09,365.54,251.09
371.16,137.78,404.44,137.78,404.44,250.73,371.16,250.73
377.54,137.85,410.71,137.85,410.71,250.4,377.54,250.4
383.89,138.08,417,138.08,417,250.44,383.89,250.44
388.86,137.48,422.03,137.48,422.03,250.06,388.86,250.06
394.89,137.49,428.08,137.49,428.08,250.14,394.89,250.14
399.57,137.31,432.85,137.31,432.85,250.25,399.57,250.25
