372.5,169.5,382.5,169.5,382.5,178.5,372.5,178.5
372.2,169.8,382.26,169.8,382.26,178.85,372.2,178.85
371.76,170.28,381.9,170.28,381.9,179.41,371.76,179.41
371.12,170.48,381.21,170.48,381.21,179.56,371.12,179.56
371.28,171,381.39,171,381.39,180.1,371.28,180.1
371.27,171.05,381.28,171.05,381.28,180.05,371.27,180.05
371.82,171.17,381.8,171.17,381.8,180.15,371.82,180.15
371.87,170.89,381.95,170.89,381.95,179.96,371.87,179.96
371.64,170.54,382.24,170.54,382.24,180.08,371.64,180.08
371.57,170.68,382.05,170.68,382.05,180.12,371.57,180.12
372.16,171.58,382.6,171.58,382.6,180.98,372.16,180.98
372.17,171.62,382.45,171.62,382.45,180.88,372.17,180.88
371.79,171.32,381.91,171.32,381.91,180.43,371.79,180.43
371.26,170.9,381.37,170.9,381.37,180,371.26,180
370.7,170.89,380.8,170.89,380.8,179.98,370.7,179.98
370.45,171.62,380.52,171.62,380.52,180.68,370.45,180.68
370.51,172.49,380.65,172.49,380.65,181.62,370.51,181.62
370.03,173.23,380.12,173.23,380.12,182.31,370.03,182.31
370.04,172.86,380.12,172.86,380.12,181.93,370.04,181.93
370.34,172.53,380.44,172.53,380.44,181.62,370.34,181.62
370.56,173.03,380.67,173.03,380.67,182.13,370.56,182.13
370.61,173.34,380.7,173.34,380.7,182.41,370.61,182.41
370.81,173.54,380.92,173.54,380.92,182.64,370.81,182.64
370.68,173.31,380.93,173.31,380.93,182.53,370.68,182.53
370.22,172.94,380.51,172.94,380.51,182.2,370.22,182.2
370.06,174.67,380.17,174.67,380.17,183.76,370.06,183.76
369.47,175.42,379.54,175.42,379.54,184.48,369.47,184.48
369.85,175.54,379.92,175.54,379.92,184.6,369.85,184.6
370.02,175.24,380.1,175.24,380.1,184.31,370.02,184.31
370.3,175.15,380.39,175.15,380.39,184.23,370.3,184.23
370.08,174.85,380.32,174.85,380.32,184.08,370.08,184.08
370.34,175.26,380.63,175.26,380.63,184.52,370.34,184.52
370.83,175.75,381.08,175.75,381.08,184.97,370.83,184.97
370.24,175.14,380.42,175.14,380.42,184.3,370.24,184.3
369.77,176.21,379.96,176.21,379.96,185.39,369.77,185.39
369.9,177.07,379.96,177.07,379.96,186.13,369.9,186.13
370.66,177.32,380.73,177.32,380.73,186.38,370.66,186.38
371.09,176.65,381.19,176.65,381.19,185.74,371.09,185.74
371.28,176.67,381.43,176.67,381.43,185.8,371.28,185.8
372.27,177.39,382.41,177.39,382.41,186.52,372.27,186.52
372.39,177.8,382.54,177.8,382.54,186.94,372.39,186.94
372.12,177.25,382.33,177.25,382.33,186.43,372.12,186.43
371.96,177.24,382.06,177.24,382.06,186.33,371.96,186.33
371.52,178.22,381.61,178.22,381.61,187.3,371.52,187.3
371.3,179.24,381.38,179.24,381.38,188.32,371.3,188.32
371.55,179.55,381.64,179.55,381.64,188.63,371.55,188.63
371.94,178.84,382.05,178.84,382.05,187.94,371.94,187.94
372.34,178.67,382.49,178.67,382.49,187.81,372.34,187.81
373,179.56,383.2,179.56,383.2,188.74,373,188.74
374.01,179.74,384.15,179.74,384.15,188.87,374.01,188.87
371.44,180.32,381.56,180.32,381.56,189.44,371.44,189.44
370.83,181.81,381.04,181.81,381.04,190.99,370.83,190.99
371.23,181.81,381.37,181.81,381.37,190.94,371.23,190.94
371.76,180.93,381.9,180.93,381.9,190.05,371.76,190.05
372.67,181.13,382.8,181.13,382.8,190.25,372.67,190.25
373.52,181.98,383.66,181.98,383.66,191.1,373.52,191.1
373.78,182.25,384.01,182.25,384.01,191.46,373.78,191.46
373.68,181.92,383.9,181.92,383.9,191.12,373.68,191.12
373.56,181.59,383.76,181.59,383.76,190.76,373.56,190.76
373.28,181.62,383.5,181.62,383.5,190.81,373.28,190.81
373.7,182.96,383.82,182.96,383.82,192.08,373.7,192.08
373.88,184.4,384.07,184.4,384.07,193.57,373.88,193.57
375.41,184.74,385.6,184.74,385.6,193.92,375.41,193.92
375.76,185.42,385.99,185.42,385.99,194.63,375.76,194.63
375.98,185.95,386.2,185.95,386.2,195.15,375.98,195.15
375.69,185.53,385.87,185.53,385.87,194.7,375.69,194.7
375.63,185.58,385.81,185.58,385.81,194.75,375.63,194.75
375.63,186.58,385.84,186.58,385.84,195.77,375.63,195.77
376.39,188.41,386.59,188.41,386.59,197.59,376.39,197.59
378.13,188.07,388.29,188.07,388.29,197.22,378.13,197.22
379.65,189.38,389.82,189.38,389.82,198.54,379.65,198.54
380.42,190.19,390.57,190.19,390.57,199.33,380.42,199.33
380.81,190.13,391,190.13,391,199.3,380.81,199.3
380.78,189.38,390.97,189.38,390.97,198.56,380.78,198.56
380.94,190,391.1,190,391.1,199.14,380.94,199.14
381.07,191.52,391.23,191.52,391.23,200.66,381.07,200.66
381.49,192.25,391.66,192.25,391.66,201.4,381.49,201.4
382.21,192.4,392.37,192.4,392.37,201.54,382.21,201.54
383.29,191.48,393.46,191.48,393.46,200.64,383.29,200.64
384.74,191.34,394.9,191.34,394.9,200.49,384.74,200.49
385.76,192.06,395.98,192.06,395.98,201.25,385.76,201.25
386.83,192.84,397.04,192.84,397.04,202.03,386.83,202.03
387.48,192.46,397.68,192.46,397.68,201.64,387.48,201.64
387.89,192.09,398.11,192.09,398.11,201.28,387.89,201.28
388.11,191.8,398.34,191.8,398.34,201.01,388.11,201.01
388.33,192.09,398.55,192.09,398.55,201.28,388.33,201.28
388.74,192.8,398.97,192.8,398.97,202.01,388.74,202.01
388.93,193.68,399.18,193.68,399.18,202.9,388.93,202.9
389.34,194.36,399.52,194.36,399.52,203.52,389.34,203.52
390.07,194.4,400.23,194.4,400.23,203.55,390.07,203.55
390.78,194.24,400.98,194.24,400.98,203.42,390.78,203.42
392.05,193.5,402.22,193.5,402.22,202.66,392.05,202.66
393.29,193.57,403.5,193.57,403.5,202.76,393.29,202.76
394.64,194.32,404.82,194.32,404.82,203.48,394.64,203.48
395.4,194.79,405.61,194.79,405.61,203.97,395.4,203.97
395.62,194.49,405.87,194.49,405.87,203.72,395.62,203.72
396.16,194.2,406.42,194.2,406.42,203.43,396.16,203.43
396.59,193.74,406.84,193.74,406.84,202.97,396.59,202.97
396.99,194.05,407.21,194.05,407.21,203.25,396.99,203.25
397.23,194.56,407.42,194.56,407.42,203.73,397.23,203.73
397.36,195.21,407.57,195.21,407.57,204.4,397.36,204.4
397.59,195.8,407.79,195.8,407.79,204.98,397.59,204.98
398.38,196.68,408.55,196.68,408.55,205.83,398.38,205.83
399.53,196.8,409.7,196.8,409.7,205.95,399.53,205.95
400.32,196.21,410.51,196.21,410.51,205.38,400.32,205.38
401.05,195.83,411.19,195.83,411.19,204.96,401.05,204.96
402.16,195.39,412.38,195.39,412.38,204.59,402.16,204.59
402.97,195.85,413.21,195.85,413.21,205.07,402.97,205.07
404.09,196.61,414.33,196.61,414.33,205.82,404.09,205.82
404.7,196.99,414.97,196.99,414.97,206.24,404.7,206.24
405.33,197.01,415.6,197.01,415.6,206.25,405.33,206.25
405.51,196.84,415.79,196.84,415.79,206.1,405.51,206.1
405.82,196.46,416.12,196.46,416.12,205.73,405.82,205.73
405.74,196.42,416,196.42,416,205.65,405.74,205.65
405.42,196.89,415.63,196.89,415.63,206.08,405.42,206.08
405.15,197.38,415.38,197.38,415.38,206.59,405.15,206.59
405.36,198.07,415.59,198.07,415.59,207.27,405.36,207.27
405.81,199.17,416.03,199.17,416.03,208.37,405.81,208.37
406.26,199.21,416.52,199.21,416.52,208.44,406.26,208.44
406.84,198.7,417.03,198.7,417.03,207.87,406.84,207.87
409.15,197.68,419.3,197.68,419.3,206.82,409.15,206.82
408.97,197.33,419.13,197.33,419.13,206.47,408.97,206.47
408.69,196.47,418.9,196.47,418.9,205.66,408.69,205.66
408.2,197.15,418.38,197.15,418.38,206.32,408.2,206.32
407.98,196.75,418.2,196.75,418.2,205.95,407.98,205.95
406.23,196.99,416.48,196.99,416.48,206.22,406.23,206.22
404.44,196.96,414.69,196.96,414.69,206.18,404.44,206.18
403.38,196.34,413.62,196.34,413.62,205.56,403.38,205.56
403.53,195.5,413.75,195.5,413.75,204.7,403.53,204.7
402.31,194.81,412.59,194.81,412.59,204.06,402.31,204.06
401.45,194.95,411.73,194.95,411.73,204.2,401.45,204.2
400.65,195.39,410.95,195.39,410.95,204.66,400.65,204.66
400.14,195.44,410.37,195.44,410.37,204.65,400.14,204.65
399.15,195.87,409.53,195.87,409.53,205.21,399.15,205.21
413.15,202.5,423.51,202.5,423.51,211.83,413.15,211.83
414.24,201.85,424.52,201.85,424.52,211.1,414.24,211.1
415.2,201.16,425.42,201.16,425.42,210.36,415.2,210.36
415.95,201.44,426.17,201.44,426.17,210.64,415.95,210.64
416.55,201.94,426.8,201.94,426.8,211.17,416.55,211.17
417.47,202.2,427.73,202.2,427.73,211.44,417.47,211.44
418.03,202.4,428.25,202.4,428.25,211.6,418.03,211.6
418.52,202.13,428.72,202.13,428.72,211.31,418.52,211.31
418.81,201.87,429,201.87,429,211.04,418.81,211.04
418.83,201.75,429.01,201.75,429.01,210.91,418.83,210.91
418.64,201.63,428.82,201.63,428.82,210.79,418.64,210.79
418.77,201.99,429,201.99,429,211.2,418.77,211.2
418.7,202.77,428.94,202.77,428.94,211.98,418.7,211.98
418.86,203.74,429.08,203.74,429.08,212.94,418.86,212.94
418.94,204.35,429.12,204.35,429.12,213.51,418.94,213.51
419.08,204.75,429.3,204.75,429.3,213.95,419.08,213.95
419.47,204.95,429.75,204.95,429.75,214.21,419.47,214.21
420.16,204.78,430.43,204.78,430.43,214.02,420.16,214.02
420.81,204.22,431.06,204.22,431.06,213.45,420.81,213.45
421.41,204.25,431.69,204.25,431.69,213.5,421.41,213.5
422.23,205.25,432.5,205.25,432.5,214.49,422.23,214.49
422.43,205.67,432.72,205.67,432.72,214.93,422.43,214.93
422.68,205.87,432.96,205.87,432.96,215.12,422.68,215.12
423.07,205.69,433.32,205.69,433.32,214.92,423.07,214.92
422.83,205.03,433.11,205.03,433.11,214.29,422.83,214.29
423.01,205.63,433.26,205.63,433.26,214.86,423.01,214.86
422.84,206.63,433.09,206.63,433.09,215.86,422.84,215.86
422.59,207.99,432.85,207.99,432.85,217.22,422.59,217.22
422.98,208.58,433.23,208.58,433.23,217.8,422.98,217.8
423.04,208.52,433.26,208.52,433.26,217.72,423.04,217.72
423.49,207.84,433.7,207.84,433.7,217.04,423.49,217.04
423.77,207.31,434.04,207.31,434.04,216.55,423.77,216.55
424.12,207.6,434.39,207.6,434.39,216.84,424.12,216.84
424.27,208.25,434.55,208.25,434.55,217.5,424.27,217.5
424.41,209.09,434.71,209.09,434.71,218.36,424.41,218.36
424.42,209.29,434.71,209.29,434.71,218.55,424.42,218.55
424.31,209.1,434.62,209.1,434.62,218.38,424.31,218.38
424.07,208.96,434.39,208.96,434.39,218.25,424.07,218.25
423.58,208.69,433.84,208.69,433.84,217.92,423.58,217.92
422.97,208.72,433.22,208.72,433.22,217.95,422.97,217.95
422.41,209.48,432.68,209.48,432.68,218.72,422.41,218.72
421.9,210.39,432.16,210.39,432.16,219.62,421.9,219.62
421.12,211.16,431.39,211.16,431.39,220.41,421.12,220.41
420.84,211.82,431.15,211.82,431.15,221.1,420.84,221.1
420.82,212.17,431.08,212.17,431.08,221.41,420.82,221.41
420.7,211.71,430.97,211.71,430.97,220.96,420.7,220.96
420.69,211.22,430.96,211.22,430.96,220.46,420.69,220.46
420.6,210.87,430.85,210.87,430.85,220.1,420.6,220.1
420.42,210.93,430.68,210.93,430.68,220.17,420.42,220.17
420.2,211.3,430.46,211.3,430.46,220.54,420.2,220.54
420.06,210.93,430.34,210.93,430.34,220.18,420.06,220.18
418.67,212.05,428.97,212.05,428.97,221.32,418.67,221.32
417.94,213.28,428.19,213.28,428.19,222.5,417.94,222.5
417.46,214.02,427.73,214.02,427.73,223.26,417.46,223.26
417.43,214.46,427.73,214.46,427.73,223.73,417.43,223.73
417.44,213.86,427.72,213.86,427.72,223.11,417.44,223.11
417.42,212.82,427.71,212.82,427.71,222.09,417.42,222.09
417.64,212.98,427.9,212.98,427.9,222.22,417.64,222.22
417.72,213.59,428.02,213.59,428.02,222.86,417.72,222.86
418,214.83,428.27,214.83,428.27,224.07,418,224.07
418.25,214.89,428.52,214.89,428.52,224.13,418.25,224.13
418.2,214.82,428.46,214.82,428.46,224.06,418.2,224.06
418.24,214.53,428.51,214.53,428.51,223.76,418.24,223.76
416.39,216.81,426.67,216.81,426.67,226.06,416.39,226.06
415.95,217.63,426.27,217.63,426.27,226.92,415.95,226.92
415.96,216.83,426.23,216.83,426.23,226.07,415.96,226.07
416.13,217.48,426.43,217.48,426.43,226.75,416.13,226.75
416.25,218.34,426.56,218.34,426.56,227.61,416.25,227.61
416.37,218.92,426.64,218.92,426.64,228.16,416.37,228.16
416.38,219,426.64,219,426.64,228.24,416.38,228.24
416.26,219,426.54,219,426.54,228.26,416.26,228.26
416.02,218.77,426.32,218.77,426.32,228.04,416.02,228.04
415.62,218.57,425.92,218.57,425.92,227.84,415.62,227.84
415.27,219.38,425.56,219.38,425.56,228.64,415.27,228.64
414.37,221.45,424.68,221.45,424.68,230.73,414.37,230.73
413.65,222.28,423.94,222.28,423.94,231.53,413.65,231.53
413.39,222.51,423.71,222.51,423.71,231.8,413.39,231.8
413.34,222.09,423.63,222.09,423.63,231.35,413.34,231.35
413.29,221.96,423.56,221.96,423.56,231.2,413.29,231.2
413.14,222.13,423.44,222.13,423.44,231.4,413.14,231.4
413.01,222.7,423.31,222.7,423.31,231.97,413.01,231.97
412.67,223.62,422.95,223.62,422.95,232.88,412.67,232.88
412.46,223.94,422.76,223.94,422.76,233.21,412.46,233.21
411.9,223.34,422.19,223.34,422.19,232.59,411.9,232.59
411.18,222.67,421.49,222.67,421.49,231.95,411.18,231.95
410.37,222.89,420.68,222.89,420.68,232.17,410.37,232.17
409.91,224.01,420.2,224.01,420.2,233.27,409.91,233.27
409.24,225.57,419.56,225.57,419.56,234.86,409.24,234.86
408.69,226.84,419,226.84,419,236.11,408.69,236.11
408.16,226.73,418.43,226.73,418.43,235.98,408.16,235.98
407.88,226.18,418.19,226.18,418.19,235.46,407.88,235.46
407.54,225.72,417.84,225.72,417.84,234.99,407.54,234.99
407.36,225.75,417.66,225.75,417.66,235.03,407.36,235.03
406.91,227.38,417.22,227.38,417.22,236.66,406.91,236.66
406.8,227.84,417.11,227.84,417.11,237.12,406.8,237.12
406.67,227.96,416.98,227.96,416.98,237.24,406.67,237.24
406.29,227.88,416.58,227.88,416.58,237.14,406.29,237.14
405.88,227.64,416.17,227.64,416.17,236.89,405.88,236.89
404.83,227.19,415.15,227.19,415.15,236.48,404.83,236.48
404.23,228.1,414.55,228.1,414.55,237.39,404.23,237.39
403.72,229.11,414.04,229.11,414.04,238.4,403.72,238.4
402.93,229.26,413.23,229.26,413.23,238.54,402.93,238.54
402.34,230.05,412.64,230.05,412.64,239.32,402.34,239.32
401.98,231.26,412.27,231.26,412.27,240.52,401.98,240.52
402.03,231.71,412.36,231.71,412.36,241,402.03,241
402.27,231.34,412.61,231.34,412.61,240.65,402.27,240.65
402.51,230.71,412.84,230.71,412.84,240.01,402.51,240.01
402.82,230.99,413.16,230.99,413.16,240.29,402.82,240.29
403.33,232.18,413.68,232.18,413.68,241.5,403.33,241.5
403.73,233.08,414.07,233.08,414.07,242.39,403.73,242.39
403.71,233.14,414.06,233.14,414.06,242.45,403.71,242.45
403.59,233.06,413.92,233.06,413.92,242.35,403.59,242.35
403.48,232.88,413.82,232.88,413.82,242.19,403.48,242.19
402.99,232.68,413.34,232.68,413.34,241.99,402.99,241.99
402.29,232.72,412.63,232.72,412.63,242.02,402.29,242.02
401.97,232.9,412.33,232.9,412.33,242.22,401.97,242.22
401.41,233.86,411.77,233.86,411.77,243.18,401.41,243.18
401.12,235.29,411.48,235.29,411.48,244.61,401.12,244.61
401.13,236.53,411.48,236.53,411.48,245.84,401.13,245.84
401.32,236.84,411.66,236.84,411.66,246.15,401.32,246.15
401.9,236.66,412.28,236.66,412.28,246,401.9,246
402.6,236.02,412.97,236.02,412.97,245.36,402.6,245.36
403.31,235.73,413.68,235.73,413.68,245.07,403.31,245.07
404.11,236.47,414.44,236.47,414.44,245.77,404.11,245.77
404.89,237.66,415.24,237.66,415.24,246.98,404.89,246.98
405.36,238.44,415.72,238.44,415.72,247.76,405.36,247.76
405.49,238.84,415.84,238.84,415.84,248.15,405.49,248.15
405.46,239.05,415.8,239.05,415.8,248.35,405.46,248.35
404.83,239.01,415.17,239.01,415.17,248.31,404.83,248.31
403.87,239.05,414.2,239.05,414.2,248.36,403.87,248.36
403.34,240.45,413.63,240.45,413.63,249.71,403.34,249.71
403.06,242.27,413.35,242.27,413.35,251.53,403.06,251.53
403.29,243.69,413.61,243.69,413.61,252.98,403.29,252.98
404.49,243.83,414.79,243.83,414.79,253.1,404.49,253.1
406.4,243.26,416.69,243.26,416.69,252.52,406.4,252.52
407.89,243.25,418.22,243.25,418.22,252.54,407.89,252.54
409.72,244.43,420.07,244.43,420.07,253.74,409.72,253.74
411.26,244.35,421.6,244.35,421.6,253.66,411.26,253.66
412.73,243.39,423.07,243.39,423.07,252.7,412.73,252.7
413.64,241.68,423.98,241.68,423.98,250.98,413.64,250.98
414.03,239.61,424.36,239.61,424.36,248.9,414.03,248.9
414.37,238.68,424.69,238.68,424.69,247.97,414.37,247.97
414.68,238,424.99,238,424.99,247.27,414.68,247.27
415.13,238.2,425.48,238.2,425.48,247.52,415.13,247.52
415.73,237.8,426.08,237.8,426.08,247.11,415.73,247.11
416.2,236.35,426.53,236.35,426.53,245.64,416.2,245.64
416.36,235.69,426.66,235.69,426.66,244.96,416.36,244.96
416.45,234.22,426.74,234.22,426.74,243.47,416.45,243.47
416.34,233.16,426.64,233.16,426.64,242.42,416.34,242.42
415.69,232.41,425.95,232.41,425.95,241.65,415.69,241.65
414.9,230.87,425.2,230.87,425.2,240.14,414.9,240.14
414.53,229.44,424.85,229.44,424.85,238.72,414.53,238.72
414.8,229.24,425.11,229.24,425.11,238.53,414.8,238.53
415.66,230.48,425.99,230.48,425.99,239.77,415.66,239.77
416.75,231.73,427.06,231.73,427.06,241,416.75,241
417.27,231.66,427.53,231.66,427.53,240.91,417.27,240.91
417.94,231.4,428.22,231.4,428.22,240.65,417.94,240.65
420.07,231.24,430.38,231.24,430.38,240.52,420.07,240.52
420.53,231.16,430.82,231.16,430.82,240.43,420.53,240.43
421.55,231.49,431.86,231.49,431.86,240.77,421.55,240.77
422.97,232.42,433.26,232.42,433.26,241.69,422.97,241.69
424.08,233.67,434.39,233.67,434.39,242.94,424.08,242.94
424.92,234.51,435.23,234.51,435.23,243.79,424.92,243.79
425.44,234.54,435.74,234.54,435.74,243.81,425.44,243.81
425.75,234.27,436.07,234.27,436.07,243.56,425.75,243.56
426.35,233.82,436.67,233.82,436.67,243.11,426.35,243.11
426.94,233.61,437.23,233.61,437.23,242.87,426.94,242.87
428.12,234.26,438.4,234.26,438.4,243.51,428.12,243.51
428.9,234.72,439.2,234.72,439.2,243.99,428.9,243.99
430.07,235.62,440.37,235.62,440.37,244.89,430.07,244.89
431.8,236.38,442.13,236.38,442.13,245.68,431.8,245.68
433.83,236.43,444.18,236.43,444.18,245.74,433.83,245.74
435.41,236.13,445.73,236.13,445.73,245.42,435.41,245.42
436.7,235.59,447.04,235.59,447.04,244.9,436.7,244.9
437.7,235.18,448.02,235.18,448.02,244.47,437.7,244.47
441.96,238.16,452.28,238.16,452.28,247.46,441.96,247.46
442.57,237.93,452.89,237.93,452.89,247.22,442.57,247.22
443.75,237.68,454.06,237.68,454.06,246.96,443.75,246.96
445.19,238.91,455.52,238.91,455.52,248.2,445.19,248.2
447.51,239.81,457.86,239.81,457.86,249.11,447.51,249.11
448.97,240.68,459.33,240.68,459.33,250,448.97,250
450.92,240.43,461.28,240.43,461.28,249.76,450.92,249.76
452.95,240.18,463.3,240.18,463.3,249.5,452.95,249.5
454.21,240.04,464.58,240.04,464.58,249.37,454.21,249.37
455.89,239.54,466.23,239.54,466.23,248.85,455.89,248.85
456.88,239.71,467.22,239.71,467.22,249.02,456.88,249.02
457.73,240.95,468.06,240.95,468.06,250.25,457.73,250.25
458.38,242.09,468.71,242.09,468.71,251.39,458.38,251.39
459.06,243.7,469.38,243.7,469.38,252.99,459.06,252.99
458.84,243.97,469.16,243.97,469.16,253.26,458.84,253.26
458.81,243.75,469.16,243.75,469.16,253.06,458.81,253.06
458.56,242.82,468.91,242.82,468.91,252.13,458.56,252.13
459.39,242.59,469.71,242.59,469.71,251.88,459.39,251.88
459.98,242.71,470.29,242.71,470.29,251.99,459.98,251.99
460.93,243.49,471.23,243.49,471.23,252.76,460.93,252.76
461.96,244.72,472.27,244.72,472.27,254,461.96,254
464.32,245.87,474.62,245.87,474.62,255.14,464.32,255.14
466.58,245.8,476.91,245.8,476.91,255.09,466.58,255.09
469.3,245.09,479.64,245.09,479.64,254.39,469.3,254.39
471.56,245.25,481.9,245.25,481.9,254.56,471.56,254.56
473.37,247,483.72,247,483.72,256.31,473.37,256.31
474.25,248.33,484.62,248.33,484.62,257.66,474.25,257.66
474.37,249.07,484.7,249.07,484.7,258.37,474.37,258.37
474.44,249.21,484.78,249.21,484.78,258.51,474.44,258.51
474.28,248.95,484.64,248.95,484.64,258.28,474.28,258.28
474.22,248.29,484.56,248.29,484.56,257.59,474.22,257.59
474.55,247.9,484.89,247.9,484.89,257.21,474.55,257.21
475.3,248.68,485.64,248.68,485.64,257.98,475.3,257.98
476.45,249.39,486.78,249.39,486.78,258.69,476.45,258.69
478.61,250.23,488.94,250.23,488.94,259.54,478.61,259.54
480.65,251.08,490.99,251.08,490.99,260.39,480.65,260.39
483.82,251.21,494.16,251.21,494.16,260.52,483.82,260.52
485.93,250.69,496.25,250.69,496.25,259.97,485.93,259.97
488.01,250.26,498.32,250.26,498.32,259.53,488.01,259.53
489.77,249.92,500.1,249.92,500.1,259.22,489.77,259.22
491.63,251.07,501.96,251.07,501.96,260.37,491.63,260.37
492.83,251.98,503.15,251.98,503.15,261.27,492.83,261.27
493.6,253.12,503.93,253.12,503.93,262.42,493.6,262.42
494.18,254.32,504.51,254.32,504.51,263.61,494.18,263.61
494.11,254.47,504.46,254.47,504.46,263.79,494.11,263.79
493.85,254.05,504.19,254.05,504.19,263.35,493.85,263.35
493.79,253.31,504.16,253.31,504.16,262.63,493.79,262.63
493.98,252.93,504.3,252.93,504.3,262.22,493.98,262.22
494.41,253.04,504.75,253.04,504.75,262.35,494.41,262.35
496.08,254.38,506.45,254.38,506.45,263.72,496.08,263.72
498.63,255.96,508.89,255.96,508.89,265.2,498.63,265.2
501.33,255.94,511.66,255.94,511.66,265.24,501.33,265.24
504.46,255.66,514.8,255.66,514.8,264.96,504.46,264.96
505.71,255.3,516.16,255.3,516.16,264.71,505.71,264.71
508.29,254.91,518.68,254.91,518.68,264.26,508.29,264.26
509.02,255.1,519.34,255.1,519.34,264.39,509.02,264.39
510.7,256.9,521.06,256.9,521.06,266.22,510.7,266.22
511.57,257.9,521.93,257.9,521.93,267.22,511.57,267.22
511.48,258.23,521.87,258.23,521.87,267.59,511.48,267.59
511.34,258.28,521.65,258.28,521.65,267.56,511.34,267.56
510.86,257.48,521.21,257.48,521.21,266.8,510.86,266.8
511.42,257.12,521.77,257.12,521.77,266.44,511.42,266.44
511.74,256.87,522.09,256.87,522.09,266.18,511.74,266.18
512.58,257.19,522.95,257.19,522.95,266.53,512.58,266.53
514.15,258.41,524.55,258.41,524.55,267.76,514.15,267.76
516.5,259.45,526.87,259.45,526.87,268.78,516.5,268.78
519.2,259.48,529.57,259.48,529.57,268.81,519.2,268.81
522.36,258.98,532.73,258.98,532.73,268.31,522.36,268.31
524.06,258.28,534.43,258.28,534.43,267.62,524.06,267.62
525.1,258.16,535.47,258.16,535.47,267.49,525.1,267.49
527.52,258.42,537.9,258.42,537.9,267.77,527.52,267.77
529.97,260.13,540.33,260.13,540.33,269.45,529.97,269.45
530.75,260.83,541.11,260.83,541.11,270.16,530.75,270.16
531.83,261.82,542.25,261.82,542.25,271.2,531.83,271.2
532.34,262.41,542.67,262.41,542.67,271.7,532.34,271.7
532.74,262.32,543.07,262.32,543.07,271.61,532.74,271.61
533.39,261.71,543.77,261.71,543.77,271.05,533.39,271.05
534.36,261.79,544.74,261.79,544.74,271.13,534.36,271.13
535.52,262.56,545.94,262.56,545.94,271.94,535.52,271.94
536.89,263.5,547.21,263.5,547.21,272.79,536.89,272.79
539.4,265.13,549.72,265.13,549.72,274.42,539.4,274.42
542.1,265.12,552.44,265.12,552.44,274.42,542.1,274.42
545.62,264.81,555.92,264.81,555.92,274.07,545.62,274.07
547.74,264.08,558.08,264.08,558.08,273.39,547.74,273.39
550.16,263.71,560.5,263.71,560.5,273.01,550.16,273.01
553.17,265.03,563.51,265.03,563.51,274.33,553.17,274.33
555.71,266.76,566.07,266.76,566.07,276.08,555.71,276.08
557.45,268.48,567.86,268.48,567.86,277.85,557.45,277.85
558.16,268.73,568.61,268.73,568.61,278.13,558.16,278.13
559.37,268.72,569.76,268.72,569.76,278.07,559.37,278.07
560.72,267.96,571.13,267.96,571.13,277.32,560.72,277.32
561.7,267.83,572.01,267.83,572.01,277.11,561.7,277.11
562.89,268.09,573.22,268.09,573.22,277.38,562.89,277.38
564.75,269.42,575.08,269.42,575.08,278.71,564.75,278.71
566.64,270.99,577,270.99,577,280.31,566.64,280.31
569.26,272.35,579.59,272.35,579.59,281.65,569.26,281.65
570.67,272.53,581.02,272.53,581.02,281.84,570.67,281.84
573.58,272.04,583.94,272.04,583.94,281.36,573.58,281.36
575.28,271.76,585.66,271.76,585.66,281.11,575.28,281.11
578,271.59,588.35,271.59,588.35,280.91,578,280.91
580.45,272.04,590.8,272.04,590.8,281.35,580.45,281.35
582.84,274.16,593.24,274.16,593.24,283.52,582.84,283.52
584.89,276.68,595.27,276.68,595.27,286.03,584.89,286.03
585.71,277.36,596.17,277.36,596.17,286.77,585.71,286.77
587.35,277.24,597.77,277.24,597.77,286.62,587.35,286.62
588.69,276.92,599.05,276.92,599.05,286.24,588.69,286.24
590.12,276.44,600.47,276.44,600.47,285.75,590.12,285.75
591.3,276.32,601.66,276.32,601.66,285.64,591.3,285.64
