555.5,235.5,582.5,235.5,582.5,299.5,555.5,299.5
555.41,234.29,582.36,234.29,582.36,298.18,555.41,298.18
553.82,233.24,581.01,233.24,581.01,297.7,553.82,297.7
552.6,232.61,579.22,232.61,579.22,295.72,552.6,295.72
550.97,232.1,577.32,232.1,577.32,294.55,550.97,294.55
549.78,231.35,575.82,231.35,575.82,293.08,549.78,293.08
548.92,230.56,574.91,230.56,574.91,292.16,548.92,292.16
547.79,229.45,573.49,229.45,573.49,290.37,547.79,290.37
546.58,228.98,572.25,228.98,572.25,289.84,546.58,289.84
545.71,227.99,571.24,227.99,571.24,288.5,545.71,288.5
545.13,227.72,570.5,227.72,570.5,287.84,545.13,287.84
544.15,226.94,569.35,226.94,569.35,286.67,544.15,286.67
542.43,225.26,567.65,225.26,567.65,285.04,542.43,285.04
541.59,224.94,566.75,224.94,566.75,284.57,541.59,284.57
539.94,223.59,564.89,223.59,564.89,282.74,539.94,282.74
539.59,223.28,564.41,223.28,564.41,282.11,539.59,282.11
538.44,222.11,563.04,222.11,563.04,280.41,538.44,280.41
537.03,221.05,561.55,221.05,561.55,279.18,537.03,279.18
536.64,220.84,561,220.84,561,278.58,536.64,278.58
535.88,220.11,560.15,220.11,560.15,277.64,535.88,277.64
534.82,219.36,559.07,219.36,559.07,276.84,534.82,276.84
533.71,218.5,557.89,218.5,557.89,275.81,533.71,275.81
532.57,217.65,556.63,217.65,556.63,274.69,532.57,274.69
532.06,216.98,555.92,216.98,555.92,273.52,532.06,273.52
530.81,215.98,554.66,215.98,554.66,272.51,530.81,272.51
530.24,215.69,553.81,215.69,553.81,271.57,530.24,271.57
528.8,214.39,552.32,214.39,552.32,270.15,528.8,270.15
528.51,214.13,552,214.13,552,269.81,528.51,269.81
527.41,213.18,550.71,213.18,550.71,268.39,527.41,268.39
526.54,212.47,549.85,212.47,549.85,267.71,526.54,267.71
525.7,211.78,548.81,211.78,548.81,266.57,525.7,266.57
524.45,211.11,547.34,211.11,547.34,265.37,524.45,265.37
522.66,211.09,545.58,211.09,545.58,265.4,522.66,265.4
487.07,209.43,509.81,209.43,509.81,263.34,487.07,263.34
453.15,209.38,475.87,209.38,475.87,263.22,453.15,263.22
437.47,207.9,460.24,207.9,460.24,261.86,437.47,261.86
423.51,209.38,445.91,209.38,445.91,262.49,423.51,262.49
420.47,209.69,442.79,209.69,442.79,262.61,420.47,262.61
421.14,208.78,443.5,208.78,443.5,261.79,421.14,261.79
420.19,208.38,442.79,208.38,442.79,261.94,420.19,261.94
418.88,207.39,441.61,207.39,441.61,261.28,418.88,261.28
416.81,206.43,439.58,206.43,439.58,260.4,416.81,260.4
415.48,205.68,438.2,205.68,438.2,259.53,415.48,259.53
414.41,205.38,436.83,205.38,436.83,258.54,414.41,258.54
412.04,204.62,434.38,204.62,434.38,257.56,412.04,257.56
411.75,204.51,434.16,204.51,434.16,257.63,411.75,257.63
410.16,203.84,432.49,203.84,432.49,256.76,410.16,256.76
408.15,203.49,430.37,203.49,430.37,256.16,408.15,256.16
405.89,202.67,427.81,202.67,427.81,254.62,405.89,254.62
405.01,202.41,426.95,202.41,426.95,254.41,405.01,254.41
403.37,202.22,425.09,202.22,425.09,253.7,403.37,253.7
400.74,201.54,422.65,201.54,422.65,253.47,400.74,253.47
398.62,200.52,420.53,200.52,420.53,252.45,398.62,252.45
396.22,200.06,417.9,200.06,417.9,251.43,396.22,251.43
394.21,199.96,415.92,199.96,415.92,251.4,394.21,251.4
392.42,199.6,414.22,199.6,414.22,251.26,392.42,251.26
389.56,198.47,411.25,198.47,411.25,249.88,389.56,249.88
387.14,198.13,408.98,198.13,408.98,249.89,387.14,249.89
384.33,197.37,406.1,197.37,406.1,248.97,384.33,248.97
381.09,197.09,402.68,197.09,402.68,248.25,381.09,248.25
378.72,196.53,400.03,196.53,400.03,247.03,378.72,247.03
374.66,196.07,395.8,196.07,395.8,246.18,374.66,246.18
372.91,196.6,393.89,196.6,393.89,246.3,372.91,246.3
369.04,195.49,389.83,195.49,389.83,244.77,369.04,244.77
367.65,195.67,388.39,195.67,388.39,244.83,367.65,244.83
363.79,195.52,384.4,195.52,384.4,244.38,363.79,244.38
360.91,194.63,381.53,194.63,381.53,243.49,360.91,243.49
357.66,194.26,378.12,194.26,378.12,242.76,357.66,242.76
354.16,194.64,374.54,194.64,374.54,242.94,354.16,242.94
350.99,194.21,371.43,194.21,371.43,242.66,350.99,242.66
347.51,193.83,367.83,193.83,367.83,242,347.51,242
343.09,193.08,363.42,193.08,363.42,241.27,343.09,241.27
339.96,192.89,360.31,192.89,360.31,241.13,339.96,241.13
334.52,192.62,354.68,192.62,354.68,240.42,334.52,240.42
331.89,193.01,352.02,193.01,352.02,240.71,331.89,240.71
327.28,192.22,347.21,192.22,347.21,239.47,327.28,239.47
322.98,192.08,342.92,192.08,342.92,239.34,322.98,239.34
318.13,192.03,338.22,192.03,338.22,239.66,318.13,239.66
313.61,191.37,333.71,191.37,333.71,239,313.61,239
308.17,190.67,328.07,190.67,328.07,237.84,308.17,237.84
304.03,190.94,323.91,190.94,323.91,238.05,304.03,238.05
300.83,190.95,320.66,190.95,320.66,237.95,300.83,237.95
294.65,189.61,314.34,189.61,314.34,236.28,294.65,236.28
291.15,189.38,310.81,189.38,310.81,235.99,291.15,235.99
285.64,189.26,305.28,189.26,305.28,235.81,285.64,235.81
281.83,189.6,301.47,189.6,301.47,236.14,281.83,236.14
274.27,189.31,293.75,189.31,293.75,235.47,274.27,235.47
269.69,189.47,289.04,189.47,289.04,235.34,269.69,235.34
264.91,189.92,284.09,189.92,284.09,235.39,264.91,235.39
261.48,189.78,280.61,189.78,280.61,235.11,261.48,235.11
254.11,189.49,273.33,189.49,273.33,235.05,254.11,235.05
248.41,188.97,267.63,188.97,267.63,234.53,248.41,234.53
243.44,189.27,262.67,189.27,262.67,234.85,243.44,234.85
238.39,189.85,257.68,189.85,257.68,235.59,238.39,235.59
234.75,189.24,253.89,189.24,253.89,234.6,234.75,234.6
225.72,190.11,244.78,190.11,244.78,235.28,225.72,235.28
217.9,191.37,236.81,191.37,236.81,236.19,217.9,236.19
214.08,188.07,232.7,188.07,232.7,232.21,214.08,232.21
205.8,187.45,224.35,187.45,224.35,231.41,205.8,231.41
202.05,185.08,220.68,185.08,220.68,229.25,202.05,229.25
198.57,186.07,217.15,186.07,217.15,230.1,198.57,230.1
193.2,186.4,211.73,186.4,211.73,230.32,193.2,230.32
185.29,184.36,203.84,184.36,203.84,228.33,185.29,228.33
181.36,184.49,199.91,184.49,199.91,228.46,181.36,228.46
176.24,184.58,194.77,184.58,194.77,228.5,176.24,228.5
168.26,184.49,186.76,184.49,186.76,228.34,168.26,228.34
164.16,183.89,182.6,183.89,182.6,227.59,164.16,227.59
159.67,184.98,178,184.98,178,228.42,159.67,228.42
150.92,183.5,169.25,183.5,169.25,226.94,150.92,226.94
146.81,183.22,165.12,183.22,165.12,226.63,146.81,226.63
141.6,183.44,159.88,183.44,159.88,226.76,141.6,226.76
133.67,182.28,151.9,182.28,151.9,225.48,133.67,225.48
129.5,182.04,147.63,182.04,147.63,225.02,129.5,225.02
124.69,182.78,142.86,182.78,142.86,225.84,124.69,225.84
