194,122,214,122,214,136,194,136
193.59,122.03,213.5,122.03,213.5,135.97,193.59,135.97
192.77,121.77,212.7,121.77,212.7,135.72,192.77,135.72
189.63,120.98,209.22,120.98,209.22,134.69,189.63,134.69
186.48,119.75,206.37,119.75,206.37,133.67,186.48,133.67
186.14,117.61,206.29,117.61,206.29,131.71,186.14,131.71
185.47,116.29,205.43,116.29,205.43,130.26,185.47,130.26
185.3,115.41,204.98,115.41,204.98,129.19,185.3,129.19
182.82,115.26,202.93,115.26,202.93,129.34,182.82,129.34
183.24,111.3,203.4,111.3,203.4,125.41,183.24,125.41
181.76,115.86,201.82,115.86,201.82,129.9,181.76,129.9
186.4,116.4,206.4,116.4,206.4,130.39,186.4,130.39
180.9,115.88,201.19,115.88,201.19,130.09,180.9,130.09
184.51,115.79,204.54,115.79,204.54,129.81,184.51,129.81
184.95,115.96,205.05,115.96,205.05,130.04,184.95,130.04
184.89,115.92,205.11,115.92,205.11,130.08,184.89,130.08
185.47,116.6,205.53,116.6,205.53,130.65,185.47,130.65
184.91,116.94,205.09,116.94,205.09,131.06,184.91,131.06
185.38,116.41,205.66,116.41,205.66,130.61,185.38,130.61
186.81,118.96,207.05,118.96,207.05,133.13,186.81,133.13
186.12,120.78,206.34,120.78,206.34,134.93,186.12,134.93
189.53,121.96,209.81,121.96,209.81,136.15,189.53,136.15
188.54,123.13,208.62,123.13,208.62,137.18,188.54,137.18
189.17,128.02,209.08,128.02,209.08,141.96,189.17,141.96
187.49,128.57,207.43,128.57,207.43,142.53,187.49,142.53
187.19,131.88,207.18,131.88,207.18,145.87,187.19,145.87
185.36,131.76,205.66,131.76,205.66,145.96,185.36,145.96
184.76,134.16,205,134.16,205,148.33,184.76,148.33
186.48,136.88,206.66,136.88,206.66,151,186.48,151
187,138.37,206.82,138.37,206.82,152.24,187,152.24
186.58,138.34,206.62,138.34,206.62,152.37,186.58,152.37
186.58,137.61,206.67,137.61,206.67,151.68,186.58,151.68
186.29,136.29,206.32,136.29,206.32,150.31,186.29,150.31
187.38,136.44,207.45,136.44,207.45,150.49,187.38,150.49
187.46,133.8,207.48,133.8,207.48,147.81,187.46,147.81
185.91,132.62,205.97,132.62,205.97,146.66,185.91,146.66
187.8,132.02,207.89,132.02,207.89,146.09,187.8,146.09
187.75,130.47,207.87,130.47,207.87,144.55,187.75,144.55
188.46,130.48,208.57,130.48,208.57,144.56,188.46,144.56
188.35,130.34,208.5,130.34,208.5,144.44,188.35,144.44
187.34,130.17,207.47,130.17,207.47,144.26,187.34,144.26
185.59,129.72,205.79,129.72,205.79,143.86,185.59,143.86
184.46,129.31,204.63,129.31,204.63,143.43,184.46,143.43
185.32,130.58,205.38,130.58,205.38,144.62,185.32,144.62
181.02,128.77,201.39,128.77,201.39,143.02,181.02,143.02
179.63,128.4,200.14,128.4,200.14,142.76,179.63,142.76
178.71,128.19,199.14,128.19,199.14,142.49,178.71,142.49
176.33,126.49,196.76,126.49,196.76,140.8,176.33,140.8
175.63,125.42,195.97,125.42,195.97,139.66,175.63,139.66
172.39,124.83,192.64,124.83,192.64,139.01,172.39,139.01
170.19,124.54,190.49,124.54,190.49,138.75,170.19,138.75
168.59,123.84,188.68,123.84,188.68,137.9,168.59,137.9
166.73,123.27,186.84,123.27,186.84,137.34,166.73,137.34
162.77,118.48,182.85,118.48,182.85,132.53,162.77,132.53
162.66,115.79,182.67,115.79,182.67,129.8,162.66,129.8
163.54,114.79,183.38,114.79,183.38,128.68,163.54,128.68
164.74,114.1,184.8,114.1,184.8,128.14,164.74,128.14
165.65,114.35,185.51,114.35,185.51,128.26,165.65,128.26
166.14,114.43,186.11,114.43,186.11,128.4,166.14,128.4
167.75,114.95,187.9,114.95,187.9,129.06,167.75,129.06
168.22,115.01,188.4,115.01,188.4,129.13,168.22,129.13
170.06,115.95,190.19,115.95,190.19,130.04,170.06,130.04
170.28,116.46,190.34,116.46,190.34,130.5,170.28,130.5
171.87,115.55,191.86,115.55,191.86,129.54,171.87,129.54
172.04,115.46,192.13,115.46,192.13,129.52,172.04,129.52
172.99,116.05,192.98,116.05,192.98,130.05,172.99,130.05
172.98,118.18,192.97,118.18,192.97,132.18,172.98,132.18
172.78,119.11,192.94,119.11,192.94,133.22,172.78,133.22
171.49,119.47,191.63,119.47,191.63,133.56,171.49,133.56
170.67,120.28,190.77,120.28,190.77,134.36,170.67,134.36
164.9,120.06,185.03,120.06,185.03,134.15,164.9,134.15
163.15,120.56,183.26,120.56,183.26,134.64,163.15,134.64
162.06,120.68,182.14,120.68,182.14,134.74,162.06,134.74
164.71,119.82,184.67,119.82,184.67,133.8,164.71,133.8
158.3,120.12,178.36,120.12,178.36,134.16,158.3,134.16
157.25,120.49,177.36,120.49,177.36,134.57,157.25,134.57
156.16,119.99,176.24,119.99,176.24,134.05,156.16,134.05
154.03,118.76,174.09,118.76,174.09,132.8,154.03,132.8
152.96,118.16,173.09,118.16,173.09,132.25,152.96,132.25
150.13,117.86,170.31,117.86,170.31,131.99,150.13,131.99
149.16,116.65,169.16,116.65,169.16,130.64,149.16,130.64
148.58,116.3,168.61,116.3,168.61,130.32,148.58,130.32
146.61,115.8,166.62,115.8,166.62,129.81,146.61,129.81
145.53,115.07,165.5,115.07,165.5,129.05,145.53,129.05
144.94,114.57,164.94,114.57,164.94,128.57,144.94,128.57
143.73,114.41,163.64,114.41,163.64,128.35,143.73,128.35
143.33,113.46,163.26,113.46,163.26,127.41,143.33,127.41
143.81,113.38,163.72,113.38,163.72,127.33,143.81,127.33
144.31,114.17,164.3,114.17,164.3,128.16,144.31,128.16
145.87,116.89,165.92,116.89,165.92,130.93,145.87,130.93
146.34,119.73,166.37,119.73,166.37,133.74,146.34,133.74
146.91,121.21,166.92,121.21,166.92,135.21,146.91,135.21
148.89,123.11,168.91,123.11,168.91,137.13,148.89,137.13
151.1,123.76,171.08,123.76,171.08,137.74,151.1,137.74
153.08,124.66,173.19,124.66,173.19,138.74,153.08,138.74
154.43,125.24,174.56,125.24,174.56,139.33,154.43,139.33
156.89,124.75,177,124.75,177,138.82,156.89,138.82
158.34,124.16,178.41,124.16,178.41,138.21,158.34,138.21
158.72,123.57,178.8,123.57,178.8,137.63,158.72,137.63
159.65,122.58,179.71,122.58,179.71,136.63,159.65,136.63
160.32,122.34,180.44,122.34,180.44,136.42,160.32,136.42
160.38,121.89,180.46,121.89,180.46,135.95,160.38,135.95
160.16,121.53,180.3,121.53,180.3,135.63,160.16,135.63
160.1,121,180.27,121,180.27,135.12,160.1,135.12
159.06,120.3,179.22,120.3,179.22,134.42,159.06,134.42
158.59,120.57,178.78,120.57,178.78,134.71,158.59,134.71
157.38,121.49,177.48,121.49,177.48,135.57,157.38,135.57
156.46,121.6,176.71,121.6,176.71,135.77,156.46,135.77
155.63,121.33,175.84,121.33,175.84,135.48,155.63,135.48
154.2,121.39,174.35,121.39,174.35,135.49,154.2,135.49
153.35,121.2,173.54,121.2,173.54,135.34,153.35,135.34
152.33,120.96,172.54,120.96,172.54,135.11,152.33,135.11
151.01,121.02,171.09,121.02,171.09,135.07,151.01,135.07
150.09,120.79,170.15,120.79,170.15,134.83,150.09,134.83
149.16,119.62,169.14,119.62,169.14,133.61,149.16,133.61
148.56,117.4,168.53,117.4,168.53,131.39,148.56,131.39
148.09,115.37,167.99,115.37,167.99,129.29,148.09,129.29
148.18,115.97,168.01,115.97,168.01,129.86,148.18,129.86
148.99,116.1,168.71,116.1,168.71,129.9,148.99,129.9
148.28,111.4,168,111.4,168,125.2,148.28,125.2
148.29,111.27,167.9,111.27,167.9,125,148.29,125
149.41,111.9,169.04,111.9,169.04,125.64,149.41,125.64
150.87,111.5,170.68,111.5,170.68,125.36,150.87,125.36
151.29,111.95,171.31,111.95,171.31,125.96,151.29,125.96
153.87,111.95,173.88,111.95,173.88,125.96,153.87,125.96
155.1,113.66,175.18,113.66,175.18,127.71,155.1,127.71
158.91,115,178.87,115,178.87,128.98,158.91,128.98
160.03,115.37,180.16,115.37,180.16,129.46,160.03,129.46
161.38,116.26,181.51,116.26,181.51,130.35,161.38,130.35
164.9,117.28,185.03,117.28,185.03,131.37,164.9,131.37
169.07,118.29,189.09,118.29,189.09,132.3,169.07,132.3
170.09,118.89,190.05,118.89,190.05,132.86,170.09,132.86
171.33,118.7,191.28,118.7,191.28,132.67,171.33,132.67
175.11,118.64,195.01,118.64,195.01,132.57,175.11,132.57
176.68,118.64,196.58,118.64,196.58,132.57,176.68,132.57
179.77,117.89,199.69,117.89,199.69,131.83,179.77,131.83
181.78,117.95,201.72,117.95,201.72,131.9,181.78,131.9
184.27,117.59,204.29,117.59,204.29,131.61,184.27,131.61
186.18,117.52,206.18,117.52,206.18,131.52,186.18,131.52
188.91,116.78,209.01,116.78,209.01,130.85,188.91,130.85
190.32,116.41,210.31,116.41,210.31,130.41,190.32,130.41
191.46,116.27,211.58,116.27,211.58,130.36,191.46,130.36
193.89,116.44,213.86,116.44,213.86,130.41,193.89,130.41
194.71,116.26,214.71,116.26,214.71,130.27,194.71,130.27
197.46,116.65,217.41,116.65,217.41,130.62,197.46,130.62
198.24,116.36,218.21,116.36,218.21,130.34,198.24,130.34
200.33,116.43,220.37,116.43,220.37,130.46,200.33,130.46
201.2,116,221.22,116,221.22,130.01,201.2,130.01
202.71,115.21,222.67,115.21,222.67,129.18,202.71,129.18
203.41,114.14,223.4,114.14,223.4,128.13,203.41,128.13
204.66,110.97,224.69,110.97,224.69,124.99,204.66,124.99
205.61,109.66,225.7,109.66,225.7,123.72,205.61,123.72
206.59,108.94,226.69,108.94,226.69,123.01,206.59,123.01
208.22,108.03,228.33,108.03,228.33,122.11,208.22,122.11
208.16,106.94,228.29,106.94,228.29,121.03,208.16,121.03
208.7,108.2,228.82,108.2,228.82,122.29,208.7,122.29
209.13,111.16,229.2,111.16,229.2,125.21,209.13,125.21
208.77,113.82,228.73,113.82,228.73,127.79,208.77,127.79
207.53,118.79,227.62,118.79,227.62,132.86,207.53,132.86
209.3,123.25,229.28,123.25,229.28,137.24,209.3,137.24
206.08,125.09,226.17,125.09,226.17,139.15,206.08,139.15
207.82,129.74,227.91,129.74,227.91,143.81,207.82,143.81
205.48,133.62,225.4,133.62,225.4,147.57,205.48,147.57
206.17,138.86,226.07,138.86,226.07,152.79,206.17,152.79
206.53,140.14,226.47,140.14,226.47,154.1,206.53,154.1
206.54,143.05,226.56,143.05,226.56,157.05,206.54,157.05
209.25,145.66,229.16,145.66,229.16,159.6,209.25,159.6
209.51,146.6,229.41,146.6,229.41,160.53,209.51,160.53
210.98,149.26,230.88,149.26,230.88,163.19,210.98,163.19
212.13,150.26,231.94,150.26,231.94,164.13,212.13,164.13
212.46,150.01,232.38,150.01,232.38,163.95,212.46,163.95
214.2,147.73,234.15,147.73,234.15,161.7,214.2,161.7
214.35,144.73,234.27,144.73,234.27,158.67,214.35,158.67
217.31,139.94,237.26,139.94,237.26,153.9,217.31,153.9
218.04,137.17,237.99,137.17,237.99,151.14,218.04,151.14
219.81,131.82,239.77,131.82,239.77,145.79,219.81,145.79
221.26,129.49,241.27,129.49,241.27,143.49,221.26,143.49
222.08,126.57,242.02,126.57,242.02,140.52,222.08,140.52
223.87,121.17,243.91,121.17,243.91,135.2,223.87,135.2
225.68,116.07,245.65,116.07,245.65,130.05,225.68,130.05
227.34,111.72,247.38,111.72,247.38,125.74,227.34,125.74
228.73,108.11,248.77,108.11,248.77,122.13,228.73,122.13
229.36,107.91,249.3,107.91,249.3,121.87,229.36,121.87
230.11,108.91,250.09,108.91,250.09,122.89,230.11,122.89
230.31,111.56,250.34,111.56,250.34,125.58,230.31,125.58
231.76,118.04,251.85,118.04,251.85,132.11,231.76,132.11
231.12,122.11,251.33,122.11,251.33,136.25,231.12,136.25
232.38,129.87,252.62,129.87,252.62,144.04,232.38,144.04
233.62,133.54,253.7,133.54,253.7,147.6,233.62,147.6
233.73,138.98,253.83,138.98,253.83,153.05,233.73,153.05
233.86,141.32,254.01,141.32,254.01,155.43,233.86,155.43
233.62,145.51,253.71,145.51,253.71,159.58,233.62,159.58
233.23,147.62,253.24,147.62,253.24,161.64,233.23,161.64
234.6,150.9,254.69,150.9,254.69,164.97,234.6,164.97
234.57,152.87,254.73,152.87,254.73,166.97,234.57,166.97
235.62,155.76,255.77,155.76,255.77,169.86,235.62,169.86
236.97,156.71,257.08,156.71,257.08,170.78,236.97,170.78
238.92,156.21,259.04,156.21,259.04,170.3,238.92,170.3
239.8,155.61,259.9,155.61,259.9,169.68,239.8,169.68
241.37,154.96,261.44,154.96,261.44,169.01,241.37,169.01
242.29,154.46,262.34,154.46,262.34,168.49,242.29,168.49
244.59,153.35,264.63,153.35,264.63,167.37,244.59,167.37
246.78,151.64,266.86,151.64,266.86,165.69,246.78,165.69
248.82,151.37,268.94,151.37,268.94,165.46,248.82,165.46
249.74,149.32,269.74,149.32,269.74,163.31,249.74,163.31
250.52,148.75,270.51,148.75,270.51,162.74,250.52,162.74
250.68,147.77,270.76,147.77,270.76,161.82,250.68,161.82
253.38,147.35,273.34,147.35,273.34,161.33,253.38,161.33
255.2,146.53,275.14,146.53,275.14,160.49,255.2,160.49
256.37,145.73,276.25,145.73,276.25,159.65,256.37,159.65
256.42,145.59,276.31,145.59,276.31,159.51,256.42,159.51
259.59,145.52,279.45,145.52,279.45,159.43,259.59,159.43
262.21,146.07,281.98,146.07,281.98,159.9,262.21,159.9
263.66,146.2,283.44,146.2,283.44,160.05,263.66,160.05
265.28,144.72,285.14,144.72,285.14,158.62,265.28,158.62
266.28,144.37,286.2,144.37,286.2,158.31,266.28,158.31
268.04,144.16,287.87,144.16,287.87,158.05,268.04,158.05
268.69,144.04,288.47,144.04,288.47,157.89,268.69,157.89
269.93,143.17,289.77,143.17,289.77,157.06,269.93,157.06
270.55,142.57,290.37,142.57,290.37,156.44,270.55,156.44
271.35,140.69,291.13,140.69,291.13,154.53,271.35,154.53
272.38,140.46,292.19,140.46,292.19,154.32,272.38,154.32
273.4,140.46,293.25,140.46,293.25,154.36,273.4,154.36
273.66,140.42,293.55,140.42,293.55,154.34,273.66,154.34
273.86,139.95,293.72,139.95,293.72,153.86,273.86,153.86
273.95,139.99,293.99,139.99,293.99,154.01,273.95,154.01
275.03,150.76,295,150.76,295,164.74,275.03,164.74
274.8,154.67,294.88,154.67,294.88,168.72,274.8,168.72
274.04,156.31,294.07,156.31,294.07,170.33,274.04,170.33
274.13,158.17,294.11,158.17,294.11,172.16,274.13,172.16
274.18,158.96,294.12,158.96,294.12,172.91,274.18,172.91
273.42,157.2,293.33,157.2,293.33,171.13,273.42,171.13
273.19,156.54,293.14,156.54,293.14,170.5,273.19,170.5
272.89,155.48,292.89,155.48,292.89,169.48,272.89,169.48
272.42,151.5,292.38,151.5,292.38,165.47,272.42,165.47
272.24,149.46,292.2,149.46,292.2,163.43,272.24,163.43
271.32,144.81,291.24,144.81,291.24,158.75,271.32,158.75
271.07,142.7,290.9,142.7,290.9,156.58,271.07,156.58
270.12,140.19,289.97,140.19,289.97,154.09,270.12,154.09
269.2,138.65,288.97,138.65,288.97,152.48,269.2,152.48
267.95,136.72,287.7,136.72,287.7,150.54,267.95,150.54
267.02,134.88,286.78,134.88,286.78,148.71,267.02,148.71
266.07,134.02,285.85,134.02,285.85,147.86,266.07,147.86
263.97,130.52,283.76,130.52,283.76,144.37,263.97,144.37
263.15,129.54,282.92,129.54,282.92,143.38,263.15,143.38
260.95,128.46,280.75,128.46,280.75,142.32,260.95,142.32
259.81,128.44,279.65,128.44,279.65,142.33,259.81,142.33
257.85,129.8,277.69,129.8,277.69,143.69,257.85,143.69
256.63,131.34,276.48,131.34,276.48,145.24,256.63,145.24
255.61,132.97,275.5,132.97,275.5,146.89,255.61,146.89
253.69,137.54,273.58,137.54,273.58,151.47,253.69,151.47
252.66,139.88,272.55,139.88,272.55,153.81,252.66,153.81
251.96,141.45,271.83,141.45,271.83,155.36,251.96,155.36
250.91,144,270.84,144,270.84,157.95,250.91,157.95
250.13,145.23,270.04,145.23,270.04,159.17,250.13,159.17
249,147.28,268.9,147.28,268.9,161.21,249,161.21
249.05,148.5,268.88,148.5,268.88,162.38,249.05,162.38
248.43,150.27,268.27,150.27,268.27,164.16,248.43,164.16
248.28,151.11,268.1,151.11,268.1,164.99,248.28,164.99
248.43,151.56,268.27,151.56,268.27,165.45,248.43,165.45
248.49,152.07,268.35,152.07,268.35,165.98,248.49,165.98
248.49,152.39,268.43,152.39,268.43,166.36,248.49,166.36
249,153.89,268.93,153.89,268.93,167.84,249,167.84
249.23,153.77,269.23,153.77,269.23,167.77,249.23,167.77
249.43,152.36,269.37,152.36,269.37,166.31,249.43,166.31
250.83,152.23,270.79,152.23,270.79,166.21,250.83,166.21
251.01,150.47,271,150.47,271,164.46,251.01,164.46
251.96,146.76,271.9,146.76,271.9,160.72,251.96,160.72
251.97,145.4,271.98,145.4,271.98,159.41,251.97,159.41
252.49,141.26,272.39,141.26,272.39,155.19,252.49,155.19
253.11,140.51,273.08,140.51,273.08,154.5,253.11,154.5
254.63,139.43,274.57,139.43,274.57,153.39,254.63,153.39
253.35,134.82,273.24,134.82,273.24,148.74,253.35,148.74
253.01,131.99,272.84,131.99,272.84,145.87,253.01,145.87
252.42,130.96,272.22,130.96,272.22,144.82,252.42,144.82
250.74,129.19,270.57,129.19,270.57,143.07,250.74,143.07
250.02,128.52,269.91,128.52,269.91,142.44,250.02,142.44
247.77,125.73,267.63,125.73,267.63,139.63,247.77,139.63
246.83,125.4,266.72,125.4,266.72,139.33,246.83,139.33
244.75,124.94,264.71,124.94,264.71,138.91,244.75,138.91
242.7,125.19,262.7,125.19,262.7,139.19,242.7,139.19
241.87,125.54,261.79,125.54,261.79,139.48,241.87,139.48
239.46,127.28,259.5,127.28,259.5,141.31,239.46,141.31
238.21,129.98,258.17,129.98,258.17,143.95,238.21,143.95
236.25,133.39,256.26,133.39,256.26,147.4,236.25,147.4
234.55,137.06,254.66,137.06,254.66,151.14,234.55,151.14
232.58,139.09,252.77,139.09,252.77,153.22,232.58,153.22
232.35,139.84,252.58,139.84,252.58,154.01,232.35,154.01
230.94,141.93,251.11,141.93,251.11,156.05,230.94,156.05
229.99,143.6,250.19,143.6,250.19,157.74,229.99,157.74
229.69,144.24,249.89,144.24,249.89,158.38,229.69,158.38
228.59,144.72,248.78,144.72,248.78,158.85,228.59,158.85
228.53,144.59,248.74,144.59,248.74,158.74,228.53,158.74
228.02,144.74,248.18,144.74,248.18,158.85,228.02,158.85
228.42,144.83,248.57,144.83,248.57,158.94,228.42,158.94
228.41,144.82,248.5,144.82,248.5,158.89,228.41,158.89
228.77,144.73,248.9,144.73,248.9,158.82,228.77,158.82
229.37,143.97,249.54,143.97,249.54,158.1,229.37,158.1
229.31,143.27,249.48,143.27,249.48,157.4,229.31,157.4
229.78,141.84,249.9,141.84,249.9,155.92,229.78,155.92
229.78,141.35,249.92,141.35,249.92,155.45,229.78,155.45
229.33,141.06,249.42,141.06,249.42,155.12,229.33,155.12
229.02,140.6,249.09,140.6,249.09,154.65,229.02,154.65
229.15,140.14,249.18,140.14,249.18,154.16,229.15,154.16
228.59,139.63,248.64,139.63,248.64,153.66,228.59,153.66
229.04,139.02,249.08,139.02,249.08,153.05,229.04,153.05
229.08,138.35,249.05,138.35,249.05,152.32,229.08,152.32
229.06,137.72,249.14,137.72,249.14,151.78,229.06,151.78
229.37,137.35,249.38,137.35,249.38,151.36,229.37,151.36
229.69,137.69,249.65,137.69,249.65,151.67,229.69,151.67
230.1,138.44,250.15,138.44,250.15,152.48,230.1,152.48
231.65,139.78,251.7,139.78,251.7,153.82,231.65,153.82
232.89,139.58,253,139.58,253,153.65,232.89,153.65
233.63,139.11,253.75,139.11,253.75,153.19,233.63,153.19
235.08,136.83,255.17,136.83,255.17,150.89,235.08,150.89
236.46,135.61,256.42,135.61,256.42,149.58,236.46,149.58
238.85,134.13,258.86,134.13,258.86,148.14,238.85,148.14
240.44,131.83,260.46,131.83,260.46,145.83,240.44,145.83
242.44,130.08,262.39,130.08,262.39,144.05,242.44,144.05
242.37,129.23,262.43,129.23,262.43,143.27,242.37,143.27
243.85,128.57,263.86,128.57,263.86,142.57,243.85,142.57
245.02,127.79,265.09,127.79,265.09,141.84,245.02,141.84
245.29,128.03,265.33,128.03,265.33,142.06,245.29,142.06
246.51,129.12,266.58,129.12,266.58,143.16,246.51,143.16
246.99,130.08,266.95,130.08,266.95,144.05,246.99,144.05
247.34,131.83,267.4,131.83,267.4,145.87,247.34,145.87
247.29,133.08,267.36,133.08,267.36,147.13,247.29,147.13
246.2,134.94,266.3,134.94,266.3,149.01,246.2,149.01
245.42,135.89,265.51,135.89,265.51,149.96,245.42,149.96
245.09,136.45,265.16,136.45,265.16,150.5,245.09,150.5
244.15,136.99,264.14,136.99,264.14,150.98,244.15,150.98
243.25,137.12,263.35,137.12,263.35,151.2,243.25,151.2
241.1,137.16,261.2,137.16,261.2,151.23,241.1,151.23
239.17,137.19,259.21,137.19,259.21,151.21,239.17,151.21
237.76,137.22,257.89,137.22,257.89,151.31,237.76,151.31
235.24,137.5,255.29,137.5,255.29,151.53,235.24,151.53
233.99,137.06,254.08,137.06,254.08,151.12,233.99,151.12
231.84,134.83,251.86,134.83,251.86,148.85,231.84,148.85
229.45,131.89,249.49,131.89,249.49,145.92,229.45,145.92
227.81,130.27,247.89,130.27,247.89,144.33,227.81,144.33
226.82,128.96,246.86,128.96,246.86,142.98,226.82,142.98
224.38,126.65,244.39,126.65,244.39,140.66,224.38,140.66
223.3,125.69,243.38,125.69,243.38,139.75,223.3,139.75
221.16,123.57,241.18,123.57,241.18,137.59,221.16,137.59
220.27,122.6,240.26,122.6,240.26,136.59,220.27,136.59
218.64,120.77,238.7,120.77,238.7,134.81,218.64,134.81
217.55,119.89,237.59,119.89,237.59,133.91,217.55,133.91
216.44,119.1,236.61,119.1,236.61,133.22,216.44,133.22
214.66,119.87,234.97,119.87,234.97,134.09,214.66,134.09
213.95,120.72,234.19,120.72,234.19,134.89,213.95,134.89
213.97,124.2,234.17,124.2,234.17,138.34,213.97,138.34
213.85,127.56,234.03,127.56,234.03,141.68,213.85,141.68
214.1,129.22,234.16,129.22,234.16,143.27,214.1,143.27
214.63,131.39,234.69,131.39,234.69,145.43,214.63,145.43
215.81,131.53,235.94,131.53,235.94,145.62,215.81,145.62
216.48,131.63,236.58,131.63,236.58,145.7,216.48,145.7
217.86,131.69,238.01,131.69,238.01,145.79,217.86,145.79
219.5,131.62,239.65,131.62,239.65,145.73,219.5,145.73
220.14,131.42,240.27,131.42,240.27,145.51,220.14,145.51
221.06,131.12,241.13,131.12,241.13,145.17,221.06,145.17
221.71,130.28,241.86,130.28,241.86,144.39,221.71,144.39
223.24,128.89,243.39,128.89,243.39,143,223.24,143
224.08,128.32,244.15,128.32,244.15,142.37,224.08,142.37
224.86,126.88,245,126.88,245,140.98,224.86,140.98
225.15,126.26,245.28,126.26,245.28,140.35,225.15,140.35
225.5,124.52,245.71,124.52,245.71,138.67,225.5,138.67
225.73,124.3,245.84,124.3,245.84,138.37,225.73,138.37
225.87,125.32,245.96,125.32,245.96,139.38,225.87,139.38
225.6,126.37,245.79,126.37,245.79,140.5,225.6,140.5
225.47,128.62,245.6,128.62,245.6,142.72,225.47,142.72
224.63,130.65,244.76,130.65,244.76,144.74,224.63,144.74
224.1,131.18,244.19,131.18,244.19,145.25,224.1,145.25
223.44,131.67,243.5,131.67,243.5,145.7,223.44,145.7
222.3,133.16,242.31,133.16,242.31,147.17,222.3,147.17
221.4,133.43,241.42,133.43,241.42,147.44,221.4,147.44
219.33,133.89,239.33,133.89,239.33,147.89,219.33,147.89
218.53,133.66,238.59,133.66,238.59,147.7,218.53,147.7
217.7,132.92,237.74,132.92,237.74,146.96,217.7,146.96
215.78,131.73,235.8,131.73,235.8,145.75,215.78,145.75
214.72,131.17,234.71,131.17,234.71,145.17,214.72,145.17
212.73,128.88,232.81,128.88,232.81,142.94,212.73,142.94
211.93,127.78,231.99,127.78,231.99,141.82,211.93,141.82
211.21,126.53,231.13,126.53,231.13,140.48,211.21,140.48
208.98,124.13,228.97,124.13,228.97,138.12,208.98,138.12
207.88,122.52,228.08,122.52,228.08,136.66,207.88,136.66
206.99,121.93,227.13,121.93,227.13,136.03,206.99,136.03
205.86,121.48,226.01,121.48,226.01,135.59,205.86,135.59
204.64,120.99,224.76,120.99,224.76,135.07,204.64,135.07
203.74,120.4,223.82,120.4,223.82,134.45,203.74,134.45
203.16,120.97,223.19,120.97,223.19,134.98,203.16,134.98
202.88,121.31,223.04,121.31,223.04,135.42,202.88,135.42
202.88,121.8,223.05,121.8,223.05,135.91,202.88,135.91
202.3,123.53,222.41,123.53,222.41,137.61,202.3,137.61
202.16,124.31,222.24,124.31,222.24,138.37,202.16,138.37
202.09,125.09,222.13,125.09,222.13,139.12,202.09,139.12
202.11,127.29,222.17,127.29,222.17,141.33,202.11,141.33
201.89,128.1,222,128.1,222,142.18,201.89,142.18
202.1,129.28,222.13,129.28,222.13,143.3,202.1,143.3
202.19,129.87,222.22,129.87,222.22,143.89,202.19,143.89
202.28,130.55,222.35,130.55,222.35,144.6,202.28,144.6
202.37,131.29,222.45,131.29,222.45,145.34,202.37,145.34
202.7,131.81,222.8,131.81,222.8,145.89,202.7,145.89
203.11,132.16,223.27,132.16,223.27,146.27,203.11,146.27
203.45,130.87,223.62,130.87,223.62,144.99,203.45,144.99
203.84,128.1,223.97,128.1,223.97,142.19,203.84,142.19
204.47,125.25,224.6,125.25,224.6,139.34,204.47,139.34
204.76,122.79,224.84,122.79,224.84,136.84,204.76,136.84
204.76,121.46,224.92,121.46,224.92,135.58,204.76,135.58
204.86,119.81,225.09,119.81,225.09,133.97,204.86,133.97
204.99,119.72,225.11,119.72,225.11,133.8,204.99,133.8
204.98,119.92,225.15,119.92,225.15,134.04,204.98,134.04
205.07,120.03,225.2,120.03,225.2,134.12,205.07,134.12
205.17,120.24,225.35,120.24,225.35,134.36,205.17,134.36
204.72,120.7,224.95,120.7,224.95,134.86,204.72,134.86
204.6,120.85,224.77,120.85,224.77,134.97,204.6,134.97
204.24,122.86,224.35,122.86,224.35,136.94,204.24,136.94
203.99,124.06,224.05,124.06,224.05,138.1,203.99,138.1
203.75,125,223.8,125,223.8,139.04,203.75,139.04
203.21,126.76,223.18,126.76,223.18,140.74,203.21,140.74
202.56,127.37,222.67,127.37,222.67,141.45,202.56,141.45
201.64,128.59,221.7,128.59,221.7,142.63,201.64,142.63
201.25,129.37,221.26,129.37,221.26,143.37,201.25,143.37
200.3,130.71,220.29,130.71,220.29,144.71,200.3,144.71
199.85,131.1,219.95,131.1,219.95,145.17,199.85,145.17
198.76,131.32,218.83,131.32,218.83,145.36,198.76,145.36
196.46,119.04,216.61,119.04,216.61,133.14,196.46,133.14
196.23,118.93,216.37,118.93,216.37,133.02,196.23,133.02
195.83,118.3,215.92,118.3,215.92,132.36,195.83,132.36
194.29,119.18,214.37,119.18,214.37,133.24,194.29,133.24
193.54,120.42,213.64,120.42,213.64,134.48,193.54,134.48
193.48,121.64,213.58,121.64,213.58,135.7,193.48,135.7
197.75,122.91,217.78,122.91,217.78,136.93,197.75,136.93
197.91,123.48,217.81,123.48,217.81,137.41,197.91,137.41
196.77,123.69,216.68,123.69,216.68,137.62,196.77,137.62
196.28,124.01,216.28,124.01,216.28,138,196.28,138
195.96,124.25,215.99,124.25,215.99,138.27,195.96,138.27
196.08,123.92,216.09,123.92,216.09,137.92,196.08,137.92
195.9,123.84,215.78,123.84,215.78,137.75,195.9,137.75
195.31,124.01,215.24,124.01,215.24,137.96,195.31,137.96
195.5,123.88,215.43,123.88,215.43,137.83,195.5,137.83
195.32,123.61,215.3,123.61,215.3,137.59,195.32,137.59
195.81,123.36,215.94,123.36,215.94,137.46,195.81,137.46
195.93,123.77,215.99,123.77,215.99,137.81,195.93,137.81
196.13,123.93,216.19,123.93,216.19,137.98,196.13,137.98
197.06,123.93,217.16,123.93,217.16,138,197.06,138
197.44,123.87,217.52,123.87,217.52,137.93,197.44,137.93
197.67,123.95,217.77,123.95,217.77,138.03,197.67,138.03
197.28,124.24,217.45,124.24,217.45,138.36,197.28,138.36
200.73,124.79,220.91,124.79,220.91,138.92,200.73,138.92
199.96,124.93,220.15,124.93,220.15,139.06,199.96,139.06
200.16,124.79,220.36,124.79,220.36,138.93,200.16,138.93
199.8,124.11,220.03,124.11,220.03,138.27,199.8,138.27
200.25,124.3,220.45,124.3,220.45,138.43,200.25,138.43
200.33,124.91,220.62,124.91,220.62,139.11,200.33,139.11
199.46,125.93,219.72,125.93,219.72,140.11,199.46,140.11
198.86,126.46,219.04,126.46,219.04,140.59,198.86,140.59
198.75,127.21,218.96,127.21,218.96,141.35,198.75,141.35
197.02,127.48,217.13,127.48,217.13,141.56,197.02,141.56
196.86,127.59,216.96,127.59,216.96,141.66,196.86,141.66
195.47,125.76,215.51,125.76,215.51,139.79,195.47,139.79
195.3,124.41,215.24,124.41,215.24,138.37,195.3,138.37
194.17,124.12,214.27,124.12,214.27,138.19,194.17,138.19
194.64,124.61,214.74,124.61,214.74,138.69,194.64,138.69
195.75,125.25,215.84,125.25,215.84,139.31,195.75,139.31
196,124.69,216.04,124.69,216.04,138.72,196,138.72
199.96,124.17,220,124.17,220,138.2,199.96,138.2
200.29,123.68,220.45,123.68,220.45,137.79,200.29,137.79
200.91,123,221.03,123,221.03,137.08,200.91,137.08
202.73,121.93,222.86,121.93,222.86,136.02,202.73,136.02
204.95,121.07,225.11,121.07,225.11,135.19,204.95,135.19
206.64,120.65,226.75,120.65,226.75,134.72,206.64,134.72
209.27,119.48,229.36,119.48,229.36,133.55,209.27,133.55
212.52,119.75,232.67,119.75,232.67,133.85,212.52,133.85
216.55,121.91,236.69,121.91,236.69,136.01,216.55,136.01
217.99,123.44,238.18,123.44,238.18,137.58,217.99,137.58
221.7,128.09,241.89,128.09,241.89,142.23,221.7,142.23
225.06,131.04,245.3,131.04,245.3,145.21,225.06,145.21
226.59,131.66,246.85,131.66,246.85,145.84,226.59,145.84
230.11,133.47,250.25,133.47,250.25,147.57,230.11,147.57
232.32,133.87,252.4,133.87,252.4,147.93,232.32,147.93
233.98,133.94,254.01,133.94,254.01,147.97,233.98,147.97
237,132.77,256.99,132.77,256.99,146.77,237,146.77
239.15,129.87,259.16,129.87,259.16,143.87,239.15,143.87
239.87,128.53,259.87,128.53,259.87,142.52,239.87,142.52
241.33,126.85,261.43,126.85,261.43,140.92,241.33,140.92
242.99,123.48,263.05,123.48,263.05,137.52,242.99,137.52
244.09,122.08,264.09,122.08,264.09,136.08,244.09,136.08
244.25,120.1,264.25,120.1,264.25,134.09,244.25,134.09
245.26,119.91,265.29,119.91,265.29,133.93,245.26,133.93
246.92,121.89,266.88,121.89,266.88,135.86,246.92,135.86
247.03,123.35,267.07,123.35,267.07,137.38,247.03,137.38
247.51,125.98,267.69,125.98,267.69,140.1,247.51,140.1
247.43,127.1,267.71,127.1,267.71,141.29,247.43,141.29
248.83,128.74,269.11,128.74,269.11,142.93,248.83,142.93
249.63,132.08,269.76,132.08,269.76,146.18,249.63,146.18
248.31,133.49,268.44,133.49,268.44,147.58,248.31,147.58
252.38,136.54,272.44,136.54,272.44,150.58,252.38,150.58
252.89,137.21,272.85,137.21,272.85,151.18,252.89,151.18
254.91,137.66,274.86,137.66,274.86,151.63,254.91,151.63
255.33,137.43,275.31,137.43,275.31,151.41,255.33,151.41
257.52,136.44,277.62,136.44,277.62,150.51,257.52,150.51
259.19,135.56,279.24,135.56,279.24,149.6,259.19,149.6
261.03,133.58,281.11,133.58,281.11,147.63,261.03,147.63
262.27,130.46,282.37,130.46,282.37,144.52,262.27,144.52
265.23,128.32,285.26,128.32,285.26,142.34,265.23,142.34
266.76,127.44,286.79,127.44,286.79,141.46,266.76,141.46
268.48,125.64,288.5,125.64,288.5,139.66,268.48,139.66
271.03,124.06,291.1,124.06,291.1,138.1,271.03,138.1
272.77,124.05,292.78,124.05,292.78,138.05,272.77,138.05
275.48,124.36,295.45,124.36,295.45,138.34,275.48,138.34
276.86,125.69,296.88,125.69,296.88,139.71,276.86,139.71
278.27,127.03,298.28,127.03,298.28,141.04,278.27,141.04
281.38,131.22,301.36,131.22,301.36,145.21,281.38,145.21
282.71,133.24,302.77,133.24,302.77,147.28,282.71,147.28
284.11,135.39,304.08,135.39,304.08,149.37,284.11,149.37
287.03,136.99,307.05,136.99,307.05,151.01,287.03,151.01
288.21,138.31,308.26,138.31,308.26,152.35,288.21,152.35
290.59,139.58,310.61,139.58,310.61,153.59,290.59,153.59
291.76,140.42,311.78,140.42,311.78,154.43,291.76,154.43
292.5,140.78,312.54,140.78,312.54,154.81,292.5,154.81
294.14,141.31,314.15,141.31,314.15,155.31,294.14,155.31
294.9,141.75,314.93,141.75,314.93,155.77,294.9,155.77
295.95,142.23,315.89,142.23,315.89,156.19,295.95,156.19
297.1,140.86,317.2,140.86,317.2,154.93,297.1,154.93
297.91,139.64,318.03,139.64,318.03,153.73,297.91,153.73
299.03,138.09,319.18,138.09,319.18,152.2,299.03,152.2
299.64,135.69,319.79,135.69,319.79,149.8,299.64,149.8
300.76,133.55,320.9,133.55,320.9,147.65,300.76,147.65
301.32,131.94,321.41,131.94,321.41,146.01,301.32,146.01
302.78,131.94,322.73,131.94,322.73,145.91,302.78,145.91
304.23,132.03,324.27,132.03,324.27,146.06,304.23,146.06
306.04,130.87,326.04,130.87,326.04,144.87,306.04,144.87
306.69,131.05,326.76,131.05,326.76,145.09,306.69,145.09
308.87,132.83,328.86,132.83,328.86,146.83,308.87,146.83
310.34,134.06,330.33,134.06,330.33,148.05,310.34,148.05
310.9,135.01,330.87,135.01,330.87,148.99,310.9,148.99
314.06,136.39,334.09,136.39,334.09,150.41,314.06,150.41
315.48,136.94,335.42,136.94,335.42,150.9,315.48,150.9
317.65,139.32,337.64,139.32,337.64,153.32,317.65,153.32
319.73,141.28,339.73,141.28,339.73,155.28,319.73,155.28
323.12,145.1,343.09,145.1,343.09,159.08,323.12,159.08
324.73,147.05,344.75,147.05,344.75,161.06,324.73,161.06
325.92,148.69,345.89,148.69,345.89,162.67,325.92,162.67
328.69,150.02,348.68,150.02,348.68,164.01,328.69,164.01
329.95,151.34,349.99,151.34,349.99,165.37,329.95,165.37
331.63,152.39,351.6,152.39,351.6,166.37,331.63,166.37
333.98,153.77,354.03,153.77,354.03,167.81,333.98,167.81
335.24,154.24,355.24,154.24,355.24,168.25,335.24,168.25
337.07,153.87,356.99,153.87,356.99,167.81,337.07,167.81
338.55,152.58,358.5,152.58,358.5,166.55,338.55,166.55
338.76,151.9,358.83,151.9,358.83,165.95,338.76,165.95
340.64,150.96,360.7,150.96,360.7,165.01,340.64,165.01
340.01,149.59,360.06,149.59,360.06,163.63,340.01,163.63
341.32,145.57,361.43,145.57,361.43,159.64,341.32,159.64
342.24,144.07,362.33,144.07,362.33,158.13,342.24,158.13
343.18,140.94,363.27,140.94,363.27,155,343.18,155
342.8,139.25,362.88,139.25,362.88,153.31,342.8,153.31
344.71,136.85,364.67,136.85,364.67,150.82,344.71,150.82
343.48,135.63,363.69,135.63,363.69,149.77,343.48,149.77
344.15,133.81,364.31,133.81,364.31,147.91,344.15,147.91
343.86,134.03,363.99,134.03,363.99,148.12,343.86,148.12
344.35,134.7,364.54,134.7,364.54,148.83,344.35,148.83
344.35,136.18,364.6,136.18,364.6,150.36,344.35,150.36
344.09,137.05,364.3,137.05,364.3,151.19,344.09,151.19
344.6,140.72,364.79,140.72,364.79,154.86,344.6,154.86
344.13,143.31,364.38,143.31,364.38,157.49,344.13,157.49
343.72,148.49,363.93,148.49,363.93,162.64,343.72,162.64
344.56,153.48,364.8,153.48,364.8,167.65,344.56,167.65
344.9,154.94,365.19,154.94,365.19,169.15,344.9,169.15
345.47,157.57,365.7,157.57,365.7,171.73,345.47,171.73
345.71,158.32,365.95,158.32,365.95,172.49,345.71,172.49
345.95,159.37,366.13,159.37,366.13,173.49,345.95,173.49
347.62,161.97,367.84,161.97,367.84,176.12,347.62,176.12
349.92,163.06,370.11,163.06,370.11,177.2,349.92,177.2
351.07,163.63,371.19,163.63,371.19,177.72,351.07,177.72
352.98,162.51,373.13,162.51,373.13,176.62,352.98,176.62
355.34,160.76,375.44,160.76,375.44,174.83,355.34,174.83
357.15,160.1,377.29,160.1,377.29,174.19,357.15,174.19
360.02,157.99,380.13,157.99,380.13,172.06,360.02,172.06
361.35,156.5,381.55,156.5,381.55,170.64,361.35,170.64
363.93,153.37,384.16,153.37,384.16,167.53,363.93,167.53
364.9,152.46,385.14,152.46,385.14,166.62,364.9,166.62
368.32,151.17,388.5,151.17,388.5,165.3,368.32,165.3
369.17,150.6,389.4,150.6,389.4,164.76,369.17,164.76
371.13,149.46,391.32,149.46,391.32,163.59,371.13,163.59
371.69,148.77,391.98,148.77,391.98,162.97,371.69,162.97
372.09,147.65,392.36,147.65,392.36,161.84,372.09,161.84
373.94,148.47,394.18,148.47,394.18,162.64,373.94,162.64
375.08,150.08,395.17,150.08,395.17,164.15,375.08,164.15
375.75,153.32,395.76,153.32,395.76,167.33,375.75,167.33
376.47,154.88,396.42,154.88,396.42,168.85,376.47,168.85
375.98,156.29,396.12,156.29,396.12,170.39,375.98,170.39
376.27,156.93,396.37,156.93,396.37,171.01,376.27,171.01
375.58,158.13,395.61,158.13,395.61,172.16,375.58,172.16
369.87,158.39,389.85,158.39,389.85,172.38,369.87,172.38
367.2,157.46,387.23,157.46,387.23,171.48,367.2,171.48
365.34,156.63,385.36,156.63,385.36,170.65,365.34,170.65
358.04,152.78,377.99,152.78,377.99,166.75,358.04,166.75
356.91,152.03,376.79,152.03,376.79,165.95,356.91,165.95
351.99,151.02,372,151.02,372,165.02,351.99,165.02
347.66,148.89,367.57,148.89,367.57,162.82,347.66,162.82
345.3,146.89,365.25,146.89,365.25,160.85,345.3,160.85
343.4,145.8,363.22,145.8,363.22,159.67,343.4,159.67
339.13,142.68,359.01,142.68,359.01,156.6,339.13,156.6
335.59,141.72,355.43,141.72,355.43,155.61,335.59,155.61
332.05,140.82,351.85,140.82,351.85,154.68,332.05,154.68
329.05,140.32,348.95,140.32,348.95,154.25,329.05,154.25
327.47,140.25,347.37,140.25,347.37,154.18,327.47,154.18
325.11,140.17,345,140.17,345,154.1,325.11,154.1
324.4,140.2,344.49,140.2,344.49,154.27,324.4,154.27
323.14,140.78,343.17,140.78,343.17,154.8,323.14,154.8
322.64,140.52,342.75,140.52,342.75,154.59,322.64,154.59
321.78,140.24,341.93,140.24,341.93,154.35,321.78,154.35
321.44,140.63,341.63,140.63,341.63,154.76,321.44,154.76
321.23,141.29,341.44,141.29,341.44,155.44,321.23,155.44
320.98,142.27,341.3,142.27,341.3,156.48,320.98,156.48
320.7,145.3,341.01,145.3,341.01,159.51,320.7,159.51
320.81,145.99,341.11,145.99,341.11,160.2,320.81,160.2
321.1,146.67,341.43,146.67,341.43,160.9,321.1,160.9
321.68,146.38,342.13,146.38,342.13,160.7,321.68,160.7
321.93,145.54,342.39,145.54,342.39,159.86,321.93,159.86
322.58,141.49,343.02,141.49,343.02,155.8,322.58,155.8
323.71,136.09,344.2,136.09,344.2,150.43,323.71,150.43
323.74,134.05,344.16,134.05,344.16,148.34,323.74,148.34
324.17,131.81,344.59,131.81,344.59,146.11,324.17,146.11
324.49,131.45,344.75,131.45,344.75,145.63,324.49,145.63
324.79,131.17,344.91,131.17,344.91,145.26,324.79,145.26
323.25,131.5,343.41,131.5,343.41,145.62,323.25,145.62
322.18,131.03,342.4,131.03,342.4,145.19,322.18,145.19
321.57,131.22,341.8,131.22,341.8,145.38,321.57,145.38
321.24,132.22,341.43,132.22,341.43,146.35,321.24,146.35
321.18,134.98,341.19,134.98,341.19,148.99,321.18,148.99
318.78,135.93,338.76,135.93,338.76,149.91,318.78,149.91
314.62,137.85,334.74,137.85,334.74,151.93,314.62,151.93
313.76,138.56,333.8,138.56,333.8,152.59,313.76,152.59
310.69,139.6,330.73,139.6,330.73,153.62,310.69,153.62
309.39,139.6,329.35,139.6,329.35,153.58,309.39,153.58
302.67,137.38,322.7,137.38,322.7,151.4,302.67,151.4
301.1,136.8,321.08,136.8,321.08,150.79,301.1,150.79
297.66,135.79,317.71,135.79,317.71,149.82,297.66,149.82
294.44,133.43,314.43,133.43,314.43,147.42,294.44,147.42
292.67,131.91,312.73,131.91,312.73,145.95,292.67,145.95
288.84,127.17,308.85,127.17,308.85,141.18,288.84,141.18
285.4,124.22,305.34,124.22,305.34,138.17,285.4,138.17
283.35,122.99,303.42,122.99,303.42,137.04,283.35,137.04
281.53,122.26,301.53,122.26,301.53,136.25,281.53,136.25
278.48,120.77,298.52,120.77,298.52,134.8,278.48,134.8
277.03,120.37,297,120.37,297,134.36,277.03,134.36
274.56,119.12,294.68,119.12,294.68,133.21,274.56,133.21
273.22,119.16,293.27,119.16,293.27,133.2,273.22,133.2
272,119.63,292.07,119.63,292.07,133.68,272,133.68
269.68,123.29,289.63,123.29,289.63,137.26,269.68,137.26
268.35,124.87,288.42,124.87,288.42,138.92,268.35,138.92
266.31,128.66,286.4,128.66,286.4,142.72,266.31,142.72
265.84,133.68,285.93,133.68,285.93,147.74,265.84,147.74
266.13,136.75,286.2,136.75,286.2,150.8,266.13,150.8
266.4,135.96,286.46,135.96,286.46,150,266.4,150
266.78,134.28,286.83,134.28,286.83,148.32,266.78,148.32
267.33,133.65,287.39,133.65,287.39,147.7,267.33,147.7
267.78,129.15,287.77,129.15,287.77,143.15,267.78,143.15
268.57,126.32,288.59,126.32,288.59,140.33,268.57,140.33
268.4,122.47,288.36,122.47,288.36,136.44,268.4,136.44
268.51,120.28,288.44,120.28,288.44,134.23,268.51,134.23
267.83,118.02,287.96,118.02,287.96,132.11,267.83,132.11
267.53,117.05,287.62,117.05,287.62,131.11,267.53,131.11
266.31,116.72,286.43,116.72,286.43,130.8,266.31,130.8
265.9,117.26,285.98,117.26,285.98,131.32,265.9,131.32
264.76,117.96,284.82,117.96,284.82,132,264.76,132
264.46,119.68,284.54,119.68,284.54,133.74,264.46,133.74
262.71,125.21,282.68,125.21,282.68,139.19,262.71,139.19
260.4,132.7,280.51,132.7,280.51,146.78,260.4,146.78
259.74,137.18,279.84,137.18,279.84,151.25,259.74,151.25
259.03,139.34,279.12,139.34,279.12,153.41,259.03,153.41
257.03,142.83,277.05,142.83,277.05,156.84,257.03,156.84
255.55,142.97,275.54,142.97,275.54,156.96,255.55,156.96
253.57,142.78,273.68,142.78,273.68,156.86,253.57,156.86
252.3,142.17,272.44,142.17,272.44,156.26,252.3,156.26
251.39,140.83,271.52,140.83,271.52,154.92,251.39,154.92
250.9,135.82,270.89,135.82,270.89,149.8,250.9,149.8
250.78,131.87,270.85,131.87,270.85,145.92,250.78,145.92
249.31,129.81,269.35,129.81,269.35,143.84,249.31,143.84
248.75,124.07,268.77,124.07,268.77,138.08,248.75,138.08
248.03,121.88,268.05,121.88,268.05,135.9,248.03,135.9
247.71,117.95,267.75,117.95,267.75,131.97,247.71,131.97
248.22,116.14,268.23,116.14,268.23,130.15,248.22,130.15
247.32,115.75,267.29,115.75,267.29,129.74,247.32,129.74
244.44,114.05,264.7,114.05,264.7,128.22,244.44,128.22
243.69,114.45,263.89,114.45,263.89,128.59,243.69,128.59
242.76,118.15,262.98,118.15,262.98,132.3,242.76,132.3
241.69,119.48,261.98,119.48,261.98,133.68,241.69,133.68
241.57,121.6,261.76,121.6,261.76,135.74,241.57,135.74
237.31,125.09,257.4,125.09,257.4,139.15,237.31,139.15
238.73,127.62,258.76,127.62,258.76,141.64,238.73,141.64
236.9,128.86,256.99,128.86,256.99,142.92,236.9,142.92
234.46,131.59,254.6,131.59,254.6,145.68,234.46,145.68
231.68,133.44,251.87,133.44,251.87,147.57,231.68,147.57
230.28,134.34,250.4,134.34,250.4,148.42,230.28,148.42
228.04,134.01,248.1,134.01,248.1,148.04,228.04,148.04
225.87,131.63,245.92,131.63,245.92,145.67,225.87,145.67
224.23,129.81,244.29,129.81,244.29,143.85,224.23,143.85
220.46,124.1,240.57,124.1,240.57,138.17,220.46,138.17
219.25,122.06,239.39,122.06,239.39,136.16,219.25,136.16
218.17,120.56,238.25,120.56,238.25,134.61,218.17,134.61
209.99,115.72,230.02,115.72,230.02,129.74,209.99,129.74
206.65,119.28,226.64,119.28,226.64,133.27,206.65,133.27
204.63,124.17,224.74,124.17,224.74,138.25,204.63,138.25
203.31,126.23,223.41,126.23,223.41,140.3,203.31,140.3
202.84,127.18,222.92,127.18,222.92,141.23,202.84,141.23
202.44,127.93,222.43,127.93,222.43,141.93,202.44,141.93
201.67,129.23,221.66,129.23,221.66,143.23,201.67,143.23
201.17,129.54,221.24,129.54,221.24,143.59,201.17,143.59
200.36,129.37,220.39,129.37,220.39,143.39,200.36,143.39
199.82,126.71,219.86,126.71,219.86,140.74,199.82,140.74
200.25,124.11,220.27,124.11,220.27,138.12,200.25,138.12
198.91,119.73,218.96,119.73,218.96,133.77,198.91,133.77
198.24,114.3,218.27,114.3,218.27,128.32,198.24,128.32
197.88,112.07,217.88,112.07,217.88,126.07,197.88,126.07
196.34,108.09,216.33,108.09,216.33,122.09,196.34,122.09
195.77,105.87,215.81,105.87,215.81,119.9,195.77,119.9
194.96,105.42,215.07,105.42,215.07,119.5,194.96,119.5
194.52,104.94,214.72,104.94,214.72,119.08,194.52,119.08
192.2,105.34,212.38,105.34,212.38,119.46,192.2,119.46
191.57,106.6,211.62,106.6,211.62,120.63,191.57,120.63
189.59,111.24,209.66,111.24,209.66,125.29,189.59,125.29
188.69,115.19,208.9,115.19,208.9,129.34,188.69,129.34
186.84,121.29,206.97,121.29,206.97,135.38,186.84,135.38
186.63,123.89,206.68,123.89,206.68,137.93,186.63,137.93
184.23,126.55,204.23,126.55,204.23,140.54,184.23,140.54
183.78,127.37,203.91,127.37,203.91,141.45,183.78,141.45
182.67,129.18,202.64,129.18,202.64,143.16,182.67,143.16
181.83,127.99,201.8,127.99,201.8,141.97,181.83,141.97
181.47,127.1,201.41,127.1,201.41,141.06,181.47,141.06
179.4,123.63,199.46,123.63,199.46,137.67,179.4,137.67
178.72,120.34,198.76,120.34,198.76,134.37,178.72,134.37
178.52,120.3,198.53,120.3,198.53,134.31,178.52,134.31
178.4,117.87,198.35,117.87,198.35,131.83,178.4,131.83
177.52,117.15,197.54,117.15,197.54,131.17,177.52,131.17
178.18,115.8,198.15,115.8,198.15,129.78,178.18,129.78
182.09,112.03,202.15,112.03,202.15,126.07,182.09,126.07
181.48,110.25,201.55,110.25,201.55,124.3,181.48,124.3
180.2,107.92,200.31,107.92,200.31,121.99,180.2,121.99
179.42,106.57,199.48,106.57,199.48,120.61,179.42,120.61
179.66,106.78,199.69,106.78,199.69,120.8,179.66,120.8
179.57,107.72,199.59,107.72,199.59,121.73,179.57,121.73
179.38,111.75,199.39,111.75,199.39,125.76,179.38,125.76
179.43,114.89,199.48,114.89,199.48,128.93,179.43,128.93
177.37,121.2,197.45,121.2,197.45,135.26,177.37,135.26
179.83,121.43,199.88,121.43,199.88,135.46,179.83,135.46
180.16,122.16,200.13,122.16,200.13,136.13,180.16,136.13
179.62,123.66,199.69,123.66,199.69,137.71,179.62,137.71
179.79,124,199.82,124,199.82,138.02,179.79,138.02
179.81,123.21,199.85,123.21,199.85,137.24,179.81,137.24
180.3,121.93,200.31,121.93,200.31,135.93,180.3,135.93
180.02,118.35,200.05,118.35,200.05,132.37,180.02,132.37
179.92,116.33,199.89,116.33,199.89,130.31,179.92,130.31
179.09,114.37,199.16,114.37,199.16,128.42,179.09,128.42
178.74,113.42,198.72,113.42,198.72,127.41,178.74,127.41
176.97,110.54,197.06,110.54,197.06,124.6,176.97,124.6
176.13,108.85,196.27,108.85,196.27,122.95,176.13,122.95
173.58,104.53,193.78,104.53,193.78,118.67,173.58,118.67
172.25,103.68,192.38,103.68,192.38,117.78,172.25,117.78
169.44,102.32,189.58,102.32,189.58,116.42,169.44,116.42
168.04,102.33,188.13,102.33,188.13,116.39,168.04,116.39
166.54,103.07,186.62,103.07,186.62,117.12,166.54,117.12
163.27,105.85,183.35,105.85,183.35,119.9,163.27,119.9
161.11,108.25,181.08,108.25,181.08,122.23,161.11,122.23
158.1,113.12,178.14,113.12,178.14,127.15,158.1,127.15
155.41,116.82,175.53,116.82,175.53,130.9,155.41,130.9
153.98,117.58,174.08,117.58,174.08,131.65,153.98,131.65
151.98,118.51,172.06,118.51,172.06,132.56,151.98,132.56
150.55,118.58,170.63,118.58,170.63,132.63,150.55,132.63
148.88,119.29,168.91,119.29,168.91,133.31,148.88,133.31
148.57,119.52,168.51,119.52,168.51,133.48,148.57,133.48
147.24,118.21,167.23,118.21,167.23,132.2,147.24,132.2
147.54,117.57,167.51,117.57,167.51,131.55,147.54,131.55
147.73,114.29,167.72,114.29,167.72,128.29,147.73,128.29
148.02,111.99,168.07,111.99,168.07,126.02,148.02,126.02
148.56,111.58,168.48,111.58,168.48,125.53,148.56,125.53
147.99,110.69,167.99,110.69,167.99,124.7,147.99,124.7
149.35,109.83,169.34,109.83,169.34,123.82,149.35,123.82
149.63,109.2,169.77,109.2,169.77,123.3,149.63,123.3
149.51,108.76,169.61,108.76,169.61,122.83,149.51,122.83
149.45,109.43,169.53,109.43,169.53,123.49,149.45,123.49
150.14,112.79,170.26,112.79,170.26,126.87,150.14,126.87
150.43,114.96,170.53,114.96,170.53,129.03,150.43,129.03
151.62,117.99,171.75,117.99,171.75,132.08,151.62,132.08
151.84,118.25,171.91,118.25,171.91,132.3,151.84,132.3
150.71,118.51,170.77,118.51,170.77,132.55,150.71,132.55
150.62,119.2,170.66,119.2,170.66,133.23,150.62,133.23
150.5,119.25,170.55,119.25,170.55,133.29,150.5,133.29
149.19,118.51,169.25,118.51,169.25,132.55,149.19,132.55
148.38,117.89,168.39,117.89,168.39,131.9,148.38,131.9
147.47,117.42,167.46,117.42,167.46,131.42,147.47,131.42
145.45,115.87,165.45,115.87,165.45,129.87,145.45,129.87
144.1,115.15,164.12,115.15,164.12,129.16,144.1,129.16
142.73,115.14,162.68,115.14,162.68,129.1,142.73,129.1
138.87,114.03,158.8,114.03,158.8,127.98,138.87,127.98
136.84,114.02,156.83,114.02,156.83,128.01,136.84,128.01
134.51,114.49,154.57,114.49,154.57,128.53,134.51,128.53
132.72,114.35,152.7,114.35,152.7,128.34,132.72,128.34
131.28,114.82,151.33,114.82,151.33,128.85,131.28,128.85
128.42,115.71,148.44,115.71,148.44,129.72,128.42,129.72
126.94,116.61,146.82,116.61,146.82,130.53,126.94,130.53
124.79,117.23,144.68,117.23,144.68,131.15,124.79,131.15
121.57,118.86,141.36,118.86,141.36,132.72,121.57,132.72
120.9,119.2,140.69,119.2,140.69,133.06,120.9,133.06
119.44,118.75,139.24,118.75,139.24,132.61,119.44,132.61
118.86,119.17,138.64,119.17,138.64,133.01,118.86,133.01
117.67,119.36,137.57,119.36,137.57,133.29,117.67,133.29
116.91,119.9,136.86,119.9,136.86,133.87,116.91,133.87
117.24,120.16,137.24,120.16,137.24,134.16,117.24,134.16
116.94,120.7,137.02,120.7,137.02,134.75,116.94,134.75
117.34,120.87,137.42,120.87,137.42,134.93,117.34,134.93
117.5,120.77,137.54,120.77,137.54,134.8,117.5,134.8
119.49,122.46,139.51,122.46,139.51,136.47,119.49,136.47
120.31,122.23,140.32,122.23,140.32,136.23,120.31,136.23
121.61,122.53,141.5,122.53,141.5,136.45,121.61,136.45
122.27,122.74,142.24,122.74,142.24,136.72,122.27,136.72
123.47,123.81,143.52,123.81,143.52,137.84,123.47,137.84
126.09,125.02,146.01,125.02,146.01,138.96,126.09,138.96
128.98,127.66,148.96,127.66,148.96,141.65,128.98,141.65
130.34,128.22,150.3,128.22,150.3,142.2,130.34,142.2
131.27,128.59,151.28,128.59,151.28,142.6,131.27,142.6
132.56,130.12,152.62,130.12,152.62,144.16,132.56,144.16
133.99,130.96,154,130.96,154,144.96,133.99,144.96
132.93,134.46,152.91,134.46,152.91,148.45,132.93,148.45
135.38,135.67,155.4,135.67,155.4,149.68,135.38,149.68
136.35,136.29,156.3,136.29,156.3,150.26,136.35,150.26
141.9,133,161.85,133,161.85,146.96,141.9,146.96
142.25,131.27,162.24,131.27,162.24,145.27,142.25,145.27
144.19,131.14,164.31,131.14,164.31,145.23,144.19,145.23
139.7,129.4,159.69,129.4,159.69,143.4,139.7,143.4
139.99,129.06,159.93,129.06,159.93,143.01,139.99,143.01
141.69,126.55,161.56,126.55,161.56,140.46,141.69,140.46
142.12,125.15,162.1,125.15,162.1,139.14,142.12,139.14
142.8,121.41,162.81,121.41,162.81,135.42,142.8,135.42
143.58,119.23,163.52,119.23,163.52,133.19,143.58,133.19
143.74,115.1,163.68,115.1,163.68,129.06,143.74,129.06
144.25,112.73,164.3,112.73,164.3,126.77,144.25,126.77
146.14,108.92,166.09,108.92,166.09,122.89,146.14,122.89
146.39,107.43,166.45,107.43,166.45,121.47,146.39,121.47
148.07,106.2,168.1,106.2,168.1,120.22,148.07,120.22
149.45,104.74,169.51,104.74,169.51,118.78,149.45,118.78
150.22,105.51,170.37,105.51,170.37,119.61,150.22,119.61
151.44,107.34,171.7,107.34,171.7,121.52,151.44,121.52
151.94,108.26,172.19,108.26,172.19,122.43,151.94,122.43
153.15,109.6,173.41,109.6,173.41,123.79,153.15,123.79
154.73,113.44,174.97,113.44,174.97,127.61,154.73,127.61
157.51,118.83,177.79,118.83,177.79,133.02,157.51,133.02
158.31,120.51,178.55,120.51,178.55,134.68,158.31,134.68
159.64,122.95,179.96,122.95,179.96,137.17,159.64,137.17
166.24,127.59,186.67,127.59,186.67,141.89,166.24,141.89
167.98,123.26,188.45,123.26,188.45,137.59,167.98,137.59
168.9,118.34,189.33,118.34,189.33,132.64,168.9,132.64
169.28,113.66,189.72,113.66,189.72,127.98,169.28,127.98
169.77,108.41,190.23,108.41,190.23,122.73,169.77,122.73
169.75,104.41,190.29,104.41,190.29,118.79,169.75,118.79
170.07,102.18,190.58,102.18,190.58,116.54,170.07,116.54
169.55,101.23,190.2,101.23,190.2,115.69,169.55,115.69
169.92,102.77,190.67,102.77,190.67,117.3,169.92,117.3
169.78,104.17,190.47,104.17,190.47,118.65,169.78,118.65
169.45,107.02,190.26,107.02,190.26,121.59,169.45,121.59
169.37,111.58,190.16,111.58,190.16,126.13,169.37,126.13
169.4,114.72,190.08,114.72,190.08,129.2,169.4,129.2
170.5,120.92,191.28,120.92,191.28,135.47,170.5,135.47
171.05,123.85,191.82,123.85,191.82,138.39,171.05,138.39
171.96,126.91,192.68,126.91,192.68,141.41,171.96,141.41
172.55,127.09,193.24,127.09,193.24,141.58,172.55,141.58
173.87,127.5,194.63,127.5,194.63,142.03,173.87,142.03
174.79,127.82,195.47,127.82,195.47,142.3,174.79,142.3
175.94,127.39,196.52,127.39,196.52,141.8,175.94,141.8
177.55,125.41,198.16,125.41,198.16,139.83,177.55,139.83
179.18,122.21,199.85,122.21,199.85,136.68,179.18,136.68
180.51,121.41,201.24,121.41,201.24,135.91,180.51,135.91
183.08,119.58,203.73,119.58,203.73,134.04,183.08,134.04
184.06,118.56,204.66,118.56,204.66,132.98,184.06,132.98
187.18,116.11,207.71,116.11,207.71,130.48,187.18,130.48
188.67,115,209.21,115,209.21,129.38,188.67,129.38
190.83,112.85,211.43,112.85,211.43,127.27,190.83,127.27
191.38,111.99,211.92,111.99,211.92,126.37,191.38,126.37
194.53,110.86,215.03,110.86,215.03,125.21,194.53,125.21
195.64,110.57,216.2,110.57,216.2,124.96,195.64,124.96
195.9,111.42,216.52,111.42,216.52,125.85,195.9,125.85
199.62,112.41,220.19,112.41,220.19,126.8,199.62,126.8
200.66,113.5,221.19,113.5,221.19,127.88,200.66,127.88
200.82,117.92,221.18,117.92,221.18,132.17,200.82,132.17
202.16,120.55,222.52,120.55,222.52,134.8,202.16,134.8
203.3,123.29,223.61,123.29,223.61,137.51,203.3,137.51
204.06,124.31,224.35,124.31,224.35,138.52,204.06,138.52
205.49,126.87,225.83,126.87,225.83,141.11,205.49,141.11
210.05,127.91,230.33,127.91,230.33,142.11,210.05,142.11
207.63,128.11,227.97,128.11,227.97,142.36,207.63,142.36
208.24,128.04,228.66,128.04,228.66,142.34,208.24,142.34
209.35,127.97,229.81,127.97,229.81,142.29,209.35,142.29
209.66,128.23,230.13,128.23,230.13,142.56,209.66,142.56
211.28,128.99,231.85,128.99,231.85,143.38,211.28,143.38
211.82,129.51,232.34,129.51,232.34,143.88,211.82,143.88
212.58,129.62,233.16,129.62,233.16,144.03,212.58,144.03
213.35,129.54,233.94,129.54,233.94,143.95,213.35,143.95
213.91,129.5,234.45,129.5,234.45,143.88,213.91,143.88
216.71,130.21,237.21,130.21,237.21,144.57,216.71,144.57
213.77,130.25,234.27,130.25,234.27,144.61,213.77,144.61
214.66,130.29,235.19,130.29,235.19,144.66,214.66,144.66
215.16,130.75,235.73,130.75,235.73,145.15,215.16,145.15
216.06,129.44,236.65,129.44,236.65,143.86,216.06,143.86
215.65,130.25,236.27,130.25,236.27,144.68,215.65,144.68
215.88,130.7,236.59,130.7,236.59,145.19,215.88,145.19
216.53,129.92,237.26,129.92,237.26,144.44,216.53,144.44
216.56,129.39,237.25,129.39,237.25,143.87,216.56,143.87
216.9,127.72,237.47,127.72,237.47,142.12,216.9,142.12
216.41,126.04,237.01,126.04,237.01,140.46,216.41,140.46
216.7,125.79,237.24,125.79,237.24,140.16,216.7,140.16
216.78,124.6,237.3,124.6,237.3,138.97,216.78,138.97
216.67,124.88,237.19,124.88,237.19,139.24,216.67,139.24
216.6,125.52,237.04,125.52,237.04,139.82,216.6,139.82
216.38,128.16,236.84,128.16,236.84,142.48,216.38,142.48
216.45,129.35,236.92,129.35,236.92,143.68,216.45,143.68
215.97,131.03,236.52,131.03,236.52,145.42,215.97,145.42
214.76,132.07,235.31,132.07,235.31,146.46,214.76,146.46
212.78,132.93,233.29,132.93,233.29,147.29,212.78,147.29
211.46,133.25,231.93,133.25,231.93,147.58,211.46,147.58
209.11,131.81,229.6,131.81,229.6,146.15,209.11,146.15
207.23,131.21,227.81,131.21,227.81,145.62,207.23,145.62
206.21,130.46,226.67,130.46,226.67,144.78,206.21,144.78
204,130.14,224.51,130.14,224.51,144.49,204,144.49
203.2,129.62,223.78,129.62,223.78,144.02,203.2,144.02
202.6,129.45,223.15,129.45,223.15,143.84,202.6,143.84
201.67,128.76,222.23,128.76,222.23,143.16,201.67,143.16
201.36,129.08,221.87,129.08,221.87,143.44,201.36,143.44
200.49,128.7,221.08,128.7,221.08,143.11,200.49,143.11
200.32,128.82,220.91,128.82,220.91,143.24,200.32,143.24
200.36,128.91,220.96,128.91,220.96,143.33,200.36,143.33
200.92,128.47,221.52,128.47,221.52,142.89,200.92,142.89
201.46,128.93,222.05,128.93,222.05,143.35,201.46,143.35
202.6,129.53,223.22,129.53,223.22,143.97,202.6,143.97
203.12,129.63,223.67,129.63,223.67,144.01,203.12,144.01
205.57,130.48,226.08,130.48,226.08,144.84,205.57,144.84
206.65,131.04,227.15,131.04,227.15,145.38,206.65,145.38
209.03,131.8,229.56,131.8,229.56,146.17,209.03,146.17
210.61,132.45,231.12,132.45,231.12,146.8,210.61,146.8
212.87,132.16,233.47,132.16,233.47,146.57,212.87,146.57
215.92,131.48,236.48,131.48,236.48,145.87,215.92,145.87
218.4,131.33,239.02,131.33,239.02,145.76,218.4,145.76
219.91,131.05,240.52,131.05,240.52,145.48,219.91,145.48
222.16,129.89,242.83,129.89,242.83,144.36,222.16,144.36
223.07,129.51,243.74,129.51,243.74,143.98,223.07,143.98
224.42,127.87,245.13,127.87,245.13,142.37,224.42,142.37
225.08,127.71,245.74,127.71,245.74,142.17,225.08,142.17
226.35,128.24,247.03,128.24,247.03,142.72,226.35,142.72
226.83,128.62,247.54,128.62,247.54,143.12,226.83,143.12
226.67,129.9,247.3,129.9,247.3,144.35,226.67,144.35
226.18,131.08,246.81,131.08,246.81,145.52,226.18,145.52
226.04,132.28,246.54,132.28,246.54,146.64,226.04,146.64
224.12,133.87,244.63,133.87,244.63,148.24,224.12,148.24
223.63,134.82,244.1,134.82,244.1,149.16,223.63,149.16
221.16,134.59,241.63,134.59,241.63,148.91,221.16,148.91
218.52,134.92,239.11,134.92,239.11,149.33,218.52,149.33
217.3,135.09,238,135.09,238,149.58,217.3,149.58
216.01,134.77,236.77,134.77,236.77,149.3,216.01,149.3
213.16,134.55,233.91,134.55,233.91,149.08,213.16,149.08
211.6,134.37,232.34,134.37,232.34,148.89,211.6,148.89
210.31,133.59,231.12,133.59,231.12,148.16,210.31,148.16
207.32,131.6,228.05,131.6,228.05,146.11,207.32,146.11
206.05,131.85,226.87,131.85,226.87,146.42,206.05,146.42
203.72,130.25,224.4,130.25,224.4,144.73,203.72,144.73
203.38,130.37,224.03,130.37,224.03,144.83,203.38,144.83
201.1,129.2,221.71,129.2,221.71,143.63,201.1,143.63
203.06,129.34,223.68,129.34,223.68,143.77,203.06,143.77
205.12,130.56,225.79,130.56,225.79,145.02,205.12,145.02
206.37,130.57,227.06,130.57,227.06,145.05,206.37,145.05
208.68,127.79,229.45,127.79,229.45,142.33,208.68,142.33
210.22,126.28,231.01,126.28,231.01,140.83,210.22,140.83
213.4,121.69,234.1,121.69,234.1,136.18,213.4,136.18
215.36,119.29,236.22,119.29,236.22,133.9,215.36,133.9
218.27,114.87,238.99,114.87,238.99,129.38,218.27,129.38
221.96,107.5,242.76,107.5,242.76,122.06,221.96,122.06
223.43,103.47,244.27,103.47,244.27,118.06,223.43,118.06
227.86,100.53,248.68,100.53,248.68,115.11,227.86,115.11
230.03,91.721,250.82,91.721,250.82,106.27,230.03,106.27
234.16,81.836,254.88,81.836,254.88,96.335,234.16,96.335
235.64,76.723,256.4,76.723,256.4,91.253,235.64,91.253
236.52,62.809,257.23,62.809,257.23,77.303,236.52,77.303
243.48,52.313,264.11,52.313,264.11,66.755,243.48,66.755
247.88,48.683,268.38,48.683,268.38,63.03,247.88,63.03
242.85,35.332,263.39,35.332,263.39,49.713,242.85,49.713
243.64,33.872,264.27,33.872,264.27,48.319,243.64,48.319
244.04,35.219,264.76,35.219,264.76,49.724,244.04,49.724
244.88,34.141,265.72,34.141,265.72,48.723,244.88,48.723
253.68,26.814,274.14,26.814,274.14,41.138,253.68,41.138
258.11,29.587,278.53,29.587,278.53,43.884,258.11,43.884
