280,98,304,98,304,177,280,177
281.36,94.776,305.1,94.776,305.1,172.92,281.36,172.92
282.72,94.735,306.44,94.735,306.44,172.84,282.72,172.84
284.24,95.213,307.59,95.213,307.59,172.08,284.24,172.08
284.83,94.773,308.2,94.773,308.2,171.68,284.83,171.68
287.06,94.961,310.36,94.961,310.36,171.68,287.06,171.68
289.31,95.165,312.57,95.165,312.57,171.76,289.31,171.76
292.16,95.815,315.31,95.815,315.31,172.02,292.16,172.02
293.77,95.628,316.84,95.628,316.84,171.58,293.77,171.58
296.82,95.434,319.64,95.434,319.64,170.54,296.82,170.54
298.88,94.45,322.04,94.45,322.04,170.67,298.88,170.67
299.97,94.131,323.47,94.131,323.47,171.47,299.97,171.47
301.24,94.46,324.81,94.46,324.81,172.02,301.24,172.02
300.89,93.463,324.62,93.463,324.62,171.58,300.89,171.58
302.08,93.988,325.73,93.988,325.73,171.86,302.08,171.86
302.18,93.397,326.02,93.397,326.02,171.88,302.18,171.88
302.83,93.155,326.69,93.155,326.69,171.7,302.83,171.7
303.68,93.026,327.54,93.026,327.54,171.57,303.68,171.57
304.18,92.749,328.19,92.749,328.19,171.78,304.18,171.78
305.75,92.994,329.78,92.994,329.78,172.12,305.75,172.12
306.86,92.76,331.05,92.76,331.05,172.38,306.86,172.38
309.22,91.365,333.54,91.365,333.54,171.42,309.22,171.42
309.45,90.8,333.99,90.8,333.99,171.56,309.45,171.56
311.12,90.87,335.78,90.87,335.78,172.06,311.12,172.06
311.07,90.227,335.65,90.227,335.65,171.13,311.07,171.13
311.51,90.37,336.1,90.37,336.1,171.33,311.51,171.33
311.34,89.769,336.1,89.769,336.1,171.27,311.34,171.27
311.88,90.106,336.76,90.106,336.76,172,311.88,172
311.6,90.083,336.36,90.083,336.36,171.6,311.6,171.6
311.39,90.209,336.46,90.209,336.46,172.74,311.39,172.74
310.76,90.47,335.78,90.47,335.78,172.81,310.76,172.81
309.86,90.676,334.81,90.676,334.81,172.81,309.86,172.81
307.64,91.108,332.24,91.108,332.24,172.06,307.64,172.06
306.57,91.157,331.12,91.157,331.12,171.98,306.57,171.98
306.45,91.628,331.05,91.628,331.05,172.58,306.45,172.58
305.33,91.251,329.92,91.251,329.92,172.17,305.33,172.17
305.3,91.137,329.92,91.137,329.92,172.19,305.3,172.19
304.82,91.579,329.27,91.579,329.27,172.07,304.82,172.07
304.34,92.43,328.77,92.43,328.77,172.82,304.34,172.82
303.54,92.008,327.9,92.008,327.9,172.19,303.54,172.19
302.64,92.313,326.94,92.313,326.94,172.28,302.64,172.28
302.81,92.471,327.08,92.471,327.08,172.37,302.81,172.37
302.24,92.605,326.52,92.605,326.52,172.55,302.24,172.55
301.72,92.739,325.97,92.739,325.97,172.55,301.72,172.55
300.66,93.069,324.88,93.069,324.88,172.79,300.66,172.79
300.09,93.247,324.38,93.247,324.38,173.21,300.09,173.21
299.74,93.376,324.01,93.376,324.01,173.28,299.74,173.28
298.46,93.664,322.7,93.664,322.7,173.45,298.46,173.45
297.32,93.812,321.63,93.812,321.63,173.82,297.32,173.82
296.81,93.694,321.08,93.694,321.08,173.59,296.81,173.59
295,93.904,319.31,93.904,319.31,173.93,295,173.93
293.22,93.926,317.58,93.926,317.58,174.11,293.22,174.11
291.11,93.631,315.31,93.631,315.31,173.27,291.11,173.27
290.44,93.776,314.5,93.776,314.5,172.98,290.44,172.98
289.51,93.662,313.44,93.662,313.44,172.45,289.51,172.45
287.81,93.75,311.58,93.75,311.58,172,287.81,172
288.03,93.903,311.56,93.903,311.56,171.34,288.03,171.34
287.29,93.861,310.78,93.861,310.78,171.18,287.29,171.18
286.84,94.239,310.26,94.239,310.26,171.33,286.84,171.33
285.67,94.278,309.04,94.278,309.04,171.2,285.67,171.2
284.01,94.809,307.2,94.809,307.2,171.13,284.01,171.13
283.32,95.367,306.57,95.367,306.57,171.91,283.32,171.91
282.49,95.551,305.77,95.551,305.77,172.17,282.49,172.17
281.77,95.081,305.04,95.081,305.04,171.69,281.77,171.69
281,95.263,304.21,95.263,304.21,171.68,281,171.68
280.69,95.199,303.87,95.199,303.87,171.5,280.69,171.5
279.83,95.748,302.94,95.748,302.94,171.83,279.83,171.83
278.67,95.289,301.67,95.289,301.67,171.01,278.67,171.01
278.71,95.784,301.71,95.784,301.71,171.49,278.71,171.49
277.63,95.882,300.66,95.882,300.66,171.69,277.63,171.69
276.23,95.853,299.26,95.853,299.26,171.65,276.23,171.65
275.93,95.939,298.97,95.939,298.97,171.77,275.93,171.77
273.43,95.524,296.46,95.524,296.46,171.34,273.43,171.34
272.52,95.417,295.66,95.417,295.66,171.6,272.52,171.6
270.96,94.928,294.14,94.928,294.14,171.24,270.96,171.24
271,95.459,294.16,95.459,294.16,171.7,271,171.7
269.35,94.97,292.53,94.97,292.53,171.28,269.35,171.28
269.48,95.34,292.7,95.34,292.7,171.76,269.48,171.76
268.82,95.153,292.1,95.153,292.1,171.81,268.82,171.81
268.46,95.003,291.82,95.003,291.82,171.88,268.46,171.88
266.24,95.364,289.54,95.364,289.54,172.04,266.24,172.04
264.45,96.396,287.91,96.396,287.91,173.63,264.45,173.63
261.72,97.561,285.28,97.561,285.28,175.13,261.72,175.13
258.97,97.646,282.26,97.646,282.26,174.31,258.97,174.31
257.92,97.981,281.07,97.981,281.07,174.17,257.92,174.17
256.12,98.226,278.98,98.226,278.98,173.47,256.12,173.47
254.78,98.287,277.47,98.287,277.47,172.98,254.78,172.98
254.25,98.366,276.9,98.366,276.9,172.89,254.25,172.89
253.05,98.299,275.61,98.299,275.61,172.56,253.05,172.56
251.88,98.082,274.39,98.082,274.39,172.16,251.88,172.16
251.22,98.547,273.66,98.547,273.66,172.42,251.22,172.42
250.34,98.532,272.9,98.532,272.9,172.81,250.34,172.81
249,97.946,271.57,97.946,271.57,172.26,249,172.26
247.78,98.096,270.49,98.096,270.49,172.85,247.78,172.85
247.48,97.878,270.35,97.878,270.35,173.15,247.48,173.15
246.37,97.351,269.32,97.351,269.32,172.91,246.37,172.91
246.01,97.543,269.11,97.543,269.11,173.57,246.01,173.57
244.82,97.127,267.92,97.127,267.92,173.17,244.82,173.17
243.69,97.023,266.78,97.023,266.78,173.03,243.69,173.03
242.94,97.327,266.04,97.327,266.04,173.38,242.94,173.38
241.92,97.963,264.96,97.963,264.96,173.8,241.92,173.8
240.05,98.686,263.21,98.686,263.21,174.92,240.05,174.92
238.04,98.872,261.31,98.872,261.31,175.46,238.04,175.46
236.41,99.094,259.71,99.094,259.71,175.79,236.41,175.79
235.03,99.212,258.28,99.212,258.28,175.73,235.03,175.73
234.17,99.052,257.39,99.052,257.39,175.5,234.17,175.5
233.41,99.135,256.57,99.135,256.57,175.35,233.41,175.35
232.5,98.868,255.44,98.868,255.44,174.37,232.5,174.37
232.6,99.253,255.44,99.253,255.44,174.44,232.6,174.44
232.04,99.015,254.75,99.015,254.75,173.78,232.04,173.78
232.46,99.415,255.07,99.415,255.07,173.84,232.46,173.84
231.65,99.193,254.11,99.193,254.11,173.13,231.65,173.13
231.91,99.421,254.33,99.421,254.33,173.21,231.91,173.21
231.71,99.376,254.17,99.376,254.17,173.28,231.71,173.28
231.27,99.33,253.75,99.33,253.75,173.33,231.27,173.33
231.1,99.247,253.63,99.247,253.63,173.39,231.1,173.39
230.68,99.21,253.16,99.21,253.16,173.22,230.68,173.22
230.56,99.351,253.1,99.351,253.1,173.54,230.56,173.54
230.02,99.138,252.52,99.138,252.52,173.22,230.02,173.22
229.74,99.277,252.28,99.277,252.28,173.49,229.74,173.49
228.88,99.083,251.24,99.083,251.24,172.69,228.88,172.69
228.69,98.971,251.02,98.971,251.02,172.45,228.69,172.45
228.28,98.559,250.62,98.559,250.62,172.1,228.28,172.1
228.31,98.296,250.71,98.296,250.71,172.01,228.31,172.01
227.94,98.042,250.48,98.042,250.48,172.23,227.94,172.23
228.29,98.15,250.83,98.15,250.83,172.32,228.29,172.32
228.08,98.431,250.56,98.431,250.56,172.42,228.08,172.42
228.13,98.218,250.71,98.218,250.71,172.56,228.13,172.56
227.47,97.999,250.05,97.999,250.05,172.33,227.47,172.33
227.62,98.114,250.16,98.114,250.16,172.3,227.62,172.3
228.12,98.678,250.63,98.678,250.63,172.79,228.12,172.79
228.39,98.464,250.87,98.464,250.87,172.47,228.39,172.47
228.26,98.687,250.82,98.687,250.82,172.93,228.26,172.93
228.12,98.075,250.76,98.075,250.76,172.6,228.12,172.6
228.85,98.289,251.51,98.289,251.51,172.87,228.85,172.87
228.15,98.098,250.88,98.098,250.88,172.93,228.15,172.93
228.59,98.392,251.57,98.392,251.57,174.02,228.59,174.02
228.95,98.589,251.96,98.589,251.96,174.33,228.95,174.33
229.72,98.568,252.8,98.568,252.8,174.53,229.72,174.53
230.51,98.169,253.72,98.169,253.72,174.59,230.51,174.59
232.58,98.283,256.11,98.283,256.11,175.73,232.58,175.73
235.41,98.023,259.17,98.023,259.17,176.21,235.41,176.21
237.22,97.985,261.16,97.985,261.16,176.79,237.22,176.79
238.16,97.808,262.24,97.808,262.24,177.06,238.16,177.06
239.28,97.192,263.21,97.192,263.21,175.95,239.28,175.95
242.06,96.619,266.01,96.619,266.01,175.44,242.06,175.44
243.66,97.048,267.6,97.048,267.6,175.87,243.66,175.87
244.77,97.22,268.66,97.22,268.66,175.86,244.77,175.86
245.1,96.689,268.91,96.689,268.91,175.07,245.1,175.07
247,97.286,270.72,97.286,270.72,175.36,247,175.36
247.8,97.894,271.34,97.894,271.34,175.4,247.8,175.4
248.45,97.817,271.99,97.817,271.99,175.29,248.45,175.29
248.97,97.998,272.46,97.998,272.46,175.32,248.97,175.32
249.89,98.407,273.3,98.407,273.3,175.46,249.89,175.46
250.38,98.165,273.69,98.165,273.69,174.89,250.38,174.89
250.82,98.114,274.12,98.114,274.12,174.81,250.82,174.81
252.43,98.283,275.73,98.283,275.73,174.98,252.43,174.98
252.72,98.248,276.09,98.248,276.09,175.17,252.72,175.17
253.33,97.523,276.75,97.523,276.75,174.62,253.33,174.62
254.87,97.558,278.33,97.558,278.33,174.78,254.87,174.78
256.57,97.843,280.11,97.843,280.11,175.32,256.57,175.32
258.29,97.493,281.95,97.493,281.95,175.35,258.29,175.35
261.78,97.024,285.51,97.024,285.51,175.14,261.78,175.14
264.76,97.008,288.43,97.008,288.43,174.9,264.76,174.9
266.42,96.1,290.15,96.1,290.15,174.21,266.42,174.21
268.41,96.068,292.06,96.068,292.06,173.92,268.41,173.92
269.44,95.149,293.19,95.149,293.19,173.34,269.44,173.34
271.56,95.385,295.29,95.385,295.29,173.51,271.56,173.51
273.28,95.255,296.92,95.255,296.92,173.09,273.28,173.09
274.22,95.112,297.77,95.112,297.77,172.63,274.22,172.63
275.82,95.236,299.5,95.236,299.5,173.2,275.82,173.2
276.67,95.555,300.35,95.555,300.35,173.5,276.67,173.5
277.39,95.333,301.11,95.333,301.11,173.4,277.39,173.4
278.46,95.789,302.07,95.789,302.07,173.52,278.46,173.52
279.31,95.069,302.98,95.069,302.98,172.99,279.31,172.99
280.86,95.153,304.38,95.153,304.38,172.58,280.86,172.58
281.69,95.093,305.36,95.093,305.36,172.98,281.69,172.98
286.73,95.027,310.35,95.027,310.35,172.77,286.73,172.77
289.07,94.717,312.78,94.717,312.78,172.76,289.07,172.76
290.68,95.225,314.43,95.225,314.43,173.43,290.68,173.43
292.1,94.769,315.97,94.769,315.97,173.34,292.1,173.34
293.05,94.235,316.92,94.235,316.92,172.81,293.05,172.81
294.65,94.131,318.44,94.131,318.44,172.42,294.65,172.42
295.68,94.382,319.46,94.382,319.46,172.64,295.68,172.64
295.73,94.609,319.5,94.609,319.5,172.83,295.73,172.83
295.49,94.839,319.19,94.839,319.19,172.84,295.49,172.84
294.92,94.564,318.74,94.564,318.74,172.99,294.92,172.99
293.7,94.376,317.5,94.376,317.5,172.7,293.7,172.7
293.05,94.675,316.99,94.675,316.99,173.47,293.05,173.47
292.65,94.403,316.54,94.403,316.54,173.03,292.65,173.03
291.31,94.292,315.16,94.292,315.16,172.8,291.31,172.8
290.86,94.42,314.72,94.42,314.72,172.96,290.86,172.96
290.5,94.851,314.26,94.851,314.26,173.08,290.5,173.08
290.12,94.986,314.03,94.986,314.03,173.69,290.12,173.69
287.86,94.715,311.8,94.715,311.8,173.5,287.86,173.5
287.43,94.85,311.39,94.85,311.39,173.71,287.43,173.71
287.45,95.197,311.41,95.197,311.41,174.07,287.45,174.07
287.41,95.34,311.36,95.34,311.36,174.19,287.41,174.19
287.16,95.272,311.11,95.272,311.11,174.11,287.16,174.11
286.92,95.197,310.9,95.197,310.9,174.15,286.92,174.15
286.88,95.019,310.9,95.019,310.9,174.08,286.88,174.08
286.67,95.178,310.65,95.178,310.65,174.13,286.67,174.13
286.59,95.218,310.58,95.218,310.58,174.18,286.59,174.18
286.56,95.188,310.55,95.188,310.55,174.15,286.56,174.15
286.26,95.29,310.22,95.29,310.22,174.17,286.26,174.17
286.28,95.202,310.24,95.202,310.24,174.09,286.28,174.09
286.01,95.167,310.03,95.167,310.03,174.24,286.01,174.24
286.04,95.267,309.99,95.267,309.99,174.1,286.04,174.1
286.03,95.184,310.01,95.184,310.01,174.12,286.03,174.12
285.83,95.206,309.84,95.206,309.84,174.24,285.83,174.24
285.72,95.074,309.72,95.074,309.72,174.07,285.72,174.07
285.47,95.141,309.48,95.141,309.48,174.2,285.47,174.2
285.35,95.165,309.35,95.165,309.35,174.15,285.35,174.15
285.25,95.303,309.22,95.303,309.22,174.21,285.25,174.21
285.24,95.358,309.23,95.358,309.23,174.31,285.24,174.31
285.16,95.412,309.1,95.412,309.1,174.21,285.16,174.21
284.65,94.942,308.61,94.942,308.61,173.8,284.65,173.8
284.87,95.181,308.89,95.181,308.89,174.27,284.87,174.27
284.71,95.197,308.7,95.197,308.7,174.16,284.71,174.16
284.56,95.337,308.53,95.337,308.53,174.24,284.56,174.24
284.51,95.27,308.5,95.27,308.5,174.25,284.51,174.25
284.48,95.092,308.51,95.092,308.51,174.16,284.48,174.16
284.63,94.653,308.72,94.653,308.72,173.94,284.63,173.94
284.33,94.357,308.34,94.357,308.34,173.39,284.33,173.39
284.99,94.6,309.1,94.6,309.1,173.95,284.99,173.95
285.03,94.191,309.09,94.191,309.09,173.37,285.03,173.37
286.25,94.437,310.29,94.437,310.29,173.56,286.25,173.56
287.17,94.375,311.31,94.375,311.31,173.86,287.17,173.86
287.51,93.548,311.77,93.548,311.77,173.41,287.51,173.41
288.31,93.766,312.82,93.766,312.82,174.42,288.31,174.42
288.81,93.765,313.39,93.765,313.39,174.68,288.81,174.68
289.44,93.235,313.95,93.235,313.95,173.89,289.44,173.89
292.24,93.505,316.83,93.505,316.83,174.43,292.24,174.43
292.1,93.185,316.68,93.185,316.68,174.1,292.1,174.1
292.16,93.013,316.74,93.013,316.74,173.9,292.16,173.9
292.41,93.241,316.99,93.241,316.99,174.13,292.41,174.13
292.3,93.531,316.84,93.531,316.84,174.3,292.3,174.3
291.25,93.363,315.72,93.363,315.72,173.93,291.25,173.93
290.65,93.378,315.11,93.378,315.11,173.89,290.65,173.89
289.06,93.528,313.49,93.528,313.49,173.95,289.06,173.95
287.63,93.263,311.92,93.263,311.92,173.23,287.63,173.23
287.32,93.795,311.51,93.795,311.51,173.42,287.32,173.42
286.39,93.404,310.35,93.404,310.35,172.3,286.39,172.3
286.04,93.387,309.93,93.387,309.93,172.03,286.04,172.03
284.75,92.924,308.6,92.924,308.6,171.44,284.75,171.44
284.17,93.27,307.96,93.27,307.96,171.59,284.17,171.59
283.84,93.704,307.57,93.704,307.57,171.8,283.84,171.8
282.81,93.992,306.62,93.992,306.62,172.35,282.81,172.35
281.66,94.05,305.47,94.05,305.47,172.42,281.66,172.42
280.34,94.158,304.1,94.158,304.1,172.35,280.34,172.35
279.62,94.369,303.35,94.369,303.35,172.47,279.62,172.47
278.8,94.477,302.45,94.477,302.45,172.33,278.8,172.33
277.6,94.352,301.16,94.352,301.16,171.9,277.6,171.9
276.61,94.575,300.07,94.575,300.07,171.81,276.61,171.81
277.06,94.883,300.45,94.883,300.45,171.87,277.06,171.87
276.24,94.793,299.56,94.793,299.56,171.56,276.24,171.56
275.35,94.493,298.75,94.493,298.75,171.52,275.35,171.52
274.23,95.081,297.55,95.081,297.55,171.85,274.23,171.85
272.78,95.13,296.15,95.13,296.15,172.07,272.78,172.07
271.56,95.4,294.87,95.4,294.87,172.14,271.56,172.14
269.94,95.574,293.4,95.574,293.4,172.8,269.94,172.8
269.89,96.162,293.42,96.162,293.42,173.6,269.89,173.6
269.55,95.945,293.2,95.945,293.2,173.77,269.55,173.77
268.93,95.287,292.72,95.287,292.72,173.59,268.93,173.59
269.03,95.601,292.84,95.601,292.84,173.97,269.03,173.97
269.17,95.787,292.89,95.787,292.89,173.89,269.17,173.89
270,95.929,293.66,95.929,293.66,173.8,270,173.8
270.07,95.535,293.76,95.535,293.76,173.53,270.07,173.53
271.37,95.759,295.13,95.759,295.13,173.97,271.37,173.97
272.91,95.759,296.82,95.759,296.82,174.46,272.91,174.46
274.21,95.536,298.06,95.536,298.06,174.02,274.21,174.02
276.19,95.41,300.07,95.41,300.07,174.02,276.19,174.02
277.29,95.114,301.24,95.114,301.24,173.96,277.29,173.96
279.72,95.266,303.76,95.266,303.76,174.4,279.72,174.4
281.87,94.653,305.95,94.653,305.95,173.9,281.87,173.9
282.82,93.819,307.02,93.819,307.02,173.49,282.82,173.49
284.81,94.081,309.16,94.081,309.16,174.23,284.81,174.23
285.11,93.679,309.42,93.679,309.42,173.73,285.11,173.73
291.89,94.22,316.05,94.22,316.05,173.77,291.89,173.77
296.95,94.677,321.02,94.677,321.02,173.89,296.95,173.89
300.86,94.67,324.96,94.67,324.96,173.98,300.86,173.98
303.48,94.426,327.47,94.426,327.47,173.4,303.48,173.4
305.3,94.469,329.39,94.469,329.39,173.76,305.3,173.76
307.38,93.804,331.45,93.804,331.45,173.03,307.38,173.03
309.49,93.74,333.61,93.74,333.61,173.14,309.49,173.14
312.33,93.974,336.42,93.974,336.42,173.26,312.33,173.26
315.02,93.756,339.09,93.756,339.09,172.99,315.02,172.99
316.01,93.561,340.07,93.561,340.07,172.76,316.01,172.76
319.79,93.314,343.82,93.314,343.82,172.42,319.79,172.42
321.36,92.977,345.69,92.977,345.69,173.09,321.36,173.09
322.23,92.321,346.6,92.321,346.6,172.55,322.23,172.55
323.51,92.311,347.88,92.311,347.88,172.5,323.51,172.5
325.52,92.724,349.83,92.724,349.83,172.75,325.52,172.75
327.33,93.679,351.64,93.679,351.64,173.71,327.33,173.71
329.62,94.404,353.95,94.404,353.95,174.49,329.62,174.49
330.75,94.33,355.04,94.33,355.04,174.28,330.75,174.28
332.72,95.038,357.08,95.038,357.08,175.24,332.72,175.24
334.13,94.716,358.43,94.716,358.43,174.72,334.13,174.72
336.44,94.984,360.83,94.984,360.83,175.27,336.44,175.27
338.15,94.789,362.6,94.789,362.6,175.28,338.15,175.28
340.74,95.627,365.13,95.627,365.13,175.9,340.74,175.9
343.93,95.462,368.23,95.462,368.23,175.43,343.93,175.43
347.02,95.847,371.34,95.847,371.34,175.88,347.02,175.88
349.36,95.239,373.59,95.239,373.59,175,349.36,175
351.97,95.13,376.14,95.13,376.14,174.66,351.97,174.66
352.68,94.508,376.88,94.508,376.88,174.16,352.68,174.16
355.06,95.114,379.42,95.114,379.42,175.3,355.06,175.3
356.39,94.93,380.67,94.93,380.67,174.86,356.39,174.86
358.14,95.268,382.38,95.268,382.38,175.03,358.14,175.03
359.41,95.86,383.55,95.86,383.55,175.31,359.41,175.31
359.95,96.216,384.03,96.216,384.03,175.48,359.95,175.48
360.43,96.679,384.6,96.679,384.6,176.23,360.43,176.23
361.45,97.566,385.69,97.566,385.69,177.34,361.45,177.34
363.11,98.62,387.44,98.62,387.44,178.7,363.11,178.7
363.03,98.365,387.34,98.365,387.34,178.38,363.03,178.38
364.18,98.642,388.45,98.642,388.45,178.53,364.18,178.53
364.69,98.56,389.1,98.56,389.1,178.92,364.69,178.92
365.39,98.369,389.86,98.369,389.86,178.9,365.39,178.9
367.32,99.661,391.97,99.661,391.97,180.81,367.32,180.81
368.57,99.501,393.16,99.501,393.16,180.47,368.57,180.47
370.26,99.604,394.9,99.604,394.9,180.72,370.26,180.72
371.4,99.834,396.09,99.834,396.09,181.09,371.4,181.09
372.93,99.39,397.72,99.39,397.72,181,372.93,181
373.94,99.939,398.75,99.939,398.75,181.59,373.94,181.59
374.59,100.09,399.44,100.09,399.44,181.89,374.59,181.89
374.63,99.842,399.49,99.842,399.49,181.66,374.63,181.66
375.14,100.14,400.02,100.14,400.02,182.04,375.14,182.04
375.31,100.35,400.25,100.35,400.25,182.45,375.31,182.45
375.66,100.43,400.6,100.43,400.6,182.53,375.66,182.53
375.88,101.07,400.84,101.07,400.84,183.25,375.88,183.25
376.11,101.58,401.12,101.58,401.12,183.9,376.11,183.9
376.28,101.66,401.41,101.66,401.41,184.38,376.28,184.38
375.66,101.21,400.75,101.21,400.75,183.82,375.66,183.82
375.43,101.58,400.46,101.58,400.46,183.96,375.43,183.96
375.71,101.59,400.79,101.59,400.79,184.16,375.71,184.16
375.16,100.99,400.36,100.99,400.36,183.92,375.16,183.92
375.27,100.95,400.48,100.95,400.48,183.95,375.27,183.95
376.44,101.54,401.61,101.54,401.61,184.39,376.44,184.39
376.58,101.34,401.7,101.34,401.7,184.04,376.58,184.04
377.36,101.56,402.47,101.56,402.47,184.21,377.36,184.21
377.88,101.49,403.16,101.49,403.16,184.69,377.88,184.69
379.41,102.11,404.7,102.11,404.7,185.35,379.41,185.35
379.72,102.13,405.22,102.13,405.22,186.06,379.72,186.06
380.62,101.86,406.11,101.86,406.11,185.74,380.62,185.74
381.4,102.03,407.02,102.03,407.02,186.36,381.4,186.36
382.43,101.73,407.94,101.73,407.94,185.69,382.43,185.69
384.31,101.8,409.74,101.8,409.74,185.49,384.31,185.49
385.43,101.32,410.79,101.32,410.79,184.79,385.43,184.79
388.38,101.26,413.39,101.26,413.39,183.56,388.38,183.56
390.22,101.26,415.01,101.26,415.01,182.83,390.22,182.83
391.01,101.08,415.65,101.08,415.65,182.18,391.01,182.18
391.06,100.19,415.65,100.19,415.65,181.1,391.06,181.1
392.31,100.25,416.9,100.25,416.9,181.2,392.31,181.2
393.13,99.739,417.77,99.739,417.77,180.86,393.13,180.86
394.92,99.591,419.41,99.591,419.41,180.21,394.92,180.21
396.75,100.03,421.3,100.03,421.3,180.84,396.75,180.84
398.89,100.47,423.42,100.47,423.42,181.2,398.89,181.2
400.51,101.04,425.12,101.04,425.12,182.05,400.51,182.05
400.59,100.61,425.28,100.61,425.28,181.89,400.59,181.89
400.94,100.45,425.53,100.45,425.53,181.39,400.94,181.39
400.15,100.66,424.85,100.66,424.85,181.98,400.15,181.98
400.78,100.55,425.35,100.55,425.35,181.44,400.78,181.44
400.63,100.89,425.35,100.89,425.35,182.23,400.63,182.23
400.35,100.36,425.06,100.36,425.06,181.73,400.35,181.73
400.24,100.6,424.91,100.6,424.91,181.82,400.24,181.82
400.1,100.26,424.67,100.26,424.67,181.14,400.1,181.14
399.93,100.21,424.45,100.21,424.45,180.91,399.93,180.91
399.21,100.63,423.79,100.63,423.79,181.55,399.21,181.55
397.96,100.35,422.44,100.35,422.44,180.95,397.96,180.95
397.68,100.68,422.31,100.68,422.31,181.72,397.68,181.72
396.16,100.44,420.74,100.44,420.74,181.33,396.16,181.33
394.88,100.25,419.55,100.25,419.55,181.46,394.88,181.46
393.68,99.909,418.4,99.909,418.4,181.27,393.68,181.27
393.85,100.31,418.74,100.31,418.74,182.25,393.85,182.25
393.44,99.595,418.38,99.595,418.38,181.69,393.44,181.69
392.75,99.396,417.72,99.396,417.72,181.59,392.75,181.59
392.79,99.544,417.67,99.544,417.67,181.45,392.79,181.45
392.73,99.7,417.64,99.7,417.64,181.68,392.73,181.68
391.49,99.815,416.35,99.815,416.35,181.66,391.49,181.66
389.6,100.04,414.34,100.04,414.34,181.5,389.6,181.5
387.07,100.57,411.95,100.57,411.95,182.47,387.07,182.47
383.22,100.13,408.24,100.13,408.24,182.47,383.22,182.47
376.64,99.966,401.69,99.966,401.69,182.41,376.64,182.41
375.01,100.57,400.01,100.57,400.01,182.88,375.01,182.88
373.15,100.49,398.08,100.49,398.08,182.54,373.15,182.54
371.03,100.13,395.83,100.13,395.83,181.75,371.03,181.75
368.85,100.83,393.7,100.83,393.7,182.63,368.85,182.63
366.97,100.43,391.6,100.43,391.6,181.52,366.97,181.52
365.31,100.66,389.8,100.66,389.8,181.3,365.31,181.3
365.24,101.11,389.83,101.11,389.83,182.07,365.24,182.07
363.53,101.16,388.04,101.16,388.04,181.84,363.53,181.84
362.36,101.52,386.87,101.52,386.87,182.19,362.36,182.19
361.46,101.56,386.1,101.56,386.1,182.65,361.46,182.65
360.62,101.72,385.09,101.72,385.09,182.27,360.62,182.27
360.05,102.74,384.73,102.74,384.73,183.98,360.05,183.98
358.64,102.68,383.36,102.68,383.36,184.06,358.64,184.06
358.44,103.15,383.21,103.15,383.21,184.68,358.44,184.68
357.78,103.11,382.69,103.11,382.69,185.08,357.78,185.08
356.13,102.99,380.99,102.99,380.99,184.8,356.13,184.8
355.27,103.32,380.14,103.32,380.14,185.21,355.27,185.21
354.75,103.42,379.67,103.42,379.67,185.44,354.75,185.44
352.13,104.16,376.93,104.16,376.93,185.81,352.13,185.81
350.91,105.3,375.83,105.3,375.83,187.31,350.91,187.31
349.17,105.66,374.05,105.66,374.05,187.55,349.17,187.55
347.47,105.87,372.48,105.87,372.48,188.19,347.47,188.19
347.22,106.64,372.13,106.64,372.13,188.66,347.22,188.66
346.17,106.3,370.9,106.3,370.9,187.68,346.17,187.68
346.19,106.67,370.96,106.67,370.96,188.2,346.19,188.2
346.04,106.65,370.8,106.65,370.8,188.15,346.04,188.15
345.77,106.75,370.5,106.75,370.5,188.17,345.77,188.17
345.59,106.77,370.32,106.77,370.32,188.19,345.59,188.19
345.45,106.71,370.2,106.71,370.2,188.15,345.45,188.15
345.41,106.5,370.15,106.5,370.15,187.94,345.41,187.94
345.3,106.57,370.06,106.57,370.06,188.08,345.3,188.08
345.3,106.67,370.08,106.67,370.08,188.24,345.3,188.24
345.27,106.61,370.07,106.61,370.07,188.24,345.27,188.24
345.25,106.87,370,106.87,370,188.36,345.25,188.36
345.48,107.06,370.19,107.06,370.19,188.38,345.48,188.38
345.21,107.21,369.86,107.21,369.86,188.36,345.21,188.36
344.98,107.1,369.54,107.1,369.54,187.95,344.98,187.95
345.71,107.46,370.37,107.46,370.37,188.62,345.71,188.62
345,107.07,369.58,107.07,369.58,187.99,345,187.99
345.21,107.04,369.73,107.04,369.73,187.76,345.21,187.76
345.78,107.46,370.27,107.46,370.27,188.09,345.78,188.09
345.91,107.57,370.36,107.57,370.36,188.05,345.91,188.05
345.81,107.76,370.25,107.76,370.25,188.2,345.81,188.2
345.2,107.12,369.61,107.12,369.61,187.44,345.2,187.44
344.44,107.17,368.83,107.17,368.83,187.43,344.44,187.43
343.83,107.29,368.16,107.29,368.16,187.36,343.83,187.36
343.03,107.11,367.38,107.11,367.38,187.27,343.03,187.27
342.62,107.01,366.96,107.01,366.96,187.15,342.62,187.15
342.34,107.04,366.72,107.04,366.72,187.28,342.34,187.28
341.88,107.21,366.27,107.21,366.27,187.5,341.88,187.5
341.37,107.23,365.78,107.23,365.78,187.6,341.37,187.6
340.68,107.43,365.18,107.43,365.18,188.08,340.68,188.08
341.3,107.49,365.87,107.49,365.87,188.38,341.3,188.38
341.15,107.49,365.7,107.49,365.7,188.31,341.15,188.31
341.17,107.34,365.78,107.34,365.78,188.34,341.17,188.34
340.62,106.96,365.17,106.96,365.17,187.79,340.62,187.79
338.03,107.67,362.72,107.67,362.72,188.95,338.03,188.95
335.57,107.79,360.31,107.79,360.31,189.21,335.57,189.21
334.16,108.2,359.08,108.2,359.08,190.2,334.16,190.2
331.75,108,356.61,108,356.61,189.83,331.75,189.83
330.84,108,355.6,108,355.6,189.5,330.84,189.5
329.96,108.6,354.72,108.6,354.72,190.1,329.96,190.1
329.3,108.42,354.11,108.42,354.11,190.1,329.3,190.1
328.87,108.55,353.68,108.55,353.68,190.21,328.87,190.21
328.4,108.6,353.21,108.6,353.21,190.26,328.4,190.26
328.25,108.55,353.03,108.55,353.03,190.12,328.25,190.12
328.08,108.35,352.88,108.35,352.88,189.98,328.08,189.98
327.19,108.67,352.02,108.67,352.02,190.41,327.19,190.41
326.45,108.53,351.29,108.53,351.29,190.31,326.45,190.31
325.65,108.18,350.53,108.18,350.53,190.09,325.65,190.09
325.14,107.86,350.13,107.86,350.13,190.14,325.14,190.14
324.93,108.33,349.97,108.33,349.97,190.76,324.93,190.76
323.63,108.65,348.66,108.65,348.66,191.03,323.63,191.03
323.14,108.49,348.17,108.49,348.17,190.89,323.14,190.89
322.89,108.78,347.88,108.78,347.88,191.02,322.89,191.02
322.42,108.69,347.41,108.69,347.41,190.94,322.42,190.94
322.35,108.27,347.38,108.27,347.38,190.68,322.35,190.68
321.99,108.12,347.02,108.12,347.02,190.54,321.99,190.54
321.74,108.28,346.78,108.28,346.78,190.68,321.74,190.68
321.63,108.36,346.68,108.36,346.68,190.81,321.63,190.81
321.62,108.14,346.7,108.14,346.7,190.7,321.62,190.7
321.58,108.41,346.64,108.41,346.64,190.92,321.58,190.92
321.96,108.83,347.04,108.83,347.04,191.38,321.96,191.38
322.86,108.98,347.87,108.98,347.87,191.31,322.86,191.31
324.27,109.1,349.26,109.1,349.26,191.34,324.27,191.34
326.12,109.02,351.08,109.02,351.08,191.18,326.12,191.18
327.56,108.69,352.6,108.69,352.6,191.1,327.56,191.1
328.2,108.8,353.32,108.8,353.32,191.5,328.2,191.5
328.62,108.07,353.85,108.07,353.85,191.12,328.62,191.12
329.42,108.39,354.72,108.39,354.72,191.65,329.42,191.65
329.79,108.4,355.1,108.4,355.1,191.69,329.79,191.69
330.14,108.36,355.39,108.36,355.39,191.48,330.14,191.48
329.98,108.49,355.19,108.49,355.19,191.48,329.98,191.48
329.98,108.24,355.2,108.24,355.2,191.26,329.98,191.26
326.21,108.39,351.35,108.39,351.35,191.12,326.21,191.12
323.58,107.74,348.66,107.74,348.66,190.3,323.58,190.3
322.98,108.05,347.8,108.05,347.8,189.77,322.98,189.77
322.44,107.91,347.16,107.91,347.16,189.26,322.44,189.26
321.02,107.97,345.73,107.97,345.73,189.31,321.02,189.31
319.78,107.94,344.47,107.94,344.47,189.22,319.78,189.22
317.88,108.04,342.47,108.04,342.47,188.99,317.88,188.99
315.64,109.13,340.14,109.13,340.14,189.76,315.64,189.76
311.48,110.49,336,110.49,336,191.2,311.48,191.2
308.44,110.58,332.99,110.58,332.99,191.4,308.44,191.4
305.5,110.62,330.11,110.62,330.11,191.65,305.5,191.65
302.59,110.53,327.08,110.53,327.08,191.14,302.59,191.14
301.55,111.23,326.03,111.23,326.03,191.82,301.55,191.82
300.56,111.57,324.97,111.57,324.97,191.94,300.56,191.94
298.13,110.99,322.49,110.99,322.49,191.17,298.13,191.17
297.41,110.94,321.6,110.94,321.6,190.57,297.41,190.57
297.14,111.11,321.43,111.11,321.43,191.06,297.14,191.06
295.36,110.82,319.63,110.82,319.63,190.72,295.36,190.72
294.25,110.63,318.56,110.63,318.56,190.65,294.25,190.65
292.41,110.49,316.7,110.49,316.7,190.43,292.41,190.43
290.49,110.28,314.92,110.28,314.92,190.68,290.49,190.68
288.19,109.82,312.79,109.82,312.79,190.79,288.19,190.79
284.79,110.82,309.42,110.82,309.42,191.9,284.79,191.9
283.52,111.5,308.13,111.5,308.13,192.51,283.52,192.51
280.96,112.58,305.45,112.58,305.45,193.18,280.96,193.18
279.35,113.14,303.88,113.14,303.88,193.88,279.35,193.88
277.15,112.68,301.81,112.68,301.81,193.84,277.15,193.84
274.69,112.36,299.23,112.36,299.23,193.14,274.69,193.14
272.56,112.69,297.2,112.69,297.2,193.8,272.56,193.8
264.29,112.07,288.9,112.07,288.9,193.08,264.29,193.08
260.52,111.56,285.21,111.56,285.21,192.85,260.52,192.85
258.56,111.31,283.26,111.31,283.26,192.62,258.56,192.62
257.84,111.54,282.58,111.54,282.58,192.99,257.84,192.99
256.55,111.83,281.34,111.83,281.34,193.43,256.55,193.43
255.72,111.91,280.52,111.91,280.52,193.55,255.72,193.55
253.88,112.37,278.79,112.37,278.79,194.37,253.88,194.37
249.65,112.99,274.49,112.99,274.49,194.74,249.65,194.74
247.44,113.97,272.31,113.97,272.31,195.83,247.44,195.83
244.88,113.8,269.96,113.8,269.96,196.38,244.88,196.38
240.85,113.75,265.86,113.75,265.86,196.08,240.85,196.08
239.78,114.13,264.84,114.13,264.84,196.62,239.78,196.62
237.36,114.57,262.4,114.57,262.4,197.02,237.36,197.02
235.86,114.79,260.81,114.79,260.81,196.92,235.86,196.92
232.92,114.85,257.79,114.85,257.79,196.71,232.92,196.71
231.14,115.15,256.13,115.15,256.13,197.4,231.14,197.4
228.48,116.44,253.51,116.44,253.51,198.83,228.48,198.83
227.09,116.82,252.2,116.82,252.2,199.47,227.09,199.47
224.79,116.53,249.89,116.53,249.89,199.17,224.79,199.17
222.44,116.59,247.58,116.59,247.58,199.33,222.44,199.33
220.58,116.5,245.7,116.5,245.7,199.2,220.58,199.2
218.98,116.96,244.08,116.96,244.08,199.59,218.98,199.59
217.27,117.96,242.36,117.96,242.36,200.57,217.27,200.57
216.36,118.47,241.44,118.47,241.44,201.01,216.36,201.01
214.63,119.69,239.69,119.69,239.69,202.16,214.63,202.16
212.57,121.07,237.63,121.07,237.63,203.54,212.57,203.54
205.29,121.55,230.27,121.55,230.27,203.79,205.29,203.79
202.53,122.64,227.52,122.64,227.52,204.92,202.53,204.92
200.56,123.18,225.55,123.18,225.55,205.44,200.56,205.44
199.47,123.73,224.41,123.73,224.41,205.8,199.47,205.8
195.15,124.66,220.05,124.66,220.05,206.63,195.15,206.63
192.88,125.5,217.78,125.5,217.78,207.46,192.88,207.46
190.68,125.75,215.59,125.75,215.59,207.76,190.68,207.76
189.64,125.96,214.51,125.96,214.51,207.83,189.64,207.83
187.22,127.03,212.13,127.03,212.13,209.03,187.22,209.03
185.2,129.07,210,129.07,210,210.72,185.2,210.72
184.7,130.3,209.42,130.3,209.42,211.66,184.7,211.66
183.59,131.1,208.29,131.1,208.29,212.4,183.59,212.4
181.55,131.43,206.08,131.43,206.08,212.19,181.55,212.19
180.82,131.72,205.41,131.72,205.41,212.69,180.82,212.69
179.47,131.09,204.07,131.09,204.07,212.05,179.47,212.05
178.5,131.21,203.04,131.21,203.04,211.97,178.5,211.97
176.72,131.95,201.27,131.95,201.27,212.77,176.72,212.77
174.96,132.18,199.54,132.18,199.54,213.12,174.96,213.12
166.6,132.07,191.21,132.07,191.21,213.08,166.6,213.08
164.23,131.42,188.88,131.42,188.88,212.57,164.23,212.57
161.3,131.82,186.04,131.82,186.04,213.24,161.3,213.24
158.91,133.82,183.82,133.82,183.82,215.81,158.91,215.81
153.48,136.27,178.35,136.27,178.35,218.12,153.48,218.12
151.35,137.37,176.02,137.37,176.02,218.56,151.35,218.56
147.6,137.48,172.12,137.48,172.12,218.22,147.6,218.22
145.64,138.29,170.27,138.29,170.27,219.37,145.64,219.37
143.22,138.54,167.82,138.54,167.82,219.51,143.22,219.51
140.74,139.56,165.28,139.56,165.28,220.34,140.74,220.34
139.45,139.87,164.1,139.87,164.1,220.99,139.45,220.99
137.24,139.02,161.89,139.02,161.89,220.15,137.24,220.15
135.09,139.64,159.77,139.64,159.77,220.89,135.09,220.89
132.11,141.02,156.73,141.02,156.73,222.08,132.11,222.08
130.57,143.25,155.09,143.25,155.09,223.94,130.57,223.94
129.71,144.58,154.31,144.58,154.31,225.56,129.71,225.56
126.03,145.15,150.54,145.15,150.54,225.84,126.03,225.84
125.66,146.08,150.16,146.08,150.16,226.71,125.66,226.71
123.19,146.55,147.64,146.55,147.64,227.05,123.19,227.05
121.33,146.7,145.72,146.7,145.72,227,121.33,227
119.24,146.22,143.64,146.22,143.64,226.52,119.24,226.52
117.23,146.63,141.74,146.63,141.74,227.31,117.23,227.31
115.34,147.67,139.85,147.67,139.85,228.34,115.34,228.34
112.65,148.53,137.12,148.53,137.12,229.08,112.65,229.08
111.59,149.03,136.11,149.03,136.11,229.72,111.59,229.72
108.97,149.78,133.56,149.78,133.56,230.7,108.97,230.7
106.31,149.51,130.92,149.51,130.92,230.52,106.31,230.52
104.34,149.31,129,149.31,129,230.51,104.34,230.51
102.39,148.97,127.15,148.97,127.15,230.46,102.39,230.46
102.08,149.31,126.92,149.31,126.92,231.09,102.08,231.09
93.575,153.5,118.36,153.5,118.36,235.08,93.575,235.08
91.25,154.15,115.91,154.15,115.91,235.3,91.25,235.3
87.915,153.85,112.48,153.85,112.48,234.73,87.915,234.73
86.331,154.92,110.85,154.92,110.85,235.62,86.331,235.62
84.995,155.45,109.48,155.45,109.48,236.04,84.995,236.04
82.427,155.72,106.97,155.72,106.97,236.51,82.427,236.51
80.356,155.82,104.96,155.82,104.96,236.81,80.356,236.81
78.867,155.67,103.45,155.67,103.45,236.59,78.867,236.59
77.077,156.26,101.69,156.26,101.69,237.27,77.077,237.27
75.482,156.15,100.08,156.15,100.08,237.12,75.482,237.12
74.989,156.34,99.618,156.34,99.618,237.42,74.989,237.42
73.75,157.06,98.378,157.06,98.378,238.12,73.75,238.12
73.104,158.26,97.667,158.26,97.667,239.12,73.104,239.12
72.305,160.62,96.737,160.62,96.737,241.04,72.305,241.04
71.133,160.98,95.433,160.98,95.433,240.97,71.133,240.97
70.488,162.57,94.721,162.57,94.721,242.33,70.488,242.33
69.244,163.22,93.447,163.22,93.447,242.89,69.244,242.89
68.716,163.52,92.886,163.52,92.886,243.09,68.716,243.09
66.976,163.56,91.096,163.56,91.096,242.96,66.976,242.96
65.191,163.89,89.174,163.89,89.174,242.83,65.191,242.83
63.977,165.49,87.897,165.49,87.897,244.23,63.977,244.23
62.624,165,86.531,165,86.531,243.69,62.624,243.69
61.363,165.59,85.332,165.59,85.332,244.49,61.363,244.49
59.996,166.5,84.128,166.5,84.128,245.94,59.996,245.94
57.972,166.17,82.022,166.17,82.022,245.33,57.972,245.33
56.321,166.25,80.31,166.25,80.31,245.21,56.321,245.21
54.685,166.31,78.644,166.31,78.644,245.17,54.685,245.17
52.994,166,76.997,166,76.997,245.01,52.994,245.01
52.169,165.91,76.105,165.91,76.105,244.7,52.169,244.7
50.396,166.95,74.178,166.95,74.178,245.23,50.396,245.23
50.399,164.43,73.601,164.43,73.601,240.8,50.399,240.8
50.604,162.2,73.533,162.2,73.533,237.67,50.604,237.67
50.174,163.13,72.576,163.13,72.576,236.87,50.174,236.87
47.167,168.76,69.205,168.76,69.205,241.3,47.167,241.3
46.468,170.06,68.287,170.06,68.287,241.88,46.468,241.88
46.026,169.48,67.718,169.48,67.718,240.88,46.026,240.88
45.379,169.87,66.925,169.87,66.925,240.79,45.379,240.79
45.485,168.05,66.674,168.05,66.674,237.79,45.485,237.79
44.265,168.76,65.224,168.76,65.224,237.74,44.265,237.74
44.444,168.46,65.244,168.46,65.244,236.93,44.444,236.93
36.343,188,57.348,188,57.348,257.14,36.343,257.14
35.443,187.08,56.401,187.08,56.401,256.07,35.443,256.07
34.909,184.93,55.881,184.93,55.881,253.97,34.909,253.97
32.046,187.25,52.976,187.25,52.976,256.14,32.046,256.14
28.647,190.33,49.978,190.33,49.978,260.54,28.647,260.54
26.447,188.55,48.08,188.55,48.08,259.76,26.447,259.76
26.725,187.21,48.427,187.21,48.427,258.65,26.725,258.65
25.533,185.45,47.227,185.45,47.227,256.86,25.533,256.86
23.241,188,45.028,188,45.028,259.71,23.241,259.71
21.365,188.33,43.357,188.33,43.357,260.72,21.365,260.72
