379,76,450,76,450,124,379,124
379.02,76.939,450.37,76.939,450.37,125.18,379.02,125.18
380.4,76.743,452.19,76.743,452.19,125.27,380.4,125.27
382.5,76.766,454.09,76.766,454.09,125.17,382.5,125.17
385.08,76.643,456.75,76.643,456.75,125.09,385.08,125.09
386.68,76.511,458.55,76.511,458.55,125.1,386.68,125.1
389.6,76.47,461.55,76.47,461.55,125.11,389.6,125.11
390.89,76.302,463.13,76.302,463.13,125.13,390.89,125.13
394.05,76.042,466.15,76.042,466.15,124.78,394.05,124.78
404.39,75.199,476.05,75.199,476.05,123.65,404.39,123.65
410.52,75.096,482.3,75.096,482.3,123.63,410.52,123.63
411.13,75.208,483,75.208,483,123.8,411.13,123.8
415.08,74.877,486.19,74.877,486.19,122.95,415.08,122.95
416.42,74.743,486.94,74.743,486.94,122.42,416.42,122.42
418.25,74.777,489.25,74.777,489.25,122.78,418.25,122.78
420.08,74.773,490.98,74.773,490.98,122.71,420.08,122.71
421.69,75.021,492.5,75.021,492.5,122.89,421.69,122.89
423.35,74.659,494.63,74.659,494.63,122.84,423.35,122.84
425.22,74.571,496.56,74.571,496.56,122.8,425.22,122.8
426.49,74.503,497.63,74.503,497.63,122.6,426.49,122.6
428.8,74.098,500.14,74.098,500.14,122.33,428.8,122.33
430.85,74.524,501.7,74.524,501.7,122.42,430.85,122.42
432.89,74.004,503.65,74.004,503.65,121.84,432.89,121.84
434.27,73.964,505.25,73.964,505.25,121.95,434.27,121.95
437.02,73.95,507.68,73.95,507.68,121.72,437.02,121.72
439.48,74.05,509.44,74.05,509.44,121.34,439.48,121.34
441.08,73.267,511.55,73.267,511.55,120.91,441.08,120.91
443.34,73.261,513.7,73.261,513.7,120.83,443.34,120.83
444.56,72.898,514.82,72.898,514.82,120.4,444.56,120.4
446.71,73.004,516.64,73.004,516.64,120.28,446.71,120.28
447.54,72.762,516.71,72.762,516.71,119.52,447.54,119.52
450.22,72.91,518.39,72.91,518.39,119,450.22,119
451.38,73.036,519.51,73.036,519.51,119.09,451.38,119.09
453,73.271,520.88,73.271,520.88,119.16,453,119.16
455.2,73.755,522.68,73.755,522.68,119.37,455.2,119.37
457.18,73.934,524.17,73.934,524.17,119.23,457.18,119.23
458.3,73.627,524.92,73.627,524.92,118.67,458.3,118.67
460.31,73.432,526.84,73.432,526.84,118.41,460.31,118.41
462.97,73.656,529.15,73.656,529.15,118.39,462.97,118.39
463.46,72.791,529.7,72.791,529.7,117.57,463.46,117.57
465.2,72.678,531.7,72.678,531.7,117.64,465.2,117.64
466.41,73.124,533.16,73.124,533.16,118.25,466.41,118.25
467.35,72.689,533.59,72.689,533.59,117.47,467.35,117.47
470,72.321,535.89,72.321,535.89,116.87,470,116.87
471.32,72.983,536.53,72.983,536.53,117.07,471.32,117.07
471.95,72.886,536.78,72.886,536.78,116.71,471.95,116.71
473.88,72.876,538.56,72.876,538.56,116.6,473.88,116.6
475.71,72.629,540.42,72.629,540.42,116.38,475.71,116.38
476.56,72.674,541.21,72.674,541.21,116.38,476.56,116.38
478.34,72.913,542.45,72.913,542.45,116.26,478.34,116.26
478.47,72.615,542.76,72.615,542.76,116.08,478.47,116.08
480.09,72.157,544.4,72.157,544.4,115.64,480.09,115.64
480.81,72.207,544.99,72.207,544.99,115.6,480.81,115.6
482.17,72.142,546.37,72.142,546.37,115.54,482.17,115.54
482.82,72.135,546.91,72.135,546.91,115.46,482.82,115.46
484.29,71.878,548.13,71.878,548.13,115.04,484.29,115.04
484.35,71.537,548.15,71.537,548.15,114.67,484.35,114.67
485.05,71.307,548.48,71.307,548.48,114.19,485.05,114.19
485.94,70.864,549.11,70.864,549.11,113.57,485.94,113.57
486.84,70.839,549.92,70.839,549.92,113.48,486.84,113.48
488.16,70.96,551.27,70.96,551.27,113.63,488.16,113.63
489.06,70.923,552.03,70.923,552.03,113.5,489.06,113.5
489.7,70.795,552.29,70.795,552.29,113.11,489.7,113.11
489.68,70.193,552.03,70.193,552.03,112.35,489.68,112.35
491.59,70.566,553.7,70.566,553.7,112.56,491.59,112.56
491.84,69.929,553.39,69.929,553.39,111.54,491.84,111.54
493.31,69.991,554.27,69.991,554.27,111.2,493.31,111.2
494.34,70.526,554.9,70.526,554.9,111.47,494.34,111.47
495.89,70.299,556.4,70.299,556.4,111.21,495.89,111.21
496.42,69.857,556.8,69.857,556.8,110.68,496.42,110.68
497.56,69.863,557.72,69.863,557.72,110.54,497.56,110.54
498.98,70.436,558.9,70.436,558.9,110.95,498.98,110.95
499.94,69.823,559.81,69.823,559.81,110.3,499.94,110.3
500.53,69.485,559.99,69.485,559.99,109.69,500.53,109.69
502.38,69.79,561.94,69.79,561.94,110.06,502.38,110.06
502.93,69.419,562.54,69.419,562.54,109.72,502.93,109.72
503.38,69.586,563.01,69.586,563.01,109.9,503.38,109.9
504.28,69.285,563.95,69.285,563.95,109.63,504.28,109.63
505.11,69.225,564.66,69.225,564.66,109.49,505.11,109.49
506.56,68.902,566.12,68.902,566.12,109.17,506.56,109.17
507.23,68.875,566.57,68.875,566.57,108.99,507.23,108.99
507.75,68.389,567.12,68.389,567.12,108.52,507.75,108.52
509.33,68.382,568.57,68.382,568.57,108.43,509.33,108.43
509.69,67.685,568.79,67.685,568.79,107.64,509.69,107.64
510.98,67.718,570.09,67.718,570.09,107.68,510.98,107.68
511.77,67.36,570.68,67.36,570.68,107.18,511.77,107.18
512.89,67.585,571.89,67.585,571.89,107.47,512.89,107.47
514.27,67.748,573.15,67.748,573.15,107.56,514.27,107.56
514.38,67.541,573.45,67.541,573.45,107.48,514.38,107.48
514.99,67.183,573.94,67.183,573.94,107.04,514.99,107.04
516.32,67.328,575,67.328,575,107,516.32,107
516.99,66.663,575.36,66.663,575.36,106.13,516.99,106.13
518.04,67.201,576.48,67.201,576.48,106.71,518.04,106.71
518.76,66.879,577.11,66.879,577.11,106.33,518.76,106.33
519.57,66.86,577.89,66.86,577.89,106.29,519.57,106.29
520.23,66.64,578.44,66.64,578.44,106,520.23,106
520.95,66.222,578.83,66.222,578.83,105.35,520.95,105.35
521.73,66.102,579.25,66.102,579.25,104.99,521.73,104.99
522.3,66.003,579.73,66.003,579.73,104.83,522.3,104.83
523.95,66.025,581.31,66.025,581.31,104.8,523.95,104.8
524.63,66.141,581.81,66.141,581.81,104.8,524.63,104.8
525.72,65.777,582.88,65.777,582.88,104.42,525.72,104.42
525.88,65.811,583.22,65.811,583.22,104.57,525.88,104.57
527.15,65.412,584.26,65.412,584.26,104.02,527.15,104.02
528.35,65.657,585.1,65.657,585.1,104.03,528.35,104.03
529.57,65.61,586.22,65.61,586.22,103.91,529.57,103.91
530.51,65.645,587.13,65.645,587.13,103.93,530.51,103.93
531.69,65.717,588.28,65.717,588.28,103.98,531.69,103.98
531.93,65.394,588.47,65.394,588.47,103.62,531.93,103.62
532.77,65.433,589.1,65.433,589.1,103.51,532.77,103.51
533.78,64.999,589.67,64.999,589.67,102.78,533.78,102.78
534.65,65.307,590.47,65.307,590.47,103.04,534.65,103.04
535.67,65.229,591.5,65.229,591.5,102.97,535.67,102.97
536.18,65.365,591.79,65.365,591.79,102.96,536.18,102.96
537.53,65.265,593.08,65.265,593.08,102.82,537.53,102.82
538.58,64.902,593.96,64.902,593.96,102.35,538.58,102.35
539.58,65.092,594.75,65.092,594.75,102.39,539.58,102.39
540.45,64.755,595.31,64.755,595.31,101.84,540.45,101.84
541.65,65.068,596.31,65.068,596.31,102.02,541.65,102.02
542.07,64.853,596.84,64.853,596.84,101.88,542.07,101.88
543,64.378,597.9,64.378,597.9,101.5,543,101.5
543.74,63.625,598.67,63.625,598.67,100.76,543.74,100.76
544.08,63.636,598.93,63.636,598.93,100.72,544.08,100.72
546.15,63.239,600.98,63.239,600.98,100.31,546.15,100.31
547.05,63.131,601.84,63.131,601.84,100.17,547.05,100.17
547.35,62.845,602.43,62.845,602.43,100.09,547.35,100.09
547.8,62.579,603.14,62.579,603.14,99.997,547.8,99.997
547.88,62.731,603.31,62.731,603.31,100.21,547.88,100.21
548.2,62.631,603.39,62.631,603.39,99.941,548.2,99.941
548.54,62.893,603.67,62.893,603.67,100.17,548.54,100.17
548.66,62.957,603.55,62.957,603.55,100.07,548.66,100.07
548.99,62.69,603.9,62.69,603.9,99.811,548.99,99.811
549.29,62.217,603.72,62.217,603.72,99.01,549.29,99.01
549.45,62.084,603.45,62.084,603.45,98.59,549.45,98.59
550.47,61.845,604.48,61.845,604.48,98.353,550.47,98.353
552.63,61.351,606.22,61.351,606.22,97.58,552.63,97.58
554.16,60.997,607.55,60.997,607.55,97.097,554.16,97.097
555.28,60.928,608.57,60.928,608.57,96.953,555.28,96.953
556.21,61.08,609.07,61.08,609.07,96.816,556.21,96.816
556.78,61.101,609.4,61.101,609.4,96.673,556.78,96.673
557.14,60.785,609.92,60.785,609.92,96.471,557.14,96.471
557.72,60.938,610.65,60.938,610.65,96.725,557.72,96.725
558.08,60.379,611.33,60.379,611.33,96.376,558.08,96.376
558.83,60.45,612.38,60.45,612.38,96.65,558.83,96.65
559.15,60.36,612.88,60.36,612.88,96.685,559.15,96.685
559.58,60.118,613.42,60.118,613.42,96.518,559.58,96.518
560.64,60.216,614.57,60.216,614.57,96.674,560.64,96.674
560.84,59.969,614.94,59.969,614.94,96.542,560.84,96.542
561.85,59.949,615.69,59.949,615.69,96.348,561.85,96.348
562.28,59.808,616.26,59.808,616.26,96.298,562.28,96.298
563.56,59.68,617.44,59.68,617.44,96.106,563.56,96.106
564.03,59.842,617.76,59.842,617.76,96.167,564.03,96.167
564.96,59.484,618.39,59.484,618.39,95.603,564.96,95.603
565.93,59.938,618.98,59.938,618.98,95.8,565.93,95.8
566.57,59.549,619.64,59.549,619.64,95.427,566.57,95.427
567.11,59.186,620.29,59.186,620.29,95.141,567.11,95.141
567.95,59.233,620.98,59.233,620.98,95.084,567.95,95.084
568.28,59.222,621.31,59.222,621.31,95.073,568.28,95.073
569.09,59.111,621.72,59.111,621.72,94.689,569.09,94.689
569.58,58.666,622.24,58.666,622.24,94.268,569.58,94.268
570.02,58.543,622.68,58.543,622.68,94.141,570.02,94.141
570.57,58.543,623.34,58.543,623.34,94.225,570.57,94.225
571.36,58.434,624,58.434,624,94.018,571.36,94.018
571.75,58.672,624.13,58.672,624.13,94.083,571.75,94.083
572.65,58.417,624.97,58.417,624.97,93.788,572.65,93.788
573.56,58.319,625.54,58.319,625.54,93.464,573.56,93.464
573.76,57.615,625.87,57.615,625.87,92.845,573.76,92.845
574.5,58.074,626.33,58.074,626.33,93.119,574.5,93.119
575.03,57.827,626.64,57.827,626.64,92.716,575.03,92.716
575.5,57.514,626.99,57.514,626.99,92.32,575.5,92.32
576.16,57.588,627.29,57.588,627.29,92.154,576.16,92.154
576.74,57.815,628.01,57.815,628.01,92.475,576.74,92.475
577.18,57.638,628.02,57.638,628.02,92.003,577.18,92.003
577.54,57.452,628.27,57.452,628.27,91.75,577.54,91.75
578.34,57.489,629.05,57.489,629.05,91.773,578.34,91.773
578.58,57.181,629.48,57.181,629.48,91.592,578.58,91.592
579.21,56.933,630.22,56.933,630.22,91.416,579.21,91.416
579.45,56.963,630.45,56.963,630.45,91.445,579.45,91.445
579.89,56.862,630.84,56.862,630.84,91.308,579.89,91.308
580.38,56.74,631.52,56.74,631.52,91.31,580.38,91.31
581.24,56.933,632.23,56.933,632.23,91.405,581.24,91.405
581.49,56.531,632.35,56.531,632.35,90.913,581.49,90.913
581.99,56.188,632.81,56.188,632.81,90.545,581.99,90.545
582.65,56.188,633.37,56.188,633.37,90.475,582.65,90.475
583.57,56.371,634.18,56.371,634.18,90.586,583.57,90.586
584.7,56.387,635.2,56.387,635.2,90.532,584.7,90.532
585.37,56.275,635.96,56.275,635.96,90.472,585.37,90.472
585.87,56.287,636.4,56.287,636.4,90.448,585.87,90.448
586.79,56.379,637.14,56.379,637.14,90.416,586.79,90.416
586.9,55.805,637.22,55.805,637.22,89.825,586.9,89.825
587.32,55.338,637.53,55.338,637.53,89.28,587.32,89.28
587.92,55.509,638.01,55.509,638.01,89.37,587.92,89.37
588.99,55.71,638.69,55.71,638.69,89.306,588.99,89.306
589.4,55.231,639.04,55.231,639.04,88.786,589.4,88.786
589.96,55.237,639.15,55.237,639.15,88.491,589.96,88.491
590.67,55.149,639.89,55.149,639.89,88.425,590.67,88.425
591.02,54.892,640.23,54.892,640.23,88.163,591.02,88.163
591.31,54.959,640.43,54.959,640.43,88.172,591.31,88.172
591.51,54.77,640.45,54.77,640.45,87.856,591.51,87.856
592.35,54.83,641.31,54.83,641.31,87.935,592.35,87.935
592.68,54.152,641.47,54.152,641.47,87.133,592.68,87.133
593.34,54.539,642.15,54.539,642.15,87.537,593.34,87.537
593.93,54.662,642.8,54.662,642.8,87.697,593.93,87.697
594.15,54.553,643.07,54.553,643.07,87.622,594.15,87.622
594.22,54.46,643,54.46,643,87.442,594.22,87.442
594.52,54.42,643.22,54.42,643.22,87.346,594.52,87.346
595.1,54.278,643.72,54.278,643.72,87.15,595.1,87.15
595.47,54.024,643.94,54.024,643.94,86.792,595.47,86.792
595.73,53.906,644.03,53.906,644.03,86.557,595.73,86.557
596.7,54.342,644.96,54.342,644.96,86.969,596.7,86.969
597.61,54.597,645.95,54.597,645.95,87.278,597.61,87.278
597.87,53.649,646.19,53.649,646.19,86.317,597.87,86.317
598.16,53.942,646.58,53.942,646.58,86.675,598.16,86.675
598.29,53.62,646.81,53.62,646.81,86.416,598.29,86.416
598.39,53.37,646.95,53.37,646.95,86.194,598.39,86.194
598.56,53.378,647,53.378,647,86.129,598.56,86.129
599.35,53.01,647.75,53.01,647.75,85.73,599.35,85.73
599.74,53.062,647.97,53.062,647.97,85.665,599.74,85.665
600.84,53.342,649.3,53.342,649.3,86.101,600.84,86.101
600.87,52.936,649.4,52.936,649.4,85.743,600.87,85.743
601.05,52.766,649.56,52.766,649.56,85.564,601.05,85.564
601.92,52.479,649.99,52.479,649.99,84.976,601.92,84.976
602.53,52.848,650.3,52.848,650.3,85.139,602.53,85.139
603.22,52.898,650.71,52.898,650.71,85.005,603.22,85.005
603.9,53.177,651.53,53.177,651.53,85.375,603.9,85.375
