120,152,150,152,150,230,120,230
118.28,152.42,148.04,152.42,148.04,229.81,118.28,229.81
116.75,152.55,146.41,152.55,146.41,229.67,116.75,229.67
115.7,152.77,145.39,152.77,145.39,229.97,115.7,229.97
114.31,152.53,144.27,152.53,144.27,230.43,114.31,230.43
116.14,152.22,146.06,152.22,146.06,230,116.14,230
118.33,152.57,148.41,152.57,148.41,230.78,118.33,230.78
118.81,153.27,148.5,153.27,148.5,230.47,118.81,230.47
118.81,153.53,148.22,153.53,148.22,230.01,118.81,230.01
118.67,153.33,148.19,153.33,148.19,230.06,118.67,230.06
119.25,153.03,148.8,153.03,148.8,229.87,119.25,229.87
119.15,153.45,148.55,153.45,148.55,229.9,119.15,229.9
118.78,153.22,148.08,153.22,148.08,229.39,118.78,229.39
119.11,153.61,148.32,153.61,148.32,229.56,119.11,229.56
118.63,153.07,147.77,153.07,147.77,228.83,118.63,228.83
118.63,153.45,147.56,153.45,147.56,228.66,118.63,228.66
118.2,153.23,147.31,153.23,147.31,228.92,118.2,228.92
118.7,153.81,147.64,153.81,147.64,229.04,118.7,229.04
118.52,153.12,147.5,153.12,147.5,228.47,118.52,228.47
118.72,152.86,147.99,152.86,147.99,228.96,118.72,228.96
119.07,153.08,148.32,153.08,148.32,229.13,119.07,229.13
118.68,153.57,147.82,153.57,147.82,229.34,118.68,229.34
118.77,153.53,147.86,153.53,147.86,229.17,118.77,229.17
118.74,153.38,147.84,153.38,147.84,229.05,118.74,229.05
118.43,153.13,147.58,153.13,147.58,228.92,118.43,228.92
118.46,153.23,147.57,153.23,147.57,228.92,118.46,228.92
118.46,153.48,147.47,153.48,147.47,228.9,118.46,228.9
118.88,153.94,147.98,153.94,147.98,229.59,118.88,229.59
118.42,153.34,147.46,153.34,147.46,228.86,118.42,228.86
118.7,153.53,147.88,153.53,147.88,229.39,118.7,229.39
118.64,153.18,147.73,153.18,147.73,228.8,118.64,228.8
118.98,153.33,148.04,153.33,148.04,228.89,118.98,228.89
119.26,153.74,148.34,153.74,148.34,229.36,119.26,229.36
118.7,153.2,147.84,153.2,147.84,228.96,118.7,228.96
118.32,153.17,147.39,153.17,147.39,228.75,118.32,228.75
118.96,153.23,148.22,153.23,148.22,229.3,118.96,229.3
118.53,153.39,147.82,153.39,147.82,229.53,118.53,229.53
118.72,153.01,148.05,153.01,148.05,229.28,118.72,229.28
118.94,153.24,148.23,153.24,148.23,229.4,118.94,229.4
118.7,153,148,153,148,229.19,118.7,229.19
118.93,153.09,148.27,153.09,148.27,229.37,118.93,229.37
118.75,153.43,148.07,153.43,148.07,229.65,118.75,229.65
118.83,153.6,148.15,153.6,148.15,229.85,118.83,229.85
118.87,153.59,148.03,153.59,148.03,229.4,118.87,229.4
118.54,153.43,147.31,153.43,147.31,228.21,118.54,228.21
118.8,153.75,147.82,153.75,147.82,229.19,118.8,229.19
118.98,153.8,148.06,153.8,148.06,229.42,118.98,229.42
118.69,153.33,147.9,153.33,147.9,229.29,118.69,229.29
118.49,153.39,147.41,153.39,147.41,228.58,118.49,228.58
118.23,153.52,147.04,153.52,147.04,228.41,118.23,228.41
118.43,152.94,147.63,152.94,147.63,228.87,118.43,228.87
118.35,152.94,147.66,152.94,147.66,229.14,118.35,229.14
118.92,153.18,148.22,153.18,148.22,229.36,118.92,229.36
118.7,153.04,148.06,153.04,148.06,229.38,118.7,229.38
118.77,153.13,148.11,153.13,148.11,229.42,118.77,229.42
119.07,153.39,148.37,153.39,148.37,229.55,119.07,229.55
118.86,153.46,148.07,153.46,148.07,229.41,118.86,229.41
118.5,153.51,147.28,153.51,147.28,228.34,118.5,228.34
119.04,153.43,148.09,153.43,148.09,228.97,119.04,228.97
118.67,153.14,147.94,153.14,147.94,229.24,118.67,229.24
118.45,153.05,147.75,153.05,147.75,229.24,118.45,229.24
118.91,153.39,148.31,153.39,148.31,229.83,118.91,229.83
118.66,153.11,148.11,153.11,148.11,229.67,118.66,229.67
118.35,152.35,147.95,152.35,147.95,229.29,118.35,229.29
118.25,152.78,147.84,152.78,147.84,229.7,118.25,229.7
118.18,153.26,147.41,153.26,147.41,229.25,118.18,229.25
118.5,153.02,147.91,153.02,147.91,229.5,118.5,229.5
118.36,152.68,147.92,152.68,147.92,229.56,118.36,229.56
118.71,152.61,148.43,152.61,148.43,229.9,118.71,229.9
118.93,152.51,148.67,152.51,148.67,229.82,118.93,229.82
119.42,152.15,149.43,152.15,149.43,230.18,119.42,230.18
119.51,152.33,149.62,152.33,149.62,230.61,119.51,230.61
119.58,152.19,149.8,152.19,149.8,230.75,119.58,230.75
119.61,151.78,150,151.78,150,230.81,119.61,230.81
118.99,151.83,149.47,151.83,149.47,231.08,118.99,231.08
118.29,152.47,148.25,152.47,148.25,230.36,118.29,230.36
118.17,152.98,147.7,152.98,147.7,229.78,118.17,229.78
118.25,152.56,147.93,152.56,147.93,229.73,118.25,229.73
118.38,153.38,147.52,153.38,147.52,229.14,118.38,229.14
118.28,153.54,147.2,153.54,147.2,228.71,118.28,228.71
118.49,153.55,147.16,153.55,147.16,228.08,118.49,228.08
118.67,153.28,147.7,153.28,147.7,228.75,118.67,228.75
118.38,153,147.79,153,147.79,229.44,118.38,229.44
118.28,152.78,147.77,152.78,147.77,229.45,118.28,229.45
118.3,153.14,147.51,153.14,147.51,229.08,118.3,229.08
118.37,153.51,147.19,153.51,147.19,228.45,118.37,228.45
118.58,153.66,147.35,153.66,147.35,228.46,118.58,228.46
118.37,153.1,147.74,153.1,147.74,229.46,118.37,229.46
118.43,152.97,147.82,152.97,147.82,229.37,118.43,229.37
118.46,153.1,147.82,153.1,147.82,229.45,118.46,229.45
118.58,153.5,147.96,153.5,147.96,229.89,118.58,229.89
118.52,153.34,147.87,153.34,147.87,229.64,118.52,229.64
118.55,152.99,147.93,152.99,147.93,229.36,118.55,229.36
118.43,153.36,147.48,153.36,147.48,228.89,118.43,228.89
118.77,153.43,147.96,153.43,147.96,229.33,118.77,229.33
118.45,153.43,147.38,153.43,147.38,228.64,118.45,228.64
118.45,153.54,147.17,153.54,147.17,228.19,118.45,228.19
118.58,153.03,147.8,153.03,147.8,229,118.58,229
118.24,153.01,147.27,153.01,147.27,228.51,118.24,228.51
118.58,153.24,147.89,153.24,147.89,229.44,118.58,229.44
118.53,152.93,147.97,152.93,147.97,229.46,118.53,229.46
118.35,152.62,147.84,152.62,147.84,229.28,118.35,229.28
118.39,153.19,147.47,153.19,147.47,228.78,118.39,228.78
118.72,153.35,147.93,153.35,147.93,229.29,118.72,229.29
118.43,153.15,147.61,153.15,147.61,229.01,118.43,229.01
118.36,153.38,147.25,153.38,147.25,228.51,118.36,228.51
118.57,153.53,147.27,153.53,147.27,228.15,118.57,228.15
118.62,153.28,147.74,153.28,147.74,228.98,118.62,228.98
118.46,153.09,147.69,153.09,147.69,229.09,118.46,229.09
118.54,152.94,147.87,152.94,147.87,229.21,118.54,229.21
118.52,153,147.9,153,147.9,229.39,118.52,229.39
118.43,152.52,148,152.52,148,229.41,118.43,229.41
118.42,152.71,148.03,152.71,148.03,229.69,118.42,229.69
118.72,152.82,148.3,152.82,148.3,229.73,118.72,229.73
118.58,152.85,148.14,152.85,148.14,229.72,118.58,229.72
118.35,152.53,147.93,152.53,147.93,229.44,118.35,229.44
118.58,152.76,148.09,152.76,148.09,229.48,118.58,229.48
118.48,153.35,147.48,153.35,147.48,228.75,118.48,228.75
118.78,153.16,148.09,153.16,148.09,229.37,118.78,229.37
118.56,153.19,147.95,153.19,147.95,229.59,118.56,229.59
118.41,152.67,147.84,152.67,147.84,229.2,118.41,229.2
118.38,152.69,147.87,152.69,147.87,229.37,118.38,229.37
118.29,153.25,147.32,153.25,147.32,228.72,118.29,228.72
118.59,153.15,147.89,153.15,147.89,229.31,118.59,229.31
118.45,152.69,147.87,152.69,147.87,229.18,118.45,229.18
118.36,153.15,147.49,153.15,147.49,228.87,118.36,228.87
118.55,153.51,147.39,153.51,147.39,228.48,118.55,228.48
118.6,153.58,147.36,153.58,147.36,228.35,118.6,228.35
118.68,153.21,147.87,153.21,147.87,229.12,118.68,229.12
118.46,153.35,147.36,153.35,147.36,228.49,118.46,228.49
118.46,153.52,147.2,153.52,147.2,228.25,118.46,228.25
118.87,153.42,147.97,153.42,147.97,229.07,118.87,229.07
118.54,152.86,147.88,152.86,147.88,229.13,118.54,229.13
118.85,153.1,148.15,153.1,148.15,229.27,118.85,229.27
118.64,153.04,147.97,153.04,147.97,229.32,118.64,229.32
118.52,153.04,147.92,153.04,147.92,229.48,118.52,229.48
118.33,152.84,147.76,152.84,147.76,229.36,118.33,229.36
118.4,152.76,147.89,152.76,147.89,229.44,118.4,229.44
118.25,152.41,147.77,152.41,147.77,229.15,118.25,229.15
118.55,152.66,148.05,152.66,148.05,229.37,118.55,229.37
118.27,153.09,147.35,153.09,147.35,228.69,118.27,228.69
118.73,153.38,147.95,153.38,147.95,229.34,118.73,229.34
118.43,153.35,147.35,153.35,147.35,228.54,118.43,228.54
118.28,153.3,147.07,153.3,147.07,228.15,118.28,228.15
118.88,153.43,147.91,153.43,147.91,228.92,118.88,228.92
118.73,153.29,147.92,153.29,147.92,229.16,118.73,229.16
118.61,153.58,147.37,153.58,147.37,228.34,118.61,228.34
118.59,153.39,147.79,153.39,147.79,229.31,118.59,229.31
118.4,153.24,147.33,153.24,147.33,228.44,118.4,228.44
118.47,153.35,147.22,153.35,147.22,228.08,118.47,228.08
118.6,153.38,147.71,153.38,147.71,229.06,118.6,229.06
118.57,153.42,147.69,153.42,147.69,229.15,118.57,229.15
118.95,153.36,148.01,153.36,148.01,228.9,118.95,228.9
119.08,153.68,148.2,153.68,148.2,229.41,119.08,229.41
118.48,153.39,147.68,153.39,147.68,229.3,118.48,229.3
119.08,152.79,148.32,152.79,148.32,228.8,119.08,228.8
119.65,152.39,149.1,152.39,149.1,228.97,119.65,228.97
119.58,150.81,149.57,150.81,149.57,228.78,119.58,228.78
119.49,150.48,149.68,150.48,149.68,228.99,119.49,228.99
119.28,150.86,149.64,150.86,149.64,229.8,119.28,229.8
117.56,152.33,147,152.33,147,228.87,117.56,228.87
117.87,153.36,146.9,153.36,146.9,228.85,117.87,228.85
118.24,153.91,147.02,153.91,147.02,228.75,118.24,228.75
118.35,153.72,147.04,153.72,147.04,228.3,118.35,228.3
118.53,154.08,147.03,154.08,147.03,228.17,118.53,228.17
118.6,153.62,147.55,153.62,147.55,228.89,118.6,228.89
118.51,153.23,147.66,153.23,147.66,229.04,118.51,229.04
118.28,153.44,147.07,153.44,147.07,228.29,118.28,228.29
118.53,153.72,147.28,153.72,147.28,228.46,118.53,228.46
118.66,153.36,147.75,153.36,147.75,228.99,118.66,228.99
118.52,153.62,147.45,153.62,147.45,228.84,118.52,228.84
118.22,153.37,147.12,153.37,147.12,228.51,118.22,228.51
118.31,153.46,147.05,153.46,147.05,228.2,118.31,228.2
118.58,153.68,147.35,153.68,147.35,228.48,118.58,228.48
118.45,153.08,147.62,153.08,147.62,228.93,118.45,228.93
118.37,153.35,147.23,153.35,147.23,228.37,118.37,228.37
118.37,153.7,147.12,153.7,147.12,228.45,118.37,228.45
118.53,152.92,147.8,152.92,147.8,229.04,118.53,229.04
118.54,153.42,147.35,153.42,147.35,228.34,118.54,228.34
118.68,153.72,147.3,153.72,147.3,228.13,118.68,228.13
118.77,154.1,147.2,154.1,147.2,228.01,118.77,228.01
118.68,153.67,147.56,153.67,147.56,228.78,118.68,228.78
118.47,153.51,147.14,153.51,147.14,228.06,118.47,228.06
118.56,153.19,147.64,153.19,147.64,228.79,118.56,228.79
118.38,153.1,147.77,153.1,147.77,229.51,118.38,229.51
118.4,153.09,147.78,153.09,147.78,229.49,118.4,229.49
118.34,153.07,147.71,153.07,147.71,229.45,118.34,229.45
118.31,153.41,147.25,153.41,147.25,228.65,118.31,228.65
118.62,153.44,147.38,153.44,147.38,228.22,118.62,228.22
118.69,154.05,147.3,154.05,147.3,228.45,118.69,228.45
118.55,153.9,146.97,153.9,146.97,227.8,118.55,227.8
118.92,153.86,147.72,153.86,147.72,228.73,118.92,228.73
118.55,153.69,147.24,153.69,147.24,228.28,118.55,228.28
118.47,153.05,147.61,153.05,147.61,228.81,118.47,228.81
118.54,153.72,147.31,153.72,147.31,228.52,118.54,228.52
118.67,153.23,147.81,153.23,147.81,228.97,118.67,228.97
118.46,153.61,147.29,153.61,147.29,228.56,118.46,228.56
118.42,152.99,147.61,152.99,147.61,228.9,118.42,228.9
118.35,153.42,147.19,153.42,147.19,228.39,118.35,228.39
118.47,153.86,147.16,153.86,147.16,228.44,118.47,228.44
118.61,153.66,147.25,153.66,147.25,228.12,118.61,228.12
118.4,153.41,147.06,153.41,147.06,227.93,118.4,227.93
118.58,153.4,147.58,153.4,147.58,228.79,118.58,228.79
118.48,152.99,147.7,152.99,147.7,228.97,118.48,228.97
118.42,153.46,147.21,153.46,147.21,228.33,118.42,228.33
118.6,153.56,147.26,153.56,147.26,228.07,118.6,228.07
118.66,153.8,147.26,153.8,147.26,228.17,118.66,228.17
118.59,153.65,147.1,153.65,147.1,227.78,118.59,227.78
118.66,154.06,147.1,154.06,147.1,228.02,118.66,228.02
118.6,153.18,147.57,153.18,147.57,228.48,118.6,228.48
118.45,152.75,147.7,152.75,147.7,228.77,118.45,228.77
118.44,152.97,147.75,152.97,147.75,229.18,118.44,229.18
118.67,153.2,147.99,153.2,147.99,229.43,118.67,229.43
118.6,153.25,147.89,153.25,147.89,229.41,118.6,229.41
118.45,153.05,147.71,153.05,147.71,229.14,118.45,229.14
118.44,152.96,147.68,152.96,147.68,228.98,118.44,228.98
118.43,153.1,147.72,153.1,147.72,229.24,118.43,229.24
118.49,153.16,147.76,153.16,147.76,229.24,118.49,229.24
118.61,153.74,147.38,153.74,147.38,228.52,118.61,228.52
118.62,153.7,147.3,153.7,147.3,228.27,118.62,228.27
118.68,153.64,147.28,153.64,147.28,227.99,118.68,227.99
118.19,153.66,146.81,153.66,146.81,228.07,118.19,228.07
118.43,153.72,147.02,153.72,147.02,228.07,118.43,228.07
118.54,153.71,147.1,153.71,147.1,227.97,118.54,227.97
118.28,153.48,146.89,153.48,146.89,227.89,118.28,227.89
118.31,153.53,146.88,153.53,146.88,227.82,118.31,227.82
118.31,153.55,146.83,153.55,146.83,227.69,118.31,227.69
118.52,154.07,147.02,154.07,147.02,228.19,118.52,228.19
118.88,153.87,147.68,153.87,147.68,228.77,118.88,228.77
118.48,153.58,147.2,153.58,147.2,228.24,118.48,228.24
118.54,153.33,147.58,153.33,147.58,228.82,118.54,228.82
118.44,153.02,147.67,153.02,147.67,229.01,118.44,229.01
118.51,153.26,147.75,153.26,147.75,229.29,118.51,229.29
118.63,153.24,147.83,153.24,147.83,229.14,118.63,229.14
118.51,153.47,147.25,153.47,147.25,228.18,118.51,228.18
118.44,153.13,147.56,153.13,147.56,228.85,118.44,228.85
118.54,153.68,147.33,153.68,147.33,228.53,118.54,228.53
118.52,153.51,147.61,153.51,147.61,229.15,118.52,229.15
118.4,153.47,147.26,153.47,147.26,228.51,118.4,228.51
118.2,153.29,146.92,153.29,146.92,227.96,118.2,227.96
118.65,153.9,147.26,153.9,147.26,228.29,118.65,228.29
118.24,153.74,146.78,153.74,146.78,227.94,118.24,227.94
118.62,154.33,147.03,154.33,147.03,228.2,118.62,228.2
118.63,153.77,147.47,153.77,147.47,228.76,118.63,228.76
118.52,153.41,147.28,153.41,147.28,228.18,118.52,228.18
118.56,153.16,147.75,153.16,147.75,229.06,118.56,229.06
118.32,153.51,147.1,153.51,147.1,228.34,118.32,228.34
118.52,153.23,147.72,153.23,147.72,229.13,118.52,229.13
118.28,153.39,147.17,153.39,147.17,228.49,118.28,228.49
118.34,153.66,147.08,153.66,147.08,228.39,118.34,228.39
118.54,153.32,147.64,153.32,147.64,228.96,118.54,228.96
118.26,153.6,147.15,153.6,147.15,228.72,118.26,228.72
118.44,153.57,147.11,153.57,147.11,228.12,118.44,228.12
118.53,153.27,147.59,153.27,147.59,228.82,118.53,228.82
118.39,153.06,147.64,153.06,147.64,229.09,118.39,229.09
118.59,153.72,147.27,153.72,147.27,228.3,118.59,228.3
118.67,153.83,147.25,153.83,147.25,228.14,118.67,228.14
118.36,153.79,146.94,153.79,146.94,228.08,118.36,228.08
118.61,153.83,147.08,153.83,147.08,227.85,118.61,227.85
118.7,153.55,147.6,153.55,147.6,228.71,118.7,228.71
118.18,153.4,146.92,153.4,146.92,228.12,118.18,228.12
118.56,153.16,147.73,153.16,147.73,229.01,118.56,229.01
118.19,153.39,147.08,153.39,147.08,228.49,118.19,228.49
118.28,153.51,147.05,153.51,147.05,228.31,118.28,228.31
118.5,153.29,147.64,153.29,147.64,229.04,118.5,229.04
118.35,153.34,147.23,153.34,147.23,228.42,118.35,228.42
118.31,153.43,147.05,153.43,147.05,228.17,118.31,228.17
118.64,153.44,147.71,153.44,147.71,229.01,118.64,229.01
118.46,153.43,147.7,153.43,147.7,229.47,118.46,229.47
118.43,153.08,147.7,153.08,147.7,229.19,118.43,229.19
118.47,152.89,147.78,152.89,147.78,229.09,118.47,229.09
118.34,152.96,147.78,152.96,147.78,229.52,118.34,229.52
118.37,153.34,147.27,153.34,147.27,228.49,118.37,228.49
118.37,153.57,147.11,153.57,147.11,228.29,118.37,228.29
118.5,153.25,147.69,153.25,147.69,229.14,118.5,229.14
118.35,153.48,147.1,153.48,147.1,228.24,118.35,228.24
118.48,153.35,147.59,153.35,147.59,229.05,118.48,229.05
118.51,153.62,147.31,153.62,147.31,228.52,118.51,228.52
118.57,153.87,147.24,153.87,147.24,228.41,118.57,228.41
118.69,153.64,147.27,153.64,147.27,227.96,118.69,227.96
118.36,153.55,146.92,153.55,146.92,227.82,118.36,227.82
118.34,153.69,146.95,153.69,146.95,228.08,118.34,228.08
118.27,153.74,146.86,153.74,146.86,228.08,118.27,228.08
118.54,153.82,147.03,153.82,147.03,227.87,118.54,227.87
118.7,154.11,147.22,154.11,147.22,228.26,118.7,228.26
118.61,153.9,147.07,153.9,147.07,227.89,118.61,227.89
118.73,154.03,147.22,154.03,147.22,228.1,118.73,228.1
118.66,154.4,147.09,154.4,147.09,228.31,118.66,228.31
118.59,153.73,147.53,153.73,147.53,228.97,118.59,228.97
118.59,153.53,147.39,153.53,147.39,228.41,118.59,228.41
118.21,153.61,146.96,153.61,146.96,228.34,118.21,228.34
118.52,153.36,147.58,153.36,147.58,228.91,118.52,228.91
118.55,153.2,147.77,153.2,147.77,229.17,118.55,229.17
118.27,153.73,146.97,153.73,146.97,228.36,118.27,228.36
118.59,153.67,147.57,153.67,147.57,229.04,118.59,229.04
118.49,153.47,147.32,153.47,147.32,228.42,118.49,228.42
118.14,153.49,146.94,153.49,146.94,228.38,118.14,228.38
118.37,153.53,147.12,153.53,147.12,228.29,118.37,228.29
118.59,153.26,147.75,153.26,147.75,229.06,118.59,229.06
118.38,153.69,147.11,153.69,147.11,228.4,118.38,228.4
118.49,153.46,147.57,153.46,147.57,229.06,118.49,229.06
118.44,153.64,147.37,153.64,147.37,228.84,118.44,228.84
118.27,153.29,147.08,153.29,147.08,228.2,118.27,228.2
118.47,153.92,147.16,153.92,147.16,228.52,118.47,228.52
118.53,154.03,147.12,154.03,147.12,228.36,118.53,228.36
118.38,154.12,146.78,154.12,146.78,227.96,118.38,227.96
118.48,153.86,146.91,153.86,146.91,227.77,118.48,227.77
118.62,154.12,147,154.12,147,227.93,118.62,227.93
118.63,154.22,146.99,154.22,146.99,227.95,118.63,227.95
118.38,153.93,146.79,153.93,146.79,227.79,118.38,227.79
118.64,154.28,147.09,154.28,147.09,228.25,118.64,228.25
118.74,153.92,147.21,153.92,147.21,227.93,118.74,227.93
118.68,153.86,147.17,153.86,147.17,227.92,118.68,227.92
118.37,153.97,146.93,153.97,146.93,228.23,118.37,228.23
118.25,153.75,146.76,153.75,146.76,227.88,118.25,227.88
118.25,153.94,146.81,153.94,146.81,228.2,118.25,228.2
118.09,153.59,146.72,153.59,146.72,228.02,118.09,228.02
118.16,153.44,146.79,153.44,146.79,227.88,118.16,227.88
118.04,153.27,146.78,153.27,146.78,228,118.04,228
118.66,153.95,147.33,153.95,147.33,228.48,118.66,228.48
118.62,153.76,147.26,153.76,147.26,228.23,118.62,228.23
118.17,153.61,146.79,153.61,146.79,228.03,118.17,228.03
118.05,153.64,146.69,153.64,146.69,228.1,118.05,228.1
118.19,153.57,146.71,153.57,146.71,227.71,118.19,227.71
118.53,153.86,147.05,153.86,147.05,228,118.53,228
118.45,154.1,146.85,154.1,146.85,227.95,118.45,227.95
118.64,153.86,147.43,153.86,147.43,228.72,118.64,228.72
118.49,153.88,147.22,153.88,147.22,228.57,118.49,228.57
118.51,153.83,147.23,153.83,147.23,228.49,118.51,228.49
118.55,153.92,147.19,153.92,147.19,228.37,118.55,228.37
118.11,153.54,146.79,153.54,146.79,228.1,118.11,228.1
118.42,153.58,147.14,153.58,147.14,228.25,118.42,228.25
118.68,153.45,147.69,153.45,147.69,228.88,118.68,228.88
118.39,153.51,147.27,153.51,147.27,228.6,118.39,228.6
118.13,153.38,146.95,153.38,146.95,228.29,118.13,228.29
118.07,153.49,146.87,153.49,146.87,228.37,118.07,228.37
118.2,153.66,146.95,153.66,146.95,228.4,118.2,228.4
118.66,153.78,147.29,153.78,147.29,228.23,118.66,228.23
118.05,153.38,146.81,153.38,146.81,228.17,118.05,228.17
118.32,153.59,147.14,153.59,147.14,228.52,118.32,228.52
118.24,153.63,147,153.63,147,228.4,118.24,228.4
118.36,153.82,147.15,153.82,147.15,228.67,118.36,228.67
118.55,153.62,147.37,153.62,147.37,228.54,118.55,228.54
118.02,153.21,146.96,153.21,146.96,228.44,118.02,228.44
118.11,153.36,147.09,153.36,147.09,228.7,118.11,228.7
118.24,153.35,147.2,153.35,147.2,228.63,118.24,228.63
118.24,153.31,147.17,153.31,147.17,228.53,118.24,228.53
117.88,153.23,146.76,153.23,146.76,228.33,117.88,228.33
118.01,153.31,146.78,153.31,146.78,228.12,118.01,228.12
118.47,153.49,147.34,153.49,147.34,228.55,118.47,228.55
118.05,153.45,146.8,153.45,146.8,228.2,118.05,228.2
118.48,153.88,147.19,153.88,147.19,228.54,118.48,228.54
118.36,153.7,147.09,153.7,147.09,228.4,118.36,228.4
118.6,153.83,147.23,153.83,147.23,228.26,118.6,228.26
118.02,153.33,146.75,153.33,146.75,228.02,118.02,228.02
118.45,153.75,147.2,153.75,147.2,228.51,118.45,228.51
118.64,153.82,147.27,153.82,147.27,228.26,118.64,228.26
117.92,153.31,146.63,153.31,146.63,227.96,117.92,227.96
118.41,153.53,147.18,153.53,147.18,228.32,118.41,228.32
118.52,153.62,147.27,153.62,147.27,228.36,118.52,228.36
118.33,153.61,147.15,153.61,147.15,228.55,118.33,228.55
118.22,153.71,146.99,153.71,146.99,228.5,118.22,228.5
118.57,153.76,147.31,153.76,147.31,228.49,118.57,228.49
118.41,153.64,147.17,153.64,147.17,228.42,118.41,228.42
118.38,153.53,147.17,153.53,147.17,228.38,118.38,228.38
118.53,153.69,147.26,153.69,147.26,228.38,118.53,228.38
118.61,153.88,147.23,153.88,147.23,228.27,118.61,228.27
118.29,153.65,146.81,153.65,146.81,227.8,118.29,227.8
118.22,153.67,146.71,153.67,146.71,227.73,118.22,227.73
118.53,153.78,147.1,153.78,147.1,228.08,118.53,228.08
118.1,153.43,146.73,153.43,146.73,227.87,118.1,227.87
117.86,153.4,146.53,153.4,146.53,227.97,117.86,227.97
118.55,153.69,147.21,153.69,147.21,228.21,118.55,228.21
118.3,153.41,147.02,153.41,147.02,228.07,118.3,228.07
118.53,153.61,147.28,153.61,147.28,228.37,118.53,228.37
118.45,153.01,147.67,153.01,147.67,228.96,118.45,228.96
118.14,153.42,146.94,153.42,146.94,228.29,118.14,228.29
118.13,153.61,146.87,153.61,146.87,228.33,118.13,228.33
118.67,153.95,147.26,153.95,147.26,228.28,118.67,228.28
118.15,153.62,146.7,153.62,146.7,227.84,118.15,227.84
118.28,154.05,146.71,154.05,146.71,227.96,118.28,227.96
118.51,154.04,147.02,154.04,147.02,228.17,118.51,228.17
118.16,153.49,146.77,153.49,146.77,227.9,118.16,227.9
117.84,153.4,146.51,153.4,146.51,227.94,117.84,227.94
118.49,153.8,147.08,153.8,147.08,228.14,118.49,228.14
118.01,153.39,146.68,153.39,146.68,227.95,118.01,227.95
118.17,153.52,146.87,153.52,146.87,228.12,118.17,228.12
118.49,153.48,147.18,153.48,147.18,228.06,118.49,228.06
118.45,153.57,147.15,153.57,147.15,228.17,118.45,228.17
118.5,153.97,147.04,153.97,147.04,228.19,118.5,228.19
118.53,153.76,147.02,153.76,147.02,227.85,118.53,227.85
118.44,153.88,146.99,153.88,146.99,228.12,118.44,228.12
118.1,153.55,146.65,153.55,146.65,227.78,118.1,227.78
118.08,153.46,146.59,153.46,146.59,227.59,118.08,227.59
118.19,153.75,146.72,153.75,146.72,227.94,118.19,227.94
118.22,153.88,146.76,153.88,146.76,228.08,118.22,228.08
117.86,153.74,146.42,153.74,146.42,228,117.86,228
118.07,153.48,146.63,153.48,146.63,227.75,118.07,227.75
117.97,153.54,146.56,153.54,146.56,227.87,117.97,227.87
118.14,153.5,146.74,153.5,146.74,227.86,118.14,227.86
118.11,153.49,146.65,153.49,146.65,227.7,118.11,227.7
118.07,153.73,146.61,153.73,146.61,227.93,118.07,227.93
118.23,153.73,146.76,153.73,146.76,227.89,118.23,227.89
118.23,154.15,146.68,154.15,146.68,228.11,118.23,228.11
118.45,154.06,146.95,154.06,146.95,228.15,118.45,228.15
118.56,153.79,147.14,153.79,147.14,228.09,118.56,228.09
118.12,153.47,146.7,153.47,146.7,227.76,118.12,227.76
117.91,153.35,146.56,153.35,146.56,227.83,117.91,227.83
117.93,153.57,146.58,153.57,146.58,228.06,117.93,228.06
117.91,153.54,146.59,153.54,146.59,228.13,117.91,228.13
118.23,153.85,146.83,153.85,146.83,228.22,118.23,228.22
118.1,153.31,146.72,153.31,146.72,227.71,118.1,227.71
117.78,153.33,146.47,153.33,146.47,227.94,117.78,227.94
118.32,153.76,146.99,153.76,146.99,228.31,118.32,228.31
118.46,153.97,146.98,153.97,146.98,228.14,118.46,228.14
118.2,153.84,146.7,153.84,146.7,227.95,118.2,227.95
118.53,154.06,146.97,154.06,146.97,227.99,118.53,227.99
118.36,153.73,146.9,153.73,146.9,227.95,118.36,227.95
118.21,153.73,146.79,153.73,146.79,228.03,118.21,228.03
