497,191,539,191,539,308,497,308
491.16,186.05,533.01,186.05,533.01,302.62,491.16,302.62
487.46,184.32,528.99,184.32,528.99,300.01,487.46,300.01
485.39,184.22,526.95,184.22,526.95,299.98,485.39,299.98
482.8,184.68,524.14,184.68,524.14,299.83,482.8,299.83
479.35,185.82,520.25,185.82,520.25,299.75,479.35,299.75
477.16,186.66,517.95,186.66,517.95,300.29,477.16,300.29
473.4,185.46,514.34,185.46,514.34,299.5,473.4,299.5
470.15,184.23,511.12,184.23,511.12,298.35,470.15,298.35
466.64,182.66,507.7,182.66,507.7,297.04,466.64,297.04
462.73,181.27,503.54,181.27,503.54,294.96,462.73,294.96
458.84,180.64,499.66,180.64,499.66,294.36,458.84,294.36
456.49,180.94,497.14,180.94,497.14,294.18,456.49,294.18
454.48,182.02,494.61,182.02,494.61,293.82,454.48,293.82
450.21,182.04,490.47,182.04,490.47,294.21,450.21,294.21
445.35,181.53,485.52,181.53,485.52,293.44,445.35,293.44
442.28,180.76,482.67,180.76,482.67,293.29,442.28,293.29
439.87,179.89,480.51,179.89,480.51,293.11,439.87,293.11
436.57,177.88,477.39,177.88,477.39,291.6,436.57,291.6
433.19,176.35,473.69,176.35,473.69,289.18,433.19,289.18
430.24,176.48,470.44,176.48,470.44,288.45,430.24,288.45
428.22,177.28,468.03,177.28,468.03,288.18,428.22,288.18
425.86,178.07,465.59,178.07,465.59,288.75,425.86,288.75
422.31,178.14,461.59,178.14,461.59,287.57,422.31,287.57
418.92,176.63,458.36,176.63,458.36,286.51,418.92,286.51
415.41,174.77,454.9,174.77,454.9,284.78,415.41,284.78
411.3,172.94,450.53,172.94,450.53,282.24,411.3,282.24
407.08,172.4,446.49,172.4,446.49,282.19,407.08,282.19
403.54,172.41,443.07,172.41,443.07,282.53,403.54,282.53
400.59,173.4,439.83,173.4,439.83,282.7,400.59,282.7
396.92,173.36,435.84,173.36,435.84,281.79,396.92,281.79
392.69,170.95,431.91,170.95,431.91,280.2,392.69,280.2
388.98,169.44,427.86,169.44,427.86,277.76,388.98,277.76
386.64,168.75,425.23,168.75,425.23,276.24,386.64,276.24
384.61,168.79,423,168.79,423,275.72,384.61,275.72
383.3,169.1,421.63,169.1,421.63,275.88,383.3,275.88
380.82,169.04,419.22,169.04,419.22,276.01,380.82,276.01
378.34,169.24,416.54,169.24,416.54,275.65,378.34,275.65
376.76,168.8,414.88,168.8,414.88,275.01,376.76,275.01
374.12,167.33,412.21,167.33,412.21,273.45,374.12,273.45
370.57,165.47,408.58,165.47,408.58,271.36,370.57,271.36
367.36,164.86,405.34,164.86,405.34,270.65,367.36,270.65
364.09,164.66,402.4,164.66,402.4,271.36,364.09,271.36
361.32,165.44,399.34,165.44,399.34,271.36,361.32,271.36
358.61,165.84,396.51,165.84,396.51,271.41,358.61,271.41
355.82,165.46,393.77,165.46,393.77,271.17,355.82,271.17
352.53,164.38,390.59,164.38,390.59,270.41,352.53,270.41
345.22,162.34,383.06,162.34,383.06,267.74,345.22,267.74
336.32,161.98,373.75,161.98,373.75,266.25,336.32,266.25
329.27,160.51,366.68,160.51,366.68,264.73,329.27,264.73
323.63,158.76,361.03,158.76,361.03,262.94,323.63,262.94
318.91,158.36,356.23,158.36,356.23,262.31,318.91,262.31
314.6,159.05,351.77,159.05,351.77,262.6,314.6,262.6
307.87,160.66,344.68,160.66,344.68,263.19,307.87,263.19
301.75,159.54,338.3,159.54,338.3,261.37,301.75,261.37
297.74,158.01,334.06,158.01,334.06,259.21,297.74,259.21
294.8,157.34,330.75,157.34,330.75,257.48,294.8,257.48
292.85,156.71,328.54,156.71,328.54,256.13,292.85,256.13
290.53,156.9,326.14,156.9,326.14,256.11,290.53,256.11
283.62,158.15,319.34,158.15,319.34,257.66,283.62,257.66
279.29,158.17,314.83,158.17,314.83,257.18,279.29,257.18
275.56,157.93,310.93,157.93,310.93,256.45,275.56,256.45
271.43,157.64,306.89,157.64,306.89,256.42,271.43,256.42
267.83,156.62,303.1,156.62,303.1,254.88,267.83,254.88
265.02,156.69,300.35,156.69,300.35,255.12,265.02,255.12
261.15,155.79,296.91,155.79,296.91,255.4,261.15,255.4
256.69,155.47,292.71,155.47,292.71,255.8,256.69,255.8
254.93,155.26,290.97,155.26,290.97,255.64,254.93,255.64
251.3,155.83,287.34,155.83,287.34,256.24,251.3,256.24
247.75,157.04,283.52,157.04,283.52,256.7,247.75,256.7
242.38,157.23,278.23,157.23,278.23,257.09,242.38,257.09
239.57,157.6,275.44,157.6,275.44,257.51,239.57,257.51
235.82,157.28,271.48,157.28,271.48,256.62,235.82,256.62
232.16,156.08,268.08,156.08,268.08,256.14,232.16,256.14
227.86,155.64,263.91,155.64,263.91,256.05,227.86,256.05
223.44,154.78,259.74,154.78,259.74,255.91,223.44,255.91
220,154.83,256.46,154.83,256.46,256.42,220,256.42
217.02,155,253.78,155,253.78,257.42,217.02,257.42
215.17,154.92,251.97,154.92,251.97,257.41,215.17,257.41
211.99,155.48,248.18,155.48,248.18,256.28,211.99,256.28
208.67,155.05,244.36,155.05,244.36,254.48,208.67,254.48
205.77,154.52,241.39,154.52,241.39,253.74,205.77,253.74
200.13,152.63,235.57,152.63,235.57,251.36,200.13,251.36
196.54,150.34,232.25,150.34,232.25,249.81,196.54,249.81
194.12,148.5,230.02,148.5,230.02,248.5,194.12,248.5
192.78,147.45,228.96,147.45,228.96,248.23,192.78,248.23
191.26,145.78,227.59,145.78,227.59,246.98,191.26,246.98
188.34,144.52,224.63,144.52,224.63,245.6,188.34,245.6
185.14,144.83,220.84,144.83,220.84,244.29,185.14,244.29
182.45,144.9,217.84,144.9,217.84,243.49,182.45,243.49
179.63,145.32,214.63,145.32,214.63,242.81,179.63,242.81
175.62,145.61,210.36,145.61,210.36,242.38,175.62,242.38
172.45,144.72,207.01,144.72,207.01,240.98,172.45,240.98
170.04,143.37,204.56,143.37,204.56,239.53,170.04,239.53
167.41,142.86,201.97,142.86,201.97,239.13,167.41,239.13
165.13,142.18,199.74,142.18,199.74,238.58,165.13,238.58
162.3,142.17,196.86,142.17,196.86,238.45,162.3,238.45
159.62,143.24,194.18,143.24,194.18,239.51,159.62,239.51
157.72,143.28,192.34,143.28,192.34,239.7,157.72,239.7
155.48,142.73,190.12,142.73,190.12,239.23,155.48,239.23
152.83,140.67,187.64,140.67,187.64,237.64,152.83,237.64
151.63,139.44,186.39,139.44,186.39,236.27,151.63,236.27
149.28,139.6,184.35,139.6,184.35,237.29,149.28,237.29
138.27,139.19,173.43,139.19,173.43,237.14,138.27,237.14
133.5,135.81,168.57,135.81,168.57,233.51,133.5,233.51
131.38,134.61,166.4,134.61,166.4,232.15,131.38,232.15
129.17,133.34,164.03,133.34,164.03,230.44,129.17,230.44
127.49,132.76,162.34,132.76,162.34,229.83,127.49,229.83
125.31,133.6,159.89,133.6,159.89,229.94,125.31,229.94
121.95,133.9,156.52,133.9,156.52,230.18,121.95,230.18
119.85,133.71,154.32,133.71,154.32,229.74,119.85,229.74
117.18,133.26,151.72,133.26,151.72,229.47,117.18,229.47
114.9,133.5,149.63,133.5,149.63,230.24,114.9,230.24
112.61,131.9,147.38,131.9,147.38,228.76,112.61,228.76
110.48,131.32,145.51,131.32,145.51,228.89,110.48,228.89
108.93,130.63,143.97,130.63,143.97,228.23,108.93,228.23
107.56,131.09,142.92,131.09,142.92,229.58,107.56,229.58
105.88,131.72,141.23,131.72,141.23,230.21,105.88,230.21
103.15,131.78,138.35,131.78,138.35,229.83,103.15,229.83
99.764,131.83,134.94,131.83,134.94,229.83,99.764,229.83
96.584,131.06,131.9,131.06,131.9,229.43,96.584,229.43
94.389,130.5,129.93,130.5,129.93,229.51,94.389,229.51
92.695,128.6,128.36,128.6,128.36,227.95,92.695,227.95
91.384,127.67,126.8,127.67,126.8,226.33,91.384,226.33
90.668,126.92,125.71,126.92,125.71,224.53,90.668,224.53
90.077,127.5,124.74,127.5,124.74,224.07,90.077,224.07
88.544,128.17,122.77,128.17,122.77,223.5,88.544,223.5
88.511,127.5,122.56,127.5,122.56,222.36,88.511,222.36
87.52,125.82,121.46,125.82,121.46,220.36,87.52,220.36
87.022,125.34,121.13,125.34,121.13,220.35,87.022,220.35
85.757,124.41,119.71,124.41,119.71,218.99,85.757,218.99
85.075,124.94,119.16,124.94,119.16,219.89,85.075,219.89
83.773,124.52,117.88,124.52,117.88,219.54,83.773,219.54
83.586,124.74,117.71,124.74,117.71,219.81,83.586,219.81
82.259,125.38,116.32,125.38,116.32,220.27,82.259,220.27
81.177,125.37,115.12,125.37,115.12,219.93,81.177,219.93
79.583,125.04,113.54,125.04,113.54,219.65,79.583,219.65
78.333,123.64,112.33,123.64,112.33,218.34,78.333,218.34
77.457,122.39,111.49,122.39,111.49,217.2,77.457,217.2
76.557,121.87,110.61,121.87,110.61,216.73,76.557,216.73
75.942,120.92,109.97,120.92,109.97,215.71,75.942,215.71
75.074,121.34,109.03,121.34,109.03,215.94,75.074,215.94
74.384,121.69,108.22,121.69,108.22,215.95,74.384,215.95
72.929,121.17,106.75,121.17,106.75,215.38,72.929,215.38
72.33,121.37,106.01,121.37,106.01,215.21,72.33,215.21
72.112,121.35,105.83,121.35,105.83,215.29,72.112,215.29
69.415,117.83,103.35,117.83,103.35,212.37,69.415,212.37
67.464,117.17,101.33,117.17,101.33,211.52,67.464,211.52
65.578,117.66,99.354,117.66,99.354,211.75,65.578,211.75
64.776,117.71,98.538,117.71,98.538,211.76,64.776,211.76
63.755,116.81,97.498,116.81,97.498,210.81,63.755,210.81
63.153,115.62,96.864,115.62,96.864,209.52,63.153,209.52
62.365,114.29,96.154,114.29,96.154,208.42,62.365,208.42
61.527,113.15,95.128,113.15,95.128,206.75,61.527,206.75
