195.00 153.00 284.00 153.00 284.00 281.00 195.00 281.00
194.00 157.00 280.00 157.00 280.00 280.00 194.00 280.00
189.00 158.00 275.00 158.00 275.00 281.00 189.00 281.00
188.00 162.00 270.00 162.00 270.00 280.00 188.00 280.00
185.00 165.00 264.00 165.00 264.00 279.00 185.00 279.00
186.00 163.00 267.00 163.00 267.00 279.00 186.00 279.00
184.00 165.00 261.00 165.00 261.00 276.00 184.00 276.00
184.00 164.00 261.00 164.00 261.00 275.00 184.00 275.00
184.00 167.00 260.00 167.00 260.00 276.00 184.00 276.00
185.00 169.00 258.00 169.00 258.00 274.00 185.00 274.00
185.00 170.00 258.00 170.00 258.00 275.00 185.00 275.00
184.00 171.00 257.00 171.00 257.00 276.00 184.00 276.00
184.00 175.00 256.00 175.00 256.00 278.00 184.00 278.00
183.00 178.00 257.00 178.00 257.00 285.00 183.00 285.00
184.00 179.00 258.00 179.00 258.00 286.00 184.00 286.00
185.00 186.00 258.00 186.00 258.00 291.00 185.00 291.00
183.00 192.00 257.00 192.00 257.00 299.00 183.00 299.00
184.00 195.00 257.00 195.00 257.00 300.00 184.00 300.00
184.00 193.00 258.00 193.00 258.00 300.00 184.00 300.00
184.00 192.00 258.00 192.00 258.00 299.00 184.00 299.00
185.00 192.00 259.00 192.00 259.00 299.00 185.00 299.00
187.00 192.00 260.00 192.00 260.00 297.00 187.00 297.00
185.00 190.00 261.00 190.00 261.00 299.00 185.00 299.00
187.00 194.00 263.00 194.00 263.00 303.00 187.00 303.00
187.00 194.00 264.00 194.00 264.00 305.00 187.00 305.00
187.00 197.00 266.00 197.00 266.00 311.00 187.00 311.00
191.00 205.00 267.00 205.00 267.00 314.00 191.00 314.00
191.00 204.00 270.00 204.00 270.00 318.00 191.00 318.00
192.00 205.00 274.00 205.00 274.00 323.00 192.00 323.00
194.00 207.00 280.00 207.00 280.00 330.00 194.00 330.00
193.00 206.00 282.00 206.00 282.00 334.00 193.00 334.00
197.00 215.00 284.00 215.00 284.00 340.00 197.00 340.00
199.00 219.00 285.00 219.00 285.00 342.00 199.00 342.00
198.00 220.00 285.00 220.00 285.00 345.00 198.00 345.00
196.00 222.00 287.00 222.00 287.00 353.00 196.00 353.00
196.00 226.00 287.00 226.00 287.00 357.00 196.00 357.00
194.00 230.00 283.00 230.00 283.00 358.00 194.00 358.00
192.00 232.00 281.00 232.00 281.00 360.00 192.00 360.00
192.00 236.00 279.00 236.00 279.00 361.00 192.00 361.00
193.00 243.00 280.00 243.00 280.00 368.00 193.00 368.00
192.00 245.00 279.00 245.00 279.00 370.00 192.00 370.00
192.00 249.00 278.00 249.00 278.00 372.00 192.00 372.00
192.00 252.00 279.00 252.00 279.00 377.00 192.00 377.00
192.00 257.00 276.00 257.00 276.00 378.00 192.00 378.00
193.00 261.00 279.00 261.00 279.00 384.00 193.00 384.00
191.00 263.00 278.00 263.00 278.00 388.00 191.00 388.00
191.00 267.00 277.00 267.00 277.00 390.00 191.00 390.00
190.00 273.00 274.00 273.00 274.00 394.00 190.00 394.00
190.00 279.00 271.00 279.00 271.00 395.00 190.00 395.00
191.00 282.00 273.00 282.00 273.00 400.00 191.00 400.00
190.00 282.00 274.00 282.00 274.00 403.00 190.00 403.00
190.00 279.00 277.00 279.00 277.00 404.00 190.00 404.00
192.00 281.00 278.00 281.00 278.00 404.00 192.00 404.00
190.00 283.00 274.00 283.00 274.00 404.00 190.00 404.00
191.00 281.00 277.00 281.00 277.00 404.00 191.00 404.00
190.00 284.00 272.00 284.00 272.00 402.00 190.00 402.00
189.00 285.00 273.00 285.00 273.00 406.00 189.00 406.00
185.00 293.00 266.00 293.00 266.00 409.00 185.00 409.00
184.00 297.00 265.00 297.00 265.00 413.00 184.00 413.00
183.00 308.00 260.00 308.00 260.00 419.00 183.00 419.00
183.00 314.00 259.00 314.00 259.00 423.00 183.00 423.00
183.00 315.00 260.00 315.00 260.00 426.00 183.00 426.00
181.00 318.00 258.00 318.00 258.00 429.00 181.00 429.00
182.00 319.00 258.00 319.00 258.00 428.00 182.00 428.00
182.00 318.00 255.00 318.00 255.00 423.00 182.00 423.00
181.00 321.00 253.00 321.00 253.00 424.00 181.00 424.00
179.00 323.00 251.00 323.00 251.00 426.00 179.00 426.00
173.00 324.00 245.00 324.00 245.00 427.00 173.00 427.00
168.00 324.00 240.00 324.00 240.00 427.00 168.00 427.00
161.00 322.00 233.00 322.00 233.00 425.00 161.00 425.00
152.00 324.00 225.00 324.00 225.00 429.00 152.00 429.00
186.00 315.00 262.00 315.00 262.00 424.00 186.00 424.00
188.00 315.00 267.00 315.00 267.00 429.00 188.00 429.00
186.00 317.00 265.00 317.00 265.00 431.00 186.00 431.00
189.00 314.00 270.00 314.00 270.00 430.00 189.00 430.00
187.00 315.00 268.00 315.00 268.00 431.00 187.00 431.00
192.00 311.00 276.00 311.00 276.00 432.00 192.00 432.00
194.00 307.00 281.00 307.00 281.00 432.00 194.00 432.00
193.00 306.00 282.00 306.00 282.00 434.00 193.00 434.00
192.00 309.00 278.00 309.00 278.00 432.00 192.00 432.00
193.00 306.00 282.00 306.00 282.00 434.00 193.00 434.00
193.00 307.00 280.00 307.00 280.00 432.00 193.00 432.00
192.00 308.00 279.00 308.00 279.00 433.00 192.00 433.00
193.00 306.00 284.00 306.00 284.00 437.00 193.00 437.00
193.00 308.00 280.00 308.00 280.00 433.00 193.00 433.00
192.00 308.00 279.00 308.00 279.00 433.00 192.00 433.00
193.00 307.00 282.00 307.00 282.00 435.00 193.00 435.00
193.00 307.00 282.00 307.00 282.00 435.00 193.00 435.00
192.00 307.00 281.00 307.00 281.00 435.00 192.00 435.00
192.00 306.00 283.00 306.00 283.00 437.00 192.00 437.00
193.00 307.00 282.00 307.00 282.00 435.00 193.00 435.00
192.00 307.00 283.00 307.00 283.00 438.00 192.00 438.00
192.00 308.00 279.00 308.00 279.00 433.00 192.00 433.00
193.00 308.00 280.00 308.00 280.00 433.00 193.00 433.00
192.00 307.00 281.00 307.00 281.00 435.00 192.00 435.00
192.00 306.00 281.00 306.00 281.00 434.00 192.00 434.00
192.00 306.00 281.00 306.00 281.00 434.00 192.00 434.00
192.00 307.00 281.00 307.00 281.00 435.00 192.00 435.00
192.00 307.00 283.00 307.00 283.00 438.00 192.00 438.00
192.00 307.00 281.00 307.00 281.00 435.00 192.00 435.00
192.00 307.00 281.00 307.00 281.00 435.00 192.00 435.00
192.00 307.00 281.00 307.00 281.00 435.00 192.00 435.00
192.00 307.00 281.00 307.00 281.00 435.00 192.00 435.00
192.00 308.00 279.00 308.00 279.00 433.00 192.00 433.00
192.00 307.00 281.00 307.00 281.00 435.00 192.00 435.00
192.00 307.00 281.00 307.00 281.00 435.00 192.00 435.00
192.00 307.00 281.00 307.00 281.00 435.00 192.00 435.00
192.00 307.00 281.00 307.00 281.00 435.00 192.00 435.00
192.00 307.00 281.00 307.00 281.00 435.00 192.00 435.00
192.00 307.00 281.00 307.00 281.00 435.00 192.00 435.00
192.00 307.00 281.00 307.00 281.00 435.00 192.00 435.00
192.00 307.00 281.00 307.00 281.00 435.00 192.00 435.00
192.00 307.00 281.00 307.00 281.00 435.00 192.00 435.00
192.00 307.00 281.00 307.00 281.00 435.00 192.00 435.00
193.00 307.00 282.00 307.00 282.00 435.00 193.00 435.00
192.00 307.00 281.00 307.00 281.00 435.00 192.00 435.00
192.00 307.00 281.00 307.00 281.00 435.00 192.00 435.00
192.00 307.00 281.00 307.00 281.00 435.00 192.00 435.00
192.00 307.00 281.00 307.00 281.00 435.00 192.00 435.00
192.00 307.00 281.00 307.00 281.00 435.00 192.00 435.00
192.00 307.00 281.00 307.00 281.00 435.00 192.00 435.00
192.00 307.00 281.00 307.00 281.00 435.00 192.00 435.00
192.00 306.00 283.00 306.00 283.00 437.00 192.00 437.00
192.00 307.00 281.00 307.00 281.00 435.00 192.00 435.00
192.00 307.00 281.00 307.00 281.00 435.00 192.00 435.00
192.00 307.00 281.00 307.00 281.00 435.00 192.00 435.00
192.00 306.00 281.00 306.00 281.00 434.00 192.00 434.00
192.00 307.00 281.00 307.00 281.00 435.00 192.00 435.00
192.00 307.00 281.00 307.00 281.00 435.00 192.00 435.00
192.00 307.00 281.00 307.00 281.00 435.00 192.00 435.00
192.00 307.00 281.00 307.00 281.00 435.00 192.00 435.00
192.00 307.00 281.00 307.00 281.00 435.00 192.00 435.00
193.00 307.00 282.00 307.00 282.00 435.00 193.00 435.00
192.00 307.00 281.00 307.00 281.00 435.00 192.00 435.00
192.00 307.00 281.00 307.00 281.00 435.00 192.00 435.00
192.00 307.00 281.00 307.00 281.00 435.00 192.00 435.00
192.00 307.00 281.00 307.00 281.00 435.00 192.00 435.00
192.00 306.00 281.00 306.00 281.00 434.00 192.00 434.00
192.00 307.00 281.00 307.00 281.00 435.00 192.00 435.00
194.00 306.00 285.00 306.00 285.00 437.00 194.00 437.00
201.00 306.00 290.00 306.00 290.00 434.00 201.00 434.00
209.00 306.00 298.00 306.00 298.00 434.00 209.00 434.00
212.00 306.00 301.00 306.00 301.00 434.00 212.00 434.00
221.00 305.00 312.00 305.00 312.00 436.00 221.00 436.00
225.00 305.00 316.00 305.00 316.00 436.00 225.00 436.00
231.00 307.00 318.00 307.00 318.00 432.00 231.00 432.00
238.00 306.00 327.00 306.00 327.00 434.00 238.00 434.00
242.00 305.00 333.00 305.00 333.00 436.00 242.00 436.00
251.00 307.00 338.00 307.00 338.00 432.00 251.00 432.00
255.00 305.00 346.00 305.00 346.00 436.00 255.00 436.00
258.00 303.00 351.00 303.00 351.00 436.00 258.00 436.00
260.00 305.00 349.00 305.00 349.00 433.00 260.00 433.00
260.00 306.00 349.00 306.00 349.00 434.00 260.00 434.00
260.00 306.00 349.00 306.00 349.00 434.00 260.00 434.00
260.00 305.00 349.00 305.00 349.00 433.00 260.00 433.00
260.00 305.00 349.00 305.00 349.00 433.00 260.00 433.00
263.00 305.00 354.00 305.00 354.00 436.00 263.00 436.00
268.00 307.00 355.00 307.00 355.00 432.00 268.00 432.00
271.00 305.00 362.00 305.00 362.00 436.00 271.00 436.00
279.00 305.00 370.00 305.00 370.00 436.00 279.00 436.00
280.00 306.00 369.00 306.00 369.00 434.00 280.00 434.00
279.00 304.00 370.00 304.00 370.00 435.00 279.00 435.00
280.00 305.00 369.00 305.00 369.00 433.00 280.00 433.00
280.00 306.00 369.00 306.00 369.00 434.00 280.00 434.00
279.00 305.00 370.00 305.00 370.00 436.00 279.00 436.00
279.00 306.00 368.00 306.00 368.00 434.00 279.00 434.00
279.00 305.00 368.00 305.00 368.00 433.00 279.00 433.00
279.00 305.00 368.00 305.00 368.00 433.00 279.00 433.00
279.00 305.00 370.00 305.00 370.00 436.00 279.00 436.00
280.00 306.00 369.00 306.00 369.00 434.00 280.00 434.00
279.00 306.00 368.00 306.00 368.00 434.00 279.00 434.00
279.00 305.00 370.00 305.00 370.00 436.00 279.00 436.00
280.00 307.00 367.00 307.00 367.00 432.00 280.00 432.00
279.00 305.00 368.00 305.00 368.00 433.00 279.00 433.00
279.00 305.00 370.00 305.00 370.00 436.00 279.00 436.00
279.00 306.00 368.00 306.00 368.00 434.00 279.00 434.00
279.00 306.00 368.00 306.00 368.00 434.00 279.00 434.00
279.00 306.00 368.00 306.00 368.00 434.00 279.00 434.00
279.00 306.00 368.00 306.00 368.00 434.00 279.00 434.00
278.00 305.00 369.00 305.00 369.00 436.00 278.00 436.00
279.00 305.00 370.00 305.00 370.00 436.00 279.00 436.00
278.00 305.00 369.00 305.00 369.00 436.00 278.00 436.00
279.00 305.00 368.00 305.00 368.00 433.00 279.00 433.00
279.00 305.00 368.00 305.00 368.00 433.00 279.00 433.00
279.00 304.00 370.00 304.00 370.00 435.00 279.00 435.00
279.00 305.00 368.00 305.00 368.00 433.00 279.00 433.00
279.00 305.00 368.00 305.00 368.00 433.00 279.00 433.00
279.00 304.00 370.00 304.00 370.00 435.00 279.00 435.00
280.00 305.00 369.00 305.00 369.00 433.00 280.00 433.00
280.00 305.00 369.00 305.00 369.00 433.00 280.00 433.00
280.00 305.00 369.00 305.00 369.00 433.00 280.00 433.00
277.00 303.00 370.00 303.00 370.00 436.00 277.00 436.00
279.00 305.00 368.00 305.00 368.00 433.00 279.00 433.00
279.00 305.00 368.00 305.00 368.00 433.00 279.00 433.00
280.00 305.00 369.00 305.00 369.00 433.00 280.00 433.00
279.00 305.00 370.00 305.00 370.00 436.00 279.00 436.00
280.00 306.00 369.00 306.00 369.00 434.00 280.00 434.00
279.00 305.00 370.00 305.00 370.00 436.00 279.00 436.00
280.00 306.00 369.00 306.00 369.00 434.00 280.00 434.00
279.00 305.00 370.00 305.00 370.00 436.00 279.00 436.00
279.00 306.00 368.00 306.00 368.00 434.00 279.00 434.00
279.00 305.00 370.00 305.00 370.00 436.00 279.00 436.00
278.00 303.00 371.00 303.00 371.00 436.00 278.00 436.00
280.00 306.00 369.00 306.00 369.00 434.00 280.00 434.00
280.00 306.00 369.00 306.00 369.00 434.00 280.00 434.00
280.00 307.00 369.00 307.00 369.00 435.00 280.00 435.00
280.00 306.00 369.00 306.00 369.00 434.00 280.00 434.00
279.00 305.00 370.00 305.00 370.00 436.00 279.00 436.00
280.00 306.00 369.00 306.00 369.00 434.00 280.00 434.00
280.00 306.00 369.00 306.00 369.00 434.00 280.00 434.00
280.00 306.00 369.00 306.00 369.00 434.00 280.00 434.00
280.00 306.00 369.00 306.00 369.00 434.00 280.00 434.00
280.00 306.00 369.00 306.00 369.00 434.00 280.00 434.00
279.00 305.00 370.00 305.00 370.00 436.00 279.00 436.00
280.00 306.00 369.00 306.00 369.00 434.00 280.00 434.00
280.00 306.00 369.00 306.00 369.00 434.00 280.00 434.00
279.00 305.00 370.00 305.00 370.00 436.00 279.00 436.00
279.00 305.00 370.00 305.00 370.00 436.00 279.00 436.00
277.00 305.00 368.00 305.00 368.00 436.00 277.00 436.00
271.00 305.00 362.00 305.00 362.00 436.00 271.00 436.00
265.00 307.00 352.00 307.00 352.00 432.00 265.00 432.00
260.00 305.00 351.00 305.00 351.00 436.00 260.00 436.00
254.00 303.00 347.00 303.00 347.00 436.00 254.00 436.00
247.00 306.00 336.00 306.00 336.00 434.00 247.00 434.00
243.00 306.00 334.00 306.00 334.00 437.00 243.00 437.00
234.00 306.00 325.00 306.00 325.00 437.00 234.00 437.00
230.00 307.00 319.00 307.00 319.00 435.00 230.00 435.00
225.00 305.00 316.00 305.00 316.00 436.00 225.00 436.00
219.00 306.00 308.00 306.00 308.00 434.00 219.00 434.00
218.00 304.00 311.00 304.00 311.00 437.00 218.00 437.00
219.00 306.00 310.00 306.00 310.00 437.00 219.00 437.00
220.00 306.00 309.00 306.00 309.00 434.00 220.00 434.00
220.00 306.00 309.00 306.00 309.00 434.00 220.00 434.00
220.00 306.00 309.00 306.00 309.00 434.00 220.00 434.00
219.00 305.00 310.00 305.00 310.00 436.00 219.00 436.00
219.00 305.00 310.00 305.00 310.00 436.00 219.00 436.00
220.00 306.00 311.00 306.00 311.00 437.00 220.00 437.00
219.00 306.00 310.00 306.00 310.00 437.00 219.00 437.00
219.00 306.00 310.00 306.00 310.00 437.00 219.00 437.00
219.00 306.00 310.00 306.00 310.00 437.00 219.00 437.00
219.00 306.00 310.00 306.00 310.00 437.00 219.00 437.00
218.00 304.00 311.00 304.00 311.00 437.00 218.00 437.00
219.00 305.00 310.00 305.00 310.00 436.00 219.00 436.00
219.00 306.00 310.00 306.00 310.00 437.00 219.00 437.00
218.00 304.00 311.00 304.00 311.00 437.00 218.00 437.00
219.00 312.00 310.00 312.00 310.00 443.00 219.00 443.00
220.00 314.00 311.00 314.00 311.00 445.00 220.00 445.00
220.00 316.00 311.00 316.00 311.00 447.00 220.00 447.00
220.00 322.00 311.00 322.00 311.00 453.00 220.00 453.00
220.00 325.00 311.00 325.00 311.00 456.00 220.00 456.00
220.00 329.00 311.00 329.00 311.00 460.00 220.00 460.00
220.00 334.00 309.00 334.00 309.00 462.00 220.00 462.00
218.00 335.00 311.00 335.00 311.00 468.00 218.00 468.00
218.00 337.00 311.00 337.00 311.00 470.00 218.00 470.00
220.00 344.00 311.00 344.00 311.00 475.00 220.00 475.00
220.00 348.00 311.00 348.00 311.00 479.00 220.00 479.00
218.00 351.00 312.00 351.00 312.00 487.00 218.00 487.00
220.00 355.00 311.00 355.00 311.00 486.00 220.00 486.00
218.00 356.00 311.00 356.00 311.00 489.00 218.00 489.00
220.00 363.00 311.00 363.00 311.00 494.00 220.00 494.00
220.00 364.00 311.00 364.00 311.00 495.00 220.00 495.00
219.00 363.00 310.00 363.00 310.00 494.00 219.00 494.00
220.00 363.00 309.00 363.00 309.00 491.00 220.00 491.00
220.00 363.00 311.00 363.00 311.00 494.00 220.00 494.00
220.00 364.00 309.00 364.00 309.00 492.00 220.00 492.00
220.00 363.00 311.00 363.00 311.00 494.00 220.00 494.00
220.00 364.00 311.00 364.00 311.00 495.00 220.00 495.00
220.00 364.00 311.00 364.00 311.00 495.00 220.00 495.00
218.00 362.00 311.00 362.00 311.00 495.00 218.00 495.00
219.00 362.00 312.00 362.00 312.00 495.00 219.00 495.00
219.00 362.00 312.00 362.00 312.00 495.00 219.00 495.00
223.00 363.00 314.00 363.00 314.00 494.00 223.00 494.00
227.00 362.00 320.00 362.00 320.00 495.00 227.00 495.00
236.00 363.00 327.00 363.00 327.00 494.00 236.00 494.00
238.00 361.00 331.00 361.00 331.00 494.00 238.00 494.00
247.00 361.00 340.00 361.00 340.00 494.00 247.00 494.00
251.00 361.00 344.00 361.00 344.00 494.00 251.00 494.00
256.00 361.00 349.00 361.00 349.00 494.00 256.00 494.00
265.00 361.00 358.00 361.00 358.00 494.00 265.00 494.00
268.00 361.00 361.00 361.00 361.00 494.00 268.00 494.00
278.00 361.00 371.00 361.00 371.00 494.00 278.00 494.00
284.00 362.00 375.00 362.00 375.00 493.00 284.00 493.00
288.00 362.00 379.00 362.00 379.00 493.00 288.00 493.00
295.00 361.00 388.00 361.00 388.00 494.00 295.00 494.00
299.00 360.00 392.00 360.00 392.00 493.00 299.00 493.00
311.00 362.00 400.00 362.00 400.00 490.00 311.00 490.00
314.00 362.00 405.00 362.00 405.00 493.00 314.00 493.00
317.00 360.00 410.00 360.00 410.00 493.00 317.00 493.00
325.00 360.00 418.00 360.00 418.00 493.00 325.00 493.00
328.00 360.00 422.00 360.00 422.00 496.00 328.00 496.00
339.00 361.00 430.00 361.00 430.00 492.00 339.00 492.00
344.00 361.00 435.00 361.00 435.00 492.00 344.00 492.00
346.00 360.00 439.00 360.00 439.00 493.00 346.00 493.00
355.00 361.00 446.00 361.00 446.00 492.00 355.00 492.00
361.00 361.00 452.00 361.00 452.00 492.00 361.00 492.00
369.00 361.00 460.00 361.00 460.00 492.00 369.00 492.00
372.00 360.00 465.00 360.00 465.00 493.00 372.00 493.00
378.00 361.00 469.00 361.00 469.00 492.00 378.00 492.00
385.00 361.00 478.00 361.00 478.00 494.00 385.00 494.00
395.00 361.00 488.00 361.00 488.00 494.00 395.00 494.00
399.00 360.00 492.00 360.00 492.00 493.00 399.00 493.00
402.00 361.00 495.00 361.00 495.00 494.00 402.00 494.00
411.00 361.00 504.00 361.00 504.00 494.00 411.00 494.00
415.00 360.00 508.00 360.00 508.00 493.00 415.00 493.00
425.00 361.00 516.00 361.00 516.00 492.00 425.00 492.00
427.00 360.00 520.00 360.00 520.00 493.00 427.00 493.00
437.00 361.00 528.00 361.00 528.00 492.00 437.00 492.00
442.00 361.00 533.00 361.00 533.00 492.00 442.00 492.00
450.00 360.00 543.00 360.00 543.00 493.00 450.00 493.00
455.00 361.00 546.00 361.00 546.00 492.00 455.00 492.00
462.00 360.00 555.00 360.00 555.00 493.00 462.00 493.00
467.00 360.00 560.00 360.00 560.00 493.00 467.00 493.00
477.00 362.00 568.00 362.00 568.00 493.00 477.00 493.00
480.00 360.00 573.00 360.00 573.00 493.00 480.00 493.00
485.00 362.00 576.00 362.00 576.00 493.00 485.00 493.00
492.00 360.00 585.00 360.00 585.00 493.00 492.00 493.00
501.00 360.00 594.00 360.00 594.00 493.00 501.00 493.00
505.00 360.00 598.00 360.00 598.00 493.00 505.00 493.00
509.00 360.00 602.00 360.00 602.00 493.00 509.00 493.00
518.00 361.00 609.00 361.00 609.00 492.00 518.00 492.00
523.00 361.00 614.00 361.00 614.00 492.00 523.00 492.00
533.00 361.00 624.00 361.00 624.00 492.00 533.00 492.00
535.00 360.00 628.00 360.00 628.00 493.00 535.00 493.00
543.00 360.00 636.00 360.00 636.00 493.00 543.00 493.00
548.00 360.00 641.00 360.00 641.00 493.00 548.00 493.00
558.00 362.00 649.00 362.00 649.00 493.00 558.00 493.00
562.00 362.00 653.00 362.00 653.00 493.00 562.00 493.00
570.00 361.00 661.00 361.00 661.00 492.00 570.00 492.00
574.00 361.00 665.00 361.00 665.00 492.00 574.00 492.00
582.00 361.00 673.00 361.00 673.00 492.00 582.00 492.00
587.00 361.00 678.00 361.00 678.00 492.00 587.00 492.00
595.00 361.00 686.00 361.00 686.00 492.00 595.00 492.00
599.00 363.00 686.00 363.00 686.00 488.00 599.00 488.00
604.00 362.00 695.00 362.00 695.00 493.00 604.00 493.00
605.00 361.00 696.00 361.00 696.00 492.00 605.00 492.00
605.00 362.00 696.00 362.00 696.00 493.00 605.00 493.00
604.00 361.00 697.00 361.00 697.00 494.00 604.00 494.00
605.00 361.00 696.00 361.00 696.00 492.00 605.00 492.00
605.00 362.00 696.00 362.00 696.00 493.00 605.00 493.00
604.00 362.00 695.00 362.00 695.00 493.00 604.00 493.00
604.00 361.00 695.00 361.00 695.00 492.00 604.00 492.00
604.00 361.00 695.00 361.00 695.00 492.00 604.00 492.00
605.00 362.00 696.00 362.00 696.00 493.00 605.00 493.00
604.00 361.00 697.00 361.00 697.00 494.00 604.00 494.00
604.00 361.00 695.00 361.00 695.00 492.00 604.00 492.00
604.00 361.00 695.00 361.00 695.00 492.00 604.00 492.00
604.00 361.00 695.00 361.00 695.00 492.00 604.00 492.00
604.00 363.00 691.00 363.00 691.00 488.00 604.00 488.00
604.00 361.00 695.00 361.00 695.00 492.00 604.00 492.00
604.00 361.00 695.00 361.00 695.00 492.00 604.00 492.00
604.00 361.00 695.00 361.00 695.00 492.00 604.00 492.00
604.00 360.00 697.00 360.00 697.00 493.00 604.00 493.00
606.00 362.00 697.00 362.00 697.00 493.00 606.00 493.00
613.00 362.00 702.00 362.00 702.00 490.00 613.00 490.00
616.00 363.00 703.00 363.00 703.00 488.00 616.00 488.00
622.00 364.00 709.00 364.00 709.00 489.00 622.00 489.00
625.00 363.00 712.00 363.00 712.00 488.00 625.00 488.00
629.00 368.00 713.00 368.00 713.00 489.00 629.00 489.00
612.00 358.00 699.00 358.00 699.00 483.00 612.00 483.00
614.00 352.00 700.00 352.00 700.00 475.00 614.00 475.00
617.00 360.00 703.00 360.00 703.00 483.00 617.00 483.00
618.00 352.00 704.00 352.00 704.00 475.00 618.00 475.00
619.00 358.00 705.00 358.00 705.00 481.00 619.00 481.00
604.00 316.00 690.00 316.00 690.00 439.00 604.00 439.00
618.00 366.00 704.00 366.00 704.00 489.00 618.00 489.00
615.00 365.00 702.00 365.00 702.00 490.00 615.00 490.00
618.00 345.00 704.00 345.00 704.00 468.00 618.00 468.00
618.00 354.00 704.00 354.00 704.00 477.00 618.00 477.00
617.00 340.00 706.00 340.00 706.00 468.00 617.00 468.00
620.00 350.00 711.00 350.00 711.00 481.00 620.00 481.00
620.00 357.00 707.00 357.00 707.00 482.00 620.00 482.00
615.00 362.00 704.00 362.00 704.00 490.00 615.00 490.00
616.00 350.00 707.00 350.00 707.00 481.00 616.00 481.00
613.00 341.00 706.00 341.00 706.00 474.00 613.00 474.00
613.00 343.00 709.00 343.00 709.00 482.00 613.00 482.00
611.00 340.00 709.00 340.00 709.00 481.00 611.00 481.00
607.00 337.00 709.00 337.00 709.00 484.00 607.00 484.00
611.00 340.00 717.00 340.00 717.00 493.00 611.00 493.00
613.00 309.00 724.00 309.00 724.00 468.00 613.00 468.00
614.00 313.00 729.00 313.00 729.00 479.00 614.00 479.00
607.00 313.00 727.00 313.00 727.00 485.00 607.00 485.00
609.00 299.00 731.00 299.00 731.00 475.00 609.00 475.00
609.00 322.00 731.00 322.00 731.00 498.00 609.00 498.00
603.00 324.00 725.00 324.00 725.00 500.00 603.00 500.00
612.00 306.00 737.00 306.00 737.00 485.00 612.00 485.00
610.00 302.00 735.00 302.00 735.00 481.00 610.00 481.00
615.00 298.00 742.00 298.00 742.00 481.00 615.00 481.00
614.00 294.00 744.00 294.00 744.00 480.00 614.00 480.00
611.00 286.00 743.00 286.00 743.00 476.00 611.00 476.00
612.00 291.00 744.00 291.00 744.00 481.00 612.00 481.00
610.00 299.00 740.00 299.00 740.00 485.00 610.00 485.00
610.00 296.00 745.00 296.00 745.00 490.00 610.00 490.00
607.00 289.00 747.00 289.00 747.00 491.00 607.00 491.00
599.00 294.00 745.00 294.00 745.00 504.00 599.00 504.00
603.00 305.00 743.00 305.00 743.00 507.00 603.00 507.00
608.00 284.00 754.00 284.00 754.00 494.00 608.00 494.00
607.00 290.00 750.00 290.00 750.00 496.00 607.00 496.00
601.00 297.00 744.00 297.00 744.00 503.00 601.00 503.00
611.00 284.00 754.00 284.00 754.00 490.00 611.00 490.00
606.00 286.00 749.00 286.00 749.00 492.00 606.00 492.00
608.00 291.00 754.00 291.00 754.00 501.00 608.00 501.00
610.00 287.00 750.00 287.00 750.00 489.00 610.00 489.00
610.00 287.00 750.00 287.00 750.00 489.00 610.00 489.00
