401,93,419,93,419,149,401,149
401.74,93.927,419.82,93.927,419.82,150.2,401.74,150.2
402.21,93.853,420.18,93.853,420.18,149.77,402.21,149.77
402.08,93.811,420.07,93.811,420.07,149.79,402.08,149.79
402.26,93.877,420.35,93.877,420.35,150.17,402.26,150.17
402.85,94.742,420.89,94.742,420.89,150.86,402.85,150.86
402.6,94.181,420.53,94.181,420.53,149.96,402.6,149.96
402.93,93.918,420.93,93.918,420.93,149.92,402.93,149.92
402.45,93.187,420.51,93.187,420.51,149.37,402.45,149.37
402.64,92.83,420.61,92.83,420.61,148.73,402.64,148.73
402.52,92.103,420.59,92.103,420.59,148.35,402.52,148.35
403.18,92.622,421.2,92.622,421.2,148.67,403.18,148.67
403.4,92.98,421.38,92.98,421.38,148.92,403.4,148.92
403.98,92.826,421.9,92.826,421.9,148.59,403.98,148.59
404.51,92.729,422.74,92.729,422.74,149.45,404.51,149.45
404.79,91.996,422.79,91.996,422.79,147.97,404.79,147.97
405.03,91.796,422.88,91.796,422.88,147.33,405.03,147.33
405.77,91.743,423.67,91.743,423.67,147.41,405.77,147.41
405.82,91.868,423.77,91.868,423.77,147.71,405.82,147.71
405.96,91.111,423.94,91.111,423.94,147.07,405.96,147.07
406.24,89.952,424.29,89.952,424.29,146.11,406.24,146.11
406.58,90.49,424.47,90.49,424.47,146.14,406.58,146.14
407.16,90.818,425.01,90.818,425.01,146.33,407.16,146.33
407.16,91.14,424.97,91.14,424.97,146.56,407.16,146.56
406.95,90.396,424.82,90.396,424.82,145.98,406.95,145.98
407.45,89.964,425.24,89.964,425.24,145.32,407.45,145.32
407.23,89.43,424.79,89.43,424.79,144.04,407.23,144.04
407.13,89.721,424.54,89.721,424.54,143.89,407.13,143.89
407.42,90.327,424.76,90.327,424.76,144.28,407.42,144.28
407.13,89.596,424.75,89.596,424.75,144.41,407.13,144.41
407.07,89.017,424.72,89.017,424.72,143.91,407.07,143.91
407.2,88.606,424.73,88.606,424.73,143.13,407.2,143.13
407.17,88.245,424.69,88.245,424.69,142.77,407.17,142.77
407.24,88.511,424.74,88.511,424.74,142.97,407.24,142.97
407.3,88.811,424.64,88.811,424.64,142.77,407.3,142.77
407.99,89.418,425.36,89.418,425.36,143.48,407.99,143.48
408.16,89.224,425.32,89.224,425.32,142.6,408.16,142.6
408.29,88.467,425.51,88.467,425.51,142.04,408.29,142.04
408.02,87.167,425.29,87.167,425.29,140.9,408.02,140.9
408.29,87.208,425.64,87.208,425.64,141.18,408.29,141.18
409.1,87.719,426.46,87.719,426.46,141.72,409.1,141.72
409.3,88.102,426.68,88.102,426.68,142.18,409.3,142.18
409.48,88.423,426.54,88.423,426.54,141.47,409.48,141.47
409.73,88.247,426.73,88.247,426.73,141.15,409.73,141.15
409.44,87.4,426.6,87.4,426.6,140.77,409.44,140.77
409.56,86.974,426.78,86.974,426.78,140.53,409.56,140.53
409.24,86.223,426.59,86.223,426.59,140.2,409.24,140.2
409.72,85.813,427.28,85.813,427.28,140.45,409.72,140.45
409.81,85.834,427.22,85.834,427.22,139.99,409.81,139.99
410.13,86.048,427.54,86.048,427.54,140.21,410.13,140.21
410.37,86.623,427.66,86.623,427.66,140.42,410.37,140.42
410.63,86.879,427.85,86.879,427.85,140.45,410.63,140.45
410.73,86.337,428.01,86.337,428.01,140.1,410.73,140.1
411,85.971,428.25,85.971,428.25,139.63,411,139.63
411.08,85.122,428.28,85.122,428.28,138.64,411.08,138.64
411.13,84.993,428.3,84.993,428.3,138.41,411.13,138.41
411.53,85.77,428.83,85.77,428.83,139.58,411.53,139.58
411.42,85.621,428.67,85.621,428.67,139.31,411.42,139.31
411.25,85.099,428.48,85.099,428.48,138.68,411.25,138.68
411.14,84.263,428.43,84.263,428.43,138.07,411.14,138.07
411.41,83.965,428.68,83.965,428.68,137.69,411.41,137.69
411.41,83.645,428.77,83.645,428.77,137.67,411.41,137.67
411.97,84.178,429.32,84.178,429.32,138.17,411.97,138.17
412.27,84.589,429.54,84.589,429.54,138.33,412.27,138.33
412.22,84.476,429.51,84.476,429.51,138.26,412.22,138.26
412.6,84.189,429.79,84.189,429.79,137.68,412.6,137.68
412.65,83.409,429.74,83.409,429.74,136.58,412.65,136.58
413.44,83.304,430.48,83.304,430.48,136.33,413.44,136.33
413.46,83.446,430.4,83.446,430.4,136.15,413.46,136.15
413.54,83.697,430.33,83.697,430.33,135.94,413.54,135.94
414.21,84.297,431.03,84.297,431.03,136.61,414.21,136.61
414.24,83.749,431.14,83.749,431.14,136.33,414.24,136.33
414.19,83.294,431.04,83.294,431.04,135.72,414.19,135.72
414.31,82.799,431.19,82.799,431.19,135.3,414.31,135.3
414.32,82.054,431.21,82.054,431.21,134.61,414.32,134.61
414.47,81.763,431.47,81.763,431.47,134.63,414.47,134.63
414.44,81.524,431.52,81.524,431.52,134.65,414.44,134.65
415.12,82.754,431.99,82.754,431.99,135.23,415.12,135.23
415.25,83.023,431.95,83.023,431.95,134.97,415.25,134.97
415.34,82.811,432.04,82.811,432.04,134.75,415.34,134.75
415.47,82.23,432.21,82.23,432.21,134.31,415.47,134.31
415.69,81.716,432.29,81.716,432.29,133.36,415.69,133.36
415.93,81.339,432.54,81.339,432.54,133.01,415.93,133.01
416.03,81.387,432.68,81.387,432.68,133.16,416.03,133.16
416.07,81.602,432.71,81.602,432.71,133.37,416.07,133.37
416.24,81.924,432.82,81.924,432.82,133.5,416.24,133.5
416.26,81.888,432.81,81.888,432.81,133.37,416.26,133.37
416.32,81.66,432.89,81.66,432.89,133.21,416.32,133.21
416.11,81.271,432.58,81.271,432.58,132.53,416.11,132.53
415.82,80.688,432.27,80.688,432.27,131.87,415.82,131.87
415.88,80.168,432.3,80.168,432.3,131.26,415.88,131.26
415.86,80.17,432.28,80.17,432.28,131.26,415.86,131.26
416.01,80.435,432.48,80.435,432.48,131.69,416.01,131.69
416.41,81.259,432.78,81.259,432.78,132.19,416.41,132.19
416.84,81.155,433.14,81.155,433.14,131.86,416.84,131.86
416.96,80.649,433.31,80.649,433.31,131.51,416.96,131.51
417.19,80.218,433.42,80.218,433.42,130.72,417.19,130.72
417.22,79.841,433.44,79.841,433.44,130.3,417.22,130.3
417.43,80.025,433.6,80.025,433.6,130.32,417.43,130.32
417.51,80.473,433.53,80.473,433.53,130.32,417.51,130.32
417.87,80.681,433.85,80.681,433.85,130.38,417.87,130.38
418.05,80.7,433.92,80.7,433.92,130.1,418.05,130.1
418.19,80.405,434.09,80.405,434.09,129.89,418.19,129.89
418.16,79.732,434.12,79.732,434.12,129.4,418.16,129.4
418.15,79.094,434.22,79.094,434.22,129.09,418.15,129.09
418.33,78.503,434.41,78.503,434.41,128.54,418.33,128.54
418.71,79.095,434.66,79.095,434.66,128.72,418.71,128.72
418.86,79.272,434.86,79.272,434.86,129.04,418.86,129.04
419.11,79.408,435.14,79.408,435.14,129.28,419.11,129.28
419.61,79.259,435.66,79.259,435.66,129.19,419.61,129.19
419.91,78.941,435.94,78.941,435.94,128.82,419.91,128.82
420.23,78.46,436.25,78.46,436.25,128.32,420.23,128.32
420.58,78.043,436.56,78.043,436.56,127.74,420.58,127.74
420.46,78.141,436.45,78.141,436.45,127.88,420.46,127.88
420.78,78.486,436.67,78.486,436.67,127.94,420.78,127.94
421.26,79.085,436.95,79.085,436.95,127.88,421.26,127.88
421.67,79.026,437.26,79.026,437.26,127.54,421.67,127.54
421.89,78.808,437.37,78.808,437.37,126.98,421.89,126.98
422.15,78.224,437.56,78.224,437.56,126.17,422.15,126.17
422.05,77.609,437.48,77.609,437.48,125.61,422.05,125.61
422.69,77.655,438.11,77.655,438.11,125.64,422.69,125.64
422.94,77.924,438.43,77.924,438.43,126.1,422.94,126.1
423.41,78.295,438.88,78.295,438.88,126.43,423.41,126.43
423.43,77.899,438.82,77.899,438.82,125.78,423.43,125.78
423.94,77.805,439.53,77.805,439.53,126.32,423.94,126.32
424.69,77.116,440.31,77.116,440.31,125.72,424.69,125.72
424.88,76.564,440.43,76.564,440.43,124.95,424.88,124.95
425.32,76.829,440.84,76.829,440.84,125.13,425.32,125.13
425.82,77.068,441.38,77.068,441.38,125.49,425.82,125.49
426.25,77.08,441.84,77.08,441.84,125.6,426.25,125.6
426.55,77.082,442.16,77.082,442.16,125.62,426.55,125.62
426.65,76.42,442.25,76.42,442.25,124.95,426.65,124.95
426.77,75.662,442.46,75.662,442.46,124.47,426.77,124.47
426.7,75.404,442.35,75.404,442.35,124.08,426.7,124.08
427.04,75.439,442.67,75.439,442.67,124.07,427.04,124.07
426.61,75.939,442.3,75.939,442.3,124.75,426.61,124.75
427.31,75.976,443.02,75.976,443.02,124.88,427.31,124.88
427.42,75.999,443.11,75.999,443.11,124.81,427.42,124.81
427.84,75.762,443.55,75.762,443.55,124.64,427.84,124.64
428.4,74.876,444.08,74.876,444.08,123.68,428.4,123.68
428.26,74.753,443.81,74.753,443.81,123.14,428.26,123.14
428.82,74.733,444.28,74.733,444.28,122.85,428.82,122.85
428.98,75.117,444.4,75.117,444.4,123.09,428.98,123.09
429.19,75.211,444.59,75.211,444.59,123.13,429.19,123.13
429.45,75.349,444.78,75.349,444.78,123.06,429.45,123.06
429.81,75.187,445.21,75.187,445.21,123.07,429.81,123.07
429.46,73.946,444.96,73.946,444.96,122.16,429.46,122.16
429.55,73.763,445.01,73.763,445.01,121.83,429.55,121.83
429.5,73.437,445,73.437,445,121.67,429.5,121.67
430.36,73.647,445.78,73.647,445.78,121.65,430.36,121.65
430.32,74.024,445.7,74.024,445.7,121.88,430.32,121.88
430.77,74.111,446.12,74.111,446.12,121.86,430.77,121.86
431.93,74.093,447.34,74.093,447.34,122.03,431.93,122.03
432.06,73.46,447.45,73.46,447.45,121.34,432.06,121.34
432.11,72.965,447.48,72.965,447.48,120.79,432.11,120.79
432.69,73.018,448.02,73.018,448.02,120.72,432.69,120.72
433.19,73.628,448.48,73.628,448.48,121.19,433.19,121.19
433.15,73.347,448.41,73.347,448.41,120.81,433.15,120.81
433.43,73.137,448.69,73.137,448.69,120.62,433.43,120.62
433.54,72.398,448.89,72.398,448.89,120.13,433.54,120.13
434.04,72.356,449.42,72.356,449.42,120.22,434.04,120.22
433.92,71.785,449.25,71.785,449.25,119.49,433.92,119.49
435.62,71.844,450.96,71.844,450.96,119.57,435.62,119.57
436.22,71.786,451.52,71.786,451.52,119.4,436.22,119.4
436.45,71.367,451.72,71.367,451.72,118.88,436.45,118.88
436.77,71.718,451.98,71.718,451.98,119.04,436.77,119.04
436.45,71.563,451.64,71.563,451.64,118.8,436.45,118.8
436.6,71.511,451.68,71.511,451.68,118.44,436.6,118.44
436.91,71.279,451.97,71.279,451.97,118.15,436.91,118.15
437.1,70.6,452.27,70.6,452.27,117.8,437.1,117.8
436.61,70.339,451.71,70.339,451.71,117.3,436.61,117.3
436.58,70.313,451.69,70.313,451.69,117.29,436.58,117.29
436.75,70.601,451.87,70.601,451.87,117.65,436.75,117.65
436.78,70.746,451.81,70.746,451.81,117.5,436.78,117.5
437.09,70.888,452.14,70.888,452.14,117.71,437.09,117.71
436.99,70.211,452.02,70.211,452.02,116.99,436.99,116.99
436.8,69.675,451.86,69.675,451.86,116.54,436.8,116.54
436.88,69.848,451.95,69.848,451.95,116.72,436.88,116.72
437.14,70.478,452.1,70.478,452.1,117.03,437.14,117.03
436.92,70.381,451.89,70.381,451.89,116.95,436.92,116.95
436.9,70.135,451.88,70.135,451.88,116.74,436.9,116.74
436.51,69.805,451.5,69.805,451.5,116.44,436.51,116.44
436.53,69.4,451.48,69.4,451.48,115.91,436.53,115.91
436.44,68.932,451.34,68.932,451.34,115.3,436.44,115.3
436.89,69.01,451.84,69.01,451.84,115.52,436.89,115.52
436.74,68.765,451.72,68.765,451.72,115.37,436.74,115.37
437.16,69.387,452.03,69.387,452.03,115.65,437.16,115.65
437.24,69.587,452.06,69.587,452.06,115.69,437.24,115.69
438.02,69.776,452.84,69.776,452.84,115.87,438.02,115.87
438.4,69.175,453.27,69.175,453.27,115.43,438.4,115.43
438.3,68.188,453.19,68.188,453.19,114.51,438.3,114.51
438.49,67.934,453.36,67.934,453.36,114.19,438.49,114.19
438.69,68.434,453.52,68.434,453.52,114.56,438.69,114.56
439.7,68.603,454.53,68.603,454.53,114.76,439.7,114.76
439.89,67.395,454.74,67.395,454.74,113.59,439.89,113.59
440.46,67.948,455.19,67.948,455.19,113.77,440.46,113.77
441.03,67.503,455.76,67.503,455.76,113.32,441.03,113.32
440.87,66.741,455.59,66.741,455.59,112.55,440.87,112.55
441.2,66.857,455.91,66.857,455.91,112.63,441.2,112.63
441.38,67.172,456.16,67.172,456.16,113.15,441.38,113.15
441.31,67.228,456.11,67.228,456.11,113.25,441.31,113.25
441.44,67.241,456.26,67.241,456.26,113.35,441.44,113.35
441.37,66.845,456.29,66.845,456.29,113.25,441.37,113.25
441.05,66.04,455.9,66.04,455.9,112.26,441.05,112.26
441.09,65.874,455.82,65.874,455.82,111.69,441.09,111.69
441.41,66.041,456.12,66.041,456.12,111.81,441.41,111.81
441.49,65.991,456.18,65.991,456.18,111.72,441.49,111.72
441.51,66.023,456.29,66.023,456.29,112.02,441.51,112.02
441.62,66.25,456.41,66.25,456.41,112.27,441.62,112.27
442.17,66.771,456.9,66.771,456.9,112.6,442.17,112.6
442.09,66.266,456.68,66.266,456.68,111.65,442.09,111.65
442.14,65.537,456.7,65.537,456.7,110.84,442.14,110.84
442.6,65.319,457.22,65.319,457.22,110.8,442.6,110.8
442.27,65.099,456.83,65.099,456.83,110.41,442.27,110.41
442.79,65.847,457.4,65.847,457.4,111.28,442.79,111.28
442.44,65.621,457.02,65.621,457.02,110.98,442.44,110.98
442.46,65.638,457.03,65.638,457.03,110.98,442.46,110.98
442.51,65.324,456.99,65.324,456.99,110.38,442.51,110.38
442.65,64.991,457.15,64.991,457.15,110.08,442.65,110.08
442.45,64.504,457.08,64.504,457.08,110.02,442.45,110.02
442.49,64.144,457.09,64.144,457.09,109.57,442.49,109.57
442.51,64.271,457.09,64.271,457.09,109.64,442.51,109.64
442.89,64.211,457.43,64.211,457.43,109.42,442.89,109.42
443.62,63.809,458.25,63.809,458.25,109.31,443.62,109.31
443.43,64.063,457.97,64.063,457.97,109.3,443.43,109.3
443.78,63.875,458.29,63.875,458.29,109.02,443.78,109.02
444.07,63.374,458.47,63.374,458.47,108.18,444.07,108.18
444.44,63.841,458.78,63.841,458.78,108.45,444.44,108.45
444.7,63.546,458.94,63.546,458.94,107.85,444.7,107.85
445.19,62.785,459.47,62.785,459.47,107.22,445.19,107.22
445.48,62.869,459.78,62.869,459.78,107.39,445.48,107.39
445.53,62.946,459.7,62.946,459.7,107.04,445.53,107.04
445.88,63.117,460.07,63.117,460.07,107.28,445.88,107.28
446.12,62.919,460.38,62.919,460.38,107.28,446.12,107.28
446.45,62.897,460.78,62.897,460.78,107.48,446.45,107.48
446.26,62.303,460.52,62.303,460.52,106.68,446.26,106.68
446.67,62.041,460.98,62.041,460.98,106.56,446.67,106.56
446.28,61.389,460.59,61.389,460.59,105.89,446.28,105.89
446.56,61.65,460.79,61.65,460.79,105.93,446.56,105.93
446.63,61.774,460.98,61.774,460.98,106.41,446.63,106.41
446.77,62.191,461.09,62.191,461.09,106.75,446.77,106.75
447.11,62.211,461.36,62.211,461.36,106.55,447.11,106.55
447.68,62.186,461.96,62.186,461.96,106.63,447.68,106.63
448.08,61.636,462.33,61.636,462.33,105.98,448.08,105.98
448.13,61.609,462.4,61.609,462.4,106,448.13,106
448.33,61.29,462.62,61.29,462.62,105.73,448.33,105.73
448.62,61.174,462.89,61.174,462.89,105.58,448.62,105.58
449.02,61.571,463.24,61.571,463.24,105.8,449.02,105.8
449.31,61.5,463.47,61.5,463.47,105.56,449.31,105.56
449.18,60.07,463.31,60.07,463.31,104.05,449.18,104.05
449.34,59.877,463.45,59.877,463.45,103.76,449.34,103.76
449.52,60.399,463.63,60.399,463.63,104.29,449.52,104.29
449.87,60.726,463.92,60.726,463.92,104.45,449.87,104.45
450.46,60.993,464.44,60.993,464.44,104.48,450.46,104.48
451.14,60.8,465.2,60.8,465.2,104.55,451.14,104.55
451.1,60.001,465.16,60.001,465.16,103.72,451.1,103.72
451.39,59.733,465.39,59.733,465.39,103.27,451.39,103.27
452.03,60.255,465.97,60.255,465.97,103.63,452.03,103.63
452.01,60.383,465.98,60.383,465.98,103.83,452.01,103.83
452.4,60.617,466.34,60.617,466.34,103.98,452.4,103.98
452.59,60.458,466.44,60.458,466.44,103.54,452.59,103.54
452.49,59.527,466.22,59.527,466.22,102.25,452.49,102.25
452.88,59.35,466.81,59.35,466.81,102.68,452.88,102.68
452.99,59.339,466.99,59.339,466.99,102.89,452.99,102.89
453.3,59.607,467.32,59.607,467.32,103.23,453.3,103.23
453.56,59.982,467.54,59.982,467.54,103.47,453.56,103.47
454.1,59.921,468.07,59.921,468.07,103.39,454.1,103.39
454.38,59.578,468.39,59.578,468.39,103.17,454.38,103.17
454.66,58.964,468.62,58.964,468.62,102.38,454.66,102.38
454.63,58.415,468.6,58.415,468.6,101.87,454.63,101.87
454.79,59.058,468.69,59.058,468.69,102.31,454.79,102.31
454.61,59.276,468.37,59.276,468.37,102.08,454.61,102.08
455.18,59.52,469.03,59.52,469.03,102.63,455.18,102.63
454.75,58.464,468.63,58.464,468.63,101.63,454.75,101.63
455.01,58.035,468.84,58.035,468.84,101.05,455.01,101.05
455.28,57.811,469.16,57.811,469.16,100.99,455.28,100.99
455.34,57.347,469.29,57.347,469.29,100.76,455.34,100.76
455.85,57.674,469.83,57.674,469.83,101.17,455.85,101.17
456.17,58.044,470.14,58.044,470.14,101.48,456.17,101.48
456.09,58.398,469.98,58.398,469.98,101.6,456.09,101.6
456.2,57.97,470.03,57.97,470.03,101.01,456.2,101.01
456.64,58.092,470.4,58.092,470.4,100.9,456.64,100.9
457.1,58.038,470.88,58.038,470.88,100.93,457.1,100.93
456.98,57.395,470.72,57.395,470.72,100.15,456.98,100.15
457.59,57.467,471.33,57.467,471.33,100.21,457.59,100.21
457.82,57.596,471.67,57.596,471.67,100.71,457.82,100.71
457.5,57.551,471.25,57.551,471.25,100.31,457.5,100.31
457.99,58.03,471.77,58.03,471.77,100.91,457.99,100.91
457.82,57.465,471.52,57.465,471.52,100.07,457.82,100.07
457.87,57.224,471.61,57.224,471.61,99.953,457.87,99.953
458.28,56.895,472.08,56.895,472.08,99.826,458.28,99.826
458.29,56.312,472.05,56.312,472.05,99.119,458.29,99.119
458.91,56.561,472.68,56.561,472.68,99.389,458.91,99.389
459.35,56.57,473.12,56.57,473.12,99.39,459.35,99.39
459.58,57.099,473.38,57.099,473.38,100.04,459.58,100.04
460.02,56.973,473.83,56.973,473.83,99.932,460.02,99.932
460.14,56.421,474.02,56.421,474.02,99.602,460.14,99.602
460.25,55.742,474.12,55.742,474.12,98.908,460.25,98.908
460.63,55.313,474.41,55.313,474.41,98.208,460.63,98.208
461.3,55.656,475.12,55.656,475.12,98.638,461.3,98.638
461.52,56.21,475.3,56.21,475.3,99.08,461.52,99.08
462.12,56.538,475.85,56.538,475.85,99.267,462.12,99.267
462.36,56.376,476.08,56.376,476.08,99.081,462.36,99.081
462.65,55.984,476.42,55.984,476.42,98.838,462.65,98.838
463.04,55.418,476.78,55.418,476.78,98.159,463.04,98.159
463.21,55.108,476.99,55.108,476.99,97.983,463.21,97.983
463.3,54.929,477.15,54.929,477.15,98.01,463.3,98.01
463.06,54.508,476.79,54.508,476.79,97.233,463.06,97.233
463.96,55.701,477.76,55.701,477.76,98.614,463.96,98.614
464.25,55.488,477.96,55.488,477.96,98.156,464.25,98.156
464.91,55.065,478.65,55.065,478.65,97.79,464.91,97.79
465.22,54.64,479,54.64,479,97.525,465.22,97.525
465.19,54.532,478.85,54.532,478.85,97.02,465.19,97.02
465.6,55.202,479.22,55.202,479.22,97.59,465.6,97.59
465.56,55.001,479.14,55.001,479.14,97.245,465.56,97.245
465.83,54.818,479.3,54.818,479.3,96.734,465.83,96.734
466.63,54.476,480.21,54.476,480.21,96.731,466.63,96.731
466.51,53.646,480.02,53.646,480.02,95.693,466.51,95.693
466.9,54.008,480.5,54.008,480.5,96.32,466.9,96.32
466.71,53.995,480.29,53.995,480.29,96.264,466.71,96.264
467,54.206,480.56,54.206,480.56,96.371,467,96.371
467.58,54.34,481.13,54.34,481.13,96.508,467.58,96.508
467.84,53.993,481.42,53.993,481.42,96.256,467.84,96.256
468.03,53.387,481.57,53.387,481.57,95.522,468.03,95.522
468.48,53.467,481.99,53.467,481.99,95.507,468.48,95.507
469.02,53.724,482.49,53.724,482.49,95.624,469.02,95.624
469.28,53.652,482.86,53.652,482.86,95.9,469.28,95.9
469.13,53.752,482.6,53.752,482.6,95.653,469.13,95.653
469.8,53.994,483.26,53.994,483.26,95.86,469.8,95.86
470.02,53.862,483.64,53.862,483.64,96.242,470.02,96.242
469.66,53.046,483.13,53.046,483.13,94.953,469.66,94.953
469.97,53.013,483.6,53.013,483.6,95.401,469.97,95.401
469.82,52.144,483.39,52.144,483.39,94.383,469.82,94.383
470.04,52.226,483.6,52.226,483.6,94.389,470.04,94.389
470.65,52.876,484.13,52.876,484.13,94.826,470.65,94.826
471.18,53.424,484.71,53.424,484.71,95.518,471.18,95.518
471.32,53.046,484.85,53.046,484.85,95.14,471.32,95.14
471.73,53.089,485.17,53.089,485.17,94.898,471.73,94.898
472.42,52.88,485.96,52.88,485.96,94.988,472.42,94.988
472.41,52.192,485.91,52.192,485.91,94.176,472.41,94.176
472.96,52.303,486.47,52.303,486.47,94.346,472.96,94.346
473.28,52.527,486.76,52.527,486.76,94.469,473.28,94.469
473.5,52.868,486.95,52.868,486.95,94.684,473.5,94.684
473.78,52.985,487.31,52.985,487.31,95.104,473.78,95.104
473.79,52.596,487.24,52.596,487.24,94.429,473.79,94.429
474.46,52.717,487.94,52.717,487.94,94.653,474.46,94.653
474.6,52.339,488.13,52.339,488.13,94.439,474.6,94.439
474.43,51.513,487.9,51.513,487.9,93.403,474.43,93.403
