1
380,77.841,450,77.841,450,125.16,380,125.16
381.29,77.699,451.71,77.699,451.71,125.3,381.29,125.3
383.17,77.275,454.83,77.275,454.83,125.73,383.17,125.73
385.14,77.256,456.86,77.256,456.86,125.74,385.14,125.74
386.99,77.152,459.01,77.152,459.01,125.85,386.99,125.85
389.76,76.336,461.58,76.336,461.58,124.89,389.76,124.89
390.46,75.645,462.79,75.645,462.79,124.54,390.46,124.54
393.97,76.145,466.03,76.145,466.03,124.86,393.97,124.86
404.69,74.921,476.29,74.921,476.29,123.32,404.69,123.32
409.5,74.288,481.98,74.288,481.98,123.28,409.5,123.28
411.03,74.345,483.97,74.345,483.97,123.66,411.03,123.66
413.83,73.857,486.18,73.857,486.18,122.77,413.83,122.77
415,73.393,486.94,73.393,486.94,122.03,415,122.03
417.08,73.881,489.92,73.881,489.92,123.12,417.08,123.12
418.88,73.816,490.83,73.816,490.83,122.46,418.88,122.46
420.44,73.704,492.94,73.704,492.94,122.72,420.44,122.72
423.11,74.235,494.89,74.235,494.89,122.76,423.11,122.76
424.93,73.709,496.02,73.709,496.02,121.77,424.93,121.77
426.07,73.753,497.14,73.753,497.14,121.81,426.07,121.81
428.99,73.99,500.01,73.99,500.01,122.01,428.99,122.01
430.89,74.005,501.76,74.005,501.76,121.92,430.89,121.92
433.01,73.513,503.69,73.513,503.69,121.3,433.01,121.3
435.74,74.001,505.26,74.001,505.26,121,435.74,121
438.11,73.544,507.58,73.544,507.58,120.51,438.11,120.51
439.86,73.38,509.17,73.38,509.17,120.24,439.86,120.24
442.93,74.127,512.07,74.127,512.07,120.87,442.93,120.87
445.35,73.725,514.27,73.725,514.27,120.32,445.35,120.32
445.95,72.844,514.7,72.844,514.7,119.33,445.95,119.33
449.02,73.529,516.98,73.529,516.98,119.47,449.02,119.47
448.93,73.057,516.85,73.057,516.85,118.98,448.93,118.98
451.05,72.843,518.89,72.843,518.89,118.71,451.05,118.71
453.02,73.364,519.98,73.364,519.98,118.64,453.02,118.64
454.54,73.629,521.58,73.629,521.58,118.95,454.54,118.95
456.06,74.089,522.71,74.089,522.71,119.15,456.06,119.15
457.97,74.333,525.03,74.333,525.03,119.67,457.97,119.67
458.9,73.992,525.75,73.992,525.75,119.19,458.9,119.19
460.19,74.41,526.13,74.41,526.13,118.99,460.19,118.99
462.7,74.326,528.3,74.326,528.3,118.67,462.7,118.67
464.06,73.63,529.32,73.63,529.32,117.75,464.06,117.75
466.11,74.385,530.19,74.385,530.19,117.71,466.11,117.71
467.96,74.841,532.04,74.841,532.04,118.16,467.96,118.16
468.55,74.206,532.37,74.206,532.37,117.35,468.55,117.35
470.05,73.626,533.5,73.626,533.5,116.53,470.05,116.53
471.98,74.19,535.02,74.19,535.02,116.81,471.98,116.81
472.98,73.625,535.78,73.625,535.78,116.08,472.98,116.08
474.57,73.269,537.19,73.269,537.19,115.61,474.57,115.61
476.84,73.932,539.16,73.932,539.16,116.07,476.84,116.07
477.17,73.16,539.63,73.16,539.63,115.38,477.17,115.38
478.72,73.444,540.65,73.444,540.65,115.31,478.72,115.31
479.52,73.556,541.48,73.556,541.48,115.44,479.52,115.44
481.11,73.066,542.94,73.066,542.94,114.87,481.11,114.87
481.69,73.179,543.56,73.179,543.56,115.01,481.69,115.01
483.22,73.192,544.78,73.192,544.78,114.81,483.22,114.81
483.42,72.858,544.73,72.858,544.73,114.3,483.42,114.3
485.17,72.584,546.38,72.584,546.38,113.96,485.17,113.96
485.83,72.763,547.17,72.763,547.17,114.24,485.83,114.24
486.24,72.518,547.44,72.518,547.44,113.89,486.24,113.89
486.64,71.724,547.5,71.724,547.5,112.86,486.64,112.86
488.75,73.05,549.25,73.05,549.25,113.95,488.75,113.95
489.07,71.732,548.99,71.732,548.99,112.24,489.07,112.24
489.89,71.819,549.51,71.819,549.51,112.13,489.89,112.13
490.99,72.051,550.01,72.051,550.01,111.95,490.99,111.95
491.45,71.572,550.15,71.572,550.15,111.25,491.45,111.25
492.72,71.634,551.36,71.634,551.36,111.28,492.72,111.28
493.77,72.238,552.23,72.238,552.23,111.76,493.77,111.76
495.02,71.506,553.46,71.506,553.46,111.01,495.02,111.01
495.46,71.504,553.8,71.504,553.8,110.94,495.46,110.94
497,70.897,555,70.897,555,110.1,497,110.1
497.63,70.987,555.15,70.987,555.15,109.88,497.63,109.88
499.22,71.279,556.82,71.279,556.82,110.22,499.22,110.22
499.9,71.664,557.1,71.664,557.1,110.34,499.9,110.34
500.95,70.58,558.13,70.58,558.13,109.24,500.95,109.24
501.55,70.671,558.48,70.671,558.48,109.16,501.55,109.16
504.08,71.284,560.92,71.284,560.92,109.72,504.08,109.72
504.01,70.341,560.92,70.341,560.92,108.82,504.01,108.82
504.54,70.632,561.41,70.632,561.41,109.08,504.54,109.08
505.99,71.226,563.01,71.226,563.01,109.77,505.99,109.77
506.55,70.283,563.36,70.283,563.36,108.69,506.55,108.69
507.77,69.687,564.54,69.687,564.54,108.07,507.77,108.07
508.7,69.865,565.3,69.865,565.3,108.14,508.7,108.14
508.87,68.95,565.46,68.95,565.46,107.21,508.87,107.21
510.3,68.839,566.66,68.839,566.66,106.94,510.3,106.94
511.88,69.987,568.12,69.987,568.12,108.01,511.88,108.01
512.39,68.759,568.73,68.759,568.73,106.85,512.39,106.85
513.18,68.587,569.41,68.587,569.41,106.6,513.18,106.6
514.27,68.913,570.73,68.913,570.73,107.09,514.27,107.09
515.21,68.551,571.55,68.551,571.55,106.64,515.21,106.64
515.68,68.491,572,68.491,572,106.56,515.68,106.56
516.94,69.033,573.06,69.033,573.06,106.97,516.94,106.97
517.06,67.824,572.74,67.824,572.74,105.46,517.06,105.46
518.41,67.808,573.98,67.808,573.98,105.38,518.41,105.38
519.24,68.234,574.76,68.234,574.76,105.77,519.24,105.77
519.73,67.611,575.12,67.611,575.12,105.06,519.73,105.06
520.32,67.38,575.64,67.38,575.64,104.77,520.32,104.77
521.88,68.324,577.12,68.324,577.12,105.68,521.88,105.68
522.09,67.369,577.27,67.369,577.27,104.67,522.09,104.67
522.78,67.445,577.65,67.445,577.65,104.54,522.78,104.54
523.75,67.08,578.25,67.08,578.25,103.92,523.75,103.92
524.69,66.834,578.98,66.834,578.98,103.54,524.69,103.54
525.19,66.707,579.48,66.707,579.48,103.41,525.19,103.41
526.99,66.738,581.01,66.738,581.01,103.26,526.99,103.26
527.16,66.981,581.39,66.981,581.39,103.64,527.16,103.64
528.27,66.552,582.03,66.552,582.03,102.89,528.27,102.89
530.08,66.804,583.92,66.804,583.92,103.2,530.08,103.2
530.31,66.095,584.37,66.095,584.37,102.65,530.31,102.65
531.23,66.273,585.43,66.273,585.43,102.91,531.23,102.91
533,66.745,587,66.745,587,103.25,533,103.25
533.28,66.303,587.34,66.303,587.34,102.85,533.28,102.85
533.87,66.409,587.73,66.409,587.73,102.82,533.87,102.82
535.2,66.383,588.8,66.383,588.8,102.62,535.2,102.62
535.88,66.338,589.45,66.338,589.45,102.55,535.88,102.55
536.99,66.236,590.46,66.236,590.46,102.39,536.99,102.39
538.22,66.894,591.78,66.894,591.78,103.11,538.22,103.11
538.72,66.174,592.28,66.174,592.28,102.38,538.72,102.38
539.95,65.958,593.42,65.958,593.42,102.1,539.95,102.1
541.31,65.959,594.69,65.959,594.69,102.04,541.31,102.04
541.32,65.415,594.47,65.415,594.47,101.35,541.32,101.35
542.32,65.322,595.33,65.322,595.33,101.16,542.32,101.16
544.08,66.14,596.92,66.14,596.92,101.86,544.08,101.86
544.12,65.485,596.94,65.485,596.94,101.2,544.12,101.2
544.62,64.641,597.06,64.641,597.06,100.1,544.62,100.1
545.74,65.243,598.26,65.243,598.26,100.76,545.74,100.76
545.74,64.317,598.41,64.317,598.41,99.925,545.74,99.925
547.77,63.532,600.39,63.532,600.39,99.109,547.77,99.109
548.96,64.06,602.04,64.06,602.04,99.94,548.96,99.94
548.66,63.691,601.85,63.691,601.85,99.654,548.66,99.654
548.16,63.137,601.36,63.137,601.36,99.102,548.16,99.102
549.13,63.671,601.87,63.671,601.87,99.329,549.13,99.329
549.75,63.643,602.02,63.643,602.02,98.978,549.75,98.978
550.5,63.869,602.54,63.869,602.54,99.053,550.5,99.053
551.1,62.991,602.9,62.991,602.9,98.009,551.1,98.009
551.13,62.994,602.7,62.994,602.7,97.856,551.13,97.856
550.8,61.998,601.88,61.998,601.88,96.532,550.8,96.532
552.08,62.814,602.92,62.814,602.92,97.186,552.08,97.186
552.57,62.808,603.43,62.808,603.43,97.192,552.57,97.192
555.62,61.826,606.6,61.826,606.6,96.288,555.62,96.288
556.07,61.811,606.93,61.811,606.93,96.189,556.07,96.189
557.05,61.476,607.54,61.476,607.54,95.61,557.05,95.61
557.51,61.499,607.73,61.499,607.73,95.451,557.51,95.451
558.73,61.917,609.27,61.917,609.27,96.083,558.73,96.083
558.55,61.532,609.34,61.532,609.34,95.867,558.55,95.867
559.07,61.242,610.13,61.242,610.13,95.761,559.07,95.761
559.95,61.727,611.05,61.727,611.05,96.273,559.95,96.273
560.2,60.916,611.52,60.916,611.52,95.607,560.2,95.607
561.04,61.075,612.24,61.075,612.24,95.688,561.04,95.688
562.95,61.723,614.05,61.723,614.05,96.277,562.95,96.277
561.92,61.098,613.02,61.098,613.02,95.648,561.92,95.648
562.97,60.763,613.86,60.763,613.86,95.164,562.97,95.164
564.09,60.819,614.91,60.819,614.91,95.181,564.09,95.181
564.96,60.843,615.76,60.843,615.76,95.19,564.96,95.19
565.5,60.87,616.03,60.87,616.03,95.035,565.5,95.035
566.83,60.984,617.17,60.984,617.17,95.016,566.83,95.016
566.72,60.443,616.8,60.443,616.8,94.301,566.72,94.301
568.14,60.635,618.02,60.635,618.02,94.363,568.14,94.363
569.06,60.638,618.94,60.638,618.94,94.362,569.06,94.362
569.22,60.186,619.14,60.186,619.14,93.931,569.22,93.931
569.66,60.178,619.42,60.178,619.42,93.822,569.66,93.822
570.65,60.2,620.35,60.2,620.35,93.8,570.65,93.8
570.93,59.843,620.59,59.843,620.59,93.417,570.93,93.417
571.3,59.615,621,59.615,621,93.214,571.3,93.214
572.12,60.183,621.88,60.183,621.88,93.817,572.12,93.817
572.35,59.33,621.65,59.33,621.65,92.655,572.35,92.655
572.78,59.532,622.12,59.532,622.12,92.887,572.78,92.887
573.9,59.867,623.1,59.867,623.1,93.133,573.9,93.133
574.07,58.816,623.21,58.816,623.21,92.037,574.07,92.037
575.29,58.964,624.34,58.964,624.34,92.123,575.29,92.123
575.95,59.904,625.05,59.904,625.05,93.096,575.95,93.096
576.03,58.801,625.06,58.801,625.06,91.952,576.03,91.952
576.41,58.533,625.43,58.533,625.43,91.669,576.41,91.669
577.55,58.971,626.45,58.971,626.45,92.029,577.55,92.029
577.04,58.389,625.8,58.389,625.8,91.353,577.04,91.353
577.95,58.38,626.35,58.38,626.35,91.104,577.95,91.104
578.9,59.209,627.1,59.209,627.1,91.791,578.9,91.791
579.13,58.333,627.12,58.333,627.12,90.779,579.13,90.779
579.64,58.26,627.68,58.26,627.68,90.732,579.64,90.732
580.92,58.718,629.08,58.718,629.08,91.282,580.92,91.282
580.44,57.911,628.69,57.911,628.69,90.526,580.44,90.526
580.68,57.711,628.78,57.711,628.78,90.227,580.68,90.227
581.87,58.185,630.13,58.185,630.13,90.815,581.87,90.815
581.99,57.584,630.31,57.584,630.31,90.246,581.99,90.246
582.45,57.357,630.54,57.357,630.54,89.871,582.45,89.871
584.02,57.787,631.98,57.787,631.98,90.213,584.02,90.213
584.33,57.337,632.14,57.337,632.14,89.656,584.33,89.656
584.78,57.171,632.67,57.171,632.67,89.548,584.78,89.548
586.03,57.797,633.97,57.797,633.97,90.203,586.03,90.203
586.54,57.16,634.43,57.16,634.43,89.535,586.54,89.535
586.87,56.985,634.65,56.985,634.65,89.29,586.87,89.29
588.11,57.852,635.89,57.852,635.89,90.148,588.11,90.148
587.95,56.71,635.53,56.71,635.53,88.879,587.95,88.879
588.62,56.532,635.94,56.532,635.94,88.524,588.62,88.524
589.73,56.928,637.27,56.928,637.27,89.072,589.73,89.072
589.96,56.418,637.29,56.418,637.29,88.413,589.96,88.413
590.64,56.248,637.89,56.248,637.89,88.191,590.64,88.191
591.98,57.098,639.02,57.098,639.02,88.902,591.98,88.902
591.26,55.946,638.2,55.946,638.2,87.677,591.26,87.677
592.01,56.08,638.98,56.08,638.98,87.832,592.01,87.832
592.01,56.12,638.99,56.12,638.99,87.88,592.01,87.88
592.25,55.621,639.18,55.621,639.18,87.346,592.25,87.346
593.27,55.601,640.02,55.601,640.02,87.204,593.27,87.204
594.21,55.756,640.79,55.756,640.79,87.244,594.21,87.244
593.64,55.211,640.11,55.211,640.11,86.624,593.64,86.624
594.42,55.145,640.6,55.145,640.6,86.37,594.42,86.37
596,55.951,642,55.951,642,87.049,596,87.049
595.27,55.242,641.04,55.242,641.04,86.191,595.27,86.191
595.75,55.438,641.32,55.438,641.32,86.246,595.75,86.246
596.88,55.71,642.12,55.71,642.12,86.29,596.88,86.29
597.39,55.805,642.51,55.805,642.51,86.31,597.39,86.31
597.4,55.287,642.68,55.287,642.68,85.898,597.4,85.898
597.8,55.652,643.2,55.652,643.2,86.348,597.8,86.348
598.26,55.329,643.69,55.329,643.69,86.037,598.26,86.037
598.85,54.885,644.25,54.885,644.25,85.579,598.85,85.579
599.25,55.122,644.75,55.122,644.75,85.878,599.25,85.878
599.34,54.87,644.94,54.87,644.94,85.697,599.34,85.697
599.44,54.925,644.97,54.925,644.97,85.704,599.44,85.704
599.74,55.113,645.26,55.113,645.26,85.887,599.74,85.887
600.27,54.051,645.64,54.051,645.64,84.73,600.27,84.73
600.76,54.168,646.22,54.168,646.22,84.905,600.76,84.905
601.71,54.094,647.29,54.094,647.29,84.906,601.71,84.906
602.12,54.158,647.93,54.158,647.93,85.128,602.12,85.128
602.45,54.209,648.25,54.209,648.25,85.175,602.45,85.175
603.66,54.056,649.34,54.056,649.34,84.944,603.66,84.944
603.26,53.596,648.98,53.596,648.98,84.505,603.26,84.505
603.97,53.774,649.56,53.774,649.56,84.595,603.97,84.595
604.64,54.045,650.36,54.045,650.36,84.955,604.64,84.955
