1.1114
0.36146
0.23755
0.23151
0.21292
0.12455
0.12716
0.12597
0.12803
0.1263
0.1743
0.12477
0.12458
0.12462
0.12409
0.12694
0.17449
0.12378
0.12458
0.12467
0.12509
0.12454
0.17662
0.12396
0.12589
0.12584
0.1251
0.12345
0.17693
0.12583
0.12433
0.12329
0.12361
0.12415
0.17796
0.12523
0.1278
0.12371
0.12495
0.12258
0.17549
0.12565
0.12654
0.12445
0.12294
0.1256
0.17569
0.12449
0.12542
0.1228
0.12396
0.12278
0.17591
0.12408
0.12461
0.12399
0.12392
0.1233
0.1751
0.12452
0.125
0.12565
0.12341
0.12396
0.17329
0.12311
0.12348
0.12203
0.12725
0.12426
0.17392
0.12153
0.12296
0.12214
0.12262
0.12412
0.1743
0.12376
0.1228
0.12357
0.12299
0.12299
0.1745
0.12034
0.12422
0.12205
0.1232
0.12161
0.17505
0.12252
0.12343
0.12294
0.12268
0.1227
0.17519
0.12095
0.12212
0.12213
0.12289
0.12373
0.17602
0.12228
0.12299
0.12165
0.12156
0.12367
0.17258
0.12195
0.12484
0.12128
0.12172
0.12294
0.17358
0.12399
0.12306
0.12226
0.12211
0.12262
0.17475
0.12217
0.12268
0.12332
0.12185
0.12571
0.17429
0.12499
0.12282
0.12101
0.12209
0.12187
0.17111
0.12361
0.12304
0.12072
0.12298
0.12005
0.17409
0.1226
0.12025
0.12138
0.12118
0.1215
0.17276
0.12159
0.1202
0.12196
0.12163
0.12115
0.18077
0.12132
0.12159
0.12076
0.12317
0.12467
0.17448
0.123
0.12043
0.12205
0.12619
0.12145
0.17315
0.12335
0.12044
0.12192
0.1233
0.12273
0.17229
0.1217
0.12113
0.12334
0.12296
0.12126
0.17563
0.12088
0.1203
0.12178
0.12191
0.12054
0.17255
0.12195
0.12126
0.12246
0.12304
0.12205
0.17166
0.12253
0.12179
0.12051
0.12149
0.12307
0.17404
0.12111
0.12138
0.12047
0.12027
0.12207
0.17231
0.12133
0.12089
0.12113
0.12255
0.12178
0.17255
0.12121
0.12168
0.1206
0.12277
0.11968
0.17317
0.11966
0.12121
0.12193
0.11991
0.12354
0.17473
0.12113
0.12084
0.12058
0.1219
0.1214
0.17441
0.1228
0.12185
0.12032
0.1222
0.12137
0.17355
0.12387
0.12536
0.12213
0.12126
0.12111
0.17185
0.12002
0.12233
0.11997
0.12114
0.12145
0.17189
0.12037
0.12099
0.11963
0.12143
0.12136
0.173
0.12092
0.12078
0.12192
0.12189
0.12094
0.17294
0.12208
0.12243
0.12099
0.12258
0.12026
0.17212
0.121
0.12052
0.11948
0.12128
0.12138
0.17234
0.12109
0.12131
0.11956
0.12173
0.12189
0.1717
0.12046
0.12038
0.1217
0.12429
0.12177
0.17229
0.122
0.12013
0.11939
0.12001
0.12124
0.17211
0.12137
0.12178
0.12009
0.12175
0.12116
0.17271
0.11984
0.12062
0.11947
0.1209
0.12027
0.17199
0.1241
0.12136
0.11997
0.11958
0.1203
0.17288
0.12199
0.12062
0.12073
0.1207
0.12108
0.17289
0.12148
0.12055
0.12018
0.12151
0.11881
0.17059
0.12016
0.12113
0.12102
0.11939
0.12122
0.17191
0.12057
0.12162
0.12496
0.12118
0.12204
0.17434
0.125
0.12295
0.12107
0.12364
0.12053
0.17101
0.12318
0.12365
0.11981
0.12227
