0.75394
0.30609
0.19035
0.19134
0.18234
0.076399
0.075566
0.076648
0.074773
0.077356
0.104
0.076796
0.078672
0.075977
0.079706
0.077118
0.10702
0.075684
0.08044
0.078588
0.079498
0.078192
0.10335
0.076313
0.07721
0.077075
0.07664
0.076529
0.10323
0.077149
0.082676
0.091005
0.084386
0.07427
0.10173
0.08756
0.081899
0.079222
0.074249
0.075045
0.10052
0.074099
0.076281
0.075232
0.074663
0.074941
0.10299
0.07629
0.075434
0.075045
0.076228
0.074802
0.10521
0.074272
0.076381
0.074644
0.073517
0.074895
0.10243
0.074722
0.073947
0.074516
0.073264
0.07579
0.10116
0.075814
0.07671
0.076743
0.073934
0.075604
0.10074
0.074754
0.075092
0.075135
0.074999
0.073676
0.10027
0.073881
0.075179
0.074344
0.073128
0.074344
0.10187
0.075731
0.074203
0.073778
0.07516
0.074346
0.1015
0.074655
0.074739
0.07492
0.074453
0.0744
0.10715
0.073962
0.075256
0.074221
0.074906
0.07543
0.10127
0.07453
0.07494
0.073627
0.073665
0.075673
0.10008
0.074402
0.073788
0.075325
0.073555
0.074353
0.10041
0.073711
0.074371
0.073776
0.075105
0.075801
0.10231
0.076189
0.07488
0.074615
0.075123
0.075295
0.10129
0.074552
0.074771
0.073784
0.075993
0.075307
0.10039
0.075074
0.075209
0.074124
0.074343
0.074901
0.10149
0.074617
0.077311
0.074684
0.080747
0.07521
0.10029
0.077313
0.074742
0.073822
0.074182
0.073776
0.101
0.075884
0.075257
0.074964
0.073736
0.073448
0.10037
0.07489
0.073207
0.073942
0.074667
0.075742
0.10181
0.07306
0.075893
0.073308
0.073984
0.075451
0.10131
0.074727
0.074764
0.074116
0.074511
0.074867
0.10116
0.074038
0.075206
0.074064
0.074056
0.074966
0.1018
0.075774
0.073554
0.074912
0.074661
0.074974
0.10058
0.074593
0.074929
