1
235,216,260,216,260,247,235,247
234.52,216.02,259.48,216.02,259.48,246.98,234.52,246.98
232.98,214.98,258.02,214.98,258.02,246.02,232.98,246.02
230.98,214.97,256.02,214.97,256.02,246.03,230.98,246.03
227.88,213.89,253.01,213.89,253.01,245.05,227.88,245.05
226.93,213.75,252.01,213.75,252.01,244.84,226.93,244.84
225.88,213.53,251.04,213.53,251.04,244.73,225.88,244.73
223.76,213.12,248.74,213.12,248.74,244.09,223.76,244.09
223.18,213.34,248.14,213.34,248.14,244.29,223.18,244.29
221.04,212.85,245.95,212.85,245.95,243.74,221.04,243.74
219.82,212.47,244.89,212.47,244.89,243.56,219.82,243.56
217.49,212,242.47,212,242.47,242.97,217.49,242.97
216.53,211.85,241.61,211.85,241.61,242.94,216.53,242.94
214.18,211.64,239.09,211.64,239.09,242.53,214.18,242.53
213.25,211.68,238.03,211.68,238.03,242.41,213.25,242.41
211.35,211.23,235.99,211.23,235.99,241.79,211.35,241.79
209.7,211.17,234.58,211.17,234.58,242.02,209.7,242.02
209.62,211.64,234.38,211.64,234.38,242.36,209.62,242.36
206.93,210.41,231.56,210.41,231.56,240.96,206.93,240.96
204.14,210.22,228.56,210.22,228.56,240.5,204.14,240.5
202.63,209.77,227.04,209.77,227.04,240.04,202.63,240.04
200.18,209.75,224.34,209.75,224.34,239.72,200.18,239.72
198.95,209.42,223.16,209.42,223.16,239.44,198.95,239.44
195.49,209.37,219.61,209.37,219.61,239.29,195.49,239.29
194.18,209.49,218.25,209.49,218.25,239.34,194.18,239.34
190.94,208.78,215.49,208.78,215.49,239.22,190.94,239.22
189.55,209.04,213.96,209.04,213.96,239.31,189.55,239.31
186.33,209.04,210.4,209.04,210.4,238.89,186.33,238.89
185.21,208.88,209.4,208.88,209.4,238.87,185.21,238.87
182.8,207.52,207.22,207.52,207.22,237.8,182.8,237.8
181.71,207.24,205.95,207.24,205.95,237.29,181.71,237.29
179.84,206.8,203.88,206.8,203.88,236.61,179.84,236.61
178.32,206.96,202.26,206.96,202.26,236.66,178.32,236.66
176.01,206.59,199.73,206.59,199.73,236,176.01,236
174.06,206.49,197.75,206.49,197.75,235.85,174.06,235.85
172.06,206,195.51,206,195.51,235.09,172.06,235.09
171.07,205.47,194.53,205.47,194.53,234.56,171.07,234.56
169.27,205.15,192.91,205.15,192.91,234.46,169.27,234.46
168.53,205.03,192.19,205.03,192.19,234.36,168.53,234.36
167.45,204.91,191.13,204.91,191.13,234.27,167.45,234.27
165.3,204.43,188.96,204.43,188.96,233.76,165.3,233.76
164.45,204.34,188.24,204.34,188.24,233.84,164.45,233.84
162.37,203.35,186.12,203.35,186.12,232.8,162.37,232.8
161.11,203.46,184.8,203.46,184.8,232.84,161.11,232.84
159.6,203.36,183.33,203.36,183.33,232.79,159.6,232.79
158.49,203.25,182.04,203.25,182.04,232.46,158.49,232.46
158.14,203.46,181.59,203.46,181.59,232.53,158.14,232.53
156.37,203.03,179.52,203.03,179.52,231.72,156.37,231.72
155.04,203.03,178.3,203.03,178.3,231.87,155.04,231.87
153.16,202.64,176.58,202.64,176.58,231.68,153.16,231.68
152.1,202.43,175.47,202.43,175.47,231.4,152.1,231.4
150.67,202.19,174.02,202.19,174.02,231.14,150.67,231.14
149.67,201.92,173.01,201.92,173.01,230.86,149.67,230.86
148.13,201.69,171.45,201.69,171.45,230.61,148.13,230.61
147.23,201.63,170.56,201.63,170.56,230.56,147.23,230.56
146.26,201.61,169.33,201.61,169.33,230.22,146.26,230.22
145.98,201.71,169.17,201.71,169.17,230.47,145.98,230.47
144.73,201.55,168.05,201.55,168.05,230.47,144.73,230.47
143.93,200.54,167.07,200.54,167.07,229.23,143.93,229.23
143.47,201.09,166.55,201.09,166.55,229.71,143.47,229.71
143.01,201.19,165.91,201.19,165.91,229.58,143.01,229.58
141.65,200.59,164.31,200.59,164.31,228.68,141.65,228.68
141.56,200.68,164.28,200.68,164.28,228.85,141.56,228.85
141.05,200.66,163.58,200.66,163.58,228.6,141.05,228.6
140.05,199.73,162.64,199.73,162.64,227.74,140.05,227.74
139.66,200.48,162.14,200.48,162.14,228.35,139.66,228.35
138.8,200.07,161.26,200.07,161.26,227.92,138.8,227.92
137.56,199.64,159.87,199.64,159.87,227.29,137.56,227.29
137.25,199.7,159.58,199.7,159.58,227.38,137.25,227.38
136.19,199.53,158.51,199.53,158.51,227.21,136.19,227.21
135.43,199.39,157.83,199.39,157.83,227.17,135.43,227.17
134.26,198.98,156.83,198.98,156.83,226.98,134.26,226.98
133.35,199.24,155.86,199.24,155.86,227.16,133.35,227.16
131.91,198.5,154.31,198.5,154.31,226.28,131.91,226.28
130.51,198,152.87,198,152.87,225.73,130.51,225.73
129.82,197.55,152.16,197.55,152.16,225.25,129.82,225.25
128.37,197.48,150.69,197.48,150.69,225.16,128.37,225.16
127.92,197.55,150.25,197.55,150.25,225.24,127.92,225.24
126.34,197.34,148.61,197.34,148.61,224.94,126.34,224.94
125.39,197.13,147.67,197.13,147.67,224.75,125.39,224.75
123.99,196.94,146.28,196.94,146.28,224.57,123.99,224.57
123.29,196.88,145.5,196.88,145.5,224.43,123.29,224.43
121.89,197.05,144.03,197.05,144.03,224.49,121.89,224.49
121.06,196.82,143.14,196.82,143.14,224.2,121.06,224.2
119.06,195.88,141.13,195.88,141.13,223.25,119.06,223.25
118.34,195.81,140.35,195.81,140.35,223.1,118.34,223.1
116.74,195.45,138.71,195.45,138.71,222.69,116.74,222.69
115.78,195.25,137.92,195.25,137.92,222.7,115.78,222.7
114.99,195.7,137.11,195.7,137.11,223.13,114.99,223.13
114.07,195.56,136.23,195.56,136.23,223.04,114.07,223.04
112.63,195.24,134.7,195.24,134.7,222.6,112.63,222.6
110.57,194.48,132.64,194.48,132.64,221.85,110.57,221.85
109.85,194.11,132.1,194.11,132.1,221.7,109.85,221.7
108.72,194.48,130.97,194.48,130.97,222.08,108.72,222.08
107.58,194.11,129.85,194.11,129.85,221.72,107.58,221.72
106.66,193.84,128.87,193.84,128.87,221.38,106.66,221.38
105.17,193.58,127.37,193.58,127.37,221.11,105.17,221.11
104.32,193.48,126.49,193.48,126.49,220.97,104.32,220.97
103.11,193.43,125.23,193.43,125.23,220.85,103.11,220.85
101.41,192.76,123.46,192.76,123.46,220.11,101.41,220.11
99.859,192.15,122.02,192.15,122.02,219.62,99.859,219.62
99.538,192.49,121.62,192.49,121.62,219.87,99.538,219.87
97.593,191.86,119.64,191.86,119.64,219.2,97.593,219.2
97.045,191.88,119.04,191.88,119.04,219.16,97.045,219.16
95.485,191.45,117.49,191.45,117.49,218.74,95.485,218.74
94.722,191.31,116.76,191.31,116.76,218.65,94.722,218.65
93.862,191.25,115.96,191.25,115.96,218.65,93.862,218.65
92.3,191.02,114.4,191.02,114.4,218.42,92.3,218.42
90.528,190.9,112.66,190.9,112.66,218.34,90.528,218.34
90.337,191.21,112.51,191.21,112.51,218.7,90.337,218.7
89.266,191.17,111.38,191.17,111.38,218.6,89.266,218.6
86.98,190.59,109.06,190.59,109.06,217.97,86.98,217.97
86.193,190.2,108.22,190.2,108.22,217.52,86.193,217.52
84.256,190.11,106.22,190.11,106.22,217.35,84.256,217.35
83.3,190.1,105.24,190.1,105.24,217.31,83.3,217.31
81.517,189.8,103.34,189.8,103.34,216.86,81.517,216.86
81.254,190.15,103.02,190.15,103.02,217.15,81.254,217.15
79.506,190.15,101.27,190.15,101.27,217.14,79.506,217.14
78.475,190.12,100.19,190.12,100.19,217.05,78.475,217.05
76.794,189.81,98.501,189.81,98.501,216.73,76.794,216.73
75.921,189.58,97.673,189.58,97.673,216.55,75.921,216.55
74.152,189.47,95.931,189.47,95.931,216.48,74.152,216.48
73.364,189.54,95.113,189.54,95.113,216.51,73.364,216.51
71.409,189.35,93.191,189.35,93.191,216.36,71.409,216.36
70.485,189.43,92.272,189.43,92.272,216.45,70.485,216.45
68.823,189.18,90.562,189.18,90.562,216.13,68.823,216.13
67.992,188.92,89.804,188.92,89.804,215.97,67.992,215.97
66.457,188.26,88.329,188.26,88.329,215.38,66.457,215.38
65.402,188.26,87.196,188.26,87.196,215.29,65.402,215.29
63.97,188.37,85.761,188.37,85.761,215.39,63.97,215.39
63.172,188,85.025,188,85.025,215.1,63.172,215.1
61.58,187.38,83.375,187.38,83.375,214.41,61.58,214.41
59.631,187.46,81.268,187.46,81.268,214.29,59.631,214.29
58.844,187.14,80.407,187.14,80.407,213.88,58.844,213.88
56.735,187.01,78.244,187.01,78.244,213.68,56.735,213.68
56.178,186.83,77.517,186.83,77.517,213.29,56.178,213.29
55.343,186.87,76.681,186.87,76.681,213.33,55.343,213.33
54.815,186.72,76.095,186.72,76.095,213.1,54.815,213.1
53.996,186.55,75.236,186.55,75.236,212.89,53.996,212.89
52.992,186.46,74.145,186.46,74.145,212.69,52.992,212.69
52.223,186.08,73.321,186.08,73.321,212.25,52.223,212.25
51.749,186.14,72.794,186.14,72.794,212.23,51.749,212.23
51.111,185.84,72.222,185.84,72.222,212.01,51.111,212.01
50.856,185.59,71.99,185.59,71.99,211.8,50.856,211.8
50.93,185.82,72.108,185.82,72.108,212.08,50.93,212.08
51.182,185.78,72.351,185.78,72.351,212.03,51.182,212.03
51.257,185.69,72.41,185.69,72.41,211.92,51.257,211.92
51.331,185.22,72.471,185.22,72.471,211.44,51.331,211.44
51.343,184.81,72.48,184.81,72.48,211.02,51.343,211.02
51.245,184.68,72.392,184.68,72.392,210.91,51.245,210.91
51.502,184.69,72.606,184.69,72.606,210.86,51.502,210.86
51.459,184.83,72.529,184.83,72.529,210.96,51.459,210.96
51.351,184.66,72.408,184.66,72.408,210.77,51.351,210.77
51.39,184.54,72.441,184.54,72.441,210.64,51.39,210.64
51.241,184.25,72.253,184.25,72.253,210.31,51.241,210.31
51.359,184.31,72.336,184.31,72.336,210.33,51.359,210.33
51.452,184.33,72.391,184.33,72.391,210.3,51.452,210.3
51.204,184.25,72.155,184.25,72.155,210.23,51.204,210.23
51.008,184.15,71.967,184.15,71.967,210.13,51.008,210.13
50.83,183.85,71.599,183.85,71.599,209.61,50.83,209.61
50.392,183.81,71.111,183.81,71.111,209.5,50.392,209.5
50.312,183.85,70.989,183.85,70.989,209.48,50.312,209.48
49.889,183.68,70.503,183.68,70.503,209.25,49.889,209.25
49.714,183.53,70.229,183.53,70.229,208.97,49.714,208.97
49.505,183.29,69.918,183.29,69.918,208.61,49.505,208.61
49.404,183.26,69.745,183.26,69.745,208.48,49.404,208.48
48.474,183,68.672,183,68.672,208.05,48.474,208.05
48.162,183.04,68.304,183.04,68.304,208.01,48.162,208.01
47.25,182.8,67.299,182.8,67.299,207.66,47.25,207.66
47.328,182.74,67.302,182.74,67.302,207.5,47.328,207.5
47.032,182.62,66.916,182.62,66.916,207.28,47.032,207.28
46.096,182.24,65.947,182.24,65.947,206.85,46.096,206.85
45.736,182.27,65.527,182.27,65.527,206.81,45.736,206.81
45.228,182.31,65.037,182.31,65.037,206.87,45.228,206.87
44.647,182.12,64.496,182.12,64.496,206.74,44.647,206.74
44.265,181.89,64.098,181.89,64.098,206.49,44.265,206.49
43.828,181.83,63.619,181.83,63.619,206.37,43.828,206.37
43.35,181.83,63.111,181.83,63.111,206.34,43.35,206.34
42.746,181.67,62.514,181.67,62.514,206.18,42.746,206.18
42.411,181.91,62.099,181.91,62.099,206.32,42.411,206.32
42.152,182.02,61.797,182.02,61.797,206.38,42.152,206.38
41.424,181.64,61.008,181.64,61.008,205.93,41.424,205.93
40.889,181.49,60.484,181.49,60.484,205.79,40.889,205.79
40.592,181.47,60.245,181.47,60.245,205.84,40.592,205.84
39.746,181.32,59.451,181.32,59.451,205.76,39.746,205.76
39.127,180.95,58.895,180.95,58.895,205.46,39.127,205.46
