1.1435
0.3717
0.24408
0.24105
0.24154
0.12864
0.12496
0.1255
0.12614
0.12463
0.1772
0.12615
0.1269
0.12549
0.12525
0.12652
0.17873
0.13124
0.12852
0.12601
0.12737
0.12707
0.17813
0.1472
0.14437
0.12923
0.12569
0.12693
0.17889
0.12573
0.12636
0.12711
0.12672
0.12545
0.17967
0.12508
0.12588
0.1267
0.12738
0.12587
0.17693
0.12612
0.12671
0.12477
0.12432
0.12431
0.17623
0.12695
0.1244
0.12557
0.12483
0.12379
0.17666
0.1244
0.12348
0.12397
0.1233
0.12388
0.17478
0.12668
0.12469
0.12713
0.12393
0.12537
0.17725
0.12595
0.12339
0.12367
0.12249
0.12331
0.17433
0.12561
0.12331
0.12446
0.12461
0.12425
0.17451
0.12511
0.12182
0.12424
0.12493
0.12288
0.17571
0.12682
0.12341
0.12475
0.12531
0.12304
0.17477
0.12548
0.12796
0.12439
0.12551
0.12239
0.17757
0.12886
0.12346
0.12417
0.12452
0.12468
0.17475
0.12721
0.12403
0.12322
0.123
0.12525
0.17504
0.1248
0.12314
0.122
0.12368
0.12356
0.17418
0.12541
0.12325
0.12378
0.12291
0.12379
0.17799
0.12347
0.12366
0.12354
0.12292
0.12255
0.17615
0.1233
0.12363
0.12311
0.12383
0.12291
0.17615
0.12464
0.12574
0.12547
0.12453
0.12562
0.17675
0.12384
0.12624
0.12377
0.12557
0.1237
0.17557
0.12368
0.1245
0.12454
0.1241
0.12314
0.1773
0.12454
0.12351
0.1233
0.1249
0.12299
0.17506
0.12377
0.12324
0.12331
0.12265
0.12351
0.1744
0.12291
0.12318
0.12316
0.1231
0.12271
0.17584
0.1252
0.1226
0.12197
0.12569
0.12262
0.17395
0.12633
0.1238
