1
369.03,113.06,385.97,113.06,385.97,143.94,369.03,143.94
367.03,114.05,383.97,114.05,383.97,144.95,367.03,144.95
364.95,113.9,382.05,113.9,382.05,145.1,364.95,145.1
362.87,113.76,380.13,113.76,380.13,145.24,362.87,145.24
359.85,114.22,377.15,114.22,377.15,145.78,359.85,145.78
357.82,114.01,375.14,114.01,375.14,145.6,357.82,145.6
355.53,114.22,373.12,114.22,373.12,146.29,355.53,146.29
353.13,114.82,370.87,114.82,370.87,147.18,353.13,147.18
350.27,114.11,368.28,114.11,368.28,146.96,350.27,146.96
347.08,114.45,365.2,114.45,365.2,147.48,347.08,147.48
345.25,114.63,363.75,114.63,363.75,148.37,345.25,148.37
340.81,114.98,359.34,114.98,359.34,148.79,340.81,148.79
338.85,114.83,357.59,114.83,357.59,149,338.85,149
337.69,116.02,356.31,116.02,356.31,149.98,337.69,149.98
333.51,116.02,352.13,116.02,352.13,149.98,333.51,149.98
331.7,116.22,350.22,116.22,350.22,149.99,331.7,149.99
327.84,116.8,346.16,116.8,346.16,150.2,327.84,150.2
326.21,117.49,344.44,117.49,344.44,150.72,326.21,150.72
321.44,117.59,339.68,117.59,339.68,150.85,321.44,150.85
319.88,118.37,338.12,118.37,338.12,151.63,319.88,151.63
317.2,118.4,335.34,118.4,335.34,151.48,317.2,151.48
313.04,118.78,331.14,118.78,331.14,151.79,313.04,151.79
311.42,119.43,329.58,119.43,329.58,152.57,311.42,152.57
306.78,119.23,325.3,119.23,325.3,153.01,306.78,153.01
304.46,119.36,323.15,119.36,323.15,153.44,304.46,153.44
303.14,120.92,321.86,120.92,321.86,155.08,303.14,155.08
297.94,120.52,317,120.52,317,155.27,297.94,155.27
296.45,120.41,315.65,120.41,315.65,155.44,296.45,155.44
293.89,120.97,313.11,120.97,313.11,156.03,293.89,156.03
289.14,121.25,308.58,121.25,308.58,156.71,289.14,156.71
286.41,121.01,306.14,121.01,306.14,156.99,286.41,156.99
283.57,121.88,303.43,121.88,303.43,158.12,283.57,158.12
281.5,124.33,301.31,124.33,301.31,160.46,281.5,160.46
276.55,130.42,296.27,130.42,296.27,166.37,276.55,166.37
275.74,131.69,295.26,131.69,295.26,167.31,275.74,167.31
273.61,131.32,293.05,131.32,293.05,166.77,273.61,166.77
272.96,132.07,292.31,132.07,292.31,167.36,272.96,167.36
272.3,133.31,291.7,133.31,291.7,168.69,272.3,168.69
264.26,125.21,283.63,125.21,283.63,160.53,264.26,160.53
261.85,125.75,281.28,125.75,281.28,161.17,261.85,161.17
258.78,126.78,278.22,126.78,278.22,162.22,258.78,162.22
256.46,126.89,275.81,126.89,275.81,162.18,256.46,162.18
254.21,126.81,273.5,126.81,273.5,161.99,254.21,161.99
250.84,126.88,270.16,126.88,270.16,162.12,250.84,162.12
248.12,127.09,267.55,127.09,267.55,162.54,248.12,162.54
244.96,128.29,264.46,128.29,264.46,163.85,244.96,163.85
243.65,129.04,263.35,129.04,263.35,164.96,243.65,164.96
240.7,128.86,260.58,128.86,260.58,165.11,240.7,165.11
236.87,128.8,256.83,128.8,256.83,165.21,236.87,165.21
236,129.26,256,129.26,256,165.74,236,165.74
230.8,129.46,251.06,129.46,251.06,166.39,230.8,166.39
229.17,129.78,249.55,129.78,249.55,166.95,229.17,166.95
227.77,130.84,248.23,130.84,248.23,168.16,227.77,168.16
224.07,131.13,244.6,131.13,244.6,168.56,224.07,168.56
222.03,131.14,242.65,131.14,242.65,168.74,222.03,168.74
220.15,132.13,240.85,132.13,240.85,169.87,220.15,169.87
216.49,131.9,237.39,131.9,237.39,170.02,216.49,170.02
215.15,132.37,236.08,132.37,236.08,170.54,215.15,170.54
213.09,134.01,233.91,134.01,233.91,171.99,213.09,171.99
210.64,133.65,231.45,133.65,231.45,171.6,210.64,171.6
208.82,134.11,229.64,134.11,229.64,172.09,208.82,172.09
206.05,134.95,226.95,134.95,226.95,173.05,206.05,173.05
204.21,134.96,225.11,134.96,225.11,173.06,204.21,173.06
202.68,135.36,223.6,135.36,223.6,173.51,202.68,173.51
200.01,135.87,220.99,135.87,220.99,174.13,200.01,174.13
198.13,135.56,219.35,135.56,219.35,174.24,198.13,174.24
196.75,136.37,217.96,136.37,217.96,175.05,196.75,175.05
194.34,137.07,215.66,137.07,215.66,175.93,194.34,175.93
192.64,137.48,214,137.48,214,176.42,192.64,176.42
190.94,137.61,212.34,137.61,212.34,176.64,190.94,176.64
188.73,138.87,210.27,138.87,210.27,178.13,188.73,178.13
187.45,139.14,208.94,139.14,208.94,178.34,187.45,178.34
185.89,139.2,207.43,139.2,207.43,178.48,185.89,178.48
184.22,140.34,205.78,140.34,205.78,179.66,184.22,179.66
182.81,140.59,204.44,140.59,204.44,180.02,182.81,180.02
180.47,140.93,202.29,140.93,202.29,180.71,180.47,180.71
179,141.95,201,141.95,201,182.05,179,182.05
177.9,142.03,199.96,142.03,199.96,182.25,177.9,182.25
175.39,142.06,197.58,142.06,197.58,182.52,175.39,182.52
174.88,143.22,197.12,143.22,197.12,183.78,174.88,183.78
172.93,144.06,195.08,144.06,195.08,184.47,172.93,184.47
171.51,144.4,193.74,144.4,193.74,184.95,171.51,184.95
170.91,145.77,193.09,145.77,193.09,186.23,170.91,186.23
168.38,145.69,190.72,145.69,190.72,186.43,168.38,186.43
168.07,146.22,190.35,146.22,190.35,186.84,168.07,186.84
167.35,147.17,189.65,147.17,189.65,187.83,167.35,187.83
164.89,147.72,187.2,147.72,187.2,188.39,164.89,188.39
163.86,148.04,186.15,148.04,186.15,188.68,163.86,188.68
163.4,148.76,185.6,148.76,185.6,189.24,163.4,189.24
160.93,149.21,183.25,149.21,183.25,189.9,160.93,189.9
160.22,149.72,182.58,149.72,182.58,190.5,160.22,190.5
158.75,150.99,181.25,150.99,181.25,192.01,158.75,192.01
157.21,150.7,179.85,150.7,179.85,192,157.21,192
154.39,150.14,177.27,150.14,177.27,191.86,154.39,191.86
154.99,152.02,178.01,152.02,178.01,193.98,154.99,193.98
153.95,152.53,176.89,152.53,176.89,194.36,153.95,194.36
152.1,152.94,175.1,152.94,175.1,194.88,152.1,194.88
152.01,154.05,174.99,154.05,174.99,195.95,152.01,195.95
150.95,154.67,173.9,154.67,173.9,196.54,150.95,196.54
149.5,155.44,172.54,155.44,172.54,197.46,149.5,197.46
149.92,156.39,173.08,156.39,173.08,198.61,149.92,198.61
147.79,156.09,171.07,156.09,171.07,198.55,147.79,198.55
146.93,157.06,170.32,157.06,170.32,199.71,146.93,199.71
147.29,158.14,170.71,158.14,170.71,200.86,147.29,200.86
146.1,158.56,169.57,158.56,169.57,201.36,146.1,201.36
145.26,159.11,168.81,159.11,168.81,202.05,145.26,202.05
145.18,159.94,168.82,159.94,168.82,203.06,145.18,203.06
143.69,160.29,167.48,160.29,167.48,203.67,143.69,203.67
143.83,160.73,167.72,160.73,167.72,204.3,143.83,204.3
142.98,161.08,167.02,161.08,167.02,204.92,142.98,204.92
142.46,161.94,166.55,161.94,166.55,205.87,142.46,205.87
142.57,162.77,166.74,162.77,166.74,206.85,142.57,206.85
142.32,163.78,166.68,163.78,166.68,208.22,142.32,208.22
141.22,163.52,165.69,163.52,165.69,208.14,141.22,208.14
141.42,164.73,165.98,164.73,165.98,209.51,141.42,209.51
141.12,165.93,165.88,165.93,165.88,211.07,141.12,211.07
139.7,165.75,164.65,165.75,164.65,211.26,139.7,211.26
139.8,166.82,164.84,166.82,164.84,212.48,139.8,212.48
138.92,168.06,164.08,168.06,164.08,213.94,138.92,213.94
138.9,168.26,164.05,168.26,164.05,214.12,138.9,214.12
138.54,168.84,163.62,168.84,163.62,214.57,138.54,214.57
137.91,170.04,163.09,170.04,163.09,215.96,137.91,215.96
137.61,170.53,162.97,170.53,162.97,216.76,137.61,216.76
136.88,171.06,162.38,171.06,162.38,217.57,136.88,217.57
137.17,172.11,162.83,172.11,162.83,218.89,137.17,218.89
136.17,172.78,161.95,172.78,161.95,219.8,136.17,219.8
135.41,172.83,161.33,172.83,161.33,220.11,135.41,220.11
136,174.3,162,174.3,162,221.7,136,221.7
135.2,174.72,161.21,174.72,161.21,222.16,135.2,222.16
134.63,175.77,160.75,175.77,160.75,223.4,134.63,223.4
134.37,176.06,160.63,176.06,160.63,223.94,134.37,223.94
133.86,176.62,160.15,176.62,160.15,224.55,133.86,224.55
133.33,177.66,159.7,177.66,159.7,225.73,133.33,225.73
133.74,178.82,160.26,178.82,160.26,227.18,133.74,227.18
132.23,179.17,158.88,179.17,158.88,227.75,132.23,227.75
132.16,179.83,158.95,179.83,158.95,228.69,132.16,228.69
132.03,180.94,158.97,180.94,158.97,230.06,132.03,230.06
130.76,181.45,157.85,181.45,157.85,230.84,130.76,230.84
130.85,182.09,157.97,182.09,157.97,231.55,130.85,231.55
130.87,183.65,158.13,183.65,158.13,233.35,130.87,233.35
129.3,184.31,156.84,184.31,156.84,234.54,129.3,234.54
128.57,184.67,156.46,184.67,156.46,235.52,128.57,235.52
129.01,185.99,156.99,185.99,156.99,237.01,129.01,237.01
127.32,186.62,155.53,186.62,155.53,238.05,127.32,238.05
127.41,187.28,155.62,187.28,155.62,238.71,127.41,238.71
127.89,188.77,156.11,188.77,156.11,240.23,127.89,240.23
126.23,189.35,154.65,189.35,154.65,241.17,126.23,241.17
125.86,189.94,154.44,189.94,154.44,242.06,125.86,242.06
125.67,190.87,154.33,190.87,154.33,243.13,125.67,243.13
124.2,191.56,153.05,191.56,153.05,244.16,124.2,244.16
124.01,192.44,153.2,192.44,153.2,245.66,124.01,245.66
124.29,193.68,153.71,193.68,153.71,247.32,124.29,247.32
122.76,194.27,152.4,194.27,152.4,248.32,122.76,248.32
122.86,194.9,152.48,194.9,152.48,248.92,122.86,248.92
123.1,196.33,152.9,196.33,152.9,250.67,123.1,250.67
121.45,196.67,151.67,196.67,151.67,251.77,121.45,251.77
121.58,197.4,151.89,197.4,151.89,252.68,121.58,252.68
121.75,199.18,152.25,199.18,152.25,254.82,121.75,254.82
120.54,199.24,151.34,199.24,151.34,255.39,120.54,255.39
120.26,199.84,151.21,199.84,151.21,256.27,120.26,256.27
120.97,201.68,152.03,201.68,152.03,258.32,120.97,258.32
120.34,202.7,151.58,202.7,151.58,259.67,120.34,259.67
119.46,203.55,150.89,203.55,150.89,260.85,119.46,260.85
120.21,205.21,151.79,205.21,151.79,262.79,120.21,262.79
119.02,205.58,150.83,205.58,150.83,263.58,119.02,263.58
119,207.39,150.95,207.39,150.95,265.66,119,265.66
118.94,208.72,151.06,208.72,151.06,267.28,118.94,267.28
118.64,209.81,150.88,209.81,150.88,268.59,118.64,268.59
118.22,210.38,150.58,210.38,150.58,269.39,118.22,269.39
118.25,211.87,150.75,211.87,150.75,271.13,118.25,271.13
118.1,213.22,150.81,213.22,150.81,272.88,118.1,272.88
117.69,213.44,150.65,213.44,150.65,273.53,117.69,273.53
118.38,214.69,151.62,214.69,151.62,275.31,118.38,275.31
118.01,179.78,151.17,179.78,151.17,240.24,118.01,240.24
117.03,170.11,150.45,170.11,150.45,231.05,117.03,231.05
118.61,174.7,152.39,174.7,152.39,236.3,118.61,236.3
117.17,172.55,151.05,172.55,151.05,234.34,117.17,234.34
119.27,176.2,153.39,176.2,153.39,238.42,119.27,238.42
118.76,177.07,153.24,177.07,153.24,239.93,118.76,239.93
119.24,178.42,153.88,178.42,153.88,241.58,119.24,241.58
118.98,177.3,153.9,177.3,153.9,240.99,118.98,240.99
121.47,180.03,156.53,180.03,156.53,243.97,121.47,243.97
120.75,180.15,155.93,180.15,155.93,244.3,120.75,244.3
123.29,181.98,158.48,181.98,158.48,246.15,123.29,246.15
123.79,183.2,159.21,183.2,159.21,247.8,123.79,247.8
126.08,185.3,161.55,185.3,161.55,249.98,126.08,249.98
127.63,186.72,163.28,186.72,163.28,251.74,127.63,251.74
129.07,188.31,164.93,188.31,164.93,253.69,129.07,253.69
130.48,189.56,166.5,189.56,166.5,255.26,130.48,255.26
132.11,190.78,168.34,190.78,168.34,256.84,132.11,256.84
134.25,192.23,170.75,192.23,170.75,258.77,134.25,258.77
136.24,193.59,173.05,193.59,173.05,260.7,136.24,260.7
138.27,194.9,175.43,194.9,175.43,262.66,138.27,262.66
141.24,196.79,178.76,196.79,178.76,265.21,141.24,265.21
142.68,198.02,180.51,198.02,180.51,267.01,142.68,267.01
143.16,198.35,181.34,198.35,181.34,267.98,143.16,267.98
145.73,200.36,184.27,200.36,184.27,270.64,145.73,270.64
145.82,200.58,184.61,200.58,184.61,271.32,145.82,271.32
145.47,200.39,184.53,200.39,184.53,271.61,145.47,271.61
149.37,204.21,188.63,204.21,188.63,275.79,149.37,275.79
150.02,205.45,189.54,205.45,189.54,277.52,150.02,277.52
150.45,206.46,190.28,206.46,190.28,279.08,150.45,279.08
152,209.02,192,209.02,192,281.98,152,281.98
151.56,209.96,191.82,209.96,191.82,283.37,151.56,283.37
152.11,211.87,192.66,211.87,192.66,285.81,152.11,285.81
153.17,213.93,193.83,213.93,193.83,288.07,153.17,288.07
151.87,215.03,192.89,215.03,192.89,289.82,151.87,289.82
153.03,181.89,194.04,181.89,194.04,256.67,153.03,256.67
150.83,171.82,192.17,171.82,192.17,247.18,150.83,247.18
149.31,174.76,190.95,174.76,190.95,250.68,149.31,250.68
148.41,174.78,190.39,174.78,190.39,251.33,148.41,251.33
148.29,179.82,190.71,179.82,190.71,257.18,148.29,257.18
144.54,179.04,187.26,179.04,187.26,256.93,144.54,256.93
143.72,181.86,186.73,181.86,186.73,260.29,143.72,260.29
140.88,184.08,184.12,184.08,184.12,262.92,140.88,262.92
137.4,184.53,180.95,184.53,180.95,263.95,137.4,263.95
134.26,187.69,178.03,187.69,178.03,267.5,134.26,267.5
131.91,188.72,176.09,188.72,176.09,269.28,131.91,269.28
129.12,190.06,173.48,190.06,173.48,270.96,129.12,270.96
123.06,191.53,167.9,191.53,167.9,273.28,123.06,273.28
120.85,193.2,166.15,193.2,166.15,275.8,120.85,275.8
116.36,195.46,161.73,195.46,161.73,278.2,116.36,278.2
111.34,197.59,156.93,197.59,156.93,280.73,111.34,280.73
108.03,199.11,153.97,199.11,153.97,282.89,108.03,282.89
99.936,202.39,146.25,202.39,146.25,286.84,99.936,286.84
95.759,203.74,142.21,203.74,142.21,288.45,95.759,288.45
86.04,207.22,132.96,207.22,132.96,292.78,86.04,292.78
80.553,207.49,127.92,207.49,127.92,293.87,80.553,293.87
74.577,209.71,122.16,209.71,122.16,296.49,74.577,296.49
66.074,212.37,113.93,212.37,113.93,299.63,66.074,299.63
59.402,214.95,107.49,214.95,107.49,302.63,59.402,302.63
45.591,181.67,93.453,181.67,93.453,268.94,45.591,268.94
41.948,173.14,90.052,173.14,90.052,260.86,41.948,260.86
29.531,177.05,77.579,177.05,77.579,264.67,29.531,264.67
24.429,175.72,72.63,175.72,72.63,263.61,24.429,263.61
9.9448,179.63,58.055,179.63,58.055,267.37,9.9448,267.37
0.045809,184.11,48.507,184.11,48.507,272.48,0.045809,272.48
