1
373.28,376.35,409.72,376.35,409.72,401.65,373.28,401.65
365.78,374.85,402.22,374.85,402.22,400.15,365.78,400.15
346.07,372.05,381.93,372.05,381.93,396.95,346.07,396.95
315.72,373.65,351.28,373.65,351.28,398.35,315.72,398.35
316.57,370.92,352.53,370.92,352.53,395.9,316.57,395.9
306.23,370.83,342.71,370.83,342.71,396.16,306.23,396.16
296.87,370.76,333.91,370.76,333.91,396.48,296.87,396.48
290.57,369.64,327.9,369.64,327.9,395.57,290.57,395.57
284.85,370.43,322.43,370.43,322.43,396.53,284.85,396.53
277.76,370.59,315.44,370.59,315.44,396.75,277.76,396.75
269.95,367.71,307.17,367.71,307.17,393.56,269.95,393.56
265.16,369.91,302.28,369.91,302.28,395.68,265.16,395.68
262.4,369.43,298.75,369.43,298.75,394.66,262.4,394.66
261.68,370.35,298.25,370.35,298.25,395.74,261.68,395.74
270.9,371.27,307.9,371.27,307.9,396.96,270.9,396.96
257.93,371.05,294.51,371.05,294.51,396.46,257.93,396.46
244.88,371.18,281.81,371.18,281.81,396.82,244.88,396.82
232.33,368.44,268.77,368.44,268.77,393.75,232.33,393.75
228.58,369.2,264.37,369.2,264.37,394.06,228.58,394.06
220.48,368.3,256.61,368.3,256.61,393.38,220.48,393.38
215.8,367.33,251.72,367.33,251.72,392.27,215.8,392.27
213.38,368.3,248.84,368.3,248.84,392.92,213.38,392.92
205.32,368.68,240.85,368.68,240.85,393.35,205.32,393.35
200.03,369.23,236.1,369.23,236.1,394.27,200.03,394.27
193.08,370.07,229.19,370.07,229.19,395.15,193.08,395.15
193.36,371.26,229.67,371.26,229.67,396.47,193.36,396.47
184.35,368.98,220.08,368.98,220.08,393.79,184.35,393.79
179.42,368.2,215.35,368.2,215.35,393.14,179.42,393.14
175.72,368.27,211.52,368.27,211.52,393.13,175.72,393.13
169.71,365.95,205.49,365.95,205.49,390.8,169.71,390.8
167.02,365.58,202.8,365.58,202.8,390.42,167.02,390.42
164.06,367.58,199.93,367.58,199.93,392.49,164.06,392.49
158.55,366.69,194.34,366.69,194.34,391.54,158.55,391.54
150.66,364.01,186.85,364.01,186.85,389.14,150.66,389.14
145.67,365.19,181.96,365.19,181.96,390.4,145.67,390.4
140.81,366.47,176.94,366.47,176.94,391.56,140.81,391.56
107.01,361.76,143.24,361.76,143.24,386.92,107.01,386.92
103.64,361.34,140.09,361.34,140.09,386.66,103.64,386.66
106.45,363.12,143.02,363.12,143.02,388.52,106.45,388.52
128.95,359.06,165.79,359.06,165.79,384.64,128.95,384.64
150.91,357.48,187.91,357.48,187.91,383.17,150.91,383.17
157.83,357.71,195.07,357.71,195.07,383.56,157.83,383.56
160.08,344.45,197.4,344.45,197.4,370.36,160.08,370.36
159.01,343.59,196.5,343.59,196.5,369.63,159.01,369.63
160.06,343.34,197.91,343.34,197.91,369.62,160.06,369.62
2
0
0
0
0
1
279.83,354.94,328.92,354.94,328.92,385.99,279.83,385.99
279.53,354.51,328.45,354.51,328.45,385.46,279.53,385.46
279.73,354.5,328.31,354.5,328.31,385.24,279.73,385.24
279.48,354.47,328.67,354.47,328.67,385.59,279.48,385.59
279.35,354.44,328.04,354.44,328.04,385.24,279.35,385.24
279.52,354.53,327.94,354.53,327.94,385.17,279.52,385.17
2
0
0
0
0
1
374.1,348.51,423.72,348.51,423.72,379.91,374.1,379.91
367.17,347.69,417.57,347.69,417.57,379.57,367.17,379.57
358.62,346.94,409.85,346.94,409.85,379.34,358.62,379.34
353.1,347.38,403.95,347.38,403.95,379.56,353.1,379.56
346.11,347.69,397.81,347.69,397.81,380.4,346.11,380.4
341.19,346.83,392.93,346.83,392.93,379.57,341.19,379.57
335.63,347.66,387.46,347.66,387.46,380.45,335.63,380.45
329.27,347.22,381.72,347.22,381.72,380.41,329.27,380.41
323.02,346.69,375.55,346.69,375.55,379.92,323.02,379.92
317.48,347.67,370.01,347.67,370.01,380.91,317.48,380.91
303.57,326.33,356.64,326.33,356.64,359.9,303.57,359.9
296.33,347.98,349.54,347.98,349.54,381.65,296.33,381.65
291.38,347.68,346.13,347.68,346.13,382.32,291.38,382.32
282.65,347.54,337.86,347.54,337.86,382.46,282.65,382.46
271.1,347.15,326.47,347.15,326.47,382.19,271.1,382.19
272.86,347.6,328.3,347.6,328.3,382.67,272.86,382.67
261.81,346.99,316.91,346.99,316.91,381.85,261.81,381.85
257.43,345.17,312.19,345.17,312.19,379.81,257.43,379.81
247.05,344.91,301.91,344.91,301.91,379.62,247.05,379.62
246.14,347.08,301.19,347.08,301.19,381.9,246.14,381.9
243,347.04,297.92,347.04,297.92,381.79,243,381.79
219.88,319.9,274.98,319.9,274.98,354.75,219.88,354.75
223.62,341.39,278.59,341.39,278.59,376.17,223.62,376.17
