1
237.31,292.93,434.69,292.93,434.69,366.07,237.31,366.07
220.86,294.95,418.14,294.95,418.14,368.05,220.86,368.05
230.04,295.2,425.96,295.2,425.96,367.8,230.04,367.8
209.21,295.08,405.79,295.08,405.79,367.92,209.21,367.92
200.73,294.37,396.67,294.37,396.67,366.98,200.73,366.98
203.54,295.09,397.63,295.09,397.63,367.01,203.54,367.01
202.02,294.13,396.12,294.13,396.12,366.06,202.02,366.06
192.38,294.28,383.22,294.28,383.22,365,192.38,365
200.18,294.25,393.26,294.25,393.26,365.8,200.18,365.8
185.64,294.66,378.92,294.66,378.92,366.28,185.64,366.28
182.45,294.98,376.91,294.98,376.91,367.04,182.45,367.04
177.4,294.85,369.63,294.85,369.63,366.09,177.4,366.09
167.01,293.96,357.74,293.96,357.74,364.63,167.01,364.63
175.93,294.34,366.21,294.34,366.21,364.85,175.93,364.85
170.86,294.78,360.61,294.78,360.61,365.09,170.86,365.09
167.11,294.73,357.07,294.73,357.07,365.13,167.11,365.13
156.82,294.76,343.85,294.76,343.85,364.07,156.82,364.07
156.71,294.74,343.23,294.74,343.23,363.86,156.71,363.86
149.95,293.06,337.12,293.06,337.12,362.42,149.95,362.42
144.1,294.37,329.73,294.37,329.73,363.15,144.1,363.15
144.64,294.96,330,294.96,330,363.65,144.64,363.65
143.03,295.32,326.14,295.32,326.14,363.17,143.03,363.17
140.82,294.76,321.79,294.76,321.79,361.83,140.82,361.83
137.43,295.47,316.32,295.47,316.32,361.76,137.43,361.76
127.58,295.72,303.68,295.72,303.68,360.98,127.58,360.98
130.57,296.28,306.74,296.28,306.74,361.56,130.57,361.56
133.33,296.34,306.3,296.34,306.3,360.43,133.33,360.43
124.05,295.7,294.94,295.7,294.94,359.02,124.05,359.02
117.32,296.47,286.9,296.47,286.9,359.31,117.32,359.31
122.14,296.39,290.13,296.39,290.13,358.64,122.14,358.64
113.86,295.55,281.83,295.55,281.83,357.79,113.86,357.79
106.75,297.15,272.37,297.15,272.37,358.53,106.75,358.53
112.35,295.48,278.21,295.48,278.21,356.94,112.35,356.94
112.18,296.04,277.24,296.04,277.24,357.21,112.18,357.21
103.53,295.36,269.17,295.36,269.17,356.74,103.53,356.74
103.36,294.58,269.07,294.58,269.07,355.99,103.36,355.99
100.07,295.13,265.53,295.13,265.53,356.44,100.07,356.44
97.38,295.21,262.46,295.21,262.46,356.38,97.38,356.38
87.162,295.44,253.03,295.44,253.03,356.9,87.162,356.9
102.06,293.2,268.72,293.2,268.72,354.95,102.06,354.95
90.337,294.44,255.99,294.44,255.99,355.83,90.337,355.83
97.023,293.19,262.85,293.19,262.85,354.64,97.023,354.64
102.33,295.6,267.57,295.6,267.57,356.83,102.33,356.83
96.579,294.59,262.02,294.59,262.02,355.89,96.579,355.89
91.791,293.83,258.09,293.83,258.09,355.45,91.791,355.45
92.879,292.51,260.16,292.51,260.16,354.5,92.879,354.5
99.441,292.66,267.51,292.66,267.51,354.94,99.441,354.94
92.852,293.11,260.6,293.11,260.6,355.27,92.852,355.27
82.011,294.53,251.39,294.53,251.39,357.3,82.011,357.3
87.224,294.6,257.31,294.6,257.31,357.63,87.224,357.63
99.203,293.62,267.74,293.62,267.74,356.08,99.203,356.08
90.324,293.51,257.88,293.51,257.88,355.6,90.324,355.6
79.991,292.89,248.02,292.89,248.02,355.16,79.991,355.16
79.038,292.97,247.74,292.97,247.74,355.48,79.038,355.48
82.789,293.67,251.36,293.67,251.36,356.14,82.789,356.14
87.809,293.28,255.35,293.28,255.35,355.36,87.809,355.36
83.364,293.91,251.53,293.91,251.53,356.23,83.364,356.23
76.302,295.15,244.42,295.15,244.42,357.45,76.302,357.45
72.252,293.27,241.61,293.27,241.61,356.02,72.252,356.02
84.205,292.46,251.84,292.46,251.84,354.58,84.205,354.58
84.877,292.02,250.68,292.02,250.68,353.46,84.877,353.46
78.826,294.04,245.31,294.04,245.31,355.73,78.826,355.73
73.959,294.44,240.52,294.44,240.52,356.16,73.959,356.16
81.427,294.05,248.49,294.05,248.49,355.95,81.427,355.95
79.311,292.74,246.1,292.74,246.1,354.55,79.311,354.55
84.039,293.47,251.24,293.47,251.24,355.43,84.039,355.43
92.318,292.2,257.74,292.2,257.74,353.49,92.318,353.49
91.296,293.31,256.24,293.31,256.24,354.43,91.296,354.43
86.861,293.52,251.75,293.52,251.75,354.62,86.861,354.62
83.613,292.7,249.04,292.7,249.04,354,83.613,354
90.156,293.56,255.89,293.56,255.89,354.97,90.156,354.97
90.759,292.58,256.4,292.58,256.4,353.95,90.759,353.95
86.557,292.93,251.49,292.93,251.49,354.04,86.557,354.04
83.574,292.48,248.32,292.48,248.32,353.53,83.574,353.53
89.454,292.73,254.23,292.73,254.23,353.79,89.454,353.79
93.953,293.26,258.26,293.26,258.26,354.15,93.953,354.15
88.98,292.6,253.9,292.6,253.9,353.72,88.98,353.72
84.885,293.24,249.21,293.24,249.21,354.14,84.885,354.14
88.238,292.72,251.17,292.72,251.17,353.1,88.238,353.1
93.038,293.32,256.16,293.32,256.16,353.77,93.038,353.77
89.532,293.54,253.15,293.54,253.15,354.17,89.532,354.17
85.154,292.9,247.5,292.9,247.5,353.06,85.154,353.06
83.361,293.61,246.19,293.61,246.19,353.95,83.361,353.95
90.693,292.68,253.96,292.68,253.96,353.18,90.693,353.18
91.088,292.94,253.54,292.94,253.54,353.13,91.088,353.13
87.43,293.08,250.34,293.08,250.34,353.45,87.43,353.45
83.389,293.77,245.8,293.77,245.8,353.96,83.389,353.96
90.531,293.57,253.61,293.57,253.61,353.99,90.531,353.99
94.204,293.17,257.53,293.17,257.53,353.69,94.204,353.69
91.711,292.85,255.07,292.85,255.07,353.38,91.711,353.38
87.843,293.27,250.63,293.27,250.63,353.59,87.843,353.59
84.397,292.97,247.99,292.97,247.99,353.59,84.397,353.59
89.135,293.25,252.12,293.25,252.12,353.65,89.135,353.65
93.316,293.5,257.01,293.5,257.01,354.16,93.316,354.16
89.363,293.19,252.35,293.19,252.35,353.59,89.363,353.59
84.446,293.38,248.41,293.38,248.41,354.14,84.446,354.14
83.838,293.31,247.36,293.31,247.36,353.9,83.838,353.9
92.264,293.23,255.11,293.23,255.11,353.58,92.264,353.58
92.406,293.18,255.53,293.18,255.53,353.62,92.406,353.62
89.766,293.06,253.39,293.06,253.39,353.69,89.766,353.69
83.611,292.99,246.76,292.99,246.76,353.44,83.611,353.44
87.271,292.78,250.71,292.78,250.71,353.34,87.271,353.34
92.835,292.94,256.73,292.94,256.73,353.67,92.835,353.67
90.775,293.27,254.74,293.27,254.74,354.03,90.775,354.03
86.349,293.5,250.62,293.5,250.62,354.38,86.349,354.38
82.564,293.25,246.49,293.25,246.49,354,82.564,354
89.671,293.06,254,293.06,254,353.96,89.671,353.96
90.484,292.66,254.49,292.66,254.49,353.43,90.484,353.43
87.303,293.19,250.95,293.19,250.95,353.83,87.303,353.83
83.594,293.21,247.06,293.21,247.06,353.78,83.594,353.78
88.972,292.82,252.33,292.82,252.33,353.35,88.972,353.35
92.496,293.02,255.96,293.02,255.96,353.59,92.496,353.59
88.238,293.02,251.16,293.02,251.16,353.4,88.238,353.4
84.042,293.25,247.45,293.25,247.45,353.81,84.042,353.81
87.367,293.16,251.18,293.16,251.18,353.86,87.367,353.86
92.141,293.71,255.52,293.71,255.52,354.25,92.141,354.25
88.597,293.15,252.28,293.15,252.28,353.8,88.597,353.8
85.014,293.76,248.12,293.76,248.12,354.2,85.014,354.2
83.117,293.76,247.67,293.76,247.67,354.74,83.117,354.74
92.252,293.42,255.73,293.42,255.73,354,92.252,354
91.671,293.43,254.4,293.43,254.4,353.73,91.671,353.73
85.739,293.69,248.26,293.69,248.26,353.92,85.739,353.92
89.245,293.96,251.24,293.96,251.24,353.99,89.245,353.99
93.089,293.83,255.18,293.83,255.18,353.9,93.089,353.9
94.868,293.82,256.92,293.82,256.92,353.87,94.868,353.87
91.341,293.38,253.55,293.38,253.55,353.49,91.341,353.49
87.776,293.61,252,293.61,252,354.46,87.776,354.46
88.374,292.81,253.13,292.81,253.13,353.86,88.374,353.86
97.098,293.41,262.87,293.41,262.87,354.84,97.098,354.84
97.425,293.39,262.2,293.39,262.2,354.45,97.425,354.45
91.06,293.53,256.43,293.53,256.43,354.81,91.06,354.81
90.827,293.69,255.65,293.69,255.65,354.77,90.827,354.77
99.267,293.41,265.26,293.41,265.26,354.93,99.267,354.93
101.33,293.92,266.95,293.92,266.95,355.29,101.33,355.29
99.209,293.91,264.34,293.91,264.34,355.1,99.209,355.1
93.532,293.44,259.49,293.44,259.49,354.94,93.532,354.94
102.27,293.32,268.66,293.32,268.66,354.97,102.27,354.97
102.68,294,267.8,294,267.8,355.18,102.68,355.18
99.909,293.76,265.57,293.76,265.57,355.14,99.909,355.14
97.679,293.73,263.23,293.73,263.23,355.08,97.679,355.08
106.73,294.13,272.59,294.13,272.59,355.59,106.73,355.59
108.01,293.99,274.15,293.99,274.15,355.55,108.01,355.55
102.96,294.77,268.19,294.77,268.19,355.99,102.96,355.99
103.96,294.2,268.57,294.2,268.57,355.19,103.96,355.19
113.52,294.8,278.42,294.8,278.42,355.91,113.52,355.91
113.74,295.08,278.37,295.08,278.37,356.09,113.74,356.09
106.5,295.34,272.95,295.34,272.95,357.02,106.5,357.02
110.97,294.59,277.27,294.59,277.27,356.22,110.97,356.22
116.86,295.21,282.73,295.21,282.73,356.67,116.86,356.67
114.76,294.78,279.37,294.78,279.37,355.77,114.76,355.77
112.09,295.85,277.84,295.85,277.84,357.27,112.09,357.27
114.87,295.25,279.19,295.25,279.19,356.14,114.87,356.14
122.58,295.76,287.22,295.76,287.22,356.76,122.58,356.76
116.47,296.26,280.42,296.26,280.42,357.02,116.47,357.02
114.76,296.7,279.48,296.7,279.48,357.74,114.76,357.74
117.36,296.44,283.39,296.44,283.39,357.96,117.36,357.96
125.61,296.91,291.6,296.91,291.6,358.42,125.61,358.42
124.86,297.05,290.37,297.05,290.37,358.39,124.86,358.39
117.42,297.24,283.67,297.24,283.67,358.85,117.42,358.85
118.72,296.44,286.23,296.44,286.23,358.51,118.72,358.51
124.22,297.11,290.75,297.11,290.75,358.82,124.22,358.82
127.13,296.97,295.46,296.97,295.46,359.35,127.13,359.35
125.04,297.7,293.08,297.7,293.08,359.97,125.04,359.97
121.18,297.45,289.01,297.45,289.01,359.64,121.18,359.64
126.21,297.89,295.04,297.89,295.04,360.46,126.21,360.46
130.34,297.79,298.94,297.79,298.94,360.27,130.34,360.27
131.76,298.69,300.36,298.69,300.36,361.17,131.76,361.17
124.33,299.01,293.72,299.01,293.72,361.78,124.33,361.78
122.34,298.63,292.85,298.63,292.85,361.81,122.34,361.81
128.13,299.16,296.65,299.16,296.65,361.6,128.13,361.6
135.91,300.2,302.95,300.2,302.95,362.1,135.91,362.1
132.33,299.73,301.66,299.73,301.66,362.48,132.33,362.48
126.07,300.66,296.12,300.66,296.12,363.67,126.07,363.67
129.85,300.76,299.61,300.76,299.61,363.67,129.85,363.67
134.82,301.27,302.51,301.27,302.51,363.41,134.82,363.41
135.59,301.91,304.65,301.91,304.65,364.56,135.59,364.56
132.24,301.88,300.99,301.88,300.99,364.42,132.24,364.42
130.65,302.63,298.83,302.63,298.83,364.95,130.65,364.95
137.7,303.83,305.6,303.83,305.6,366.05,137.7,366.05
141.72,305.1,309.03,305.1,309.03,367.1,141.72,367.1
134.93,304.24,303.79,304.24,303.79,366.81,134.93,366.81
131.28,304.87,300.31,304.87,300.31,367.5,131.28,367.5
137.45,305.95,305.74,305.95,305.74,368.31,137.45,368.31
134.85,302.9,304.42,302.9,304.42,365.74,134.85,365.74
140.72,306.21,310.62,306.21,310.62,369.17,140.72,369.17
132.77,307.03,302.45,307.03,302.45,369.91,132.77,369.91
130.55,307.16,300.11,307.16,300.11,369.99,130.55,369.99
134.48,305.2,304.51,305.2,304.51,368.2,134.48,368.2
141.29,309.81,310.01,309.81,310.01,372.33,141.29,372.33
133.84,308.76,303.1,308.76,303.1,371.48,133.84,371.48
127.85,309.24,297.41,309.24,297.41,372.07,127.85,372.07
132.54,307.33,303.4,307.33,303.4,370.65,132.54,370.65
135.74,309.2,307.42,309.2,307.42,372.82,135.74,372.82
125.2,307.98,297.89,307.98,297.89,371.98,125.2,371.98
121.9,310.06,293.87,310.06,293.87,373.79,121.9,373.79
122.9,309.14,294.58,309.14,294.58,372.76,122.9,372.76
128.46,309.3,301.26,309.3,301.26,373.33,128.46,373.33
126.75,309.56,301.13,309.56,301.13,374.17,126.75,374.17
118.37,310.53,292.42,310.53,292.42,375.03,118.37,375.03
121.26,310.73,294.84,310.73,294.84,375.05,121.26,375.05
124.2,312.31,299,312.31,299,377.08,124.2,377.08
123.32,312.8,298.94,312.8,298.94,377.87,123.32,377.87
120.29,312.33,296.36,312.33,296.36,377.57,120.29,377.57
114.11,312.74,289.98,312.74,289.98,377.91,114.11,377.91
117.11,312.11,292.59,312.11,292.59,377.14,117.11,377.14
121.91,314.72,297.15,314.72,297.15,379.66,121.91,379.66
117.13,314.57,294.42,314.57,294.42,380.26,117.13,380.26
108.68,314.22,285.61,314.22,285.61,379.78,108.68,379.78
110.48,314.23,288.34,314.23,288.34,380.14,110.48,380.14
115.18,314.94,292.75,314.94,292.75,380.74,115.18,380.74
116.33,316.87,294.37,316.87,294.37,382.85,116.33,382.85
110.85,319.46,289.39,319.46,289.39,385.62,110.85,385.62
103.63,319.36,283.19,319.36,283.19,385.9,103.63,385.9
109.66,320.1,288.88,320.1,288.88,386.51,109.66,386.51
112.59,320.43,291.8,320.43,291.8,386.83,112.59,386.83
111.66,321.78,291.44,321.78,291.44,388.4,111.66,388.4
101.08,321.65,282.27,321.65,282.27,388.79,101.08,388.79
103.63,324.88,284.99,324.88,284.99,392.08,103.63,392.08
104.69,324.93,287.29,324.93,287.29,392.6,104.69,392.6
105.06,326.44,288.59,326.44,288.59,394.45,105.06,394.45
98.677,326.21,283.7,326.21,283.7,394.77,98.677,394.77
91.772,325.85,277.4,325.85,277.4,394.64,91.772,394.64
94.896,327.15,279.77,327.15,279.77,395.66,94.896,395.66
98.27,329.04,284.7,329.04,284.7,398.12,98.27,398.12
90.661,329.88,277.49,329.88,277.49,399.11,90.661,399.11
86.742,331.64,274.46,331.64,274.46,401.2,86.742,401.2
88.287,331.99,276.18,331.99,276.18,401.62,88.287,401.62
91.558,331.11,278.57,331.11,278.57,400.41,91.558,400.41
94.624,334.82,280.97,334.82,280.97,403.87,94.624,403.87
88.407,332.07,275.9,332.07,275.9,401.55,88.407,401.55
86.115,334.62,272.02,334.62,272.02,403.51,86.115,403.51
89.064,337.49,276.07,337.49,276.07,406.79,89.064,406.79
92.095,337.89,279.21,337.89,279.21,407.23,92.095,407.23
85.939,338.71,274.57,338.71,274.57,408.61,85.939,408.61
80.659,338.18,269.46,338.18,269.46,408.14,80.659,408.14
83.012,339.83,272.92,339.83,272.92,410.2,83.012,410.2
85.399,341.04,276.25,341.04,276.25,411.76,85.399,411.76
84.202,340.72,275.5,340.72,275.5,411.61,84.202,411.61
73.961,343.16,267.77,343.16,267.77,414.98,73.961,414.98
71.15,342.58,265.51,342.58,265.51,414.6,71.15,414.6
77.737,344.07,271.24,344.07,271.24,415.78,77.737,415.78
75.796,346.27,269.45,346.27,269.45,418.03,75.796,418.03
69.526,346.25,264.47,346.25,264.47,418.49,69.526,418.49
65.975,347.6,262.43,347.6,262.43,420.4,65.975,420.4
71.331,349.65,269.25,349.65,269.25,422.99,71.331,422.99
69.403,351.58,267.63,351.58,267.63,425.04,69.403,425.04
58.698,350.89,258.81,350.89,258.81,425.05,58.698,425.05
57.982,351.43,258.73,351.43,258.73,425.82,57.982,425.82
61.3,354.14,263.51,354.14,263.51,429.07,61.3,429.07
61.504,354.14,265.65,354.14,265.65,429.78,61.504,429.78
55.843,354.51,261.7,354.51,261.7,430.79,55.843,430.79
49.946,356.15,255.93,356.15,255.93,432.47,49.946,432.47
51.557,357.38,259.69,357.38,259.69,434.5,51.557,434.5
54.968,358.19,264.28,358.19,264.28,435.75,54.968,435.75
50.781,359.96,260.77,359.96,260.77,437.77,50.781,437.77
37.592,367.81,249.56,367.81,249.56,446.36,37.592,446.36
16.928,370.7,232.34,370.7,232.34,450.53,16.928,450.53
6.9308,374.24,223.16,374.24,223.16,454.36,6.9308,454.36
0.04287,373,218.74,373,218.74,454.04,0.04287,454.04
4.6866,376.68,225.22,376.68,225.22,458.4,4.6866,458.4
9.7277,379.25,231.12,379.25,231.12,461.29,9.7277,461.29
1.1749,380.22,222.31,380.22,222.31,462.16,1.1749,462.16
-0.83907,381.35,221.51,381.35,221.51,463.74,-0.83907,463.74
3.0521,382.54,226.21,382.54,226.21,465.23,3.0521,465.23
6.7395,387.24,230.57,387.24,230.57,470.18,6.7395,470.18
0.092644,388.88,225.36,388.88,225.36,472.35,0.092644,472.35
