1
103.93,268.28,253.07,268.28,253.07,392.72,103.93,392.72
101.03,265.94,250.97,265.94,250.97,391.06,101.03,391.06
99.901,265.25,249.1,265.25,249.1,389.75,99.901,389.75
98.064,264.3,245.94,264.3,245.94,387.7,98.064,387.7
96.779,263.99,243.51,263.99,243.51,386.43,96.779,386.43
96.139,263.9,240.92,263.9,240.92,384.71,96.139,384.71
95.213,263.11,238.47,263.11,238.47,382.65,95.213,382.65
92.682,260.98,233.79,260.98,233.79,378.73,92.682,378.73
91.19,259.94,231.7,259.94,231.7,377.19,91.19,377.19
90.95,260.76,230.14,260.76,230.14,376.91,90.95,376.91
88.911,259.83,227.32,259.83,227.32,375.33,88.911,375.33
88.239,259.4,226.52,259.4,226.52,374.79,88.239,374.79
86.624,258.01,223.75,258.01,223.75,372.44,86.624,372.44
84.955,256.12,221.78,256.12,221.78,370.29,84.955,370.29
84.374,256.09,220.38,256.09,220.38,369.58,84.374,369.58
83.037,255.75,218.07,255.75,218.07,368.43,83.037,368.43
82.259,255.58,217,255.58,217,368.01,82.259,368.01
82.241,255.78,216.51,255.78,216.51,367.83,82.241,367.83
80.159,254.15,213.88,254.15,213.88,365.74,80.159,365.74
79.433,252.72,212.33,252.72,212.33,363.62,79.433,363.62
78.703,252.27,210.83,252.27,210.83,362.52,78.703,362.52
78.375,252.32,209.17,252.32,209.17,361.46,78.375,361.46
77.763,252.61,208.31,252.61,208.31,361.54,77.763,361.54
77.761,251.93,207.11,251.93,207.11,359.86,77.761,359.86
76.519,250.18,204.96,250.18,204.96,357.36,76.519,357.36
75.91,249,203.86,249,203.86,355.77,75.91,355.77
74.965,247.82,202.51,247.82,202.51,354.25,74.965,354.25
74.595,247.56,201.38,247.56,201.38,353.35,74.595,353.35
74.019,247.57,200.33,247.57,200.33,352.97,74.019,352.97
73.58,246.47,198.9,246.47,198.9,351.04,73.58,351.04
73.574,246.1,197.31,246.1,197.31,349.36,73.574,349.36
72.917,245.22,197.14,245.22,197.14,348.88,72.917,348.88
73.231,244.26,196.18,244.26,196.18,346.85,73.231,346.85
72.929,243.9,194.85,243.9,194.85,345.64,72.929,345.64
72.505,243.6,193.97,243.6,193.97,344.96,72.505,344.96
72.659,243.8,193.93,243.8,193.93,344.99,72.659,344.99
72.564,242.31,192.83,242.31,192.83,342.67,72.564,342.67
72.407,241.43,192.28,241.43,192.28,341.46,72.407,341.46
71.767,240.58,191.24,240.58,191.24,340.27,71.767,340.27
72.87,240.97,191.47,240.97,191.47,339.94,72.87,339.94
72.467,240.64,190.37,240.64,190.37,339.02,72.467,339.02
72.209,239.91,189.24,239.91,189.24,337.56,72.209,337.56
72.019,238.47,188.51,238.47,188.51,335.67,72.019,335.67
72.444,238.56,188.88,238.56,188.88,335.72,72.444,335.72
72.672,238.1,188.77,238.1,188.77,334.98,72.672,334.98
72.535,237,188.45,237,188.45,333.72,72.535,333.72
71.791,236.01,186.79,236.01,186.79,331.98,71.791,331.98
72.084,235.88,186.34,235.88,186.34,331.21,72.084,331.21
72.443,235.46,186.67,235.46,186.67,330.78,72.443,330.78
73.048,234.49,186.41,234.49,186.41,329.09,73.048,329.09
73.338,234.6,186.16,234.6,186.16,328.74,73.338,328.74
73.526,234.21,186.06,234.21,186.06,328.1,73.526,328.1
73.589,233.52,185.38,233.52,185.38,326.79,73.589,326.79
73.478,232.7,185.02,232.7,185.02,325.78,73.478,325.78
73.31,231.7,183.77,231.7,183.77,323.87,73.31,323.87
73.563,230.66,182.85,230.66,182.85,321.86,73.563,321.86
74.41,231.25,183.26,231.25,183.26,322.07,74.41,322.07
74.466,230.61,182.13,230.61,182.13,320.45,74.466,320.45
75.25,230.98,182.62,230.98,182.62,320.57,75.25,320.57
74.509,229.46,181.57,229.46,181.57,318.8,74.509,318.8
74.782,228.65,181.27,228.65,181.27,317.51,74.782,317.51
75.406,227.86,181.15,227.86,181.15,316.09,75.406,316.09
76.074,227.57,181.51,227.57,181.51,315.55,76.074,315.55
76.135,227.53,181.35,227.53,181.35,315.32,76.135,315.32
76.658,227.37,181.76,227.37,181.76,315.07,76.658,315.07
76.644,226.58,181.59,226.58,181.59,314.16,76.644,314.16
76.245,225.78,180.87,225.78,180.87,313.08,76.245,313.08
76.818,225.95,181.12,225.95,181.12,312.99,76.818,312.99
76.406,224.69,180.49,224.69,180.49,311.54,76.406,311.54
77.071,225.19,180.46,225.19,180.46,311.47,77.071,311.47
77.276,224.9,180.16,224.9,180.16,310.75,77.276,310.75
77.732,224.04,180.17,224.04,180.17,309.51,77.732,309.51
77.665,223.39,179.95,223.39,179.95,308.74,77.665,308.74
77.751,222.68,179.95,222.68,179.95,307.96,77.751,307.96
78.154,221.84,179.82,221.84,179.82,306.68,78.154,306.68
78.917,222.58,179.62,222.58,179.62,306.61,78.917,306.61
79.36,222.31,179.99,222.31,179.99,306.28,79.36,306.28
79.291,221.25,179.62,221.25,179.62,304.97,79.291,304.97
79.152,220.46,179.26,220.46,179.26,304,79.152,304
79.626,219.33,179.03,219.33,179.03,302.28,79.626,302.28
79.742,218.93,178.63,218.93,178.63,301.45,79.742,301.45
80.19,218.84,178.53,218.84,178.53,300.9,80.19,300.9
80.546,219.06,178.57,219.06,178.57,300.85,80.546,300.85
81.521,218.95,179.01,218.95,179.01,300.3,81.521,300.3
80.572,217.64,177.9,217.64,177.9,298.86,80.572,298.86
81.09,216.81,177.88,216.81,177.88,297.58,81.09,297.58
81.515,215.8,177.89,215.8,177.89,296.22,81.515,296.22
81.487,215.24,177.4,215.24,177.4,295.28,81.487,295.28
82.345,215.52,177.5,215.52,177.5,294.92,82.345,294.92
82.849,215.66,177.61,215.66,177.61,294.73,82.849,294.73
82.901,215.04,177.06,215.04,177.06,293.61,82.901,293.61
83.269,213.98,176.77,213.98,176.77,292,83.269,292
83.691,213.24,176.69,213.24,176.69,290.85,83.691,290.85
84.048,213.3,177.12,213.3,177.12,290.96,84.048,290.96
84.484,213.21,177.17,213.21,177.17,290.55,84.484,290.55
84.813,212.78,176.98,212.78,176.98,289.69,84.813,289.69
84.797,211.98,176.59,211.98,176.59,288.58,84.797,288.58
84.768,211.15,176.25,211.15,176.25,287.49,84.768,287.49
85.378,210.03,176.42,210.03,176.42,286,85.378,286
85.426,209.92,176.25,209.92,176.25,285.71,85.426,285.71
85.853,209.81,176.29,209.81,176.29,285.27,85.853,285.27
86.5,210.02,176.42,210.02,176.42,285.05,86.5,285.05
87.024,209.55,176.5,209.55,176.5,284.21,87.024,284.21
86.652,208.79,176.06,208.79,176.06,283.39,86.652,283.39
86.713,207.11,175.86,207.11,175.86,281.5,86.713,281.5
88.12,207.73,176.73,207.73,176.73,281.67,88.12,281.67
87.934,207.64,176.44,207.64,176.44,281.49,87.934,281.49
88.662,207.54,176.86,207.54,176.86,281.14,88.662,281.14
88.561,206.99,176.3,206.99,176.3,280.2,88.561,280.2
88.762,206.59,176.05,206.59,176.05,279.43,88.762,279.43
88.701,205.76,175.67,205.76,175.67,278.33,88.701,278.33
90.097,205.13,176.55,205.13,176.55,277.27,90.097,277.27
90.763,205.25,176.78,205.25,176.78,277.03,90.763,277.03
91.461,205.22,177.08,205.22,177.08,276.66,91.461,276.66
91.659,205.31,176.5,205.31,176.5,276.1,91.659,276.1
91.588,204.75,176.23,204.75,176.23,275.37,91.588,275.37
92.159,204.04,176.46,204.04,176.46,274.39,92.159,274.39
92.72,203.33,176.27,203.33,176.27,273.05,92.72,273.05
93.7,203.24,177.17,203.24,177.17,272.89,93.7,272.89
94.461,203.03,177.63,203.03,177.63,272.42,94.461,272.42
94.053,202.45,177.14,202.45,177.14,271.78,94.053,271.78
94.849,202.1,177.83,202.1,177.83,271.34,94.849,271.34
95.464,202.19,177.97,202.19,177.97,271.03,95.464,271.03
96.442,201.73,178.48,201.73,178.48,270.18,96.442,270.18
96.805,200.55,178.64,200.55,178.64,268.84,96.805,268.84
97.351,199.67,179.26,199.67,179.26,268.01,97.351,268.01
98.318,199.94,179.96,199.94,179.96,268.06,98.318,268.06
98.96,199.33,180.22,199.33,180.22,267.14,98.96,267.14
99.827,198.95,181.17,198.95,181.17,266.83,99.827,266.83
99.977,198.63,181.17,198.63,181.17,266.38,99.977,266.38
101.03,197.89,181.88,197.89,181.88,265.35,101.03,265.35
101.77,197.68,181.98,197.68,181.98,264.62,101.77,264.62
102.89,197.25,183.06,197.25,183.06,264.14,102.89,264.14
103.5,197.54,183.13,197.54,183.13,263.99,103.5,263.99
104.59,197.3,183.64,197.3,183.64,263.27,104.59,263.27
105.84,196.75,184.79,196.75,184.79,262.63,105.84,262.63
105.93,196.07,184.66,196.07,184.66,261.76,105.93,261.76
106.17,195.31,184.77,195.31,184.77,260.9,106.17,260.9
106.58,194.89,185.16,194.89,185.16,260.47,106.58,260.47
108.8,194.78,187.18,194.78,187.18,260.17,108.8,260.17
110.72,194.81,188.66,194.81,188.66,259.85,110.72,259.85
111.12,194.75,188.57,194.75,188.57,259.38,111.12,259.38
112.5,194.21,189.43,194.21,189.43,258.41,112.5,258.41
113.03,192.95,189.72,192.95,189.72,256.94,113.03,256.94
114.36,192.43,190.81,192.43,190.81,256.23,114.36,256.23
115.14,192.88,191.28,192.88,191.28,256.42,115.14,256.42
115.33,192.62,191.42,192.62,191.42,256.11,115.33,256.11
116.65,192.52,192.78,192.52,192.78,256.04,116.65,256.04
117.38,191.75,193.44,191.75,193.44,255.22,117.38,255.22
118.54,190.87,194.37,190.87,194.37,254.14,118.54,254.14
119.47,190.43,194.64,190.43,194.64,253.16,119.47,253.16
121.1,190.18,196.16,190.18,196.16,252.81,121.1,252.81
121.83,190.52,196.94,190.52,196.94,253.19,121.83,253.19
122.41,190.46,197.49,190.46,197.49,253.11,122.41,253.11
124.49,190.26,199.33,190.26,199.33,252.72,124.49,252.72
125.4,189.73,199.91,189.73,199.91,251.9,125.4,251.9
126.56,188.38,200.68,188.38,200.68,250.22,126.56,250.22
127.48,188.44,201.33,188.44,201.33,250.06,127.48,250.06
129.12,188.98,202.86,188.98,202.86,250.51,129.12,250.51
129.94,188.98,203.65,188.98,203.65,250.49,129.94,250.49
131.14,188.48,204.64,188.48,204.64,249.81,131.14,249.81
132.57,188.06,205.74,188.06,205.74,249.12,132.57,249.12
133.17,186.09,205.95,186.09,205.95,246.82,133.17,246.82
135.18,186.31,207.37,186.31,207.37,246.55,135.18,246.55
136.05,186.46,208.12,186.46,208.12,246.6,136.05,246.6
136.71,187.05,208.58,187.05,208.58,247.02,136.71,247.02
139.08,187.47,210.59,187.47,210.59,247.15,139.08,247.15
139.73,187.06,210.87,187.06,210.87,246.42,139.73,246.42
141.09,185.11,212.04,185.11,212.04,244.31,141.09,244.31
142.3,184.65,213.01,184.65,213.01,243.66,142.3,243.66
143.62,184.89,213.9,184.89,213.9,243.53,143.62,243.53
145.01,185.57,215.22,185.57,215.22,244.15,145.01,244.15
146.04,185.5,216.29,185.5,216.29,244.12,146.04,244.12
147.19,185.43,217,185.43,217,243.68,147.19,243.68
148.69,184.44,218.13,184.44,218.13,242.38,148.69,242.38
149.91,183.33,218.94,183.33,218.94,240.92,149.91,240.92
150.66,182.43,219.66,182.43,219.66,240.01,150.66,240.01
152.68,183.55,221.45,183.55,221.45,240.94,152.68,240.94
154.17,183.94,222.55,183.94,222.55,241.01,154.17,241.01
154.83,183.96,223.06,183.96,223.06,240.9,154.83,240.9
155.85,183.15,223.99,183.15,223.99,240.01,155.85,240.01
157.15,182.23,225.27,182.23,225.27,239.07,157.15,239.07
157.92,181.82,225.77,181.82,225.77,238.44,157.92,238.44
159.39,181.51,227.66,181.51,227.66,238.48,159.39,238.48
160.71,182.06,228.47,182.06,228.47,238.6,160.71,238.6
161.5,182.12,228.6,182.12,228.6,238.1,161.5,238.1
163.51,181.19,230.55,181.19,230.55,237.13,163.51,237.13
164.09,180.64,231.19,180.64,231.19,236.62,164.09,236.62
166.08,180.18,232.85,180.18,232.85,235.89,166.08,235.89
166.74,179.85,233.72,179.85,233.72,235.74,166.74,235.74
167.58,179.67,234.43,179.67,234.43,235.45,167.58,235.45
169.16,179.72,235.86,179.72,235.86,235.38,169.16,235.38
169.91,179.51,236.24,179.51,236.24,234.86,169.91,234.86
171.55,179.18,237.78,179.18,237.78,234.44,171.55,234.44
172.99,178.91,238.58,178.91,238.58,233.64,172.99,233.64
174.27,178.77,239.54,178.77,239.54,233.24,174.27,233.24
175.68,178.33,241.26,178.33,241.26,233.04,175.68,233.04
176.36,178.08,241.77,178.08,241.77,232.66,176.36,232.66
177.68,178.18,242.96,178.18,242.96,232.66,177.68,232.66
179.17,178,243.97,178,243.97,232.08,179.17,232.08
180.43,177.72,245.4,177.72,245.4,231.93,180.43,231.93
181.01,177.23,245.64,177.23,245.64,231.16,181.01,231.16
181.98,175.6,246.61,175.6,246.61,229.52,181.98,229.52
182.92,175.55,247.48,175.55,247.48,229.42,182.92,229.42
185.13,175.84,250.15,175.84,250.15,230.1,185.13,230.1
186.01,176.31,250.11,176.31,250.11,229.8,186.01,229.8
187.8,175.78,251.47,175.78,251.47,228.9,187.8,228.9
189.02,175.19,252.4,175.19,252.4,228.08,189.02,228.08
189.63,174.93,252.56,174.93,252.56,227.45,189.63,227.45
190.75,174.26,254.28,174.26,254.28,227.27,190.75,227.27
192.48,175.21,255.22,175.21,255.22,227.57,192.48,227.57
194.46,175.48,257.35,175.48,257.35,227.95,194.46,227.95
195.36,175.22,257.82,175.22,257.82,227.34,195.36,227.34
196.05,174.48,258.36,174.48,258.36,226.48,196.05,226.48
196.86,173.51,259.04,173.51,259.04,225.4,196.86,225.4
198.29,173.11,260.31,173.11,260.31,224.86,198.29,224.86
198.63,172.83,260.98,172.83,260.98,224.86,198.63,224.86
200.76,173.76,262.78,173.76,262.78,225.51,200.76,225.51
201.99,173.71,263.52,173.71,263.52,225.05,201.99,225.05
203.49,173.59,264.68,173.59,264.68,224.65,203.49,224.65
204.19,173.11,265.02,173.11,265.02,223.87,204.19,223.87
205.85,172.24,266.59,172.24,266.59,222.92,205.85,222.92
206.29,172.12,267,172.12,267,222.78,206.29,222.78
208.89,173.07,269.38,173.07,269.38,223.54,208.89,223.54
208.63,172.41,269.39,172.41,269.39,223.1,208.63,223.1
209.96,172.51,270.58,172.51,270.58,223.09,209.96,223.09
210.59,169.97,271.01,169.97,271.01,220.39,210.59,220.39
211.33,169.36,271.68,169.36,271.68,219.71,211.33,219.71
212.95,170.19,272.84,170.19,272.84,220.16,212.95,220.16
214.95,171.3,274.38,171.3,274.38,220.88,214.95,220.88
215.76,171.44,274.98,171.44,274.98,220.85,215.76,220.85
216.98,171.39,276.04,171.39,276.04,220.68,216.98,220.68
217.73,170.23,276.46,170.23,276.46,219.24,217.73,219.24
218.98,170.03,277.49,170.03,277.49,218.85,218.98,218.85
219.48,169.58,278.05,169.58,278.05,218.45,219.48,218.45
221.31,170.02,280.05,170.02,280.05,219.04,221.31,219.04
222.61,170.72,280.91,170.72,280.91,219.37,222.61,219.37
223.54,170.24,281.53,170.24,281.53,218.63,223.54,218.63
223.78,168.63,282.17,168.63,282.17,217.36,223.78,217.36
224.77,168.61,283.06,168.61,283.06,217.25,224.77,217.25
226.49,168.68,284.6,168.68,284.6,217.17,226.49,217.17
227.79,169.33,285.6,169.33,285.6,217.56,227.79,217.56
228.55,169.34,285.87,169.34,285.87,217.17,228.55,217.17
229.94,168.95,287,168.95,287,216.56,229.94,216.56
230.6,168.55,287.25,168.55,287.25,215.82,230.6,215.82
231.55,168.27,288.03,168.27,288.03,215.4,231.55,215.4
232.59,168.02,289.1,168.02,289.1,215.17,232.59,215.17
233.9,167.88,290.3,167.88,290.3,214.94,233.9,214.94
234.01,167.55,290.43,167.55,290.43,214.63,234.01,214.63
235.37,167.09,291.6,167.09,291.6,214.01,235.37,214.01
235.97,167.03,291.97,167.03,291.97,213.76,235.97,213.76
236.62,166.8,292.69,166.8,292.69,213.58,236.62,213.58
237.33,166.48,293.58,166.48,293.58,213.42,237.33,213.42
239.11,166.96,294.79,166.96,294.79,213.41,239.11,213.41
239.85,166.32,295.46,166.32,295.46,212.73,239.85,212.73
240.64,166.35,296.16,166.35,296.16,212.68,240.64,212.68
241.72,165.97,297.06,165.97,297.06,212.15,241.72,212.15
242.89,165.69,298.44,165.69,298.44,212.04,242.89,212.04
243.08,165.62,299.08,165.62,299.08,212.35,243.08,212.35
244.8,165.25,300.34,165.25,300.34,211.59,244.8,211.59
245.22,165.25,300.5,165.25,300.5,211.38,245.22,211.38
245.46,164.74,301.07,164.74,301.07,211.13,245.46,211.13
246.72,165.07,301.77,165.07,301.77,211,246.72,211
247.64,164.63,302.46,164.63,302.46,210.37,247.64,210.37
248.89,165.04,303.71,165.04,303.71,210.78,248.89,210.78
250.18,165.02,304.68,165.02,304.68,210.49,250.18,210.49
251.43,165.04,305.5,165.04,305.5,210.16,251.43,210.16
252.56,164,306.52,164,306.52,209.02,252.56,209.02
253.02,163.84,306.84,163.84,306.84,208.75,253.02,208.75
255.02,164.7,308.73,164.7,308.73,209.52,255.02,209.52
255.27,164.26,309.11,164.26,309.11,209.18,255.27,209.18
256.26,164.7,309.72,164.7,309.72,209.31,256.26,209.31
256.35,163.3,309.76,163.3,309.76,207.87,256.35,207.87
257.25,163.1,310.51,163.1,310.51,207.54,257.25,207.54
257.81,162.66,311.09,162.66,311.09,207.13,257.81,207.13
259.22,163.21,312.29,163.21,312.29,207.49,259.22,207.49
259.97,163.12,312.83,163.12,312.83,207.23,259.97,207.23
260.85,163.21,313.65,163.21,313.65,207.27,260.85,207.27
261.66,162.84,314.49,162.84,314.49,206.92,261.66,206.92
262.97,162.28,315.27,162.28,315.27,205.91,262.97,205.91
263.87,162.38,315.77,162.38,315.77,205.68,263.87,205.68
265.31,162.62,317.07,162.62,317.07,205.8,265.31,205.8
266.11,162.88,317.89,162.88,317.89,206.08,266.11,206.08
267.45,162.51,319.07,162.51,319.07,205.58,267.45,205.58
267.76,161.78,319.53,161.78,319.53,204.98,267.76,204.98
267.95,161.04,319.65,161.04,319.65,204.18,267.95,204.18
268.51,160.78,320.13,160.78,320.13,203.85,268.51,203.85
269.21,161.29,321.05,161.29,321.05,204.55,269.21,204.55
269.98,161.27,322.07,161.27,322.07,204.73,269.98,204.73
271.05,161.73,322.53,161.73,322.53,204.69,271.05,204.69
271.71,160.62,322.98,160.62,322.98,203.41,271.71,203.41
272.28,160.51,323.39,160.51,323.39,203.17,272.28,203.17
272.99,160.12,323.83,160.12,323.83,202.54,272.99,202.54
274.01,160.17,324.75,160.17,324.75,202.51,274.01,202.51
275.46,160.64,325.91,160.64,325.91,202.74,275.46,202.74
275.57,160.65,326.06,160.65,326.06,202.78,275.57,202.78
276.34,160.48,326.7,160.48,326.7,202.5,276.34,202.5
277.9,160.28,328.22,160.28,328.22,202.27,277.9,202.27
