1
372.05,120.07,406.95,120.07,406.95,169.93,372.05,169.93
372.07,120.11,406.93,120.11,406.93,169.89,372.07,169.89
372.01,120.01,406.99,120.01,406.99,169.99,372.01,169.99
372.02,120.02,406.98,120.02,406.98,169.98,372.02,169.98
372.1,120.14,406.9,120.14,406.9,169.86,372.1,169.86
372,119.99,407,119.99,407,170.01,372,170.01
372.09,120.14,406.91,120.14,406.91,169.86,372.09,169.86
372.07,120.1,406.93,120.1,406.93,169.9,372.07,169.9
372.04,120.05,406.96,120.05,406.96,169.95,372.04,169.95
372.14,120.21,406.86,120.21,406.86,169.79,372.14,169.79
372.16,120.24,406.84,120.24,406.84,169.76,372.16,169.76
372.28,120.4,406.72,120.4,406.72,169.6,372.28,169.6
372.3,119.94,406.7,119.94,406.7,169.06,372.3,169.06
372.21,120.3,406.79,120.3,406.79,169.7,372.21,169.7
372.15,120.21,406.85,120.21,406.85,169.79,372.15,169.79
372.04,120.06,406.96,120.06,406.96,169.94,372.04,169.94
372.11,120.15,406.89,120.15,406.89,169.85,372.11,169.85
372,120.01,407,120.01,407,169.99,372,169.99
372.08,120.11,406.92,120.11,406.92,169.89,372.08,169.89
372.02,120.03,406.98,120.03,406.98,169.97,372.02,169.97
372.08,120.12,406.92,120.12,406.92,169.88,372.08,169.88
371.99,119.98,407.01,119.98,407.01,170.02,371.99,170.02
372.04,120.05,406.96,120.05,406.96,169.95,372.04,169.95
372.03,120.05,406.97,120.05,406.97,169.95,372.03,169.95
373.05,120.07,407.95,120.07,407.95,169.93,373.05,169.93
373.02,120.03,407.98,120.03,407.98,169.97,373.02,169.97
373.1,120.14,407.9,120.14,407.9,169.86,373.1,169.86
373.11,120.15,407.89,120.15,407.89,169.85,373.11,169.85
371.73,120.33,406.27,120.33,406.27,169.67,371.73,169.67
372.2,119.78,406.8,119.78,406.8,169.22,372.2,169.22
373.23,117.33,407.77,117.33,407.77,166.67,373.23,166.67
373.07,117.1,407.93,117.1,407.93,166.9,373.07,166.9
372.87,116.32,408.13,116.32,408.13,166.68,372.87,166.68
372.75,116.15,408.25,116.15,408.25,166.85,372.75,166.85
372.23,116.62,407.77,116.62,407.77,167.38,372.23,167.38
372.24,117.12,407.76,117.12,407.76,167.88,372.24,167.88
372.26,118.16,407.74,118.16,407.74,168.84,372.26,168.84
371.82,119.25,407.18,119.25,407.18,169.75,371.82,169.75
372.3,120.22,407.7,120.22,407.7,170.78,372.3,170.78
371.86,120.8,407.14,120.8,407.14,171.2,371.86,171.2
371.84,120.27,407.16,120.27,407.16,170.73,371.84,170.73
371.86,120.8,407.14,120.8,407.14,171.2,371.86,171.2
371.85,120.28,407.15,120.28,407.15,170.72,371.85,170.72
371.88,120.83,407.12,120.83,407.12,171.17,371.88,171.17
371.86,120.3,407.14,120.3,407.14,170.7,371.86,170.7
371.91,120.38,407.09,120.38,407.09,170.62,371.91,170.62
371.92,120.38,407.08,120.38,407.08,170.62,371.92,170.62
371.99,120.99,407.01,120.99,407.01,171.01,371.99,171.01
372.09,121.13,406.91,121.13,406.91,170.87,372.09,170.87
372.12,121.17,406.88,121.17,406.88,170.83,372.12,170.83
372.11,121.15,406.89,121.15,406.89,170.85,372.11,170.85
372.69,121.28,407.31,121.28,407.31,170.72,372.69,170.72
373.16,121.23,407.84,121.23,407.84,170.77,373.16,170.77
373.05,121.08,407.95,121.08,407.95,170.92,373.05,170.92
371.94,120.92,407.06,120.92,407.06,171.08,371.94,171.08
371.91,120.88,407.09,120.88,407.09,171.12,371.91,171.12
371.78,120.68,407.22,120.68,407.22,171.32,371.78,171.32
372.17,120.03,407.83,120.03,407.83,170.97,372.17,170.97
372.11,119.94,407.89,119.94,407.89,171.06,372.11,171.06
372.19,120.05,407.81,120.05,407.81,170.95,372.19,170.95
372.09,119.92,407.91,119.92,407.91,171.08,372.09,171.08
372.16,120.01,407.84,120.01,407.84,170.99,372.16,170.99
372.13,119.97,407.87,119.97,407.87,171.03,372.13,171.03
372.23,120.61,407.77,120.61,407.77,171.39,372.23,171.39
371.66,120.01,407.34,120.01,407.34,170.99,371.66,170.99
372.27,120.68,407.73,120.68,407.73,171.32,372.27,171.32
372.25,120.64,407.75,120.64,407.75,171.36,372.25,171.36
371.65,121,407.35,121,407.35,172,371.65,172
372.17,121.03,407.83,121.03,407.83,171.97,372.17,171.97
371.72,121.1,407.28,121.1,407.28,171.9,371.72,171.9
372.25,121.14,407.75,121.14,407.75,171.86,372.25,171.86
371.78,121.19,407.22,121.19,407.22,171.81,371.78,171.81
372.35,121.28,407.65,121.28,407.65,171.72,372.35,171.72
372.38,121.32,407.62,121.32,407.62,171.68,372.38,171.68
371.89,121.84,407.11,121.84,407.11,172.16,371.89,172.16
371.9,121.85,407.1,121.85,407.1,172.15,371.9,172.15
370.97,122.95,406.03,122.95,406.03,173.05,370.97,173.05
371.98,121.97,407.02,121.97,407.02,172.03,371.98,172.03
372.06,122.09,406.94,122.09,406.94,171.91,372.06,171.91
372.12,122.17,406.88,122.17,406.88,171.83,372.12,171.83
372.19,121.78,406.81,121.78,406.81,171.22,372.19,171.22
372.65,122.21,407.35,122.21,407.35,171.79,372.65,171.79
372.65,122.21,407.35,122.21,407.35,171.79,372.65,171.79
372.62,122.18,407.38,122.18,407.38,171.82,372.62,171.82
372.08,122.11,406.92,122.11,406.92,171.89,372.08,171.89
372.04,121.56,406.96,121.56,406.96,171.44,372.04,171.44
372.04,122.06,406.96,122.06,406.96,171.94,372.04,171.94
372.02,122.02,406.98,122.02,406.98,171.98,372.02,171.98
372.02,122.03,406.98,122.03,406.98,171.97,372.02,171.97
372,122,407,122,407,172,372,172
371.96,121.44,407.04,121.44,407.04,171.56,371.96,171.56
371.89,121.34,407.11,121.34,407.11,171.66,371.89,171.66
371.86,121.29,407.14,121.29,407.14,171.71,371.86,171.71
372.34,121.27,407.66,121.27,407.66,171.73,372.34,171.73
371.79,121.19,407.21,121.19,407.21,171.81,371.79,171.81
372.24,121.13,407.76,121.13,407.76,171.87,372.24,171.87
371.73,121.11,407.27,121.11,407.27,171.89,371.73,171.89
371.66,121.02,407.34,121.02,407.34,171.98,371.66,171.98
372.22,121.1,407.78,121.1,407.78,171.9,372.22,171.9
371.72,121.1,407.28,121.1,407.28,171.9,371.72,171.9
371.79,121.2,407.21,121.2,407.21,171.8,371.79,171.8
371.78,121.19,407.22,121.19,407.22,171.81,371.78,171.81
371.78,121.18,407.22,121.18,407.22,171.82,371.78,171.82
371.78,121.18,407.22,121.18,407.22,171.82,371.78,171.82
372.23,121.11,407.77,121.11,407.77,171.89,372.23,171.89
371.74,121.13,407.26,121.13,407.26,171.87,371.74,171.87
371.75,121.15,407.25,121.15,407.25,171.85,371.75,171.85
371.81,121.23,407.19,121.23,407.19,171.77,371.81,171.77
372.34,121.27,407.66,121.27,407.66,171.73,372.34,171.73
372.35,121.28,407.65,121.28,407.65,171.72,372.35,171.72
371.89,121.34,407.11,121.34,407.11,171.66,371.89,171.66
371.88,121.33,407.12,121.33,407.12,171.67,371.88,171.67
371.93,121.39,407.07,121.39,407.07,171.61,371.93,171.61
371.97,120.96,407.03,120.96,407.03,171.04,371.97,171.04
372.56,121.09,407.44,121.09,407.44,170.91,372.56,170.91
372.1,121.14,406.9,121.14,406.9,170.86,372.1,170.86
372.13,121.19,406.87,121.19,406.87,170.81,372.13,170.81
367.94,123.92,403.06,123.92,403.06,174.08,367.94,174.08
360.9,126.85,396.1,126.85,396.1,177.15,360.9,177.15
355.71,129.09,391.29,129.09,391.29,179.91,355.71,179.91
346.16,134.02,381.84,134.02,381.84,184.98,346.16,184.98
341.13,134.98,376.87,134.98,376.87,186.02,341.13,186.02
333.51,139.81,369.49,139.81,369.49,191.19,333.51,191.19
331.01,140.3,366.99,140.3,366.99,191.7,331.01,191.7
324.97,144.75,361.03,144.75,361.03,196.25,324.97,196.25
323.36,146.08,359.64,146.08,359.64,197.92,323.36,197.92
318.34,149.56,354.66,149.56,354.66,201.44,318.34,201.44
316.91,150.66,353.09,150.66,353.09,202.34,316.91,202.34
314.37,152.1,350.63,152.1,350.63,203.9,314.37,203.9
311.44,153.7,347.56,153.7,347.56,205.3,311.44,205.3
310.01,154.8,345.99,154.8,345.99,206.2,310.01,206.2
309.04,155.84,344.96,155.84,344.96,207.16,309.04,207.16
308.05,156.36,343.95,156.36,343.95,207.64,308.05,207.64
308.04,155.85,343.96,155.85,343.96,207.15,308.04,207.15
308.08,155.9,343.92,155.9,343.92,207.1,308.08,207.1
308.61,156.94,344.39,156.94,344.39,208.06,308.61,208.06
308.08,156.9,343.92,156.9,343.92,208.1,308.08,208.1
308.05,156.86,343.95,156.86,343.95,208.14,308.05,208.14
308.08,156.89,343.92,156.89,343.92,208.11,308.08,208.11
308.02,156.82,343.98,156.82,343.98,208.18,308.02,208.18
307.93,157.19,344.07,157.19,344.07,208.81,307.93,208.81
307.89,157.13,344.11,157.13,344.11,208.87,307.89,208.87
307.83,157.05,344.17,157.05,344.17,208.95,307.83,208.95
307.89,156.63,344.11,156.63,344.11,208.37,307.89,208.37
307.9,157.15,344.1,157.15,344.1,208.85,307.9,208.85
307.87,157.09,344.13,157.09,344.13,208.91,307.87,208.91
307.38,156.61,343.62,156.61,343.62,208.39,307.38,208.39
307.32,157.03,343.68,157.03,343.68,208.97,307.32,208.97
307.32,157.03,343.68,157.03,343.68,208.97,307.32,208.97
307.8,156.99,344.2,156.99,344.2,209.01,307.8,209.01
307.82,157.03,344.18,157.03,344.18,208.97,307.82,208.97
307.8,157,344.2,157,344.2,209,307.8,209
307.92,157.67,344.08,157.67,344.08,209.33,307.92,209.33
307.35,157.07,343.65,157.07,343.65,208.93,307.35,208.93
307.24,155.91,343.76,155.91,343.76,208.09,307.24,208.09
308.08,155.19,344.92,155.19,344.92,207.81,308.08,207.81
307.98,155.05,345.02,155.05,345.02,207.95,307.98,207.95
307.34,154.84,344.66,154.84,344.66,208.16,307.34,208.16
306.32,155.82,343.68,155.82,343.68,209.18,306.32,209.18
306.87,157.38,344.13,157.38,344.13,210.62,306.87,210.62
306.9,156.92,344.1,156.92,344.1,210.08,306.9,210.08
308.06,155.16,344.94,155.16,344.94,207.84,308.06,207.84
308.15,156.29,344.85,156.29,344.85,208.71,308.15,208.71
307.17,156.32,343.83,156.32,343.83,208.68,307.17,208.68
307.23,155.9,343.77,155.9,343.77,208.1,307.23,208.1
307.83,156.04,344.17,156.04,344.17,207.96,307.83,207.96
307.83,156.05,344.17,156.05,344.17,207.95,307.83,207.95
307.89,156.12,344.11,156.12,344.11,207.88,307.89,207.88
307.86,156.08,344.14,156.08,344.14,207.92,307.86,207.92
307.88,156.11,344.12,156.11,344.12,207.89,307.88,207.89
307.85,156.07,344.15,156.07,344.15,207.93,307.85,207.93
307.87,156.1,344.13,156.1,344.13,207.9,307.87,207.9
307.86,156.08,344.14,156.08,344.14,207.92,307.86,207.92
307.89,156.13,344.11,156.13,344.11,207.87,307.89,207.87
307.88,156.12,344.12,156.12,344.12,207.88,307.88,207.88
307.85,156.07,344.15,156.07,344.15,207.93,307.85,207.93
307.83,156.05,344.17,156.05,344.17,207.95,307.83,207.95
307.89,156.12,344.11,156.12,344.11,207.88,307.89,207.88
307.93,156.18,344.07,156.18,344.07,207.82,307.93,207.82
307.91,156.16,344.09,156.16,344.09,207.84,307.91,207.84
307.88,156.12,344.12,156.12,344.12,207.88,307.88,207.88
307.85,156.07,344.15,156.07,344.15,207.93,307.85,207.93
307.83,156.05,344.17,156.05,344.17,207.95,307.83,207.95
307.86,156.09,344.14,156.09,344.14,207.91,307.86,207.91
307.85,156.07,344.15,156.07,344.15,207.93,307.85,207.93
307.88,156.11,344.12,156.11,344.12,207.89,307.88,207.89
307.37,156.1,343.63,156.1,343.63,207.9,307.37,207.9
307.86,156.08,344.14,156.08,344.14,207.92,307.86,207.92
307.33,156.05,343.67,156.05,343.67,207.95,307.33,207.95
307.28,155.98,343.72,155.98,343.72,208.02,307.28,208.02
307.73,155.91,344.27,155.91,344.27,208.09,307.73,208.09
307.67,155.81,344.33,155.81,344.33,208.19,307.67,208.19
307.13,155.76,343.87,155.76,343.87,208.24,307.13,208.24
307.12,155.75,343.88,155.75,343.88,208.25,307.12,208.25
307.13,155.76,343.87,155.76,343.87,208.24,307.13,208.24
307.11,155.73,343.89,155.73,343.89,208.27,307.11,208.27
307.18,155.83,343.82,155.83,343.82,208.17,307.18,208.17
307.23,155.9,343.77,155.9,343.77,208.1,307.23,208.1
307.73,155.9,344.27,155.9,344.27,208.1,307.73,208.1
307.73,155.9,344.27,155.9,344.27,208.1,307.73,208.1
307.75,155.92,344.25,155.92,344.25,208.08,307.75,208.08
307.75,155.93,344.25,155.93,344.25,208.07,307.75,208.07
307.74,155.92,344.26,155.92,344.26,208.08,307.74,208.08
307.75,155.93,344.25,155.93,344.25,208.07,307.75,208.07
307.71,155.87,344.29,155.87,344.29,208.13,307.71,208.13
307.68,155.83,344.32,155.83,344.32,208.17,307.68,208.17
307.18,155.82,343.82,155.82,343.82,208.18,307.18,208.18
307.13,155.76,343.87,155.76,343.87,208.24,307.13,208.24
307.13,155.75,343.87,155.75,343.87,208.25,307.13,208.25
307.1,155.71,343.9,155.71,343.9,208.29,307.1,208.29
307.6,156.22,344.4,156.22,344.4,208.78,307.6,208.78
307.08,156.18,343.92,156.18,343.92,208.82,307.08,208.82
307.06,156.16,343.94,156.16,343.94,208.84,307.06,208.84
307.06,156.16,343.94,156.16,343.94,208.84,307.06,208.84
307.11,156.23,343.89,156.23,343.89,208.77,307.11,208.77
307.11,156.23,343.89,156.23,343.89,208.77,307.11,208.77
307.07,156.17,343.93,156.17,343.93,208.83,307.07,208.83
307.04,156.13,343.96,156.13,343.96,208.87,307.04,208.87
307.04,156.12,343.96,156.12,343.96,208.88,307.04,208.88
307.05,156.14,343.95,156.14,343.95,208.86,307.05,208.86
307.1,156.21,343.9,156.21,343.9,208.79,307.1,208.79
307.07,156.18,343.93,156.18,343.93,208.82,307.07,208.82
307.6,156.22,344.4,156.22,344.4,208.78,307.6,208.78
307.13,156.25,343.87,156.25,343.87,208.75,307.13,208.75
307.07,156.17,343.93,156.17,343.93,208.83,307.07,208.83
307.02,156.1,343.98,156.1,343.98,208.9,307.02,208.9
306.99,156.05,344.01,156.05,344.01,208.95,306.99,208.95
306.92,155.96,344.08,155.96,344.08,209.04,306.92,209.04
306.81,155.8,344.19,155.8,344.19,209.2,306.81,209.2
306.72,155.67,344.28,155.67,344.28,209.33,306.72,209.33
306.91,155.94,344.09,155.94,344.09,209.06,306.91,209.06
306.97,156.03,344.03,156.03,344.03,208.97,306.97,208.97
306.91,155.94,344.09,155.94,344.09,209.06,306.91,209.06
306.93,155.98,344.07,155.98,344.07,209.02,306.93,209.02
307.1,156.22,343.9,156.22,343.9,208.78,307.1,208.78
307.07,156.17,343.93,156.17,343.93,208.83,307.07,208.83
307.56,156.16,344.44,156.16,344.44,208.84,307.56,208.84
307.6,156.71,344.4,156.71,344.4,209.29,307.6,209.29
307.12,156.24,343.88,156.24,343.88,208.76,307.12,208.76
307.14,156.27,343.86,156.27,343.86,208.73,307.14,208.73
307.13,156.26,343.87,156.26,343.87,208.74,307.13,208.74
307.15,156.28,343.85,156.28,343.85,208.72,307.15,208.72
307.18,156.32,343.82,156.32,343.82,208.68,307.18,208.68
307.16,156.3,343.84,156.3,343.84,208.7,307.16,208.7
307.13,156.26,343.87,156.26,343.87,208.74,307.13,208.74
307.17,156.32,343.83,156.32,343.83,208.68,307.17,208.68
307.13,156.26,343.87,156.26,343.87,208.74,307.13,208.74
307.14,156.28,343.86,156.28,343.86,208.72,307.14,208.72
307.14,156.28,343.86,156.28,343.86,208.72,307.14,208.72
307.18,156.32,343.82,156.32,343.82,208.68,307.18,208.68
307.68,156.33,344.32,156.33,344.32,208.67,307.68,208.67
307.12,156.24,343.88,156.24,343.88,208.76,307.12,208.76
307.1,156.21,343.9,156.21,343.9,208.79,307.1,208.79
307.62,156.25,344.38,156.25,344.38,208.75,307.62,208.75
307.11,156.23,343.89,156.23,343.89,208.77,307.11,208.77
307.12,156.24,343.88,156.24,343.88,208.76,307.12,208.76
307.13,156.26,343.87,156.26,343.87,208.74,307.13,208.74
307.64,156.28,344.36,156.28,344.36,208.72,307.64,208.72
307.66,156.29,344.34,156.29,344.34,208.71,307.66,208.71
307.17,156.32,343.83,156.32,343.83,208.68,307.17,208.68
307.24,156.41,343.76,156.41,343.76,208.59,307.24,208.59
307.27,156.95,343.73,156.95,343.73,209.05,307.27,209.05
307.21,156.86,343.79,156.86,343.79,209.14,307.21,209.14
304.73,157.4,341.27,157.4,341.27,209.6,304.73,209.6
299.64,160.77,336.36,160.77,336.36,213.23,299.64,213.23
296.08,161.69,332.92,161.69,332.92,214.31,296.08,214.31
290.99,166.06,328.01,166.06,328.01,218.94,290.99,218.94
285.92,167.96,323.08,167.96,323.08,221.04,285.92,221.04
281.92,169.96,319.08,169.96,319.08,223.04,281.92,223.04
281.43,170.97,318.57,170.97,318.57,224.03,281.43,224.03
280.98,171.04,318.02,171.04,318.02,223.96,280.98,223.96
280.96,171.01,318.04,171.01,318.04,223.99,280.96,223.99
280.93,170.97,318.07,170.97,318.07,224.03,280.93,224.03
280.93,170.97,318.07,170.97,318.07,224.03,280.93,224.03
280.95,171,318.05,171,318.05,224,280.95,224
280.89,170.92,318.11,170.92,318.11,224.08,280.89,224.08
280.86,171.37,318.14,171.37,318.14,224.63,280.86,224.63
280.84,171.34,318.16,171.34,318.16,224.66,280.84,224.66
280.85,170.86,318.15,170.86,318.15,224.14,280.85,224.14
280.86,170.87,318.14,170.87,318.14,224.13,280.86,224.13
280.83,171.33,318.17,171.33,318.17,224.67,280.83,224.67
280.84,170.85,318.16,170.85,318.16,224.15,280.84,224.15
280.81,171.3,318.19,171.3,318.19,224.7,280.81,224.7
280.3,170.78,317.7,170.78,317.7,224.22,280.3,224.22
280.29,170.78,317.71,170.78,317.71,224.22,280.29,224.22
279.81,170.8,317.19,170.8,317.19,224.2,279.81,224.2
279.78,170.76,317.22,170.76,317.22,224.24,279.78,224.24
279.81,170.8,317.19,170.8,317.19,224.2,279.81,224.2
279.83,170.82,317.17,170.82,317.17,224.18,279.83,224.18
280.32,171.31,317.68,171.31,317.68,224.69,280.32,224.69
280.31,171.31,317.69,171.31,317.69,224.69,280.31,224.69
279.86,170.87,317.14,170.87,317.14,224.13,279.86,224.13
280.89,170.92,318.11,170.92,318.11,224.08,280.89,224.08
280.92,171.96,318.08,171.96,318.08,225.04,280.92,225.04
280.46,172.02,317.54,172.02,317.54,224.98,280.46,224.98
279.94,171.99,317.06,171.99,317.06,225.01,279.94,225.01
279.96,172.01,317.04,172.01,317.04,224.99,279.96,224.99
279.91,171.95,317.09,171.95,317.09,225.05,279.91,225.05
280.4,171.92,317.6,171.92,317.6,225.08,280.4,225.08
280.38,171.9,317.62,171.9,317.62,225.1,280.38,225.1
280.88,171.9,318.12,171.9,318.12,225.1,280.88,225.1
280.87,171.89,318.13,171.89,318.13,225.11,280.87,225.11
280.93,171.98,318.07,171.98,318.07,225.02,280.93,225.02
280.99,172.05,318.01,172.05,318.01,224.95,280.99,224.95
280.38,171.41,317.62,171.41,317.62,224.59,280.38,224.59
280.9,171.43,318.1,171.43,318.1,224.57,280.9,224.57
280.92,171.96,318.08,171.96,318.08,225.04,280.92,225.04
280.94,171.99,318.06,171.99,318.06,225.01,280.94,225.01
280.97,172.04,318.03,172.04,318.03,224.96,280.97,224.96
280.92,170.96,318.08,170.96,318.08,224.04,280.92,224.04
280.94,171.48,318.06,171.48,318.06,224.52,280.94,224.52
280.92,170.96,318.08,170.96,318.08,224.04,280.92,224.04
280.45,171,317.55,171,317.55,224,280.45,224
280.42,171.46,317.58,171.46,317.58,224.54,280.42,224.54
280.39,171.41,317.61,171.41,317.61,224.59,280.39,224.59
280.9,171.93,318.1,171.93,318.1,225.07,280.9,225.07
280.84,171.85,318.16,171.85,318.16,225.15,280.84,225.15
280.81,171.8,318.19,171.8,318.19,225.2,280.81,225.2
280.82,171.32,318.18,171.32,318.18,224.68,280.82,224.68
280.85,170.85,318.15,170.85,318.15,224.15,280.85,224.15
280.88,171.4,318.12,171.4,318.12,224.6,280.88,224.6
280.98,171.55,318.02,171.55,318.02,224.45,280.98,224.45
280.92,170.95,318.08,170.95,318.08,224.05,280.92,224.05
280.98,171.05,318.02,171.05,318.02,223.95,280.98,223.95
280.92,170.96,318.08,170.96,318.08,224.04,280.92,224.04
280.89,170.91,318.11,170.91,318.11,224.09,280.89,224.09
280.93,171.47,318.07,171.47,318.07,224.53,280.93,224.53
283.93,167.98,321.07,167.98,321.07,221.02,283.93,221.02
284.01,168.09,320.99,168.09,320.99,220.91,284.01,220.91
287.05,167.15,323.95,167.15,323.95,219.85,287.05,219.85
291.09,164.71,327.91,164.71,327.91,217.29,291.09,217.29
293.07,164.17,329.93,164.17,329.93,216.83,293.07,216.83
297.73,162.4,334.27,162.4,334.27,214.6,297.73,214.6
299.74,161.92,336.26,161.92,336.26,214.08,299.74,214.08
304.33,158.04,340.67,158.04,340.67,209.96,304.33,209.96
306.31,158.01,342.69,158.01,342.69,209.99,306.31,209.99
310.81,155.01,347.19,155.01,347.19,206.99,310.81,206.99
322.78,148.97,359.22,148.97,359.22,201.03,322.78,201.03
322.79,148.99,359.21,148.99,359.21,201.01,322.79,201.01
322.81,149.02,359.19,149.02,359.19,200.98,322.81,200.98
322.39,148.13,358.61,148.13,358.61,199.87,322.39,199.87
323.16,149.01,358.84,149.01,358.84,199.99,323.16,199.99
322,149.28,358,149.28,358,200.72,322,200.72
327.99,149.77,364.01,149.77,364.01,201.23,327.99,201.23
323.88,152.11,360.12,152.11,360.12,203.89,323.88,203.89
323.95,148.71,360.05,148.71,360.05,200.29,323.95,200.29
322.28,148.98,358.72,148.98,358.72,201.02,322.28,201.02
323.32,149.03,359.68,149.03,359.68,200.97,323.32,200.97
322.92,149.17,359.08,149.17,359.08,200.83,322.92,200.83
322.9,149.14,359.1,149.14,359.1,200.86,322.9,200.86
322.88,149.11,359.12,149.11,359.12,200.89,322.88,200.89
322.78,148.97,359.22,148.97,359.22,201.03,322.78,201.03
322.8,149,359.2,149,359.2,201,322.8,201
322.28,148.97,358.72,148.97,358.72,201.03,322.28,201.03
322.82,149.03,359.18,149.03,359.18,200.97,322.82,200.97
322.84,149.05,359.16,149.05,359.16,200.95,322.84,200.95
322.83,149.04,359.17,149.04,359.17,200.96,322.83,200.96
322.32,149.03,358.68,149.03,358.68,200.97,322.32,200.97
322.28,148.97,358.72,148.97,358.72,201.03,322.28,201.03
322.8,149,359.2,149,359.2,201,322.8,201
322.8,149,359.2,149,359.2,201,322.8,201
322.83,149.04,359.17,149.04,359.17,200.96,322.83,200.96
322.85,149.07,359.15,149.07,359.15,200.93,322.85,200.93
322.31,149.01,358.69,149.01,358.69,200.99,322.31,200.99
322.33,149.04,358.67,149.04,358.67,200.96,322.33,200.96
322.31,149.01,358.69,149.01,358.69,200.99,322.31,200.99
322.79,148.98,359.21,148.98,359.21,201.02,322.79,201.02
322.77,148.96,359.23,148.96,359.23,201.04,322.77,201.04
322.74,148.91,359.26,148.91,359.26,201.09,322.74,201.09
322.77,148.96,359.23,148.96,359.23,201.04,322.77,201.04
322.76,148.94,359.24,148.94,359.24,201.06,322.76,201.06
322.79,148.99,359.21,148.99,359.21,201.01,322.79,201.01
322.78,148.98,359.22,148.98,359.22,201.02,322.78,201.02
322.78,148.97,359.22,148.97,359.22,201.03,322.78,201.03
322.73,148.9,359.27,148.9,359.27,201.1,322.73,201.1
322.74,148.91,359.26,148.91,359.26,201.09,322.74,201.09
322.73,148.9,359.27,148.9,359.27,201.1,322.73,201.1
322.73,148.9,359.27,148.9,359.27,201.1,322.73,201.1
322.7,148.85,359.3,148.85,359.3,201.15,322.7,201.15
322.68,148.82,359.32,148.82,359.32,201.18,322.68,201.18
322.19,148.34,358.81,148.34,358.81,200.66,322.19,200.66
322.26,148.44,358.74,148.44,358.74,200.56,322.26,200.56
322.74,148.91,359.26,148.91,359.26,201.09,322.74,201.09
322.73,148.91,359.27,148.91,359.27,201.09,322.73,201.09
322.71,148.37,359.29,148.37,359.29,200.63,322.71,200.63
322.7,148.36,359.3,148.36,359.3,200.64,322.7,200.64
322.66,148.3,359.34,148.3,359.34,200.7,322.66,200.7
322.21,148.38,358.79,148.38,358.79,200.62,322.21,200.62
322.73,148.4,359.27,148.4,359.27,200.6,322.73,200.6
322.71,148.87,359.29,148.87,359.29,201.13,322.71,201.13
322.67,148.31,359.33,148.31,359.33,200.69,322.67,200.69
322.16,148.31,358.84,148.31,358.84,200.69,322.16,200.69
322.18,148.33,358.82,148.33,358.82,200.67,322.18,200.67
322.2,148.35,358.8,148.35,358.8,200.65,322.2,200.65
322.77,148.96,359.23,148.96,359.23,201.04,322.77,201.04
322.78,148.97,359.22,148.97,359.22,201.03,322.78,201.03
322.75,148.92,359.25,148.92,359.25,201.08,322.75,201.08
322.77,148.95,359.23,148.95,359.23,201.05,322.77,201.05
322.74,148.92,359.26,148.92,359.26,201.08,322.74,201.08
322.74,148.92,359.26,148.92,359.26,201.08,322.74,201.08
322.76,148.94,359.24,148.94,359.24,201.06,322.76,201.06
322.72,148.88,359.28,148.88,359.28,201.12,322.72,201.12
322.76,148.94,359.24,148.94,359.24,201.06,322.76,201.06
322.79,148.98,359.21,148.98,359.21,201.02,322.79,201.02
322.78,148.97,359.22,148.97,359.22,201.03,322.78,201.03
322.76,148.95,359.24,148.95,359.24,201.05,322.76,201.05
322.77,148.96,359.23,148.96,359.23,201.04,322.77,201.04
322.78,148.97,359.22,148.97,359.22,201.03,322.78,201.03
322.79,148.99,359.21,148.99,359.21,201.01,322.79,201.01
322.8,148.99,359.2,148.99,359.2,201.01,322.8,201.01
322.38,149.11,358.62,149.11,358.62,200.89,322.38,200.89
321.85,149.06,358.15,149.06,358.15,200.94,321.85,200.94
322.36,149.08,358.64,149.08,358.64,200.92,322.36,200.92
322.3,149,358.7,149,358.7,201,322.3,201
322.32,149.03,358.68,149.03,358.68,200.97,322.32,200.97
322.32,149.03,358.68,149.03,358.68,200.97,322.32,200.97
322.28,148.97,358.72,148.97,358.72,201.03,322.28,201.03
322.74,148.92,359.26,148.92,359.26,201.08,322.74,201.08
322.22,148.89,358.78,148.89,358.78,201.11,322.22,201.11
322.16,148.8,358.84,148.8,358.84,201.2,322.16,201.2
322.14,148.28,358.86,148.28,358.86,200.72,322.14,200.72
