0.70799
0.28633
0.15448
0.15027
0.15024
0.073315
0.072782
0.074337
0.074347
0.073172
0.099446
0.07415
0.072925
0.073167
0.073576
0.073568
0.10036
0.074081
0.073365
0.07373
0.075455
0.073469
0.10184
0.073692
0.074033
0.071926
0.074314
0.07362
0.10082
0.074184
0.072853
0.074989
0.072415
0.074962
0.10131
0.078219
0.074135
0.07422
0.076241
0.073559
0.10115
0.072932
0.075297
0.075805
0.072805
0.072581
0.11307
0.074251
0.073899
0.074034
0.074159
0.073937
0.10001
0.07455
0.074505
0.07356
0.073779
0.072612
0.10435
0.073729
0.07406
0.073072
0.073688
0.073294
0.10043
0.07225
0.074096
0.074495
0.075873
0.07367
0.1006
0.073502
0.073046
0.073502
0.073398
0.073809
0.099187
0.074256
0.074758
0.073776
0.073673
0.073911
0.10029
0.073015
0.074416
0.073908
0.075359
0.073501
0.099736
0.074599
0.073745
0.074355
0.073938
0.073835
0.10006
0.074143
0.075074
0.074896
0.073319
0.073077
0.10128
0.073395
0.073814
0.074443
0.078489
0.075829
0.099037
0.072755
0.074776
0.073183
0.074147
0.074768
0.10117
0.07317
0.074106
0.074341
0.073337
0.073457
0.10011
0.074119
0.073779
0.073554
0.07206
0.07438
0.10074
0.073873
0.074119
0.073897
0.073239
0.073442
0.10203
0.074455
0.073479
0.073296
0.074317
0.073695
0.10036
0.073637
0.074563
0.074751
0.074666
0.07443
0.10101
0.074358
0.074485
0.074345
0.074448
0.074815
0.10025
0.073766
0.07503
0.0739
0.076061
0.07298
0.10243
0.074272
0.07385
0.073907
0.07503
0.075555
0.1016
0.074542
0.074348
0.076247
0.073195
0.073892
0.10058
0.075213
0.07583
0.074156
0.074691
0.073931
0.10108
0.074187
0.074139
0.074815
0.073873
0.074046
0.10117
0.074328
0.075158
0.073315
0.075033
0.074042
0.10107
0.073997
0.07443
0.074603
0.073017
0.073223
0.10147
0.07401
0.075634
0.078143
0.084944
0.080933
0.1032
0.07427
0.075956
0.076292
0.077977
0.083611
0.10741
0.074359
0.07602
0.074982
0.074209
0.075282
0.10042
0.073512
0.07614
0.074834
0.075742
0.074755
0.10187
0.07608
0.073619
0.074538
0.074857
0.07479
0.10316
0.074843
0.0741
0.076424
0.07464
0.075107
0.10109
0.074752
0.074675
0.075367
0.074067
0.075214
0.10156
0.075945
0.074929
0.075567
0.074412
0.075554
0.10141
0.075385
0.075896
0.074316
0.075779
0.07713
0.1021
0.075096
0.076277
0.076261
0.074582
0.076118
0.10252
0.077621
0.076033
0.076661
0.077598
0.075796
0.11022
0.079576
0.080462
0.076614
0.07595
