27,156,61,156,61,236,27,236
27.06,156.14,60.94,156.14,60.94,235.86,27.06,235.86
27.86,154.17,62.14,154.17,62.14,234.83,27.86,234.83
27.788,154,62.212,154,62.212,235,27.788,235
28.731,153.87,63.269,153.87,63.269,235.13,28.731,235.13
28.296,155.02,62.704,155.02,62.704,235.98,28.296,235.98
45.116,167.1,79.884,167.1,79.884,248.9,45.116,248.9
44.828,167.42,80.172,167.42,80.172,250.58,44.828,250.58
45.177,167.06,80.823,167.06,80.823,250.94,45.177,250.94
46.058,165.78,81.942,165.78,81.942,250.22,46.058,250.22
46.001,166.15,81.999,166.15,81.999,250.85,46.001,250.85
45.992,166.13,82.008,166.13,82.008,250.87,45.992,250.87
27.111,155.58,61.889,155.58,61.889,237.42,27.111,237.42
28.119,155.6,62.881,155.6,62.881,237.4,28.119,237.4
28.145,155.16,62.855,155.16,62.855,236.84,28.145,236.84
28.744,154.9,63.256,154.9,63.256,236.1,28.744,236.1
28.679,155.24,63.321,155.24,63.321,236.76,28.679,236.76
29.819,154.07,64.181,154.07,64.181,234.93,29.819,234.93
28.74,153.89,63.26,153.89,63.26,235.11,28.74,235.11
28.697,153.79,63.303,153.79,63.303,235.21,28.697,235.21
28.814,155.06,63.186,155.06,63.186,235.94,28.814,235.94
50.951,114.55,85.049,114.55,85.049,194.78,50.951,194.78
27.566,155.16,61.434,155.16,61.434,234.84,27.566,234.84
53.11,106.01,86.89,106.01,86.89,185.49,53.11,185.49
50.611,113.09,85.389,113.09,85.389,194.91,50.611,194.91
52.997,108.04,87.669,108.04,87.669,189.62,52.997,189.62
55.417,104.3,89.583,104.3,89.583,184.7,55.417,184.7
57.07,104.67,90.93,104.67,90.93,184.33,57.07,184.33
57.04,104.59,90.96,104.59,90.96,184.41,57.04,184.41
27.619,155.78,61.381,155.78,61.381,235.22,27.619,235.22
27.052,156.12,60.948,156.12,60.948,235.88,27.052,235.88
27.149,155.85,60.851,155.85,60.851,235.15,27.149,235.15
27.1,155.73,60.9,155.73,60.9,235.27,27.1,235.27
27.075,155.68,60.925,155.68,60.925,235.32,27.075,235.32
27.074,155.67,60.926,155.67,60.926,235.33,27.074,235.33
27.073,155.67,60.927,155.67,60.927,235.33,27.073,235.33
27.057,155.63,60.943,155.63,60.943,235.37,27.057,235.37
27.049,155.12,60.951,155.12,60.951,234.88,27.049,234.88
27.05,155.12,60.95,155.12,60.95,234.88,27.05,234.88
27.055,155.63,60.945,155.63,60.945,235.37,27.055,235.37
27.065,156.15,60.935,156.15,60.935,235.85,27.065,235.85
27.072,156.17,60.928,156.17,60.928,235.83,27.072,235.83
63.088,77.707,96.912,77.707,96.912,157.29,63.088,157.29
27.101,155.74,60.899,155.74,60.899,235.26,27.101,235.26
65.109,75.257,98.891,75.257,98.891,154.74,65.109,154.74
65.952,70.387,100.05,70.387,100.05,150.61,65.952,150.61
65.94,70.359,100.06,70.359,100.06,150.64,65.94,150.64
60.882,68.722,95.118,68.722,95.118,149.28,60.882,149.28
61.325,63.087,95.675,63.087,95.675,143.91,61.325,143.91
61.218,60.835,95.782,60.835,95.782,142.16,61.218,142.16
58.221,79.345,92.779,79.345,92.779,160.66,58.221,160.66
26.825,155.09,61.175,155.09,61.175,235.91,26.825,235.91
26.893,155.75,61.107,155.75,61.107,236.25,26.893,236.25
26.963,155.91,61.037,155.91,61.037,236.09,26.963,236.09
27.002,156,60.998,156,60.998,236,27.002,236
27,156,61,156,61,236,27,236
27.013,156.03,60.987,156.03,60.987,235.97,27.013,235.97
27.012,156.03,60.988,156.03,60.988,235.97,27.012,235.97
27.009,156.02,60.991,156.02,60.991,235.98,27.009,235.98
27.002,156,60.998,156,60.998,236,27.002,236
26.985,155.96,61.015,155.96,61.015,236.04,26.985,236.04
27.022,156.05,60.978,156.05,60.978,235.95,27.022,235.95
26.968,155.93,61.032,155.93,61.032,236.07,26.968,236.07
27,156,61,156,61,236,27,236
27.021,156.05,60.979,156.05,60.979,235.95,27.021,235.95
26.966,155.92,61.034,155.92,61.034,236.08,26.966,236.08
27.002,156,60.998,156,60.998,236,27.002,236
26.985,155.96,61.015,155.96,61.015,236.04,26.985,236.04
51.018,43.042,84.982,43.042,84.982,122.96,51.018,122.96
44.066,55.155,77.934,55.155,77.934,134.85,44.066,134.85
44.185,54.936,77.815,54.936,77.815,134.06,44.185,134.06
41.224,54.028,74.776,54.028,74.776,132.97,41.224,132.97
40.091,55.214,73.909,55.214,73.909,134.79,40.091,134.79
40.173,53.907,73.827,53.907,73.827,133.09,40.173,133.09
40.017,54.04,73.983,54.04,73.983,133.96,40.017,133.96
38.393,52.748,72.607,52.748,72.607,133.25,38.393,133.25
36.764,50.945,71.236,50.945,71.236,132.05,36.764,132.05
34.763,49.942,69.237,49.942,69.237,131.06,34.763,131.06
32.938,48.355,67.062,48.355,67.062,128.64,32.938,128.64
32.416,47.302,66.584,47.302,66.584,127.7,32.416,127.7
31.995,46.988,66.005,46.988,66.005,127.01,31.995,127.01
29.887,46.234,64.113,46.234,64.113,126.77,29.887,126.77
29.96,47.229,65.04,47.229,65.04,129.77,29.96,129.77
28.911,47.115,64.089,47.115,64.089,129.89,28.911,129.89
29.335,46.934,64.665,46.934,64.665,130.07,29.335,130.07
29.424,42.645,64.576,42.645,64.576,125.35,29.424,125.35
28.9,43.088,64.1,43.088,64.1,125.91,28.9,125.91
30.018,37.867,64.982,37.867,64.982,120.13,30.018,120.13
31.087,39.027,65.913,39.027,65.913,120.97,31.087,120.97
34.953,38.213,70.047,38.213,70.047,120.79,34.953,120.79
33.924,38.145,69.076,38.145,69.076,120.86,33.924,120.86
34.73,38.189,70.27,38.189,70.27,121.81,34.73,121.81
37.141,38.978,72.859,38.978,72.859,123.02,37.141,123.02
36.201,36.12,71.799,36.12,71.799,119.88,36.201,119.88
37.302,36.858,72.698,36.858,72.698,120.14,37.302,120.14
36.764,35.769,72.236,35.769,72.236,119.23,36.764,119.23
37.318,34.895,72.682,34.895,72.682,118.11,37.318,118.11
38.713,35.149,74.287,35.149,74.287,118.85,38.713,118.85
39.22,34.665,74.78,34.665,74.78,118.34,39.22,118.34
43.193,35.102,78.807,35.102,78.807,118.9,43.193,118.9
44.124,35.939,79.876,35.939,79.876,120.06,44.124,120.06
44.895,37.899,81.105,37.899,81.105,123.1,44.895,123.1
44.938,36.001,81.062,36.001,81.062,121,44.938,121
46.048,36.261,81.952,36.261,81.952,120.74,46.048,120.74
46.058,36.783,81.942,36.783,81.942,121.22,46.058,121.22
47.037,37.234,82.963,37.234,82.963,121.77,47.037,121.77
47.732,36.692,83.268,36.692,83.268,120.31,47.732,120.31
47.924,37.644,83.076,37.644,83.076,120.36,47.924,120.36
48.937,38.176,84.063,38.176,84.063,120.82,48.937,120.82
48.893,39.071,84.107,39.071,84.107,121.93,48.893,121.93
49.918,39.13,85.082,39.13,85.082,121.87,49.918,121.87
51.161,39.703,85.839,39.703,85.839,121.3,51.161,121.3
51.205,40.805,85.795,40.805,85.795,122.2,51.205,122.2
52.883,40.725,87.117,40.725,87.117,121.27,52.883,121.27
53.01,41.023,86.99,41.023,86.99,120.98,53.01,120.98
54.176,42.915,87.824,42.915,87.824,122.09,54.176,122.09
54.675,43.912,88.325,43.912,88.325,123.09,54.675,123.09
55.244,44.074,88.756,44.074,88.756,122.93,55.244,122.93
55.679,44.92,89.321,44.92,89.321,124.08,55.679,124.08
56.263,46.118,89.737,46.118,89.737,124.88,56.263,124.88
57.08,45.688,90.92,45.688,90.92,125.31,57.08,125.31
57.974,45.94,92.026,45.94,92.026,126.06,57.974,126.06
58.348,46.143,92.652,46.143,92.652,126.86,58.348,126.86
59.83,47.101,94.17,47.101,94.17,127.9,59.83,127.9
60.595,48.048,95.405,48.048,95.405,129.95,60.595,129.95
62.012,47.852,96.988,47.852,96.988,130.15,62.012,130.15
62.963,47.237,98.037,47.237,98.037,129.76,62.963,129.76
63.871,49.019,99.129,49.019,99.129,131.98,63.871,131.98
64.284,49.814,99.716,49.814,99.716,133.19,64.284,133.19
64.733,50.195,100.27,50.195,100.27,133.8,64.733,133.8
65.264,50.269,100.74,50.269,100.74,133.73,65.264,133.73
65.819,51.898,101.18,51.898,101.18,135.1,65.819,135.1
66.933,52.166,102.07,52.166,102.07,134.83,66.933,134.83
67.916,52.627,103.08,52.627,103.08,135.37,67.916,135.37
69.357,53.988,104.64,53.988,104.64,137.01,69.357,137.01
69.939,53.68,105.06,53.68,105.06,136.32,69.939,136.32
70.773,54.79,106.23,54.79,106.23,138.21,70.773,138.21
72.246,55.227,107.75,55.227,107.75,138.77,72.246,138.77
73.155,56.012,108.84,56.012,108.84,139.99,73.155,139.99
73.223,55.173,108.78,55.173,108.78,138.83,73.223,138.83
74.934,55.668,110.07,55.668,110.07,138.33,74.934,138.33
75.92,56.136,111.08,56.136,111.08,138.86,75.92,138.86
76.999,56.82,112,56.82,112,139.18,76.999,139.18
78.172,57.728,112.83,57.728,112.83,139.27,78.172,139.27
80.249,57.909,114.75,57.909,114.75,139.09,80.249,139.09
82.368,59.189,116.63,59.189,116.63,139.81,82.368,139.81
83.91,58.789,118.09,58.789,118.09,139.21,83.91,139.21
87.24,58.889,121.76,58.889,121.76,140.11,87.24,140.11
89.103,59.067,123.9,59.067,123.9,140.93,89.103,140.93
90.01,58.848,124.99,58.848,124.99,141.15,90.01,141.15
92.966,58.745,128.03,58.745,128.03,141.26,92.966,141.26
94.345,58.959,129.65,58.959,129.65,142.04,94.345,142.04
95.697,59.611,131.3,59.611,131.3,143.39,95.697,143.39
98.097,59.375,133.9,59.375,133.9,143.62,98.097,143.62
100.08,59.829,135.92,59.829,135.92,144.17,100.08,144.17
102.23,60.193,137.77,60.193,137.77,143.81,102.23,143.81
103.25,61.243,138.75,61.243,138.75,144.76,103.25,144.76
105.82,60.9,141.18,60.9,141.18,144.1,105.82,144.1
107.91,61.114,143.09,61.114,143.09,143.89,107.91,143.89
111.55,61.932,146.45,61.932,146.45,144.07,111.55,144.07
113.1,61.561,147.9,61.561,147.9,143.44,113.1,143.44
117.06,60.964,151.94,60.964,151.94,143.04,117.06,143.04
119.03,61.903,153.97,61.903,153.97,144.1,119.03,144.1
122.6,62.047,157.4,62.047,157.4,143.95,122.6,143.95
123.57,61.985,158.43,61.985,158.43,144.01,123.57,144.01
125.05,62.935,159.95,62.935,159.95,145.06,125.05,145.06
126.8,63.019,161.2,63.019,161.2,143.98,126.8,143.98
129.19,63.773,163.81,63.773,163.81,145.23,129.19,145.23
131.24,62.889,165.76,62.889,165.76,144.11,131.24,144.11
132.21,63.317,166.79,63.317,166.79,144.68,132.21,144.68
134.98,63.769,170.02,63.769,170.02,146.23,134.98,146.23
136.94,62.671,172.06,62.671,172.06,145.33,136.94,145.33
139.68,63.078,175.32,63.078,175.32,146.92,139.68,146.92
141.02,62.705,176.98,62.705,176.98,147.29,141.02,147.29
142.2,63.445,178.8,63.445,178.8,149.56,142.2,149.56
144.06,64.117,180.94,64.117,180.94,150.88,144.06,150.88
144.91,64.251,182.09,64.251,182.09,151.75,144.91,151.75
145.93,64.3,183.07,64.3,183.07,151.7,145.93,151.7
147.59,66.186,184.41,66.186,184.41,152.81,147.59,152.81
149.02,67.013,185.98,67.013,185.98,153.99,149.02,153.99
149.83,66.753,186.17,66.753,186.17,152.25,149.83,152.25
152.12,66.918,187.88,66.918,187.88,151.08,152.12,151.08
155.1,68.878,190.9,68.878,190.9,153.12,155.1,153.12
156.43,69.993,192.57,69.993,192.57,155.01,156.43,155.01
158.13,71.266,194.87,71.266,194.87,157.73,158.13,157.73
159.9,71.232,197.1,71.232,197.1,158.77,159.9,158.77
160.84,71.089,198.16,71.089,198.16,158.91,160.84,158.91
160.88,71.196,198.12,71.196,198.12,158.8,160.88,158.8
162.4,72.225,199.6,72.225,199.6,159.77,162.4,159.77
163.89,72.708,201.11,72.708,201.11,160.29,163.89,160.29
165.01,72.994,201.99,72.994,201.99,160.01,165.01,160.01
166.04,74.07,202.96,74.07,202.96,160.93,166.04,160.93
167.66,74.839,204.34,74.839,204.34,161.16,167.66,161.16
170.19,75.921,206.81,75.921,206.81,162.08,170.19,162.08
172.16,76.858,208.84,76.858,208.84,163.14,172.16,163.14
174.04,77.06,210.96,77.06,210.96,163.94,174.04,163.94
176.02,78.019,212.98,78.019,212.98,164.98,176.02,164.98
178.7,79.259,216.3,79.259,216.3,167.74,178.7,167.74
180.05,79.918,217.95,79.918,217.95,169.08,180.05,169.08
181.16,80.668,218.84,80.668,218.84,169.33,181.16,169.33
183.07,81.965,220.93,81.965,220.93,171.03,183.07,171.03
184.9,83.746,222.1,83.746,222.1,171.25,184.9,171.25
187.17,85.874,223.83,85.874,223.83,172.13,187.17,172.13
188.05,86.256,223.95,86.256,223.95,170.74,188.05,170.74
191.28,87.299,226.72,87.299,226.72,170.7,191.28,170.7
193.91,89.119,229.09,89.119,229.09,171.88,193.91,171.88
196.4,91.092,231.6,91.092,231.6,173.91,196.4,173.91
197.65,91.993,233.35,91.993,233.35,176.01,197.65,176.01
199.1,92.381,234.9,92.381,234.9,176.62,199.1,176.62
200.04,93.742,235.96,93.742,235.96,178.26,200.04,178.26
201.88,94.855,238.12,94.855,238.12,180.14,201.88,180.14
202.97,95.076,239.03,95.076,239.03,179.92,202.97,179.92
205,97.155,241,97.155,241,181.85,205,181.85
207.2,97.619,242.8,97.619,242.8,181.38,207.2,181.38
210.14,97.983,245.86,97.983,245.86,182.02,210.14,182.02
211.96,98.556,248.04,98.556,248.04,183.44,211.96,183.44
214.81,99.2,251.19,99.2,251.19,184.8,214.81,184.8
217.12,99.751,253.88,99.751,253.88,186.25,217.12,186.25
218.92,100.78,256.08,100.78,256.08,188.22,218.92,188.22
221.13,101.6,258.87,101.6,258.87,190.4,221.13,190.4
223.93,102.62,262.07,102.62,262.07,192.38,223.93,192.38
224.83,103.38,263.17,103.38,263.17,193.62,224.83,193.62
225.94,103.65,264.06,103.65,264.06,193.35,225.94,193.35
228.12,105.08,265.88,105.08,265.88,193.92,228.12,193.92
230.83,106.07,268.17,106.07,268.17,193.93,230.83,193.93
232.11,107.24,268.89,107.24,268.89,193.76,232.11,193.76
235.06,108.12,271.94,108.12,271.94,194.88,235.06,194.88
237.98,109.93,275.02,109.93,275.02,197.07,237.98,197.07
241.24,110.85,278.76,110.85,278.76,199.15,241.24,199.15
242.02,110.84,279.98,110.84,279.98,200.16,242.02,200.16
244.04,111.88,281.96,111.88,281.96,201.12,244.04,201.12
247.06,112.94,284.94,112.94,284.94,202.06,247.06,202.06
248.73,114.33,286.27,114.33,286.27,202.67,248.73,202.67
249.73,114.34,287.27,114.34,287.27,202.66,249.73,202.66
252.82,116.04,290.18,116.04,290.18,203.96,252.82,203.96
255.82,117.06,293.18,117.06,293.18,204.94,255.82,204.94
257.74,117.86,295.26,117.86,295.26,206.14,257.74,206.14
259.28,117.95,296.72,117.95,296.72,206.05,259.28,206.05
261.05,118.92,298.95,118.92,298.95,208.08,261.05,208.08
265.18,120.21,302.82,120.21,302.82,208.79,265.18,208.79
