830.5,237.5,100,234
820.76,227.27,101.48,237.45
814.68,228.75,100.64,235.5
806.45,229.38,100.1,234.24
786.58,230.52,100.84,235.96
770.86,231.21,100.23,234.53
761.85,232.46,98.757,231.09
749.45,232.7,99.086,231.86
735.36,235.2,98.274,229.96
715.21,236.67,98.575,230.67
705.45,236.77,97.936,229.17
693.93,235.65,97.5,228.15
685.29,236.39,97.201,227.45
677.92,235.36,97.04,227.07
657.15,235.69,97.698,228.61
649.45,236.55,96.514,225.84
641.54,236.86,96.765,226.43
637.01,238.35,96.146,224.98
631.83,240.31,95.254,222.89
629.62,241.64,94.753,221.72
602.83,244.91,93.231,218.16
590.59,246.03,92.54,216.54
581.69,247.17,91.497,214.1
570.26,247.52,92.179,215.7
554.49,247.49,94.022,220.01
546.88,247.1,94.824,221.89
539.91,246.43,94.917,222.11
529.13,247.94,95.137,222.62
519.48,250.88,95.043,222.4
499.9,253.61,95.204,222.78
491.97,254.67,95.133,222.61
480.94,255.03,94.214,220.46
466.71,255.31,93.526,218.85
456.05,255.37,92.794,217.14
440.59,257.4,92.82,217.2
434.01,257.59,93.222,218.14
425.34,257.3,93.068,217.78
415.31,258.13,92.576,216.63
407.39,259.09,92.056,215.41
398.36,262.54,92.277,215.93
393.82,263.53,92.847,217.26
386.58,264.25,92.973,217.56
379.45,264.14,92.314,216.01
372.29,266.22,92.167,215.67
355.51,266.39,91.976,215.22
345.84,263.99,91.33,213.71
339.97,265.16,90.59,211.98
334.55,266.27,90.419,211.58
334.67,266.77,90.715,212.27
555.56,255.33,89.887,210.34
561.97,247.72,89.498,209.43
561.4,246.65,89.905,210.38
559.25,242.84,90.587,211.97
559.15,244.42,90.742,212.34
558.25,246.44,91.505,214.12
556.96,246.31,91.99,215.26
554.12,245.56,92.112,215.54
554.57,247.9,92.801,217.15
552.88,243.2,92.004,215.29
552.15,245.71,91.702,214.58
554.28,247.57,91.632,214.42
554.53,248.49,91.168,213.33
556.7,248.09,90.807,212.49
558.14,246.47,90.609,212.03
561.63,247.83,90.747,212.35
566.42,245.03,90.735,212.32
576.08,245.55,90.017,210.64
576.32,243.86,89.98,210.55
581.13,241.74,90.302,211.31
584.26,239.63,90.488,211.74
589.95,238.47,90.582,211.96
592.32,240.66,90.111,210.86
596.74,243.09,90.074,210.77
596.12,244.74,90.123,210.89
599.21,244.52,90.582,211.96
602.93,242.7,90.798,212.47
605.04,242.27,90.711,212.26
702.55,245.19,91.667,214.5
708.78,244.58,92.79,217.13
713.72,243.53,93.567,218.95
711.25,240.97,94.173,220.37
699.54,239.82,94.856,221.96
696.05,239.88,95.236,222.85
697.04,237.8,96.165,225.03
690.63,237.32,96.735,226.36
656.65,237.39,96.796,226.5
656.89,238.05,96.509,225.83
658.78,237.64,97,226.98
661.93,235.49,97.115,227.25
668.47,236.44,97.057,227.11
671.06,236.6,96.655,226.17
673.91,236.66,96.541,225.91
675.4,236.7,96.498,225.81
673.77,236.53,96.513,225.84
671.58,234.69,96.85,226.63
645.46,238.24,97.48,228.1
638.26,235.53,98.023,229.37
634.65,232.32,98.724,231.01
630.94,233.99,99.289,232.34
690.55,233.46,97.898,229.08
690.54,235.7,97.452,228.04
696.15,234.49,97.112,227.24
703.07,232.92,97.638,228.47
707.75,231.56,97.792,228.83
709.84,230.63,97.327,227.75
711,229.85,97.435,228
712.99,228.56,97.433,227.99
715.65,227.77,97.046,227.09
720.63,227.45,96.558,225.95
728.25,227.59,96.503,225.82
740.38,227.9,97.166,227.37
744.74,228.29,97.198,227.44
748.35,226.32,97.067,227.14
754.43,225.44,96.817,226.55
757.54,225.78,95.91,224.43
760.33,224.84,95.095,222.52
766.83,226.5,95.416,223.27
770.01,226.29,95.323,223.06
774.37,228.81,95.585,223.67
778.84,230.48,95.316,223.04
783.9,230.34,95.091,222.51
790.24,230.25,95.546,223.58
793.93,228.32,95.544,223.57
796.6,228.51,95.541,223.57
802.2,229.15,95.599,223.7
836.64,232.14,96.764,226.43
845.91,231.01,97.857,228.99
855.11,227.62,98.169,229.71
852.85,227.06,98.296,230.01
851.83,228.95,98.335,230.11
849.85,229.42,98.525,230.55
850.65,230.16,98.121,229.6
852.76,233.21,98.301,230.02
857.7,235.46,98.632,230.8
863.77,238.12,99.469,232.76
870.66,239.9,100.14,234.33
870.59,240.34,100.05,234.11
915.18,237.32,99.677,233.24
929.5,234.18,100.13,234.31
935.53,234.56,99.945,233.87
942.66,232.12,99.943,233.87
880.97,249.33,99.647,233.17
870.22,235.24,98.036,229.4
873.04,245.29,96.635,226.12
876.78,244.83,95.443,223.34
870.98,245.3,94.459,221.04
872.9,245.75,93.768,219.42
870.53,246.53,93.554,218.92
868.82,247.96,93.489,218.76
866.34,252.32,93.32,218.37
866.43,253.94,93.084,217.82
874.57,254.27,93.59,219
870.79,259.76,93.742,219.36
868.72,260.22,94.232,220.5
868.68,253.26,94.646,221.47
855.36,257.38,95.646,223.81
852.9,256.08,96.831,226.58
861.58,259.45,96.825,226.57
866.01,259.06,96.75,226.4
864.85,257.83,96.297,225.33
864.3,260.41,95.862,224.32
866.37,261.26,96.143,224.97
862.81,260.26,96.322,225.39
862.16,263.1,96.424,225.63
859.21,263.5,96.58,226
854.06,263.38,96.25,225.23
847.42,260.73,95.878,224.35
844.78,262.06,95.895,224.39
841.38,260.28,95.48,223.42
834.45,259.24,95.091,222.51
829.27,261.33,95.053,222.42
824.49,262.26,95.143,222.64
819.77,263.03,95.336,223.09
814.25,263.13,95.359,223.14
809.35,263.49,95.308,223.02
801.49,263.52,94.837,221.92
796.12,263.72,94.833,221.91
790.96,265.1,94.866,221.99
784.95,265,94.8,221.83
778.34,263.65,94.318,220.7
765.78,261.37,94.01,219.98
760.61,261.6,94.774,221.77
755.16,260.26,94.937,222.15
751.78,260.14,94.562,221.27
753.36,262.18,94.288,220.63
747.44,261.99,94.856,221.96
744.45,263.74,95.235,222.85
741.72,266.43,95.322,223.05
736.2,267.24,95.745,224.04
730.51,268.21,95.972,224.57
717.94,267.03,95.847,224.28
711.98,269.12,95.609,223.73
709.46,269.28,95.393,223.22
705.34,268.13,95.608,223.72
701.45,268.22,95.108,222.55
692.9,265.8,95.089,222.51
688.87,265.9,94.756,221.73
686.58,266.78,94.623,221.42
683.95,269.81,94.435,220.98
681.38,271.75,94.235,220.51
672.3,272.67,94.3,220.66
670.02,273.56,93.548,218.9
666.29,274.36,93.203,218.1
660.92,272.47,93.373,218.49
658.82,272.26,93.37,218.49
653.71,271.77,93.138,217.94
651.52,272.63,93.358,218.46
648.93,274.03,93.065,217.77
647.38,274.57,92.892,217.37
645.47,278.13,93.051,217.74
640.81,278.71,92.817,217.19
641.98,280.85,92.929,217.45
639.97,280.88,93.312,218.35
641.11,281.42,93.501,218.79
639.75,281.12,93.491,218.77
637.4,283.24,93.784,219.45
635.66,282.73,93.8,219.49
634.31,281.93,93.517,218.83
633.27,283.2,93.016,217.66
635.44,280.56,93.114,217.89
631.29,280.59,92.617,216.72
631.52,280.93,91.994,215.27
629.47,281.28,91.622,214.4
628.67,283.7,91.069,213.1
627.23,285.06,90.549,211.88
624.11,285.58,89.929,210.43
622.94,284.24,89.602,209.67
620.88,282.38,89.094,208.48
620.55,281.74,88.87,207.96
620.21,282.37,88.576,207.27
620.26,282.9,88.593,207.31
620.01,283.98,88.835,207.87
618.43,284.51,88.623,207.38
617.45,284.54,88.021,205.97
615.63,287.34,87.743,205.32
612.79,285.18,87.409,204.54
612.9,286.54,87.626,205.04
610.92,285.42,87.443,204.62
610.05,285.95,87.538,204.84
609.61,286.31,87.771,205.38
602.78,283.5,87.632,205.06
602.44,283.35,87.65,205.1
600.76,282.32,87.81,205.48
598.08,281.2,87.094,203.8
597.91,280.49,87.184,204.01
592.68,279.09,86.827,203.18
591.45,280.33,86.809,203.13
588.38,280.66,86.875,203.29
586.47,279.76,87.079,203.76
585.22,278.72,86.566,202.57
584.01,277.81,85.873,200.94
584.67,278.17,85.736,200.62
582.83,278.38,85.725,200.6
579.28,278.52,85.491,200.05
576.78,279.53,85.441,199.93
569.66,278.73,85.408,199.85
568.42,277.76,85.354,199.73
567.34,276.17,84.875,198.61
567.1,275.51,84.409,197.52
569.73,275.59,84.542,197.83
571.98,275.26,84.86,198.57
572.66,274.72,85.148,199.25
572.97,274.48,85.657,200.44
571.2,275.12,85.834,200.85
569.63,277.68,85.743,200.64
566.77,278.84,85.65,200.42
561.24,280.54,85.718,200.58
560.09,280.4,85.575,200.24
559.53,279.35,85.299,199.6
559.57,278.7,84.869,198.59
558.14,278.05,84.815,198.47
554.95,277.04,84.682,198.15
553.09,276.5,84.668,198.12
552.49,275.85,84.425,197.55
550.55,276.84,83.897,196.32
546.87,276.55,83.819,196.14
534.82,278.82,82.851,193.87
529.58,278.6,82.707,193.54
526.24,279.46,82.469,192.98
523.78,281.04,82.448,192.93
519.62,280.65,82.669,193.44
514.23,279.96,82.484,193.01
512.23,279.66,82.326,192.64
510.43,278.46,82.143,192.21
509.46,278.46,82.088,192.09
507.16,278.05,81.936,191.73
499.99,278.88,81.757,191.31
495.84,279.18,81.332,190.32
493.12,279.86,81.066,189.7
490.63,280.53,80.745,188.94
487.89,280.76,80.515,188.41
483.28,281.55,80.005,187.21
482.3,282.44,79.771,186.66
481.63,283.58,79.257,185.46
481.57,283.74,78.857,184.53
481.9,282.1,78.644,184.03
482.89,279.11,78.579,183.88
482.46,276.9,78.491,183.67
481.5,275.4,78.315,183.26
480.51,274.77,77.97,182.45
477.77,274.1,77.391,181.09
475.96,275.6,77.021,180.23
475,277.19,76.702,179.48
475.03,278.15,76.506,179.02
475.28,278.57,76.438,178.86
476.33,278.3,76.333,178.62
478.1,278.09,75.998,177.83
479.44,278.71,75.678,177.09
479.63,279.78,75.409,176.46
480.81,280.81,75.374,176.37
481.03,281.12,75.373,176.37
482.23,281.95,75.507,176.69
482.88,282.75,75.715,177.17
484.2,282.22,76.326,178.6
486.14,282.23,76.725,179.54
487.98,281.06,76.779,179.66
488.69,279.94,76.516,179.05
488.93,281.47,76.498,179
486.43,282.18,76.786,179.68
482.6,281.13,76.809,179.73
478.34,280.31,76.511,179.04
474.28,281.79,76.061,177.98
469.65,283.91,75.189,175.94
463.79,285.32,75.012,175.53
463.73,285.29,74.542,174.43
465.69,282.88,73.871,172.86
462.32,282.39,73.713,172.49
462.12,284.03,73.632,172.3
461.84,284.63,73.498,171.99
461.21,287.4,73.586,172.19
461.03,288.48,73.598,172.22
460.08,293.69,73.803,172.7
459.02,295.73,73.973,173.1
461.27,296.71,73.876,172.87
460.12,298.2,73.764,172.61
460.48,297.89,74.046,173.27
463.21,298.12,73.989,173.13
464.14,297.73,73.704,172.47
464.99,298.27,73.517,172.03
466.43,298.44,73.132,171.13
466.17,296.65,72.332,169.26
543.3,258.18,72.801,170.35
537.48,259.25,72.829,170.42
530.9,257.15,73.152,171.17
525.37,257.29,73.256,171.42
518.8,256.38,73.201,171.29
508.43,257.81,73.428,171.82
503.25,257.49,73.434,171.84
