309.5,169.5,57,97
306.15,169.28,56.696,96.483
304.3,171.49,55.782,94.927
299.39,175.22,55.306,94.118
294.98,176.86,55.353,94.198
291.15,179.44,54.676,93.045
286.62,180.33,55.424,94.317
281.27,181.64,55.325,94.15
269.05,180.75,54.677,93.046
257.51,178.46,54.742,93.158
248.61,177.66,55.457,94.374
241.3,177.18,55.587,94.595
234.04,178.01,56.266,95.751
226.32,184.08,56.755,96.584
223.51,188.13,57.055,97.094
222.38,190.46,57.175,97.298
221.91,192.23,56.89,96.813
220.59,191.76,56.828,96.708
220.64,188.36,56.918,96.861
219.25,183.85,57.029,97.05
216.7,179.14,56.678,96.452
214.44,174.72,56.993,96.988
212.67,172.01,57.625,98.063
204.94,172.23,57.553,97.94
202.95,175.77,56.849,96.744
201.08,180.46,56.423,96.018
199.57,184,56.096,95.462
198.51,186.85,55.679,94.752
197.76,189.07,56.035,95.358
197.09,190.09,56.075,95.426
196.83,189.19,56.412,95.999
196.67,188.92,56.263,95.746
196.66,187.8,56.294,95.799
196.51,185.22,56.363,95.916
197.34,186.22,56.171,95.59
198.32,188.05,55.56,94.549
200.69,193.01,55.365,94.218
204,199.21,55.435,94.337
209.78,203.07,55.636,94.678
212.96,204.55,56.019,95.33
215.63,205.3,56.335,95.869
218.02,203.81,56.47,96.097
219.73,202.43,56.404,95.986
222.3,202.06,56.196,95.632
223.04,202.3,56.034,95.356
224.1,204.82,55.836,95.02
224.6,207.57,55.717,94.816
224.21,210.19,55.769,94.905
223.99,212.34,55.967,95.241
223.05,212.97,55.846,95.035
222.47,212.31,56.357,95.905
222.29,211.32,56.378,95.942
222.44,209.83,56.567,96.264
222.37,207.46,56.53,96.2
222.36,206.7,56.55,96.235
223.12,207.32,56.202,95.642
223.52,208.04,56.029,95.347
224.48,208.64,55.843,95.032
226.91,209.9,55.847,95.038
229.54,208.15,56.272,95.761
230.35,205.65,56.519,96.182
231.52,203.15,56.829,96.71
230.79,201.05,57.062,97.106
232.01,199.59,56.974,96.956
233.08,199.05,56.616,96.346
233.99,199.2,56.49,96.132
235.94,200.45,56.509,96.164
237.65,201.76,56.443,96.052
240.7,202.58,56.496,96.142
242.24,202.96,56.489,96.131
243.51,202.84,56.654,96.411
244.22,203.38,56.236,95.7
246.76,204.24,56.025,95.34
245.34,204.71,55.805,94.967
246.44,205.88,55.653,94.707
246.26,206.21,55.56,94.55
246.47,207.05,55.619,94.65
245.57,207.87,55.546,94.526
244.11,208.4,55.795,94.95
243.24,208.87,55.945,95.205
241.71,208.27,56.07,95.417
241.23,208.04,56.185,95.613
240.53,207.2,56.153,95.558
240.29,205.88,56.573,96.273
239.76,204.65,56.65,96.405
239.6,203.29,56.699,96.487
239.84,202.91,56.663,96.426
239.32,202.2,56.795,96.651
239.43,201.85,56.743,96.562
239.15,200.99,56.695,96.482
238.45,199.82,56.727,96.535
237.4,198.35,56.866,96.771
235.79,197.29,56.894,96.82
233.16,196.1,56.998,96.996
231.37,195.96,56.607,96.331
230.15,196.51,56.169,95.586
229.28,197.8,55.725,94.831
228.05,198.67,55.745,94.865
227.17,200.1,55.483,94.419
226.96,200.7,55.786,94.934
226.6,200.84,56.192,95.626
226.49,200.85,56.212,95.659
227.11,200.84,56.308,95.823
228.98,200.88,56.454,96.071
231.12,201.79,56.593,96.308
232.63,202.46,56.144,95.543
234.61,203.32,56.642,96.39
235.25,203.87,56.315,95.834
235.87,204.86,56.732,96.543
236.8,205.54,56.901,96.831
236.85,205.64,56.938,96.894
237.06,205.69,56.817,96.689
237.41,205.76,56.62,96.353
235.85,204.86,56.663,96.426
234.93,202.94,56.901,96.831
234.94,201.88,57.351,97.597
235.15,200.23,57.955,98.625
236.68,198.96,58.778,100.03
246.27,190.88,59.496,101.25
253.15,188.65,60.081,102.24
262.15,188.25,60.516,102.98
273.13,185.53,61.233,104.2
282.34,187.76,61.384,104.46
300.34,187.35,61.759,105.1
307.01,186.12,61.285,104.29
316.8,190.24,61.648,104.91
321.84,184.54,61.707,105.01
321.13,184.32,61.45,104.57
322.03,186.08,61.121,104.01
324.84,186.05,61.641,104.9
326.48,187.82,62.492,106.35
331.44,188.06,63.226,107.59
335.35,183.08,63.671,108.35
338.77,183.17,63.649,108.32
339.08,182.24,63.792,108.56
339.73,182.54,64.088,109.06
340.63,182.08,64.483,109.73
340.61,182.02,64.711,110.12
339.41,181.9,64.846,110.35
338.31,182.27,65.203,110.96
337.25,181.92,65.257,111.05
336.9,182.15,65.016,110.64
334.53,183.5,64.732,110.16
373.55,204.16,64.387,109.57
374.12,201.52,64.596,109.93
374.98,201.95,64.566,109.88
374.72,202.09,64.619,109.97
374.92,202.34,64.465,109.7
376.32,202.02,64.382,109.56
377.57,202.46,64.167,109.2
377.77,202.78,64.147,109.16
378.06,203.01,63.961,108.85
379.29,203.68,63.793,108.56
380.04,203.43,63.578,108.19
381.96,204.53,63.517,108.09
383.4,204.56,63.291,107.71
383.62,204.92,63.393,107.88
384.76,204.82,63.046,107.29
387.05,204.83,63.231,107.6
388.81,205.17,63.363,107.83
389.33,204.55,63.463,108
390.37,204.61,63.484,108.03
390.74,204.42,63.642,108.3
391.54,204.44,63.755,108.5
392.12,203.51,63.528,108.11
392.72,203.66,63.251,107.64
393.1,203.38,63.266,107.66
392.96,202.95,63.427,107.94
392.1,201.63,63.419,107.92
391.67,200.76,63.352,107.81
390.89,200.64,63.162,107.49
387.98,200.18,63.006,107.22
387.16,199.4,62.614,106.55
384.44,197.36,62.616,106.56
382.11,199.81,62.763,106.81
377.85,197.84,63.083,107.35
374.62,199.52,62.71,106.72
370.82,201.52,62.584,106.5
367.47,202.24,62.027,105.55
367.31,230.35,61.743,105.07
368.35,230.65,61.566,104.77
369.42,230.09,61.25,104.23
373.75,205.54,61.412,104.51
375.28,202.32,61.313,104.34
381.3,203.97,61.348,104.4
379.88,201.35,60.757,103.39
409.99,167.95,60.067,102.22
419.56,158.82,59.739,101.66
426.51,165.24,59.547,101.33
389.59,203.91,59.782,101.73
392.82,204.97,60.231,102.5
396,204.92,60.346,102.69
398.54,203.65,60.347,102.7
399.67,204.11,60.776,103.43
403.56,203.36,61.012,103.83
404.37,202.85,61.335,104.38
405.54,202.32,61.487,104.64
407.38,202.37,61.719,105.03
407.67,201.53,61.782,105.14
409.11,201.17,62.017,105.54
409.32,200.81,61.845,105.25
410.21,200.77,62.209,105.87
410.58,200.36,62.52,106.39
411.13,200.5,62.674,106.66
411.33,200.53,62.533,106.42
412.66,201.54,62.602,106.53
413.06,202.31,62.287,106
412.99,202.79,62.25,105.93
413.22,203.58,61.968,105.45
413.23,203.97,61.687,104.98
413.13,204.52,61.589,104.81
413.33,204.92,61.795,105.16
414.04,205.52,61.603,104.83
414.32,205.55,61.63,104.88
415.69,205.77,61.527,104.7
416.82,205.87,61.435,104.55
417.34,205.47,61.097,103.97
418.37,204.75,61.143,104.05
419.43,204.32,61.418,104.52
421.17,203.7,61.373,104.44
422.69,203.59,60.965,103.75
424.7,202.83,61.123,104.02
426.91,202.73,60.976,103.77
429.51,202.56,61.144,104.05
433.38,203.14,61.203,104.15
435.15,202.96,61.267,104.26
436.56,202.81,61.38,104.45
437.64,202.49,60.99,103.79
438.75,202.12,61.102,103.98
440.35,202.14,61.114,104
440.95,201.84,61.152,104.07
441.49,201.69,61.315,104.34
441.02,201.3,61.072,103.93
440.42,201.05,61.112,104
437.99,201.38,60.953,103.73
435.87,201.27,61.026,103.85
432.38,200.83,61.099,103.98
429.02,200.51,60.975,103.76
425.43,199.69,61.223,104.19
419.91,199.38,61.553,104.75
417.14,198.89,61.919,105.37
413.62,198.27,61.935,105.4
411.68,198.21,61.931,105.39
410.16,198.11,61.778,105.13
408.19,197.48,61.96,105.44
407.35,197.13,62.053,105.6
406.7,196.41,61.788,105.15
406.52,196.01,61.541,104.73
406.23,195.46,61.749,105.08
405.64,194.58,61.68,104.96
404.85,193.8,61.571,104.78
404.49,193.57,61.625,104.87
403.72,193.44,61.653,104.92
402.66,193.64,61.489,104.64
402.15,194.95,61.818,105.2
401.68,195.82,61.735,105.06
401.12,195.93,61.83,105.22
402.12,196.76,62.034,105.57
403.17,197.06,61.412,104.51
406.68,197.77,61.118,104.01
408.65,198.26,60.859,103.57
410.36,198.84,61.047,103.89
412.61,199.41,61.362,104.42
414.73,201,60.882,103.61
419.31,202.83,61.093,103.97
422.36,203.67,61.118,104.01
426.47,204.22,60.999,103.8
431.36,203.93,61.13,104.03
437.91,204.56,61.045,103.88
452.75,202.43,61.165,104.09
462.73,201.46,61.121,104.01
472.07,200.03,61.197,104.14
481.83,199.58,61.246,104.23
490.72,199.12,61.122,104.01
504.04,199.13,60.89,103.62
508.66,199.76,60.842,103.54
512.34,200.25,60.899,103.63
513.85,199.94,61.027,103.85
514.82,199.51,61.236,104.21
515.4,199.6,61.35,104.4
514.66,198.89,61.531,104.71
514.24,198.56,61.908,105.35
512.28,197.95,62.106,105.69
509.98,197.21,62.218,105.88
505.79,196.64,62.438,106.25
502.29,195.83,62.529,106.41
499.41,195.57,62.645,106.61
496.31,194.3,62.673,106.65
492.91,193.53,62.587,106.51
488.87,192.97,62.675,106.66
486.46,192.43,62.624,106.57
484.5,192.32,62.652,106.62
483.43,192.33,62.471,106.31
482.31,192.15,62.427,106.24
480.35,192.2,62.337,106.08
478.88,192.46,62.245,105.92
477.67,193.17,62.407,106.2
475.51,193.48,62.216,105.88
474.35,194.36,62.184,105.82
471.05,193.97,62.714,106.72
468.44,194.76,62.938,107.11
465.36,196.16,62.891,107.02
462.04,197.06,62.671,106.65
457.44,196.84,62.478,106.32
449.45,196.6,62.118,105.71
445.2,195.17,62.029,105.56
448.55,196.36,61.455,104.58
447.42,196.98,61.602,104.83
446.72,197.99,61.87,105.29
446.21,197.33,61.763,105.11
443.95,196.19,61.719,105.03
496.25,185.68,61.494,104.65
443.27,196.03,61.384,104.46
441.91,195.16,61.523,104.7
437.77,193.94,61.522,104.69
438.23,193.14,61.447,104.57
437.03,191.8,61.284,104.29
496.36,185.86,61.279,104.28
436.74,189.92,61.3,104.32
434.62,188.89,61.299,104.32
432.93,188.3,61.13,104.03
432.64,188.73,60.771,103.42
430.96,188.37,60.722,103.33
429.67,188.34,60.747,103.38
427.82,187.7,60.594,103.12
427.41,187.96,60.36,102.72
427.12,188.18,60.149,102.36
426.93,188.71,60.22,102.48
427.24,188.47,60.227,102.49
427.76,188.94,60.11,102.29
428.17,189.45,60.114,102.3
429.3,189.42,59.897,101.93
428.03,188.86,59.792,101.75
423.17,189.42,59.828,101.81
416.29,191.52,59.843,101.84
412.79,193.46,59.715,101.62
409.51,195.51,59.365,101.03
407.31,197.71,58.817,100.09
441.79,196.51,59.4,101.08
437.9,199.05,59.224,100.78
435.51,199.25,59.056,100.5
390.74,200.4,58.921,100.27
432.26,200.12,58.734,99.951
387.36,201.76,58.504,99.559
221.79,207.29,58.424,99.423
166.2,204.53,59.025,100.45
165.76,204.7,59.623,101.46
166.11,204.78,60.363,102.72
167.41,204.81,60.751,103.38
168.78,205.13,61.054,103.9
172,204.74,61.366,104.43
173.58,203.79,61.711,105.02
174.94,203.65,62.02,105.54
176.38,202.63,62.788,106.85
177.42,202,63.176,107.51
180.17,201.33,63.334,107.78
181.61,200.77,63.018,107.24
182.53,199.55,62.737,106.76
183.22,198.37,62.871,106.99
183.68,197.96,63.27,107.67
183.47,195.8,63.672,108.35
183.35,194.04,64.175,109.21
182.48,192.56,63.948,108.82
182.5,192.5,63.872,108.7
181.46,192.09,63.988,108.89
178.84,191.85,64.253,109.34
178.24,192.44,63.401,107.89
176.62,192.27,62.434,106.25
175.12,191.75,62.24,105.92
173.77,191.32,62.67,106.65
169.59,190.33,61.994,105.5
167.63,189.46,62.057,105.61
164.53,188.52,62.343,106.09
162.25,188.54,61.666,104.94
159.58,188.32,61.514,104.68
155.73,189.54,60.879,103.6
153.82,190.68,60.592,103.11
152.08,191.94,60.636,103.19
150.65,193.75,60.36,102.72
149.97,194.83,60.319,102.65
149.28,195.01,60.386,102.76
149.04,195.43,60.481,102.92
149.31,196.3,60.669,103.24
149.17,197.72,60.374,102.74
150.2,199.65,60.563,103.06
152.03,203.17,60.939,103.7
154.11,205.53,60.692,103.28
156.93,207.13,60.665,103.24
160.18,208.08,60.59,103.11
164.03,208.89,61.101,103.98
172.14,208.43,61.343,104.39
176.82,207.29,61.604,104.84
182.19,206.16,62.009,105.52
187.18,204.57,61.88,105.31
191.49,203.74,62.642,106.6
196.68,202.51,62.265,105.96
197.71,200.51,62.82,106.9
197.89,198.51,63,107.21
196.75,196.35,63.188,107.53
193.64,194.11,63.474,108.02
186.47,191.51,62.506,106.37
181.37,190.66,61.836,105.23
175.09,188.78,62.144,105.75
168.1,187.95,61.876,105.3
162.57,187.9,61.605,104.84
150.69,187.49,60.983,103.78
144.66,186.84,61.023,103.85
139.51,186.58,61.155,104.07
135.67,186.95,61.101,103.98
131.43,186.89,60.598,103.12
126.19,186.93,60.588,103.11
124.48,186.84,61.039,103.87
123.19,187.53,60.934,103.69
123.23,188.73,60.756,103.39
123.7,190.32,60.421,102.82
125.1,192.39,60.661,103.23
126.38,193.57,61.018,103.84
129.39,195.37,60.749,103.38
132.6,196.8,60.723,103.33
136.3,198.41,60.47,102.9
143.36,200.51,60.58,103.09
146.54,201.23,60.684,103.27
150.44,202.8,60.483,102.93
154.51,203.24,60.636,103.19
156.97,203.3,60.224,102.49
160.81,204.21,60.146,102.35
162.27,204.22,60.151,102.36
162.99,203.94,60.451,102.87
163.05,203.52,61.231,104.2
161.99,202.11,61.49,104.64
159.53,199.82,61.242,104.22
157.12,196.38,60.685,103.27
155.54,192.3,59.726,101.64
153.88,184.79,58.662,99.829
155.08,172.77,57.891,98.516
165.09,149.5,58.071,98.823
174.91,133.45,58.836,100.12
187.06,126.95,58.753,99.983
199.19,119.98,59.014,100.43
214.06,117,59.437,101.15
239.23,116.25,59.391,101.07
255.54,122.1,58.81,100.08
278.54,129.61,58.724,99.934
304.93,137.97,57.787,98.339
323.95,144.3,56.842,96.73
335.57,147.1,56.302,95.813
361.06,161.22,56.235,95.699
370.6,166.95,55.671,94.738
379.76,175.29,55.758,94.887
386.23,181.06,55.387,94.255
396.58,187.87,54.829,93.305
403.62,189.78,54.495,92.736
407.88,192.5,54.302,92.409
411.71,195.51,54.352,92.493
414.8,197.44,54.302,92.409
416.16,198,54.555,92.84
416.07,198.86,54.805,93.264
415.73,200.12,55.064,93.705
412.74,201.31,55.183,93.907
408.87,202.53,55.288,94.087
401.88,203.35,55.448,94.359
397.77,204.64,55.403,94.282
392.54,204.82,55.591,94.603
387.22,204.89,55.693,94.775
382.19,204.94,55.711,94.807
374.52,204.31,55.962,95.234
368.93,202.33,56.157,95.565
364.74,201.1,56.471,96.101
361.17,199.34,56.597,96.314
357.94,197.12,56.799,96.659
353.45,194.71,56.599,96.318
350.95,192.45,56.484,96.122
349.14,188.91,56.664,96.429
346.81,185.82,56.904,96.836
345.91,183.27,57.25,97.425
343.58,181.19,56.923,96.868
342.17,179.92,56.967,96.944
340.99,179.5,56.782,96.629
339.61,179.46,56.66,96.422
338.28,180.54,56.409,95.995
337.34,181.89,56.716,96.517
337.43,183.82,56.733,96.546
338.19,185.92,56.531,96.202
339.49,187.59,56.617,96.347
342.3,189.41,56.741,96.559
349.12,192.4,56.617,96.348
354.12,194.53,56.714,96.513
359.66,197.04,56.8,96.659
366.29,199.32,56.766,96.601
372.94,201.32,56.759,96.59
382.88,204.14,56.735,96.549
390.31,205.5,56.68,96.456
396.45,206.16,56.565,96.26
402.34,206.41,56.682,96.459
407.65,205.99,56.991,96.984
415,205.87,57.103,97.175
418.7,205.7,56.97,96.949
421.28,204.15,57.02,97.035
422.65,202.38,57.053,97.089
423.7,200.62,57.099,97.168
423.35,198.41,57.152,97.259
422.38,196.68,57.098,97.167
420.4,194.98,57.108,97.184
417.91,193.33,56.949,96.914
414.39,191.23,56.983,96.971
407.94,188.74,56.847,96.739
403.14,187.83,56.84,96.728
397.78,186.99,56.691,96.474
391.42,186.21,56.747,96.57
386.37,187.07,56.542,96.22
378.78,187.91,56.54,96.217
375.1,189.92,56.503,96.154
372.99,192.22,56.426,96.024
371.4,193.63,56.433,96.036
371.15,195.18,56.208,95.653
371.7,196.4,56.295,95.8
372.57,196.76,56.302,95.812
374.56,197.2,56.226,95.682
377.41,197.59,56.374,95.935
380.55,197.83,56.501,96.152
384.24,198.14,56.483,96.12
389.59,198.42,56.31,95.825
391.36,198.29,56.214,95.663
393.9,198.39,56.208,95.653
396.33,197.81,56.546,96.228
398.17,196.88,56.599,96.318
401.59,194.89,56.452,96.068
402.96,193.03,56.497,96.145
404.33,191.74,56.669,96.437
404.18,190.48,56.734,96.548
404.95,190.58,56.703,96.494
404.71,190.03,56.97,96.949
404.54,189.88,56.713,96.511
403.89,189.3,56.566,96.262
402.73,188.32,56.719,96.521
401.52,187.74,56.757,96.587
399.79,187.49,56.423,96.017
398.61,187.21,56.507,96.161
397.6,187.15,57.118,97.202
396.56,188.19,57.084,97.143
396.27,190.06,56.539,96.215
396.29,192.04,56.513,96.171
396.62,193.91,56.502,96.153
397.45,195.32,56.355,95.902
398.55,196.07,56.344,95.883
400.87,195.54,56.39,95.962
409.46,194.61,56.431,96.031
414.54,193.76,56.002,95.301
413.35,191.75,56.012,95.319
436,189.33,55.812,94.978
437.89,189.04,55.813,94.981
441.36,192.45,55.558,94.546
442.65,194.35,55.476,94.406
443.67,196.48,55.299,94.105
444.31,195.67,55.622,94.656
444.89,195.28,56.027,95.345
444.08,195.2,56.312,95.829
442.93,194.65,56.398,95.975
442.32,194.01,56.534,96.207
441.85,193.86,56.684,96.461
440.79,193.73,56.777,96.621
441.56,194.7,56.708,96.504
442.07,195.46,56.651,96.407
441.97,195.73,56.823,96.698
441.52,196.79,56.715,96.514
440.18,197.81,56.552,96.237
437.43,199.06,55.978,95.26
433.87,199.58,55.852,95.046
430.29,200.87,55.43,94.327
427.9,201.34,55.167,93.88
423.77,201.28,55.207,93.948
419.36,201.6,55.312,94.127
419.1,200.66,55.374,94.234
419,200.33,55.475,94.405
419.49,200.03,55.512,94.468
421.21,199.44,55.491,94.432
427.03,197.98,55.493,94.435
431.17,195.94,55.683,94.759
435.83,195.39,55.663,94.724
442.03,194.82,55.7,94.788
449.28,194.78,55.791,94.943
460.2,195.72,55.706,94.798
465.64,195.05,55.793,94.947
469.91,194.72,55.763,94.895
473.53,194.27,55.825,95.001
474.95,194.06,55.904,95.135
474.43,192.11,55.565,94.559
471.13,190.72,55.457,94.374
465.86,189.73,55.497,94.442
459.92,189.25,55.603,94.623
453.64,189.31,55.662,94.723
444.4,191.18,55.666,94.73
438.18,192.46,55.943,95.201
433.3,193.43,55.982,95.267
430.07,194.19,56.001,95.3
427.47,194.55,56.018,95.329
425.4,194.73,56.086,95.444
424.58,194.4,56.217,95.667
424.11,193.99,56.345,95.886
424.08,194.25,56.237,95.702
424.62,194.35,56.258,95.737
425.12,194.69,56.155,95.561
425.23,195.09,56.044,95.372
425.13,194.39,55.804,94.964
423.66,194.11,55.84,95.025
422.06,193.51,55.708,94.801
420.77,193.24,55.828,95.005
420.35,193.41,55.977,95.259
420.34,193.06,56.209,95.654
422.1,193.92,56.228,95.687
424.48,194.36,56.172,95.591
429.58,195.1,56.001,95.299
431.7,193.68,56.245,95.716
431.74,192.76,56.384,95.951
427.48,191.21,56.546,96.227
414.64,188.12,56.554,96.241
388.69,188.77,56.813,96.682
378.84,189.53,56.668,96.435
376.06,188.91,57.01,97.017
396.98,189.41,56.334,95.867
436.2,190.69,55.602,94.62
389.56,192.18,55.173,93.891
350.14,196.22,54.484,92.719
348.77,195.55,54.367,92.52
349.08,195.8,54.323,92.445
349.35,194.88,54.271,92.356
351.34,194.48,54.192,92.221
352.49,195.54,54.325,92.448
355.68,196.47,54.468,92.69
360.76,196.99,54.301,92.407
363.53,197.27,54.007,91.906
367.56,199.29,53.204,90.539
367.42,199.2,52.686,89.658
368.35,199.87,51.99,88.474
367.61,197.68,51.592,87.796
366.62,195.53,51.937,88.384
363.77,193.51,52.694,89.672
363.62,193.27,53.042,90.264
362.61,194.69,52.858,89.951
361.8,194.96,52.86,89.954
361.02,194.82,53.076,90.321
361.83,196.96,53.051,90.28
362.57,197.96,53.047,90.272
364.92,198,52.955,90.117
366.43,199.35,52.776,89.812
367.79,200.2,52.41,89.189
371.77,200.41,52.18,88.798
373.23,200.69,52.459,89.272
375.07,201.54,52.539,89.408
376.1,202.06,52.557,89.439
376.98,202.61,52.618,89.543
377.94,203.43,52.566,89.455
377.33,202.98,52.528,89.389
376.39,202.49,52.608,89.526
375.46,202.73,52.45,89.258
372.59,201.59,52.319,89.034
368.21,200.8,52.185,88.806
364.7,198.68,52.332,89.056
362,197.44,52.582,89.481
357.97,195.34,52.892,90.009
354.17,193.81,53.024,90.233
349.22,193,52.976,90.153
346.79,191.97,52.941,90.092
344.74,191.2,53.074,90.32
342.7,190.96,53.164,90.471
340.63,190.1,53.306,90.714
339.3,190.4,53.217,90.563
338.02,190.48,52.922,90.061
337.5,190.58,52.924,90.064
337.31,190.66,53.143,90.437
337.25,190.89,53.38,90.84
337.89,192.2,53.634,91.273
339.6,192.85,53.681,91.352
341.43,194.17,53.751,91.472
343.35,195.42,53.66,91.316
345.46,196.54,53.658,91.312
350.24,198.54,53.455,90.968
351.86,199.22,53.639,91.28
354.27,199.87,53.603,91.218
355.26,199.44,53.592,91.201
356.84,199.52,53.287,90.682
361.09,202.74,52.654,89.604
362.94,203.33,52.449,89.256
360.67,202.36,52.705,89.691
359.1,202.86,52.72,89.716
357.1,202.7,53.001,90.195
354.47,202.68,53.046,90.272
348.79,200.95,53.017,90.222
345.13,199.13,53.027,90.24
342.41,197.54,53.301,90.705
339.86,197.33,53.12,90.398
336.88,198.11,52.499,89.34
364.38,189.99,52.772,89.805
360.5,189.84,53.341,90.773
345.73,189.5,53.979,91.858
338.92,190.24,53.726,91.428
335.56,189.36,53.972,91.847
340.53,186.25,54.296,92.398
361.63,185.78,54.268,92.352
327.24,190.66,53.256,90.628
332.41,190.45,52.816,89.879
334.93,190.92,52.465,89.282
338.81,193.94,52.438,89.236
341.33,196.17,52.443,89.245
345.28,199.26,52.096,88.655
348.78,200.17,52.537,89.405
352.26,201.24,52.809,89.868
357.8,201.87,52.796,89.845
359.97,201.99,52.761,89.785
361.82,203.13,52.337,89.065
363.28,203.87,52.308,89.016
363.89,204.67,52.35,89.086
364.41,207.67,52.398,89.169
364.53,209.18,52.425,89.214
364.07,209.53,52.617,89.541
363.2,209.78,52.796,89.846
361.37,208.77,53.136,90.424
358.74,207.52,53.219,90.566
356.36,205.84,53.486,91.02
353.92,204.51,53.513,91.066
351.49,203.39,53.496,91.037
348.86,202.41,53.567,91.159
345.32,201.8,53.785,91.528
344.06,201.92,53.883,91.695
342.36,201.33,53.678,91.348
342.4,201,53.877,91.686
341.42,199.37,53.774,91.51
341.55,198.17,53.81,91.572
341.56,196.93,53.789,91.535
341.66,196.38,53.991,91.88
341.96,196.11,54.068,92.01
342.39,196.5,53.92,91.758
342.75,196.77,54.225,92.277
343.84,197.42,54.189,92.216
344.91,198.1,54.163,92.172
345.9,198.38,54.407,92.588
347.73,199.13,54.199,92.234
349.59,198.96,54.165,92.176
351.12,199.03,54.086,92.041
352.07,199.98,53.775,91.512
352.53,201.31,53.316,90.731
353.6,202,52.85,89.938
353.92,203.28,52.042,88.563
355.01,204.47,51.801,88.152
354.78,204.44,51.797,88.146
354.69,203.99,52.076,88.621
354.56,203.51,52.026,88.535
352.41,202.63,51.97,88.439
350.42,201.99,52.115,88.688
348.58,201.38,52.213,88.854
347.03,200.82,52.303,89.006
345.84,200.85,52.228,88.879
344.8,200.3,52.036,88.553
344.23,199.85,51.826,88.195
343.5,198.94,51.772,88.104
343.16,198.08,51.787,88.128
342.42,197.31,51.627,87.856
342.43,196.63,51.818,88.181
341.3,195.43,52.005,88.5
340.97,195.6,51.993,88.479
340.36,195.36,51.762,88.087
339.78,194.32,51.624,87.851
339.39,193.77,52.248,88.914
338.48,194.13,52.768,89.798
339.28,195.66,52.519,89.374
339.27,194.96,52.655,89.605
340.41,194.18,52.978,90.156
342.98,193.94,53.164,90.472
343.9,193.52,53.445,90.951
345.64,193.99,53.671,91.336
347.27,194.29,53.71,91.402
348.73,194.46,53.736,91.445
350.43,194.49,53.88,91.69
351.09,194.31,53.844,91.63
351.7,194.33,53.817,91.583
352.22,194.43,53.704,91.39
353.31,194.85,53.747,91.464
354.24,194.9,53.733,91.44
354.84,194.63,53.834,91.613
354.85,193.85,53.719,91.417
355.62,193.86,53.557,91.142
355.19,192.51,53.487,91.022
355.17,191.43,53.389,90.855
355.24,191.04,53.552,91.132
354.34,190.03,53.547,91.125
354.08,189.73,53.437,90.937
354.29,190.03,53.686,91.361
353.9,189.86,53.893,91.713
353.27,189.61,53.947,91.805
352.94,189.72,53.992,91.881
353.42,190.36,54.045,91.971
353.12,190.69,54.241,92.305
352.32,190.64,54.358,92.503
352.73,191.98,54.284,92.378
352.34,192.15,54.42,92.609
353.41,193.35,54.3,92.405
353.69,193.79,54.22,92.269
355.7,194.6,54.19,92.217
357.32,195.33,54.035,91.955
359.55,196.17,53.991,91.88
361.33,196.55,53.879,91.688
362.84,196.5,53.826,91.599
366.47,196.06,53.787,91.533
368.34,196.02,53.912,91.745
368.95,195.2,53.863,91.661
369.7,194.71,53.744,91.459
370.19,194.41,53.786,91.531
369.42,192.97,53.817,91.584
366.96,191.45,53.851,91.642
364.54,190.37,53.925,91.766
362.21,189.67,53.924,91.766
359.56,188.71,53.889,91.705
355.76,187.88,53.887,91.703
354.22,187.36,53.875,91.682
352.66,187.32,53.927,91.77
351.6,187.23,53.951,91.811
350.69,187.15,53.936,91.785
350.1,187.1,53.998,91.891
350.32,187.66,54.224,92.276
349.88,187.47,54.156,92.159
350.98,188.37,54.101,92.066
353.77,189.79,53.956,91.82
356.95,191.36,53.982,91.864
363.94,194.64,53.83,91.605
364.84,196.14,53.862,91.66
369.33,198.58,53.406,90.884
376.38,202.45,51.847,88.23
383.23,204.72,50.44,85.837
386.57,207.68,48.911,83.235
404.64,206.55,49.089,83.537
404.63,207.38,48.822,83.084
405.63,210.86,47.794,81.334
407.95,215.54,46.242,78.692
407.87,218.46,45.348,77.172
411.11,220.65,44.499,75.726
412.46,222.21,43.915,74.733
412.64,221.78,44.056,74.972
412.31,222.36,43.844,74.611
415.96,222.53,44.021,74.912
417.18,222.88,44.172,75.169
420.76,222.96,44.063,74.984
422.42,222.79,44.03,74.929
423.72,223.2,43.78,74.503
425.58,224.44,42.861,72.94
425.01,225.21,42.07,71.593
424.65,225.7,41.493,70.611
425.55,224.91,40.697,69.257
423.82,222.95,40.202,68.414
424.28,221.84,39.522,67.256
424.1,219.97,39.097,66.534
424.8,220.12,38.365,65.288
425.66,221.08,37.35,63.561
431.35,221.53,36.572,62.236
441.6,221.36,36.375,61.902
450.35,222.6,35.401,60.243
457.63,221.86,34.867,59.336
464.58,221.77,34.878,59.353
474,223.08,34.258,58.298
478.23,223.33,33.952,57.778
478.59,224.53,33.368,56.784
477.64,224.66,33.131,56.381
478.33,225.61,32.779,55.783
485.14,226.27,32.303,54.972
483.85,227.97,31.975,54.413
468.06,231.07,31.379,53.399
467.59,233.93,30.479,51.868
463.11,236.58,29.643,50.445
454.38,237.6,28.988,49.33
454.23,237.16,28.358,48.258
495.63,233.95,28.606,48.68
492.41,230.26,29.545,50.279
489.01,231.17,29.641,50.441
487.28,229.57,29.869,50.829
487.92,229.76,30.012,51.073
486.8,230.65,29.718,50.573
486.33,231.95,29.446,50.11
488.24,232.37,29.065,49.462
489.17,232.54,28.654,48.761
489.85,231.83,28.546,48.578
489.52,231.84,28.307,48.172
487.36,231.96,28.099,47.818
485.93,232.36,27.742,47.211
484.42,233.47,27.09,46.101
480.79,233.53,27.082,46.086
477.86,234.05,27.161,46.221
475.01,234.96,27.03,45.999
472.17,236.04,26.587,45.245
468.87,236.17,26.347,44.837
464.38,236.53,26.344,44.831
461.62,237.02,26.31,44.773
461.02,236.71,26.246,44.664
461,236.68,26.375,44.884
461.68,237.38,26.098,44.413
468.21,236.45,25.928,44.124
470.76,235.9,26.08,44.381
474.03,236.63,25.751,43.822
478.86,236.55,25.665,43.675
483.5,237.07,25.228,42.932
492.31,237.22,25.033,42.601
497.04,237.97,24.884,42.346
499.75,238.35,24.669,41.981
502.79,239.22,24.079,40.976
504.05,240.65,23.576,40.12
506.4,238.99,23.582,40.13
506.95,235.99,24.049,40.926
518.16,223.93,24.173,41.137
519.02,220.14,24.348,41.434
520.58,218.51,24.408,41.536
517.76,214.74,24.27,41.301
514.28,212.65,24.013,40.864
510.87,214.05,23.94,40.74
506.55,214.38,23.84,40.57
503.15,217.04,23.817,40.531
495.33,223.93,23.922,40.71
493.12,225.71,23.975,40.8
491.51,228.46,23.714,40.355
490.47,229.21,23.611,40.181
490.42,226.61,23.874,40.628
489.98,226.75,23.987,40.82
492.17,227.26,23.805,40.511
494.21,227.16,23.857,40.599
496.28,228.71,23.818,40.533
498.35,231.31,23.795,40.493
503.07,235.05,23.788,40.481
503.94,234.8,23.822,40.54
504.97,235.26,23.819,40.534
505.99,235.45,23.704,40.338
508.2,235.11,23.689,40.313
512.31,232.92,23.75,40.417
514.62,230.75,23.831,40.555
516.92,231.24,23.858,40.6
520.49,229.8,24.031,40.894
524.47,230.09,24.149,41.096
531.3,227.92,24.363,41.46
533.95,228.02,24.344,41.428
535.97,226.06,24.431,41.576
537.32,226.58,24.264,41.292
537.5,224.7,24.42,41.557
535.81,222.28,24.282,41.322
531.82,220.9,24.079,40.976
527.91,221.26,23.815,40.527
521.49,217.23,24.163,41.119
513.94,215.82,24.377,41.483
499.07,213.79,24.57,41.812
488.73,213.61,24.542,41.764
480.33,213.3,24.379,41.487
474.65,238.6,24.483,41.665
474.29,240.38,24.646,41.942
474.25,240.34,24.729,42.082
473.21,240.29,24.69,42.016
472.64,240.11,24.556,41.788
471.26,239.85,24.377,41.484
470.76,240.24,24.195,41.174
468.69,239.07,24.067,40.956
468.53,239.13,23.984,40.815
468.45,238.83,23.949,40.755
468.16,238.65,23.875,40.629
468.56,238.8,23.883,40.643
469.71,240.07,23.807,40.514
470.34,240.32,23.768,40.448
471.12,240.65,23.779,40.465
471.04,240.88,23.805,40.51
470.56,240.34,23.786,40.478
470.57,240.38,23.798,40.498
470.6,240.38,23.899,40.67
470.37,240.2,23.928,40.72
470.33,240.6,24.022,40.879
470.86,240.87,24.12,41.046
473.1,241.2,23.91,40.689
474.42,240.72,23.901,40.674
476.87,240.54,23.789,40.483
479.69,240.58,23.449,39.904
483.22,239.87,23.321,39.686
489.95,239.51,23.479,39.955
492.32,238.77,23.321,39.686
496.35,239.42,23.261,39.585
499.41,240.11,22.999,39.139
502.77,241.77,23.035,39.2
509.2,242.76,23.021,39.176
511.92,243.32,22.867,38.913
513.65,243.58,22.731,38.683
516.31,244.99,22.36,38.051
518.02,245.83,22.053,37.528
521.05,246.76,22.022,37.477
522.03,247.6,21.985,37.413
522.52,248.99,21.757,37.024
522.4,249.62,21.842,37.17
522.82,251.1,21.703,36.932
524.48,252.95,21.616,36.786
525.76,252.83,21.66,36.861
527.06,252.97,21.71,36.944
529.59,253.43,21.452,36.506
531.57,253.15,21.353,36.338
537.69,253.02,21.075,35.865
540,252.12,21.058,35.836
542.76,251.82,20.825,35.439
544.98,250.86,20.727,35.273
546.8,250.08,20.998,35.734
548.35,250.15,20.952,35.656
550.65,249.29,20.953,35.657
551.54,248.83,20.811,35.415
551.33,248.03,21.023,35.776
551.76,248.36,21.072,35.859
551.37,249.21,20.933,35.623
552.08,251.69,20.827,35.443
551.66,253.94,20.809,35.412
552.38,256.72,20.885,35.541
553.47,259.26,20.826,35.44
556.93,262.23,20.848,35.479
558.29,264.02,20.841,35.467
560.08,265.12,20.97,35.686
562.22,268.01,20.865,35.507
563.35,269.51,20.977,35.698
567.77,273.71,20.938,35.631
569.38,274.56,20.999,35.736
571.55,275.5,20.813,35.418
575.15,275.13,20.752,35.315
579.59,274.7,20.867,35.51
589.27,272.02,20.847,35.477
597.22,264.19,20.66,35.159
602.82,259.48,20.567,35
608.32,254.36,20.596,35.049
607.25,249.18,20.572,35.008
611.96,238.12,20.498,34.883
611.48,233.29,20.571,35.006
605.82,235,20.401,34.718
604.55,231.52,20.736,35.288
615.95,239.65,21.036,35.798
627.09,239.31,21.117,35.936
648,247.86,21.198,36.073
654.22,257.96,21.249,36.16
660.26,278.12,21.491,36.573
663.61,275.73,21.39,36.401
670.8,269.86,21.262,36.183
672.78,266.93,21.157,36.004
673.99,263.48,21.115,35.933
674.86,260.43,21.123,35.946
674.4,257.66,20.974,35.692
675.58,255.47,20.731,35.279
686.05,244.25,20.56,34.987
692.49,239.25,20.406,34.726
698.18,232.64,20.409,34.732
702.73,227.74,20.422,34.753
703.74,225.46,20.604,35.063
704.93,225.92,20.663,35.162
706.27,228.23,20.641,35.125
708.01,229.78,20.819,35.43
708.53,231.15,20.984,35.709
710.21,232.44,20.977,35.697
714.57,233.3,21.128,35.955
715.59,235.79,21.032,35.791
717.86,239.85,20.971,35.687
719.43,244.8,20.917,35.595
720.88,250.85,20.949,35.65
724.05,266.01,20.888,35.546
725.75,274.6,20.886,35.542
728.32,281.18,20.753,35.317
732.27,284.28,20.747,35.306
736.38,285.55,20.782,35.366
744.44,283.79,20.834,35.455
746.12,282.64,20.866,35.508
747.49,281.34,20.9,35.566
749.22,279.74,20.92,35.601
749.05,279.49,21.042,35.809
746.65,282.48,21.012,35.757
744.84,284.34,20.938,35.631
742.9,285.88,20.978,35.7
741.28,287.63,20.952,35.655
739.54,288.66,20.882,35.537
737.83,284.34,20.959,35.667
738.01,280.36,20.899,35.565
737.25,275.48,20.725,35.269
735.35,269.23,20.586,35.032
732.98,264.33,20.45,34.8
723.44,251.51,20.399,34.714
716.42,245.8,20.472,34.837
706.36,240.77,20.521,34.921
694.24,238.57,20.326,34.59
675.75,238.23,20.287,34.524
652.4,233.12,20.169,34.323
627.81,242.67,20.159,34.306
611.14,234.29,20.132,34.259
628.76,188.07,20.04,34.103
606.5,196.35,19.999,34.033
607.6,194.62,19.926,33.908
614.3,189.73,20.142,34.277
634.03,192.86,20.303,34.55
647.24,183.92,20.43,34.766
659.23,186.44,20.3,34.546
665.43,174.43,20.399,34.715
664.88,177.99,20.389,34.698
665.68,177.12,20.349,34.629
671.89,176.01,20.277,34.507
680.89,175.22,20.297,34.541
699.2,166.68,20.209,34.39
692.3,151.89,20.242,34.447
688.75,155.58,20.35,34.63
691.04,153.87,20.297,34.54
692.38,154.81,20.34,34.614
693.02,153.25,20.25,34.461
691.83,151.28,20.295,34.538
701.78,159.6,20.467,34.83
699.74,155.41,20.342,34.617
698.76,151.33,20.262,34.481
700.89,149.1,20.195,34.367
702.11,145.98,20.227,34.422
705.17,142.98,20.35,34.631
710.22,140.27,20.498,34.883
718.72,141.05,20.447,34.796
727.28,133.75,20.398,34.713
739.66,137.39,20.48,34.853
742.33,132.17,20.465,34.826
744.47,127.58,20.423,34.755
737.91,114.84,20.493,34.873
744.5,115.03,20.435,34.776
753.24,116.74,20.557,34.984
755.66,114.02,20.56,34.989
748.22,102.05,20.568,35.001
747.49,98.474,20.514,34.909
747.4,95.805,20.385,34.691
747.17,90.427,20.359,34.645
749.14,86.174,20.372,34.668
751.2,80.247,20.574,35.012
750.4,75.457,20.829,35.445
748.93,70.136,20.875,35.524
754.18,71.389,20.954,35.658
755.15,68.551,20.96,35.668
766.35,76.203,20.934,35.624
755.18,77.871,20.928,35.614
744.52,88.518,20.879,35.531
738.23,87.827,20.91,35.584
737.92,86.282,20.974,35.693
755.86,86.133,20.86,35.498
760.09,69.133,20.864,35.505
724.5,64.644,20.757,35.324
737.61,70.029,20.805,35.405
750.97,76.605,21.048,35.818
763.08,84.853,20.973,35.691
773.09,93.785,20.947,35.646
788.48,98.755,21.055,35.831
794.07,107.61,21.108,35.921
798.89,108.18,21.162,36.013
803.05,109.59,21.245,36.154
806.11,115.52,21.257,36.174
811.64,114.28,21.365,36.359
814.24,103.99,21.31,36.265
814.98,103.97,21.294,36.238
815.96,100.24,21.28,36.213
815.77,92.422,21.192,36.063
811.53,82.678,21.006,35.747
809.97,76.688,20.846,35.475
806.97,74.359,20.801,35.398
803.65,74.638,20.798,35.394
799.94,74.459,20.754,35.319
792.45,77.36,20.608,35.07
788.73,79.94,20.528,34.934
783.92,80.936,20.448,34.798
779.63,81.42,20.494,34.876
775.12,80.299,20.483,34.857
766.23,77.113,20.49,34.869
760.87,75.125,20.51,34.903
756.08,74.06,20.448,34.798
751.12,74.697,20.481,34.854
746.22,75.577,20.483,34.857
739.03,73.782,20.4,34.715
735.98,72.962,20.478,34.849
732.99,69.907,20.502,34.89
731.01,66.259,20.516,34.914
728.03,68.889,20.53,34.937
725.89,66.046,20.522,34.924
725.93,63.814,20.447,34.796
725.05,65.468,20.414,34.739
725.58,63.833,20.419,34.747
725.78,64.178,20.35,34.63
727.36,61.322,20.305,34.554
728.09,60.321,20.323,34.584
728.02,60.998,20.312,34.567
727.33,61.513,20.282,34.515
726.8,62.069,20.317,34.575
726.04,64.647,20.242,34.447
726.24,63.723,20.278,34.508
726.16,63.791,20.174,34.332
726.17,64.819,20.172,34.328
728.15,60.909,20.275,34.504
730.33,57.611,20.322,34.584
730.17,51.678,20.352,34.634
730.78,57.93,20.278,34.508
730.09,64.357,20.313,34.568
729.44,64.163,20.214,34.399
728.78,77.866,20.277,34.506
728.97,78.384,20.291,34.531
729.41,79.36,20.319,34.577
729.52,79.68,20.36,34.648
729.34,78.975,20.391,34.7
729.26,81.155,20.295,34.537
731.3,83.565,20.263,34.482
733.88,85.338,20.273,34.5
735.52,85.764,20.405,34.723
737.09,84.359,20.33,34.597
740.26,84.315,20.306,34.556
740.5,83.945,20.226,34.419
739.55,82.843,20.129,34.255
737.25,82.301,20.09,34.188
735.41,78.782,20.185,34.35
729.52,80.91,20.217,34.404
727.47,85.36,20.209,34.392
725.43,86.97,20.113,34.227
723.36,87.474,20.101,34.208
721.93,89.103,20.161,34.309
721.39,89.049,20.208,34.388
722.09,89.571,20.231,34.428
723.58,89.72,20.3,34.545
726.25,89.461,20.365,34.657
730.14,94.592,20.359,34.645
734.69,93.446,20.307,34.557
745.49,92.587,20.28,34.511
751.32,91.016,20.312,34.565
756.99,90.723,20.322,34.583
762.65,90.11,20.433,34.772
766.92,88.186,20.5,34.887
774.13,87.639,20.618,35.087
777.15,87.085,20.632,35.111
779.56,87.472,20.668,35.173
781.88,85.932,20.66,35.159
783.51,86.602,20.662,35.161
784.57,87.422,20.613,35.079
785.04,87.763,20.562,34.992
784.8,88.339,20.544,34.961
783.41,87.353,20.619,35.089
783.05,87.963,20.613,35.078
782.22,88.706,20.622,35.094
781.92,89.006,20.641,35.125
782.29,89.316,20.57,35.006
783.74,91.864,20.48,34.851
786.14,92.989,20.249,34.458
793.99,95.612,20.192,34.362
798.57,94.684,20.119,34.238
803.68,91.785,20.071,34.155
809.33,91.192,20,34.035
815.02,92.083,20.075,34.162
825.46,88.656,20.024,34.075
830.9,89.218,20.073,34.158
834.58,88.333,20.162,34.31
836.68,89.978,20.076,34.164
838.56,91.043,20.046,34.114
841.44,88.96,20.179,34.34
842.29,88.519,20.132,34.26
842.22,88.603,20.166,34.318
840.96,87.187,20.226,34.42
840.09,87.421,20.25,34.461
833.39,88.678,20.246,34.454
827.85,91.69,20.232,34.43
822.78,91.157,20.323,34.584
816.93,94.605,20.342,34.617
811.39,98.774,20.336,34.606
804.49,105.25,20.423,34.755
802.93,106.91,20.497,34.882
802.71,109.26,20.572,35.009
803.83,111.74,20.484,34.858
805.77,110.87,20.449,34.8
812.52,111.38,20.433,34.772
814.6,111.28,20.394,34.706
816.25,111.3,20.406,34.727
817.19,111.31,20.426,34.76
817.52,112.03,20.452,34.803
814.26,114,20.502,34.89
811.57,115.67,20.558,34.984
808.97,117.23,20.632,35.111
806.54,117.13,20.633,35.113
804.99,115.79,20.745,35.303
