462.5,214.5,45,100
453.55,214.51,45.892,101.98
448.14,211.69,45.729,101.62
439.42,213.31,45.167,100.37
434.42,211.82,45.162,100.36
426.33,207.97,44.487,98.86
419.42,208.33,44.328,98.506
412.69,208.58,44.107,98.015
405.93,207.54,43.959,97.686
401.51,204.63,43.985,97.744
399.21,202.37,44.148,98.107
390.8,203.55,43.37,96.378
388.22,203,43.415,96.478
381.49,198.85,43.318,96.262
377.86,199.41,43.277,96.172
372.4,199.17,43.546,96.769
367.88,198.44,43.046,95.657
364.39,195.6,43.084,95.743
363.28,195.17,42.306,94.013
359.41,195.63,42.185,93.743
356.2,193.98,42.088,93.529
352.15,190.62,41.589,92.421
348.69,190.61,41.759,92.798
345.52,191.42,41.18,91.511
342.93,190.3,41.134,91.408
340.42,186.8,41.36,91.911
338.85,184.51,41.158,91.463
336.47,186.35,40.523,90.052
333.62,185.89,40.399,89.775
332.49,182.53,40.022,88.939
329.4,181.32,39.844,88.543
326.59,182.15,39.939,88.752
322.96,181.09,39.819,88.488
320.65,177.16,39.927,88.726
319.08,176.74,39.838,88.53
315.85,176.58,39.782,88.404
314.33,175.78,39.828,88.507
312.25,172.53,39.769,88.376
310.58,171.49,39.804,88.453
308.34,173.31,39.323,87.384
305.86,171.98,39.212,87.137
303.02,168.11,39.313,87.362
302.91,167.51,39.298,87.33
301.17,168.33,39.141,86.98
298.69,167.58,38.629,85.842
297.57,164.93,38.199,84.888
294.88,165.64,38.102,84.671
293,166.4,37.877,84.171
289.57,165.42,37.447,83.215
288.25,163.32,37.51,83.355
286.34,161.72,37.629,83.621
283.92,162.22,37.617,83.592
280.81,160.63,37.049,82.332
277.99,158.4,36.598,81.328
276.68,159.79,36.638,81.418
271.96,159.62,36.571,81.269
269.36,159.21,36.242,80.538
266.42,156.26,36.1,80.221
263.56,155.19,35.939,79.865
261.58,157.69,35.833,79.63
259.09,156.15,35.629,79.175
256.28,153.73,35.501,78.89
252.94,153.23,35.46,78.8
249.54,154.64,35.292,78.428
246.43,155.46,35.136,78.081
241.89,152.01,35.275,78.388
238.47,152.07,35.316,78.48
236.96,153.25,35.525,78.944
231.51,149.44,35.369,78.597
229.83,149.73,35.345,78.544
225.99,149.73,35.166,78.147
222.42,149.83,34.933,77.628
220.25,148.74,35.018,77.817
218.55,146.61,34.681,77.069
215.81,148.3,34.376,76.391
213.88,147.55,34.224,76.054
210.54,144.89,33.984,75.52
207.28,144.36,33.597,74.661
203.96,145.33,33.54,74.533
200.24,145.25,33.529,74.509
197.19,142.83,33.349,74.108
194.68,143.42,33.036,73.414
192.07,143.85,33.118,73.597
188.75,142,32.793,72.874
187.71,141.3,32.576,72.391
184.27,142.02,32.387,71.971
181,142.2,32.338,71.862
177.95,140.94,32.267,71.704
175.98,139.64,32.169,71.487
174.57,141.61,31.852,70.782
172.99,140.23,31.807,70.682
171.22,137.08,31.579,70.175
169.5,136.8,31.495,69.989
167.98,137.31,31.278,69.507
166.51,136.57,30.983,68.852
164.5,133.73,30.85,68.556
162.96,133.16,30.731,68.291
162.01,133.99,30.693,68.206
160.57,133.63,30.64,68.09
159.7,132.5,30.598,67.995
158.07,130.44,30.485,67.746
155.73,130.86,30.403,67.563
153.7,130.99,30.307,67.349
151.98,129.99,30.295,67.322
150.76,128.63,30.485,67.745
147.97,127.98,30.406,67.569
136.06,134.39,30.505,67.789
137.38,134.57,30.606,68.013
140.32,137.75,30.644,68.098
143.58,139.24,30.837,68.527
144.03,137.54,30.968,68.818
145.97,138,30.844,68.542
147.4,139.44,31.08,69.067
149.33,140.25,31.206,69.347
151.78,140.57,31.439,69.864
153.4,139.49,31.455,69.9
154.85,140.5,31.592,70.205
157.29,141.39,31.762,70.583
160.05,140.52,31.934,70.963
162.52,141.48,31.969,71.042
163.96,141.54,32.096,71.325
165.72,142.3,32.147,71.437
167.38,142.46,32.447,72.104
168.71,142.26,32.513,72.252
170.76,142.92,32.474,72.165
171.86,143.47,32.635,72.523
173.54,144.22,32.754,72.787
176.28,143.63,32.802,72.893
178.06,144.28,32.852,73.005
180.56,146.47,32.874,73.054
180.97,146.6,33.104,73.564
181.96,146.2,33.339,74.087
183.47,145.63,33.463,74.363
184.15,146.2,33.636,74.747
186.66,148.08,33.675,74.833
187.42,148.04,33.742,74.982
189.88,148.06,34.01,75.578
191.39,148.14,34.046,75.657
193.16,149.38,34.147,75.883
195.41,150.53,34.173,75.94
195.71,150.18,34.256,76.124
196.9,149.29,34.449,76.554
198.9,150.57,34.703,77.119
200.36,151.62,35.013,77.808
202.9,152.39,35.203,78.229
203.71,151.31,35.344,78.543
206.06,152.18,35.456,78.791
207.35,153.3,35.269,78.375
209.36,154.13,35.403,78.674
211.3,154.66,35.402,78.672
212.78,153.96,35.495,78.878
214.78,154.88,35.556,79.012
217.05,156.7,35.708,79.35
219.84,156.7,35.837,79.638
222.12,156.77,35.754,79.454
223.8,157.03,35.782,79.515
226.22,158.43,35.862,79.692
228.27,159.15,35.84,79.644
229.27,158.67,36.054,80.119
231.44,158.86,36.125,80.278
233.34,159.43,36.018,80.041
236.1,160.82,36.071,80.157
239.04,160.82,36.132,80.293
241.78,160.52,36.284,80.63
244.74,163.43,36.511,81.136
246.03,163.48,36.634,81.408
246.96,163.35,36.655,81.456
248.43,163.37,36.784,81.743
250.93,164.34,36.904,82.008
253.48,166.85,37.035,82.3
255.12,166.08,37.14,82.534
257.25,166.15,37.396,83.102
259.54,166.46,37.288,82.863
260.84,167.9,37.546,83.436
263.23,168.8,37.534,83.409
263.56,168.08,37.56,83.466
265.49,168.29,37.503,83.34
268.32,169.74,37.517,83.37
270.7,171.1,37.803,84.006
274.53,171.35,37.934,84.298
276.23,170.08,38.213,84.918
277.43,170.68,38.199,84.887
279.78,172.34,38.33,85.177
283.21,173.07,38.561,85.69
285.75,173.23,38.491,85.536
287.44,172.42,38.449,85.442
290.28,174.02,38.662,85.915
293.75,175.6,38.917,86.482
297.38,175.32,39.135,86.966
300.43,175.51,39.141,86.979
302.68,175.38,39.094,86.875
305.19,177.69,39.197,87.106
307.74,178.97,39.474,87.721
309.7,178.5,39.784,88.41
312.46,178.47,40.081,89.069
314.12,179.9,40.235,89.41
316.06,181.58,40.205,89.344
319.55,182.23,40.599,90.221
322.06,181.45,41.042,91.203
325.49,181.42,41.018,91.152
327.96,183.68,41.001,91.114
331.06,184.66,41.309,91.798
333.83,185.13,41.408,92.018
336.9,185.2,41.391,91.981
341.31,187.51,41.388,91.972
344.4,188.56,41.329,91.843
348.53,188.82,41.472,92.161
352.47,188.62,41.665,92.589
356.16,189.81,41.609,92.465
359.65,192.66,41.706,92.68
362.08,193.22,41.741,92.759
364.78,193.01,41.963,93.25
368.1,192.89,41.878,93.062
370.94,193.91,42.052,93.448
375.38,196.56,42.245,93.877
379.17,196.13,42.271,93.935
382.91,195.18,42.619,94.71
385.9,195.15,42.751,95.002
389.23,197.67,43.346,96.326
392.55,200.23,43.892,97.538
395.25,199.68,44.058,97.907
398.45,199.42,44.195,98.211
401.8,200.56,44.239,98.308
405.96,202.94,44.276,98.392
411.34,204.76,44.314,98.476
415.11,203.76,44.654,99.232
418.88,202.61,44.718,99.374
423.1,204.76,44.897,99.772
428.11,207.53,44.919,99.821
433.71,207.36,45.578,101.29
437.36,206.23,45.775,101.72
442.33,207.34,46.05,102.33
448.17,210.1,46.189,102.64
454.4,210.19,46.371,103.05
461.15,211.11,46.698,103.77
465.46,211.62,47.105,104.68
470.72,213.33,47.296,105.1
475.96,214.31,47.365,105.26
480.63,213.7,47.552,105.67
485.2,214.62,47.591,105.76
489.77,215.06,47.649,105.89
496.99,216.88,47.626,105.84
504.16,218.6,47.708,106.02
507.5,217.48,48.016,106.7
512.37,218.38,48.26,107.24
516.04,221.38,48.304,107.34
524.78,223.81,48.712,108.25
531.66,223.6,48.831,108.51
535.36,222.96,48.974,108.83
538.54,224.65,48.919,108.71
572.43,229.19,48.756,108.35
597.97,229.86,48.644,108.1
594.54,244.2,49.178,109.28
582.08,245.8,49.008,108.91
595.57,235.21,48.862,108.58
617.74,221.1,49.056,109.01
595.09,253.68,48.696,108.21
594.85,261.44,47.967,106.59
597.7,275.95,46.916,104.26
598.71,271.73,46.589,103.53
599.19,239.88,46.342,102.98
598.64,198.34,46.015,102.25
598.23,242.52,45.698,101.55
599.52,272.62,45.059,100.13
601.19,270.42,44.62,99.155
601.03,270.76,44.326,98.502
600.21,278.56,43.964,97.697
600.38,275.91,43.469,96.599
601.65,270.87,43.003,95.561
601.6,276.44,42.806,95.125
602.28,274.24,42.662,94.804
602.06,274.96,42.488,94.418
602.38,275.11,42.112,93.581
602.27,273.5,42.084,93.52
