507.5,290.5,37,92
507.26,286.63,37.068,92.168
507.09,286.59,37.078,92.195
506.89,286.48,37.366,92.91
507.19,285.41,37.671,93.668
506.74,285.04,37.691,93.719
506.08,284.28,37.659,93.638
505.61,284.5,37.851,94.117
504.61,285.25,38.204,94.993
503.47,285.47,38.14,94.835
502.26,285.76,38.719,96.274
501.77,285.54,38.517,95.771
496.47,285.13,38.151,94.863
494.57,285.15,38.13,94.81
492.67,285.04,38.268,95.153
490.39,284.58,38.006,94.5
489.47,284.68,38.071,94.662
486.77,284.15,37.904,94.248
484.83,284.34,37.465,93.157
485.14,285.18,37.007,92.017
484.04,284.97,36.88,91.702
483.4,285.19,36.726,91.319
480.1,284.83,37.064,92.159
479.58,285.2,37.297,92.74
478.34,285.4,37.434,93.079
477.17,283.84,37.986,94.451
474.91,282.96,38.283,95.19
473.07,283.31,38.624,96.038
472.27,283.71,38.954,96.859
471.05,282.84,39.172,97.4
470.25,282.04,39.098,97.217
468.52,283.32,38.607,95.997
466.14,283.41,38.49,95.706
465.12,283.89,38.6,95.979
463.28,283.4,38.697,96.219
462.06,283.89,39.213,97.503
460.14,284.31,39.514,98.25
457.51,283.37,39.552,98.346
455.13,283.5,39.757,98.856
451.3,282.79,39.865,99.123
450.21,283.09,39.72,98.762
448.89,282.91,39.619,98.512
446.62,282.96,39.652,98.595
444.81,282.83,39.511,98.243
443.92,282.56,39.208,97.489
442.84,282.5,39.004,96.984
442.34,282.82,38.926,96.789
439,283.1,38.941,96.826
437.37,283.68,38.982,96.928
435.91,283.94,39.013,97.005
433.89,283.77,39.153,97.354
430.83,283.42,39.466,98.131
428.58,282.74,39.728,98.783
426.74,282.53,40.057,99.601
425.18,281.64,40.5,100.7
424.41,281.41,41.155,102.33
422.38,280.39,41.418,102.99
419.66,279.15,41.495,103.18
417.17,278.74,41.475,103.13
416.62,279.17,41.254,102.58
414.51,278.69,41.043,102.05
413.38,278.87,40.96,101.85
410.25,279.94,40.945,101.81
409.13,279.91,41.057,102.09
405.72,279.6,40.892,101.68
402.59,278.82,40.984,101.91
400.27,278.56,40.897,101.69
398.59,278.85,40.986,101.91
396.66,278.24,40.82,101.5
395.03,278.14,40.876,101.64
392.96,278.35,40.762,101.35
390.25,278.64,40.616,100.99
387.72,279.27,40.393,100.44
385.52,279.36,40.252,100.09
384.52,281.18,40.377,100.4
382.35,281.51,40.198,99.951
381.56,282.03,40.352,100.33
378.2,281.77,40.406,100.47
375.88,282,40.653,101.08
374.56,282.7,40.726,101.26
373.77,282.75,41.188,102.41
373.09,283.09,41.642,103.54
371.23,283.1,41.812,103.97
370.98,283.55,41.973,104.37
370.16,283.23,41.888,104.15
370.07,282.94,41.84,104.04
370.03,283.52,41.753,103.82
369.51,285.21,41.901,104.19
368.85,286.45,41.85,104.06
368.65,288.82,41.962,104.34
367.09,290.27,41.964,104.34
367.86,290.12,42.167,104.85
368.47,289.07,42.385,105.39
367.76,287.21,42.882,106.63
366.47,285.31,42.9,106.67
366.54,283.22,43.073,107.1
366.42,281.04,43.28,107.61
366.8,279.94,43.491,108.14
366.38,279.43,43.263,107.57
366.8,278.64,43.478,108.11
367.14,278.14,43.318,107.71
366.6,277.41,43.248,107.54
364.38,277.34,43.121,107.22
362.45,277.9,42.977,106.86
362.49,278.82,42.903,106.68
363.51,278.01,42.793,106.4
364.37,277.16,42.908,106.69
364.06,276.81,43.325,107.73
363.23,275.45,43.68,108.61
361.49,275.99,43.661,108.56
357.47,278.53,43.583,108.37
355.49,280.36,43.567,108.33
355.88,280.69,43.618,108.46
360.06,279.34,43.758,108.8
362.55,277.53,43.756,108.8
367.85,273.46,43.973,109.34
369.3,271.11,44.187,109.87
369.36,271.19,44.56,110.8
372.8,276.74,44.428,110.47
381.9,281.35,44.315,110.19
395.82,283.15,44.139,109.75
410.69,280.62,44.281,110.1
418.02,279.37,44.144,109.76
415.39,281.66,43.834,108.99
412.23,283,43.862,109.06
410.18,283.44,43.948,109.28
409.67,283.54,43.984,109.37
412.14,283.6,43.868,109.08
414.03,285.57,44.015,109.44
423.2,289.62,44.083,109.61
421.3,296.43,44.164,109.81
444.83,309.13,42.958,106.81
473.4,313.79,42.426,105.49
469.17,318.68,41.885,104.15
467.94,319.79,41.588,103.41
470.37,316.19,41.205,102.46
460.62,307.74,41.093,102.18
461.69,308.04,40.845,101.56
473.74,311.08,40.642,101.06
470.63,312.23,40.244,100.07
466.31,314.38,39.854,99.096
460.97,317.84,39.499,98.213
458.68,320.62,39.299,97.715
452,324.58,39.278,97.665
449.16,324.87,39.357,97.861
447.72,325.64,39.557,98.358
446.4,324.39,39.357,97.86
445.98,323.41,39.287,97.688
445.58,322.94,39.222,97.524
446.05,324.02,39.208,97.489
446.64,323.8,39.267,97.636
448.58,324.79,39.215,97.507
447.91,326.91,39.124,97.282
449.43,327.54,38.969,96.896
452.05,328.96,38.723,96.284
452.55,330.32,38.475,95.667
451.98,329.85,38.344,95.341
454.25,331.34,38.203,94.99
465.04,335.53,38.186,94.949
467.76,335.61,38.141,94.836
470.83,336.09,38.255,95.121
503.26,336.04,38.86,96.624
504.21,332.13,39.109,97.244
505.13,330.21,39.287,97.686
512.05,331.68,39.666,98.629
512.31,331.27,39.944,99.321
514.55,331.97,40.03,99.535
512.58,332.13,39.82,99.012
512.55,332.95,39.853,99.095
511.65,334.76,39.889,99.183
510.28,335.25,39.997,99.451
508.07,334.32,40.524,100.76
506.11,333.3,40.678,101.15
503.65,332.62,40.63,101.02
504.74,332.73,40.879,101.64
502.95,330.95,40.772,101.38
504.07,330.27,40.389,100.43
504.13,329.81,39.886,99.177
505.96,330.73,39.581,98.419
543.74,330.53,39.743,98.82
541.87,331.58,39.925,99.274
540.86,332.56,40.123,99.766
538.91,332.41,40.211,99.984
537.42,332.29,40.775,101.39
535.81,330.69,41.383,102.9
534.52,329.15,41.73,103.76
533.63,328.43,41.868,104.1
534,327.88,42.086,104.65
531.05,326.24,42.351,105.31
529.4,324.88,42.235,105.02
523.9,323.99,42.194,104.91
522.32,323.22,42.015,104.47
524.4,324.08,42.015,104.47
522.61,323.92,41.924,104.24
520.99,323.25,41.372,102.87
539.96,323.83,41.127,102.26
538.52,324.53,40.995,101.93
532.3,325.28,41.232,102.52
534.48,326.84,41.809,103.96
530.6,326.19,42.278,105.12
531.01,325.03,42.472,105.61
530.57,323.78,42.54,105.77
530.33,323.21,42.42,105.48
533.07,323.2,42.351,105.31
565.13,319.59,42.6,105.92
566.93,318.58,42.838,106.52
566.46,318.34,43.085,107.13
565.5,318.54,43.475,108.1
565.7,318.68,43.403,107.92
566.74,318.33,43.351,107.79
567.31,318.93,43.197,107.41
569.12,318.49,43.36,107.81
568.78,317.99,43.506,108.18
569.02,317.03,43.601,108.41
572.41,315.96,43.82,108.96
574.75,315.64,44.132,109.73
577.59,315.77,44.268,110.07
579.87,314.94,44.241,110
582.86,313.69,44.134,109.74
585.94,312.78,43.679,108.61
593.25,315.37,43.373,107.85
600.11,315.68,43.24,107.52
602.35,315.05,43.115,107.21
606.15,314.2,43.122,107.22
609.32,312.78,43.287,107.63
611.65,311.1,43.515,108.2
614.27,308.18,43.529,108.23
616.97,308.32,43.803,108.92
643.78,306.77,44.013,109.44
644.94,306.11,44.325,110.21
642.62,305.91,44.373,110.33
642.93,305.36,44.258,110.05
642.67,305.45,44.443,110.51
636.78,305.27,44.482,110.6
634.62,307.02,44.485,110.61
633.64,307.03,44.573,110.83
634.35,306.94,44.488,110.62
634.85,307.92,44.521,110.7
636.46,307.62,44.382,110.36
639.79,307.7,44.287,110.12
642.03,307.51,44.245,110.01
644.34,307.08,44.185,109.87
647.23,307.26,44.571,110.83
654.35,306.76,44.594,110.88
656.15,306.03,44.684,111.11
659.96,305.36,44.557,110.79
664.48,305.44,44.213,109.93
667.79,306.65,43.975,109.34
672.95,307.77,44.058,109.55
676.56,308.55,44.324,110.21
681.2,307.39,44.095,109.64
686.15,307.53,44.201,109.91
710.2,307.17,45.018,111.94
710.84,305.8,45.549,113.26
709.83,305,45.932,114.21
696.38,304.43,45.754,113.77
697.86,304.44,45.691,113.61
705.93,304.04,46.039,114.48
706.58,303.4,46.211,114.9
706.58,303.54,46.334,115.21
705.91,303.6,46.509,115.64
706.79,302.93,46.516,115.66
706.29,302.58,46.791,116.35
708.68,300.4,46.836,116.46
710.49,299.4,46.775,116.31
712.21,299.39,46.854,116.5
715,299.34,46.652,116
717.5,299.33,46.682,116.07
718.87,297.86,46.578,115.82
721.06,296.99,46.168,114.8
725.12,296.89,45.74,113.73
727.96,297.33,45.405,112.9
731.8,298.25,45.101,112.14
734.42,299.28,45.268,112.56
744.22,299.18,45.507,113.15
746.89,298.81,45.973,114.31
749.39,299.49,46.578,115.81
752.5,298.66,47.051,116.99
757.83,298.57,47.142,117.22
764.89,295.68,47.495,118.1
773.2,293.9,47.513,118.14
777.07,293.99,47.905,119.11
783.25,294.73,48.125,119.66
787.61,294.25,47.643,118.46
796.73,293.78,47.14,117.21
806.19,295.03,46.884,116.58
816.43,297.24,46.741,116.22
825,297.88,46.792,116.35
836.7,299.91,46.801,116.37
846.17,300.06,46.815,116.4
853.49,299.2,46.612,115.9
862.41,298.34,46.284,115.08
872.1,298.15,46.029,114.45
882.59,298.9,46.519,115.67
888.69,297.42,46.525,115.68
898.12,295.6,46.446,115.49
908.53,294.37,46.677,116.06
920.56,291.61,46.87,116.54
929.38,289,46.925,116.68
937.31,286.62,47.086,117.08
946.5,287.75,47.741,118.71
950.72,281.2,48.673,121.02
878.54,279.11,48.322,120.15
884.47,277.44,48.455,120.48
890.61,271.99,48.481,120.55
896.1,268.49,48.373,120.28
904.42,264.25,47.772,118.78
915.67,275.35,48.256,119.99
920.52,268.51,48.901,121.59
922.62,265.23,48.719,121.14
924.9,267.06,48.408,120.37
929.22,270.87,47.887,119.07
937.36,275.38,47.757,118.75
949.53,275.03,47.502,118.11
946.67,271.12,47.516,118.15
916.85,281.28,46.872,116.55
930.99,279.33,46.443,115.48
902.75,282.47,47.135,117.2
891.33,279.42,47.262,117.52
893.42,277.92,47.75,118.73
889.42,278.13,48.103,119.61
881.2,278.6,48.246,119.96
863.51,280.42,48.667,121.01
866.39,279.61,48.757,121.23
864.26,279.97,48.88,121.54
863.2,280.81,48.78,121.29
862.91,280.95,48.693,121.07
860.08,281.32,48.86,121.49
858.59,282.01,49.528,123.15
855.86,282.02,50.026,124.39
803.1,281.11,49.993,124.31
801.8,281.49,50.121,124.63
798.25,282.53,50.881,126.51
787.92,281.75,51.424,127.86
784.97,281.24,51.244,127.42
781.08,281.03,51.157,127.2
778.48,281.19,50.866,126.48
741.5,278.98,51.148,127.18
685.81,279.37,51.914,129.08
618.91,285.03,51.499,128.05
614.09,285.75,50.971,126.74
613.06,287.27,51.046,126.92
612.16,287.69,50.95,126.69
611.87,287.81,50.874,126.5
610.63,285.99,50.895,126.55
609.77,285.68,51.228,127.38
610.41,283.45,51.596,128.29
612.11,282.95,51.766,128.72
618.04,279.81,51.38,127.75
618.06,280.99,51.315,127.59
617.58,280.88,51.146,127.17
621.81,281.21,51.246,127.42
627.16,281.47,50.973,126.74
623.41,282.33,50.945,126.67
621.8,283.85,50.614,125.85
617.42,286.33,50.407,125.34
598.85,288.06,50.767,126.23
592.73,288.97,51.067,126.98
588.25,289.77,51.74,128.65
580.69,291.96,52.866,131.45
580.26,292.43,54.179,134.71
576.02,292.41,55.026,136.82
575.63,290.96,55.403,137.76
574.47,291.21,55.518,138.05
577.24,291.32,55.315,137.54
581.35,292,55.491,137.98
586.25,292.41,55.203,137.26
589.63,293.47,54.94,136.61
591.24,295.37,54.748,136.13
593.85,297.01,54.687,135.98
597.7,297.67,54.819,136.31
601.86,296.47,54.729,136.08
614.07,296,54.758,136.15
628.19,295.77,55.301,137.5
658.13,292.71,55.566,138.16
656.48,289.33,55.473,137.93
662.33,286.54,55.13,137.08
670.62,285.58,55.18,137.2
675.67,284.51,55.088,136.98
684.24,283.31,54.99,136.73
688.56,283.44,54.98,136.71
693.78,283.39,54.534,135.6
699.12,284.13,54.114,134.55
707.1,284.02,53.787,133.74
715.26,284.64,53.876,133.96
718.78,283.74,53.62,133.33
719.56,284.1,53.496,133.02
721.51,283.88,53.624,133.33
724.19,282.81,54.033,134.35
727.39,281.48,54.262,134.92
729.59,280,54.181,134.72
730.52,278.87,54.399,135.26
732.05,277.55,54.085,134.48
731.96,277.41,53.863,133.93
731.84,277.59,53.753,133.66
729.92,277.47,53.824,133.83
726.91,277.03,54.012,134.3
723.08,275.73,54.185,134.73
721.1,275.48,54.403,135.27
720.98,273.15,54.426,135.33
721.32,272.88,54.823,136.32
725.98,270.81,54.995,136.75
733.93,267.69,54.972,136.69
740.63,265.92,54.893,136.49
744.37,266.28,55.272,137.43
747.29,265.54,55.592,138.23
749.35,266.1,55.682,138.45
751.35,267.2,55.881,138.95
754.3,266.95,55.584,138.21
759.18,266.18,55.886,138.96
760.93,264.92,56.076,139.43
763.01,264.7,56.252,139.87
764.75,263.81,56.196,139.73
764.57,263.63,56.135,139.58
762.11,267.17,56.707,141
760.54,266.88,56.949,141.6
760.22,266.2,56.742,141.09
756.64,266.29,56.745,141.09
791.74,264.65,56.801,141.23
789.55,262.87,56.759,141.13
786.07,263.02,56.496,140.48
782.81,264.35,56.179,139.69
780.47,264.27,56.075,139.43
773.94,265.49,56.392,140.22
730.09,270.67,56.892,141.46
726.4,269.85,57.286,142.44
721.74,269.72,57.345,142.59
714.76,269.67,57.295,142.46
711.31,268.57,57.194,142.21
709.03,268.66,56.922,141.54
705.39,265.97,56.555,140.62
701.29,265.07,56.222,139.79
686.54,277.33,56.244,139.85
686.69,282.22,56.297,139.98
688.51,287.37,56.365,140.15
691.45,291.42,56.321,140.04
692.16,294.27,56.663,140.89
695.95,295.82,56.979,141.68
697.95,297.94,56.92,141.53
701.02,299.93,56.799,141.23
699.83,299.84,56.429,140.31
697.25,298.87,55.757,138.64
689.81,303.81,56.444,140.35
688.84,303.82,56.903,141.49
688.05,303.74,56.993,141.71
676.9,304.33,56.628,140.81
680.97,304.23,56.623,140.79
678.78,304.57,56.439,140.34
678.28,303.27,56.193,139.72
675.93,302.56,56.13,139.57
673.91,304.12,56.568,140.66
671.95,305.02,57.249,142.35
669.59,304.37,58.019,144.26
667.85,304.54,58.824,146.26
665.67,304.84,59.497,147.94
653.33,299.18,59.849,148.81
647.24,297.38,59.409,147.72
645.72,297.87,58.976,146.64
644.21,298.66,58.873,146.39
643.36,297.66,58.123,144.52
643.39,300.06,57.397,142.72
642.17,303.53,56.685,140.95
640.59,307.09,56.159,139.64
639.27,308.71,56.155,139.63
638.25,311.35,56.057,139.39
639.15,313.16,55.983,139.2
642.82,314.54,56.379,140.18
643.4,313.08,57.293,142.46
644.96,306.63,58.087,144.43
648.74,302.45,57.785,143.68
650.84,300.34,57.484,142.93
649.48,301.43,57.096,141.97
648.28,304.53,56.575,140.67
649.77,307.47,55.986,139.21
651.49,308.23,55.073,136.94
651.97,314.79,54.464,135.43
653.97,317.03,54.213,134.8
654.85,317.87,54.345,135.13
654.43,318.22,54.541,135.61
656.46,317.4,54.634,135.85
658.74,316.37,55.224,137.31
666.15,315.23,55.739,138.59
669.38,314.74,55.927,139.06
674.94,313.3,56.089,139.46
679.25,312.1,55.621,138.3
692.04,313.83,56.084,139.45
699.57,314.18,56.736,141.07
706.02,313.92,56.606,140.75
715.24,314.25,56.836,141.32
720.83,314.62,56.936,141.57
728.85,316.23,57.289,142.45
734.37,314.89,57.992,144.2
733.98,311.09,57.579,143.17
733.6,312.19,57.534,143.06
733.48,312.01,57.657,143.36
735.43,310.71,57.035,141.82
737.2,310.18,56.274,139.93
735.75,315.19,56.04,139.34
735.4,317.49,56.115,139.53
736.67,317.44,56.243,139.85
734.52,318.41,56.644,140.84
726.32,318.1,57.187,142.19
699.29,315.68,56.843,141.34
698.86,314.64,56.451,140.37
703.74,313.45,56.261,139.89
701.41,314.04,56.474,140.42
697.89,314.16,56.791,141.21
696.88,313.43,57.071,141.91
695.61,311.14,57.175,142.17
695.39,310.88,57.639,143.32
694.59,310.46,58.353,145.09
696.66,308.68,58.859,146.35
698.54,307.63,59.085,146.92
696.38,308.06,59.029,146.77
699.96,307.57,58.877,146.4
702.02,307.57,58.607,145.73
696.11,308.01,58.311,144.99
695.2,308.58,58.213,144.75
694.36,306.76,58.305,144.97
692.22,307.29,58.461,145.36
687.18,305.47,58.656,145.85
680.99,303.42,58.863,146.36
678.67,303.05,59.246,147.31
677.88,300.55,59.583,148.15
669.67,300.35,60.016,149.23
659.37,299.83,60.028,149.26
656.33,301,60.039,149.29
650.05,302.03,60.169,149.61
643.82,303.78,60.312,149.96
640.49,302.82,60.25,149.81
632.81,301.99,60.079,149.39
626.33,302.85,59.73,148.52
623.01,304.66,59.662,148.35
618.44,307.04,60.076,149.38
616.85,302.72,59.967,149.11
614.73,302.2,59.843,148.8
628.04,301.74,59.655,148.33
629.48,301.91,59.362,147.6
628.33,303.28,59.26,147.35
627.61,305.16,59.087,146.92
624.03,304.15,58.677,145.9
627.47,305.85,58.44,145.31
625.63,306.54,58.053,144.35
625.66,307.15,57.974,144.15
623.13,306.33,57.713,143.5
634.61,309.77,57.717,143.51
639.11,308.83,57.485,142.94
637.89,307.91,57.334,142.56
634.98,304.92,57.032,141.81
635.29,304.41,56.906,141.49
634.98,308.98,57.238,142.32
636.3,308.22,57.46,142.87
634.71,308.65,57.494,142.96
632.69,308.09,57.621,143.27
627.11,308.03,57.316,142.51
624.35,311.07,57.586,143.19
619.5,311.15,57.352,142.61
617.11,314.72,57.012,141.76
615.23,319.01,56.887,141.45
608.97,318.68,56.963,141.64
611.33,322.88,56.845,141.34
599.49,321.52,57.261,142.38
585.69,315.26,56.824,141.29
581.09,312.47,56.436,140.33
581.71,311.19,56.266,139.9
581.03,307.99,56.206,139.75
584.25,307.08,56.015,139.28
583.38,306.63,55.729,138.57
582.95,307.99,55.471,137.93
581.21,308.47,55.001,136.76
577.89,310.34,54.391,135.24
577.04,310.64,53.939,134.12
575.41,311.28,54.119,134.57
573.22,311.11,54.699,136.01
570.94,310.02,54.979,136.7
566.78,308.82,55.137,137.1
566.48,309.98,55.86,138.89
558.62,308.55,56.575,140.67
554.54,307.57,57.093,141.96
548.56,306.73,57.729,143.54
536.25,303.44,57.232,142.31
534.41,303.85,56.845,141.34
529.8,305.14,56.881,141.44
530.13,304.21,57.296,142.47
530.02,300.86,57.983,144.17
526.25,294.82,58.336,145.05
525.94,289.61,58.494,145.44
525.7,288.61,59.353,147.58
524.75,286.81,60.166,149.6
524.47,282.56,59.874,148.88
527.62,277.36,59.684,148.4
529.53,276.61,58.952,146.58
534.51,276.02,58.426,145.28
538.7,275.15,57.95,144.09
539.68,271.02,57.602,143.23
538.16,267.27,57.541,143.07
537.47,264.55,58.079,144.41
538.2,261.27,58.098,144.46
545.81,257.61,58.175,144.65
553.59,256.16,57.523,143.03
578.55,255.83,56.922,141.53
586.71,257.22,56.753,141.12
589.89,257.86,56.78,141.18
594.43,257.14,57.329,142.55
593.2,254.34,58.434,145.3
589.64,248.45,59.222,147.26
590.27,245.66,59.414,147.73
592.46,244.79,59.343,147.56
592.21,244.23,59.203,147.21
592.27,244.04,59.052,146.83
592.89,244.59,59.497,147.94
599.27,241.59,59.638,148.29
607.41,239.25,59.194,147.18
614.66,238.67,58.429,145.28
623.34,239.63,57.804,143.73
627.14,241.18,57.91,143.99
631.42,240.89,58.241,144.82
633.29,237.19,58.273,144.9
634.64,234.37,58.239,144.81
634.55,232.6,58.085,144.43
635.24,232.03,57.998,144.21
637.09,229.11,57.936,144.06
638.05,228.77,57.963,144.13
638.62,229.24,58.235,144.8
638.39,229.9,58.242,144.82
636.98,230.76,58.623,145.77
621.35,228.74,58.592,145.69
607.42,223.17,58.211,144.74
597.63,217.63,58.009,144.24
588.48,212.42,58.032,144.3
581.5,207.77,58.52,145.51
581.24,199.24,58.049,144.34
582.97,196.19,57.739,143.57
583.39,194.94,57.172,142.16
581.95,199.11,56.463,140.4
577.87,205.8,56.099,139.49
578.89,212.87,55.798,138.74
584.62,214.11,55.594,138.23
599.83,215.77,55.306,137.52
618.43,220.65,55.185,137.22
633.74,225.08,55.017,136.8
648.27,235.26,55.741,138.6
654.06,236.99,56.162,139.65
654.95,236.07,56.471,140.41
653.86,235.06,57.006,141.75
653.18,234.44,57.124,142.04
648.19,231.26,57.102,141.98
641.79,224.68,56.918,141.53
636.15,223.87,56.814,141.27
628.63,226.37,56.582,140.69
626.11,229.33,56.307,140.01
623.92,230.35,56.568,140.65
623.5,231.65,56.629,140.81
622.27,235.8,56.65,140.86
621.88,240.12,56.819,141.28
618.58,245.12,56.7,140.98
620.67,252.91,56.578,140.68
623.61,255.03,56.302,139.99
622.29,255.98,56.303,140
621.53,256.38,56.195,139.73
617.61,258.28,55.785,138.71
607.47,264.53,55.136,137.1
604.98,267.01,54.598,135.76
604.21,269.14,54.167,134.69
604.62,271.12,54.167,134.69
606.15,270.79,54.585,135.72
610.02,268.37,55.064,136.92
611.97,266.47,54.636,135.85
612.05,265.44,54.772,136.19
612.28,265.65,54.987,136.73
613.25,264.46,54.942,136.61
616.4,262.95,54.523,135.57
618.34,263.7,54.234,134.85
622.02,263.09,53.998,134.26
623.41,263.09,54,134.27
627.42,264.36,54.139,134.62
648.47,273.81,54.21,134.79
656.9,276.26,54.318,135.06
664.2,277.56,54.538,135.61
668.19,277.1,55.007,136.77
669.88,276.43,55.264,137.41
669.27,275.55,54.931,136.59
663.54,278.9,54.963,136.66
657.44,279.56,55.614,138.28
655.11,276.42,56.16,139.64
654.93,272.72,56.437,140.33
652.55,267.53,56.553,140.62
647.53,267.22,56.477,140.43
639.38,267.06,56.272,139.92
629.27,266.92,56.794,141.22
671.87,264.36,56.087,139.46
706.23,267.12,55.431,137.83
710.58,267.88,54.768,136.18
713.45,268.57,54.307,135.03
751.26,271.39,53.941,134.12
749.41,272.83,53.851,133.9
743.19,272.42,53.494,133.01
705.94,270.6,53.292,132.51
659.94,269.93,54.061,134.42
656.43,267.71,54.797,136.25
656.48,267.52,54.985,136.72
655.4,269.17,54.813,136.29
702.35,270.71,54.212,134.8
704.79,272.07,53.595,133.26
706.89,271.95,53.284,132.49
745.17,267.94,53.28,132.48
745.22,266.79,53.123,132.09
743.92,268.22,52.918,131.58
744.54,268.61,52.973,131.72
743.84,266.7,53.044,131.89
746.07,266.84,52.899,131.53
744.18,264.64,53.134,132.12
744.6,265.17,53.263,132.44
745.06,262.81,53.375,132.72
706.18,262.37,53.192,132.26
705.29,263.56,52.9,131.54
697.07,265.9,52.382,130.25
693.36,267.42,51.851,128.93
689.73,267.48,51.47,127.98
684.56,267.85,51.234,127.39
678.03,268.67,51.008,126.83
665.79,268.84,50.715,126.1
657.39,268.36,50.456,125.46
649.94,267.6,50.391,125.3
644.55,266.38,50.351,125.2
641.15,266.95,50.25,124.95
635.62,266.18,50.007,124.34
635.95,268.28,49.939,124.17
633.58,269,49.795,123.82
631.46,269.68,49.851,123.95
630.7,270.13,49.744,123.69
625.12,271.31,49.697,123.57
623.93,271.76,49.86,123.98
625.95,272.24,49.852,123.96
626.95,271.78,49.79,123.8
626.47,272.81,49.498,123.08
648.26,272.05,49.788,123.8
649.08,274.03,49.69,123.55
645.27,275.11,49.605,123.34
643.42,276.25,49.485,123.04
641.87,275.49,49.622,123.39
635.64,273.95,49.317,122.63
633.38,274.85,49.3,122.58
632.74,276.16,49.348,122.7
628.51,284.01,49.4,122.83
627.45,284.18,49.445,122.94
627.46,286.32,49.627,123.4
627.67,286.85,49.801,123.83
630.57,286.78,49.738,123.67
632.73,287.04,49.739,123.68
634.32,287.53,49.606,123.34
632.24,289.18,49.505,123.09
631.64,290.57,49.722,123.63
631.08,289.6,49.76,123.73
629.45,291.92,49.814,123.86
634.11,282.52,49.553,123.21
635.71,282,49.097,122.08
636.3,282.11,48.922,121.64
637.61,281.96,48.934,121.67
638.31,279.97,48.853,121.47
639.48,279.3,48.526,120.66
642.68,279.53,48.47,120.52
644.69,279.17,48.176,119.79
646,279.34,47.866,119.02
647.09,280.4,47.529,118.18
643.09,280.89,47.423,117.92
636.13,282.05,47.232,117.44
632.01,282.54,47.426,117.92
629.75,281.51,47.466,118.02
627.54,281.67,47.543,118.21
626.98,281.03,47.4,117.86
624.53,283.16,47.343,117.72
617.16,287.33,47.698,118.6
617.87,285.89,47.897,119.09
618.62,285.29,47.924,119.16
620.57,285.98,47.711,118.63
620.36,287.51,47.517,118.15
615.96,290.77,47.182,117.32
612.38,291.56,47.032,116.94
607.15,293.24,47.213,117.39
603.53,291.68,46.915,116.65
602.29,290.36,46.769,116.29
600.85,290.61,46.647,115.99
599.4,290.8,46.424,115.43
599.22,292.03,46.108,114.65
600.29,291.9,45.753,113.76
599.48,293.05,45.792,113.86
595.69,293.47,45.626,113.45
592.74,293.66,45.513,113.17
590,293.8,45.304,112.65
586.55,294.16,44.839,111.49
581.77,296.07,44.489,110.62
579.12,297.43,44.43,110.47
577,297.12,44.247,110.02
575.48,297.42,44.275,110.09
574.55,297.68,44.39,110.38
575.04,297.64,44.471,110.58
575.69,297.44,44.519,110.69
561.74,298.11,44.066,109.57
560.93,299.14,43.654,108.54
562.92,301.5,43.301,107.67
561.87,300.92,43.177,107.36
561.21,300.57,43.27,107.59
557.74,299.77,43.298,107.66
557.83,299.23,43.321,107.72
556.41,300.27,43.283,107.62
551.87,301.72,43.148,107.29
546.74,299.73,42.928,106.74
547.44,296.86,42.997,106.91
546.77,296.87,43.09,107.14
547.19,296.85,43.041,107.02
548.64,296.92,42.959,106.82
546.38,297.64,42.961,106.82
542.01,298.08,42.909,106.69
538.32,298.85,42.792,106.4
535.88,299.1,42.535,105.76
532.97,300.25,42.202,104.94
528.85,301.43,41.948,104.3
524.58,301.44,41.606,103.45
519.61,301.33,41.499,103.19
515.29,301.8,41.62,103.49
510.61,300.87,41.725,103.75
507.48,300.2,41.763,103.84
505.33,299.37,41.95,104.31
503.58,298.72,41.862,104.09
502.21,299.08,41.964,104.34
500.45,299.7,42.271,105.11
500.51,298.44,42.59,105.9
500.85,297.62,42.743,106.28
502.69,297.38,42.622,105.98
505.08,296.61,42.674,106.11
506.47,296.98,42.735,106.26
506.91,297.09,42.713,106.21
505.58,296.26,42.925,106.73
503.85,293.97,42.672,106.1
502.87,292.94,42.42,105.48
501.54,292.52,42.231,105.01
506.81,289.52,42.075,104.62
519.16,291.36,41.87,104.11
531.92,290.51,41.58,103.39
538.59,289.65,41.365,102.85
536.29,288.63,41.108,102.21
505.48,287.53,40.764,101.36
498.77,285.65,40.4,100.45
496.02,283.96,40.152,99.837
494.69,281.41,39.869,99.134
492.51,281.88,39.624,98.524
487.97,283.39,39.33,97.795
484.3,286.77,39.374,97.902
483.86,289.73,39.184,97.432
482.78,291.93,38.935,96.811
479.48,295.71,38.975,96.911
474.61,299.14,38.92,96.775
470.88,301.7,38.687,96.194
468.44,304.24,38.762,96.38
466.03,306.65,38.984,96.934
463.3,307.87,39.069,97.145
458.98,310.9,38.993,96.955
456.13,312.25,39.067,97.141
454.16,314.44,39.243,97.576
450.81,315.82,39.367,97.886
447.17,317.94,39.431,98.045
442.56,320.71,39.103,97.23
438.88,322.61,38.687,96.196
435.03,325.17,38.406,95.495
431.29,328.17,38.434,95.566
429.11,329.75,38.27,95.159
423.82,330.54,38.123,94.793
421.34,332.28,37.936,94.327
417.23,333.15,37.704,93.75
414.62,334.15,37.55,93.367
412.92,335.36,37.34,92.845
407.5,337.39,36.999,91.998
405.43,337.39,36.998,91.994
404.36,336.18,37.353,92.879
404.85,334.63,37.487,93.21
405.11,333.59,37.719,93.789
406.05,332.09,38.086,94.701
407.4,330.41,38.315,95.269
412.67,328.97,38.155,94.872
416.94,328.63,38.192,94.964
421.56,327.24,38.326,95.298
425.53,326.07,38.358,95.377
427.52,325.76,38.318,95.278
430.02,324.55,38.197,94.977
431.62,323.89,38.41,95.506
434.69,321.09,38.331,95.309
434.13,319.16,38.362,95.386
434.51,316.03,38.184,94.944
433.76,314.94,37.994,94.472
437.97,312.37,37.918,94.284
447.38,309.88,38.061,94.639
464.65,308.45,37.926,94.303
466.95,310.22,37.72,93.791
466.68,312.32,37.499,93.241
466.27,315.42,37.369,92.918
466.14,317.22,37.174,92.432
466.15,317.26,37.153,92.379
466,316.96,37.224,92.558
466,316.06,37.426,93.058
465.55,315.23,37.508,93.263
464.77,314.46,37.487,93.211
464.7,312.71,37.608,93.513
467.56,309.67,37.677,93.684
473.13,305.22,37.625,93.555
476.7,301.72,37.636,93.582
478.84,298.93,37.706,93.754
479.15,295.68,37.678,93.685
479.47,293.65,37.506,93.259
481.03,290.68,37.527,93.311
484.55,286.9,37.521,93.296
489.34,283.31,37.389,92.968
495.32,281.26,37.137,92.341
500.66,280.59,37.061,92.152
507.96,280.72,36.783,91.461
515.59,279.61,36.672,91.183
530.47,277.77,36.599,91.004
556.93,274.74,36.617,91.048
566.64,274.15,36.785,91.464
577.07,273.95,36.816,91.542
585.53,274.18,36.767,91.42
596.29,275.12,36.823,91.561
609.61,278.97,36.986,91.964
613.69,280,36.87,91.677
618.73,281.6,36.773,91.436
625.7,282.87,36.854,91.637
630.77,283.36,36.937,91.843
633.49,283.49,36.899,91.749
634.6,284.16,36.961,91.903
634.93,284.48,37.057,92.142
634.43,284.49,37.189,92.471
632.94,283.9,37.489,93.217
625.96,282.66,37.709,93.764
621.23,281.57,37.65,93.615
618.34,280.61,37.606,93.506
615.91,279.9,37.7,93.741
614.25,280.02,37.632,93.573
608.97,281.74,37.406,93.011
605.68,283.11,37.361,92.898
601.89,284.75,37.197,92.489
598.84,286.26,36.917,91.794
594.45,287.7,36.791,91.48
585.88,288.74,36.849,91.624
578.63,290.34,36.73,91.327
569.88,292.25,36.717,91.295
560.94,293.82,36.847,91.62
554.89,295.17,36.802,91.508
548.75,296.79,36.805,91.514
546.39,297.45,36.686,91.22
544.31,297.66,36.568,90.927
542.49,297.48,36.655,91.141
539.09,295.61,36.996,91.989
535.76,292.99,37.414,93.031
532.98,288.23,37.705,93.753
531.63,283.92,37.609,93.515
530.58,280.55,37.613,93.524
530.03,277.07,37.724,93.8
529.73,273.98,37.56,93.394
530.57,271.93,37.42,93.044
531.49,270.59,37.298,92.742
531.86,270.39,36.94,91.85
531.91,269.63,36.859,91.65
531.38,268.47,37.116,92.289
530.24,267.98,37.128,92.319
528.82,267.85,37.108,92.268
527.65,268.03,37.067,92.168
526.97,268.38,36.914,91.786
526.27,268.8,37.006,92.014
523.83,269.71,36.824,91.562
519.34,270.1,36.808,91.523
512.93,271.06,36.516,90.798
506.64,272.37,36.597,90.999
503.37,273.65,36.515,90.794
502.99,275.36,36.405,90.521
503.84,277.6,36.104,89.772
503.63,279.3,36.128,89.832
502.32,280.42,36.172,89.941
500.35,281.15,36.351,90.386
495.54,281.03,36.679,91.202
492.93,280.86,36.853,91.635
491.05,281.09,36.928,91.821
489.11,281.63,36.951,91.879
487.56,283.16,36.749,91.375
484.51,284.64,36.442,90.612
481.97,285.51,36.395,90.496
480.87,286.36,36.212,90.042
