53.5,242.5,45,74
53.87,245.5,45.099,74.163
55.862,245.68,44.852,73.757
57.504,245.94,44.669,73.456
60.925,246.02,44.451,73.098
61.527,245.93,44.501,73.18
80.1,245.82,43.741,71.93
83.096,245.58,43.982,72.325
87.035,244.83,44.953,73.923
89.772,245.23,43.984,72.329
93.235,245.49,43.929,72.239
96.617,245.36,43.26,71.139
99.143,245.36,43.14,70.941
102.91,245.52,42.796,70.376
106.07,244.62,42.436,69.784
109.07,243.1,42.878,70.51
113.77,243.49,42.592,70.041
116.06,243.19,42.521,69.923
122.28,242.85,42.815,70.407
124.38,242.9,42.729,70.265
126.42,242.26,42.654,70.142
129.75,242.18,42.84,70.449
131.86,242.24,42.619,70.084
137.42,241.9,42.594,70.043
140.85,242.7,42.323,69.597
143.99,242.08,42.085,69.207
146.85,242.1,42.239,69.46
149.96,243.64,41.87,68.853
154.36,242.28,41.901,68.904
155.77,241.28,42.259,69.493
155.88,241.87,42.196,69.39
156.76,242.18,42.064,69.172
156.97,241.75,41.904,68.908
159.46,240.98,41.675,68.532
160.8,238.94,41.786,68.716
161.93,239.54,41.776,68.698
161.67,253.42,42.345,69.634
163.25,240.27,42.35,69.642
168.57,238.06,42.054,69.155
171.57,238.02,41.316,67.943
171.96,240.92,41.199,67.75
174.08,241.07,40.878,67.222
179.46,239,41.178,67.715
188.47,237.33,40.805,67.101
192.96,237.71,40.706,66.939
196,239.68,40.863,67.196
198.1,238.63,40.964,67.363
200.31,238.89,41.114,67.61
205.24,238.53,41.189,67.733
211.15,236.84,41.417,68.108
218.17,236.98,41.399,68.078
225.06,234.87,41.449,68.161
231.09,234.62,41.613,68.43
235.52,234.69,41.371,68.032
240.49,232.7,41.482,68.215
244.7,232.26,41.369,68.029
249.64,231.39,41.39,68.063
254.2,231.63,41.372,68.035
263.33,230.65,41.146,67.662
273.22,229.09,41.15,67.669
275.81,228.81,41.262,67.853
278.53,228.66,41.481,68.213
284.77,227.49,41.764,68.679
264.74,231.05,42.191,69.381
267.55,230.01,41.84,68.804
271.92,229.46,41.754,68.662
272.79,229.81,41.879,68.867
275,228.92,41.85,68.82
280.05,228.81,41.74,68.639
293.19,229.3,41.429,68.128
299.01,229.31,41.145,67.66
285.71,230.73,41.143,67.658
279.09,229.25,41.107,67.598
296.05,229.21,41.072,67.541
300.64,231.08,40.747,67.007
301.41,232.12,40.465,66.542
300.68,230.27,40.506,66.61
329.18,231.27,40.528,66.646
339.12,226.12,40.764,67.035
338.37,226.33,40.818,67.123
337.26,225.43,41.088,67.567
320.96,227.94,40.957,67.352
321.87,228.66,40.992,67.409
324.72,227.52,41.026,67.465
325.61,228.32,40.924,67.298
324.6,227.17,40.892,67.244
323.39,227.24,40.817,67.122
323.27,227.52,40.657,66.858
323.43,229.67,40.343,66.342
321.89,231.85,40.284,66.245
319.98,230.94,39.946,65.69
317.74,231.76,39.849,65.53
316.71,232.19,39.692,65.272
315.99,231.28,39.524,64.995
316.47,231.7,39.255,64.553
316.82,231.5,39.155,64.388
317.01,231.41,39.072,64.252
316.47,231.24,38.696,63.634
316.6,231.23,38.621,63.51
316.58,231.74,38.702,63.643
316.55,231.87,38.399,63.144
316.19,232.17,38.39,63.13
315.64,232.61,38.437,63.208
317.05,232.66,38.308,62.995
316.71,232.63,38.124,62.693
317.1,233.13,37.987,62.467
317.44,232.94,37.93,62.374
317.73,232.62,37.819,62.192
317.68,233.36,37.71,62.012
319.16,233.54,37.562,61.768
320.77,233.46,37.287,61.317
324.89,234.38,36.994,60.835
328.14,234.56,36.806,60.525
328.93,234.52,36.426,59.9
331.61,234.84,36.409,59.872
333.66,235.09,36.499,60.021
335.95,235.01,36.734,60.407
335.81,234.19,37.097,61.003
336.99,233.37,37.485,61.642
338.23,232.63,37.894,62.314
339.92,232.53,38.223,62.856
338.68,231.99,38.478,63.275
351.21,233.44,38.451,63.231
353.74,234.46,38.625,63.517
352.98,235.31,38.735,63.697
353.84,234.23,38.976,64.094
355.3,233.76,39.063,64.238
356.04,232.62,39.201,64.464
358.08,231.24,39.309,64.641
360,229.47,39.139,64.361
360.75,230.33,38.965,64.075
361.31,230.05,38.872,63.924
362.55,232.03,38.616,63.502
364.84,232.64,38.266,62.926
377.41,232.34,38.037,62.55
397.69,232.59,38.181,62.787
396.83,232.6,38.175,62.777
396.92,232.73,38.069,62.603
397.97,232.3,37.999,62.487
398.36,232.31,38.016,62.514
398.94,231.98,38.018,62.518
400.44,230.81,38.088,62.634
400.37,231.04,38.259,62.914
398.35,231.19,38.282,62.953
399.97,230.65,38.728,63.686
402.85,229.36,38.98,64.1
404.83,228.56,39.232,64.515
409.98,229.84,39.174,64.419
415.82,231.51,39.12,64.33
420.56,233.24,39.395,64.782
441.02,232.32,38.967,64.079
450.67,232.83,38.76,63.739
454.48,231.56,38.736,63.7
458.93,229.23,38.739,63.704
462.41,227.45,38.867,63.914
466.99,224,38.966,64.077
468.74,222.23,39.322,64.663
472.5,221.73,39.902,65.617
479.77,221.26,40.112,65.962
474.62,224.04,40.254,66.196
487.46,228.12,40.603,66.77
493.84,227.75,40.95,67.34
499.5,225.91,41.251,67.834
500.31,225.02,41.606,68.419
501.84,224.02,41.478,68.208
503.04,222.16,41.319,67.948
504.19,221.06,41.214,67.774
505.63,220.65,41.331,67.967
507.95,221.39,41.504,68.251
515.51,226.02,41.559,68.342
518.91,227.16,41.373,68.035
522.29,228.49,41.158,67.682
526.38,227.2,40.745,67.003
530.44,225.34,40.418,66.465
530.59,224.31,40.026,65.82
530.96,223.83,40.071,65.894
528.02,220.94,40.159,66.039
528.03,221.61,40.552,66.686
534.07,222.8,40.754,67.018
531.49,225.83,40.979,67.387
531.6,226.81,41.309,67.93
528.39,227.17,41.904,68.909
522.29,226,42.18,69.363
516.81,225.74,42.259,69.493
513.99,226.22,42.338,69.623
512.3,225.57,42.837,70.444
504.69,226.21,43.404,71.375
494.71,225.98,43.618,71.727
486.82,225.82,43.73,71.911
480.15,225.69,43.955,72.281
467.51,229.12,44.121,72.555
460.27,228.52,44.405,73.021
455.85,228.87,44.394,73.004
448.84,228.75,44.29,72.833
440.82,228.68,44.166,72.628
433.68,225.98,43.988,72.336
429.61,222,43.972,72.31
421.57,219.07,43.893,72.179
414.04,217.74,43.867,72.136
407.97,218.11,43.748,71.941
400.4,220.1,44.152,72.605
391.5,224.01,44.538,73.24
384.93,227.26,44.582,73.312
385.85,229.64,44.484,73.151
363.55,226.19,44.882,73.806
354.34,224.82,45.131,74.215
343.58,223.22,45.225,74.369
333.41,223.07,45.241,74.397
324.01,223.56,45.169,74.278
316.73,224.65,45.01,74.017
308.74,227.15,45.336,74.552
302.06,228.66,45.196,74.322
293.39,230.94,45.127,74.209
289.53,232.29,44.88,73.803
282.53,231.17,44.804,73.678
278.86,230.86,44.689,73.489
275.6,229.51,44.579,73.307
273.47,228.41,44.638,73.405
271.5,228.17,44.651,73.426
269.31,228.73,44.715,73.532
267.4,229.42,44.9,73.835
266.64,230.23,45.299,74.491
264.73,230.7,45.732,75.204
263.57,230.79,45.796,75.309
262.86,230.9,46.166,75.918
262.96,231.31,46.326,76.181
263.63,231.1,46.309,76.152
265.03,230.22,46.446,76.378
264.83,230.02,46.521,76.501
262.7,230.05,46.796,76.954
262.99,229.87,47.077,77.416
263.28,229.79,47.267,77.729
261.68,229.68,47.224,77.657
262.13,229.88,47.088,77.433
262.09,230.66,47.022,77.325
262.01,231.24,47.006,77.299
262.88,231.99,46.831,77.011
263.95,233.03,46.522,76.504
264.53,235.76,46.399,76.3
262.23,238.92,46.188,75.953
261.86,239.69,46.2,75.974
261.22,240.57,46.106,75.819
263.24,241.82,46.175,75.933
265.15,240.68,46.318,76.168
266.53,238.43,46.343,76.209
271.8,234.37,46.399,76.3
277.57,231.12,46.177,75.936
284.84,229.04,45.754,75.24
292.41,229.92,45.329,74.542
298.93,232.5,45.112,74.185
306.02,234.81,44.931,73.886
311.81,235.04,44.801,73.673
320.61,232.39,44.642,73.412
328.43,230.61,44.529,73.225
333.36,226.94,44.492,73.164
338.39,224.88,44.424,73.054
342.39,223.55,44.19,72.667
347.64,224.39,43.839,72.091
353.25,227.1,43.734,71.918
359.14,231.34,43.61,71.715
361.71,233.29,43.495,71.525
363.5,233.48,43.169,70.989
364.48,232.81,42.889,70.529
366.4,230.97,42.476,69.849
367.21,227.12,42.233,69.45
367.55,224.51,42,69.067
368.75,224.13,41.58,68.376
370.06,224.67,41.209,67.766
371.41,226.88,41.115,67.612
372.67,231.52,41.353,68.002
374.87,234.11,41.502,68.247
379.26,233.52,41.297,67.911
378.92,231.89,41.182,67.721
378.72,229.31,41.079,67.553
377.87,228.31,40.848,67.173
375.99,227.21,40.596,66.758
372.51,227.47,40.492,66.588
369.86,227.68,40.428,66.482
369.08,229.72,40.542,66.669
369.43,232.34,40.315,66.297
370.15,233.68,40.013,65.799
369.78,234.08,39.697,65.279
368.94,233.92,39.532,65.008
368.91,234.13,39.361,64.727
368.53,233.08,39.2,64.463
369.19,233.74,39.164,64.403
369.7,234.18,38.923,64.006
370.42,234.45,38.753,63.727
373.14,234.97,38.391,63.132
376.07,234.83,38.242,62.886
379.35,233.3,38.041,62.556
380.15,233.65,37.894,62.315
381.06,233.42,37.692,61.983
381.89,233.15,37.716,62.021
381.98,232.48,37.72,62.029
382.67,232.64,37.806,62.17
382.41,232.57,37.865,62.267
382.26,232.63,37.991,62.474
382.47,232.77,38.076,62.614
382.6,232.92,38.147,62.73
382.48,232.55,38.2,62.818
382.98,231.82,38.201,62.819
383.78,231.79,38.171,62.77
384.19,231.78,38.137,62.713
384.69,231.9,38.132,62.706
384.04,231.44,38.072,62.607
380.29,231.49,38.078,62.617
375.17,232.43,38.16,62.752
393.42,230.9,38.258,62.913
385.81,230.34,38.172,62.772
376.38,230.5,38.125,62.694
366.07,228.67,38.093,62.642
356.61,228.14,38.031,62.539
346.63,228.39,38.026,62.532
339.47,229.24,37.992,62.475
331.73,229.89,38.059,62.586
325.24,232,38.124,62.693
318.09,234.26,38.078,62.618
311.64,235.96,38.107,62.666
307.02,237.08,38.057,62.582
304,236.79,37.865,62.266
300.34,235.62,37.678,61.96
297.48,235.16,37.73,62.045
296.22,234.53,37.701,61.998
293.94,234.09,37.824,62.2
292.97,233.58,37.734,62.051
292.94,234.15,37.773,62.116
291.74,234.5,37.956,62.416
289.91,234.57,37.962,62.427
289.34,234.68,37.946,62.4
289.28,234.32,38.002,62.492
288.76,234.4,38.157,62.748
289.09,234.49,38.129,62.701
291.01,234.6,38.29,62.966
291.86,233.89,38.316,63.009
294.43,234.85,38.258,62.913
296.91,235.11,38.235,62.875
299,235.12,38.389,63.128
300.51,235.14,38.544,63.384
301.25,234.25,38.819,63.836
302.26,233.79,38.973,64.089
301.93,232.1,39.166,64.406
302.41,232.34,39.237,64.523
302.37,232.28,39.026,64.176
301.59,231.5,39.204,64.469
301.81,232.3,39.089,64.279
300.81,232.95,39.069,64.247
301.48,234.53,39.226,64.505
302.64,237.11,39.102,64.301
302.1,238.78,39.131,64.348
301.92,239.93,38.8,63.805
300.25,240.53,38.546,63.387
297,240.33,38.372,63.101
293.44,240.18,38.143,62.724
289.96,239.68,38.211,62.836
285.94,238.09,38.295,62.973
282.64,236.44,38.152,62.739
280.24,235.32,38.147,62.73
276.86,233.83,38.36,63.081
272.88,232.8,38.418,63.176
268.69,232.45,38.381,63.116
263.4,234.78,38.368,63.093
259.66,236.6,38.378,63.11
255.83,238.4,38.302,62.986
251.87,239.46,38.083,62.625
247.02,240.87,38.02,62.521
241.82,242.05,37.854,62.249
237.36,242.28,37.794,62.15
232.97,241.39,37.684,61.969
229.86,240.74,37.565,61.773
225.99,238.96,37.369,61.451
222.25,237.79,37.33,61.388
218.57,236.46,37.628,61.877
215.13,235.8,37.76,62.094
212.22,235.69,37.951,62.409
208.21,234.79,37.967,62.435
205.26,234.58,38.073,62.609
203.48,235.19,38.152,62.739
201.28,235.03,38.091,62.639
199.51,235.24,38.057,62.583
198.29,235.42,38.145,62.728
197.33,235.3,38.228,62.864
196.03,234.71,38.204,62.824
195.02,235.07,38.195,62.81
193.11,235.28,38.153,62.741
192.64,235.5,38.203,62.822
190.92,235.46,38.125,62.694
190.03,236.13,38.049,62.569
189.64,236.49,37.91,62.34
188.81,236.21,37.915,62.349
188.64,236.54,37.881,62.293
188.93,236.93,37.719,62.027
189.73,237.85,37.651,61.915
190.49,237.63,37.678,61.959
192.84,238,37.695,61.987
195.39,238.68,37.727,62.041
197.97,238.83,37.787,62.139
200.59,238.63,37.899,62.322
202.52,237.5,38.048,62.568
205.5,237.82,38.093,62.641
207.39,236.76,37.994,62.479
209.06,235.73,37.902,62.327
210.77,235.47,37.796,62.154
213.25,235.91,37.695,61.987
215.05,235.88,37.771,62.112
216.76,235.8,37.669,61.944
217.47,235.9,37.509,61.682
218.4,236.25,37.52,61.7
220.87,236.89,37.538,61.729
222.12,236.88,37.523,61.705
224.32,236.73,37.659,61.929
226.92,235.7,37.828,62.205
229.01,234.75,38.001,62.49
231.19,234.12,38.214,62.84
233.72,233.7,38.337,63.043
235.86,233.36,38.349,63.063
239.07,233.6,38.41,63.163
241.6,233.97,38.414,63.17
243.62,233.72,38.51,63.327
244.91,233.2,38.638,63.538
245.13,232.02,38.858,63.9
245.46,232.3,39.003,64.139
244.73,231.76,39.155,64.388
245.02,232.33,39.151,64.382
244.27,232.22,39.24,64.528
242.97,232.36,39.156,64.39
241.66,232.68,39.135,64.356
240.57,233.02,39.066,64.241
238.8,233.48,38.871,63.922
238.34,234.37,38.818,63.834
237.04,234.97,38.794,63.795
235.94,235.15,38.679,63.606
234.28,234.98,38.409,63.162
234.33,235.64,38.379,63.112
232.39,235.71,38.134,62.71
231.94,236.35,37.914,62.347
229.83,236.36,37.339,61.401
229.22,237.36,37.123,61.046
228.28,237.71,36.936,60.739
227.86,237.94,36.856,60.608
227.81,238.17,36.528,60.068
227.54,238.53,36.224,59.568
227.86,238.91,36.159,59.461
228.73,239.55,36.1,59.364
229.12,238.61,35.951,59.12
229.35,237.61,35.867,58.982
228.59,236.47,35.798,58.868
227.72,235.2,35.656,58.634
226.32,232.64,35.733,58.761
224.65,229.68,35.829,58.919
222.3,227.91,36.094,59.354
220.94,227.37,36.295,59.685
220.27,227.49,36.212,59.549
219.82,227.94,36.191,59.513
220.39,230.13,36.185,59.504
222.48,232.41,36.328,59.74
224.4,233.71,36.482,59.993
225.33,234.38,36.635,60.244
227.53,235.98,36.784,60.489
227.68,236.21,36.778,60.479
228.54,235.91,36.811,60.534
231.84,234.67,36.969,60.793
236.68,235.81,36.895,60.672
240.85,237.61,36.645,60.26
246.71,241,36.324,59.733
254.22,243.46,35.873,58.991
261.98,244.45,35.617,58.57
268.26,243.91,35.487,58.356
271.58,243.27,35.468,58.326
273.83,242.53,35.434,58.269
274.71,242.29,35.483,58.35
276.68,242.31,35.493,58.366
280.34,242.3,35.487,58.356
285.75,242.1,35.516,58.404
291.01,241.65,35.467,58.323
293.26,238.88,35.403,58.218
294.59,236.13,35.118,57.75
297.31,233.52,34.999,57.554
301.4,231.7,34.97,57.506
305.93,231.75,35.033,57.609
311.18,233.34,35.237,57.945
314.75,236.15,35.441,58.281
317.47,236.3,35.447,58.29
319.75,236.32,35.238,57.946
322.57,235.42,35.161,57.82
324.65,235.32,35.205,57.893
326.84,234.79,35.256,57.976
329.63,233.4,35.44,58.279
332,232.35,35.532,58.431
334.42,232.57,35.469,58.327
335.99,233.75,35.407,58.226
337.66,235.85,35.337,58.11
338.86,238.82,35.119,57.751
340.93,240.5,34.848,57.306
339.09,227.57,34.954,57.48
344.48,227.66,34.995,57.548
344.47,240.28,35.091,57.705
347.25,239.79,34.972,57.51
351.99,237.71,35.025,57.597
357.05,235.62,35.06,57.655
360.44,234.56,35.168,57.832
364.94,235.29,35.128,57.766
368.22,235.72,35.162,57.823
370.39,236.18,35.312,58.069
372.84,236.27,35.407,58.226
375.69,235.1,35.465,58.32
379.36,233.29,35.55,58.46
383.79,231.65,35.479,58.344
388.37,229.92,35.512,58.398
393.13,230.17,35.427,58.258
397.63,230.72,35.56,58.476
401.51,232.24,35.577,58.504
404.49,232.78,35.415,58.237
408.62,232.77,35.355,58.14
412.8,231.65,35.428,58.26
416.41,229.79,35.549,58.458
420.08,228.48,35.689,58.688
424.2,228.62,35.634,58.598
427.46,230.19,35.742,58.776
430.79,230.48,35.803,58.876
434.98,229.93,36.012,59.219
439.22,229.62,36.157,59.458
443.05,228.8,35.931,59.087
446.73,228.83,35.732,58.759
449.94,229.19,35.444,58.287
454.08,231.09,35.178,57.849
457.21,232.86,35.124,57.759
460.83,233.32,34.906,57.401
463.91,232.52,34.733,57.117
465.24,231.26,34.609,56.912
466.69,230.02,34.48,56.7
467.8,229.54,34.516,56.76
468.7,229.42,34.624,56.938
470.06,230.28,34.646,56.974
471.31,230.99,34.773,57.183
471.75,231.01,35.016,57.582
471.8,230.65,35.105,57.729
472.48,230.04,35.167,57.83
473.52,229.67,34.955,57.481
474.53,229.38,34.713,57.083
475.32,229.53,34.388,56.549
476.85,230.64,34.035,55.969
477.61,231.55,33.989,55.893
478.44,232.41,33.935,55.804
479.22,232.55,33.775,55.541
479.71,232.31,33.591,55.239
480.46,231.11,33.535,55.147
481.08,230.52,33.415,54.949
481.21,230.14,33.567,55.198
481.18,230.34,33.684,55.392
481.15,231.35,33.746,55.493
482.01,233.04,33.534,55.145
482.74,233.38,33.499,55.088
484.93,233.54,33.607,55.264
486.64,232.97,33.653,55.34
488.43,232.37,33.533,55.143
492.04,231.73,33.098,54.427
496.07,231.21,32.833,53.991
500.77,230.96,32.515,53.47
506.51,231.03,32.301,53.118
512.35,231.15,32.243,53.021
518.16,230.74,32.107,52.798
522.9,229.35,32.306,53.126
527.67,227.77,32.438,53.343
533.82,227.09,32.512,53.464
537.34,226.29,32.665,53.716
540.79,226.37,32.706,53.783
543.51,227.73,32.757,53.868
544.96,229.67,32.762,53.875
545.14,231.01,32.732,53.826
543.94,231.75,32.562,53.547
542.26,231.47,32.161,52.887
540.13,231.43,31.792,52.28
539.24,231.21,31.421,51.671
537.76,230.64,31.344,51.543
535.9,230.26,31.387,51.615
532.94,228.94,31.452,51.721
531.83,228.52,31.461,51.737
530.43,228.22,31.509,51.815
529.39,227.97,31.611,51.983
529.53,228.71,31.801,52.295
528.43,228.55,31.831,52.344
527.6,229.11,31.906,52.467
527.41,229.12,31.917,52.485
527.39,229.13,32.104,52.794
527.04,228.94,32.107,52.798
527.4,229.08,32.185,52.926
526.68,228.99,32.085,52.762
526.92,229.11,32.231,53.002
527.08,229.46,32.249,53.032
527.06,230.21,32.444,53.352
527.76,231.02,32.524,53.484
527.25,231.42,32.387,53.259
527.34,232.33,32.409,53.295
526.46,233.22,32.497,53.44
524.96,233.55,32.338,53.177
523.27,233.76,32.125,52.828
519.24,233.89,32.047,52.7
514.37,233.94,32.18,52.918
508.42,233.54,32.313,53.138
504.29,232.86,32.661,53.71
499.99,231.75,33.081,54.401
495.98,230.2,33.169,54.545
492.65,228.83,33.2,54.595
489,227.77,33.242,54.664
485.25,227.05,33.125,54.472
482.12,227.24,33.244,54.667
479.78,227.97,33.419,54.956
478,230.29,33.748,55.497
476.8,231.33,33.825,55.624
476.93,232.26,33.74,55.484
476.74,232.88,33.491,55.074
477.35,233.21,33.397,54.919
478.35,232.66,33.178,54.559
481.52,231.48,33.032,54.32
483.94,231.12,32.854,54.026
487.01,230.21,32.662,53.71
489.27,230.61,32.462,53.382
492.38,231.76,32.34,53.181
495.98,233.39,32.3,53.115
499.16,234.15,32.157,52.88
501.43,234.49,31.918,52.488
504.61,235.05,31.713,52.15
507.64,235.32,31.496,51.794
509.88,234.42,31.317,51.499
513.42,233.73,31.379,51.601
516.55,232.16,31.507,51.811
518.7,231.15,31.613,51.986
521.45,230.84,31.728,52.174
524.06,229.84,32.069,52.736
527.79,229.5,32.321,53.149
530.3,228.09,32.566,53.554
532.78,227.32,32.879,54.068
535.25,227.62,32.893,54.09
537.55,227.31,32.904,54.108
