394.5,192.5,52,78
390.33,194.14,51.967,77.951
387.94,195.46,51.575,77.363
385.31,195.05,52.35,78.526
382.81,194.15,53.605,80.408
380.75,194.5,54.215,81.323
378.24,195.57,54.536,81.804
377.08,196.46,54.737,82.106
375.38,196.03,54.848,82.272
373.27,195.49,55.614,83.421
371.41,196.52,56.091,84.136
369.4,197.62,56.624,84.935
366.94,197.82,56.059,84.089
365.04,196.91,57.162,85.743
362.97,196.72,56.889,85.333
362.8,198.55,56.614,84.921
361.94,199,55.848,83.772
360.83,199.4,55.611,83.417
358.96,199.01,55.705,83.558
356.89,199.4,55.664,83.496
355.19,201.51,55.835,83.752
351.84,202.82,56.325,84.488
350.62,203.19,56.378,84.566
347.68,202.79,56.985,85.478
344.87,203.37,57.582,86.373
342.56,204.11,57.54,86.31
340.26,205.23,57.244,85.865
336.51,204.75,57.561,86.341
333.96,205.02,58.545,87.817
329.75,207.88,59.179,88.768
325.31,209.51,60.193,90.29
322.25,208.94,59.7,89.549
318.97,207.36,59.734,89.6
316.12,207.57,59.474,89.212
313.91,207.93,58.855,88.283
312.16,208.63,58.786,88.179
309.16,209.85,58.988,88.483
305.98,210.69,59.391,89.087
302.38,211.17,59.751,89.627
299.44,213.41,59.919,89.878
295.14,214.27,60.779,91.169
291.48,212.58,60.826,91.239
288.59,211.8,61.32,91.98
286.18,212.99,61.19,91.784
284,214.6,61.055,91.583
280.87,215.11,61.106,91.66
278.2,216.33,61.774,92.66
274.45,214.69,62.694,94.041
272.17,215.36,62.84,94.26
269.63,217,63.113,94.669
264.63,217.04,63.204,94.805
262.48,216.19,63.557,95.336
260.24,216.48,63.262,94.893
258.27,217.9,62.602,93.902
256.86,219.09,62.196,93.293
256.06,219.51,62.126,93.189
254.68,219.74,62.282,93.423
253.58,220.53,62.494,93.74
251.45,221.55,62.768,94.152
247.95,223.18,62.792,94.188
245.18,223.35,62.837,94.256
241.66,223.06,63.336,95.003
238.69,223.79,63.937,95.906
236.51,224.6,64.33,96.496
235.42,226.08,64.328,96.492
233.51,226.34,64.953,97.429
230.99,225.68,65.345,98.018
227.47,227.06,65.71,98.565
224.67,228.38,66.12,99.181
219.61,229,66.266,99.399
215.87,228.58,66.239,99.358
211.78,228.6,66.637,99.955
209.45,229.85,66.554,99.832
206.56,231.83,66.372,99.557
202.12,231.76,66.779,100.17
198.76,231.87,66.545,99.817
195.77,232.14,66.418,99.627
190.3,235.09,66.402,99.604
185.03,235.38,66.554,99.83
179.48,235.8,66.5,99.75
174.97,234.8,66.331,99.496
169.88,235.54,66.369,99.553
166.28,237.11,66.278,99.418
161.6,238.53,66.252,99.377
157.46,239.33,66.239,99.358
153.59,238.37,66.459,99.688
149.54,239.05,66.58,99.87
144.23,240.02,66.534,99.801
140.42,240.06,66.12,99.18
134.59,238.42,66.107,99.16
128.74,236.7,65.942,98.913
123.41,237.78,65.925,98.887
118.45,239.74,66.119,99.178
115.36,239.78,66.092,99.138
111.72,238.82,66.295,99.443
107.68,239,65.836,98.754
102.94,241.47,65.735,98.602
94.438,243.1,66.014,99.021
88.874,243.19,65.967,98.95
90.88,242.79,65.96,98.94
117.09,241.28,66.026,99.039
147.3,242.96,65.974,98.961
176.53,243.73,65.612,98.418
202.18,242.19,65.808,98.712
232.98,242.66,65.835,98.753
260.27,241.22,66.219,99.329
289.88,241.92,66.233,99.349
315.91,240.02,66.226,99.338
340.99,240.11,66.281,99.422
369.24,240.39,66.45,99.676
366.75,238.34,66.72,100.08
362.41,239.58,67.051,100.58
353.99,239.72,67.732,101.6
346.93,239.78,67.561,101.34
336.3,240.01,68.027,102.04
326.85,239.53,68.203,102.3
320.02,239,68.368,102.55
313.4,240.57,68.478,102.72
306.38,242.53,68.821,103.23
295.55,239.25,69.509,104.26
288.35,239.02,69.448,104.17
284.05,238.67,69.413,104.12
291.14,273.24,69.966,104.95
288.61,272.26,70.183,105.27
287.78,273.73,70.53,105.79
286.53,273.08,70.701,106.05
286.44,272.6,70.961,106.44
286.2,273.04,71.406,107.11
286.98,272.6,71.549,107.32
286.29,272.73,71.802,107.7
286.54,273.93,72.287,108.43
286.29,273.51,72.546,108.82
287.03,273.4,72.837,109.26
286.53,272.35,72.679,109.02
287.21,271.99,72.616,108.92
287.98,270.98,73.26,109.89
281.56,270.64,73.12,109.68
281.72,268.55,73.001,109.5
285.79,219.59,73.173,109.76
285.62,218.01,73.108,109.66
286.33,217.52,72.896,109.34
285.96,217.89,72.531,108.8
287.34,217.89,72.618,108.93
286.33,218.06,72.739,109.11
286.41,218.22,72.828,109.24
289.42,217.36,72.734,109.1
313.72,217.98,72.721,109.08
340.94,219.36,72.837,109.26
385.06,216.81,72.996,109.49
423.13,215.92,73.167,109.75
457.38,216.08,73.13,109.69
492.71,216.37,73.078,109.62
528.27,215.55,72.923,109.38
558.94,214.9,73.045,109.57
561.96,216.13,72.998,109.5
564.09,215.23,72.705,109.06
564.88,216.05,72.912,109.37
563.06,215.62,72.723,109.08
564.25,215.38,72.836,109.25
564.16,215.52,73.032,109.55
563.65,215.31,73.076,109.61
563.73,215.4,73.652,110.48
564.15,215.41,73.611,110.42
564.08,215.54,73.635,110.45
564.29,215.42,73.697,110.55
564.42,215.46,73.714,110.57
564.68,215.11,73.628,110.44
564.81,215.02,73.765,110.65
564.65,214.91,74.128,111.19
564.66,214.67,74.544,111.82
564.24,214.97,74.39,111.58
564.18,214.8,74.33,111.49
564.67,214.77,74.765,112.15
564.34,214.71,74.831,112.25
564.72,214.71,74.888,112.33
565.09,215.27,74.569,111.85
564.37,214.68,74.164,111.25
564.94,214.76,74.142,111.21
564.61,215.13,74.589,111.88
564.13,214.5,74.482,111.72
563.8,214.93,74.608,111.91
563.93,214.77,74.264,111.4
565.91,214.85,74.44,111.66
604.95,215.92,73.79,110.68
638.12,214.22,73.51,110.27
672.22,213.6,73.72,110.58
670.4,259.34,73.074,109.61
684.21,294.11,72.34,108.51
687.11,297.38,72.019,108.03
693.45,298.36,71.88,107.82
696,298.36,71.696,107.54
698.15,298.73,72.362,108.54
702.45,296.57,72.556,108.83
706.34,297.15,73.068,109.6
710.74,297.17,72.024,108.04
716.07,297.14,71.334,107
719.2,298.34,70.753,106.13
722.55,298.41,71.122,106.68
