812.5,400.5,72,141
809.71,395.42,71.529,140.08
807.45,394.03,71.731,140.47
805.55,394.58,71.232,139.5
803.76,396.73,70.773,138.6
802.04,398.27,69.203,135.52
797.75,395.99,70.238,137.55
796.04,395.33,69.211,135.54
793.18,391.38,68.462,134.07
788.92,387.78,67.591,132.37
784.28,383.3,67.767,132.71
780.35,378.91,68.065,133.29
777.87,379.22,67.774,132.72
774.89,380.27,67.368,131.93
772.48,381.54,67.382,131.96
770.39,380.45,66.172,129.59
767.4,377.83,66.214,129.67
764.29,379.61,65.342,127.96
762.13,380.61,65.426,128.13
760.58,380.8,65.373,128.02
759.63,380.4,64.817,126.93
757.35,380.35,64.623,126.55
755.78,381.17,63.942,125.22
754,381.02,63.461,124.28
752.41,380.93,63.134,123.64
750.91,379.33,63.004,123.38
748.88,378.57,62.36,122.12
747.43,376.73,62.029,121.47
747.09,376.4,61.744,120.92
745.56,374.71,61.655,120.74
744.93,373.98,61.635,120.7
743.2,374.57,61.341,120.13
741.41,376.64,61.491,120.42
734.92,375.56,61.481,120.4
716.96,376.13,60.55,118.58
692.61,376.05,60.136,117.77
669.55,375.12,60.19,117.87
656.39,375.12,59.815,117.14
650.45,377.19,59.602,116.72
645.37,380.92,59.279,116.09
642.73,383.59,59.353,116.23
639.78,383.93,59.029,115.6
636.83,381.23,59.204,115.94
634.4,379.69,58.912,115.37
631.94,378.43,58.794,115.14
629.51,380.87,58.706,114.97
626.43,383.7,58.553,114.67
624.2,386.86,58.468,114.5
620.85,390.69,58.09,113.76
618.73,392.17,58.098,113.78
616.88,391.35,57.887,113.36
615.31,386.19,57.419,112.45
614.86,380.75,57.004,111.63
614.46,378.29,56.196,110.05
612.85,379.08,56.286,110.23
611.93,379.89,56.186,110.03
610.94,378.08,56.151,109.96
609.92,376.08,56.197,110.05
608.22,377.59,56.474,110.59
606.94,377.98,56.511,110.67
605.22,377.77,56.321,110.29
602.94,378.17,56.512,110.67
600.61,378.48,56.369,110.39
598.18,377.99,56.525,110.7
595.25,377.29,56.687,111.01
593,376.9,56.648,110.94
590.41,375.72,56.609,110.86
588.38,374.87,56.502,110.65
586.61,374.13,56.581,110.8
585.24,373.65,56.629,110.9
583.11,372.98,56.718,111.07
581.28,372.91,56.664,110.97
579.53,372.91,56.849,111.33
577.3,372.8,57.006,111.64
575.11,373.54,56.657,110.95
572.19,373.59,56.569,110.78
569.87,373.39,56.469,110.59
567.42,373.35,56.126,109.91
565.62,372.73,55.867,109.41
563.52,372.36,55.727,109.13
561.44,371.85,55.533,108.75
559.46,371.35,55.207,108.11
557.56,370.92,55.213,108.13
555.34,370.54,55.217,108.13
553.69,370.66,54.828,107.37
552.31,370.52,54.765,107.25
549.99,371.16,54.716,107.15
547.98,371.41,54.449,106.63
545.62,371.61,54.004,105.76
543.25,371.48,53.778,105.31
540.89,371.79,53.453,104.68
538.29,371.54,53.342,104.46
535.39,370.56,53.222,104.23
533.04,369.33,52.844,103.49
531.78,368.63,52.785,103.37
529.13,368.05,52.906,103.61
526.93,368.12,53.18,104.14
524.33,367.56,53.277,104.33
523.06,367.5,53.131,104.05
521.24,367.81,52.99,103.77
519.72,367.93,52.891,103.58
518.36,368.06,52.727,103.26
516.22,367.72,52.489,102.79
514.15,367.72,52.415,102.65
512.95,367.71,52.144,102.12
512.04,367.62,51.706,101.26
510.24,366.59,51.832,101.5
508.67,365.43,51.867,101.57
507.29,364.74,51.703,101.25
506.47,364.66,51.447,100.75
505.33,365.12,51.278,100.42
503.46,365.4,50.8,99.484
502.28,365.69,50.88,99.64
500.57,365.77,50.828,99.538
498.71,365.77,50.802,99.487
496.69,366.08,50.626,99.142
494.14,365.83,50.606,99.104
492.12,365.75,50.465,98.827
490.12,365.21,50.218,98.343
488.55,365.04,50.235,98.377
486.74,364.13,50.316,98.535
484.37,362.8,50.421,98.741
482.48,361.83,50.483,98.862
480.8,361.57,50.556,99.006
479.07,361.22,50.602,99.095
477.33,360.98,50.625,99.141
476.19,361.32,50.186,98.28
474.97,362,49.914,97.748
473.74,361.92,49.684,97.297
472.64,362,49.6,97.133
471.98,362.78,49.262,96.471
470.79,362.08,48.854,95.673
470.17,361.8,48.802,95.571
469.47,361.47,48.805,95.577
468.29,360.78,49.026,96.008
466.84,360.01,48.698,95.366
466.18,359.85,48.69,95.352
465.36,359.82,48.488,94.955
463.96,360.1,47.982,93.966
463.56,360.88,47.823,93.654
461.52,360.8,47.557,93.133
460.43,361.73,47.38,92.785
458.62,361.69,47.414,92.853
456.9,361.68,47.402,92.83
455.1,361.65,47.551,93.12
453.63,361.25,47.577,93.172
451.97,360.16,47.556,93.131
450.38,359.04,47.855,93.715
448.32,357.57,48.061,94.12
446.85,357.87,48.077,94.15
445.75,357.76,48.199,94.39
444.35,357.65,48.2,94.392
443.22,357.77,48.112,94.219
442.2,358.05,47.873,93.752
440.59,357.46,47.735,93.482
439.23,357.67,47.61,93.237
438.38,358.03,47.32,92.668
437.35,358.26,47.289,92.607
436.5,357.69,46.998,92.037
435.32,356.75,46.802,91.653
434.78,357.02,46.688,91.43
433.85,356.5,46.592,91.242
432.76,356,46.624,91.306
431.92,355.77,46.77,91.591
430.72,356.02,46.625,91.308
429.47,356.46,46.53,91.122
427.81,356.4,46.395,90.856
426.31,356.31,46.232,90.538
424.77,356.73,46.119,90.317
423.74,357.45,45.962,90.01
422.49,357.59,45.825,89.74
420.19,356.4,46.097,90.274
419.52,356.46,45.968,90.022
418.18,355.62,46.086,90.251
417.18,354.97,46.193,90.461
415.91,354.69,46.3,90.67
414.54,354.36,46.316,90.702
413.39,354.11,46.353,90.774
412.96,353.54,46.454,90.972
412.41,353.32,46.425,90.916
411.69,354.74,46.293,90.658
410.81,355.02,46.26,90.593
410.65,355.16,46.121,90.319
410.33,354.5,45.972,90.029
409.91,352.35,45.847,89.784
409.31,351.75,45.788,89.669
408.91,351.75,45.63,89.359
408.32,350.99,45.788,89.669
406.96,349.52,45.76,89.613
405.82,349.53,45.567,89.235
405.9,350.49,45.31,88.731
406.02,351.44,45.086,88.294
405.13,351.58,44.808,87.749
405.22,352.16,44.653,87.446
404.3,352.23,44.598,87.339
402.68,352.26,44.616,87.372
401.58,352.28,44.646,87.431
400.22,351.9,44.828,87.787
398.68,351.01,44.835,87.803
397.44,350.22,44.817,87.767
396.41,349.96,44.841,87.814
394.77,348.96,44.82,87.772
393.97,348.64,44.759,87.653
392.58,348.67,44.771,87.676
391.62,348.72,44.779,87.692
390.94,348.85,44.694,87.527
390.37,348.99,44.447,87.042
388.88,349.15,44.085,86.333
389.14,349.95,43.721,85.62
387.27,349.41,43.442,85.074
387.25,349.41,43.305,84.806
386.92,349.51,42.958,84.127
385.84,348.57,42.936,84.084
385.18,348.2,42.687,83.596
384.81,348.28,42.632,83.487
383.98,348,42.576,83.378
383.27,347.78,42.682,83.586
382.39,348.31,42.657,83.537
381.18,348.84,42.457,83.145
379.85,348.76,42.414,83.061
378.81,348.79,42.354,82.943
377.26,348.58,42.326,82.888
375.72,348.61,42.185,82.612
374.57,348.74,42.062,82.371
373.39,348.58,42.091,82.428
372.05,348.28,42.034,82.317
371.84,348.02,41.933,82.118
370.3,347.36,41.865,81.985
369.24,347.05,41.803,81.864
368.7,346.73,41.86,81.977
368.28,346.57,42.021,82.291
368.26,346.97,41.989,82.228
367.57,347.15,42.037,82.323
367.86,347.03,42.117,82.479
366.94,346.79,42.089,82.425
365.56,346.69,41.911,82.076
364.19,346.75,41.727,81.715
363.52,346.74,41.62,81.505
363.15,346.29,41.462,81.197
362.8,345.8,41.415,81.104
362.38,345.38,41.453,81.179
361.97,345.01,41.486,81.244
361.3,345.08,41.599,81.465
360.61,345.01,41.507,81.284
359.99,345.22,41.39,81.055
358.83,345.66,41.26,80.8
357.92,345.95,41.283,80.846
356.78,345.92,41.309,80.897
354.27,346.12,41.333,80.943
353.25,346.11,41.261,80.802
352.23,345.91,41.112,80.511
351.3,346.07,41.011,80.313
350.03,345.65,40.862,80.022
349.21,345.04,40.956,80.205
348.7,344.73,40.896,80.089
348.15,344.41,40.909,80.114
347.54,344.45,40.877,80.05
346.92,344.25,40.785,79.87
346.36,344.49,40.742,79.786
346.26,344.46,40.715,79.733
345.94,344.41,40.668,79.641
345.87,344.72,40.729,79.762
345.17,344.6,40.553,79.417
344.69,344.9,40.349,79.016
344.35,344.46,40.205,78.734
344.55,344.27,39.884,78.105
344.18,344.49,39.644,77.636
344.27,344.48,39.557,77.465
343.62,344.19,39.493,77.34
343,344.1,39.357,77.074
342.74,344.28,39.237,76.84
342.22,344.44,39.184,76.735
341.25,344.29,39.077,76.526
340.42,344.37,39.005,76.384
339.87,344.76,38.535,75.464
339.07,344.75,38.565,75.522
338.39,344.55,38.458,75.313
337.85,344.57,38.322,75.047
337.12,344.39,38.34,75.083
336.34,344.08,38.323,75.049
335.74,344.21,38.217,74.842
335.3,344.07,37.981,74.379
334.86,344.01,37.944,74.307
334.52,343.51,38.018,74.453
334.38,343.56,37.997,74.41
333.78,343.33,37.989,74.395
333.59,343.48,37.6,73.634
333.42,343.65,37.635,73.702
333.25,343.72,37.583,73.601
333.01,343.78,37.51,73.458
332.58,343.89,37.061,72.577
332.52,343.83,36.88,72.223
332.69,343.93,36.817,72.1
331.83,343.57,36.51,71.498
331.81,343.62,36.29,71.067
331.75,343.85,36.232,70.954
331.39,343.55,36.18,70.852
331.15,343.32,36.14,70.773
330.39,343.13,36.13,70.754
330.2,343.22,36.081,70.659
329.46,343.32,36.075,70.647
328.89,343.54,36.035,70.568
328.2,343.88,35.958,70.417
327.53,344.13,35.79,70.089
327.06,344.45,35.757,70.024
326.24,344.54,35.7,69.912
325.62,343.77,35.697,69.906
324.84,343.57,35.824,70.154
324.37,343.49,35.789,70.087
323.91,343.42,35.545,69.61
323.79,343.45,35.357,69.241
323.14,343.14,35.018,68.577
323.06,342.95,34.796,68.142
322.89,343.51,34.622,67.802
321.93,344.22,34.517,67.597
321.71,345.8,34.232,67.037
321.67,347.4,34.164,66.904
321.37,348.33,34.062,66.705
320.63,348.64,33.86,66.309
320.67,348.07,33.662,65.922
320.59,347.41,33.843,66.275
320.2,346.61,33.652,65.902
320.47,347.49,33.495,65.594
320.24,348.01,33.521,65.645
319.92,348.65,33.408,65.424
319.73,348.68,33.564,65.729
319.44,347.73,33.569,65.74
319.68,344.78,33.213,65.043
319.3,342.77,32.896,64.421
319.39,344.11,32.957,64.541
318.5,344.65,33.22,65.056
317.79,344.07,33.075,64.772
317.18,343.61,33.234,65.084
316.69,343.17,33.389,65.386
316.31,342.81,33.506,65.615
315.92,342.68,33.454,65.514
315.56,342.45,33.454,65.513
315.02,342.27,33.523,65.649
314.57,341.86,33.772,66.137
314.04,341.26,33.658,65.914
314.27,341.82,33.671,65.94
314.05,341.99,33.647,65.891
313.94,342.06,33.651,65.901
313.79,342.43,33.591,65.783
313.58,342.51,33.717,66.029
313.35,342.56,33.591,65.783
313.5,342.59,33.622,65.843
313.42,342.73,33.592,65.784
313.53,342.78,33.485,65.575
313.78,342.73,33.348,65.307
313.35,342.03,33.36,65.329
313.45,342.14,33.324,65.26
313.37,341.5,33.128,64.875
313.34,341.66,33.019,64.662
313.47,341.7,32.946,64.519
313.49,341.45,32.998,64.62
313.37,341.12,33.101,64.824
313.18,340.65,32.867,64.365
313.43,340.62,32.849,64.329
313.49,340.38,32.718,64.073
313.5,340.18,32.629,63.898
312.82,339.84,32.295,63.244
313.1,340.07,32.311,63.277
312.75,340.1,32.36,63.372
312.27,339.73,32.472,63.591
312.03,339.38,32.233,63.124
312.42,339.93,32.029,62.723
312.45,340.16,31.851,62.376
311.9,339.57,31.771,62.217
311.89,339.51,31.754,62.184
311.88,339.64,31.685,62.049
312.03,339.83,31.636,61.953
312.28,340.13,31.616,61.915
312.26,340.01,31.593,61.87
312.19,339.94,31.574,61.833
312.18,339.84,31.549,61.784
312.12,339.81,31.308,61.311
311.78,339.64,31.029,60.766
311.81,339.94,30.787,60.291
312.19,340.38,30.757,60.233
312.03,340.15,30.683,60.088
311.87,339.64,30.694,60.109
312,339.5,30.672,60.066
311.99,339.61,30.401,59.536
311.61,339.51,30.247,59.233
311.84,340.09,30.287,59.312
311.93,340.29,30.259,59.258
311.47,340.35,30.231,59.203
311.09,340.56,30.183,59.109
310.41,340.82,29.999,58.748
310.18,340.76,29.91,58.574
309.25,340.41,29.578,57.923
309.62,340.65,29.662,58.089
308.1,339.96,29.431,57.635
307.41,340.15,29.302,57.382
306.56,340.17,28.878,56.553
306.42,340.41,28.768,56.337
306.23,340.59,28.66,56.126
305.12,340.02,28.595,55.998
305.25,340.48,28.684,56.174
305.26,340.68,28.592,55.994
305.14,340.81,28.616,56.039
305.39,341.09,28.568,55.946
305.96,341.42,28.543,55.896
305.98,341,28.543,55.896
306.3,340.91,28.581,55.972
