308,92,16,28
308.05,91.92,16.076,28.134
308.56,92.821,15.899,27.824
308.67,92.822,15.837,27.715
309.18,93.026,15.975,27.956
309.57,93.42,15.968,27.945
310.16,93.173,15.821,27.687
310.92,93.921,15.586,27.275
311.25,94.143,15.719,27.508
311.47,94.239,15.616,27.328
311.69,94.979,15.665,27.414
312.08,94.881,15.651,27.39
312.51,94.836,15.743,27.549
312.94,94.988,15.819,27.683
312.79,94.566,15.873,27.777
312.93,94.66,15.963,27.935
313.14,94.753,16.06,28.104
313.75,94.737,16.1,28.175
314.43,95.208,16.184,28.323
315.76,95.227,16.242,28.424
316.83,95.908,16.36,28.63
317.75,95.973,16.339,28.593
318.47,96.108,16.299,28.524
319.43,96.268,16.282,28.493
320.52,96.129,16.339,28.593
321.51,96.451,16.381,28.666
322.08,96.438,16.457,28.8
322.81,96.24,16.683,29.195
323.4,96.622,16.533,28.933
324.48,96.996,16.604,29.057
324.09,96.831,16.637,29.115
324.62,96.796,16.631,29.104
324.71,96.663,16.716,29.254
325.24,97.282,16.691,29.209
325.4,96.999,16.892,29.561
325.78,96.924,17.091,29.91
326.65,97.891,17.315,30.302
326.24,97.208,17.436,30.514
326.6,97.343,17.548,30.71
327.04,97.613,17.755,31.071
327.88,97.724,17.749,31.061
328.5,98.28,17.788,31.128
329.16,98.398,17.747,31.058
329.65,98.559,17.764,31.087
330.66,99.404,17.743,31.049
331.16,99.041,17.73,31.028
331.96,99.609,17.718,31.006
332.43,99.753,17.792,31.136
333.08,99.772,17.798,31.147
334,100.12,17.82,31.186
334.56,100.05,17.885,31.3
335.19,100.5,17.881,31.292
335.75,100.95,17.951,31.414
336.09,100.64,17.967,31.442
336.98,100.91,17.914,31.35
338.03,101.24,18.047,31.582
339.03,101.16,18.057,31.599
340.38,100.99,18.109,31.69
341.93,101.21,18.171,31.799
343.45,101.47,18.269,31.97
345.21,101.56,18.273,31.978
348.09,101.78,18.36,32.13
351.13,101.92,18.426,32.245
353.17,102.15,18.517,32.406
355.71,101.73,18.457,32.299
358.75,101.8,18.499,32.374
362.18,101.22,18.456,32.297
365.57,101.73,18.583,32.52
368.89,102.11,18.565,32.489
372.19,102.21,18.542,32.449
375.9,102.83,18.535,32.436
379.07,103.54,18.479,32.339
382.48,103.89,18.476,32.334
385.94,103.89,18.551,32.464
388.29,103.94,18.498,32.372
391.09,103.97,18.512,32.396
394.53,104.13,18.609,32.566
397.4,104.11,18.662,32.658
399.28,104.23,18.621,32.587
401.76,104.42,18.615,32.577
403.68,104.96,18.663,32.66
404.73,105.27,18.772,32.851
405.28,105.05,18.874,33.029
405.46,105.68,18.888,33.054
405.78,105.94,18.865,33.013
405.27,106.11,18.839,32.967
404.21,106.1,18.901,33.077
401.74,106.04,19.013,33.273
399.47,106.48,19.105,33.434
396.48,106.81,19.184,33.573
392.85,106.79,19.208,33.614
389.47,106.76,19.338,33.842
384.82,106.72,19.39,33.933
381.05,107.25,19.522,34.164
376.45,106.74,19.693,34.462
371.6,106.72,19.793,34.637
368.93,107.16,19.92,34.86
365.45,108.16,19.997,34.996
361.43,108.85,20.021,35.037
357.41,109.1,19.987,34.978
353.38,109.59,19.943,34.901
349.48,109.95,19.88,34.79
345.62,110.14,19.916,34.853
342.22,110.44,19.958,34.926
339.36,110.57,19.972,34.95
337.07,111,20.132,35.23
334.9,111,20.267,35.467
333.25,110.69,20.375,35.656
332.36,111.19,20.342,35.598
331.54,110.88,20.372,35.652
331.84,111.25,20.392,35.686
332.78,111.69,20.313,35.548
333.56,111.35,20.303,35.531
335.62,111.74,20.259,35.454
337.25,111.63,20.225,35.394
339.31,111.97,20.273,35.477
342.02,111.49,20.273,35.478
344.75,111.75,20.277,35.484
346.34,111.77,20.368,35.644
349.31,112.27,20.391,35.685
352.5,113.16,20.405,35.708
355.19,113.37,20.428,35.75
357.54,113.37,20.428,35.748
359.98,113.64,20.422,35.739
362.38,113.97,20.369,35.646
363.94,113.75,20.38,35.664
365.94,113.97,20.346,35.605
367.62,114.2,20.336,35.587
368.36,114.59,20.349,35.612
369.31,114.91,20.369,35.646
370.19,115.2,20.454,35.795
371.32,115.53,20.392,35.685
371.38,116.24,20.458,35.802
371.29,116.12,20.563,35.986
370.91,116.54,20.65,36.138
370.48,117.02,20.803,36.405
369.74,116.91,20.973,36.702
368.95,116.97,21.076,36.883
369.03,116.81,21.141,36.997
368.84,117.38,21.125,36.969
368.73,117.48,21.198,37.096
368.11,117.96,21.336,37.338
367.8,118.73,21.435,37.511
367.47,119.21,21.571,37.75
367.49,119.47,21.751,38.064
367.55,119.38,21.683,37.945
368.05,119.77,21.649,37.886
368.73,119.96,21.579,37.762
369.86,120.93,21.555,37.721
370.96,121.38,21.637,37.865
371.65,121.22,21.741,38.047
372.9,121.26,21.828,38.199
374.75,122.06,21.982,38.469
376.73,122.88,22.15,38.763
378,123.2,22.342,39.098
379.4,123.43,22.384,39.173
380.49,123.67,22.368,39.144
382.15,123.57,22.412,39.221
384.12,124.08,22.593,39.539
385.96,124.52,22.878,40.036
388.24,125.15,22.935,40.137
389.21,125.52,23.105,40.434
390.76,125.36,23.264,40.711
392.8,125.86,23.387,40.926
394.15,126.4,23.474,41.079
395.77,126.81,23.68,41.439
397.15,127.27,23.843,41.725
398.55,127.51,23.996,41.994
400.5,127.98,24.066,42.115
402.46,128.46,24.042,42.074
404.16,128.72,24.241,42.421
405.72,129.18,24.265,42.463
407.56,129.56,24.384,42.672
409.3,129.66,24.494,42.864
411.29,130.29,24.585,43.023
413.34,130.65,24.638,43.117
415.14,131.42,24.757,43.325
416.89,131.79,24.84,43.469
419.15,132.74,24.838,43.467
420.55,133.09,24.897,43.569
422.28,133.59,25.084,43.896
423.24,133.8,25.121,43.961
424.78,134.5,25.085,43.898
426.48,134.85,25.152,44.015
428.25,135.27,25.131,43.979
429.67,135.65,25.182,44.068
431.22,135.91,25.205,44.109
432.68,136.36,25.312,44.296
434.07,136.65,25.334,44.335
435.96,137.35,25.526,44.671
437.88,138.03,25.877,45.285
438.84,138.18,26.149,45.76
440.73,139.02,26.443,46.274
442.22,139.07,26.591,46.534
443.7,139.3,26.836,46.964
445.11,139.71,27.02,47.286
445.91,139.8,27.294,47.765
447.48,140.57,27.479,48.089
449.68,141.51,27.543,48.2
451.12,142.09,27.387,47.927
452.91,143.42,27.318,47.807
453.63,143.44,27.281,47.742
454.44,144.07,27.374,47.904
455.88,144.8,27.652,48.39
456.69,145.33,27.891,48.81
457.83,145.8,28.339,49.593
459.15,146.59,28.691,50.209
460.17,147.33,28.62,50.086
460.98,148.33,28.837,50.465
461.91,149.18,28.991,50.735
462.12,149.9,28.928,50.623
462.3,150.78,28.807,50.412
462.79,151.94,28.751,50.314
462.35,152.66,28.932,50.632
461.67,153.13,29.252,51.191
460.6,153.46,29.471,51.575
459.62,154.3,30.023,52.539
457.76,155.23,30.167,52.792
457.01,156.4,30.34,53.094
456.3,157.59,30.348,53.109
455.8,157.85,30.528,53.425
455.44,159.21,30.618,53.582
455.35,159.72,30.787,53.878
455.23,160.65,31.057,54.35
455.04,162.04,31.393,54.938
454.34,162.27,31.523,55.166
454.79,163.56,31.682,55.443
455.36,164.61,32.091,56.159
455.54,165.17,31.947,55.907
456.19,165.94,32.248,56.434
457.19,167.06,32.736,57.287
457.2,167.88,33.05,57.837
458.08,169.2,33.05,57.838
458.9,170.22,33.076,57.884
459.96,171.33,33.507,58.638
461.06,171.56,33.51,58.642
462.86,172.96,33.499,58.622
463.92,174.01,33.426,58.496
464.9,174.88,33.53,58.677
465.97,175.98,33.512,58.645
466.89,177.1,33.931,59.38
468.41,178.37,34.216,59.877
468.48,179.23,34.356,60.122
469.81,180.53,34.751,60.814
469.55,181.2,35.032,61.307
469.6,182.6,35.509,62.141
468.87,184.13,35.617,62.329
468.1,185.16,35.686,62.451
467.21,186.33,36.081,63.141
466.49,187.91,36.597,64.044
466.24,189.13,36.891,64.56
465.17,190.07,36.996,64.743
464.33,191.18,37.303,65.279
463.87,193.13,37.695,65.967
461.9,194.68,37.978,66.462
460.14,196.56,38.209,66.866
458.19,197.91,38.704,67.732
455.97,199.26,39.35,68.862
453.69,200.54,39.573,69.253
451.06,201.9,39.962,69.934
448.3,203.02,40.208,70.364
444.63,204.82,40.718,71.257
440.26,205.97,41.325,72.318
435.34,207.39,41.795,73.142
430.59,209.6,42.077,73.635
426.38,211.22,42.373,74.152
421.85,213.49,42.736,74.788
417.2,215.37,43.127,75.472
410.39,218.16,43.847,76.732
405.67,220.19,44.307,77.538
400.55,222.09,44.611,78.069
396.79,224.06,44.871,78.524
391.44,226.16,45.628,79.849
386.36,228.23,45.93,80.377
381.93,230.41,46.419,81.234
377.42,232.86,47.013,82.272
372.24,235.11,47.794,83.639
366.3,237.03,48.618,85.082
360.37,239.33,49.042,85.824
355.18,241.87,49.62,86.835
348.74,244.32,50.114,87.699
342.51,246.97,50.449,88.286
337.97,249.52,50.881,89.042
331.44,251.98,51.315,89.801
324.56,254.38,52.08,91.141
316.84,256.84,52.42,91.734
309.39,259.67,52.757,92.324
302.18,262.94,53.379,93.413
294.95,266.19,53.754,94.069
284.56,270.22,53.725,94.019
276.1,274.12,54.003,94.506
265.23,278.86,54.818,95.931
256.04,282.24,55.804,97.658
246.14,285.1,57.066,99.866
238.87,288.24,57.875,101.28
229.75,291.27,58.552,102.47
220.26,295.02,58.946,103.15
211.01,299.92,59.087,103.4
200.34,305.08,59.468,104.07
189.99,311.29,59.791,104.63
180.6,314.71,60.444,105.78
168.14,318.68,61.077,106.89
157.08,323.07,61.62,107.84
146.05,328.55,62.212,108.87
132.71,333.89,62.837,109.97
