715.5,428.5,124,98
717.24,408.72,120.5,95.237
712.18,426.16,116.22,91.849
729.03,428.73,115.8,91.517
720.84,436.79,113.69,89.855
670.06,412.63,113.3,89.541
651.18,438.8,113.45,89.659
654.43,439.11,115.13,90.992
650.13,438.49,114.94,90.84
649.26,440.96,113.05,89.349
644.7,443.43,111.49,88.115
643.16,441.24,110.35,87.208
613.53,412.68,108.49,85.74
640.54,439.8,107.08,84.629
640.22,441.16,107.23,84.746
640.31,441.27,105.81,83.622
613.92,409.4,105.47,83.355
614.29,408.56,105.24,83.174
616.9,405.54,103.49,81.787
612.23,412.42,102.77,81.223
611.5,409.73,103.51,81.804
611.98,398.17,103.05,81.442
609.65,412.09,102.22,80.786
609.43,414.49,100.58,79.49
608.56,414.23,99.987,79.022
607.94,412.95,99.542,78.67
598.19,429.11,98.096,77.528
598.54,426.78,98.514,77.858
561.45,437.32,98.835,78.111
553.47,435.78,98.166,77.582
550.91,409.44,97.065,76.713
572.18,430.54,97.032,76.686
565.91,429.94,97.019,76.676
561.13,429.75,97.574,77.115
540.37,415.95,97.298,76.897
534.51,419.49,96.531,76.29
520.73,410.51,96.348,76.146
512.28,412.46,95.639,75.586
504.08,408.77,95.127,75.181
496.12,404.33,95.028,75.103
492.47,404.27,94.44,74.638
488.89,401.84,94.267,74.501
486.16,404.3,94.156,74.413
481.18,404.02,93.688,74.044
477.23,405.27,93.47,73.871
473.71,406.84,93.58,73.959
475.53,409.1,93.117,73.593
478.09,410.14,92.892,73.414
476.93,409.1,92.628,73.206
476.44,408.89,92.367,73
475.84,409.61,92.059,72.756
472.31,406.58,91.305,72.161
470.68,406.44,90.779,71.745
470.62,406.96,90.008,71.135
469.86,407.13,89.543,70.768
469.53,406.84,89.676,70.873
469.06,405.9,89.601,70.813
468.88,402.47,88.794,70.176
467.77,397.67,87.804,69.394
464.72,388.57,87.919,69.485
467.43,388.26,87.844,69.425
470.77,387.48,88.248,69.744
472.94,384.66,88.772,70.159
472.63,381.94,89.046,70.375
475.37,383.06,89.387,70.645
477.46,381.77,89.684,70.88
479.74,379.57,89.892,71.043
488.13,379.09,89.953,71.092
490.34,376.71,90.026,71.149
493.56,377.58,90.086,71.197
495.78,378.81,90.234,71.314
496.54,379.73,90.256,71.331
497.69,382.52,90.381,71.43
500.19,383.88,90.464,71.496
503.26,385.91,90.055,71.173
504.89,387.43,89.345,70.611
505.73,387.76,88.687,70.091
506.17,388.53,88.447,69.902
506.66,388.51,88.515,69.955
506.39,388.11,88.426,69.885
507.02,388.95,87.814,69.401
506.41,388.49,88.125,69.647
506.83,388.96,87.552,69.195
506.9,389.13,87.334,69.022
505.99,388.59,87.93,69.493
505.8,388.41,88.261,69.755
506.44,388.74,88.029,69.571
505.68,388.27,88.506,69.948
505.35,387.81,88.781,70.165
505.98,387.7,88.837,70.21
506.1,387.97,88.867,70.234
505.85,388.13,89.002,70.34
505.46,387.87,89.122,70.435
505.59,388.07,89.156,70.462
505.45,388.14,89.239,70.528
506.41,388.87,88.7,70.102
506.1,389.04,88.461,69.913
505.48,388.68,88.351,69.826
504.98,388.37,88.622,70.04
504.6,388.14,88.628,70.045
504.26,387.77,88.705,70.105
504.54,387.95,88.649,70.061
503.98,387.34,88.881,70.244
504.48,387.72,88.416,69.878
504.45,387.86,88.123,69.646
504.3,387.89,87.668,69.286
504.56,388.15,87.642,69.266
505.38,388.59,87.667,69.285
506.17,389.22,87.585,69.22
506.83,389.61,87.601,69.233
507.82,390.23,86.957,68.724
508.66,390.64,86.787,68.59
512.15,391.7,86.036,67.996
516.18,391.92,85.602,67.653
521.75,389.99,85.978,67.95
527.13,386.58,86.888,68.67
533.79,383.31,87.235,68.943
545.36,383.64,86.508,68.369
552.75,388.9,85.405,67.497
554.88,396.88,84.871,67.075
554.75,399.1,84.391,66.696
555.55,399.62,84.27,66.601
556.26,401,84.093,66.461
556.6,401.54,83.816,66.242
557.9,403.25,82.976,65.578
558.85,405,82.148,64.923
558.59,405.11,81.827,64.67
559.9,406.41,81.932,64.752
560.39,407.03,81.539,64.442
560.28,406.9,81.187,64.164
560.37,407.31,81.029,64.039
561.45,408.56,79.64,62.941
560.85,407.75,79.897,63.144
562.29,408.31,79.041,62.468
561.49,407.53,78.96,62.404
562.31,408.28,78.92,62.372
562.75,408.26,79.281,62.658
562.82,407.52,79.256,62.638
562.35,406.62,79.38,62.736
562.12,405.89,79.574,62.89
561.56,405.37,79.291,62.665
562.34,406.19,78.923,62.374
562.04,406.61,78.969,62.411
561.87,406.7,78.762,62.247
562.47,407.46,78.81,62.285
561.99,407.1,79.14,62.546
561.26,406.57,79.163,62.565
561.1,406.52,79.029,62.459
561.4,406.52,79.012,62.445
561.36,406.07,79.4,62.751
562.2,406.05,79.485,62.819
562.27,405.15,79.233,62.62
562.83,405.6,78.97,62.412
562.33,405.61,78.931,62.381
563.08,406.64,78.612,62.129
562.33,406.59,78.253,61.845
562.65,407.27,78.286,61.871
562.62,407.13,78.332,61.908
562.51,406.96,78.483,62.027
561.89,406.64,78.553,62.082
561.68,406.61,78.788,62.268
561.87,407.01,79.256,62.638
561.77,406.93,79.341,62.705
561.43,406.77,79.463,62.801
561.06,406.34,79.557,62.876
561.28,406.2,79.317,62.686
561.74,406.6,79.042,62.468
561.42,405.92,79.071,62.492
561.72,405.84,78.528,62.062
561.67,405.7,78.261,61.851
562.32,405.35,78.441,61.994
562.2,404.77,78.32,61.898
562.22,404.92,78.399,61.961
562.06,404.69,78.369,61.937
561.9,404.78,78.259,61.85
561.23,405.01,78.769,62.253
561.06,405.86,78.816,62.29
560.58,406.48,78.824,62.296
559.91,406.55,79.647,62.946
559.5,406.32,79.744,63.024
559.92,407.04,79.721,63.005
559.59,407.06,79.648,62.948
558.64,406.47,80.467,63.595
558.87,406.46,80.996,64.013
558.65,406.26,81.546,64.448
558.7,406.21,81.777,64.63
558.83,406.23,81.816,64.661
558.99,406.33,81.902,64.729
558.74,406.13,82.023,64.825
558.29,405.81,82.307,65.049
558.11,405.55,82.876,65.498
558.91,406.06,82.163,64.935
557.8,405.19,82.564,65.252
557.87,405.34,82.764,65.41
558.14,405.15,82.485,65.19
558.15,405.29,81.7,64.569
557.51,404.84,82.428,65.145
557.84,404.88,82.192,64.958
557.62,404.52,82.04,64.838
558.01,404.73,80.785,63.846
557.97,404.87,80.343,63.497
557.65,404.62,80.902,63.938
558.2,404.51,80.466,63.594
558.01,404.16,80.475,63.602
558.07,403.67,80.823,63.876
557.97,403.35,81.663,64.54
557.42,402.19,82.502,65.203
557.85,402.17,82.726,65.38
557.99,401.88,82.61,65.289
557.5,401.25,83.186,65.744
557.71,400.94,82.868,65.493
558.17,401.13,82.884,65.505
558.07,403.04,83.316,65.847
558.27,403.48,82.697,65.358
558.43,404.23,81.772,64.626
557.81,404.48,82.271,65.021
557.55,404.64,82.868,65.492
557.88,405.22,82.979,65.58
557.43,405.26,83.418,65.927
557.61,405.81,83.586,66.06
557.56,404.18,83.008,65.603
557.08,402.16,83.879,66.292
557.46,405.19,84.28,66.608
557.21,401.02,84.653,66.903
556.79,400.9,84.708,66.947
557.19,401.48,84.566,66.834
556.78,401.64,84.976,67.158
556.4,401.38,85.72,67.746
556.15,401.08,86.278,68.188
555.88,401.01,86.755,68.564
556.16,401.46,86.514,68.374
555.8,401.6,86.795,68.596
555.97,401.95,86.952,68.72
555.74,401.97,86.629,68.465
555.96,402.54,86.54,68.394
556.16,402.98,86.155,68.09
556.36,403.55,85.288,67.405
557.16,404.2,84.84,67.051
558.29,404.61,83.815,66.241
558.35,405.26,83.526,66.012
558.26,405.35,83.41,65.921
558.74,405.84,82.84,65.471
558.84,406.11,82.485,65.19
558.37,405.91,82.6,65.281
557.88,405.59,83.014,65.608
558.15,405.8,83.073,65.655
558.14,405.83,83.13,65.7
557.67,405.39,83.587,66.061
557.94,405.6,83.836,66.257
558,405.55,83.928,66.33
558.13,405.77,84.149,66.505
557.62,405.38,84.279,66.607
557.92,405.59,84.388,66.694
557.73,405.56,84.643,66.895
557.51,405.46,84.95,67.138
557.44,405.3,85.055,67.221
557.46,405.45,85.197,67.333
557.45,405.33,85.436,67.522
557.49,405.54,85.763,67.78
557.22,405.21,85.962,67.938
556.94,404.98,86.294,68.2
557.05,405.03,86.398,68.282
556.82,404.84,86.692,68.514
556.99,404.88,86.708,68.527
556.76,404.89,86.915,68.691
556.23,404.48,87.275,68.976
556.04,404.32,87.745,69.347
556.14,404.7,87.935,69.497
555.72,404.21,88.277,69.768
555.52,404.14,88.799,70.18
555.27,403.85,89.396,70.652
555.32,403.71,89.598,70.811
555.12,403.57,89.787,70.961
555.41,403.7,89.94,71.082
555.2,403.56,90.098,71.207
554.9,403.41,90.285,71.354
555.09,403.41,90.896,71.838
555.15,403.27,91.016,71.932
554.98,402.98,91.171,72.055
555.32,402.93,91.344,72.192
555.62,403.1,91.778,72.534
555.95,402.83,91.921,72.647
556.01,402.64,91.817,72.565
556.22,402.86,91.667,72.447
555.93,402.68,91.598,72.392
555.96,402.65,91.062,71.969
555.89,402.62,91.41,72.243
556.16,402.68,91.605,72.397
555.86,402.33,91.798,72.55
556.27,402.76,92.17,72.844
556.08,402.37,92.559,73.151
556.03,402.12,92.661,73.232
556.08,402.25,92.516,73.117
555.88,402.3,92.637,73.213
555.81,402.35,92.861,73.39
556.35,402.92,92.7,73.263
556.34,402.89,92.755,73.307
555.78,402.31,93.91,74.219
556.12,402.48,93.827,74.153
555.83,402.48,94.167,74.422
555.44,401.77,94.506,74.69
555.33,401.87,94.577,74.747
555.58,401.97,94.233,74.474
555.44,402.28,94.826,74.944
555.24,402.21,95.135,75.187
555.38,402.08,94.085,74.358
554.68,402.17,94.487,74.675
554.76,402.15,94.101,74.37
554.5,402.32,94.19,74.441
554.48,402.36,94.025,74.31
554.5,402.49,93.965,74.263
554.32,402.51,94.109,74.377
554.4,402.53,94.033,74.317
554.23,402.51,94.185,74.437
554.17,402.4,94.384,74.594
554.46,402.77,94.918,75.016
554.38,402.58,95.329,75.341
554.5,402.4,95.653,75.597
553.69,401.78,96.077,75.932
553.93,401.74,96.205,76.033
554.09,401.74,96.869,76.558
554.41,401.76,97.186,76.808
553.32,400.51,98.491,77.84
554.27,401.06,98.156,77.575
554.62,400.83,97.931,77.397
555.31,401.74,97.724,77.234
555.88,401.38,97.454,77.02
555.91,401.31,97.418,76.992
556.61,401.54,97.36,76.946
556.81,401.4,97.404,76.981
557.03,400.92,97.678,77.197
556.03,400.6,97.949,77.411
557,400.81,97.985,77.44
556.67,400.93,97.909,77.379
557.03,401.22,98.052,77.493
556.57,400.86,98.256,77.654
556.63,400.61,98.38,77.752
556.4,400.94,98.548,77.885
556.04,400.58,97.84,77.325
557.29,400.27,97.439,77.009
557.76,400.31,96.357,76.153
558.25,400.02,96.347,76.145
557.87,398.55,96.923,76.6
556.99,399.14,97.641,77.168
556.04,398.23,97.909,77.38
556.48,399.37,98.05,77.491
555.9,399.39,97.543,77.09
556.01,399.21,97.532,77.082
556.03,399.08,97.415,76.989
