543.5,432.5,74,22
542.35,434.11,73.293,21.79
541.51,434.65,72.972,21.694
541.45,434.78,72.099,21.435
533.65,436.34,71.703,21.317
539.93,433.82,71.409,21.23
543.13,434.47,70.16,20.859
542.43,435.15,69.638,20.703
539.4,435.55,69.946,20.795
539.6,436.83,71.804,21.347
539.82,435.95,72.277,21.488
538.52,436.25,72.437,21.535
540.03,436.26,72.765,21.633
540.22,436.03,73.35,21.807
540.36,436.61,73.287,21.788
540.22,435.46,73.568,21.872
540.99,435.73,73.072,21.724
540.64,435.37,73.063,21.721
542.05,436.18,72.574,21.576
542.49,437.64,73.029,21.711
542.6,433.62,73.057,21.72
539.74,429.48,72.973,21.695
523.94,407.13,72.974,21.695
523.17,405.48,73.783,21.935
542.42,433.48,74.157,22.047
546.26,436.85,72.821,21.65
534.69,441.55,73.37,21.813
549.3,443.73,72.165,21.455
543.39,450.25,71.998,21.405
544.31,434.74,72.385,21.52
544.89,435.86,73.373,21.813
543.65,433.69,74.537,22.16
543.01,434.13,74.789,22.234
542,433.36,74.495,22.147
542.14,434.39,74.725,22.216
525.91,441.29,75.407,22.418
525.72,441.31,75.948,22.579
525.9,440.29,75.747,22.519
553.93,446.02,75.56,22.464
541.55,451.37,74.897,22.267
535.99,452.58,74.646,22.192
517.17,456.34,74.915,22.272
517.31,454.54,74.613,22.182
485.91,462.36,74.508,22.151
487.72,452.42,74.558,22.166
479.77,462.12,74.834,22.248
479.54,454.96,74.961,22.286
509.33,448.7,74.349,22.104
509.79,450.59,73.798,21.94
506.72,458.21,72.56,21.572
496.66,466.22,72.079,21.429
497.51,472.13,72.449,21.539
506.75,468.06,72.63,21.593
508.07,468.59,72.529,21.563
488.78,463.73,72.43,21.533
503.59,483.08,73.195,21.761
507.14,483.63,73.3,21.792
506.35,485.36,73.49,21.848
507.72,485.06,74.079,22.023
506.76,485.43,74.481,22.143
508.31,484.96,74.89,22.264
507.37,484.36,74.906,22.269
507.15,484.08,75.073,22.319
507.15,483.99,75.087,22.323
507.48,484.35,75.04,22.309
507.53,484.21,75.091,22.324
507.56,483.41,75.082,22.322
507.16,483.16,75.165,22.346
508.16,482.36,75.646,22.489
490.2,473.76,75.592,22.473
493.52,472.34,75.307,22.389
494.29,469.9,75.244,22.37
496.63,469.77,75.049,22.312
506.41,467.11,74.914,22.272
529.43,465.68,76.141,22.636
541.98,464.81,76.638,22.784
546.2,462.08,76.953,22.878
548.97,461.72,78.524,23.345
548.45,461.25,79.956,23.771
550.37,462.57,80.265,23.863
549.14,460.73,81.519,24.235
549.48,460.85,82.149,24.423
548.43,460.91,82.522,24.534
548.53,460.9,82.69,24.584
549.63,461.2,82.733,24.596
547.34,461.51,82.426,24.505
547.72,462,82.367,24.488
548.69,461.07,82.5,24.527
548.83,461.7,82.52,24.533
548.58,462.69,82.838,24.627
547.17,461.27,82.5,24.527
547.26,461.74,82.007,24.38
546.99,461.9,81.65,24.274
547.27,462.86,81.067,24.101
547.6,462.49,80.802,24.022
549.72,462.58,81.138,24.122
548.56,462.08,81.117,24.116
548.18,461.94,81.189,24.137
547.9,461.22,81.271,24.162
547.34,458.41,81.329,24.179
542.48,455.39,81.508,24.232
541.54,452.86,81.403,24.201
533.79,447.3,81.911,24.352
534.09,444.09,81.928,24.357
540.21,440.37,81.576,24.252
554.93,441.25,81.514,24.234
573.25,443.48,81.614,24.264
584.88,441.31,81.538,24.241
597.09,439.1,81.039,24.093
612.59,438.48,80.829,24.03
615.1,438.56,81.005,24.083
614.34,438.48,80.857,24.039
614.63,437.89,81.012,24.085
614.13,437.26,80.904,24.053
615.55,437.47,80.899,24.051
614.74,437.42,80.808,24.024
616.01,437.34,80.711,23.995
615.36,437.99,80.898,24.051
615,438.18,80.577,23.955
614.42,438.59,80.154,23.83
613.81,437.72,80.212,23.847
619.88,432.23,80.132,23.823
627.03,428.73,79.964,23.773
626.03,416.89,79.676,23.688
656.86,439.72,79.278,23.569
657.62,439.41,79.106,23.518
657.24,439.89,78.669,23.388
656.61,439.38,78.844,23.44
657.55,440.04,78.758,23.415
657.62,440.29,78.761,23.416
656.92,439.66,79.012,23.49
657.17,439.85,78.6,23.368
656.32,439.17,78.905,23.458
656.43,439.59,79.387,23.601
656.33,439.7,79.35,23.59
655.7,439.1,79.732,23.704
656.49,439.31,80.02,23.79
655.75,438.64,80.038,23.795
657.14,437.56,80.111,23.817
655.49,437.1,80.024,23.791
649.19,421.75,79.38,23.6
647.06,418.43,78.936,23.467
645.49,421.4,78.426,23.316
649.54,419.74,78.37,23.299
651.75,419.83,78.502,23.338
651.38,418.44,79.134,23.526
650.8,419.53,79.064,23.505
651.81,419.19,79.399,23.605
651.48,418.54,79.666,23.684
652.63,419.65,79.738,23.706
652.29,419.01,80.14,23.826
651.44,418.77,79.862,23.743
651.8,419.57,80.27,23.864
650.95,418.67,80.031,23.793
651.49,419.61,80.02,23.79
650.61,418.53,80.283,23.868
650.27,418.71,80.24,23.855
650.4,418.93,80.187,23.839
649.4,418.67,80.289,23.87
649.51,418.61,79.986,23.78
647.09,419.36,79.392,23.603
643.82,418.83,80.095,23.812
638.67,418.91,79.784,23.719
633.77,421.55,80.253,23.859
629.27,423.54,80.454,23.919
612.46,429.11,80.844,24.035
598.09,420.78,81.165,24.13
592.94,398.78,81.775,24.311
586.8,398.19,82.305,24.469
590.48,375.81,82.033,24.388
589.61,374.2,81.759,24.307
591.56,374.5,81.567,24.25
657.29,370.08,81.316,24.175
653.6,366.26,80.773,24.014
658.23,374.38,81.546,24.243
653.64,377.18,82.233,24.448
648.62,380.24,82.505,24.529
691.73,370.58,82.697,24.585
688.77,369.49,83.527,24.832
671.42,364.64,83.158,24.723
660.49,368.22,83.855,24.93
656.91,368.9,83.163,24.724
654.66,370.9,83.185,24.731
653.87,373.82,83.928,24.952
650.28,375.45,84.435,25.102
645.73,377.26,84.803,25.212
645.42,378.63,85.018,25.276
644.99,381.84,85.432,25.399
635.55,378.19,84.91,25.244
637.74,382.44,84.517,25.127
635.39,382.77,84.168,25.023
636.02,383.9,84.468,25.112
633.63,382.74,84.414,25.096
634.35,383.6,84.723,25.188
633.6,383.89,84.799,25.21
632.34,384.45,84.74,25.193
631.68,384.17,84.831,25.22
630.79,384.36,84.682,25.176
629.18,384.51,84.294,25.06
626.37,384.48,84.259,25.05
622.63,384.71,84.487,25.118
619.05,383.64,85.048,25.284
615.08,384.84,85.331,25.369
613.71,385.93,85.573,25.44
613.52,386.72,85.956,25.555
625.64,383.27,85.916,25.543
624.42,384.46,85.46,25.407
624.3,383.61,85.866,25.528
626.79,384.4,85.751,25.493
629.21,384.78,85.581,25.443
630.66,384.08,85.689,25.475
629.8,384.19,85.606,25.45
630.24,384.56,85.68,25.473
631.04,384.26,85.739,25.49
631.54,384.73,85.92,25.544
628.23,384.53,86.131,25.606
627.64,384.5,86.219,25.633
627.9,384.09,86.271,25.648
628.16,384,86.451,25.702
628.88,384.68,86.231,25.636
627.44,383.7,86.43,25.696
627.57,382.95,86.483,25.711
626.44,383.03,87.062,25.883
627.66,383.35,87.28,25.948
635.77,386.65,86.455,25.703
635.62,386.68,85.871,25.529
627.13,383,86.637,25.757
626.56,383.37,87.019,25.871
626.19,382.93,87.231,25.934
628.34,383.52,87.311,25.957
629.55,384,87.571,26.035
628.12,383.65,87.946,26.146
628.36,384.31,87.898,26.132
627.57,383.85,87.832,26.112
631.64,386.46,87.72,26.079
638.89,388.09,87.665,26.062
640.5,385.61,87.621,26.049
637.69,378.23,87.381,25.978
646.22,408.55,87.457,26.001
652.61,411.6,86.783,25.8
654.17,412.07,86.285,25.652
654.5,411.45,86.23,25.636
655.81,411.49,86.014,25.572
657.55,411.04,86.375,25.679
659.09,410.59,86.821,25.812
660.87,410.04,87.269,25.945
661.34,409.75,87.479,26.007
661.71,408.08,87.51,26.016
661.26,408.47,87.292,25.952
662.46,409.56,87.07,25.886
660.91,408.52,87.189,25.921
660.08,407.86,87.053,25.881
661.03,409.15,86.81,25.808
660.37,409.82,87.074,25.887
661.38,410.53,87.245,25.938
659.99,410.2,87.068,25.885
660.84,410.98,86.955,25.852
660.87,410.99,86.826,25.813
661.16,410.9,87.143,25.908
658.75,410.49,87.498,26.013
658,408.86,87.653,26.059
659.44,408.6,87.991,26.159
661.93,407.54,88.38,26.275
659.07,394.82,88.416,26.286
671.2,397.33,88.592,26.338
679.88,392.11,89.152,26.505
680.98,391.94,89.887,26.723
681.15,393.43,89.785,26.693
685.4,393.65,89.852,26.713
685.53,394.63,89.931,26.736
689.94,393.38,90.056,26.773
696.73,393.22,90.213,26.82
697.21,393.7,90.113,26.79
687.27,393.45,89.728,26.676
697.59,394.15,89.825,26.705
698.16,393.75,90.36,26.864
698.7,394.06,91.173,27.106
700.19,393.54,91.43,27.182
688.51,391.64,91.09,27.081
738.26,367.4,91.477,27.196
742.35,370.17,91.289,27.14
741.95,369.96,91.103,27.085
743.33,369.54,90.718,26.97
743.17,370.11,90.974,27.046
743.5,370.47,90.995,27.053
750.2,390.72,91.27,27.134
747.26,367.13,90.881,27.019
742.42,367.72,90.526,26.913
761.85,356.49,90.052,26.772
765.31,358.71,89.374,26.571
801.51,358.07,89.202,26.52
810.26,365.07,89.869,26.718
811.77,365.66,89.993,26.755
811.38,366.18,90.097,26.786
811.6,366.65,89.796,26.696
808.26,363.53,90.347,26.86
807.7,362.81,90.41,26.879
801.55,358.92,90.386,26.872
796.33,354.66,90.577,26.928
769.42,360.45,91.152,27.099
766.11,350.55,91.215,27.118
752.28,347.69,91.498,27.202
755.11,346.95,91.048,27.068
753.14,346.02,90.56,26.923
741.33,345.57,90.34,26.858
734.67,346.07,90.19,26.813
726.34,347.29,90.101,26.787
751.16,366.44,90.267,26.836
749.22,367.02,90.732,26.974
750.68,367.53,90.642,26.948
750.13,366.84,90.624,26.942
751.45,366.55,90.846,27.008
751.21,366.85,90.748,26.979
749.95,366.23,90.927,27.032
749.25,366.55,90.496,26.904
748.35,366.99,91.165,27.103
748.85,366.91,91.744,27.275
747.37,366.85,91.082,27.079
749.48,366.89,90.655,26.951
747.61,367.51,90.78,26.989
746.01,366.83,90.879,27.018
746.09,366.68,90.752,26.98
746.03,366.59,90.978,27.048
745.04,366.56,90.576,26.928
746.82,368.42,91.35,27.158
746.51,366.93,91.237,27.125
750.15,367.86,91.203,27.114
746.67,366.13,91.296,27.142
747.3,366.31,91.107,27.086
745.4,366.94,91.193,27.111
745.16,365.83,90.738,26.976
744.59,365.86,90.314,26.85
748.15,365.49,89.914,26.731
750.14,365.16,89.814,26.701
752.48,365.61,90.045,26.77
753,365.3,89.509,26.611
751.88,365.49,89.382,26.573
752.84,365.47,89.223,26.526
753.51,365.66,89.13,26.498
754.97,365.76,89.062,26.478
756.05,364.52,88.8,26.4
755.87,365,88.651,26.356
755.95,364.29,88.698,26.37
757.81,364.58,88.483,26.306
759.54,364.43,87.923,26.139
759.26,364,87.599,26.043
759.66,364.63,87.536,26.024
758.93,364.51,87.515,26.018
760.38,364.59,87.251,25.94
763.57,366.44,87.859,26.12
763.9,366.42,88.185,26.217
763.26,363.93,88.344,26.264
753.5,368.38,88.24,26.234
747.45,368.51,88.402,26.282
747.57,368.29,88.861,26.418
764.99,365.31,89.048,26.474
765.05,365.96,89.102,26.49
764.88,366.53,89.424,26.586
765.54,366.08,89.282,26.543
765.41,366.74,89.178,26.512
764.04,365.58,88.738,26.381
763.89,364.94,88.626,26.348
761.81,365.42,88.454,26.297
758.66,366.43,88.275,26.244
757.52,366.43,87.955,26.149
754.65,366.37,87.939,26.144
748.14,368.72,88.608,26.343
747.37,368.33,88.462,26.3
746.96,368.28,89.262,26.537
747.35,368.23,89.292,26.546
746.14,368.44,89.765,26.687
746.14,368.01,89.7,26.668
745.93,368.53,90.016,26.762
746.16,368.14,90.04,26.769
746.46,368.61,90.076,26.779
745.28,368.34,90.107,26.789
746.33,368.65,90.086,26.782
745.97,368.72,90.162,26.805
746.27,369.05,90.937,27.035
746.58,368.65,89.84,26.709
746.6,368.38,89.685,26.663
747.04,368.76,89.5,26.608
747.09,368.83,89.363,26.567
747.67,369.04,89.263,26.538
747.45,369.26,89.099,26.489
747,368.61,89.027,26.468
747.7,368.57,88.823,26.407
748.92,368.36,88.716,26.375
749.13,368.55,88.557,26.328
748.23,368.84,88.546,26.324
748.04,368.55,88.555,26.327
749.26,368.52,88.627,26.349
749.14,368.44,88.564,26.33
748.45,369.01,88.395,26.28
749.4,369.39,88.192,26.219
749.83,368.23,88.091,26.189
749.59,368.04,87.85,26.117
749.43,368.64,87.614,26.047
748.85,369.03,87.387,25.98
749.79,368.51,87.421,25.99
748.27,368.83,87.343,25.967
747.79,368.89,87.722,26.08
748.74,369.36,87.52,26.019
750.48,368.84,87.545,26.027
748.71,370.48,87.579,26.037
748.28,369.49,87.832,26.112
748.86,369.06,87.599,26.043
748.71,368.9,87.372,25.975
746.77,369.51,88.218,26.227
748.14,369.46,87.722,26.079
747.05,369.5,87.41,25.987
747.6,368.97,87.446,25.998
746.41,369.89,87.329,25.963
746.59,369.45,87.431,25.993
746.85,369.52,87.307,25.956
746.56,369.23,87.413,25.988
747.19,369.23,87.098,25.894
747.03,368.97,87.472,26.005
746.42,369.85,87.2,25.924
747.23,369.49,87.549,26.028
746.43,370.36,87.312,25.958
746.32,369.79,87.565,26.033
745.91,370.55,87.728,26.081
746.51,370.28,87.464,26.003
746.92,370.54,87.156,25.911
745.86,369.69,87.829,26.111
745.77,370.39,87.312,25.958
745.63,370.11,87.566,26.033
746.41,370.39,87.23,25.933
746.22,370.48,87.57,26.034
745.7,370.69,87.479,26.007
745.64,370.15,86.878,25.829
745.61,370.25,87.505,26.015
745.34,370.34,86.821,25.812
745.54,371.43,87.925,26.14
745.14,370.45,87.814,26.107
745.74,370.43,87.217,25.929
744.98,370.05,87.528,26.022
745.4,370.56,87.034,25.875
745.68,370.47,87.634,26.053
745.16,370.58,87.68,26.067
744.88,370.79,87.659,26.061
744.68,370.91,87.497,26.013
745.11,370.44,87.414,25.988
745.26,370.5,87.484,26.009
745.64,370.41,87.297,25.953
744.95,370.47,87.708,26.075
745.06,370.9,87.393,25.982
744.69,370.7,87.342,25.966
745.27,371.5,87.454,26
744.95,370.65,87.183,25.919
744.63,370.52,87.609,26.046
745.26,371.25,87.043,25.878
744.65,371.02,87.849,26.117
745.76,371.5,87.48,26.008
744.98,371.23,86.993,25.863
744.67,371.05,87.933,26.142
745.07,371.26,87.777,26.096
744.97,371.25,87.617,26.048
745.24,372.49,87.518,26.019
744.92,371.84,87.373,25.976
745.11,371.13,87.956,26.149
744.98,370.79,87.932,26.142
744.81,371.54,87.482,26.008
746.47,371.56,87.051,25.88
745.86,371.11,87.347,25.968
745.25,370.92,87.679,26.067
745.64,371.78,86.94,25.847
746.18,370.87,87.467,26.004
745.5,371.57,87.005,25.866
746.23,371.25,87.172,25.916
745.87,370.64,87.401,25.984
745.83,371.1,86.879,25.829
745.84,371.46,87.524,26.021
746.48,371.56,87.033,25.875
746.23,371.08,87.667,26.063
746.95,371.43,87.222,25.931
746.49,370.53,87.563,26.032
746.98,371.62,87.396,25.982
748.29,371.51,87.416,25.989
747.74,371.12,87.324,25.961
747.81,371.2,87.741,26.085
748.16,371.28,87.332,25.964
747.99,370.96,87.533,26.023
749.59,371.6,86.812,25.809
748.9,371.08,87.603,26.044
749.38,371.12,86.906,25.837
749,371.1,87.632,26.053
749.65,371.28,87.059,25.882
750.13,371.46,87.741,26.085
749.93,371.05,87.533,26.023
750.13,371.17,87.313,25.958
750.27,370.67,87.781,26.097
750.76,370.33,87.36,25.972
751.08,370.94,87.833,26.112
750.7,370.61,88.139,26.203
751.08,370.37,87.637,26.054
751.73,370.69,87.721,26.079
751.96,370.47,87.105,25.896
751.65,370.46,87.695,26.072
752.52,370.38,87.012,25.869
752.12,370.19,87.477,26.007
752.53,370.03,86.757,25.793
752.48,370.33,87.508,26.016
752.61,370.6,86.777,25.799
752.36,370.29,87.561,26.032
