59.5,173.5,409,284
97.297,166.17,393.81,273.45
126.14,159.83,382.68,265.72
152.5,154.05,371.84,258.2
174.76,146.76,366.31,254.36
192.59,143.97,354.47,246.14
212.48,138.66,349,242.34
229.03,134.88,338.33,234.93
248.47,126.46,334.08,231.98
264.67,115.33,339.02,235.41
279.67,103.64,340.01,236.09
289.11,96.069,341.9,237.4
301.83,91.813,337.49,234.35
313.08,88.267,333.87,231.83
323.67,86.07,327.7,227.55
331.6,85.702,320.21,222.35
340.58,83.581,313.35,217.58
351.54,80.135,306.38,212.75
356.65,75.947,306.55,212.86
361.27,70.961,306.79,213.03
367.39,66.999,305.67,212.25
377.54,62.806,302.93,210.35
383.52,56.401,303.03,210.42
389.34,52.736,303.26,210.58
392.54,46.019,305.9,212.41
391.86,44.826,304.51,211.45
394.98,44.781,300.93,208.96
398.31,41.519,300.18,208.43
401.65,38.177,296.11,205.61
404.22,37.987,291.4,202.34
407.17,37.056,288.39,200.25
410.35,36.477,284.11,197.28
413.2,34.711,281.01,195.13
415.12,33.906,277.75,192.86
417.23,33.094,274.31,190.47
419.41,34.918,272.03,188.89
419.49,31.101,270.51,187.84
420.6,32.559,266.84,185.29
418.91,29.794,267.08,185.45
420.31,29.979,266.06,184.74
420.88,29.977,264.36,183.57
419.38,27.884,263.51,182.97
418.56,26.58,263.65,183.07
417.63,27.936,261.78,181.78
416.52,25.752,261.84,181.81
416.14,23.441,263.37,182.88
414.73,25.196,263.85,183.21
411.35,20.929,263.46,182.94
409.05,17.025,263.44,182.93
408.72,18.359,263.55,183
406.65,17.85,262.12,182.01
403.68,14.593,261.68,181.7
400.43,13.163,262.84,182.51
396.45,7.0751,263.55,183
396.15,5.2442,262.8,182.48
396.28,4.41,262.71,182.42
395.16,3.8762,262.86,182.52
393.61,6.9431,261.53,181.6
393.09,11.767,264.64,183.76
403.77,25.426,265.55,184.4
405.07,30.882,266.98,185.39
404.74,29.543,268.81,186.66
402.97,28.477,272.02,188.88
402.03,27.319,274.44,190.57
401.82,27.202,276.03,191.67
401.06,28.171,278.01,193.04
400.31,27.271,279.04,193.76
399.69,25.258,279.83,194.3
400.72,26.671,279.78,194.27
398.91,26.039,280.31,194.64
399.89,26.574,281.09,195.18
399.56,26.719,283.01,196.51
401.03,26.389,282.83,196.39
400.42,26.84,282.77,196.35
400.14,26.653,283.6,196.92
399.32,27.198,283.01,196.51
399.18,27.018,283.46,196.83
399.13,27.198,283.74,197.02
399.59,26.3,282.79,196.37
398.85,25.883,283.54,196.88
397.66,25.508,285.53,198.26
398.34,26.957,284.68,197.68
397.38,25.543,285.6,198.31
398.85,26.353,285.32,198.12
397.71,25.725,285.58,198.3
399.06,26.326,285.23,198.05
400.16,25.814,285.69,198.38
399.65,25.847,285.95,198.56
400.3,25.712,286.28,198.78
400.19,24.859,286.39,198.86
400.1,24.805,286.1,198.66
401.91,25.512,286.06,198.64
402.4,24.581,285.74,198.41
403.14,25.236,285.56,198.29
403.1,26.626,285.04,197.92
403.06,25.734,285.49,198.24
402.8,26.287,285.48,198.23
404.65,25.653,285.78,198.44
403.58,25.889,284.58,197.61
404.95,26.299,284.49,197.54
403.12,26.668,285.22,198.05
404.19,26.948,285.32,198.12
403.72,26.811,285.7,198.39
403.55,26.446,285.06,197.94
403.45,26.842,285.5,198.25
402,26.576,285.81,198.46
402.21,26.321,286.4,198.87
402.87,26.513,286.57,198.99
401.8,25.927,287.23,199.45
402.32,26.485,287.74,199.8
401.25,25.843,287.73,199.79
401.83,25.607,287.22,199.44
402.02,26.619,288.01,199.98
402.11,27.359,289.02,200.69
400.94,26.99,289.72,201.17
401.15,27.033,289.63,201.11
401.96,27.137,288.97,200.65
401.91,26.984,288.57,200.37
400.73,26.53,289.27,200.87
400.21,26.99,289.25,200.85
399.94,26.694,289.46,201
400.9,26.258,288.98,200.66
399.82,27.05,288.26,200.16
399.15,27.543,287.71,199.78
398.94,27.251,287.65,199.73
397.53,27.253,286.24,198.76
397.5,27.285,284.91,197.84
398.26,27.895,283.99,197.19
398.31,27.691,284.13,197.29
397.76,27.011,282.98,196.5
397.77,26.845,283.04,196.54
398.94,27.147,282.84,196.39
398.56,27.002,283.35,196.75
399.48,27.295,284.25,197.38
400.1,27.398,285.21,198.04
400.6,27.057,286.64,199.04
399.75,26.296,286.73,199.1
399.91,27.39,286.17,198.71
399.89,26.816,286.13,198.68
399.88,26.859,286.3,198.8
399.35,26.755,286.34,198.83
399.5,26.666,285.94,198.55
400.04,26.945,286.03,198.61
400.17,27.698,285.52,198.26
399.97,27.878,285.82,198.47
400.24,27.672,285.07,197.95
400.47,28.351,284.84,197.79
400.11,27.648,284.97,197.88
400.21,27.83,285.16,198.01
399.52,27.555,284.86,197.8
399.65,27.256,285.24,198.06
400.36,27.805,284.73,197.71
399.29,27.33,284.9,197.83
399.38,27.324,284.93,197.85
400.07,28.894,284.26,197.38
399.94,27.501,284.41,197.49
399.7,27.568,284.35,197.45
398.74,27.243,284.2,197.34
399.97,27.189,284.24,197.37
400.37,27.984,283.62,196.94
400.1,27.846,283.48,196.84
400.28,27.442,283.99,197.2
399.87,27.578,284.45,197.52
400.4,27.863,283.91,197.14
399.29,27.215,284.23,197.37
399.51,27.231,284.16,197.31
399.71,26.983,284.17,197.32
399.87,27.352,284.3,197.41
399.43,27.412,284.44,197.51
398.58,26.679,284.29,197.4
398.82,27.252,284.08,197.26
398.48,26.747,284.49,197.54
398.45,26.438,284.45,197.51
398.4,27.125,284.2,197.34
398.4,27.15,284.23,197.36
