534.5,267.5,39,125
529.3,263.46,38.97,124.9
522.56,262.87,39.239,125.77
514.82,262.37,39.548,126.76
508.26,259.89,39.598,126.92
501.67,258.24,39.829,127.66
497.59,258.16,39.919,127.94
494.13,257.78,39.828,127.65
490.88,255.37,39.683,127.19
488.58,254.47,39.366,126.17
485.69,254.21,38.575,123.64
482.84,253.45,38.442,123.21
477.98,253.52,38.358,122.94
472.98,254.05,38.263,122.64
466.35,251.25,38.21,122.47
458.85,250.37,37.716,120.88
451.16,249.8,37.692,120.81
449.84,250.57,37.604,120.53
447.94,249.13,37.905,121.49
446.76,248.66,37.982,121.74
444.18,246.42,38.117,122.17
439.23,244.61,38.007,121.82
433.48,244.97,38.224,122.51
430.27,249.41,38.926,124.76
419.99,244.56,39.223,125.71
412.26,241.82,38.74,124.17
406.11,241.08,38.019,121.86
402.77,240.94,37.589,120.48
398.28,240.44,37.115,118.96
391.45,240.25,36.751,117.79
388.29,238.81,36.598,117.3
385.79,236.85,36.855,118.12
383.36,236.76,36.861,118.15
379.23,236.95,36.725,117.71
373.6,237.56,36.247,116.18
367.86,238.44,36.189,115.99
361.17,236.94,36.427,116.75
354.98,234.82,36.521,117.05
349.92,233.79,36.61,117.34
344.73,233.87,36.528,117.08
341.81,233.91,36.304,116.36
338.99,232.77,36.356,116.52
335.68,231.26,36.412,116.7
331.29,229.19,36.412,116.71
328.57,229.47,36.257,116.21
323.73,229.61,35.897,115.05
318.16,229.92,35.812,114.78
313.42,228.63,35.701,114.43
306.95,227.53,35.37,113.37
348.94,226.77,34.968,112.08
384.24,226.16,34.732,111.32
401.38,223.88,34.485,110.53
434.36,222.77,34.368,110.15
452.1,222.3,34.498,110.57
449.67,221.64,34.771,111.45
445.83,221.34,34.82,111.6
441.58,221.35,34.796,111.53
434.95,220.88,34.829,111.63
428.1,220.54,34.964,112.06
422.99,219.5,35.053,112.35
418.55,219.49,34.813,111.58
415.06,219.47,34.761,111.41
410.98,219.46,34.702,111.22
405.45,218.98,34.547,110.73
399.34,217.54,34.203,109.63
395.9,215.66,34.307,109.96
392.47,214.88,34.209,109.64
388.01,215.24,34.452,110.42
382.35,214.03,34.542,110.71
378.12,213.68,34.453,110.43
373.16,212.99,34.514,110.62
369.66,212.4,34.71,111.25
368.4,212.1,34.87,111.76
359.26,212.08,34.896,111.85
352.42,210.85,34.992,112.15
349.75,208.51,35.027,112.27
345.72,207.51,34.669,111.12
341.64,206.8,34.111,109.33
337.48,208.23,33.784,108.28
331.23,208.11,33.564,107.58
324.92,206.96,33.611,107.73
320.66,206.18,33.518,107.43
317.34,205.9,33.341,106.86
314.36,206.09,33.112,106.13
310.85,206.79,32.928,105.54
307.19,206.11,32.919,105.51
302.86,203.9,32.996,105.76
299.4,202.89,33.047,105.92
295.53,202.8,32.909,105.48
290.69,203.51,32.782,105.07
286.17,203.92,32.673,104.72
280.07,203.22,32.642,104.62
274.47,201.52,32.535,104.28
270.61,200.82,32.347,103.68
267.83,200.41,32.244,103.35
264.83,200.72,32.132,102.99
260.74,200.93,32.081,102.82
257.27,199.59,31.981,102.5
254.65,197.95,31.879,102.18
250.93,197.31,31.725,101.68
246.84,196.79,31.863,102.13
242.11,196.82,31.591,101.25
238.35,197.54,31.541,101.09
232.66,196.78,31.659,101.47
227.03,195.73,31.757,101.79
221.89,194.57,31.633,101.39
218.55,193.9,31.69,101.57
216.43,194.72,31.658,101.47
213.4,194.42,31.652,101.45
210.74,193.67,31.641,101.41
206.6,192.07,31.731,101.7
201.41,190.16,31.663,101.49
197.62,190.91,31.509,100.99
192.8,191.38,31.357,100.5
187.73,190.75,31.266,100.21
181.98,189.56,31.197,99.99
178.38,188.88,31.312,100.36
173.27,188.05,31.178,99.929
171.08,189.11,31.109,99.708
168.29,188.07,31.17,99.903
166.47,186.29,31.103,99.689
164.45,185.35,31.019,99.419
161.08,184.92,30.97,99.262
157.56,186.03,30.917,99.092
152.72,186.51,30.853,98.888
145.56,184.76,30.73,98.494
139.95,184.41,30.602,98.085
136.68,183.15,30.545,97.901
133.9,182.68,30.483,97.701
130.83,183.88,30.506,97.776
128.25,183.64,30.476,97.68
126.66,183.47,30.397,97.426
124.01,181.64,30.38,97.372
119.35,180.84,30.188,96.755
115.23,181.01,30.1,96.473
111.46,182.39,29.882,95.777
105.34,182.58,29.918,95.891
100.85,181.46,29.956,96.012
94.764,179.93,29.987,96.111
91.47,179.8,29.933,95.94
88.723,179.29,29.834,95.622
85.994,179.19,29.857,95.696
83.618,178.48,29.906,95.851
79.643,176.28,30.105,96.489
76.802,176.14,29.967,96.048
72.677,176.62,29.737,95.31
69.35,176.98,29.618,94.931
63.031,176.34,29.77,95.416
58.351,174.13,29.866,95.726
55.837,174.5,29.858,95.697
52.785,174.47,30.009,96.182
51.491,175.24,30.043,96.29
60.42,172.89,29.757,95.374
48.589,172.02,29.706,95.212
45.374,171.03,29.554,94.724
42.746,170.1,29.393,94.207
