549.5,58.5,47,111
548.51,63.323,47.053,111.13
547.85,63.418,47.502,112.19
546.58,63.578,47.412,111.97
545.93,63.577,47.434,112.02
544.99,62.915,47.722,112.71
544.09,62.697,47.879,113.08
543.38,63.967,48.116,113.63
542.52,65.052,48.149,113.71
542.35,66.441,48.431,114.38
541.41,67.228,48.807,115.27
540.45,67.922,48.882,115.45
539.89,68.102,48.785,115.22
539.58,68.124,48.737,115.1
539.73,68.448,47.999,113.36
538.79,68.098,48.028,113.43
538.24,69.188,47.544,112.29
537.92,69.636,47.826,112.95
536.64,69.547,48.246,113.94
536.06,71.294,48.096,113.59
534.9,72.334,47.842,112.99
534.17,73.198,48.068,113.52
533.31,73.663,48.17,113.76
532.55,74.071,48.454,114.43
531.66,73.914,48.645,114.88
530.15,72.163,49.563,117.05
528.99,72.281,50.292,118.77
528.55,73.423,50.437,119.12
528.11,75.094,50.066,118.24
527.65,76.082,50.498,119.26
527.19,78.341,50.255,118.69
526.51,78.213,50.397,119.02
526.05,78.267,50.178,118.51
526.08,77.888,50.282,118.75
525.51,77.852,49.887,117.82
524.8,78.078,49.958,117.99
524.35,78.882,49.64,117.23
523.87,79.536,49.895,117.84
523.16,80.515,49.851,117.73
521.94,81.092,49.961,117.99
521.19,82.171,50.088,118.29
520.42,82.589,50.01,118.11
519.39,82.523,50.391,119.01
518.79,82.824,50.413,119.06
517.46,82.197,50.805,119.99
516.74,81.834,51.459,121.53
515.88,82.123,51.377,121.34
515.23,83.643,51.804,122.35
514.2,85.5,52.022,122.86
514.1,86.948,52.281,123.47
513.45,87.601,52.482,123.95
513.26,88.385,52.229,123.35
512.83,88.372,52.196,123.27
512.43,88.617,51.943,122.67
511.77,87.831,52.342,123.62
510.85,87.817,52.245,123.39
510.83,88.793,52.152,123.17
509.54,89.295,52.347,123.63
508.64,90.936,52.077,122.99
508.19,92.078,51.784,122.3
507.5,92.753,51.95,122.69
506.63,93.674,52.59,124.2
505.32,94.112,52.775,124.64
504.23,93.41,53.591,126.57
503.15,92.998,53.569,126.51
502.22,92.997,53.733,126.9
502.03,94.393,53.784,127.02
500.97,95.47,53.976,127.48
500.99,97.736,53.942,127.4
500.37,98.798,54.257,128.14
499.55,99.63,54.501,128.71
499.19,100.28,54.252,128.13
498.64,100.11,54.341,128.34
498.3,100.15,54.179,127.95
496.87,99.723,54.208,128.02
496.33,100.14,54.366,128.4
495.56,100.97,53.785,127.03
494.82,101.48,53.898,127.29
493.51,102.72,54.046,127.64
492.98,104.9,53.836,127.14
491.46,105.05,54.112,127.8
490.67,105.78,54.106,127.78
489.79,106.35,54.155,127.9
488.48,106.09,54.375,128.42
487.02,105.51,55.229,130.43
486.4,105.75,55.457,130.97
486.01,106.9,55.795,131.77
485,107.84,55.966,132.18
484.83,110.49,55.794,131.77
483.36,111.38,56.042,132.35
483,112,56.347,133.07
482.42,111.67,56.61,133.7
481.43,111.71,56.788,134.12
480.3,111.93,56.278,132.91
479.83,111.99,56.565,133.59
478.3,112.54,56.817,134.19
477.2,113.92,56.854,134.27
476.07,114.41,57.105,134.86
475.22,115.64,56.965,134.53
473.28,116.64,57.024,134.67
472.05,117.8,57.054,134.75
470.67,118.43,57.045,134.72
469.53,118.07,57.266,135.24
467.79,117.85,57.621,136.08
466.51,118.26,57.851,136.63
465.58,119.07,58.175,137.39
464.42,121.75,58.118,137.26
463.28,123.96,58.283,137.65
462.64,125.04,58.308,137.71
461.76,125.61,58.41,137.95
460.27,125.68,58.574,138.34
459.22,125.13,58.883,139.07
458.19,125.08,59.091,139.56
456.56,125.46,59.058,139.48
455.07,126.88,58.924,139.16
454.19,127.79,58.909,139.13
452.93,129.16,58.885,139.07
450.52,130.66,59.192,139.79
448.77,131.66,59.307,140.06
447.24,132.17,59.534,140.6
446.02,132.38,59.913,141.5
443.52,131.66,60.3,142.41
441.96,131.76,60.766,143.51
439.67,132.48,60.811,143.62
438.07,135.08,61.064,144.21
436.74,136.54,61.284,144.74
435.16,138.62,61.276,144.72
433.65,139.99,61.196,144.53
432.19,140.04,61.625,145.54
429.93,139.65,61.846,146.06
428.03,140.01,61.929,146.26
426.37,139.98,61.868,146.11
425.23,140.91,61.862,146.1
422.49,141.83,62.073,146.6
420.1,144.31,61.928,146.26
417.99,144.81,61.824,146.01
415.16,146.39,62.127,146.72
412.24,147.35,62.265,147.05
410.35,147.39,62.451,147.49
407.77,146.53,63.511,150
405.59,147.33,63.985,151.11
403.43,147.3,64.178,151.57
402.3,148.27,64.269,151.78
399.52,150.55,64.474,152.27
397.55,153.52,64.526,152.39
395.76,154.41,64.346,151.97
393.65,155.48,64.464,152.24
391.94,155.55,64.405,152.11
390.55,155.91,64.259,151.76
387.66,155.53,64.042,151.25
385.47,157.1,63.599,150.2
384.47,158.43,63.579,150.16
382.84,159.52,63.842,150.78
379.68,161.67,64.356,151.99
377.28,163.73,64.237,151.71
375.09,164.6,64.117,151.43
373.39,165.07,64.612,152.6
369.97,165.38,65.269,154.15
367.96,164.35,66.303,156.59
366.06,163.47,67.031,158.31
364.27,165.12,67.119,158.52
362.18,167.04,67.226,158.77
360.81,169.11,67.44,159.27
359.56,170.6,67.43,159.25
357.55,172.1,67.633,159.73
356.21,172.97,67.87,160.29
354.87,173.06,68.129,160.9
353.67,173.71,68.136,160.92
351.33,173.58,68.219,161.11
349.69,174.34,68.257,161.2
348.23,174.97,68.227,161.13
346.89,176.25,68.216,161.11
344.3,178.46,68.427,161.6
342.19,180.78,68.244,161.17
340.35,181.47,68.467,161.7
338.44,183.31,68.624,162.07
336.23,182.79,69.572,164.31
335.12,182.9,69.893,165.07
333.31,182.58,70.454,166.39
331.72,183.94,70.909,167.47
330.38,184.83,71.233,168.23
329.34,186.57,71.383,168.59
327.96,189.5,71.69,169.31
326.75,191.02,72.168,170.44
325.61,191.76,72.171,170.45
324.79,192.17,72.452,171.11
323.96,192.68,72.413,171.02
322.02,192.48,72.243,170.62
321.21,193.1,72.601,171.46
319.8,193.6,72.355,170.88
318.8,194.55,72.369,170.91
316.47,196.75,72.398,170.98
314.71,199.57,72.253,170.64
313.93,201.45,72.474,171.16
312.65,202.46,72.79,171.91
310.34,203.29,73.211,172.9
308.21,203.09,73.467,173.51
307.06,203.55,73.587,173.79
305.14,203.76,74.112,175.03
303.63,205.79,74.205,175.25
302.8,208.32,74.355,175.6
301.52,210.3,74.604,176.19
299.75,212.32,75.243,177.7
297.93,213.72,75.655,178.68
296.51,214.18,76.129,179.79
295.38,214.69,76.059,179.63
292.51,214.41,76.526,180.73
290.53,214.95,76.657,181.04
288.67,215.39,76.697,181.13
285.86,216.26,77.281,182.51
283.26,220.25,76.801,181.38
281.23,222.41,76.735,181.22
277.22,224.43,76.985,181.81
274.26,226.51,76.67,181.07
271.95,226.89,77.048,181.97
268.48,226.29,78.437,185.24
265.88,227,78.955,186.47
263.92,227.22,79.365,187.44
261.98,228.98,79.63,188.06
258.68,231.52,80.076,189.12
256.28,235.26,80.237,189.5
253.98,236.57,80.267,189.57
252.25,238.22,80.593,190.34
248.63,239.61,80.886,191.03
245.5,240.2,81.12,191.58
242.95,239.9,81.021,191.35
240.17,239.91,81.012,191.33
237.98,240.87,80.764,190.74
233.76,242.13,81.046,191.41
229.59,245.93,81.021,191.35
227,247.98,80.734,190.67
221.9,250.14,81.244,191.87
218.12,251.86,81.953,193.55
214.35,251.3,82.421,194.65
212.08,251.75,83.644,197.54
208.41,251.63,84.52,199.61
204.98,252.51,84.954,200.64
202.76,253.9,85.35,201.57
200.75,255.95,85.477,201.87
196.66,259.63,85.36,201.59
193.75,262.97,85.089,200.95
191.55,264.57,85.001,200.75
189.2,265.91,85.21,201.24
184.66,266.74,85.515,201.96
180.54,267.42,85.531,202
178.25,267.51,85.579,202.11
175.8,268.23,85.2,201.22
171.25,270.05,85.238,201.31
167.13,274.38,85.005,200.76
164.6,277.24,85.028,200.81
159.59,280.46,85.496,201.92
154.79,282.59,85.37,201.62
151.74,283.24,85.736,202.48
147.2,282.94,86.796,204.99
143.21,283.19,87.299,206.18
140.75,283.62,88.058,207.97
138.35,285.04,88.113,208.1
135.34,288.96,88.55,209.13
131.27,292.76,88.63,209.32
128.59,294.57,88.77,209.65
126.67,297.08,89.488,211.34
124.33,298.1,90.04,212.65
119.6,299.32,90.664,214.12
115.05,299.37,91.15,215.27
110.66,299.98,91.218,215.43
108.2,300.49,91.483,216.05
102.14,301.57,91.436,215.95
96.008,306.22,91.306,215.64
94.306,309.39,91.652,216.46
