496.5,375.5,42,80
497.43,376.15,42.173,80.329
499.44,377.34,41.638,79.31
504.13,377.99,41.872,79.756
509.14,380.32,41.587,79.213
512.48,381.57,41.287,78.642
514.1,382.17,41.58,79.201
512.84,381.16,41.78,79.58
513.8,380.73,41.776,79.574
518.03,381.32,41.263,78.596
521.64,381.38,40.047,76.279
522.09,382.84,39.593,75.416
519.89,384.12,39.037,74.356
518.23,385.74,38.959,74.208
512.2,386.24,38.695,73.706
509.12,386.91,38.564,73.456
506.89,389.81,39.301,74.859
505.69,389.62,39.93,76.057
506.94,388.68,40.105,76.391
506.63,389.84,40.323,76.806
506.23,392.99,40.555,77.247
505.89,396.01,40.768,77.654
507.97,397.38,40.844,77.798
513.87,398.73,40.896,77.898
524.22,399.6,40.851,77.811
530.6,399.53,40.666,77.458
536.53,399.81,40.432,77.013
541.41,400.59,40.494,77.131
545.26,400.36,41.192,78.461
548.97,401.36,41.631,79.297
549.13,401.63,41.183,78.445
546.78,401.91,41.192,78.462
549.64,402.18,41.356,78.773
557.16,401.52,41.211,78.498
563.79,399.59,41.36,78.78
571.38,397.5,41.329,78.722
576.84,397.89,41.466,78.983
578.95,398.72,41.858,79.73
581.55,400.54,41.865,79.743
572.41,406.9,41.559,79.16
577.77,410.79,41.453,78.958
584.2,414.4,41.642,79.317
593.19,416.42,41.434,78.923
603.09,420.86,40.948,77.995
611.94,422.38,40.855,77.82
619.66,422.63,40.888,77.882
624.64,422.18,40.86,77.828
625.76,423.18,40.898,77.901
632.58,426.08,40.784,77.683
633.83,428.46,41.124,78.331
630.42,431.3,41.037,78.166
628.57,433.27,41.327,78.719
637.72,432.35,41.724,79.475
630.32,430.44,41.745,79.515
630.29,430.25,41.877,79.767
644.26,432.26,41.572,79.186
645.81,427.92,41.311,78.687
656.68,425.89,41.884,79.779
662.92,427.87,42.29,80.551
670.9,429.92,42.277,80.527
674.51,428.06,42.889,81.693
673.25,424.4,43.15,82.191
671.63,423.62,43.446,82.755
669.13,423.07,43.649,83.142
664.9,423.81,43.594,83.037
663.61,427.31,43.838,83.5
662.96,428.83,44.094,83.989
666.59,430.8,44.363,84.501
666.51,431.27,44.25,84.287
659.37,431.48,44.522,84.805
658.2,433.62,44.921,85.564
653.6,437.19,44.346,84.468
643.8,434.74,43.867,83.556
641.22,431.9,43.694,83.227
647.59,436.57,43.68,83.201
646.83,441.86,43.479,82.818
646.89,442.33,43.228,82.34
642.68,437.53,42.925,81.761
637.76,435.94,42.509,80.969
627.03,432.39,42.113,80.215
602.25,429.43,42.337,80.641
590.77,429.4,42.602,81.147
579.24,429.83,42.633,81.205
571.94,431.62,42.911,81.736
570.06,433.85,43.039,81.979
566.71,434.94,43.281,82.439
565.35,436.31,43.332,82.537
560.22,437.32,43.468,82.797
550.22,436.2,43.776,83.383
538.63,433.76,44.044,83.894
529.47,433.16,44.55,84.857
525.52,434.71,45.048,85.806
524.3,436.42,45.369,86.418
523.75,438.18,45.686,87.02
525.16,440.45,45.914,87.454
524.53,435.13,45.931,87.487
524.7,433.1,45.974,87.569
524.4,432.7,46.038,87.692
525.44,432.61,46.034,87.684
522.75,431.98,46.038,87.691
514.41,433.13,45.955,87.533
504.48,435.52,45.805,87.247
498.22,438.95,45.538,86.739
497.85,438.98,45.177,86.051
500.39,438.67,44.87,85.466
506.62,439.16,45.093,85.891
517.36,438.08,45.459,86.589
526.29,436.68,46.131,87.868
534.08,435.04,46.538,88.644
541.23,434.93,47.064,89.645
546.56,436.08,46.996,89.516
548.09,437.83,46.783,89.111
545.7,437.56,46.566,88.697
544.74,437.45,46.411,88.402
544.18,436.27,46.435,88.449
544.94,434.73,46.462,88.499
545.83,433.2,46.564,88.694
543.88,431.84,46.327,88.241
543.85,432.25,46.2,88.001
545.52,434.29,46.214,88.027
548.26,436.08,46.27,88.133
548.18,436.82,45.795,87.228
545.2,438.38,45.398,86.473
541.63,438.27,45.016,85.744
540.72,438.1,45.154,86.008
541.3,437.22,45.785,87.21
541.2,436.01,46.412,88.403
539.45,434.91,46.774,89.093
534.41,434.49,46.803,89.149
532.7,435.44,46.541,88.649
533.12,436.33,46.229,88.055
537.76,436.03,45.961,87.544
541.24,434.58,45.565,86.79
544.4,433.15,45.498,86.663
546.96,431.25,45.285,86.257
548.03,429.07,45.169,86.037
549.2,429,45.005,85.724
552.37,430.46,44.931,85.583
553.64,432.47,44.848,85.424
552.94,434.2,44.775,85.286
550.32,432.9,44.388,84.548
543.14,432.96,44.33,84.438
535.44,433.19,44.746,85.231
531.65,430.77,45.237,86.166
527.64,428.4,45.423,86.52
523.7,426.87,45.23,86.153
523.92,427.84,45.088,85.883
525.99,429.21,45.024,85.76
531.02,430.87,44.645,85.038
537.4,429.55,43.909,83.637
546.33,428.35,43.606,83.059
553.15,426.58,43.485,82.828
557.74,424.28,43.284,82.445
563.81,421.68,43.013,81.93
571.06,422.47,42.723,81.377
578.13,423.49,42.694,81.322
584.99,424.69,42.637,81.213
589.05,426.73,42.552,81.051
589.08,427.05,42.481,80.916
585.18,426.74,42.384,80.731
570.08,426.04,42.627,81.194
553.35,426.38,42.628,81.197
544.44,424.66,42.683,81.3
533.89,423.26,42.995,81.896
525.6,423.3,43.392,82.652
520.08,424.08,43.669,83.179
512.85,423.95,43.473,82.806
505.41,424.6,43.386,82.641
495.63,423.61,43.212,82.308
483.02,422.43,43.029,81.959
467.99,419.85,42.591,81.125
451.22,418.78,42.519,80.988
437.69,419.8,42.642,81.224
433.26,419.15,42.48,80.914
432.59,419.61,42.296,80.563
431.07,422.03,42.009,80.017
431.69,422.3,41.545,79.133
437.03,421.23,41.435,78.924
439.67,420.43,41.31,78.685
439.96,419.73,41.453,78.958
440.97,417.57,41.584,79.208
440.98,415.98,42.008,80.016
440.05,414.32,41.929,79.865
438.79,413.38,41.563,79.168
439,412.7,41.012,78.119
440.01,412.72,40.581,77.296
442.31,412.02,40.462,77.071
446.67,409.25,40.328,76.815
451.67,405.96,40.188,76.548
457.27,404.41,39.977,76.146
461.16,404.94,39.778,75.768
463.17,406.63,39.461,75.164
467.19,409.94,38.837,73.976
471.21,412.12,38.337,73.022
474.52,414.61,38.124,72.617
479.24,415.36,38.539,73.407
483.79,415.01,39.091,74.46
488.15,411.27,39.559,75.35
492.47,408,39.648,75.521
498.49,407.62,39.643,75.51
504.54,408.1,39.746,75.706
510.5,408.67,39.262,74.784
516.86,411.17,38.862,74.022
522.23,412.84,38.61,73.543
527.01,411.82,38.346,73.04
532.58,409.87,38.468,73.273
537.46,405.41,38.386,73.116
542.85,401.17,38.424,73.188
548.62,400.92,37.923,72.234
554.48,403.72,37.801,72.003
560.4,406.8,37.391,71.221
565.98,408.56,37.188,70.834
570.81,409.46,37.356,71.155
574.53,406.6,37.431,71.298
578.6,402,37.439,71.312
582.7,398.68,37.492,71.413
586.38,397.09,37.454,71.341
590.96,396.75,37.207,70.871
596.1,396.92,36.981,70.44
600.63,397.21,36.797,70.089
603.9,397.37,36.397,69.328
607.65,398.11,35.915,68.409
611.12,397.62,35.737,68.071
615.19,396.65,35.431,67.487
618.84,394.38,35.066,66.793
622.99,394.26,34.818,66.321
626.15,393.25,34.469,65.655
630.29,394.17,34.35,65.429
633.96,394.71,34.155,65.057
637.61,394.58,33.958,64.683
641.6,395.3,33.972,64.709
644.22,396.06,34.155,65.056
647.8,396.01,34.086,64.925
650.58,395.16,34.224,65.189
653.83,393.73,34.13,65.01
657.03,392.86,34.285,65.306
660.78,392.52,34.19,65.124
663.06,391.75,33.991,64.744
665.89,391.75,33.755,64.295
669.35,392.83,33.677,64.147
671.91,392.57,33.69,64.171
674.96,391.97,33.6,64
677.35,390.23,33.405,63.628
679.46,387.53,33.048,62.949
682.81,386.37,32.994,62.846
684.84,384.62,32.891,62.649
686.67,382.71,32.707,62.3
689.43,382.91,32.601,62.097
692.42,384.4,32.312,61.547
695.88,387.92,32.32,61.562
698.31,389.67,32.425,61.761
700.36,389.44,32.648,62.186
701.9,387.6,32.727,62.337
703.67,385.71,32.795,62.466
705.56,384.09,32.762,62.405
707.62,383.35,32.9,62.666
709.89,383.54,32.822,62.518
711.86,383.49,32.702,62.289
713.79,384.46,32.629,62.15
715.63,385.45,32.448,61.806
718.35,385.84,32.173,61.281
720.6,385.61,31.844,60.655
723.17,385.11,31.366,59.745
724.18,383.7,30.978,59.005
726.63,383.51,30.766,58.603
727.45,382.94,30.489,58.075
729.64,383.08,30.313,57.738
731.51,383.83,30.6,58.285
732.96,383.63,30.737,58.546
734.41,383.45,30.897,58.852
736.4,382.24,31.088,59.216
737.85,380.96,31.256,59.535
738.47,380.21,31.388,59.787
739.56,379.89,31.529,60.054
741.54,380.77,31.602,60.194
743.12,382.38,31.608,60.206
744.55,382.48,31.502,60.003
745.56,382.15,31.352,59.719
746.72,380.72,31.054,59.151
748.54,380.11,30.802,58.671
749.23,378.62,30.509,58.113
750.95,378.78,30.113,57.359
751.92,378.47,29.889,56.932
753.2,378.99,29.646,56.468
755.27,380.72,29.493,56.177
756.46,381.92,29.349,55.903
757.96,382.67,29.107,55.443
759.04,382.87,29.125,55.476
760.22,381.5,29.056,55.344
761.39,380.31,29.068,55.368
761.95,378.36,28.963,55.167
762.81,377.42,28.741,54.745
763.29,378.74,28.595,54.466
764.07,380.05,28.553,54.387
764.87,380.12,28.489,54.264
765.2,380.01,28.423,54.138
765.88,379.54,28.175,53.667
766.71,378.4,28.099,53.523
767.17,377.64,27.937,53.214
767.58,376.74,27.717,52.794
768.71,376.53,27.534,52.446
769.69,377.37,27.211,51.831
770.36,378.79,27.223,51.854
771.17,379.51,27.124,51.666
772.29,379.63,27.328,52.054
772.86,379,27.255,51.914
773.42,377.64,27.248,51.9
774.09,376.49,27.519,52.416
774.39,376,27.582,52.537
775.09,375.89,27.64,52.647
774.93,376.1,27.644,52.656
775.34,377.02,27.858,53.063
775.1,376.9,27.882,53.109
774.6,375.64,27.828,53.006
774.86,375.09,27.642,52.652
775.71,374.2,27.265,51.934
775.31,373.01,27.023,51.473
775.1,373.02,27.017,51.46
774.57,372.78,27.018,51.462
774.38,372.79,26.829,51.102
775.87,374.01,27.03,51.486
776.46,374.17,27.017,51.461
776.54,374.1,26.933,51.301
777.18,374.42,26.903,51.244
777.44,374.23,26.934,51.303
778.32,373.46,26.881,51.202
778.08,372.48,26.658,50.777
778.17,372.15,26.447,50.375
778.43,372.16,26.271,50.039
778.54,373.33,26.248,49.997
778.86,373.39,26.457,50.394
