427.5,152.5,84,166
424.28,152.37,84.327,166.65
422.9,152.52,83.825,165.65
421.22,152.91,83.388,164.79
420.28,153.38,82.957,163.94
419.33,153.88,82.502,163.04
418.79,154.81,82.392,162.82
417.58,155.07,82.281,162.6
416.65,155.93,81.877,161.8
416.71,157.09,81.203,160.47
417.03,157.81,80.915,159.9
417.7,158,80.851,159.78
418.02,157.35,81.739,161.53
418.81,156.28,82.571,163.18
420.65,156.54,82.391,162.82
423.49,157.22,82.267,162.58
425.83,157.03,82.588,163.21
427.25,156.16,82.818,163.66
431.07,156.38,82.645,163.32
431.51,155.78,82.619,163.27
433.54,155.63,83.446,164.91
433.61,155.55,83.233,164.48
432.5,156.12,82.131,162.31
433.16,158.27,81.424,160.91
435.2,158.95,81.282,160.63
437.19,158.19,81.996,162.04
439.32,157.52,82.211,162.46
441.93,157.8,82.578,163.19
446.03,159.31,82.057,162.16
450.33,159.33,82.745,163.52
456.75,158.42,82.307,162.65
459.8,156.95,81.812,161.68
461.98,158.6,81.607,161.27
466.64,158.74,81.047,160.16
471.4,159.73,79.592,157.29
472.7,160.4,78.974,156.07
473.03,160.75,78.688,155.5
471.41,161.24,78.669,155.46
472.05,158.88,78.443,155.02
470.47,158.78,78.57,155.27
470.86,160.24,78.377,154.89
469.59,160,78.142,154.42
467.81,161.73,77.783,153.71
467.94,162.78,77.867,153.88
468.79,162.89,78.027,154.2
470.3,163.1,77.941,154.03
470.79,162.89,78.118,154.38
470.93,161.75,77.939,154.02
471.34,162.51,77.759,153.67
471.52,161.81,77.765,153.68
471.1,161.51,77.666,153.48
471.2,162.46,77.756,153.66
470.7,163.47,78.009,154.16
470.68,163.61,77.871,153.89
469.53,163.06,78.052,154.25
468.96,163.18,78.456,155.04
468.45,163.42,77.837,153.82
468.04,163.98,77.475,153.11
467.29,165.12,77.046,152.26
467.63,166.19,76.85,151.87
466.7,166.56,76.618,151.41
465.09,167.58,76.817,151.81
464.02,167.61,76.71,151.59
463.85,166.64,77.154,152.47
463.02,164.9,77.544,153.24
462.69,165.03,77.554,153.26
462.46,164.92,77.479,153.11
461.63,165.18,77.567,153.29
460.88,167.19,77.74,153.63
460.48,168.08,77.951,154.05
460.37,168.72,78.099,154.34
459.46,168.63,78.325,154.79
458.53,167.96,78.49,155.11
456.57,168.07,77.223,152.61
454.95,168.64,76.7,151.57
453.93,169.93,76.068,150.33
453.02,171.22,75.239,148.69
451.6,172.1,74.465,147.16
450.56,173.62,74.035,146.31
449.09,174.63,73.772,145.79
448.22,174.93,73.615,145.48
448,174.67,73.384,145.02
447.71,173.89,72.912,144.09
447.61,173.85,72.697,143.66
447.84,173.97,72.217,142.72
447.56,174.54,71.937,142.16
447.74,175.47,71.883,142.05
447.26,175.78,71.646,141.59
447.95,177.1,71.542,141.38
448.18,177.37,71.342,140.98
449.25,178.21,71.052,140.41
449.6,178.61,70.913,140.14
448.83,178.37,70.726,139.77
449.72,178.78,70.514,139.35
448.73,178.02,70.492,139.31
448.13,178.02,70.607,139.53
446.8,177.9,70.447,139.22
446.12,178.71,70.28,138.89
444.38,178.39,69.947,138.23
442.25,178.6,69.596,137.53
440.97,178.32,69.655,137.65
439.73,177.79,69.682,137.71
438.4,177.97,69.391,137.13
437.06,178.78,69.679,137.7
433.19,178.35,69.75,137.84
432.01,178.55,70.061,138.45
430.27,178.84,70.025,138.38
428.68,178.56,69.944,138.22
426.6,178.22,69.855,138.05
425.14,178.6,69.881,138.1
423.84,178.83,69.846,138.03
423.43,179.58,69.78,137.9
422.57,179.36,69.642,137.63
421.28,179.51,69.425,137.2
421.55,179.58,69.367,137.08
421.05,179.15,69.343,137.03
421.27,179.31,69.298,136.95
421.69,179.55,69.199,136.75
421.94,180,69.498,137.34
422.57,180.02,69.428,137.2
422.96,179.99,69.49,137.32
423.04,179.87,69.52,137.39
423.45,179.78,69.564,137.47
423.09,179.32,69.455,137.26
423.78,179.7,69.742,137.82
423.94,179.19,69.792,137.92
423.73,179.05,69.91,138.16
423.15,178.92,69.7,137.74
423.19,179.37,69.737,137.81
423.32,179.36,69.785,137.91
422.87,179.28,69.883,138.1
422.22,179.51,69.585,137.51
422.08,179.46,69.501,137.35
422.74,179.85,69.471,137.29
422.37,180.15,69.55,137.44
421.83,179.46,69.554,137.45
421.9,179.38,69.642,137.63
421.96,179.55,69.55,137.44
422.21,179.77,69.589,137.52
421.89,179.62,69.599,137.54
421.97,179.63,69.58,137.5
421.93,179.57,69.614,137.57
421.91,179.46,69.679,137.7
421.87,179.49,69.652,137.65
421.95,179.56,69.644,137.63
421.94,179.41,69.634,137.61
421.85,179.42,69.652,137.65
421.86,179.44,69.621,137.58
421.93,179.4,69.686,137.71
421.89,179.32,69.734,137.81
422.27,179.84,69.722,137.78
422.45,179.81,69.699,137.74
422.19,179.59,69.709,137.76
422.11,179.48,69.734,137.81
422.14,179.74,69.687,137.71
421.87,179.89,69.249,136.85
421.8,179.78,69.151,136.66
422.03,179.93,69.496,137.34
421.8,179.62,69.701,137.74
421.84,179.98,69.116,136.59
421.74,180.29,69.039,136.43
421.3,180.17,68.927,136.21
421.28,180.36,68.765,135.89
421.74,181.27,68.626,135.62
421.52,181.05,68.507,135.38
422.19,181.44,68.485,135.34
422.19,181.32,68.598,135.56
421.98,181.03,68.479,135.33
422.68,181.3,68.58,135.53
422.79,181.13,68.626,135.62
423.3,180.62,68.893,136.15
424.69,181.12,69.031,136.42
425.17,181.54,68.701,135.77
426,181.57,68.574,135.51
427.47,182.47,68.147,134.67
428.04,183.14,68.077,134.53
428.43,183.36,67.866,134.12
429.26,183.69,68.101,134.58
429.74,182.58,68.721,135.81
430.47,181.34,69.142,136.64
431.37,180.94,69.439,137.22
432.07,181.25,68.996,136.35
432.28,181.23,68.635,135.64
432.89,182.24,68.235,134.85
434.95,184.22,67.586,133.56
436.56,185.16,67.327,133.05
438.19,184.89,67.454,133.3
440.31,185.9,67.455,133.3
442.92,186.58,67.324,133.04
445.94,187.84,66.874,132.16
448.35,188.94,66.373,131.17
449.33,188.81,66.085,130.6
450.57,188.6,66.037,130.5
451.95,188.4,66.072,130.57
453.04,187.07,65.851,130.13
454.3,186.91,65.362,129.17
455.26,186.25,65.128,128.71
456.03,186.02,64.695,127.85
457.67,186.78,64.429,127.32
459.35,188.49,64.259,126.99
460.37,189.37,64.265,127
461.47,189.54,64.087,126.65
462.04,189.72,63.787,126.06
462.33,189.46,63.526,125.54
463.5,188.12,63.339,125.17
463.92,187.68,63.042,124.58
464.53,187.74,62.866,124.24
465.92,189.27,62.827,124.16
466.89,190.55,62.625,123.76
467.64,192.37,62.73,123.97
467.82,192.91,62.573,123.66
468.09,193.05,62.475,123.46
467.92,192.82,62.219,122.96
468.17,192.83,62.164,122.85
468.66,192.96,62.026,122.58
468.71,193.65,61.844,122.22
469.28,194.8,61.548,121.63
469.62,195.41,61.311,121.16
469.49,195.04,61.14,120.82
469.65,194.04,60.972,120.49
470.82,194.62,60.539,119.64
471.01,194.09,60.253,119.07
471.46,194.57,60.074,118.72
471.25,195.06,59.929,118.43
472.53,197.73,59.308,117.2
473.04,198.97,58.835,116.27
472.84,199.31,58.436,115.48
