492.5,226.5,69,171
494.59,224.23,68.525,169.82
498.11,221.07,68.067,168.69
495.9,220.14,68.388,169.48
495.58,222.43,67.029,166.12
495.87,222.89,66.526,164.87
496.72,223.97,66.059,163.71
496.77,224.69,66.257,164.2
497.06,226.03,65.486,162.29
495.75,224.91,65.67,162.75
533.97,232.95,66.071,163.74
532.61,233.95,66.444,164.67
530.45,235.11,68.024,168.58
528.5,235.93,69.047,171.12
526.56,238.35,69.687,172.7
525.11,237.02,70.125,173.79
473.27,231.85,70.672,175.14
470.82,228.98,71.741,177.79
469.21,227.42,71.83,178.01
467.92,225.28,72.476,179.61
467.67,224.31,72.675,180.11
468.69,221.42,74.367,184.3
471.14,220.54,75.647,187.47
470.82,220.31,76.41,189.36
471.39,220.63,76.213,188.88
470.89,219.71,76.219,188.89
470.7,219.47,76.395,189.33
471.09,219.74,76.275,189.03
470.48,219.9,76.124,188.66
470.59,219.98,75.823,187.91
470.99,220.06,75.723,187.66
470.27,219.68,75.86,188
470.1,219.46,75.901,188.1
469.89,219.56,75.969,188.27
469.34,219.55,75.983,188.31
468.59,220.22,75.739,187.7
467.76,220.04,75.799,187.85
467.33,220.5,75.678,187.55
466.82,220.8,75.43,186.94
466.58,220.78,75.713,187.64
466.15,220.68,75.785,187.82
466.01,220.53,75.849,187.97
465.89,220.87,75.666,187.52
465.6,220.97,75.404,186.87
465.7,221.8,74.98,185.82
465.7,222.18,74.654,185.01
465.61,222.71,74.335,184.22
465.84,223.07,74.068,183.56
465.76,223.1,74.038,183.49
465.63,223.27,73.904,183.15
465.36,223.42,73.879,183.09
465.12,223.4,73.909,183.17
465.06,223.18,73.897,183.14
465.1,223.14,73.764,182.81
465.35,223.51,73.528,182.22
465.1,223.56,73.342,181.76
465.37,223.63,73.162,181.32
465.93,222.55,73.875,183.08
467.09,222.01,74.27,184.06
468.54,222.99,73.871,183.07
468.15,223.37,73.805,182.91
467.7,223.44,73.61,182.43
467.3,223.79,73.48,182.1
466.86,224.08,73.217,181.45
466.25,223.71,73.331,181.73
466.36,224.29,73.309,181.68
466.27,224.52,73.235,181.5
466.24,224.37,73.251,181.53
466.43,224.57,73.3,181.66
466.98,224.92,73.186,181.37
467.2,224.9,73.251,181.54
467.5,224.54,73.299,181.65
468.4,225.17,73.145,181.27
469.21,225.06,73.181,181.36
470.49,225.05,73.227,181.47
471.07,224.91,73.435,181.99
472.3,224.82,73.8,182.89
472.57,223.55,74.254,184.02
473.72,223.25,74.385,184.35
473.93,223.6,74.279,184.08
474.92,224.21,73.982,183.35
475.29,224.6,73.771,182.82
475.67,225.2,73.615,182.44
475.57,225.58,73.482,182.11
475.59,226.17,73.241,181.51
475,226.52,73.031,180.99
474.5,226.84,73.093,181.14
474.24,227.79,72.885,180.63
473.67,227.65,72.913,180.7
472.62,227.26,73.118,181.21
472.02,226.62,73.519,182.2
471.48,225.77,73.936,183.23
471.55,225.53,74.576,184.82
471.17,224.65,74.995,185.86
470.93,224.49,75.266,186.53
471.11,224.06,75.454,186.99
470.96,223.89,75.624,187.42
471.34,223.93,75.461,187.01
471.59,224.14,75.246,186.48
471.86,223.79,75.476,187.05
472.42,223.63,75.775,187.79
473.01,223.38,76.057,188.49
474.21,223.07,76.151,188.72
475.54,222.76,76.133,188.68
477.26,222.41,76.163,188.75
478.29,221.95,76.327,189.16
478.81,221.47,76.528,189.66
479.15,220.84,76.924,190.64
479.61,220.52,77.296,191.56
480,219.84,77.854,192.94
480.31,219.17,78.633,194.87
480.92,218.62,78.892,195.52
481.31,217.5,79.003,195.79
482.61,217.31,79.324,196.59
483.53,216.86,79.505,197.04
484.49,215.34,80.076,198.45
485.6,214.62,80.163,198.66
486.02,214.01,80.001,198.26
486.73,213.59,79.808,197.79
487.23,213.5,79.989,198.23
487.59,213.26,79.82,197.81
487.66,213.04,80.291,198.98
487.03,212.42,80.385,199.21
487.83,213.19,80.322,199.06
487.71,213.93,79.927,198.08
487.38,214.61,79.735,197.61
487.68,215.46,79.708,197.54
487.86,216.04,79.748,197.64
488.39,216.43,79.742,197.62
489.54,217.19,79.613,197.3
490.78,217.94,79.6,197.27
492.03,218.52,79.486,196.99
493.2,219.03,79.378,196.72
493.22,218.74,79.247,196.39
493.49,219.15,79.09,196.01
492.61,219.07,78.757,195.18
492.76,219.38,78.549,194.66
491.89,219.42,78.205,193.81
491.66,219.14,78.102,193.56
491.7,219.44,78.013,193.34
490.42,219.06,77.764,192.72
490.01,219.17,77.761,192.71
489.15,218.9,77.94,193.16
487.84,218.31,77.969,193.23
487.27,218.09,77.968,193.22
486.5,218.19,77.7,192.56
485.79,217.67,77.969,193.23
485.32,217.51,77.88,193.01
484.87,217.59,77.73,192.63
483.86,217.45,77.768,192.73
482.86,218.01,77.103,191.08
481.63,217.85,76.791,190.31
481.08,216.71,76.554,189.72
476.53,215.67,76.905,190.59
480.71,218.65,76.306,189.11
484.33,223.52,76.252,188.97
483.49,220.34,76.335,189.18
484.77,222.66,76.264,189
485.94,225.33,75.782,187.81
482.9,225.93,75.453,186.99
481.77,224.99,75.134,186.2
481.06,223.99,74.618,184.92
478.87,222.2,74.437,184.47
480.37,223.08,74.123,183.7
481.06,223.91,74.005,183.4
481.32,224.79,73.925,183.2
481.47,224.59,74.345,184.25
481.34,224.87,74.298,184.13
481.01,224.77,74.438,184.48
481.08,223.79,74.955,185.76
481.41,223.35,75.255,186.5
481.58,222.82,75.429,186.93
481.56,222.17,76.019,188.39
481.34,221.27,76.54,189.69
481.13,220.79,76.594,189.82
481.6,220.77,76.895,190.57
484.08,219.88,77.599,192.31
487.27,219.73,77.445,191.93
488.67,219.59,77.671,192.49
490.44,218.95,77.969,193.23
488.85,219.39,77.912,193.09
486.4,219.27,77.934,193.14
486.16,220.72,77.58,192.26
487.19,221.5,77.525,192.13
491.74,224.44,77.316,191.61
496.15,224.5,76.884,190.54
498.26,224.02,77.037,190.92
500.82,223.29,77.025,190.89
502.96,223.31,76.447,189.46
506.09,222.89,76.827,190.4
499.8,221.33,76.262,189
501.09,221,75.915,188.14
503.35,220.05,75.662,187.51
506.52,218.77,75.453,186.99
509.23,218.66,75.464,187.02
512.07,217.68,75.387,186.83
517.41,217.06,75.301,186.62
523.44,217.91,74.691,185.1
528.31,217.87,74.382,184.34
529.51,217.37,74.162,183.79
527.79,217.34,74.551,184.76
529.24,217.54,74.618,184.92
529.08,218.31,74.934,185.71
528.16,218.09,75.329,186.68
527.38,218.22,75.593,187.34
528.96,221.09,75.854,187.99
529.41,220.91,75.829,187.92
530.23,220.52,75.776,187.79
530.61,219.63,76.024,188.41
530.89,218.62,76.228,188.91
530.79,217.31,76.389,189.31
531.24,216.1,76.769,190.25
530.97,214.67,76.897,190.57
531.29,213.55,77.122,191.13
530.37,212.81,76.887,190.55
530.43,212.39,76.792,190.31
529.27,211.23,76.433,189.42
529,210.4,76.163,188.75
528.08,209.88,76.025,188.41
526.22,210.26,75.975,188.28
523.38,210.77,75.565,187.27
521.29,211.61,75.318,186.66
519.04,211.66,75.553,187.24
517.73,212.26,75.129,186.19
516.06,212.33,75.281,186.57
513.14,211.12,75.432,186.94
511.07,211.15,75.148,186.24
508.53,210.55,75.08,186.07
506.19,210.26,74.998,185.86
503.84,209.71,74.905,185.63
500.6,208.77,74.783,185.33
498.88,208.77,74.843,185.48
497.87,209.2,74.785,185.34
496.95,209.16,74.599,184.87
496.62,209.68,74.643,184.99
496.44,209.42,74.794,185.36
496.21,209.49,74.752,185.25
496.42,209.99,74.748,185.24
496.41,210.64,74.691,185.1
495.5,210.65,75.038,185.96
494.26,210.14,75.613,187.39
493.81,210.09,76.011,188.37
493.84,210.66,76.505,189.6
493.84,211.09,76.895,190.56
494.11,210.99,77.299,191.57
494.33,210.64,77.446,191.93
493.55,210.14,77.443,191.93
492.85,209.59,77.231,191.4
491.82,209.93,77.313,191.6
490.08,209.07,77.209,191.34
488.87,210.08,76.96,190.73
488.48,209.93,76.732,190.16
487.72,209.23,76.458,189.48
486.87,209.47,76.633,189.92
485.75,209.66,76.853,190.46
484.28,209.43,76.916,190.62
483.79,209.84,77.11,191.1
482.08,209.3,77.085,191.04
481.12,209.32,77.057,190.97
480.27,209.31,77.037,190.92
478.24,209.37,76.981,190.78
476.83,209.86,77.351,191.7
475.62,209.63,77.091,191.05
474.35,209.75,77.098,191.07
474.2,209.81,77.101,191.08
474.02,210.15,76.931,190.65
474.63,210.64,77.236,191.41
474.77,210.51,77.125,191.14
474.63,209.8,77.001,190.83
475.28,209.79,76.985,190.79
475.81,210.34,77.023,190.88
475.8,209.95,77.138,191.17
475.89,209.49,77.174,191.26
476.59,209.51,77.507,192.08
477.53,209.18,77.634,192.4
478.52,208.72,77.713,192.59
480.62,207.95,77.56,192.21
483.13,207.12,78.042,193.41
484.92,205.97,78.293,194.03
486.46,204.75,79.081,195.98
488.65,203.78,79.343,196.63
490.28,203.92,79.763,197.67
490.91,204.58,80.066,198.42
493.63,205.08,80.153,198.64
489.86,205.19,80.951,200.62
491.87,205.89,81.308,201.5
492.39,206.28,81.231,201.31
494.18,207.64,80.775,200.18
497.15,209.43,79.833,197.85
500.17,211.24,79.73,197.59
504.68,211.51,79.415,196.81
508.54,211.57,79.294,196.51
512.45,212.09,79.308,196.55
509.37,210.85,79.23,196.35
509.29,210.58,79.351,196.65
507.72,209.44,79.577,197.21
506.79,209.41,79.819,197.81
504.44,209.45,79.985,198.22
501.91,208.7,79.882,197.97
501.91,208.91,79.713,197.55
500.62,209.53,79.013,195.81
503.83,209.36,79.2,196.28
503.53,209.32,79.538,197.11
503.63,209.22,79.733,197.6
503.46,208.94,79.844,197.88
504.64,209.9,79.767,197.68
505.48,209.63,79.924,198.07
507.57,209.58,79.666,197.43
509.18,210.1,79.332,196.61
512.88,210.17,79.17,196.2
515.7,210.55,79.029,195.86
537.62,207.22,79.034,195.87
536.24,207.16,78.98,195.73
536.61,207.48,79.071,195.96
537.96,207.22,78.928,195.6
540.31,207.76,78.888,195.51
542.08,207.73,78.729,195.11
543.54,207.93,78.844,195.4
543.62,207.77,78.754,195.17
544.59,207.92,78.791,195.27
545.26,207.92,78.526,194.61
545.95,208.28,78.524,194.6
546.78,208.33,78.619,194.84
547.59,208.6,78.753,195.17
548.32,208.21,78.888,195.51
548.43,208.21,78.9,195.54
549.2,208.39,78.934,195.62
550.13,208.33,78.934,195.62
550.84,208.41,78.938,195.63
551.01,208.34,79.256,196.42
551.12,208.36,79.481,196.97
551.11,208.51,79.463,196.93
551.44,207.96,79.37,196.7
551.95,208.02,79.299,196.52
552.29,208.58,79.486,196.99
552.96,208.3,79.763,197.67
553.13,207.73,80.059,198.41
553.41,207.82,80.006,198.28
553.4,207.76,79.96,198.16
553.29,207.49,80.119,198.56
553.58,207.88,80.517,199.54
553.45,207.81,80.39,199.23
553.57,208.52,80.39,199.23
553.62,208.8,80.254,198.89
552.69,208.68,80.426,199.32
553.24,208.87,80.558,199.64
552.65,207.93,80.355,199.14
552.44,209.42,80.246,198.87
551.54,209.5,80.039,198.36
552.08,210.39,79.833,197.85
553.32,210.88,80.029,198.33
554.37,211.33,79.758,197.66
555.83,209.56,79.423,196.83
556.68,207.86,78.816,195.33
557.09,209.12,78.815,195.32
557.35,210.29,79.027,195.85
557.51,212.18,79.535,197.11
556.9,214.15,79.731,197.59
555.97,214.14,79.814,197.8
555.99,207.65,78.452,194.42
555.31,209.14,76.842,190.43
553.76,209.35,76.38,189.29
554.84,209.18,76.136,188.69
555.54,209.31,75.671,187.53
555.8,210.45,75.47,187.03
557.72,211.83,75.681,187.56
563.13,212.49,75.966,188.26
569.03,212.96,76.269,189.01
575.54,210.02,75.903,188.11
579.76,209.27,75.305,186.63
583.34,209.13,74.709,185.15
587.01,209.37,74.17,183.81
588.63,210.01,73.85,183.02
589.39,211.8,73.691,182.63
589.01,212.72,73.508,182.17
588.15,212.54,73.504,182.16
588.09,213.52,73.123,181.22
588.76,214.55,72.926,180.73
588.73,214.85,72.814,180.45
589.68,215.34,72.728,180.24
590,215.16,72.591,179.9
591.03,214.51,72.674,180.1
591.21,213.31,72.671,180.1
591.54,212.67,72.496,179.66
592.11,212.71,72.407,179.44
591.81,212.48,72.463,179.58
591.49,213.64,72.401,179.43
590.39,213.86,72.338,179.27
589.76,213.61,72.274,179.11
589.34,213.42,72.345,179.29
587.88,213.4,72.072,178.61
585.58,213.49,71.988,178.4
583.74,215.05,71.779,177.89
582.56,215.77,71.72,177.74
582.28,217,71.859,178.08
582.49,217.28,72.036,178.53
582.53,217.47,72.176,178.87
582.93,218.16,72.201,178.93
584.43,219.1,72.051,178.56
586.74,218.5,71.792,177.92
589.65,218.1,71.17,176.38
592.44,217.3,70.581,174.92
593.21,217.14,70.688,175.18
593.66,218.07,71.114,176.24
594.24,219.15,70.917,175.75
596.82,221.41,70.402,174.47
596.75,223.88,69.505,172.25
594.97,225.09,68.435,169.6
600.83,228.04,68.132,168.85
602.27,229.78,68.122,168.82
600.79,231.06,68.215,169.05
599.05,233.22,67.753,167.91
595.04,235.08,67.093,166.27
595.16,238.49,66.61,165.08
594.31,244.51,66.448,164.67
593.88,245.84,66.68,165.25
591.62,248.22,66.742,165.4
590.42,249.77,66.688,165.27
589.04,249.07,66.449,164.68
586.7,247.31,66.096,163.8
583.64,245.33,65.286,161.8
584,245.96,64.995,161.08
576.27,238.97,63.829,158.18
594.16,249.9,64.549,159.97
605.46,243.41,64.528,159.92
603.21,242.64,64.447,159.72
605.66,242.38,64.207,159.12
605.19,242.77,64.579,160.04
585,254.36,64.874,160.78
588.67,249.01,65.828,163.14
613.04,238,65.62,162.62
614.68,236.08,65.486,162.29
622.76,231.86,65.086,161.3
598.37,242.02,65.387,162.05
595.61,242,65.579,162.52
593.76,242.53,66.155,163.95
592.63,243.69,66.554,164.94
591.78,244.07,66.699,165.3
589.35,244.82,66.977,165.99
589.95,244.13,67.338,166.88
591.17,243.79,67.72,167.83
590.3,243.37,67.969,168.45
589.06,243.17,68.211,169.05
589.8,242.17,68.706,170.27
588.68,242.12,68.826,170.57
589.15,242.77,68.613,170.04
588.79,243.15,68.477,169.7
589.07,244.43,68.151,168.9
588.48,244.74,68.169,168.94
588.26,244.45,68.26,169.17
588.22,244.83,68.177,168.96
588.46,246.08,68.027,168.59
588.65,246.12,67.936,168.36
588.84,247.1,67.818,168.07
588.5,246.88,67.809,168.05
588.42,247.72,67.728,167.85
588.89,247.39,67.872,168.2
588.62,248.13,67.928,168.34
589.07,248.67,67.938,168.37
589.18,248.85,67.845,168.14
589.23,248.78,67.736,167.87
589.21,249.96,67.444,167.14
589.12,250.55,67.304,166.8
589.12,250.46,67.321,166.84
588.9,250.74,67.34,166.89
589.14,251.39,67.239,166.64
588.79,251.28,67.19,166.51
588.72,250.6,67.285,166.75
588.87,250.88,67.372,166.96
588.94,250.32,67.419,167.08
588.84,250.73,67.063,166.2
589.04,250.64,67.267,166.71
588.63,250.42,67.181,166.49
588.6,250.39,67.131,166.37
588.67,250.09,67.258,166.68
588.45,250.89,67.153,166.42
588.55,250.7,67.185,166.5
588.22,250.31,67.235,166.63
588.22,250.6,67.262,166.69
588.13,250.59,67.422,167.09
588.02,250.63,67.489,167.26
587.76,250.65,67.58,167.48
587.99,251.01,67.43,167.11
587.97,251.22,67.358,166.93
588.31,251.7,67.435,167.12
587.48,251.64,67.486,167.25
587.04,251.58,67.509,167.3
586.97,252.26,67.514,167.32
586.76,252.38,67.643,167.64
587.13,252.93,67.443,167.14
586.93,252.86,67.611,167.56
586.96,253.37,67.549,167.4
586.73,253.13,67.612,167.56
586.77,254.06,67.486,167.25
586.38,253.62,67.639,167.63
586.84,254.67,67.583,167.49
586.52,254.5,67.569,167.45
586.42,255.23,67.321,166.84
585.71,254.97,67.683,167.74
585.7,255.31,67.579,167.48
585.54,255.6,67.573,167.46
587.13,252.95,67.557,167.42
588.66,250.89,67.214,166.57
590.09,248.03,67.443,167.14
590.54,248.24,67.64,167.63
590.97,249.27,67.497,167.28
590.38,249.04,67.554,167.42
590.4,249.65,67.402,167.04
590.33,249.87,67.486,167.25
589.86,249.84,67.538,167.38
589.7,250.45,67.473,167.22
589.35,250.54,67.448,167.15
589.29,250.88,67.562,167.44
588.9,250.92,67.643,167.64
588.51,251.48,67.743,167.88
588.11,250.84,67.794,168.01
587.86,250.44,67.768,167.95
587.66,250.33,67.705,167.79
587.98,250.32,67.622,167.58
588.12,250.28,67.706,167.79
587.84,249.75,67.748,167.9
587.51,249.31,67.712,167.81
587.77,249.05,67.839,168.12
587.97,248.84,67.847,168.14
587.81,248.71,67.941,168.38
588.07,249.04,67.906,168.29
588.02,249.14,67.929,168.35
588.04,249.03,67.938,168.37
587.99,249.01,67.999,168.52
587.68,248.74,68.007,168.54
587.72,248.89,67.884,168.23
587.77,248.58,68.037,168.61
587.51,248.53,67.903,168.28
587.88,248.58,68.138,168.86
587.52,248.13,68.262,169.17
587.55,248.12,68.236,169.11
587.81,248.31,68.25,169.14
587.59,247.99,68.304,169.27
587.46,247.97,68.371,169.44
587.25,247.87,68.335,169.35
587.16,247.73,68.431,169.59
587.34,247.91,68.414,169.55
587.32,248.03,68.368,169.43
587.08,247.8,68.395,169.5
587.29,248.06,68.404,169.52
587.26,248.03,68.457,169.66
587.34,248.25,68.487,169.73
587.45,248.14,68.61,170.03
586.92,247.76,68.488,169.73
587.25,247.93,68.658,170.15
586.75,247.6,68.648,170.13
586.69,247.52,68.596,170
586.52,247.04,68.925,170.81
586.33,246.91,69.012,171.03
586.69,247.23,68.888,170.72
586.38,246.81,69.1,171.25
586.78,247.34,68.996,170.99
586.57,246.6,69.298,171.74
586.75,247.17,68.924,170.81
586.43,246.53,69.215,171.53
586.41,246.59,69.245,171.61
586.35,246.48,69.313,171.78
586.98,246.93,69.204,171.51
586.47,246.51,69.234,171.58
586.48,246.56,69.212,171.53
586.43,246.45,69.286,171.71
586.74,246.31,69.536,172.33
586.45,246.34,69.461,172.14
586.48,246.34,69.381,171.95
586.94,246.82,69.364,171.9
587.08,246.98,69.334,171.83
587.12,247.05,69.243,171.6
586.66,246.53,69.346,171.86
587.25,246.96,69.232,171.58
586.65,246.68,69.225,171.56
586.86,246.99,69.01,171.03
587.16,246.75,69.225,171.56
586.99,246.57,69.308,171.76
587.46,247.04,69.247,171.61
587.05,246.62,69.262,171.65
587.41,246.97,69.163,171.4
587.17,246.72,69.218,171.54
587.26,246.71,69.221,171.55
587.33,246.63,69.249,171.62
587.41,246.62,69.209,171.52
587.61,246.77,69.123,171.3
587.89,246.99,69.022,171.05
588.06,247,69.224,171.55
587.65,246.51,69.25,171.62
587.68,246.54,69.264,171.65
587.92,246.93,69.128,171.32
588.04,246.84,69.147,171.37
588.07,246.83,69.195,171.48
587.85,246.63,69.191,171.47
587.85,246.63,69.21,171.52
587.84,246.27,69.42,172.04
588.19,246.69,69.26,171.64
588.14,246.73,69.235,171.58
587.82,246.23,69.482,172.2
587.81,246.15,69.559,172.39
588.17,246.65,69.333,171.83
588.48,247.07,69.174,171.43
587.93,246.24,69.467,172.16
587.94,246.1,69.55,172.36
588.03,246.1,69.573,172.42
588.52,246.86,69.162,171.4
588.13,246.63,69.298,171.74
588.59,247.19,68.983,170.96
588.62,247.12,69.045,171.11
588.86,247.45,69.023,171.06
588.85,247.6,68.97,170.93
588.61,247.3,69,171
588.63,247.25,69.059,171.15
588.99,247.61,68.922,170.81
588.51,247.19,68.962,170.91
588.55,247.07,68.957,170.89
588.58,247.03,68.996,170.99
588.83,247.29,68.996,170.99
588.8,247.18,69.051,171.13
588.93,247.39,69.141,171.35
588.76,247.35,68.977,170.94
588.79,247.27,69.039,171.1
589,247.39,69.083,171.21
589,247.61,68.956,170.89
588.52,247.15,69.001,171
588.71,247.32,69.048,171.12
588.92,247.5,69.031,171.08
588.87,247.62,69.03,171.07
588.87,247.55,69.065,171.16
588.8,247.51,69.093,171.23
588.8,247.52,69.073,171.18
588.78,247.61,69.04,171.1
588.78,247.64,69.012,171.03
588.53,247.38,69.085,171.21
588.65,247.56,69.149,171.37
588.37,247.42,69.158,171.39
588.25,247.33,69.166,171.41
588,247.14,69.148,171.37
588.39,247.3,69.164,171.41
588.06,247.1,69.204,171.51
588.15,247.18,69.162,171.4
588.12,247.06,69.209,171.52
588.1,247.11,69.194,171.48
588.13,247.1,69.162,171.4
588.09,247.02,69.258,171.64
588.05,246.93,69.265,171.66
588.28,247.31,69.275,171.68
588.32,247.27,69.336,171.83
588.57,247.69,69.225,171.56
588.08,247.24,69.213,171.53
588.04,247.18,69.198,171.49
588.1,247.27,69.166,171.41
588.08,247.18,69.212,171.52
588.09,246.97,69.292,171.72
588.28,246.79,69.454,172.13
587.64,245.49,70.174,173.91
588.18,245.85,70.173,173.91
588.19,246.05,70.09,173.7
587.75,245.86,70.017,173.52
587.66,245.95,69.938,173.32
588.11,246.45,69.876,173.17
588.14,246.61,69.798,172.98
587.63,245.96,69.993,173.46
587.85,246.04,69.931,173.31
588.35,246.19,69.912,173.26
588.33,246.12,69.989,173.45
588.15,245.94,69.983,173.44
588.34,246.23,69.813,173.01
587.53,244.97,70.363,174.38
587.31,244.41,70.477,174.66
587.65,244.72,70.621,175.02
586.8,243.31,71.031,176.03
587.25,243.83,70.845,175.57
586.98,244.14,70.652,175.09
586.01,243.19,70.869,175.63
585.77,243.1,70.761,175.37
586.07,244.14,70.353,174.35
585.53,243.36,70.309,174.24
585.48,243.23,70.234,174.06
585.95,243.35,70.412,174.5
585.17,242.88,70.393,174.45
585.36,242.73,70.367,174.39
585.22,242.36,70.576,174.91
585.41,242.3,70.57,174.89
585.87,242.79,70.67,175.14
585.73,242.64,70.521,174.77
586.34,243.07,70.389,174.44
585.83,242.77,70.518,174.76
586.39,243.09,70.479,174.67
586.35,243,70.646,175.08
586.01,242.57,70.599,174.96
585.9,242.61,70.693,175.2
585.88,242.64,70.68,175.16
585.99,242.67,70.671,175.14
585.98,242.54,70.754,175.35
586.54,242.77,70.854,175.59
586.44,242.81,70.888,175.68
586.06,242.71,70.774,175.4
586.62,243.32,70.676,175.15
586.24,243.01,70.637,175.06
586.23,242.95,70.652,175.09
586.3,242.92,70.714,175.25
586.19,243.01,70.644,175.07
586.07,243.08,70.612,175
585.88,243.15,70.647,175.08
585.63,243.13,70.632,175.04
585.59,243.18,70.581,174.92
585.37,243.18,70.589,174.94
585.1,243.2,70.657,175.11
584.88,243.19,70.721,175.26
585.31,243.61,70.72,175.26
585.18,243.77,70.618,175.01
584.58,243.4,70.647,175.08
584.42,243.19,70.688,175.18
584.32,243.21,70.633,175.05
584.39,243.16,70.644,175.07
584.19,243.16,70.681,175.17
583.98,242.98,70.822,175.52
584.23,243.41,70.847,175.58
584.29,243.48,70.915,175.75
583.48,242.81,71.134,176.29
584.03,242.96,71.053,176.09
583.95,242.43,71.334,176.78
583.12,239.72,72.275,179.12
581.66,235.39,72.963,180.82
580.74,230.02,73.555,182.29
580.34,223.46,74.05,183.52
578.51,215.6,74.792,185.35
576.1,208.51,75.081,186.07
574.95,204.04,75.747,187.72
574.37,201.71,76.288,189.06
586.26,235.81,76.614,189.87
588.11,232.86,75.827,187.92
586.36,231.33,75.238,186.46
586.27,228.27,75.429,186.93
586.69,224.15,76.162,188.75
586.12,221.26,77.228,191.39
586.24,217.54,78.181,193.75
586,215.4,78.891,195.51
585.69,214.44,79.717,197.56
585.99,211.29,80.782,200.2
586.93,205.13,81.283,201.44
581.66,203.3,82.666,204.87
578.43,202.56,83.458,206.83
578.42,200.56,84.496,209.4
580.37,201.84,84.859,210.3
582.03,202.95,84.708,209.93
590,202.56,85.143,211.01
583.42,200.77,85.404,211.65
581.38,201.65,86.053,213.26
579.31,200.96,86.254,213.76
578.19,200.42,86.189,213.6
579.98,200.39,86.175,213.56
586.54,201.42,86.345,213.99
582.81,197.73,86.411,214.15
583.77,195.42,86.021,213.18
584.1,196.74,85.96,213.03
585.08,195.49,85.292,211.38
585.47,195.31,85.391,211.62
588.77,196.09,85.197,211.14
591.99,194.47,84.761,210.06
596.04,193.4,84.504,209.42
596.61,193.01,84.69,209.88
593.25,192.74,84.679,209.86
601.28,198.84,85.192,211.13
599.08,200.21,85.54,211.99
597.58,200.02,85.38,211.59
602.41,199.13,85.636,212.23
609.16,200.11,85.607,212.16
605.85,199.53,85.278,211.34
601.41,197.83,85.644,212.25
600.47,198.88,85.603,212.15
600.68,199.29,85.475,211.83
600.77,199.96,85.147,211.02
600.02,200.34,85.033,210.73
599.81,201.96,84.69,209.88
598.14,202.45,84.179,208.62
596.64,203.34,83.915,207.96
594.68,205.16,84.465,209.33
593.44,205.67,84.359,209.06
593.48,206.59,83.935,208.01
595.06,208.73,83.701,207.43
602.77,210.97,83.623,207.24
591.93,209.4,83.401,206.69
592.41,207.92,83.19,206.17
596.34,208.76,82.681,204.9
591.13,206.62,82.157,203.61
585.77,205.65,82.311,203.99
584.74,202.84,82.238,203.81
581.01,207.07,82.238,203.81
593.42,211.72,82.551,204.58
590.41,210.67,82.645,204.82
588.44,197.93,83.173,206.12
584.23,200.18,83.026,205.76
583.66,202.49,83.14,206.04
582.27,204.17,83.335,206.53
583.85,206.98,83.563,207.09
584.28,205.38,83.484,206.9
584.68,204.56,83.393,206.67
585.87,202.85,83.633,207.26
583.78,202.97,83.633,207.26
581.96,203.63,83.729,207.5
580.92,204.13,83.921,207.98
579.43,204.51,83.911,207.95
577.78,204.19,83.903,207.93
580.2,204.14,83.916,207.96
579.04,203.35,84.04,208.27
577.34,202,84.371,209.09
577.43,201.13,84.92,210.45
575.43,201.44,85.118,210.94
579.54,201.88,85.106,210.92
578.65,202.43,85.028,210.72
577.98,203.91,85.349,211.52
576.47,204.27,85.377,211.59
572.23,205.17,85.842,212.74
568.37,206.03,86.018,213.18
571.78,203.75,85.884,212.84
573.78,198.94,85.877,212.82
568.79,199.68,85.288,211.37
567.24,200.42,84.93,210.48
567.19,201.52,84.825,210.22
566.54,201.74,84.631,209.74
565.36,201.89,84.072,208.35
565.02,202.39,83.696,207.42
565.84,202.78,83.781,207.63
569.19,202.96,83.933,208.01
569.55,202.23,84.192,208.65
571.21,201.74,84.533,209.49
573.26,201.64,84.638,209.75
571.6,200.56,84.993,210.64
571.75,200.74,85,210.65
572.5,200.75,85.233,211.23
572.02,199.61,85.416,211.68
574.05,200.16,85.429,211.72
574.63,200.22,85.391,211.62
575.31,200.13,85.291,211.37
575.55,199.18,85.286,211.36
576.42,199.37,85.195,211.14
577.16,199.41,85.292,211.38
578.06,199.09,85.12,210.95
579.15,199.6,84.955,210.54
580.33,199.79,85.083,210.86
580.76,199.4,85.103,210.91
579.09,198.78,85.081,210.85
581.72,198.89,85.376,211.58
582.01,198.08,85.468,211.81
583.92,198.32,85.364,211.55
580.55,198.24,85.265,211.31
578.41,198.96,84.877,210.35
580.4,201.45,84.219,208.72
580.47,201.04,84.043,208.28
581.37,201.73,83.971,208.1
581.94,202.05,83.679,207.38
583.17,202.06,83.642,207.29
584.28,202.11,83.756,207.57
580.1,202.08,83.589,207.16
579.65,201.5,83.862,207.83
580.89,202.28,83.98,208.12
579.86,201.61,84.136,208.51
579.02,201.59,84.026,208.24
579.49,202.26,84.013,208.21
579.54,202.23,84.12,208.47
579.69,202.16,84.061,208.33
580.39,202.96,83.847,207.8
581.35,203.69,83.87,207.85
581.59,203.71,83.649,207.3
581.49,203.32,83.678,207.38
581.42,203.02,83.725,207.49
581.53,202.57,83.881,207.88
580.2,202.33,84.162,208.57
577.73,200.84,84.484,209.37
577.59,201.62,84.523,209.47
575.26,200.86,84.472,209.34
570.9,199.33,84.025,208.24
574.25,196.52,83.526,207
572.97,197,82.621,204.76
574.08,198.94,81.978,203.16
573.59,199.14,81.642,202.33
571.91,200.45,81.137,201.08
574.52,200.12,80.843,200.35
577.48,200.15,80.697,199.99
580.9,200.36,80.888,200.46
583.78,199.69,81.186,201.2
586.67,198.71,81.549,202.1
589.43,198.81,82.043,203.32
590.74,198.94,82.1,203.47
591.74,199.56,81.986,203.18
592.54,199.86,81.722,202.53
593.41,200.56,81.542,202.08
596.11,201.6,81.701,202.48
598.57,200.2,81.949,203.09
602.13,199.55,82.198,203.71
607.12,197.54,82.476,204.4
608.92,196.64,82.599,204.7
609.09,193.32,83.293,206.42
612.14,188.62,83.864,207.84
609.76,186.29,84.203,208.68
608.03,185.34,84.28,208.87
609.03,188.36,84.033,208.25
610.55,190.97,83.875,207.86
613.02,191.81,83.798,207.67
614.17,193.08,83.482,206.89
613.75,194.56,83.179,206.14
615.28,195.63,83.256,206.33
618.96,197.01,83.061,205.85
620.95,198.4,82.889,205.42
624.63,203.2,82.828,205.27
628.61,203.98,83.06,205.85
624.48,201.77,83.157,206.09
622.57,201.64,82.986,205.66
621.27,201.68,82.817,205.24
620.26,201.22,82.965,205.61
623.01,201.49,82.497,204.45
625.48,201.68,82.518,204.5
626.7,201.94,82.91,205.47
623.25,201.4,83.085,205.91
620.39,201.94,83.224,206.25
620.06,201.34,83.628,207.25
619.12,200.34,83.857,207.82
617.44,199.27,84.367,209.08
614.6,198.53,84.411,209.19
611.47,198.31,84.58,209.61
609.37,197.54,84.897,210.4
607.45,197.35,84.899,210.4
608.23,196.16,84.835,210.24
609.02,195.31,85.104,210.91
607.56,194.85,84.798,210.15
604.8,195.52,84.519,209.46
597.56,196.81,85.07,210.83
599.1,195.26,85.974,213.07
597.93,194.51,86.501,214.37
594.72,193.66,86.948,215.48
601.61,193.76,87.305,216.36
603.94,194.2,87.404,216.61
609.15,195.35,87.211,216.13
604.05,195.58,87.404,216.61
604.77,195.86,87.158,216
606.96,194.43,87.392,216.58
608.47,194.07,87.545,216.96
606.88,193.58,87.521,216.9
607.09,194.35,87.245,216.22
606.5,195.22,87.042,215.71
602.76,194,87.108,215.88
602.28,193.91,87.073,215.79
602.04,193.45,87.134,215.94
600.98,192.86,87.159,216
600.52,192.98,87.048,215.73
599.21,192.38,86.891,215.34
598.49,192.97,86.575,214.56
596.79,193.31,86.451,214.25
594.82,192.74,86.329,213.94
592.81,192.77,86.269,213.8
591.68,193.57,86.247,213.74
591.16,194,86.476,214.31
588,194.17,86.377,214.07
587.41,195.03,86.451,214.25
587.28,196.25,86.377,214.06
587.5,197.38,85.956,213.02
586.49,197.83,85.809,212.66
585.12,197.73,85.8,212.63
583.66,197.53,85.984,213.09
582.01,198.18,85.929,212.95
579.3,197.45,86.255,213.76
578.71,198.28,86.473,214.3
576.24,197.05,87.06,215.76
575.15,196.24,87.614,217.13
574.05,195.58,87.933,217.92
573.88,196,88.48,219.28
573.5,195.86,88.748,219.94
571.81,194.57,88.942,220.42
572.57,195.8,88.906,220.33
572.27,195.92,88.892,220.3
571.88,195.97,89.035,220.65
570.72,195.57,89.26,221.21
568.6,194.24,89.511,221.83
568.38,194.22,89.926,222.86
566.48,193.08,90.161,223.44
567.04,193.42,90.488,224.25
565.7,192.44,90.486,224.25
565.71,192.13,90.648,224.65
566.23,193.49,90.436,224.13
565.21,192.54,90.587,224.5
565.5,192.83,90.669,224.7
566.19,193.88,90.481,224.24
565.09,193.52,90.183,223.5
565.82,194.63,90.258,223.68
566.66,194.86,90.069,223.21
567.8,195.2,89.698,222.3
569.09,195.69,89.402,221.56
569.25,194.71,89.211,221.09
570.54,194.95,89.046,220.68
572.01,195.49,89.244,221.17
571.6,194.42,89.124,220.87
572.84,194.69,89.38,221.51
572.7,193.53,89.597,222.04
574.42,193.48,90.067,223.21
575.52,192.91,90.467,224.2
576.02,191.78,90.65,224.65
578.04,192.2,90.953,225.41
578.8,191.45,90.86,225.18
581.51,192.25,90.822,225.08
583.13,191.82,90.812,225.06
584.06,191.35,90.623,224.59
584.09,190.37,90.428,224.1
582.85,188.89,90.921,225.33
582.54,188.56,91.201,226.02
581.39,187.96,91.404,226.52
580.61,187.79,91.815,227.54
579.62,187.82,92,228
578.26,187.62,92.237,228.59
576.83,187.78,92.405,229
577.21,189.17,92.763,229.89
576.13,190.15,91.981,227.95
576.36,191.19,92.102,228.25
576.14,190.84,91.903,227.76
576.54,192.16,91.955,227.89
575.88,192.25,91.943,227.86
574.83,192.15,91.904,227.76
573.86,192.31,91.788,227.48
572.01,191.52,91.687,227.22
