858.5,181.5,79,127
859.34,183.37,79.279,127.45
857.34,183.17,79.01,127.02
854.02,181.95,79.098,127.16
850.3,180.96,79.195,127.31
848.27,180.76,79.351,127.56
845.62,179.57,79.967,128.55
844.46,179.63,79.834,128.34
843.18,180.09,79.34,127.55
840.98,179.6,79.013,127.02
839.23,179.56,78.912,126.86
838.08,180.08,78.565,126.3
836.39,179.84,78.44,126.1
835.38,180.52,78.309,125.89
832.87,180.35,78.488,126.18
831.69,180.92,78.655,126.45
829.83,181.04,78.212,125.73
827.66,180.34,78.612,126.38
825.59,179.8,79.247,127.4
823.09,179.89,79.027,127.04
820.98,179.66,78.77,126.63
819.3,179.48,78.489,126.18
817.35,178.73,78.671,126.47
814.45,177.64,79.056,127.09
811.15,177.52,79.046,127.07
809.14,177.42,79.176,127.28
806.58,176.64,79.988,128.59
803.74,175.83,80.43,129.3
800.75,175.18,80.48,129.38
797.55,174.37,80.529,129.46
795.01,173.91,80.976,130.18
792.27,174.23,80.891,130.04
789.29,174.12,80.807,129.9
785.07,174.64,80.48,129.38
780.61,175.01,79.875,128.41
776.53,175.4,80.083,128.74
771.78,175.09,80.275,129.05
767.26,174.99,80.248,129.01
762.47,174.07,80.83,129.94
755.81,172.66,81.443,130.93
750.89,172.27,81.996,131.82
746.22,171.73,81.988,131.8
742.68,171.5,82.005,131.83
739.47,171.6,82.289,132.29
734.73,171.55,82.166,132.09
732.02,171.87,82.173,132.1
728.51,171.99,82.427,132.51
725.46,172.27,82.567,132.73
722.26,172.04,83.059,133.52
718.04,172.09,83.336,133.97
714.54,172.69,83.413,134.09
711.41,173.57,82.948,133.35
707.28,174,83.228,133.8
703.82,174.78,83.093,133.58
698.98,175.26,82.754,133.04
695.59,175.68,82.612,132.81
691.81,174.91,82.859,133.2
688.6,173.68,83.306,133.92
685.17,172.42,83.584,134.37
680.21,171.02,83.988,135.02
677.12,170.92,83.926,134.92
674.37,170.56,83.649,134.47
671.12,170.14,83.846,134.79
668.12,169.78,83.866,134.82
663.81,169.5,83.827,134.76
660.25,169.47,83.493,134.22
655.18,169.59,83.447,134.15
650.78,169.96,83.453,134.16
646.41,170.67,83.156,133.68
642.46,171.09,82.814,133.13
636.05,170.46,82.335,132.36
630.85,170.14,81.893,131.65
625.79,170.23,81.587,131.16
620.18,170,81.559,131.11
614.37,170.22,81.628,131.22
608.21,169.84,81.777,131.46
603.56,169.77,81.958,131.75
599.6,169.91,81.896,131.66
594.83,170.58,81.58,131.15
591.11,170.85,81.187,130.52
586.09,170,81.115,130.4
582.5,170.21,80.815,129.92
579.04,170.46,80.79,129.88
575.54,170.36,81.173,130.49
571.99,171.04,81.065,130.32
567.81,171.3,80.817,129.92
563.83,171.65,81.244,130.61
559.7,172.1,81.262,130.64
555.75,171.78,81.323,130.73
552.09,170.97,81.597,131.17
546.14,169.94,82.072,131.94
542.25,169.7,82.019,131.85
537.75,169.76,82.218,132.17
533.16,170.09,82.079,131.95
529.1,169.98,82.169,132.09
524.14,169.41,82.08,131.95
520.43,169.04,82.343,132.37
516.16,169.19,82.493,132.61
511.49,169.07,82.934,133.32
506.54,169.04,83.136,133.65
499.87,169.31,83.655,134.48
494.84,169.31,83.58,134.36
490.22,169.05,83.706,134.56
485.2,168.82,84.299,135.52
479.77,168.63,84.878,136.45
470.82,166.82,85.508,137.46
466.18,166.66,85.524,137.49
461.79,165.74,85.429,137.33
457.96,166.11,85.779,137.9
454.21,165.54,86.38,138.86
449.46,164.85,86.713,139.4
446.18,164.58,86.527,139.1
443.07,164.53,87.129,140.07
439.52,164.65,87.542,140.73
436.36,164.85,88.098,141.63
431.96,164.52,88.24,141.85
429.66,165.12,88.888,142.9
426.37,165.2,88.936,142.97
424.05,165.89,89.225,143.44
421.25,166.01,89.106,143.25
417.47,165.48,89.104,143.24
414.28,164.55,89.436,143.78
410.88,163.93,89.677,144.16
408.47,163.02,89.902,144.53
405.21,161.68,90.087,144.82
401.61,161.06,90.641,145.71
399.02,160.13,90.764,145.91
396.96,160.17,91.035,146.35
394.1,159.61,91.254,146.7
391.53,159.02,91.389,146.92
388.27,158.89,91.992,147.89
385.63,158.97,92.236,148.28
383.68,159.77,91.987,147.88
380.21,160,92.111,148.08
377.29,160.75,91.976,147.86
371.53,160.68,92.269,148.33
366.93,160.55,92.584,148.84
362.03,159.81,92.742,149.09
357.73,157.83,92.973,149.46
355.32,158.54,93.074,149.62
350.81,157.95,93.496,150.3
349.19,158.61,93.769,150.74
347.23,158.26,93.981,151.08
345,157.42,94.077,151.24
343.3,156.89,94.293,151.59
342.33,157.59,94.471,151.87
340.63,156.98,94.851,152.48
339.35,157.06,95.167,152.99
337.54,156.62,95.446,153.44
336.19,156.63,95.436,153.42
334.01,155.46,95.57,153.64
335.99,156.67,95.927,154.21
335.58,156.61,96.082,154.46
334.79,155.76,95.927,154.21
335.13,155.5,95.991,154.31
335.14,154.32,96.583,155.27
335.03,153.96,96.811,155.63
335,153.83,97.212,156.28
334.75,153.17,97.504,156.75
334.5,153.11,97.676,157.02
334.86,153.36,97.965,157.49
333.63,152.97,98.096,157.7
333.48,153.26,98.278,157.99
332.78,152.55,98.357,158.12
334.07,153.86,97.94,157.45
333.41,153.52,98.23,157.91
332.22,153.23,98.396,158.18
333,154.35,98.106,157.72
333.35,155.15,97.679,157.03
333.8,155.42,97.291,156.41
335.04,155.73,97.26,156.35
334.94,155.18,97.359,156.51
336.39,156.26,97.016,155.96
336.6,156.18,97.134,156.15
336.28,155.71,96.979,155.9
336.63,156.99,96.498,155.13
336.47,156.22,96.577,155.26
336.31,157.17,96.216,154.68
336,156.53,96.478,155.1
335.62,155.53,96.884,155.75
334.97,155.76,96.986,155.91
335.38,156,96.938,155.84
334.92,155.68,96.954,155.86
334.55,154.93,97.438,156.64
334.17,154.46,97.66,157
334.03,154.26,97.802,157.23
333.89,153.32,98.244,157.94
334.15,152.93,98.533,158.4
334.15,152.11,99.023,159.19
334.27,151.19,99.679,160.24
334.06,149.97,100.34,161.3
333.62,148.89,101.03,162.41
333.55,148.54,101.63,163.38
333.26,148.39,101.82,163.69
332.92,147.66,102.09,164.11
333.1,147.3,102.3,164.45
332.74,147.03,102.63,164.99
332.42,147.08,102.71,165.12
332.59,147.21,102.76,165.19
332.34,147.24,102.84,165.33
332.38,148.24,102.35,164.54
332.46,149.4,101.86,163.74
332.16,149.62,101.74,163.56
331.79,149.58,101.79,163.63
331.72,150.26,101.2,162.69
331.72,150.76,101.08,162.49
331.28,150.55,101.12,162.56
331.29,150.82,101.12,162.57
331.02,150.82,101.19,162.68
331.12,151.22,101.18,162.65
331.15,150.93,101.41,163.03
330.5,150.27,101.41,163.02
330.65,150.32,101.4,163.01
330.66,150.24,101.39,163
330.8,150.17,101.69,163.48
330.64,150.36,101.23,162.73
330.7,150.8,101.25,162.77
330.2,150.66,101.39,162.99
329.73,150.5,101.38,162.98
329.57,150.29,101.36,162.94
329.75,150.12,101.43,163.05
329.05,149.63,101.71,163.51
328.84,149.65,101.78,163.62
328.61,149.5,101.47,163.13
328.44,149.43,101.56,163.26
328.42,149.84,101.45,163.1
327.97,149.79,101.38,162.98
327.95,149.68,101.53,163.22
327.59,149.5,101.71,163.52
327.5,149.24,101.98,163.94
327.65,149.32,101.9,163.81
327.59,149.21,101.85,163.73
327.46,149.16,101.92,163.84
327.37,149.1,101.91,163.83
327.55,148.93,101.96,163.9
327.53,149.12,101.96,163.91
327.66,149.45,101.89,163.8
327.77,149.13,101.91,163.82
327.63,149.33,101.86,163.74
327.47,149.2,101.93,163.86
327.53,149.09,101.96,163.91
328.07,149.45,101.88,163.78
328.05,149.45,101.73,163.54
328.2,149.51,101.67,163.45
328.51,149.35,101.66,163.42
328.45,149.51,101.68,163.46
328.83,149.44,101.54,163.23
329.04,149.66,101.48,163.14
328.99,149.55,101.52,163.21
329.14,149.35,101.44,163.07
329.01,148.83,101.6,163.33
329.75,149.49,101.23,162.73
329.93,149.47,101.08,162.5
329.42,149.14,101.11,162.54
329.65,149.11,101.01,162.38
330.13,149.43,100.95,162.28
330.3,149.63,100.94,162.27
330.04,149.93,100.99,162.34
329.88,149.77,101,162.36
329.73,149.68,101.07,162.48
329.25,149.51,101.06,162.46
328.88,149.36,101.13,162.57
328.74,149.35,101.12,162.57
328.64,149.43,101.11,162.54
328.42,149.45,100.98,162.33
328.34,149.98,100.82,162.09
328.35,150.29,100.62,161.76
328.59,150.47,100.41,161.42
328.62,150.37,100.22,161.12
329.43,150.97,99.981,160.73
329.1,150.32,100.24,161.14
330.41,150.62,100.04,160.83
329.7,149.32,100.77,162
329.73,148.77,101.02,162.4
329.46,148.81,101.26,162.78
329.53,150.02,100.8,162.05
329.24,150.37,100.45,161.48
329.46,150.3,100.3,161.25
329.9,150.26,100.05,160.84
329.49,149.22,100.8,162.05
329.33,149.05,101.17,162.64
329.25,149.74,100.81,162.07
329.25,150.02,100.47,161.51
329.78,150.21,100.28,161.21
330.06,150.27,100.37,161.35
329.6,149.38,100.77,162
329.27,148.95,101.17,162.64
329.43,149.01,101.22,162.72
329.8,149.07,101.29,162.84
329.57,149.04,101.26,162.78
329.53,148.91,101.27,162.8
329.76,148.95,101.32,162.88
329.4,148.87,101.32,162.88
329.28,148.83,101.33,162.91
329.16,148.48,101.4,163.01
329.04,148.08,101.4,163.02
328.94,148.13,101.38,162.98
328.99,148.22,101.34,162.92
329.02,148.2,101.43,163.06
328.84,147.98,101.46,163.11
328.77,148.14,101.31,162.87
328.74,148.48,101.27,162.81
328.77,149.02,101.27,162.8
328.85,149.51,101.08,162.5
328.31,149.32,101.02,162.41
328.51,149.86,101.06,162.47
327.97,150.19,100.94,162.28
328.49,150.74,100.85,162.13
328.12,151.08,100.54,161.63
328.3,151.51,100.57,161.68
328.29,151.77,100.74,161.95
327.85,151.69,100.67,161.84
327.71,152.04,100.57,161.67
328.16,152.99,100.19,161.07
328.13,153.3,100.3,161.24
327.8,153.12,100.58,161.69
327.28,153.45,100.95,162.29
326.96,153.58,101.12,162.56
326.49,153.63,100.94,162.27
326.88,154.03,101.35,162.93
326.78,154.06,101.42,163.04
326.87,152.99,101.29,162.84
327.73,153,101.03,162.41
327.96,152,101.13,162.57
