576.5,187.5,18,43
575.54,185.2,17.812,42.551
574.74,185.17,18.085,43.203
573.91,185.31,17.915,42.797
572.82,185.59,17.747,42.396
572.18,185.48,17.809,42.544
571.34,185.92,17.837,42.609
570.64,185.98,17.896,42.752
570.5,186.43,17.563,41.955
570.03,185.91,17.785,42.487
570.04,186.2,17.847,42.634
569.93,186.58,17.858,42.662
569.71,187.17,17.684,42.246
569.48,187.26,17.727,42.347
569.29,186.93,17.668,42.206
569.16,186.73,17.7,42.284
569.28,186.7,17.689,42.257
569.96,187.45,17.536,41.893
570.61,187.47,17.625,42.104
571.32,187.46,17.521,41.857
571.55,187.51,17.699,42.281
572.18,187.98,17.562,41.955
572.17,188.61,17.563,41.956
572.39,188.32,17.468,41.729
572.62,188.46,17.569,41.971
572.72,188.28,17.768,42.447
573.41,189.1,17.625,42.104
573.92,189.15,17.794,42.509
575.08,189.04,17.882,42.718
575.52,188.94,18.088,43.211
575.97,189.27,18.064,43.153
575.93,189.81,18.088,43.211
575.85,189.69,18.278,43.665
575.91,189.63,18.274,43.655
576.09,189.92,18.327,43.781
576.29,190.13,18.277,43.661
576.84,190.42,18.289,43.692
577.53,190.47,18.237,43.567
577.98,190.67,18.212,43.505
578.02,190.93,18.242,43.578
577.69,191.74,18.199,43.476
577.04,191.76,18.274,43.654
576.82,191.6,18.327,43.781
576.27,191.12,18.395,43.943
576.05,191.93,18.33,43.789
576.11,192.47,18.248,43.592
576.03,192.31,18.288,43.687
575.94,192.02,18.355,43.848
575.59,192.34,18.315,43.753
575.09,192.93,18.445,44.063
574.06,193.24,18.495,44.182
573,192.86,18.585,44.397
572.52,192.86,18.708,44.692
571.87,192.96,18.68,44.625
571.81,193.36,18.732,44.75
571.43,193.13,18.686,44.638
571.82,193.2,18.641,44.532
571.91,193.34,18.768,44.835
571.66,193.76,18.809,44.934
571.14,194.23,19.018,45.432
570.73,194.09,19.027,45.453
570.09,193.75,19.161,45.774
570.51,194.33,19.213,45.898
570.74,194.34,19.404,46.355
571.74,194.1,19.38,46.297
572.37,193.47,19.256,46.001
573.34,193.92,19.255,45.999
573.54,194.84,19.26,46.01
573.72,195.39,19.337,46.193
573.01,195.23,19.301,46.108
573.56,195.22,19.279,46.054
573.64,195.11,19.3,46.105
573.93,195.62,19.365,46.26
574.75,195.81,19.385,46.309
575.63,195.83,19.351,46.228
575.78,195.7,19.465,46.499
576.68,196.06,19.649,46.94
576.17,196.1,19.728,47.127
576.32,196.72,19.694,47.047
575.73,196.8,19.709,47.084
575.18,196.18,19.801,47.303
575,196.49,19.966,47.697
574.5,196.86,19.909,47.561
574.75,196.96,19.801,47.303
575.17,197.48,19.76,47.204
574.69,197.59,19.77,47.228
574.44,197.82,19.839,47.394
573.52,198.2,19.873,47.475
572.55,198.11,19.863,47.452
572.15,197.75,19.944,47.644
571.35,197.58,19.905,47.55
571.47,198.46,19.791,47.279
572.29,199.25,19.831,47.375
572.51,198.86,19.867,47.46
572.82,198.81,19.926,47.6
572.14,198.74,19.97,47.705
571.8,199.32,19.965,47.695
570.84,199.27,20.031,47.851
570.55,199.28,20.041,47.875
570,199.42,20.02,47.827
570.02,199.9,20.084,47.979
570.83,200.84,20.087,47.986
570.8,200.93,20.051,47.9
570.93,200.92,19.999,47.774
570.53,200.79,19.946,47.649
569.55,200.96,19.897,47.533
568.81,201.59,19.9,47.538
567.54,201.58,19.977,47.724
565.9,200.86,20.021,47.828
564.84,201.85,20.007,47.794
563.65,202.23,19.98,47.729
562.27,202.19,19.935,47.622
560.95,202.23,19.924,47.595
559.07,202.25,19.975,47.719
557.65,202.61,20.074,47.956
555.53,204.08,20.129,48.085
552.81,203.95,20.16,48.16
550.16,203.46,20.08,47.97
547.91,203.45,20.1,48.017
545.17,204.25,20.12,48.065
542.59,204.78,20.202,48.259
539.46,204.44,20.034,47.858
536.79,204.54,20.14,48.113
535.11,205.38,20.155,48.149
532.39,205.56,20.244,48.361
529.51,205.87,20.182,48.213
527.05,206.01,20.154,48.145
524.07,205.96,20.202,48.259
521.05,206.56,20.213,48.287
518.16,207.03,20.146,48.127
515.9,207.34,20.075,47.957
513.42,207.65,20.272,48.429
510.36,207.4,20.354,48.623
507.63,208.71,20.456,48.867
504.46,208.34,20.49,48.949
502.35,208.01,20.438,48.825
499.82,208.51,20.579,49.16
496.69,208.8,20.588,49.183
494.51,209,20.663,49.361
493.23,209.2,20.677,49.395
490.03,209.78,20.642,49.312
487.52,210.15,20.685,49.415
485.04,210.84,20.761,49.595
482.41,210.77,20.827,49.752
479.78,210.1,20.706,49.463
478.08,210.85,20.821,49.739
475.05,211.27,20.771,49.62
473.18,211.86,20.886,49.894
470.13,211.6,20.909,49.948
467.11,211.53,20.945,50.036
465.03,212.6,20.927,49.993
461.43,212.85,20.88,49.879
458.55,212.8,20.878,49.874
456.15,212.77,20.878,49.874
453.63,213.61,20.918,49.971
451.09,214.61,20.799,49.686
448.66,214.58,20.786,49.656
446.71,214.88,20.887,49.896
444.55,214.64,20.928,49.995
442.35,215.37,21.047,50.278
439.52,216.21,20.996,50.157
437.24,216.17,20.961,50.074
435.32,216.06,20.928,49.994
433.55,216.55,20.959,50.068
432.31,217.6,20.823,49.745
430.14,217.15,20.875,49.869
428.33,216.64,21.02,50.214
427.58,217.77,21.035,50.251
426.06,218.48,21.01,50.189
424.3,219.07,20.936,50.014
421.87,218.63,20.919,49.973
420.77,218.25,20.885,49.892
419.26,218.95,20.893,49.91
418.14,219.5,20.956,50.062
417.45,220.44,20.897,49.92
415.59,219.78,20.957,50.065
415.01,220.2,20.967,50.087
413.38,221.33,20.932,50.005
411.13,221.89,20.971,50.099
409.61,222.15,21,50.167
407.67,221.99,21.081,50.361
406.34,222.28,21.117,50.445
404.45,222.87,21.126,50.468
403.19,223.15,21.07,50.334
401.87,223.24,21.252,50.768
400.21,223.5,21.396,51.112
397.9,223.87,21.322,50.937
396.49,224.99,21.508,51.38
393.99,224.35,21.593,51.583
392.59,224.64,21.703,51.846
390.79,224.77,21.665,51.754
390.17,226.52,21.642,51.7
388.96,226.62,21.829,52.146
387.28,225.95,21.787,52.047
385.78,225.58,21.743,51.94
384.18,226.07,21.753,51.964
381.85,227.16,21.755,51.97
378.93,227.48,21.625,51.66
377.09,227.78,21.633,51.678
375.42,227.56,21.747,51.951
372.88,228.18,21.79,52.054
370.86,228.74,21.78,52.03
369,228.42,21.735,51.922
366.64,227.76,21.775,52.019
364.67,228.49,21.797,52.07
362.3,229.26,21.825,52.138
359.25,229.2,21.843,52.18
357.68,230,21.868,52.239
355.91,229.32,21.97,52.483
354.09,229.72,22.18,52.986
352.05,229.1,22.303,53.279
348.21,229.28,22.537,53.839
346.64,228.68,22.73,54.299
343.79,227.44,22.827,54.532
342.48,228.7,22.883,54.665
340.21,229.58,23.027,55.01
336.18,229.38,23.064,55.097
334.17,228.85,23.15,55.303
333.14,228.8,23.202,55.428
330.89,228.79,23.249,55.539
329.18,229.28,23.295,55.648
326.73,229.81,23.288,55.633
324.6,229.39,23.313,55.692
323.11,228.91,23.325,55.722
321.37,229.48,23.385,55.865
319.93,230.82,23.371,55.83
317.2,231.51,23.198,55.418
314.92,230.74,23.303,55.669
313.37,230.28,23.285,55.625
311.84,230.71,23.324,55.719
310.14,231.8,23.403,55.908
308.9,232.78,23.412,55.928
306.89,231.88,23.459,56.041
305.19,232.24,23.454,56.029
302.81,233.93,23.385,55.865
301.03,234.32,23.299,55.658
298.95,234.4,23.243,55.524
296.88,234.11,23.414,55.933
296.51,234.76,23.528,56.205
294.05,235.16,23.514,56.173
291.65,235.99,23.558,56.277
289.89,235.55,23.657,56.514
288.38,235.72,23.689,56.591
286.26,236.38,23.697,56.608
284.01,237.65,23.66,56.52
281.96,237.93,23.657,56.513
279.27,238,23.752,56.741
277.56,237.84,23.805,56.869
275.99,238.87,23.811,56.882
274.4,239.85,23.81,56.879
273.02,239.78,23.861,57.002
271.2,239.1,23.971,57.264
269.69,239.79,23.899,57.092
267.33,240.83,24.037,57.421
265.67,241.7,24.059,57.475
263.54,241.48,24.127,57.638
261.63,241.49,24.235,57.896
260.35,242.45,24.237,57.898
258.77,243.36,24.322,58.103
257.64,243.28,24.322,58.104
256.23,242.83,24.385,58.252
254.72,243.32,24.462,58.437
252.92,244.3,24.526,58.591
250.96,245.15,24.538,58.618
248.98,245.59,24.618,58.809
247.06,244.86,24.678,58.954
245.55,245.59,24.715,59.04
244.01,246.81,24.794,59.23
242.83,246.75,24.855,59.375
241.41,246.59,24.879,59.434
239.78,246.62,24.946,59.594
238.63,247.68,24.948,59.598
236.2,248.71,25.057,59.859
234.02,249.08,25.03,59.794
232.02,248.62,25.107,59.977
230.41,248.33,25.272,60.372
228.45,249.58,25.146,60.07
226.96,251,25.176,60.144
225.21,250.39,25.325,60.498
223.42,250.92,25.353,60.564
221.37,250.99,25.387,60.647
219.18,252.5,25.456,60.811
217.29,252.9,25.455,60.809
215.51,253.04,25.561,61.063
213.67,252.52,25.628,61.223
211.86,252.98,25.655,61.286
210.86,254.25,25.659,61.296
209.49,254.2,25.784,61.596
207.96,254.03,25.807,61.65
206.47,254.37,25.784,61.596
204.83,255.37,25.685,61.358
202.52,256.5,25.557,61.053
201.12,256.18,25.546,61.027
199.86,255.91,25.643,61.258
198.91,257.19,25.65,61.274
198.62,258.5,25.563,61.068
199.06,258.48,25.537,61.006
199.12,257.71,25.547,61.03
199.1,257.81,25.455,60.81
198.51,259.14,25.452,60.802
197.42,260.25,25.515,60.953
196.59,260.26,25.565,61.072
195.86,259.47,25.648,61.271
195.36,259.98,25.754,61.522
195.06,261.36,25.803,61.641
194.83,262.53,25.979,62.062
194.62,262.27,26.165,62.505
193.85,261.24,26.082,62.306
193.6,262.36,26.057,62.247
192.26,263.77,26.166,62.509
190.19,264.04,26.227,62.654
189.32,264.09,26.29,62.804
188.39,264.05,26.294,62.814
187.69,265.13,26.378,63.015
187.29,265.96,26.472,63.238
186.71,265.12,26.532,63.381
186.23,265.1,26.642,63.644
185.73,266.38,26.746,63.893
184.46,267.39,26.756,63.917
182.91,268.16,26.839,64.115
181.67,267.64,26.948,64.376
180.69,267.35,27.074,64.678
179.37,268.46,27.106,64.753
179.16,269.71,27.025,64.561
179.65,270.41,26.984,64.462
179.6,270.32,26.901,64.263
179.14,270.18,26.876,64.205
178.49,271.46,26.98,64.453
177.3,273.14,26.979,64.45
176.09,273.03,27.033,64.578
175.09,272.12,26.979,64.45
174.94,273.52,27.103,64.747
173.63,274.74,27.161,64.884
174.33,275.05,27.158,64.878
174.1,274.67,27.236,65.063
173.55,274.86,27.388,65.428
172.07,275.88,27.518,65.739
170.92,277.5,27.614,65.966
168.79,276.83,27.812,66.441
167.96,276.48,28.078,67.076
166.78,277.72,28.157,67.264
166.2,278.8,28.354,67.735
165.61,278.51,28.368,67.768
165.18,278.1,28.432,67.921
164.86,279.07,28.54,68.179
163.46,280.46,28.594,68.307
161.66,281.09,28.601,68.324
159.94,281.31,28.697,68.554
159.16,281.58,28.818,68.843
158.5,282.21,28.933,69.118
157.14,283.6,28.937,69.128
156.64,284.88,28.868,68.962
155.97,284.93,28.87,68.967
155.25,285.12,28.958,69.176
154.06,286.73,28.956,69.172
152.63,287.92,28.874,68.977
151.12,288.33,29.092,69.497
150.28,287.8,29.318,70.037
149.08,289.12,29.353,70.122
148.16,290.97,29.402,70.238
147.56,291.64,29.438,70.323
146.94,291.39,29.524,70.53
145.41,290.88,29.492,70.454
143.87,292.79,29.512,70.5
141.77,294.14,29.493,70.456
139,294.14,29.63,70.782
137.17,293.62,29.718,70.993
134.8,293.76,29.95,71.546
133,295.68,29.99,71.644
130.65,296.54,30.168,72.069
128.21,295.65,30.185,72.11
126.2,295.59,30.194,72.13
123.52,298.21,30.393,72.605
120.22,299.53,30.513,72.891
117.29,299.96,30.523,72.917
114.77,299.39,30.618,73.144
112.49,299.81,30.81,73.602
109.56,301.06,30.95,73.936
106.91,302.39,30.958,73.956
104.57,302.39,31.048,74.171
101.57,301.75,31.169,74.46
98.926,303.66,31.29,74.749
95.895,305.5,31.465,75.166
92.214,305.75,31.623,75.545
89.698,305.19,31.737,75.816
87.638,305.18,31.822,76.018
85.377,307.15,31.867,76.126
82.956,308.82,31.888,76.177
80.554,309.45,31.993,76.427
77.007,309.05,32.148,76.798
74.063,310.74,32.251,77.044
74.552,312.86,32.417,77.441
111.57,311.73,32.427,77.465
135.94,312.22,32.491,77.617
178.39,310.31,32.338,77.252
186.21,317.8,32.268,77.084
184.89,321.49,32.22,76.97
183.35,321.85,32.04,76.539
180.52,322.16,32.112,76.711
178.02,323.72,32.146,76.793
174.3,325.57,32.192,76.902
170.53,326.18,32.309,77.182
167.84,325.82,32.339,77.255
165.94,326.76,32.457,77.535
162.84,327.84,32.397,77.393
160.76,329.55,32.351,77.283
158.33,329.85,32.34,77.257
156.17,329.96,32.488,77.61
153.65,331.49,32.611,77.905
150.67,334.14,32.712,78.146
146.65,334.17,32.668,78.041
144.66,334.63,32.786,78.323
141.67,334.21,32.811,78.382
138.49,335.9,32.83,78.426
135.17,337.92,32.757,78.253
132.61,338.72,32.76,78.26
129.44,338.49,32.839,78.448
125.45,340.51,32.937,78.683
121.25,343.22,32.844,78.459
116.15,343.74,32.821,78.407
111.58,342.17,32.913,78.624
108.92,343.53,33.009,78.855
105.35,346.26,33.034,78.915
101.04,347.02,32.977,78.779
97.593,347,33.232,79.387
93.315,346.98,33.524,80.085
88.994,349.48,33.63,80.339
83.171,350.98,33.621,80.317
77.852,350.74,33.732,80.583
74.242,350.25,33.917,81.025
69.982,351.72,33.901,80.986
66.181,354.63,34.057,81.359
61.875,354.96,34.179,81.651
58.26,353.86,34.328,82.006
53.722,355.12,34.378,82.125
51.416,357.59,34.509,82.437
45.703,358.96,34.575,82.596
39.554,359.01,34.766,83.053
35.78,358.5,34.954,83.501
32.099,359.25,35.078,83.798
28.663,362.07,35.062,83.76
23.587,363.87,35.289,84.302
18.69,363.35,35.6,85.044
14.229,363.7,35.803,85.529
9.2742,366,35.831,85.597
3.7152,367.93,35.859,85.664
0.32376,368.54,35.803,85.53
-2.9141,367.7,35.674,85.221
