146.5,242.5,134,47
150.24,239.76,134.71,47.251
153.51,239.64,134.43,47.151
156.2,239.24,135.76,47.618
158.94,239.41,135.36,47.476
161.62,239.37,135.02,47.357
164.38,238.62,135.98,47.695
167.98,238.93,134.68,47.238
169.11,238.35,136.82,47.989
171.89,238.44,136.06,47.721
174.04,238.45,135.9,47.666
177.34,238.61,135.45,47.509
179.7,238.28,134.73,47.256
182.02,238.07,134.74,47.259
184.58,238.04,134.29,47.102
186.78,237.58,134.6,47.21
188.77,237.14,134.27,47.094
191.47,237.44,133.19,46.715
194.92,237.63,135.57,47.549
197.16,238.18,134.06,47.019
201.24,239.17,135.72,47.605
200.29,238.51,135.45,47.51
198.57,238.19,133.21,46.723
204.17,235.64,133.12,46.69
204.32,235.52,131.78,46.221
205.79,236.41,130.96,45.933
205.18,236.95,130.61,45.812
204.27,237.15,131.76,46.213
204.04,237.26,131.67,46.181
204.33,237.33,131.89,46.261
204.15,236.79,132.15,46.349
205.03,237.14,131.5,46.122
205.5,237.16,130.88,45.907
205.28,237.61,130.18,45.66
205.16,237.22,131.24,46.031
204.97,237.24,131.16,46.003
204.89,236.9,131.95,46.28
204.68,236.88,132.05,46.315
204.59,237.07,132.16,46.355
204.27,236.95,132.11,46.335
204.15,237.03,132.09,46.331
204.07,236.94,132.17,46.36
203.54,237.03,132.16,46.355
203.03,237.1,132.16,46.354
202.25,237.36,132.4,46.439
201.17,237.24,132.77,46.568
200.24,237.27,131.88,46.258
199.39,237.74,131.85,46.247
198.24,237.58,132.2,46.368
197.18,237.72,132.18,46.361
195.87,237.76,132.5,46.475
194.49,237.82,132.57,46.497
193.21,238.14,132.31,46.408
192.32,238.38,132.18,46.361
191.44,238.54,131.57,46.147
189.99,238.53,131.39,46.085
188.44,238.72,131.32,46.06
187.59,238.89,131.32,46.062
186.86,239.35,131.07,45.972
185.75,239.41,131.05,45.966
184.67,239.51,131.08,45.977
183.92,239.8,130.99,45.944
183.84,239.72,131.39,46.083
183.68,239.77,132.04,46.312
182.75,239.95,131.79,46.223
181.63,240.42,131.66,46.179
182.09,240.57,130.65,45.825
181.74,240.68,130.63,45.818
181.18,241.01,130.69,45.841
180.8,241.14,130.67,45.832
180.7,241.39,130.46,45.758
181.97,242.03,130.66,45.829
180.68,242.18,131.01,45.95
181.7,242.98,131.12,45.989
182.04,242.95,131.84,46.241
181.27,243.7,132.28,46.396
181.3,244.63,132.08,46.327
182.42,244.56,132.79,46.575
182.17,244.8,133.45,46.807
181.08,244.99,133.58,46.854
179.32,244.89,134.69,47.241
178.76,246.29,134.58,47.202
178.19,247.05,133.88,46.958
180.11,247.53,133.7,46.895
180.5,248.25,133.93,46.976
180.9,248.55,133.47,46.814
178.12,249.48,132.5,46.475
178.85,249.88,131.96,46.284
180.57,251.42,132.08,46.328
182.67,253.24,132.2,46.369
182.7,253.52,132.85,46.596
182.59,254.71,132.89,46.612
182.26,255.23,133.05,46.668
183.53,255.37,133.61,46.862
183.38,256.08,134.59,47.207
182.48,256.8,135.12,47.394
182.79,257.7,135.74,47.611
182.77,259,136.4,47.842
181.9,260.27,137.05,48.07
182.1,261.57,136.99,48.049
183.54,263.14,137.65,48.28
185.76,264.61,138.42,48.55
185.98,264.28,141.2,49.525
184.74,265.83,141.42,49.603
184.49,265.34,143.66,50.39
184.05,266.35,145.28,50.958
183.09,266.87,147,51.56
181.47,267.9,148.17,51.972
181.81,268.72,149.5,52.438
181.84,270.42,150.63,52.834
182.27,271.73,151.92,53.284
182.25,273.37,152.61,53.528
180.94,274.5,153.52,53.847
182.13,276.78,153.82,53.95
181.2,277.71,154.95,54.35
181.07,280.09,155.77,54.635
180.98,281.29,156.53,54.904
181.46,283.39,157.12,55.109
180.75,284.13,157.96,55.404
181.58,286.56,159.19,55.835
180.84,288.05,160.22,56.198
181.09,290.03,161.63,56.693
180.74,291.29,162.89,57.131
181.71,293.3,164.38,57.657
180.87,294.89,164.89,57.836
181.45,296.98,165.97,58.213
181.02,298.6,167.62,58.79
180.86,300.56,169.51,59.455
181.09,302.28,171.34,60.098
181.19,304.41,171.96,60.313
181.28,305.67,174.38,61.163
181.62,307.59,176.39,61.87
181.5,310.12,177.56,62.278
181.09,311.79,179.05,62.802
181.1,313.43,181.25,63.574
181.58,315.45,182.7,64.082
182.06,316.99,184.15,64.591
182.59,318.83,186.4,65.379
182.03,319.57,188.28,66.039
181.56,321.56,190.56,66.837
182.24,323.98,192.91,67.662
182.25,326.08,194.49,68.217
183.13,284.08,196.06,68.768
181.93,246.45,198.04,69.462
187.62,206.9,200.02,70.155
188.13,204.11,201.58,70.704
188.54,206.27,202.63,71.073
188.44,208.17,203.99,71.549
188.82,210.81,205.97,72.243
188.43,213.18,208.03,72.967
187.97,215.45,210.26,73.747
186.51,218.12,212.65,74.585
185.4,220.32,214.26,75.151
183.86,222.34,216.4,75.901
181.37,225.06,218.81,76.748
178.82,227.38,221.37,77.644
175.39,229.43,223.9,78.531
169.87,232.06,227.37,79.749
165.24,234.81,230.63,80.894
160.5,236.59,233.13,81.771
154.35,240.15,235.84,82.72
148.83,243.44,238.5,83.654
143.02,246.18,240.94,84.507
133.47,248.65,244.28,85.679
127.15,250.4,246.6,86.495
118.81,252.43,249.67,87.571
109.61,255.42,251.65,88.266
100.2,257.86,254.76,89.356
93.358,260.3,256.28,89.888
82.998,263.04,257.9,90.458
72.1,265.73,260.4,91.336
60.649,268.02,263.07,92.272
46.447,271.47,264.45,92.755
29.572,273.54,266.4,93.44
13.562,277.06,268.44,94.156
