521.5,252.5,13,24
519.01,253.56,13.015,24.028
515.75,253.52,13.245,24.452
512.91,254.11,13.271,24.5
509.9,254.54,13.296,24.547
506.29,255.42,13.286,24.527
503.76,256.2,13.221,24.408
502.5,256.74,13.251,24.463
501.37,257.39,13.251,24.463
499.9,258.38,13.171,24.316
496.97,258.62,13.238,24.439
476.3,259.55,13.214,24.395
455.19,259.68,13.256,24.472
465.74,254.24,13.429,24.793
477.71,260.57,13.502,24.927
481.97,265.12,13.689,25.271
475.64,248.55,13.741,25.367
477.06,240.07,13.6,25.109
476.59,229.05,13.524,24.968
483.76,229.19,13.382,24.705
490.14,234.55,13.66,25.218
502.76,235.05,13.822,25.518
502.46,234.92,13.698,25.289
508.95,240.43,13.619,25.144
512.47,253.98,13.63,25.163
512.84,253.85,13.507,24.936
512.53,253.73,13.657,25.213
512.9,254.82,13.575,25.062
512.67,254.24,13.508,24.938
512.71,253.76,13.394,24.728
512.91,254.26,13.449,24.829
512.91,254.18,13.503,24.929
512.34,254.39,13.553,25.022
512.39,254.56,13.467,24.863
512.73,254.41,13.515,24.951
512,254.63,13.522,24.964
512.16,254.35,13.388,24.716
512.39,254.83,13.426,24.786
512.41,254.7,13.436,24.805
512.34,254.63,13.498,24.92
511.81,254.56,13.533,24.984
513.05,254.63,13.344,24.636
514.49,254.56,13.43,24.793
515.34,254.51,13.455,24.84
516.36,254.27,13.528,24.974
516.65,254.39,13.524,24.967
516.49,255.37,13.404,24.746
516.39,256.26,13.455,24.839
516.15,257.1,13.551,25.017
515.4,257.81,13.362,24.668
515.15,258.5,13.494,24.913
514.53,258.89,13.452,24.834
514.16,259.81,13.48,24.886
514.04,260.96,13.429,24.792
513.34,261.31,13.486,24.897
512.51,261.7,13.477,24.88
512.64,262.42,13.457,24.845
512.29,262.61,13.533,24.985
512.2,261.72,13.447,24.825
513.26,261.86,13.503,24.929
513.79,261.71,13.488,24.901
514,261.41,13.506,24.934
514.43,261.75,13.483,24.891
514.65,261.79,13.477,24.881
515.23,262.23,13.451,24.833
515.59,262.04,13.479,24.884
515.92,262.06,13.476,24.879
516.22,262.12,13.504,24.931
516.06,262.19,13.524,24.968
516.51,262.01,13.41,24.757
517.05,261.89,13.47,24.867
517.38,262,13.517,24.955
516.84,262.98,13.449,24.829
517.76,262.25,13.551,25.017
517.66,263.92,13.439,24.81
518.07,263.04,13.519,24.958
518.12,262.06,13.436,24.805
518.74,262.71,13.501,24.925
518.27,263.21,13.614,25.133
518.91,263.03,13.449,24.829
519.2,262.77,13.517,24.955
519.22,262.62,13.381,24.703
520,262.58,13.418,24.771
520.05,262.05,13.476,24.879
519.92,262.11,13.479,24.885
519.86,261.73,13.512,24.946
519.56,261.59,13.362,24.668
517.59,244.72,13.463,24.855
513.77,234.23,13.443,24.818
511.13,229.79,13.382,24.705
511.35,213.22,13.416,24.767
512.16,202.46,13.339,24.625
512.39,198.47,13.367,24.678
514.13,190.36,13.402,24.742
515.28,191.01,13.431,24.796
516.62,189.73,13.463,24.854
517.6,189.99,13.484,24.893
523.27,192.41,13.49,24.905
524.22,194.76,13.503,24.928
525.92,194.76,13.655,25.208
525.4,195.37,13.752,25.388
521.86,194.81,13.805,25.487
523.3,194.94,13.929,25.715
511.64,191.64,13.96,25.773
510.99,189.45,13.946,25.747
509.01,192.95,13.776,25.432
500.08,201.88,13.749,25.383
498.17,200.84,13.707,25.305
502.59,203.92,13.741,25.369
505.15,196.96,13.814,25.503
496.26,199.74,13.817,25.508
504.34,206.16,13.848,25.566
501.58,202.69,13.932,25.721
486.1,208.57,13.921,25.7
487.95,206.74,13.885,25.634
494.77,209.63,13.724,25.337
499.55,207.84,13.78,25.44
495.86,207.85,13.721,25.331
485.61,209.29,13.745,25.376
488.67,203.93,13.763,25.409
482.85,209.38,13.781,25.442
474.77,213.63,13.9,25.662
481.89,210.73,13.829,25.53
487.47,210.88,13.759,25.402
494.97,201.08,13.621,25.147
505.95,208.98,13.53,24.979
502.64,209.26,13.537,24.991
504.57,213.48,13.447,24.825
498.47,207.1,13.609,25.125
495.53,216.15,13.568,25.048
505.62,212.99,13.548,25.011
505.38,218.19,13.611,25.128
508.34,216.18,13.682,25.259
512.32,221.42,13.728,25.344
518.51,226.25,13.697,25.287
505.45,222.74,13.717,25.324
506.32,223.15,13.748,25.381
512.15,224.89,13.685,25.264
520.62,232.31,13.654,25.208
508.23,237.13,13.474,24.874
504.66,231.52,13.592,25.094
495.91,227.65,13.695,25.283
496.69,227.34,13.744,25.374
498.2,227.16,13.781,25.443
496.49,226.84,13.876,25.616
509.27,226.59,13.821,25.515
501.95,244.37,13.809,25.493
494.91,244.54,13.754,25.392
500.46,240.44,13.753,25.391
510.8,255.24,13.795,25.469
503.99,256.3,13.78,25.44
502.03,256.97,13.683,25.261
503.33,254.74,13.648,25.196
513.54,256.84,13.602,25.112
510.35,257.67,13.623,25.15
512.69,255.76,13.613,25.132
513.96,256.1,13.652,25.204
512.97,255.32,13.672,25.241
501.45,251.76,13.649,25.197
500.06,262.75,13.584,25.077
502.05,260.4,13.602,25.111
507.44,258.77,13.66,25.218
506.18,255.02,13.816,25.507
513.75,254.48,13.834,25.539
515.55,254.54,13.825,25.523
512.37,255.1,13.781,25.441
516.28,246.48,13.865,25.596
515.13,233.5,13.903,25.667
523.4,231.19,13.94,25.736
524.71,233.68,13.976,25.801
527.41,238.35,13.987,25.822
544.71,238.65,13.919,25.696
546.68,227.61,13.893,25.648
535.64,230.74,13.913,25.686
537.5,232.18,13.864,25.595
544.95,234.63,13.892,25.647
544.44,239.9,13.876,25.616
552.36,238.68,13.864,25.596
557.01,237.22,13.903,25.666
563.33,238.16,13.921,25.701
560.75,233.18,13.992,25.832
561.88,237.7,13.943,25.742
571,243.93,13.921,25.699
572.19,255.99,13.905,25.671
566.44,248.2,13.897,25.655
576.98,245.83,13.896,25.654
578.15,243.63,13.885,25.635
584.5,246.67,13.855,25.579
586.04,243.06,13.814,25.503
593.55,253.22,13.806,25.487
593.68,254.19,13.796,25.47
