157.5,268.5,107,36
159.6,270.54,106.79,35.93
159.2,270.57,106.6,35.866
159.63,270.54,106.75,35.916
158.88,270.46,107.24,36.081
158.49,270.18,106.86,35.953
158.39,270.15,106.69,35.896
158.26,270.06,107.01,36.002
158.23,270.09,106.79,35.93
158.7,270.57,106.61,35.868
158.48,270.15,106.68,35.891
158.41,270.18,106.61,35.87
158.34,270.18,106.73,35.909
158.47,270.18,106.55,35.848
159.22,270.57,106.56,35.851
158.72,270.21,106.56,35.852
158.7,270.15,106.64,35.877
158.69,270.13,106.75,35.917
158.72,270.15,106.88,35.961
159.53,270.51,106.94,35.981
158.78,270.01,106.78,35.927
158.64,269.82,106.74,35.914
159.08,270.06,106.72,35.906
159.08,270.06,106.75,35.915
159.69,270.57,106.61,35.87
159.12,270,106.82,35.94
159.04,269.85,106.74,35.911
159.02,269.91,107,35.998
158.95,269.78,107.02,36.008
159.33,270.44,107.35,36.116
158.95,269.81,107.52,36.175
158.92,269.77,107.63,36.213
158.94,269.73,107.72,36.241
158.81,269.64,107.7,36.234
159.67,270.39,107.67,36.224
159.21,269.86,107.77,36.259
158.91,269.62,107.71,36.238
158.99,269.58,107.6,36.203
159.18,269.65,107.58,36.196
159.83,270.44,107.34,36.114
159.5,269.69,107.12,36.04
159.55,269.64,106.77,35.923
159.75,269.74,106.7,35.899
159.65,269.65,106.94,35.979
160.04,270.51,106.92,35.974
159.62,269.62,106.85,35.951
159.61,269.59,106.86,35.952
159.66,269.55,106.89,35.963
159.66,269.58,106.86,35.951
160.52,270.51,106.97,35.988
159.64,269.55,107.08,36.025
159.64,269.51,107.06,36.02
160.52,269.78,105.33,35.439
160.74,269.79,104.9,35.294
161.75,270.42,104.49,35.156
160.17,269.62,106.37,35.787
159.8,269.48,107.42,36.142
159.71,269.4,107.66,36.223
159.83,269.54,107.88,36.296
160.98,270.16,106.04,35.677
160.88,269.76,105.37,35.452
161.01,269.65,105.21,35.396
161.12,269.56,105.22,35.4
161.23,269.58,105.04,35.342
161.52,269.84,104.95,35.312
161.53,269.74,104.64,35.207
161.48,269.76,104.64,35.206
161.42,269.66,104.97,35.317
161.23,269.56,105.2,35.396
161.56,269.86,104.88,35.288
161.57,269.51,104.87,35.283
161.52,269.53,104.75,35.243
161.49,269.54,104.98,35.322
161.51,269.39,105.15,35.377
162.48,269.83,105.05,35.344
161.41,269.09,104.96,35.314
161.46,269.18,105.22,35.402
161.23,269.14,105.26,35.416
161.44,269,105.18,35.387
162.4,269.3,105.21,35.397
161.56,268.93,106.02,35.669
161.31,268.82,106.46,35.818
161.07,268.85,107,36
160.89,268.76,107.29,36.096
161.31,269.44,107.38,36.127
160.94,269.08,106.81,35.937
160.73,269.07,106.85,35.949
160.55,268.96,106.91,35.969
160.69,268.82,106.97,35.99
161.48,269.49,107.05,36.017
161.26,268.76,106.98,35.992
161.33,268.59,107.12,36.039
161.57,268.71,107.05,36.018
161.33,268.81,107.19,36.064
161.91,269.47,107.17,36.058
161.45,268.62,108.21,36.409
161.31,268.75,107.9,36.301
161.08,268.57,107.85,36.284
161.09,268.71,107.71,36.239
161.61,269.37,107.78,36.261
161.19,268.64,107.68,36.228
161.11,268.59,107.65,36.219
161.51,268.77,107.62,36.209
161.37,268.55,107.58,36.195
161.69,268.89,107.63,36.211
161.63,268.41,107.43,36.146
161.79,268.31,107.39,36.13
161.72,268.21,108,36.337
161.98,268.11,107.91,36.307
162.42,268.3,108.16,36.392
161.9,268.21,107.91,36.305
161.64,268.21,107.94,36.315
161.84,268.38,107.21,36.069
161.91,268.34,106.89,35.963
162.68,268.56,106.63,35.876
161.89,268.28,107.38,36.126
161.97,268.18,107.78,36.263
161.8,268.02,108.08,36.362
161.78,267.79,108.14,36.383
162.45,268.31,108.1,36.371
162.31,267.77,107.92,36.31
162.42,267.94,107.93,36.312
162.29,267.87,108.49,36.502
162.19,267.91,108.74,36.584
162.76,268.25,108.47,36.495
162.26,267.99,108.54,36.519
162.35,268.15,108.69,36.567
162.13,267.9,108.38,36.463
162.21,268.04,108.29,36.433
162.36,268.29,108.28,36.429
162.15,268.12,108.14,36.384
162.17,268.14,108.03,36.347
162.15,267.98,107.87,36.294
162.12,267.99,107.85,36.286
162.59,268.36,107.81,36.274
162.1,268.02,107.86,36.29
162.1,268.06,107.83,36.278
162.15,268.08,107.85,36.285
162.13,268.07,107.92,36.308
162.53,268.34,107.94,36.317
162.03,268,107.94,36.318
162.02,268.02,107.98,36.328
162.03,268.01,108.01,36.341
162.06,268.03,108.03,36.346
162.51,268.34,107.97,36.328
162.02,268.01,107.99,36.332
162.01,268.01,108.05,36.352
162.04,267.99,107.99,36.332
162.05,267.98,107.95,36.32
162.54,268.34,107.92,36.311
162.13,267.95,107.86,36.288
162.18,267.97,107.76,36.255
162.2,267.93,107.72,36.242
162.16,267.94,107.84,36.284
162.56,268.35,107.88,36.297
162.19,267.92,107.86,36.289
162.22,267.87,107.88,36.296
162.2,267.86,107.87,36.292
162.21,267.87,107.91,36.306
162.52,268.34,107.96,36.322
162.05,267.87,108.05,36.353
161.99,267.84,108.03,36.346
161.87,267.85,108.04,36.349
161.88,267.82,108.03,36.347
162.52,268.34,107.95,36.32
161.72,267.77,108.06,36.357
161.74,267.75,108.04,36.351
161.73,267.71,107.99,36.332
161.6,267.68,108.12,36.376
162.32,268.27,108.36,36.456
161.48,267.66,108.54,36.517
161.5,267.62,108.67,36.563
161.52,267.18,108.3,36.438
161.49,267.14,108.26,36.424
162.61,267.37,107.77,36.26
161.98,266.62,107.27,36.091
162.25,266.64,106.84,35.947
162.07,266.05,106.83,35.944
162.53,265.99,106.49,35.83
163.31,266.6,106.38,35.792
162.97,266.12,106.14,35.712
163.07,265.8,106.43,35.807
163,265.84,106.53,35.841
162.91,265.91,106.86,35.954
163.3,266.43,107.4,36.133
163.08,265.98,107.16,36.052
163.47,265.97,107.01,36.002
163.2,265.78,107.68,36.229
162.95,265.61,108.67,36.562
162.76,265.58,109.48,36.834
162.51,265.52,109.65,36.89
162.49,265.41,109.92,36.984
162.21,265.02,110.05,37.026
162.18,264.48,110.92,37.319
162.41,264.3,111.17,37.404
162.53,264.02,111.33,37.458
162.06,263.52,111.96,37.667
162.09,263.9,112.31,37.786
160.97,264.17,113.07,38.043
161.31,264.43,113.39,38.149
160.26,264.46,113.35,38.135
159.8,264.65,113.59,38.218
160.61,264.97,113.2,38.087
161.28,265.08,112.61,37.887
163.36,265.28,114.28,38.449
169.47,261.53,113.76,38.274
174.46,260.07,112.78,37.944
176.22,259.43,112.15,37.733
177.4,260.31,112.49,37.848
177.44,259.64,112.12,37.723
178.46,259.1,111.85,37.633
178.6,259.32,111.85,37.63
178.75,259.18,111.99,37.68
179.28,259.55,111.97,37.671
180.28,260.08,112.44,37.831
179.13,258.94,112.75,37.936
179.55,259.53,113.12,38.058
179.73,259.04,113.5,38.187
180.33,259.32,114.06,38.376
181.73,260.73,114.55,38.539
184.41,261.25,114.62,38.564
185.6,261.33,114.85,38.641
185.79,261.33,115.09,38.721
184.26,260.14,116.25,39.112
184.62,260.86,116.76,39.282
183.11,259.75,117.56,39.554
181.53,259.48,118.25,39.784
182.49,260.01,118.47,39.859
181.04,259.78,118.83,39.982
182.11,260.52,118.78,39.964
180.9,259.69,119.03,40.049
181.25,260.12,119.12,40.078
181.77,260.17,119.07,40.061
181.76,260.16,118.98,40.03
182.58,260.51,118.84,39.984
181.84,260.54,118.57,39.893
181.48,260.03,118.33,39.813
181.75,260.5,118.12,39.74
182.05,260.59,117.84,39.648
181.45,260.63,118.1,39.734
181.89,260.49,117.77,39.625
180.39,260.15,118.08,39.727
180.8,260.5,118.16,39.755
180.27,260.49,118.26,39.787
180.78,260.58,118.44,39.849
179.89,259.93,118.57,39.894
180.17,260.18,118.52,39.875
179.34,260.13,118.36,39.823
179.42,260.51,119.13,40.08
180.28,260.41,119.45,40.189
179.99,259.59,120,40.374
179.74,259.52,120.33,40.485
177.88,258.49,120.49,40.539
178.14,259.24,120.15,40.423
178.44,259.79,120.13,40.417
177.2,259.22,119.77,40.298
175.71,259.58,119.38,40.165
172.49,259.01,118.47,39.86
171.94,259.13,117.87,39.658
173.34,259.26,117.32,39.472
173.64,259.55,116.97,39.356
171.93,259.75,115.98,39.021
169.58,259.82,114.94,38.67
166.98,259.85,114.44,38.504
170.2,260.89,113.59,38.219
172.53,259.96,113.81,38.29
173.86,260.1,113.95,38.337
174.07,260.08,113.83,38.298
173.49,260.72,113.34,38.133
173.48,261.48,113.05,38.035
173.05,261.1,112.27,37.774
172.91,261.63,111.11,37.382
174.45,262.33,109.51,36.844
174.76,262.34,108.77,36.594
174.7,263.4,107.6,36.203
174.34,262.59,107.03,36.008
176.19,262.03,107.92,36.311
176.21,262.67,107.63,36.212
175.97,262.74,107.6,36.202
176.32,263.44,107.36,36.122
181.36,262.27,108.25,36.421
179.86,262.65,108.65,36.556
178.28,262.98,108.43,36.48
176.71,262.89,107.93,36.312
175.72,263.41,107.56,36.187
175.05,263.1,107.13,36.045
174.84,262.78,106.78,35.927
175.49,262.89,106.41,35.8
175.75,263.6,105.88,35.624
176.3,263.77,105.39,35.46
175.51,263.35,105.07,35.351
175.01,263.4,104.66,35.213
174.4,263.72,104.55,35.177
175.1,264,104.05,35.007
175.92,264.48,104.16,35.044
174.4,263.54,103.79,34.92
174.69,264.01,103.71,34.892
175.34,264.33,103.46,34.809
174.93,264.05,103.31,34.757
174.6,264.71,102.8,34.588
174.61,264.3,102.82,34.595
174.81,264.36,102.75,34.569
173.91,264.5,102.36,34.44
173.81,264.18,102.43,34.463
173.24,264.75,102.53,34.495
174.52,264.41,102.35,34.435
174.01,264.24,102.55,34.504
170.62,264.3,102.23,34.394
169.22,263.81,102.51,34.489
169.54,263.69,102.91,34.625
168.35,263.57,103.64,34.869
165.45,262.72,104.88,35.286
156.89,262.51,105,35.328
159.47,262.1,106.24,35.746
158.54,262.51,106.91,35.97
157.1,261.96,107.2,36.068
155.34,262.24,107.15,36.052
156.43,262.36,107.29,36.098
159.69,262.9,108.87,36.628
157.88,263.12,109.25,36.755
157.92,262.65,110.15,37.061
157.95,262.81,110.35,37.127
156.31,262.54,110.44,37.158
156.4,262.74,110.48,37.17
157.27,263.42,110.47,37.167
156.26,262.81,109.94,36.988
156.55,263.1,109.82,36.947
155.78,262.74,109.21,36.743
155.98,263.05,108.69,36.569
156.79,263.26,108.41,36.475
156.23,263.21,108.76,36.591
156.13,262.95,108.91,36.643
156.48,263.08,109.01,36.678
156.52,263.23,108.9,36.64
157.46,263.65,109.09,36.702
157,263.39,108.75,36.588
156.98,263.21,108.49,36.501
157.23,263.49,108.24,36.419
157.43,263.5,108.13,36.381
157.78,264.26,108.44,36.484
157.25,263.68,108.59,36.535
157.23,263.42,108.54,36.517
157.8,263.83,108.35,36.453
157.79,263.88,108.18,36.397
158.55,264.35,107.91,36.305
158.16,263.65,107.73,36.247
158.3,263.75,107.72,36.242
158.52,263.79,107.78,36.263
158.61,263.86,107.66,36.221
159.51,264.83,107.98,36.331
158.93,263.95,107.97,36.326
158.96,263.94,107.99,36.333
159.08,264,107.98,36.329
159.55,263.97,107.84,36.283
160.42,264.31,108.15,36.387
159.99,264.16,108.13,36.382
160.12,264.18,107.74,36.251
160.54,264.35,107.4,36.134
161.07,264.56,106.86,35.951
161.38,265.13,106.24,35.745
161.29,265.07,105.25,35.413
161.57,265.11,104.82,35.268
161.74,265.52,104.47,35.148
161.67,265.39,104.28,35.084
162.53,266.52,103.93,34.968
161.76,265.48,103.22,34.727
161.03,265.36,102.57,34.509
160.98,265.77,102.26,34.406
160.97,265.85,102.14,34.365
161.61,266.38,101.78,34.243
160.71,265.58,101.92,34.292
160.67,265.93,101.81,34.254
160.5,265.41,101.1,34.015
160.8,265.56,101.7,34.217
161.36,265.29,102.29,34.414
160.97,265.12,102.35,34.437
160.72,264.79,102.48,34.479
160.8,264.69,102.59,34.517
161.53,264.54,103.13,34.698
161.55,264.52,103.9,34.956
160.94,263.97,104.39,35.123
161.04,264.02,104.54,35.172
160.68,264.16,104.98,35.32
160.68,263.66,105.57,35.518
160.49,264.16,106.02,35.671
160.67,264.21,106.28,35.756
160.41,263.98,106.6,35.864
160.2,264.06,106.99,35.996
159.89,264.21,107.45,36.15
160.05,264.52,106.9,35.965
159.75,264.33,106.89,35.964
159.59,264.17,106.95,35.982
159.32,264.18,107.21,36.07
159.09,264.3,107.75,36.252
159.23,264.74,108.54,36.517
158.77,264.26,109,36.673
157.94,263.87,109.7,36.907
157.98,263.82,110.29,37.107
158.17,263.93,111.11,37.384
158.66,264.21,111.68,37.576
157.99,263.66,111.82,37.623
157.55,263.56,112.39,37.814
157.36,262.94,112.58,37.877
157.4,263.28,112.92,37.991
157.69,263.89,113.61,38.225
156.81,263.43,114.29,38.454
155.93,262.77,115.22,38.765
155.75,262.59,115.85,38.977
155.83,262.45,116.28,39.122
156.59,263.35,116.82,39.303
155.38,262.14,117.28,39.459
155.69,262.43,117.54,39.547
155.1,261.98,117.81,39.638
155.17,261.72,118.73,39.946
156.24,262.4,119.51,40.209
156.71,261.75,119.85,40.323
157.69,262.11,120.46,40.53
157.54,261.66,120.88,40.67
158.17,262,121.61,40.916
158.61,262.51,121.78,40.972
175.97,261.17,120.54,40.555
176.58,261.58,118.52,39.876
177.99,261.9,116.76,39.283
179.06,262.14,115.47,38.85
180.36,263.61,115.28,38.786
180.27,263.15,114.17,38.412
180.22,263.24,113.56,38.207
180.17,263.04,113.07,38.041
180.36,262.92,112.86,37.973
181.35,264.11,112.3,37.782
180.69,263.4,111.78,37.609
180.99,263.49,111.34,37.459
181.53,263.48,110.85,37.294
181.87,263.8,110.09,37.04
182.77,264.59,109.46,36.827
182.89,264.19,108.83,36.615
183.33,264.37,107.99,36.332
183.47,264.78,107.43,36.146
183.95,264.66,106.58,35.857
184.48,264.49,107.04,36.013
183.48,264.23,108.06,36.356
183.02,264.06,108.61,36.541
185.31,263.39,108.78,36.597
188.04,263.15,108.3,36.438
193.61,263.37,107.77,36.259
196.32,263.81,106.85,35.951
197.9,264.51,105.85,35.614
199.35,265.17,104.03,35.002
199.81,265.21,102.67,34.542
200.95,265.82,102.1,34.353
200.15,264.9,101.51,34.151
200.66,265.02,100.97,33.972
201.09,265.42,100.46,33.801
201.64,265.31,100,33.645
204.62,265.72,99.765,33.566
206.66,265.73,99.465,33.465
212.24,266.98,99.037,33.321
216.47,267.06,98.267,33.062
220.55,267.23,97.66,32.858
226.65,267.57,97.696,32.87
229.21,266.71,97.803,32.906
231.36,265.83,97.791,32.902
232.28,265.45,97.952,32.956
232.98,265.46,98.264,33.061
234.65,266.39,98.709,33.21
234.62,266.59,98.944,33.289
235.18,266.29,99.295,33.408
235.92,267.01,99.848,33.594
236.25,266.6,99.854,33.596
236.59,267.21,99.816,33.583
236.23,267.03,99.625,33.519
236.17,267.35,99.444,33.458
236.64,267.24,99.718,33.55
236.78,266.77,99.592,33.508
237.7,267.74,99.6,33.51
237.09,266.72,100.17,33.702
237.43,266.69,100.85,33.931
237.78,266.14,101.59,34.179
237.93,265.38,101.72,34.224
241.3,266.44,101.4,34.117
242.1,265.79,100.78,33.907
244.18,265.79,100.15,33.695
245.53,265.92,99.587,33.506
246.07,266.19,99.173,33.367
247.49,266.34,99.015,33.313
247.94,266.54,98.921,33.282
247.93,266.48,98.862,33.262
247.67,266.34,99.003,33.31
247.7,266.42,99.257,33.395
249.48,267.17,100.04,33.66
248.58,265.97,100.33,33.757
248.79,266,100.66,33.867
249.11,265.59,101.08,34.009
250.3,265.7,101.45,34.134
254.55,266.36,101.9,34.284
257.65,266.17,103.05,34.672
260.34,266,103.89,34.954
263.67,266.2,104.05,35.009
266.82,266.14,103.47,34.812
272.5,267.17,103,34.656
274.24,266.63,102.13,34.362
276.7,266.43,101.2,34.047
278.17,267.02,101.13,34.027
279.08,267.89,100.71,33.884
280.72,268.58,100.57,33.837
280.09,267.97,100.89,33.945
280.93,268.24,101.48,34.144
280.7,267.8,102.05,34.334
281.11,268.48,102.35,34.435
281.25,268.26,102.49,34.483
281.27,268.16,103.1,34.688
281.14,267.89,103.51,34.825
281.22,267.97,103.77,34.912
281.4,267.97,103.61,34.859
281.85,268.62,103.29,34.752
280.86,267.73,102.98,34.648
281.25,268.15,102.48,34.48
281.07,268.16,102.08,34.346
281.03,268.2,101.88,34.277
281.58,269.37,101.84,34.263
280.6,268.62,101.92,34.29
280.63,268.67,101.96,34.303
280.7,268.6,102.04,34.33
280.78,268.66,102.1,34.353
280.93,268.82,102.14,34.364
280.41,268.33,102.26,34.405
280.43,268.33,102.23,34.394
280.56,268.33,102.29,34.416
280.79,268.37,102.26,34.406
281.46,269.33,102.08,34.345
281.36,268.69,102.01,34.322
281.51,268.81,102.31,34.423
281.33,268.71,102.41,34.457
281.26,268.51,102.08,34.343
282.42,269.31,102.16,34.372
281.4,269.07,102.26,34.405
281.43,269.26,101.83,34.262
281.32,269.33,101.82,34.257
281.52,269.59,101.42,34.123
281.33,270.45,101.34,34.095
281.02,269.79,101.42,34.122
280.68,269.89,101.72,34.223
280.69,269.99,101.9,34.283
280.79,270.18,101.93,34.293
281.23,270.42,101.53,34.161
280.21,269.92,101.38,34.108
280.12,270.02,101.43,34.126
279.98,269.86,101.49,34.147
279.81,269.67,101.64,34.198
280.66,270.4,101.68,34.21
280.25,269.48,101.69,34.213
280.26,269.34,101.95,34.3
281.29,269.35,102.16,34.373
282.32,269,102.55,34.503
285.4,269.14,103.19,34.718
286.15,268.67,103.5,34.823
287.81,268.52,103.62,34.863
289.44,268.52,103.59,34.853
290.57,267.99,103.22,34.728
291.74,268.25,102.52,34.493
292.81,267.71,101.28,34.075
293.63,267.95,100.77,33.904
294.1,267.91,100.51,33.815
294.63,268.12,100.27,33.735
295.37,269.63,100.26,33.733
295.09,269.48,100.88,33.94
294.86,269.36,101.54,34.164
294.67,269.11,101.93,34.295
295.08,269.49,102.23,34.395
295.85,269.79,102.29,34.416
295.24,269.55,102.82,34.594
295.34,269.7,103.35,34.774
295.29,269.64,103.7,34.89
295.51,269.75,103.84,34.937
296.41,270.47,104.18,35.052
295.24,269.47,104.02,34.998
295.58,269.71,104.13,35.035
295.49,269.66,103.91,34.962
295.6,269.97,104.17,35.046
295.91,270.47,104.19,35.053
295.57,269.9,104.01,34.994
295.67,270.18,104.18,35.052
295.8,269.98,103.26,34.743
295.67,269.87,103.02,34.662
296.59,270.7,102.82,34.593
296.28,269.97,103.18,34.714
296.15,269.35,103.25,34.738
295.91,268.91,103.31,34.759
295.92,268.97,103.43,34.8
296.35,269.62,103.3,34.756
295.67,269.39,102.92,34.629
295.7,269.69,102.87,34.612
295.64,269.77,102.98,34.646
295.03,269.13,103.37,34.78
295.59,269.53,103.82,34.931
294.68,268.9,104.29,35.088
294.99,268.82,104.46,35.145
294.62,268.96,104.99,35.323
293.85,269.39,105.5,35.496
294.44,269.65,106.12,35.704
293.69,269.09,106.27,35.754
293.5,269.04,106.58,35.857
293.49,269.01,106.86,35.953
293.63,269.09,107.13,36.043
294.38,269.46,107.24,36.082
293.68,268.99,107.15,36.049
293.75,269.44,107.09,36.03
293.87,269.29,106.96,35.986
294,269.37,106.58,35.858
294.51,270.17,105.97,35.654
294.46,269.77,105.73,35.574
294.66,269.6,105.42,35.469
294.76,269.8,105.06,35.347
294.58,269.73,104.82,35.267
295.3,270.44,104.41,35.127
294.42,269.69,104.47,35.147
294.2,269.68,104,34.989
293.94,269.73,103.87,34.946
293.81,269.59,103.81,34.927
294.67,270.56,103.66,34.876
295.37,270.28,103.86,34.943
295.79,270.2,104.64,35.207
296.22,269.96,105.6,35.53
296.36,269.84,106.51,35.836
297.65,270.55,106.69,35.897
297.39,269.76,106.88,35.96
297.5,269.71,107.38,36.128
297.57,269.76,107.96,36.322
297.46,269.59,108.44,36.486
297.5,269.66,109,36.672
297.15,269.21,109.57,36.864
296.99,269.29,110.17,37.068
297.11,269.37,110.36,37.131
297.25,269.33,110.35,37.127
297.77,269.42,110.46,37.163
297.01,269.3,111.09,37.375
297.17,269.56,111.63,37.558
296.71,269.16,111.65,37.565
296.71,269.06,111.74,37.594
297.6,270.19,111.8,37.616
296.53,269.47,111.93,37.66
296.56,269.34,112.03,37.691
297.11,269.45,111.86,37.635
296.92,269.19,111.94,37.661
297.33,269.6,112.33,37.794
296.59,268.88,111.57,37.539
295.86,269.08,111.6,37.549
295.45,269.45,111.18,37.405
295.47,270.24,110.88,37.305
295.32,270.43,110.37,37.132
294.25,270.42,109.67,36.897
293.45,270.36,110.22,37.084
293.02,270.38,109.92,36.981
292.41,270.21,110,37.01
292.31,270.43,110.39,37.14
291.11,270.08,110.76,37.263
289.95,269.98,111.51,37.516
289.58,270.27,112.28,37.775
289.17,270.37,112.46,37.838
288.5,270.49,113.01,38.021
287.49,270.51,114.68,38.585
287.26,270.29,115.44,38.841
286.79,270.13,116.28,39.122
286.4,270.02,116.99,39.362
286.48,270.31,117.04,39.379
285.95,270.59,116.57,39.22
285.76,270.8,117.1,39.397
285.46,270.79,117.29,39.461
285.84,271.11,117.19,39.428
286.57,271.84,116.87,39.32
284.81,271.01,115.67,38.917
284.48,271.63,115.15,38.743
283.89,271.2,113.93,38.333
283.66,271.3,113.59,38.218
284.21,271.89,113.59,38.217
281.62,271.09,113.86,38.308
279.46,270.93,113.91,38.325
276.55,270.64,114.07,38.378
272.92,270.69,114.02,38.362
271.22,271.4,113.57,38.21
266.76,271.3,113.05,38.034
265.18,270.92,112.79,37.949
263.91,271.23,112.2,37.75
262.87,270.82,112.51,37.855
262.72,271.06,112.57,37.872
262.37,271,112.59,37.882
262.75,271.63,112.56,37.871
262.39,271.7,112.16,37.736
262.31,272.2,112.05,37.699
262.89,273.12,112.23,37.758
262.07,272.49,112.3,37.782
262.17,272.64,112,37.682
262.29,272.89,112.79,37.947
261.96,272.6,113.51,38.19
262.57,272.85,113.85,38.306
262.16,272.78,114,38.357
261.87,272.55,113.87,38.313
262.29,272.93,113.79,38.284
262.38,273.05,113.6,38.221
262.77,273.41,113.46,38.172
261.97,272.73,113.39,38.149
262.11,272.61,113.1,38.052
262.47,272.6,112.75,37.934
262.44,272.77,112.65,37.9
262.99,273.66,112.02,37.688
262.19,272.65,111.88,37.643
261.95,272.28,111.96,37.667
262.13,272.29,111.96,37.668
262.05,271.97,111.99,37.68
262.55,272.68,111.9,37.649
263.13,272.28,112.8,37.952
264.4,272.69,113.3,38.119
265.4,272.32,113.81,38.293
267.21,272.46,115.11,38.73
269.37,271.94,116.26,39.116
272.27,271.87,117.46,39.52
272.82,271.42,118.49,39.867
272.93,271.34,119.53,40.216
273.25,271.62,120.37,40.499
274.45,271.63,121.11,40.746
274.02,271.6,122.08,41.074
274.15,271.4,123.02,41.39
274.3,271.52,123.75,41.634
274.1,271.23,124.96,42.041
274.59,271.83,125.82,42.334
273.82,271.04,127.44,42.878
274.04,270.7,128.34,43.181
274.07,270.43,129.36,43.525
274.01,270.24,130.14,43.785
274.77,270.55,130.47,43.895
274.17,270.18,131.31,44.18
274.35,269.9,131.96,44.398
274.13,269.48,132.96,44.733
274.41,269.41,132.91,44.718
275.61,270.16,132.79,44.676
274.96,269.59,132.65,44.632
275.1,269.58,132.5,44.579
275.36,269.75,132.21,44.481
275.31,269.97,132.27,44.503
275.85,270.74,132.3,44.51
275.19,269.91,132.83,44.691
276.46,269.3,132.48,44.572
277.52,268.79,131.59,44.274
278.1,267.67,130.5,43.906
279.24,267.21,129.53,43.58
278.78,266.83,129.04,43.416
279.9,266.92,128.5,43.235
281.01,267.73,129.09,43.432
283.8,268.51,129.54,43.585
289.37,270.09,130.25,43.823
294.18,269.56,130.07,43.76
304.61,267.99,130.85,44.023
310.06,267.21,130.59,43.938
314.2,266.13,130.3,43.84
318.24,264.54,130.52,43.912
320.75,263.07,131.42,44.217
322.15,263.03,133.21,44.817
323.19,265.12,134,45.086
322.88,267.14,134.33,45.196
323.34,268.74,135.32,45.528
322.73,268.89,135.57,45.612
322.81,269.46,136.31,45.861
322.88,269.94,137.33,46.204
322.88,269.41,138.42,46.571
323.34,269.56,139.32,46.875
322.96,269.16,140.34,47.218
323.51,269.5,141.6,47.642
323.14,268.86,142.33,47.887
323.51,269.18,143.41,48.25
324.1,269.31,143.8,48.381
324.35,269.21,143.99,48.447
324.37,268.93,144.96,48.773
324.26,269.03,145.45,48.936
323.7,268.49,145.77,49.044
325.31,269.54,145.39,48.916
323.84,268.64,146.39,49.251
325.4,267.89,147.1,49.491
326.72,266.3,148.02,49.802
328.56,264.67,148.18,49.854
330.25,262.52,148.49,49.961
330.04,259.39,148.78,50.057
331.23,258.22,148.37,49.92
333.03,258.45,148.46,49.949
335.18,259.64,148.46,49.947
338.46,262.59,148.08,49.821
340.27,263.68,147.6,49.66
344.4,265.43,147.17,49.516
345.53,264.92,146.13,49.165
346.89,264.63,145.46,48.941
348.39,264.07,145.21,48.856
348.58,261.97,145.06,48.805
348.21,262.09,145.49,48.95
346.1,264.24,145.57,48.977
345.86,266.14,145.23,48.863
346.4,267.07,145.21,48.854
346.25,267.04,145.28,48.88
346.52,267.1,145.42,48.926
346.14,267.8,145.48,48.947
345.97,268.15,145.68,49.014
346.66,269.49,145.68,49.015
346.2,269.34,145.38,48.912
345.95,268.79,145.28,48.88
346.26,268.79,145.11,48.821
346.45,269.48,144.66,48.67
346.69,270.34,143.63,48.324
345.89,269.67,142.63,47.986
345.89,269.86,141.84,47.722
345.74,270.02,141.69,47.673
345.94,270.19,141.01,47.442
346.69,270.34,140.62,47.31
346.14,270.24,140.57,47.294
345.91,268.55,140.88,47.4
345.83,266.62,141.09,47.471
345.29,265.04,142.87,48.068
344.74,262.52,145.52,48.959
343.85,260.38,148.36,49.916
343.2,259.55,151.6,51.006
340.09,260.11,152.29,51.239
338.44,259.63,152.87,51.433
337.3,261.19,153.4,51.61
336.42,261.14,153.41,51.615
338.47,262.77,153.11,51.514
339.37,264.02,153,51.475
340.47,263.86,152.82,51.414
341.47,262.75,153.06,51.498
341.67,260.83,153.92,51.788
341.99,260.98,154.53,51.99
340.7,262.66,155.27,52.239
339.39,263.68,156.94,52.802
340.22,265.49,157.57,53.013
339.75,265.21,159.79,53.76
339.11,264.89,161.24,54.248
339.24,265.09,162.25,54.587
338.81,264.63,163.59,55.04
339.43,265.22,165.14,55.562
337.94,263.63,166.02,55.856
337.61,264.06,166.66,56.071
337.71,263.92,166.87,56.145
337.37,263.98,167.45,56.338
337.42,264.71,168.16,56.577
336.24,264.79,169.48,57.023
335.41,263.97,169.82,57.137
335.76,264.03,170.47,57.355
335.4,263.12,170.61,57.4
336.6,263.27,170.79,57.464
335.97,261.79,170.6,57.396
336.11,259.59,170.85,57.482
336.61,258.5,170.7,57.433
336.58,258.01,171.31,57.636
336.07,258.59,171.86,57.823
335.47,258.71,172.38,57.997
