299.5,365.5,171,109
313.38,362.58,167.23,106.59
328.98,352.55,160.98,102.61
340.75,346.28,155.73,99.269
353.65,336.97,152.45,97.177
364.39,327.98,148.64,94.748
372.88,319.27,146.76,93.552
382.09,313.01,143.16,91.257
392.84,306.12,137.45,87.614
401.61,299.25,134.3,85.609
408.3,292.11,131.35,83.729
413.63,286.3,128.84,82.126
419.07,280.53,126.95,80.921
424.9,275.87,124.51,79.367
430.48,271.88,121.76,77.615
433.61,268.88,120.1,76.556
438.4,264.1,116.48,74.247
441.45,259.9,114.53,73.006
445.57,255.19,112.24,71.543
448.87,251.76,109.94,70.076
452.33,248.56,107.55,68.558
453.78,244.94,106.78,68.066
456.45,242.29,105.06,66.969
458.13,239.27,104.14,66.381
456.49,234.68,102.98,65.642
457.45,231.21,101.65,64.791
458.69,230.22,100.17,63.852
457.14,225.63,99.603,63.489
454.65,223.13,98.561,62.825
452.71,219.75,97.284,62.011
449.72,216.61,96.618,61.587
447.94,214.32,96.226,61.337
445.77,212.49,95.59,60.932
443.81,210.74,95.145,60.648
439.64,206.95,95.605,60.941
433.07,202.57,96.041,61.219
427.75,198.32,96.316,61.395
424.69,197.33,96.009,61.199
420.52,195.09,95.9,61.13
418.33,194.41,94.708,60.369
415.23,193.48,94.039,59.943
410.54,191.13,92.426,58.915
406.65,188.92,92.073,58.69
403.61,188.33,91.549,58.356
400.63,185.82,90.837,57.902
396.64,183.74,91.292,58.192
393.12,181.64,90.759,57.852
390.57,180.07,90.61,57.757
389.57,178.84,90.434,57.645
386.49,177.93,90.415,57.633
384.66,175.3,90.529,57.705
383.08,174.33,90.283,57.549
380.41,171.56,90.774,57.862
377.74,169.7,90.601,57.752
376.73,168.87,90.631,57.77
374.25,168.19,90.095,57.429
372.03,166.83,89.993,57.364
370.74,165.73,90.101,57.433
367.22,165.86,88.699,56.539
365.59,165.31,87.876,56.014
364.68,165.71,87.469,55.755
361.46,164.36,86.417,55.084
358.51,163.6,85.287,54.364
357,162.49,84.563,53.903
354.53,161.55,83.981,53.531
353.23,161.8,83.802,53.418
351.45,160.66,83.503,53.227
348.22,159.27,83.074,52.954
346.15,158.58,82.735,52.738
341.73,156.83,82.923,52.857
340.64,155.4,83.006,52.91
337.12,153.94,83.467,53.204
333.73,154.59,83.392,53.157
329.42,154.45,82.538,52.612
326.75,153.92,82.045,52.298
324.79,153.83,81.243,51.787
322.28,152.37,81.201,51.76
320.11,151.79,80.704,51.443
317.93,151.16,80.268,51.165
316.83,151.21,79.505,50.679
314.34,150.67,79.345,50.576
312.46,149.76,79.586,50.73
310.51,148.84,79.709,50.809
307.58,147.66,80.286,51.176
305.51,146.69,80.534,51.334
303.37,146.55,80.67,51.422
301.68,144.97,81.061,51.67
299.91,144.91,80.902,51.569
298.47,143.6,81.144,51.723
296.55,143.56,81.28,51.81
294.23,142.89,81.325,51.838
293.67,142.41,81.497,51.948
293.59,142.8,80.951,51.6
292.74,142.72,80.486,51.304
292.01,142.58,79.532,50.696
289.11,143.14,79.476,50.66
287.56,143.1,78.855,50.264
286.46,142.22,78.719,50.178
285.53,140.69,79.27,50.529
282.62,140.43,78.892,50.288
278.46,139.39,78.847,50.259
276.43,138.88,79.156,50.456
274.92,138.17,79.267,50.527
273.46,138.38,79.467,50.654
271.21,138.38,79.175,50.468
270.27,138.13,79.352,50.581
268.61,138,79.271,50.53
266.65,137.92,79.193,50.479
259.2,135.49,79.078,50.406
259.54,135.6,79.169,50.465
257.58,135.73,79.203,50.486
256.79,135.4,79.325,50.564
254.98,134.65,79.497,50.673
254.07,134.4,79.465,50.653
253.33,134.5,79.064,50.398
252.64,133.9,79.277,50.533
251.28,133.74,79.205,50.487
249.6,132.74,79.621,50.753
249.23,131.85,80.036,51.017
247.16,131.86,79.936,50.953
246.44,131.64,79.667,50.782
247.32,130.96,80.102,51.059
241.64,130.5,79.476,50.66
242.14,130.54,79.041,50.383
240.05,130,79.234,50.506
238.84,129.64,78.927,50.31
236.48,129.04,79.457,50.648
236.55,128.9,79.437,50.635
235.63,128.89,79.16,50.459
234.25,128.55,78.89,50.287
233.48,128.18,79.06,50.395
232.18,128.38,78.439,49.999
231.83,127.88,78.066,49.762
231.31,127.63,78.026,49.736
229.73,127.51,77.386,49.328
229.46,127.26,76.704,48.893
227.79,128.08,75.81,48.323
226.62,127.39,75.145,47.899
226.12,127.75,74.279,47.348
226.24,127.91,73.567,46.894
224.13,127.84,73.014,46.541
222.98,127.79,72.251,46.055
222.29,128.21,71.595,45.637
220.93,128.66,70.771,45.112
219.94,128.26,70.173,44.73
219.36,127.84,70.323,44.826
218.1,127.51,70.431,44.894
217.78,127.54,70.369,44.855
217.72,127.4,70.091,44.678
216.08,126.24,70.139,44.709
214.32,125.51,70.526,44.955
215.46,126.41,70.189,44.74
213.74,125.87,69.996,44.618
214.45,126.05,69.751,44.461
212.36,124.85,70.018,44.632
213.65,125.23,69.786,44.484
212.74,124.94,69.505,44.304
214.39,125.32,68.898,43.917
215.04,125.56,68.308,43.542
215.3,125.4,67.791,43.212
216.82,125.65,67.307,42.903
217.61,125.28,66.973,42.69
218.44,125.34,66.896,42.641
219.59,125.12,66.313,42.27
220.37,125.56,66.041,42.097
222.23,126.06,65.899,42.006
225.58,125.22,65.292,41.619
229.44,125.96,65.163,41.537
231.6,125.23,65.245,41.589
233.75,125,65.311,41.631
237.13,124.56,65.338,41.648
240.5,123.91,65.266,41.602
241.88,123.72,65.159,41.534
248.15,123.27,64.677,41.227
250.29,123.33,64.547,41.144
297.99,136.9,64.709,41.247
297.58,137.23,64.909,41.375
298.51,136.93,65.135,41.519
297.33,136.16,65.228,41.578
296.96,136.36,65.486,41.742
297.22,136.5,65.779,41.929
297.42,136.87,65.771,41.925
297.53,136.66,65.889,41.999
298.25,136.69,65.949,42.038
298.35,136.61,66.084,42.124
297.53,135.76,66.15,42.166
290.59,136.87,66.101,42.134
277.65,136.5,66.074,42.117
263.78,136.52,66.068,42.114
297.68,149.6,66.13,42.153
280.66,149.6,66.219,42.21
214.44,138.93,66.111,42.141
244.08,151.35,66.109,42.14
227.12,150.75,66.072,42.116
218.69,150.97,66.124,42.149
216.91,151.7,66.178,42.183
217.02,150.45,66.085,42.124
