34.5,229.5,320,161
48.619,222.89,320.23,161.12
55.917,223.69,321.14,161.57
62.33,224.38,321.64,161.82
71.706,224.75,323.14,162.58
79.206,225.31,324.66,163.35
90.29,225.89,324.29,163.16
101.14,226.82,323.33,162.68
118.54,226.5,323.45,162.74
156.47,226.91,323.53,162.78
202.26,228.61,323.15,162.59
248.18,229.41,326.51,164.27
294.13,229.83,327.98,165.01
338.44,229.61,332.68,167.38
384.43,230.56,333.39,167.74
431.7,229.06,334.99,168.54
464.77,230.42,332.13,167.1
362.89,213.16,325.96,164
385.81,205.08,328.87,165.46
415.1,206,328.83,165.44
419.79,207.85,331.88,166.98
426.16,207.52,330.76,166.41
434.72,209.37,334.64,168.37
440.66,208.5,334.18,168.13
353.29,187.09,330.85,166.46
446.87,216,328.34,165.2
458.89,219.61,328.31,165.18
464.79,224.76,323.81,162.92
468.98,225.6,321.62,161.82
438.91,230.98,315.57,158.77
447.54,216.33,320.94,161.48
463.43,223.99,322.92,162.47
461.74,230.56,322.62,162.32
444,231.61,322.08,162.05
425.96,231.06,324.47,163.25
411.9,231.01,325.47,163.75
396.51,238.01,318.94,160.46
376.45,232.23,323.36,162.69
354.61,231.8,324.65,163.34
338.75,232.15,325.8,163.92
311.95,231.82,326.87,164.46
291.55,232.62,328.23,165.14
268.5,233.13,326.31,164.17
242.19,232.84,328.2,165.13
226.06,232.54,330.57,166.32
206.19,230.38,332.72,167.4
186.12,231.37,334.18,168.13
162.33,229.25,337.03,169.57
139.62,231.83,341.66,171.9
112.86,231.64,346.26,174.21
117.5,225.93,342.32,172.23
100.78,224.14,342.41,172.28
78.088,226.13,343.84,173
64.874,224.46,342.49,172.31
48.461,223.39,344.04,173.1
33.541,222.81,343.8,172.97
27.975,221.89,343.84,173
36.096,218.84,343.27,172.71
57.398,215.73,343.4,172.78
74.89,211.4,343.16,172.65
93.93,209.23,343.06,172.6
110.71,207.69,342.09,172.11
126.77,205.25,340.8,171.46
143.75,201.53,340.45,171.29
158.43,198.53,340.05,171.09
140.17,195.95,336.89,169.5
128.89,193.33,335.13,168.61
113.69,191.93,332.28,167.18
105.3,187.2,332.36,167.22
120.63,184.84,330.3,166.18
139.85,182.4,327.86,164.96
163.26,179.54,323.55,162.79
179.98,175.23,321.36,161.69
195.59,170.69,318.32,160.16
207.01,164.16,318.01,160
212.7,157.04,319.4,160.7
213.32,151.02,319.47,160.73
215.94,184.07,319.13,160.56
210.6,230.27,319.67,160.83
204.71,284.15,319.24,160.62
206.21,289.21,316.6,159.29
201.37,288.59,315.13,158.55
203.44,284.81,313.31,157.63
201.4,281.03,314.01,157.98
201.22,276.73,313.29,157.62
205.03,274.56,311.61,156.78
204.01,271.11,310.48,156.21
203.64,267.09,308.42,155.17
199.94,261.11,305.41,153.66
202.13,257.46,304.19,153.05
197.85,251.66,303.06,152.48
198.64,251.06,299.38,150.63
197.15,246.01,296.64,149.25
196.35,242.79,293.5,147.67
194.2,240.51,291.79,146.81
191.5,236.43,290.14,145.98
188.84,233.49,287.18,144.49
186.38,231.23,285.82,143.8
181.93,227.38,287.17,144.48
178.28,224.24,286.55,144.17
174.35,220.34,284.72,143.25
169.95,217.48,282.17,141.97
166.74,214.55,281.09,141.43
162.2,209.04,277.14,139.44
156.69,207.15,276.76,139.25
153.16,203.11,276.31,139.02
150.56,198.72,272.08,136.89
146.95,196.57,269.64,135.66
145.46,194.23,267.08,134.38
143.36,192.09,264.21,132.93
141.32,190.52,260.92,131.27
139.67,187.89,258.46,130.04
136.83,186.4,256.07,128.83
134.33,184.18,253.47,127.53
130.93,181.58,251.85,126.71
129.21,178.68,250.58,126.07
127.11,176.34,247.82,124.69
125.6,174.24,245.3,123.42
124.92,172.34,241.66,121.59
123.26,170.71,238.45,119.97
122.33,168.45,234.46,117.96
121.96,167.01,230.93,116.19
121.72,164.91,227.5,114.46
121.7,163.17,225.06,113.23
121.03,161.55,222.91,112.15
121.18,158.97,219.93,110.65
121.75,157.22,216.66,109.01
122.9,154.8,212.95,107.14
123.15,152.38,210.12,105.72
124.76,150.77,207.13,104.21
124.58,149.47,205.11,103.2
126.15,147.96,203.42,102.35
126.53,144.21,203.51,102.39
128.16,143.42,201.37,101.31
131.27,142.63,198.15,99.692
133.46,140.69,196.02,98.624
135.83,138.79,193.75,97.48
137.52,136.84,192.92,97.063
140.15,135.06,191.62,96.409
142.31,133.4,190.08,95.632
145.39,133,187.67,94.419
149.56,131.3,184.91,93.032
152.92,130.8,183.16,92.154
156.48,128.9,181.59,91.362
158.92,127.57,179.87,90.498
163.78,126.86,177.49,89.302
167.67,125.3,176.25,88.678
171.59,123.89,174.83,87.961
176.77,123.27,171.99,86.534
181.66,121.75,170.05,85.555
186.37,121.1,168.13,84.591
189.47,119.24,166.99,84.017
194.14,118.22,165.09,83.06
199.94,117.84,162.54,81.777
204.98,117.45,160.24,80.619
209.41,116.63,158.47,79.73
215.4,115.58,156.76,78.869
218.6,114.82,155.62,78.297
224.33,113.26,153.96,77.463
229.18,112.55,151.97,76.458
233.95,112.61,150.08,75.507
237.78,111.56,149.31,75.123
274.51,136.17,150.41,75.673
275.57,135.36,152.17,76.561
274.85,135.53,153.37,77.163
274.75,136.27,154.29,77.626
273.63,135.5,154.78,77.872
273.53,134.94,154.87,77.921
273.59,134.59,155.17,78.07
273.34,134.62,155.23,78.1
273.16,134.27,155.5,78.237
272.08,134.01,156.19,78.584
273.17,134.57,156.44,78.711
272.66,134.65,156.89,78.934
271.5,134.33,157.58,79.284
272.72,134.14,157.5,79.241
272.95,134.64,156.98,78.98
272.35,134.42,157.17,79.074
272.83,134.86,157.11,79.044
272.7,134.52,156.97,78.976
272.41,134.2,157.47,79.226
