297.5,183.5,40,94
297.71,186.94,39.998,93.995
297.88,186.47,40.307,94.721
298.11,186.56,40.358,94.841
298.54,186.01,40.479,95.127
298.89,184.88,40.477,95.122
300.35,183.25,40.203,94.477
327.94,169.38,39.807,93.548
365.91,173.44,39.722,93.347
402.48,178.51,39.924,93.821
422.99,177.44,39.764,93.446
467,173.17,39.498,92.82
469.94,173.58,39.661,93.203
470.42,174.58,39.532,92.899
470.31,173.56,39.406,92.605
472.05,171.7,38.807,91.197
471.97,170.3,38.443,90.34
471.61,172.74,38.397,90.232
472.17,173.33,38.124,89.592
474.13,172.71,37.664,88.51
474.23,170.8,37.523,88.18
474.41,171.49,37.648,88.472
473.08,169.78,37.435,87.972
473.98,168.31,37.782,88.787
473.83,167.41,37.748,88.707
474.1,167.07,37.791,88.809
475.66,167.26,37.685,88.559
476.36,166.07,37.441,87.987
477.77,164.83,37.389,87.864
480.6,163.63,36.822,86.531
481.72,163.5,36.513,85.805
483,160.61,36.367,85.463
484.23,160.01,36.044,84.704
485.45,159.28,36.197,85.063
488.01,159.68,36.107,84.851
491.29,159.48,35.976,84.543
493.35,158.67,35.799,84.128
494.69,158.52,36.064,84.75
496.04,158,36.29,85.281
497.02,157.33,36.198,85.065
498.81,155.8,36.334,85.385
499.33,154.32,36.17,85
501.01,153.65,36.285,85.271
502.16,152.83,36.023,84.654
505.81,152.53,35.764,84.045
508.9,153.1,35.838,84.22
509.74,153.31,35.899,84.362
491.52,152.19,35.708,83.915
454.31,152.08,35.562,83.57
420.62,152.54,35.286,82.922
377.98,152.37,35.331,83.028
379.22,151.06,35.235,82.802
380.41,151.49,34.897,82.009
379.69,150.86,34.812,81.809
380.09,150.88,34.772,81.715
380.39,151.01,34.686,81.513
380.8,150.72,34.594,81.295
380.57,150.36,34.788,81.751
380.9,149.67,34.785,81.744
380.93,148.25,34.89,81.992
381.6,147.96,34.878,81.964
381.82,147.34,34.886,81.982
382.26,147.07,34.63,81.38
382.35,146.67,34.56,81.216
382.7,147.12,34.501,81.078
382.8,146.81,34.452,80.963
380.74,145.42,34.332,80.68
354.01,141.82,33.923,79.718
321.48,144.41,33.518,78.767
295.87,144.27,33.365,78.408
295.31,144.6,33.347,78.366
295.41,144.43,32.969,77.478
296.77,144.51,32.866,77.235
297.78,144.53,32.829,77.148
297.35,144.63,32.653,76.736
296.13,143.47,32.572,76.544
295.4,142.73,32.506,76.39
294.72,141.77,32.385,76.104
294.76,141.85,32.365,76.058
295.45,142.04,32.28,75.859
296.22,141.17,32.18,75.623
296.71,140.57,32.081,75.391
296.72,140.78,31.95,75.082
295.83,140.89,32.032,75.276
294.57,140.06,32.044,75.303
293.37,139.07,32.016,75.237
292.29,138.37,31.989,75.173
291.96,138.55,31.906,74.979
292.25,138.02,32.064,75.35
291.63,136.85,32.092,75.416
291.96,136.82,31.905,74.977
292.29,136.93,31.987,75.17
291.27,136.8,31.871,74.898
290.05,136.14,31.892,74.946
288.9,135.4,31.841,74.827
288.15,134.72,31.737,74.582
287.74,134.21,31.703,74.503
287.97,134.26,31.798,74.725
287.67,133.49,31.679,74.445
287.78,133.03,31.515,74.061
287.46,133.36,31.238,73.41
287.17,133.85,30.965,72.768
284.47,133.14,30.946,72.723
282.4,132.36,30.99,72.826
281.24,132.26,30.993,72.834
280.34,132.74,31.018,72.893
279.7,131.92,31.065,73.003
279.47,130.81,30.889,72.59
278.86,130.89,30.796,72.37
277.17,130.84,30.828,72.446
274.48,129.95,30.777,72.327
272.79,129.3,30.833,72.457
270.81,128.79,30.937,72.702
269.41,128.41,31.067,73.007
268.69,128.32,31.041,72.946
268.19,127.54,30.966,72.77
268.38,127.09,30.77,72.309
268.1,126.77,30.759,72.285
267.13,127.04,30.627,71.974
264.62,126.23,30.506,71.689
262.64,125.66,30.259,71.108
260.95,124.8,30.124,70.79
259.67,124.86,30.059,70.638
258.93,124.67,30.032,70.576
258.8,124.32,29.956,70.397
258.84,123.72,29.684,69.758
258.94,123.78,29.589,69.534
257.9,123.68,29.392,69.072
256.35,123.07,29.359,68.994
253.25,122.58,29.239,68.711
251.12,122.06,29.317,68.894
249.89,121.51,29.333,68.934
250.15,121.69,29.3,68.855
250.24,120.53,29.169,68.547
251.3,120.38,28.934,67.995
251.62,119.94,28.787,67.649
251.7,120.56,28.62,67.258
250.86,120.21,28.584,67.173
248.86,118.73,28.522,67.028
273.01,108.36,28.925,67.974
273.67,107.87,29.188,68.593
272.6,106.32,29.385,69.056
274.51,107.25,29.666,69.714
249.22,114.34,29.624,69.617
249.29,115.05,29.424,69.146
250.34,116.07,29.167,68.541
248.97,114.95,28.883,67.874
248.28,115.06,28.681,67.401
247.59,114.66,28.56,67.115
247.98,114.43,28.442,66.838
248.9,114.62,28.388,66.712
249.74,113.69,28.193,66.253
250.73,113.56,28.003,65.807
250.93,113.1,27.942,65.664
250.48,112.78,27.91,65.589
249.65,112.32,27.858,65.467
249.65,111.7,27.921,65.615
249.87,111.19,27.877,65.512
250.91,111.59,27.848,65.442
251.84,111.44,27.762,65.24
253.69,110.62,27.702,65.1
254.39,110.15,27.495,64.614
255.29,110.7,27.421,64.44
255.56,110.27,27.372,64.325
254.94,108.98,27.27,64.084
255.37,108.38,27.221,63.969
256.66,108.67,27.317,64.194
257.48,108.05,27.327,64.218
258.68,107.64,27.381,64.346
259.92,107.03,27.199,63.918
261.84,107.52,27.124,63.743
262.55,107.84,27.064,63.6
262.35,106.72,26.903,63.222
263.29,106.41,26.958,63.351
263.21,105.44,26.872,63.15
264.58,105.95,26.777,62.925
266.08,105.92,26.686,62.712
267.72,105.01,26.445,62.145
269.68,105.28,26.409,62.061
270.53,105.06,26.273,61.742
271.15,104.94,26.267,61.727
271.15,104.26,26.262,61.717
271.29,103.6,26.387,62.01
271.28,102.86,26.365,61.959
272.19,102.97,26.329,61.874
273.34,102.57,26.231,61.642
274.62,102.83,26.069,61.263
274.84,102.33,26.001,61.103
274.95,102.29,25.869,60.792
275.13,102.42,25.806,60.645
274.82,101.97,25.733,60.473
274.32,100.66,25.665,60.313
274.98,100.72,25.479,59.876
276.29,101.26,25.414,59.722
276.65,100.53,25.317,59.495
278.01,99.893,25.271,59.388
279.51,100.33,25.262,59.366
280.49,100.89,25.109,59.005
280.02,99.82,25.011,58.775
279.89,98.659,25.067,58.908
280.18,98.305,25.099,58.984
280.71,98.263,25.05,58.869
282.51,97.904,25.149,59.099
284.02,97.928,25.234,59.299
285.23,97.801,25.285,59.42
284.86,97.725,25.234,59.3
284.86,97.537,25.304,59.465
284.92,96.451,25.257,59.354
285.29,96.281,25.198,59.215
285.66,96.309,25.225,59.279
285.84,96.561,25.279,59.407
285.85,96.284,25.315,59.491
285.3,95.331,25.353,59.579
284.96,94.912,25.381,59.646
284.47,95.082,25.461,59.832
283.33,94.628,25.586,60.128
282.02,94.058,25.583,60.12
280.97,93.491,25.492,59.906
279.92,93.431,25.427,59.753
279.25,93.15,25.341,59.55
278.58,92.368,25.253,59.344
279.02,92.356,25.039,58.841
278.56,92.319,24.76,58.186
277.96,92.778,24.627,57.873
275.93,91.802,24.682,58.004
274.24,91.416,24.51,57.598
273.68,91.615,24.508,57.593
272.51,91.101,24.545,57.681
272.04,90.197,24.411,57.365
270.78,89.287,24.121,56.685
269.43,90.456,23.841,56.027
267.8,90.63,23.683,55.655
266.09,90.191,23.682,55.652
264.54,89.706,23.584,55.422
263.55,89.859,23.43,55.061
262.72,90.389,23.452,55.112
261.47,90.389,23.599,55.457
261.06,89.496,23.686,55.661
261.06,89.242,23.621,55.508
260.81,89.18,23.592,55.441
259.32,89.002,23.572,55.395
257.31,89.093,23.579,55.41
255.43,88.804,23.742,55.793
254.23,88.381,23.629,55.528
253.99,88.576,23.604,55.469
253.68,88.005,23.443,55.09
253.92,87.891,23.517,55.265
254.03,87.861,23.428,55.055
253.64,87.83,23.315,54.791
252.56,87.838,23.299,54.752
251.1,87.36,23.36,54.895
249.91,87.069,23.306,54.77
249.2,87.021,23.21,54.544
249.46,86.815,23.129,54.353
250.29,86.426,23.143,54.386
251.08,86.343,22.976,53.994
251.4,86.417,23.072,54.219
251.26,85.803,22.982,54.009
250.52,85.709,22.737,53.431
249.39,85.29,22.753,53.469
249.1,84.655,22.782,53.538
249.44,84.387,22.836,53.664
249.42,82.407,22.723,53.4
250.17,81.999,22.523,52.93
249.62,83.019,22.431,52.712
249.65,83.089,22.379,52.59
249.58,83.248,22.322,52.457
249.92,82.656,22.243,52.272
249.85,82.592,22.217,52.21
250.38,82.815,22.163,52.082
251.15,83.401,22.106,51.948
251.96,82.804,22.18,52.124
252.63,81.909,22.131,52.009
252.7,81.729,22.237,52.258
252.63,81.304,22.303,52.413
252.48,80.706,22.294,52.391
252.65,80.18,22.267,52.328
252.72,80.499,22.204,52.179
253.51,80.638,22.006,51.715
254.35,80.343,21.974,51.638
254.97,79.795,22.031,51.773
255.92,79.368,22.003,51.706
256.49,79.32,21.984,51.663
257.53,78.735,21.918,51.508
257.86,77.902,21.929,51.534
259.01,77.722,21.946,51.572
260.33,78.166,21.915,51.5
263.07,77.772,21.897,51.457
264.42,77.11,21.848,51.343
265.48,76.733,21.702,51
266.15,76.917,21.411,50.315
267.3,76.905,21.219,49.864
267.81,76.569,21.307,50.072
268.84,76.128,21.2,49.82
269.69,75.586,21.325,50.113
270.51,76.168,21.195,49.808
271.84,75.977,21.261,49.963
273.28,75.083,21.078,49.534
268.52,78.711,20.956,49.247
276.08,75.236,21.103,49.592
276.32,76.322,21.249,49.934
278,74.275,21.169,49.748
279.15,73.421,21.146,49.693
280.12,72.959,21.063,49.498
280.71,72.366,20.892,49.096
283.97,72.082,20.873,49.051
284.39,71.673,20.766,48.8
284.93,72.641,20.74,48.74
283.92,72.57,20.717,48.685
284.58,71.571,20.676,48.589
284.58,76.435,21.264,49.971
280.9,71.683,21.18,49.774
285.9,70.445,21.228,49.885
287.08,70.062,21.144,49.689
288.63,69.677,21.11,49.608
287.78,69.952,21.173,49.757
285.95,70.183,21.271,49.986
283.92,70.401,21.168,49.746
282.86,70.3,21.159,49.723
284.13,70.648,21.331,50.127
285.56,70.52,21.31,50.079
285.15,70.198,21.165,49.739
285.62,70.645,21.193,49.804
287.32,90.666,21.065,49.502
288.37,113.25,20.949,49.231
286.67,110.75,20.929,49.182
287.4,111.18,20.85,48.997
287.32,111.43,20.775,48.821
288.07,111.69,20.748,48.757
287.63,112.36,20.69,48.622
287.28,112.46,20.672,48.579
287.63,112.97,20.644,48.513
287.78,113.01,20.696,48.636
287.6,113.11,20.714,48.679
288.1,113.31,20.743,48.746
287.37,113.34,20.772,48.815
287.44,114.11,20.788,48.851
288.06,114.07,20.889,49.089
287.25,114.23,20.864,49.03
287.06,114.69,20.788,48.852
288.39,114.59,20.746,48.753
288.76,114.04,20.77,48.809
289.11,113.79,20.773,48.817
289.39,113.16,20.792,48.861
289.96,112.53,20.755,48.774
290.04,112.11,20.775,48.821
289.78,112.3,20.786,48.848
289.85,111.92,20.714,48.678
289.73,112.13,20.692,48.626
289.75,112,20.663,48.557
289.24,111.88,20.67,48.573
289.22,112.13,20.641,48.507
288.85,111.99,20.563,48.323
288.84,111.99,20.532,48.251
288.73,111.84,20.532,48.251
288.61,112,20.557,48.308
288.75,111.87,20.547,48.286
288.65,111.89,20.566,48.33
288.39,111.84,20.579,48.361
288.6,111.96,20.508,48.193
288.49,111.93,20.539,48.267
288.27,111.85,20.537,48.262
288.23,111.92,20.552,48.297
288.22,111.87,20.56,48.317
288.22,111.86,20.541,48.272
287.92,111.81,20.547,48.286
287.92,111.68,20.5,48.174
287.77,111.85,20.441,48.036
288.05,112.17,20.525,48.234
287.84,111.82,20.506,48.19
287.71,112.01,20.471,48.106
287.86,112.3,20.447,48.05
287.87,112.32,20.438,48.029
288,112.31,20.464,48.09
287.95,112.23,20.485,48.141
287.37,112.13,20.426,48
287.36,112.36,20.462,48.085
287.57,112.25,20.442,48.039
287.54,112.45,20.481,48.13
287.4,112.17,20.55,48.291
286.86,111.86,20.558,48.311
286.98,111.9,20.617,48.451
286.81,111.86,20.61,48.433
286.82,111.65,20.634,48.49
286.89,111.71,20.635,48.491
286.65,111.57,20.631,48.483
286.48,111.56,20.638,48.499
286.66,111.51,20.657,48.544
286.8,111.8,20.683,48.604
286.63,111.95,20.672,48.58
286.64,111.93,20.715,48.679
286.67,112.06,20.73,48.716
286.77,112.06,20.752,48.767
286.91,112.22,20.751,48.764
286.94,112.43,20.66,48.552
286.58,112.38,20.593,48.394
286.38,112.13,20.607,48.426
286.29,112.12,20.702,48.649
286.62,112.34,20.698,48.641
286.45,112.42,20.703,48.652
286.64,112.6,20.674,48.583
286.46,112.46,20.699,48.642
286.76,112.69,20.672,48.579
286.51,112.48,20.669,48.573
286.7,112.76,20.642,48.508
286.59,112.69,20.672,48.579
286.72,112.85,20.721,48.694
286.86,113.01,20.636,48.495
286.59,112.79,20.666,48.564
286.82,112.94,20.693,48.628
287.08,113,20.799,48.878
287.13,113.05,20.863,49.028
286.87,112.9,20.839,48.973
287.08,112.96,20.866,49.034
287.09,113,20.909,49.137
287.18,112.97,20.978,49.297
287.19,113.21,21.052,49.471
287.19,113.02,21.084,49.546
287.62,113.4,20.98,49.304
287.51,113.44,20.899,49.112
287.52,113.56,20.897,49.108
287.66,113.65,20.844,48.985
287.53,113.52,20.811,48.906
287.75,113.82,20.812,48.908
287.68,113.78,20.769,48.806
288.04,114.17,20.821,48.928
287.5,113.91,20.875,49.056
287.7,113.82,20.811,48.907
287.77,113.95,20.766,48.801
288.02,114.35,20.789,48.853
288.2,114.12,20.917,49.156
287.77,113.76,20.89,49.092
287.98,114.22,20.895,49.103
287.98,114.3,20.837,48.967
288.02,114.5,20.802,48.884
288.43,114.69,20.773,48.817
288.34,114.84,20.811,48.906
288.05,114.6,20.785,48.844
288.6,115.07,20.863,49.027
287.96,114.79,20.797,48.874
288.37,114.99,20.823,48.935
288.21,114.96,20.745,48.751
288.3,114.87,20.781,48.834
288.48,115.18,20.862,49.025
288.22,114.84,20.914,49.149
288.48,114.84,20.863,49.029
288.28,114.94,20.913,49.145
288.36,115.13,20.905,49.127
288.43,115.02,20.876,49.058
288.43,115.12,20.958,49.25
288.32,114.91,20.96,49.255
