236.5,62.5,34,29
237.37,62.136,34.429,29.366
237.61,62.114,34.601,29.513
237.98,62.475,35.686,30.438
238.01,62.314,36.218,30.891
243.32,63.841,36.12,30.808
245.19,64.437,35.699,30.449
246.81,64.645,35.675,30.428
248.52,64.956,36.209,30.884
250.53,65.329,36.211,30.886
251.99,65.728,36.596,31.215
253.36,66.702,37.018,31.575
253.8,66.304,37.087,31.633
254.71,66.729,37.785,32.228
256.72,67.455,37.77,32.216
259.12,68.151,37.829,32.266
260.45,68.538,37.911,32.336
261.61,68.979,37.949,32.368
263.54,69.519,38.003,32.414
265,69.685,38.085,32.484
266.66,70.479,38.204,32.586
268.74,70.808,39.039,33.298
268.86,71,39.259,33.486
270.92,72.271,39.273,33.498
273.11,72.968,39.093,33.344
274.85,72.973,39.778,33.928
276.34,73.682,40.118,34.218
277.88,73.811,40.178,34.27
279.96,74.146,40.623,34.649
281.8,74.613,40.721,34.732
283.81,75.591,40.235,34.318
285.98,76.346,40.076,34.183
287.08,76.652,40.127,34.226
288.88,77.006,40.068,34.175
290.55,77.777,40.261,34.34
292.37,78.388,40.686,34.702
293.71,78.647,41.266,35.198
296.23,79.648,41.43,35.337
298.93,80.336,41.656,35.531
301.38,81.136,41.809,35.661
303.18,81.55,41.945,35.777
305.04,82.395,41.839,35.686
307.51,82.922,42.211,36.004
309.65,83.807,42.411,36.174
312.64,84.64,42.776,36.485
315.58,85.253,43.131,36.788
318.04,85.996,43.229,36.872
320.51,86.653,43.874,37.422
322.72,87.823,44.004,37.533
324.4,88.187,44.673,38.103
326.76,89.188,44.896,38.294
329.36,89.993,45.115,38.481
332.34,90.734,45.729,39.004
334.82,91.567,46.242,39.442
337.25,92.481,46.728,39.856
339.08,93.313,47.504,40.518
341.64,93.611,47.915,40.869
344.36,94.642,48.428,41.307
346.95,95.192,49.017,41.809
349.62,96.215,49.479,42.203
353.79,97.427,49.865,42.532
357.3,98.493,50.597,43.156
360.6,99.671,51.173,43.648
363.59,100.95,51.589,44.002
365.51,101.62,51.947,44.308
367.85,102.52,52.499,44.779
369.63,103.51,53.174,45.355
372.18,104.83,53.588,45.708
374.03,105.9,54.024,46.08
375.61,106.77,54.699,46.655
377.52,108.34,55.249,47.125
378.82,109.52,55.675,47.487
379.55,111.19,56.153,47.895
380.61,112.74,56.674,48.34
380.92,113.36,57.531,49.07
381.37,114.85,58.225,49.663
381.43,116.6,58.555,49.944
381.6,118.54,58.994,50.318
381.67,120.11,59.686,50.908
382.01,123.04,60.004,51.18
382.62,124.93,60.359,51.483
382.49,126.81,61.212,52.21
382.94,129.26,61.887,52.786
382.6,130.75,62.494,53.304
382.49,132.8,63.682,54.317
382.23,135.52,64.667,55.157
381.83,137.8,65.589,55.943
381.26,139.12,66.549,56.762
380.13,141.24,67.402,57.49
378.42,143.9,68.462,58.394
376.14,147.23,69.584,59.351
374.41,150.18,70.81,60.397
371.7,153.4,72.035,61.442
368.54,157.91,73.072,62.326
365.24,160.44,74.146,63.242
361.09,164.96,74.899,63.885
355.36,167.69,76.048,64.864
351.9,170.48,77.049,65.718
346.44,173.72,78.445,66.909
339.35,177.54,79.569,67.868
333.53,182.58,80.32,68.508
326,188.03,81.044,69.126
318.26,193.35,82.064,69.996
309.43,198.64,83.121,70.897
296.35,205.98,84.292,71.896
285.42,211.48,85.54,72.961
270.96,220.89,86.264,73.578
256.85,226.63,87.648,74.758
243.13,234.5,88.597,75.568
228.28,240.64,89.36,76.219
214.99,247.19,89.914,76.691
194.17,254.52,90.566,77.248
173.21,265.89,91.063,77.671
166.5,272.38,90.794,77.442
154.06,279.45,91.579,78.112
129.8,293.94,91.311,77.883
109.83,302.84,91.123,77.722
77.061,310,91.493,78.038
53.57,320.74,92.113,78.567
29.034,332.6,92.913,79.25
6.8771,345.29,93.43,79.69
