439.5,319.5,51,143
442.21,317.17,50.814,142.48
443.13,320.04,50.157,140.64
443.73,319.44,49.968,140.11
443.41,310.71,50.18,140.7
443.11,305.06,49.656,139.23
441.92,308.15,48.954,137.26
441.13,307.39,48.634,136.36
441.06,265.44,48.209,135.17
437.62,217.49,48.306,135.45
437.28,175.38,47.746,133.88
437.54,135.68,46.79,131.2
437.29,130.04,46.539,130.49
437.56,174.31,46.923,131.57
438.44,222.61,47.198,132.34
439.58,250.82,46.565,130.57
440.12,289.34,45.903,128.71
439.6,253.78,45.913,128.74
438.48,213.57,46.361,129.99
437.14,166.55,46.22,129.6
435.77,120.42,46.134,129.36
435.95,119.71,45.799,128.42
436.38,158.4,45.408,127.32
436.46,203.44,45.485,127.54
436.07,245.08,45.152,126.6
435.68,272.11,44.911,125.93
434.73,228.3,45.086,126.42
433.35,183.98,44.666,125.24
432.17,157.24,44.438,124.6
430.26,93.942,44.029,123.45
431.01,106.53,44.027,123.45
431.52,155.84,43.598,122.24
430.93,198.68,42.897,120.28
431.25,258.39,42.113,118.08
429.83,237.97,42.114,118.09
426.63,180.99,42.552,119.31
424.37,140.1,42.278,118.54
422.84,97.683,42.082,118
421.47,98.792,42.231,118.41
420.63,140.39,42.077,117.98
420.55,168.7,41.922,117.55
418.78,209.96,41.854,117.36
418.32,247.97,41.805,117.22
417.38,213.47,41.625,116.71
415.95,174.2,41.208,115.54
413.63,131.77,41.38,116.03
409.24,81.531,41.201,115.53
408.47,81.22,40.905,114.7
408.57,136.15,40.861,114.57
407.61,182.85,40.569,113.75
405.92,223.93,39.964,112.05
404.31,221.8,39.723,111.38
402.38,178.65,39.68,111.26
400.97,150.13,39.476,110.69
395.45,92.195,39.501,110.76
393.74,52.295,39.423,110.54
393.49,92.68,39.455,110.63
392.42,129.2,39.61,111.06
390.05,161.17,39.73,111.4
389.26,194.91,39.419,110.53
385.8,200.08,39.268,110.1
382.16,157.49,39.168,109.83
377.79,116.46,39.254,110.07
373.43,73.775,39.042,109.47
374.06,57.464,38.932,109.16
373.34,97.979,38.838,108.9
372.77,144.32,38.851,108.94
370.73,190.2,38.733,108.6
369.32,218.55,38.551,108.09
368.86,192.24,38.079,106.77
366.24,149.03,37.932,106.36
363.87,110.59,37.728,105.79
359.02,48.561,37.405,104.88
357.52,61.48,37.266,104.49
358.6,106.7,36.977,103.68
356.42,160.99,36.789,103.15
354.82,212.68,36.482,102.29
353.55,212.81,35.934,100.76
352.65,213.26,35.619,99.872
351.71,212.43,35.349,99.116
350.85,210.49,34.909,97.882
349.73,209.65,34.863,97.752
347.73,210.06,34.735,97.395
346.1,210.91,34.599,97.013
344.36,208.75,34.21,95.922
343.88,207.88,33.799,94.77
342.66,207.53,33.783,94.725
341.55,208.4,33.723,94.558
340.26,207.23,33.73,94.576
338.96,205.32,33.49,93.904
337.85,204.89,33.575,94.141
337.12,206.46,33.616,94.257
335.17,204.71,33.562,94.105
334.09,203.4,33.501,93.935
333.2,202.18,33.39,93.622
332.82,201.97,33.354,93.523
331.49,202.08,33.307,93.392
331.5,201.65,33.171,93.008
330.59,199.61,32.827,92.045
330.41,199.9,32.801,91.973
330.36,200.23,32.758,91.851
328.95,199.58,32.621,91.467
328.08,197.64,32.426,90.919
328.76,196.43,32.263,90.463
350.26,197.59,32.154,90.157
373.23,192.59,31.86,89.333
384.23,192.82,31.414,88.082
383.89,191.77,31.336,87.864
382.54,191.99,31.233,87.576
382.12,192.19,31.202,87.488
382.22,191.24,30.974,86.847
382.06,190.17,30.731,86.169
381.64,189.35,30.862,86.535
381.41,189.24,30.774,86.289
380.52,188.15,30.7,86.079
381.07,186.79,30.452,85.386
380.45,186.11,30.402,85.245
379.4,185.8,30.49,85.492
378.01,185.87,30.313,84.995
377.33,185.08,30.179,84.62
376.76,183.6,29.861,83.727
376.24,182.2,29.792,83.534
375.15,181.75,29.786,83.518
387.34,176.95,29.765,83.459
419.41,176.42,29.505,82.73
419.86,181.12,29.411,82.466
418.05,182.26,29.373,82.36
417.42,182.35,29.531,82.802
416.27,181.23,29.45,82.574
415.02,179.84,29.364,82.335
413.45,179.42,29.42,82.492
412.73,179.27,29.441,82.55
412.15,178.47,29.277,82.091
411.34,177.49,28.997,81.306
410.73,177.65,28.977,81.25
409.27,177.69,28.981,81.262
407.88,177.59,28.889,81.002
407.16,176.37,28.766,80.658
406.29,175.21,28.745,80.598
406.51,175.32,28.712,80.506
406.63,175.58,28.476,79.844
406.54,175.13,28.389,79.602
406.53,173.9,28.25,79.211
406.16,173.62,28.141,78.905
405.94,174.18,28.311,79.381
405.38,173.22,28.221,79.13
405.06,172.02,27.862,78.123
405.22,171.49,27.878,78.167
405.15,171.97,27.873,78.155
405.16,171.73,27.833,78.042
405.38,170.48,27.631,77.475
404.57,169.86,27.528,77.186
404.66,170.32,27.65,77.529
404.09,169.82,27.762,77.841
403.01,169.26,27.69,77.639
402.4,167.47,27.454,76.98
402.4,167.14,27.524,77.175
402.41,167.26,27.614,77.428
401.89,166.91,27.595,77.375
401.9,165.8,27.286,76.508
401.07,164.46,27.248,76.402
399.58,164.91,27.157,76.147
397.95,164.57,26.892,75.403
396.58,163.65,26.69,74.838
396.8,163.11,26.692,74.842
395.78,162.15,26.561,74.475
394.8,162.32,26.485,74.263
395.23,162.89,26.535,74.403
394.37,161.77,26.521,74.363
393.89,161.2,26.389,73.993
393.44,160.33,26.349,73.88
392.43,160.59,26.224,73.53
391.7,161.02,26.148,73.318
390.4,159.94,26.053,73.05
389.3,157.98,26.143,73.302
388.75,159,26.16,73.352
388.43,158.97,26.15,73.321
387.96,158.01,26.091,73.158
386.16,155.97,25.967,72.81
385.63,156.98,26.015,72.944
383.96,155.58,25.986,72.864
383.52,154.95,25.969,72.816
383.52,153.67,25.952,72.767
383.82,154.86,25.855,72.496
383.91,154.36,25.679,72.001
384.53,153.2,25.611,71.811
384.86,152.37,25.473,71.423
384.36,152.21,25.365,71.122
384.79,153.15,25.327,71.015
384.33,152.04,25.199,70.656
384.1,150.03,25.038,70.204
384.42,150.55,24.976,70.03
384.19,150.63,24.909,69.843
385.22,150.62,24.644,69.099
384.97,149.36,24.584,68.933
384.88,149.59,24.578,68.914
385.02,150.03,24.543,68.816
385.06,149.53,24.432,68.505
383.57,148.04,24.236,67.957
384.36,148.2,24.087,67.538
384.55,148.23,23.996,67.283
385.29,148.14,24.02,67.351
385.52,147.76,23.906,67.029
385.06,146.23,23.832,66.823
384.66,147.07,23.75,66.593
384.52,147.13,23.802,66.738
384.01,145.96,23.757,66.614
384,145.16,23.631,66.259
383.44,145.1,23.511,65.924
383.65,145.83,23.574,66.1
383.44,144.32,23.524,65.961
383.16,143.78,23.446,65.742
382.18,143.36,23.412,65.646
381.85,143.46,23.389,65.58
381,143.24,23.342,65.448
380.22,141.9,23.312,65.365
380.38,141.32,23.31,65.358
379.69,141.57,23.333,65.423
379.4,140.6,23.243,65.172
379.45,140.32,23.21,65.078
378.91,139.7,23.223,65.114
379.09,140.61,23.192,65.029
378.61,140.44,23.091,64.744
377.78,138.92,22.967,64.397
378.86,138.69,22.833,64.022
378.52,138.37,22.679,63.591
379.4,138.96,22.557,63.249
379.04,138.07,22.278,62.466
379.04,136.59,22.166,62.153
379.77,136.88,22.066,61.871
379.81,137.98,22.003,61.695
379.87,137.3,21.829,61.206
379.89,136.71,21.708,60.869
380.53,136.07,21.754,60.998
