344.5,190.5,31,74
343.43,188.43,31.368,74.879
335.54,192.37,31.074,74.176
329.74,191.46,31.132,74.316
322.74,189.55,31.347,74.828
317.28,189.16,31.155,74.371
312.41,191.71,31.257,74.613
302.85,192.58,31.527,75.258
296.97,191.4,31.506,75.207
292.08,188.88,32.061,76.533
285.96,193.59,32.192,76.845
281.83,195.48,31.817,75.95
271.64,195.15,31.461,75.102
266.08,191.93,32.142,76.726
260.24,192.77,32.383,77.302
255.68,196.29,32.22,76.913
247.32,197.43,32.169,76.791
242.31,193.34,32.599,77.816
240.42,195.41,32.432,77.419
239.66,196.59,31.846,76.021
238.21,191.87,31.424,75.012
239.21,194.45,31.434,75.036
239.42,197.2,31.221,74.528
254.1,199.91,31.308,74.736
247.67,200.35,31.089,74.213
246.56,184.23,31.124,74.297
245.18,187.63,31.49,75.171
239.73,186.43,31.229,74.547
249.22,191.81,31.163,74.39
248.03,213.02,30.954,73.891
267.56,218.8,30.853,73.65
268.37,219.59,31.136,74.324
269.26,220.78,31.103,74.246
263.91,221.86,31.155,74.37
263.34,221.74,31.499,75.191
263.32,222.89,31.6,75.432
264.36,222,31.703,75.678
264.18,220.75,31.855,76.041
263.95,221.63,31.684,75.632
263.21,221.19,31.743,75.772
264.01,220.5,31.976,76.329
263.82,221.46,31.835,75.994
263.42,221.15,31.777,75.855
263.67,221.36,31.737,75.759
263.56,221.31,31.664,75.584
263.53,221.74,31.554,75.322
264.06,221.05,31.685,75.636
263.79,221.16,31.673,75.607
263.87,221.4,31.603,75.439
264.41,221.09,31.773,75.844
265.4,221.44,31.811,75.936
265.1,221.38,32.15,76.746
262.7,209.04,32.361,77.249
265.54,220.5,32.336,77.189
264.81,221.12,32.122,76.679
265.53,221.34,32.136,76.712
265.49,221.11,32.107,76.642
265.66,221.27,32.267,77.024
289.76,221.32,32.283,77.063
299.94,211.88,32.099,76.623
289.58,212.15,31.747,75.782
292.23,222.41,31.709,75.692
295.81,225.1,31.52,75.242
285.65,225.63,31.554,75.322
282.07,234.81,31.611,75.459
288.16,231.89,31.681,75.625
291.69,230.65,31.675,75.611
301.59,226.16,31.771,75.84
302.15,223.91,32.002,76.393
296.39,225.23,31.81,75.933
303.7,237.08,31.832,75.986
305.37,236.15,31.826,75.972
291.4,253.74,31.647,75.545
275.32,260.49,31.624,75.489
267.87,245.19,31.805,75.923
268.64,245.66,31.979,76.337
266.99,241.74,31.945,76.255
265.71,242.9,31.775,75.85
265.81,239.87,31.823,75.965
266.74,242.2,31.785,75.873
265.77,242.8,31.728,75.739
267.42,242.36,31.917,76.189
269.96,245.23,32.042,76.487
269.08,243.64,32.06,76.529
266.34,240.97,31.882,76.105
266.52,241.84,31.905,76.16
268.23,242.36,32.026,76.45
267.7,241.97,32.088,76.598
268.36,242.65,31.983,76.346
268.44,242.04,31.901,76.151
271.04,242.44,31.743,75.775
268.75,240.07,31.786,75.876
268.79,242.34,31.993,76.371
269.78,242.86,31.997,76.38
270.23,244.34,32.05,76.506
269.73,243.23,32.229,76.934
270.28,241.42,32.232,76.94
270.18,242.04,32.269,77.03
270.57,241.87,32.298,77.098
269.94,241.87,32.252,76.99
269.72,241.56,32.407,77.359
269.75,240.15,32.554,77.709
269.6,236.98,32.62,77.868
271.8,235.05,32.651,77.941
272.04,235.67,32.651,77.941
262.31,245.44,32.817,78.337
278.09,255.97,32.595,77.807
280.48,262.71,32.592,77.8
278.79,264.7,32.561,77.726
266.33,259.05,32.604,77.828
254.86,261.76,32.52,77.628
260.14,257.73,32.163,76.775
257.75,257.64,32.239,76.958
279.05,254.23,32.192,76.844
279.07,256.03,32.116,76.665
285.14,256.63,32.078,76.572
286.82,253.14,32.061,76.533
280.64,254.8,31.96,76.292
284.28,255.48,31.921,76.198
284.52,263.54,31.832,75.986
284.56,259.65,31.882,76.106
283.18,257.6,31.918,76.191
281.21,261.6,31.906,76.162
286.68,259.89,31.905,76.16
290.81,255.88,31.862,76.057
282.06,255.99,31.665,75.586
284.55,253.05,31.748,75.787
282.08,253.77,31.718,75.715
283.16,254.55,31.744,75.777
282.87,255.58,31.609,75.454
283.86,253.56,31.642,75.533
285.85,252.54,31.697,75.663
287.73,254.54,31.693,75.653
283.26,254.25,31.764,75.823
282.77,252.66,31.725,75.731
282.93,253.87,31.687,75.64
283.88,254.34,31.68,75.622
282.66,254.83,31.748,75.786
296.86,258.07,31.438,75.047
293.16,262.92,31.049,74.117
283.36,265.62,30.897,73.754
271.96,265.68,30.79,73.5
272.99,276.33,30.696,73.274
284.98,275.42,30.501,72.81
286.5,272.31,30.45,72.687
297.94,269.26,30.598,73.04
297.2,278.18,30.266,72.247
307.02,278.87,29.897,71.367
290.16,277.07,29.65,70.777
271.62,275.65,29.744,71.002
268.76,274.65,29.756,71.031
264.72,272.84,29.754,71.026
255.75,273.53,29.75,71.016
266.96,275.82,29.688,70.869
259.68,266.16,29.693,70.879
255.24,264.35,29.695,70.885
256.72,264.49,29.734,70.979
257.05,263.4,29.769,71.061
253,263.07,29.869,71.299
255.49,264.56,29.976,71.557
258.41,264.45,30.014,71.647
262.39,271.44,29.937,71.463
265.27,271.75,29.736,70.983
257.87,265.55,29.732,70.974
267.99,273.3,29.674,70.835
270.28,273.51,29.735,70.981
272.97,272.62,29.871,71.306
271.63,271.92,29.98,71.564
270.25,271.66,29.893,71.358
270.61,273.51,29.789,71.109
271.46,274.04,29.898,71.369
272.21,274.76,30.028,71.679
272.67,275.31,30.196,72.081
271.92,274.88,30.308,72.347
272.47,274.29,30.35,72.449
273.29,273.46,30.365,72.485
278.32,272.43,30.218,72.133
281.01,275.81,29.84,71.231
269.94,277.76,29.798,71.131
265.11,274.53,29.699,70.895
261.55,276.71,29.578,70.606
264.67,279.27,29.441,70.279
260.14,279.47,29.468,70.342
263.5,278.75,29.331,70.016
262.29,279.92,29.257,69.84
259.16,279.44,29.25,69.823
259.23,279.29,29.218,69.746
266.15,278.9,28.896,68.978
265.13,279.19,28.913,69.018
276.75,280.45,29.073,69.399
259.47,277.3,29.156,69.598
263.59,278.41,29.278,69.889
249.69,279.05,29.287,69.911
251.07,281.19,29.342,70.043
253.5,281.32,29.403,70.189
244.27,280.44,29.448,70.296
246.85,278.63,29.591,70.636
239.65,278.47,29.559,70.561
227.94,277.72,29.543,70.522
231.27,278.63,29.572,70.591
223.3,279.42,29.49,70.395
224.6,279.33,29.316,69.98
225.3,279.11,29.414,70.214
224.28,280.16,29.464,70.334
221.26,279.22,29.537,70.508
226.55,280.31,29.514,70.454
227.1,279.13,29.461,70.326
225.78,278.85,29.505,70.432
226.55,280.66,29.355,70.072
226.66,278.74,29.379,70.131
228.05,279.16,29.529,70.489
228.55,278.63,29.534,70.501
231.63,278.73,29.463,70.33
227.57,279.09,29.519,70.466
229.2,279.45,29.546,70.53
220.18,280.02,29.583,70.618
224.29,277.81,29.54,70.514
218.75,279.16,29.498,70.414
226.42,280.43,29.493,70.402
211.32,278.85,29.73,70.968
226.42,279.42,29.649,70.776
228.19,279.38,29.733,70.975
232.63,280.68,29.624,70.716
230.13,279.16,29.746,71.006
226.96,275.64,29.854,71.265
228.07,277.59,30.01,71.636
239.07,286.5,29.956,71.508
238.32,284.49,30.041,71.71
256.38,283.95,29.995,71.602
251.76,280.14,29.922,71.426
256.19,272.99,29.724,70.955
243.67,279.79,29.884,71.336
246.29,299.03,29.831,71.21
243.81,299.31,29.939,71.466
243.61,295.09,29.891,71.352
241.14,295.85,29.823,71.19
222.02,301.13,29.825,71.194
223.12,300.62,29.837,71.224
225.65,299.38,29.899,71.371
222.21,297.45,29.9,71.373
223.49,299.28,29.7,70.897
227.6,306.05,29.685,70.86
230.32,308.91,29.588,70.63
221.06,304.12,29.449,70.298
223.23,304.04,29.254,69.832
221.19,301.9,29.008,69.245
216.17,296.79,29.014,69.26
218.02,296.72,28.989,69.199
221.62,299.58,29.018,69.269
223.98,299.54,29.133,69.542
221.37,299.98,29.075,69.404
226.1,297.63,29.19,69.68
225.26,298.48,29.269,69.867
221.41,302.18,29.077,69.41
224.84,303.02,28.932,69.064
225.54,303.02,28.706,68.523
227.78,304.42,28.561,68.178
243.07,303.21,28.591,68.251
247.29,300.14,28.815,68.785
246.01,298.81,28.901,68.991
248.35,300.73,29.063,69.377
247.98,300.45,29.025,69.285
247.75,301.99,29.064,69.377
237,301.98,29.118,69.509
225.31,303.24,29.082,69.421
225.5,302.84,29.077,69.41
231.91,308.12,28.889,68.96
242.94,301.81,28.936,69.072
244.39,301.3,28.961,69.133
247.1,301.73,29.009,69.247
245.56,301.91,29.062,69.374
249.24,301.88,29.048,69.34
249.6,299.45,29.104,69.473
252.63,301.46,29.108,69.484
252.39,303.08,29.283,69.901
250.86,303.45,29.264,69.856
259.05,307.48,29.363,70.093
259.61,305.18,29.456,70.313
274.27,306.29,29.457,70.318
282.1,303.7,29.378,70.127
281.65,302.35,29.281,69.897
281.39,302.33,29.254,69.831
280.86,301.51,29.307,69.959
288.66,301.14,29.591,70.637
295.81,303.28,29.64,70.753
304.4,303.69,29.462,70.329
307.18,303.57,29.33,70.014
304.48,301.8,29.176,69.645
306.44,302.36,29.141,69.563
307.9,302.45,29.211,69.729
306.98,303.4,29.224,69.761
308.4,303.49,29.207,69.72
309.2,304.52,29.271,69.874
314.79,306.18,29.25,69.823
317.86,306.24,29.181,69.658
313.56,309.8,29.058,69.365
310.37,305.88,29.201,69.707
304.72,302.72,29.322,69.995
308.39,303.04,29.56,70.562
306.46,304.53,29.452,70.304
309.22,305.39,29.508,70.438
307.12,303.65,29.539,70.513
308.33,304.42,29.459,70.323
309.59,304.58,29.568,70.582
309.18,304.74,29.634,70.739
314.68,307.66,29.587,70.627
316.59,310.01,29.54,70.515
311.28,306.59,29.6,70.658
310.66,307.22,29.584,70.62
310.35,306.52,29.468,70.343
312.9,306.03,29.614,70.692
313.68,306.06,29.538,70.51
313.48,307.61,29.451,70.302
314.74,307.32,29.315,69.978
320.82,309.09,29.14,69.561
321.67,309.39,29.113,69.495
317.94,308.23,29.155,69.597
316.38,305.01,29.498,70.414
318.78,306.45,29.491,70.398
325,308.58,29.391,70.159
316.66,291.05,29.445,70.289
298.54,292.58,29.372,70.115
305.76,303.84,29.471,70.35
310.96,308.69,29.428,70.248
307.34,311.84,29.406,70.196
309.42,309.57,29.471,70.349
287.5,310.83,29.332,70.017
274.74,312.12,29.26,69.847
270.1,311.1,29.28,69.893
272.02,310.66,29.173,69.638
271.09,310.1,29.139,69.557
271.68,310.76,29.167,69.624
266.29,310.85,29.175,69.644
269.01,310.85,29.386,70.146
269.74,310.3,29.547,70.533
269.19,310.38,29.569,70.583
269.68,310.3,29.57,70.585
271.24,309.96,29.716,70.934
267.85,308.41,29.718,70.939
269.88,308.67,29.731,70.97
270.08,308.54,29.769,71.061
269.3,308.97,29.827,71.2
269.28,309,29.915,71.41
269.11,308.47,30.003,71.619
270.05,308.86,30.055,71.744
271.09,309.11,29.936,71.461
270.75,308.86,30.003,71.62
271.73,308.5,29.923,71.428
269.05,308.04,29.969,71.539
269.95,308.36,29.976,71.555
270.15,308.18,30.103,71.859
269.18,307.1,30.131,71.925
269.67,308.56,29.989,71.586
270.02,307,30.074,71.79
270.49,307.88,30.028,71.68
270.78,307.95,29.967,71.534
270.48,307.67,29.91,71.399
269.86,307.92,29.885,71.338
269.33,307.2,29.902,71.38
271.02,307.38,29.866,71.294
270.86,307.13,29.985,71.576
270.09,307.81,29.975,71.553
271.15,307.34,30.062,71.762
270.05,308.59,29.873,71.31
270.84,307.21,29.985,71.577
271.3,307.94,29.847,71.249
270.01,307.03,29.971,71.545
271.25,306.71,30.046,71.724
272.09,307.37,30.06,71.755
272.95,307.28,30.086,71.817
273.1,307.05,30.041,71.71
272.56,307.3,30.041,71.712
271.98,306.42,30.095,71.84
272.32,307.05,29.984,71.574
272.96,306.89,30.032,71.69
272.57,306.09,30.164,72.004
272.43,306.07,30.244,72.196
273.31,306.61,30.073,71.788
273.78,306.92,29.872,71.307
273.13,306.44,29.928,71.44
272.77,306.03,29.997,71.606
273.42,306.25,30.114,71.885
273.74,306.25,30.148,71.967
274.36,305.95,30.066,71.77
274.3,306.55,30.088,71.824
273.67,306.63,30.025,71.673
273.48,306.38,29.986,71.58
273.56,306.42,29.994,71.599
273.12,306.32,29.894,71.359
273.46,306.38,29.937,71.462
272.86,306.34,29.883,71.333
272.99,306.23,29.961,71.52
272.7,306.1,29.985,71.578
272.96,306.87,29.871,71.306
272.73,306.48,29.928,71.44
273.05,306.29,29.971,71.543
272.55,306.21,30.033,71.692
273.36,306.84,30.04,71.709
273.2,307.07,29.978,71.56
272.79,307.08,29.986,71.578
272.77,306.46,30.159,71.993
273.02,306.91,30.008,71.631
272.97,307.06,29.943,71.476
272.52,306.3,30.04,71.709
273.21,306.76,29.991,71.592
273.12,307.11,30.032,71.689
272.91,307.33,30.035,71.696
273.01,307.44,30.071,71.783
273.19,307.5,30.049,71.729
273.42,307.46,29.941,71.472
272.88,307.09,29.944,71.478
272.3,306.68,29.994,71.6
272.81,306.45,30.122,71.904
272.39,307.26,30.14,71.947
272.53,307.43,30.067,71.772
273.32,308.03,29.77,71.065
272.79,307.48,29.884,71.336
272.2,307.07,29.878,71.321
272.62,307.2,30.029,71.681
272.61,307.03,30.071,71.782
273.04,307.47,30.024,71.67
272.51,307.13,30.102,71.856
272.04,307.5,30.056,71.746
272.81,307.41,30.112,71.88
272.71,308.08,29.948,71.489
272.37,307.38,29.948,71.489
272.17,308.05,29.748,71.011
272.28,307.76,29.913,71.405
272.44,308.03,29.905,71.385
272.18,308.06,29.852,71.26
272.35,308,29.823,71.191
272.53,308.36,29.812,71.165
271.87,308,29.835,71.218
272.24,308.07,29.732,70.973
273.01,308.23,29.783,71.095
272.19,307.62,30.004,71.623
272.82,308.38,29.908,71.393
272.55,308.45,29.827,71.2
272.19,308.18,29.783,71.095
272.38,308.42,29.821,71.185
272.48,308.28,29.842,71.236
272.44,308.31,29.881,71.328
272.37,308.09,29.812,71.164
272.48,308.26,29.85,71.256
272.28,308.02,29.938,71.465
272.36,308.08,29.987,71.581
271.62,307.75,30.081,71.805
271.86,308.56,30.071,71.782
272.59,308.92,29.962,71.521
271.93,308.15,30.08,71.804
272.58,308.87,29.933,71.453
271.84,308.97,29.827,71.2
271.98,308.55,30.073,71.787
272.77,309.14,30.016,71.651
271.84,308.3,30.168,72.015
272.32,308.78,30,71.614
272.06,309.07,29.991,71.593
271.52,308.26,30.205,72.103
271.84,308.49,30.195,72.079
271.32,308.92,30.151,71.974
271.78,308.68,30.019,71.658
271.68,308.89,30.06,71.755
271.91,308.86,29.956,71.509
271.96,308.45,30,71.612
271.8,308.45,30.042,71.714
272.2,309.19,29.804,71.145
271.89,309.21,29.7,70.896
271.89,309.36,29.602,70.664
266.76,308.75,29.584,70.621
266.56,309.55,29.49,70.397
269.28,308.4,29.993,71.596
268.17,313.18,30.135,71.934
275.02,313.96,30.105,71.864
272.13,313.99,29.945,71.483
284.8,316.53,30.026,71.676
273.11,314.46,29.879,71.323
270.67,314.32,29.383,70.14
264.45,318.13,29.432,70.258
263.85,310.5,29.49,70.396
273.77,320.2,29.487,70.388
258.39,312.86,29.7,70.897
246.23,314.92,29.5,70.42
250.75,312.38,29.108,69.483
244.02,302.48,29.292,69.922
243.92,305.94,29.107,69.481
239.69,316.33,29.127,69.528
249.47,313.73,28.986,69.193
254.31,332.67,28.986,69.191
