870.5,233.5,24,41
871.29,237.9,24.128,41.219
874.09,244.98,23.814,40.682
875.84,246.96,23.774,40.615
877.13,250.5,23.568,40.262
877.21,251.43,23.408,39.988
878.71,254.49,23.294,39.793
880.5,255.67,23.292,39.79
885.64,258.14,23.068,39.408
903.21,263.06,23.547,40.227
907.63,266.58,22.894,39.11
908.64,268.94,22.748,38.862
907.44,271.7,22.426,38.31
903.17,272.28,22.399,38.265
900.55,270.05,22.851,39.037
901.45,268.12,22.834,39.009
906.54,264.83,22.923,39.161
909.15,264.26,22.885,39.094
912.01,263.18,23.039,39.359
915.29,255.7,23.013,39.314
917.89,254.72,23.238,39.698
920.12,254.11,23.04,39.359
921.41,254.61,22.765,38.89
916.71,255.74,22.464,38.376
901.67,259.56,22.344,38.171
898.08,258.45,22.545,38.514
897.68,257.51,22.47,38.387
900.31,256.97,22.474,38.392
905.14,257.43,22.253,38.015
905.82,261,22.291,38.08
905.25,262.48,22.555,38.532
903.88,264.41,22.655,38.702
902.99,263.96,22.691,38.764
902.81,262.84,22.699,38.777
910.3,256.68,22.854,39.043
913.29,249.09,22.628,38.656
915.09,239.46,22.703,38.784
916.67,233.35,22.922,39.158
918.48,230.39,22.861,39.054
921.03,235,22.906,39.13
919.52,242.3,22.831,39.003
912.33,250.38,23.049,39.375
903.41,257.33,22.935,39.18
895.21,260.93,22.745,38.857
891.03,262.54,22.803,38.955
892.61,262.41,22.652,38.698
895.85,262.78,22.452,38.356
896.1,264.44,22.552,38.527
891.55,266.39,22.374,38.222
882.47,262.57,22.355,38.189
880.89,262.33,22.266,38.037
879.83,262.29,22.204,37.931
878.47,262.49,22.279,38.06
876.06,260.34,22.537,38.5
878.91,248.51,22.473,38.391
881.26,247.63,22.645,38.685
882.52,248.85,22.588,38.589
882.31,250.74,22.527,38.483
882.44,251.38,22.512,38.458
889.3,249.17,22.539,38.504
890.26,248.8,22.63,38.659
890.96,247.96,22.663,38.717
890.52,247.88,22.755,38.873
888.18,247.25,22.723,38.818
884.92,242.52,22.624,38.65
884.7,240.41,22.727,38.825
885.35,239.44,22.761,38.884
885.63,239.22,22.822,38.988
884.75,239.59,22.897,39.115
876.69,248.63,22.899,39.12
873.59,253.94,23.083,39.434
870.5,257.45,23.201,39.635
867.72,260.85,23.119,39.494
866.54,263.36,23.015,39.318
865.75,262.09,23.054,39.384
865.19,258.91,23.189,39.615
863.25,254.21,23.128,39.51
860.72,251.95,23.008,39.305
856.69,250.96,22.956,39.216
851.18,247.93,22.899,39.119
849.97,246.71,22.978,39.254
848.46,247.02,23.148,39.544
847.33,246.82,23.19,39.616
845.05,245.41,23.128,39.51
844.3,245.17,23.057,39.389
843.87,244.74,23.198,39.63
842.6,243.35,23.125,39.505
840.8,243.39,23.079,39.427
837.51,243.76,22.97,39.241
829.94,244.46,22.777,38.911
829.28,244.87,22.83,39.002
828.25,244.43,22.89,39.103
828.45,243.89,22.878,39.084
828.69,242.74,22.823,38.989
828.92,241.06,22.958,39.219
827.5,240.16,22.945,39.198
825.05,240.46,22.907,39.132
821.64,240.96,22.776,38.91
819.41,241.74,22.637,38.671
817.35,242.77,22.568,38.554
816.62,243.27,22.653,38.7
816.28,244.1,22.823,38.989
815.38,244.62,22.969,39.238
814.12,245.15,22.985,39.266
813.77,245.34,22.997,39.287
814.2,245.46,22.988,39.271
815.24,245.65,22.969,39.239
815.78,245.68,22.924,39.163
815.9,245.87,22.856,39.046
813.35,245.83,22.736,38.841
812.09,246.99,22.62,38.643
809.98,246.5,22.594,38.598
809.28,246.59,22.641,38.678
808.46,246.22,22.508,38.452
806.23,244.63,22.489,38.418
804.72,243.85,22.483,38.409
802.77,242.3,22.329,38.146
801.54,241.38,22.348,38.177
799.74,240.21,22.506,38.447
797.26,238.35,22.577,38.57
795.74,237.22,22.697,38.773
794.96,235.64,22.595,38.6
793.21,235.2,22.461,38.37
792.46,235.46,22.464,38.377
790.09,236.47,22.552,38.526
787.77,236.05,22.51,38.454
786.21,235.13,22.516,38.466
785.36,234.64,22.418,38.297
785.7,234.58,22.387,38.245
789.47,235.06,22.271,38.045
789.95,235.23,22.28,38.062
790.55,235.4,22.392,38.254
791.2,236.39,22.574,38.565
790.95,236.93,22.615,38.634
789.92,237.61,22.675,38.736
789.53,238.1,22.742,38.852
789.31,238.09,22.751,38.867
791.05,238.51,22.643,38.681
794.14,239.48,22.564,38.547
801.06,243.04,22.503,38.442
801.36,243.47,22.555,38.531
801.1,243.72,22.633,38.665
800.03,243.75,22.682,38.748
799.04,243.97,22.871,39.072
798.24,243.09,22.926,39.166
798.77,242.9,22.734,38.838
799.48,242.98,22.745,38.856
799.59,242.72,22.842,39.021
799.17,242.1,22.901,39.122
798.61,241.18,23.046,39.37
797.54,239.77,22.995,39.283
795.85,239.03,22.787,38.927
795.19,239.21,22.846,39.028
793.98,239.3,22.812,38.971
792.8,240.04,22.616,38.636
790.28,239.38,22.678,38.742
789.76,239.22,22.774,38.905
789.2,238.5,22.669,38.726
788.07,238.68,22.64,38.677
783.74,238.9,22.522,38.476
782.28,239.05,22.396,38.259
781.23,239.65,22.417,38.295
780.27,240,22.565,38.549
778.98,239.88,22.516,38.465
777.38,239.8,22.401,38.269
776.94,240.13,22.298,38.092
775.84,239.81,22.218,37.955
773.96,240.45,22.507,38.449
772.03,240.47,22.725,38.823
769.67,241.67,22.767,38.894
768.77,242.09,22.971,39.243
767.66,243.36,23.069,39.409
767.89,245.22,23.138,39.528
768.68,247.58,23.102,39.466
772.89,251.83,23.157,39.559
774.32,252.83,23.33,39.855
776.36,253.61,23.411,39.993
778.15,255.03,23.426,40.02
778.57,255.15,23.375,39.932
778.63,255.18,23.317,39.833
778.83,255.76,23.316,39.831
779.25,256.67,23.433,40.032
780.21,258.47,23.418,40.005
780.4,258.86,23.489,40.128
781.2,259.61,23.485,40.12
786.18,261.98,23.065,39.403
788.36,263.02,22.928,39.169
789.78,263.6,22.631,38.661
792.45,264.76,22.46,38.369
796.3,266.04,22.219,37.957
811.9,269.38,21.869,37.359
819.19,272.25,22.047,37.663
826.44,272.85,21.817,37.271
828.79,273.63,21.84,37.309
829.47,274.46,21.966,37.526
830.08,277.27,22.156,37.85
830.04,280.73,22.376,38.225
833.21,281.12,22.437,38.329
836,281.71,22.596,38.601
839.27,281.84,22.521,38.473
846.62,284.1,22.364,38.204
850.91,286.37,22.32,38.131
854.04,288.18,22.38,38.232
856.62,289.25,22.587,38.586
858.31,289.28,22.789,38.931
864.31,293.01,22.971,39.243
864.9,294.15,23.199,39.631
864.9,295.8,23.339,39.871
864.92,296.96,23.506,40.156
865.76,298.18,23.532,40.201
869.18,300.06,23.465,40.086
870.32,300.47,23.404,39.982
871.7,301.07,23.415,40
873.45,301.26,23.307,39.816
874.05,301.19,23.151,39.549
877.29,303.15,23.006,39.301
878.55,304.34,22.952,39.21
879.76,305.55,22.981,39.259
880.3,306.25,23.126,39.507
880.2,307.67,23.315,39.829
875.64,309.35,23.187,39.61
873.58,309.65,23.087,39.44
872.5,310.51,23.01,39.309
872.08,310.82,22.937,39.183
871.14,311.01,23.104,39.47
871.25,309.82,23.146,39.542
869.07,309.53,23.029,39.341
866.39,309.66,22.923,39.16
863.68,309.22,22.9,39.121
862.16,308.94,22.921,39.157
861.21,308.58,22.941,39.19
860.93,307.69,22.953,39.211
860.26,307.13,23.04,39.36
858.85,307.27,23.222,39.67
856.91,306.94,23.273,39.758
855.82,307.35,23.348,39.886
855.07,308.76,23.398,39.971
854.79,310.79,23.566,40.258
853.43,312.26,23.573,40.27
851.84,314.62,23.525,40.189
849.32,319.42,23.514,40.169
848.29,322.13,23.459,40.076
847.66,323.88,23.439,40.041
845.32,328.33,23.18,39.6
840.58,331.61,22.979,39.256
830.61,338.82,22.851,39.037
828.1,341.67,22.71,38.797
828.06,342.39,22.736,38.84
827.95,342.53,22.757,38.876
827.72,343.08,22.595,38.6
820.09,347.43,22.504,38.445
814.59,348.45,22.442,38.338
809.45,349.84,22.211,37.944
802.46,351.42,22.137,37.818
795.39,351.42,22.214,37.949
787.98,348.23,22.286,38.072
785.77,346.18,22.321,38.132
784.53,344.04,22.398,38.264
782.53,340.8,22.484,38.411
780.09,338.12,22.65,38.694
777.32,335.67,22.746,38.858
777.46,333.28,23.049,39.376
778.51,330.52,23.192,39.619
780.41,325.73,23.313,39.826
781.5,323.67,23.42,40.009
777.66,321.2,23.29,39.787
769.45,320.38,23.131,39.515
758.18,320.94,22.9,39.122
748.34,320.32,22.84,39.019
742.78,319.5,22.938,39.186
741.98,318.55,22.984,39.265
743.49,317.21,23.026,39.336
748.62,317.08,23.057,39.389
752.38,316.91,23.059,39.392
755.17,316.94,23.021,39.327
755.21,316.83,23.041,39.361
748.08,317.22,22.855,39.044
741.29,318.24,22.723,38.819
737.81,320.57,22.624,38.65
736.91,320.73,22.627,38.655
739.39,320.38,22.7,38.779
740.42,320.59,22.815,38.975
740.33,319.76,22.991,39.277
739.12,318.56,22.958,39.22
738.65,318.32,23.042,39.364
744.21,322.21,23.145,39.54
748.04,325.43,23.117,39.492
749.25,327.2,23.036,39.354
749.66,329.88,23.032,39.346
750.41,332.6,23.051,39.379
756.36,337.07,23.135,39.523
760.84,338.72,23.136,39.524
766.14,341.52,22.974,39.247
769.69,345.73,22.873,39.075
770.85,348.19,22.884,39.093
769.65,353.79,22.861,39.055
766.93,357.82,22.752,38.868
765.74,359.62,22.713,38.802
765.5,360.6,22.719,38.811
767.12,358.73,22.634,38.666
772.78,350.79,22.753,38.87
773.69,345.25,22.819,38.982
770.1,340.01,22.736,38.84
764.52,334.67,22.777,38.91
758.07,328.36,22.765,38.89
750.64,318.27,22.643,38.682
746.88,313.68,22.522,38.475
742.76,311.06,22.439,38.334
737.49,309.34,22.206,37.936
729.31,307.11,22.214,37.949
718.44,304.44,22.045,37.66
712.69,304.05,21.871,37.364
707.34,305.05,21.924,37.454
704.27,305.67,21.851,37.329
702.9,304.97,21.931,37.465
699.89,305.41,21.958,37.511
697.77,307.31,22.17,37.874
695.2,308.45,22.293,38.084
694.35,309.09,22.319,38.129
693.97,310.57,22.428,38.314
695,312.37,22.517,38.466
694.9,313.66,22.553,38.529
695.43,315.21,22.594,38.597
695.72,316.39,22.545,38.515
695.34,318.77,22.469,38.385
693.59,323.51,22.42,38.3
690.65,325.89,22.338,38.16
688.67,328.68,22.234,37.984
688.35,329.93,22.128,37.802
692.29,334.37,22.044,37.658
706.64,340.86,21.896,37.406
716.78,342.8,21.965,37.523
729.32,346.06,22.021,37.619
739.46,349.61,21.871,37.362
748.31,351.52,21.777,37.202
757.19,354.5,21.701,37.073
755.92,358.56,21.505,36.737
755.4,360.04,21.619,36.932
742.77,375.76,21.329,36.437
752.99,379.17,21.148,36.129
748.14,413.43,21.249,36.3
757.25,415.39,21.396,36.551
763.33,415.43,21.501,36.73
770.39,414.57,21.513,36.751
777.22,413.48,21.563,36.837
783.09,411.94,21.64,36.969
785.17,411.63,21.712,37.092
785.46,410.01,21.783,37.212
784.49,407,21.779,37.205
783.86,404.59,21.833,37.298
783.26,402.88,22.033,37.64
781.72,400.75,22.145,37.83
779.53,398.28,22.154,37.847
778.07,395.92,22.278,38.058
776.48,393.43,22.315,38.121
775.5,392.29,22.386,38.242
772.92,390.36,22.512,38.457
770.56,388.88,22.518,38.468
769.22,387.81,22.674,38.734
767.62,386.63,22.74,38.848
766.51,384.54,22.732,38.834
765.27,383.35,22.745,38.856
764.1,383.16,22.885,39.095
760.84,383.25,22.869,39.068
758.48,384.81,22.852,39.039
756.48,386.93,22.937,39.184
755.24,389.93,22.922,39.159
754.32,391.21,22.889,39.101
753.22,391.31,22.805,38.959
754.01,392.06,22.806,38.961
754.89,392.24,22.858,39.048
755.74,391.98,22.805,38.958
756.17,393.07,22.897,39.116
754.84,392.74,22.975,39.25
754.18,392.32,22.959,39.222
754.13,391.7,22.93,39.173
754.67,390.1,22.906,39.131
755.26,388.42,23.08,39.428
756.16,387.54,23.088,39.442
756.77,385.84,23.257,39.73
756.93,383.6,23.422,40.012
757.15,382.75,23.473,40.1
756.75,381.54,23.596,40.31
756.31,380.15,23.384,39.948
756.37,379.3,23.542,40.218
756.2,377.89,23.523,40.185
757.02,377.82,23.524,40.186
757.29,377.97,23.441,40.045
757.92,378.69,23.47,40.094
758.45,379.06,23.412,39.995
758.83,379.7,23.493,40.134
759.15,381.17,23.451,40.063
759.71,383.05,23.503,40.15
759.73,384.97,23.599,40.315
759.8,386.27,23.755,40.582
761,387.97,23.831,40.712
761.84,389.07,23.927,40.876
761.69,390.28,23.969,40.947
760.34,390.82,23.905,40.837
759.23,391.19,23.883,40.801
759.07,391.62,23.865,40.77
758.69,391.53,23.927,40.876
757.53,391.12,23.79,40.641
755.61,390.75,23.833,40.715
753.83,389.36,23.902,40.832
751.97,388.05,23.834,40.716
749.91,387.46,23.725,40.53
748.15,386.89,23.71,40.505
747,385.71,23.62,40.35
745.25,384.15,23.464,40.085
744.05,382.45,23.479,40.11
742.55,379.81,23.37,39.925
741.42,378.64,23.451,40.063
739.25,377.03,23.491,40.131
737.41,376.1,23.448,40.057
735.06,375.53,23.37,39.924
732.64,375.7,23.407,39.986
730.24,378.63,23.338,39.869
727.54,381.67,23.195,39.625
724,383.79,22.926,39.166
720.25,384.87,22.826,38.995
715.24,383.73,22.813,38.971
711.57,383.55,22.798,38.947
708.8,386.83,22.739,38.846
705.72,391.03,22.78,38.917
703.61,394.51,22.823,38.99
702.18,398.84,22.888,39.101
702.75,401.16,23.01,39.309
705.62,402.65,23.301,39.807
709.62,401.08,23.428,40.023
714.34,399.82,23.485,40.121
714.88,400.53,23.603,40.322
714.23,401.53,23.586,40.293
712.62,403.44,23.422,40.012
710.73,404.97,23.485,40.121
709.23,405.78,23.438,40.04
709.29,406.58,23.418,40.005
710.85,405.37,23.442,40.046
710.85,402.68,23.586,40.292
708.24,400.68,23.708,40.501
706.9,399.16,23.711,40.507
704.96,398.05,23.837,40.722
703.07,397.33,23.897,40.824
700.89,396,23.866,40.772
700.16,393.96,23.807,40.671
699.57,392.45,23.728,40.535
698.05,391.73,23.81,40.675
695.87,391.72,23.75,40.573
693.07,391.93,23.748,40.57
692.08,392.06,23.697,40.482
690.93,391.6,23.627,40.363
690.55,391.02,23.49,40.128
690.77,391.05,23.413,39.997
689.51,390.36,23.272,39.757
687.79,389.2,23.131,39.516
686.93,389.02,23.051,39.379
686.38,388.99,23.087,39.441
686.31,388.15,23.182,39.603
687.16,386.68,23.118,39.493
687.72,386.99,23.136,39.525
686.23,387.5,23.057,39.389
683.58,388.79,22.909,39.136
681.36,388.83,22.857,39.047
680.67,389.17,22.736,38.84
680.3,390.15,22.637,38.671
679.27,390.4,22.626,38.653
677.51,390.32,22.555,38.532
675.8,389.11,22.489,38.419
674.48,387.8,22.42,38.301
673.77,387.13,22.404,38.274
673.05,386.78,22.492,38.424
671.09,385.76,22.454,38.359
668.96,385.66,22.559,38.539
667.44,385.28,22.734,38.837
666.61,385.38,22.859,39.05
665.9,385.21,22.989,39.273
666.36,386.33,23.054,39.384
666.64,388.04,23.096,39.456
665.63,390.03,23.121,39.498
664.13,392.02,23.028,39.339
662.25,393.95,23.059,39.392
660.25,395.51,23.062,39.398
659.19,396.74,23.227,39.68
657.95,397.02,23.178,39.596
657.9,397.8,23.236,39.694
658.7,397.62,23.359,39.904
660.55,398.04,23.407,39.987
661.7,397.52,23.58,40.283
661.94,396.62,23.565,40.256
662.16,396.06,23.465,40.086
661.85,396.02,23.461,40.08
661.5,395.88,23.435,40.034
661.4,395.95,23.444,40.051
661.02,395.9,23.462,40.082
661.86,396.62,23.521,40.181
662.11,397,23.492,40.132
661.66,398.08,23.448,40.058
661.01,399.39,23.416,40.003
659.55,401.13,23.443,40.048
659.15,401.91,23.491,40.131
659.4,402.4,23.447,40.055
660.58,402.96,23.419,40.008
661.59,403.13,23.352,39.893
660.93,402.52,23.282,39.773
659.37,401.6,23.163,39.57
656.43,399.72,22.923,39.16
653.32,397.48,22.939,39.187
650.88,395.6,22.903,39.125
648.16,393.73,22.805,38.958
644.9,391.75,22.797,38.945
641.68,389.91,22.741,38.849
638.89,388.04,22.832,39.004
634.72,386.11,22.903,39.125
631.63,385.71,22.715,38.806
628.5,385.18,22.76,38.882
625.65,384.16,22.624,38.649
624.87,382.85,22.609,38.623
626.12,382.2,22.656,38.704
626.98,381.78,22.7,38.78
626.65,381.13,22.836,39.011
623.16,380.06,22.707,38.791
620.09,380.82,22.8,38.95
616.38,381.04,22.782,38.919
612.3,382.09,22.725,38.822
608.7,383.33,22.747,38.859
606.11,384.66,22.66,38.711
605.89,385.07,22.652,38.697
605.66,383.57,22.676,38.738
605.83,382.3,22.679,38.743
602.84,380.96,22.697,38.773
598.05,380.47,22.742,38.851
593.22,380.06,22.744,38.854
590.56,379.81,22.858,39.05
588.42,378.89,22.876,39.08
587.33,378.49,22.967,39.235
588.05,378.5,23.105,39.471
585.09,378.63,23.245,39.71
582.04,378.63,23.386,39.951
580.38,379.42,23.446,40.053
578.72,379.65,23.523,40.185
576.78,379.86,23.527,40.192
576.71,380.57,23.622,40.355
576.04,380.48,23.674,40.442
575.93,380.71,23.664,40.427
575.67,380.85,23.509,40.161
575.22,381.22,23.415,40.001
574.82,381.47,23.315,39.83
573.96,381.17,23.314,39.827
573.24,380.89,23.331,39.858
571.61,380.53,23.397,39.969
569.78,380.98,23.416,40.002
567.27,380.82,23.438,40.041
565.18,380.43,23.553,40.236
562.41,379.88,23.537,40.209
560.35,379.89,23.442,40.047
558.92,379.97,23.439,40.042
556.38,379.27,23.34,39.872
554.68,377.62,23.164,39.572
553.4,375.74,23.233,39.69
551.89,373.86,23.148,39.545
551.17,373.46,23.029,39.341
548.91,372.21,23.059,39.393
543.05,370.17,23.206,39.644
536.53,368.27,23.041,39.362
531.57,368.24,23.022,39.33
525.81,368.02,22.786,38.927
521.04,367.51,22.732,38.834
518.47,367.13,22.745,38.857
516.65,366.21,22.73,38.831
514.3,365.64,22.754,38.872
511.81,365.25,22.86,39.052
509.8,365.06,22.707,38.791
509.51,365.82,22.784,38.923
509.47,366.35,22.879,39.085
510.22,366.74,22.791,38.934
512.07,368.38,22.845,39.027
513.24,369.23,22.938,39.185
514.85,371.65,23.007,39.303
516.15,375.6,23.048,39.374
515.45,378.12,23.138,39.528
512.89,380.47,23.163,39.571
509.21,382.22,23.138,39.527
507.03,383.64,23.088,39.442
505.33,385.01,23.195,39.625
505,386.96,23.201,39.634
504.99,388.81,23.287,39.783
504.7,389.59,23.459,40.075
504.05,391.27,23.465,40.086
503.24,392.63,23.57,40.266
502.5,393.47,23.541,40.216
503.36,394.36,23.386,39.952
505.78,395.33,23.276,39.763
507.26,394.45,23.255,39.727
507.78,394.2,23.168,39.579
507.5,394.92,23.167,39.578
504.16,396.32,23.043,39.366
501.2,397.11,22.933,39.178
500.47,397.26,22.848,39.032
499.49,397.22,22.754,38.871
498.47,397.12,22.68,38.745
496.91,396.06,22.807,38.962
494.27,394.47,22.718,38.811
491.53,392.2,22.756,38.875
488.75,390.75,22.578,38.571
484.96,389.36,22.401,38.269
481.26,388.22,22.324,38.137
478.17,386.77,22.259,38.026
475.41,384.39,22.113,37.777
474.62,382.37,21.977,37.545
474.76,380.96,21.933,37.469
474.43,379.18,21.754,37.164
474.87,379.02,21.714,37.095
480,379.24,21.819,37.274
489.76,379.4,21.844,37.317
500.88,379.92,21.766,37.184
515.07,381.39,21.874,37.368
516.4,380.89,21.865,37.352
549.02,383.74,21.863,37.35
564.28,383.85,21.837,37.306
580.72,386.36,21.941,37.482
592.57,388.51,21.947,37.492
604.86,391.7,22.033,37.639
613.95,394.88,22.141,37.824
619.97,396.74,22.268,38.041
627.18,399.43,22.334,38.154
635.25,402.09,22.392,38.253
644.08,404.78,22.436,38.327
653.4,406.58,22.584,38.581
664.03,408.09,22.593,38.596
673.74,409.29,22.628,38.657
684.29,410.48,22.638,38.673
693.87,411.98,22.632,38.663
701.51,414.07,22.605,38.617
709.63,415.43,22.676,38.737
717.8,415.23,22.718,38.809
727.74,412.68,22.734,38.838
736.47,409.73,22.751,38.866
746.46,405.46,22.741,38.849
752.6,403.55,22.8,38.95
755.09,403.89,22.813,38.972
755.2,407.73,22.818,38.981
752.86,411.24,22.921,39.157
752.08,412.3,22.923,39.16
753.22,412.25,23.026,39.336
756.69,411.09,23.143,39.536
759.59,409.18,23.192,39.62
760.81,406.82,23.003,39.297
760.87,405.81,22.896,39.114
758.73,405.42,22.76,38.882
757.76,405.98,22.65,38.694
757.61,406.15,22.533,38.493
759.59,406.01,22.514,38.462
762.65,404.98,22.568,38.553
764.82,404.52,22.618,38.639
766.63,404.45,22.627,38.654
767.86,404.37,22.683,38.75
768.65,404.97,22.735,38.839
768.56,404.87,22.788,38.929
768.59,404.75,22.808,38.963
768.76,404.82,22.815,38.976
769.73,405.21,22.931,39.174
771.28,405.31,22.93,39.171
773.05,405.71,22.891,39.105
773.72,406.13,22.894,39.11
773.62,406.76,22.851,39.038
772.18,406.59,22.865,39.06
771.25,405.66,22.819,38.983
771.44,404.26,22.863,39.058
771.68,403.06,22.859,39.05
771.74,402.48,22.944,39.196
771.88,401.75,22.921,39.156
770.81,399.96,22.94,39.188
770.21,398.49,23.016,39.319
770.26,397.47,23.081,39.43
769.98,397.02,23.176,39.593
768.72,396.94,23.329,39.854
766.91,396.44,23.541,40.216
766.35,395.31,23.693,40.475
766.79,394.48,23.667,40.43
767.64,394.74,23.628,40.364
767.63,395.34,23.698,40.484
768.47,396.95,23.63,40.369
769.4,397.28,23.673,40.442
772.76,397.32,23.619,40.349
774.31,396.5,23.64,40.385
775.49,396.62,23.715,40.512
775.57,397.27,23.733,40.544
775.06,398.07,23.653,40.407
774.68,398.32,23.617,40.345
773.91,398.45,23.599,40.316
773.25,398.19,23.554,40.239
772.62,398.12,23.507,40.158
772.79,398.84,23.495,40.137
772.73,399.41,23.495,40.136
773.62,401.17,23.463,40.083
774.56,404.12,23.39,39.958
775.27,406.53,23.509,40.162
775.29,408.61,23.495,40.138
775.3,410.67,23.468,40.091
775.39,412.51,23.317,39.834
775.58,413.6,23.352,39.894
776.6,414.79,23.317,39.834
777.94,415.53,23.19,39.616
780.42,415,23.107,39.474
783.65,413.68,23.038,39.357
784.15,411.49,23.016,39.32
781.58,408.07,22.878,39.083
777.87,404.86,22.793,38.938
774.6,402.4,22.823,38.989
772.9,401.17,22.91,39.138
771.71,400.13,22.961,39.226
769.26,399.64,22.889,39.103
764.28,398.5,22.821,38.986
759.41,398.1,22.913,39.144
754.48,398.91,22.933,39.177
750.5,400.16,22.876,39.079
748.92,400.83,22.877,39.082
748,401.22,22.848,39.031
748.57,401.75,22.82,38.984
750.34,402.81,22.788,38.93
751.64,402.75,22.761,38.883
752.43,402.09,22.712,38.8
754.31,401.06,22.716,38.806
755.87,399.98,22.725,38.822
757.5,399.18,22.917,39.15
758.59,398.55,22.916,39.148
761.2,397.84,22.902,39.124
762.7,397.03,22.918,39.151
763.29,396.89,22.903,39.127
763.4,397.27,22.947,39.202
762.53,398.1,23.025,39.334
761.85,399.73,23.175,39.591
759.83,401.32,23.186,39.61
757.32,401.69,23.18,39.599
756.14,402.57,23.248,39.715
755.63,403.53,23.265,39.744
755.38,404.28,23.282,39.773
755.44,405.01,23.395,39.966
755.74,405.41,23.509,40.161
755.48,404.27,23.513,40.168
756.97,403.44,23.623,40.356
759.17,402.24,23.813,40.681
761.02,402.3,23.975,40.957
762.07,402.13,23.844,40.734
763.07,403.06,23.935,40.889
762.41,402.9,23.909,40.844
761.4,401.05,23.745,40.564
762.18,398.04,23.642,40.388
762.6,393.73,23.554,40.238
762.67,391.1,23.406,39.985
761.68,389.57,23.263,39.742
757.86,388.71,23.213,39.655
753.02,388.41,23.139,39.529
748.66,388.15,23.199,39.631
745.42,386.79,23.037,39.356
744.61,385,23.031,39.345
744.57,382.72,22.928,39.168
744,380.17,22.903,39.126
744.02,379.84,22.854,39.042
741.79,379.56,22.833,39.006
738.04,381.59,22.74,38.847
734.99,383.19,22.821,38.986
733.89,384.48,22.805,38.959
734.1,385.05,22.841,39.02
735.77,385.09,22.861,39.053
737.66,385.05,22.675,38.737
738.27,385.39,22.675,38.737
737.41,385.64,22.593,38.596
735.46,385.66,22.511,38.456
734.45,386.33,22.391,38.251
734.76,387.31,22.326,38.141
734.92,387.7,22.427,38.313
735.13,387.85,22.398,38.263
735.11,388.11,22.408,38.281
734.75,388.43,22.506,38.447
734.33,388.79,22.585,38.582
733.75,390.19,22.782,38.919
733.15,390.94,22.845,39.027
732.11,390.68,22.796,38.944
732.62,390.35,22.82,38.984
733.09,390.12,22.858,39.05
732.68,389.66,22.781,38.918
732.2,389.79,22.764,38.889
731.16,389.75,22.719,38.812
729.98,389.12,22.729,38.828
728.72,388.07,22.779,38.914
726.17,386.41,22.685,38.753
723.28,384.99,22.626,38.653
719.8,384.23,22.443,38.341
714.91,384.31,22.303,38.102
710.06,385.61,22.343,38.169
705.28,387.06,22.339,38.162
703.32,387.37,22.427,38.313
702.38,387.07,22.378,38.23
704.53,385.73,22.367,38.21
704.97,385.68,22.397,38.262
703.53,387.82,22.438,38.331
698.36,391.83,22.518,38.469
693.2,395.51,22.528,38.486
691.48,398.33,22.501,38.439
694.86,399.45,22.562,38.544
703.2,401.31,22.627,38.654
710.87,403.29,22.669,38.726
713.99,406.61,22.662,38.714
711.87,416.28,22.714,38.802
702.65,427.91,22.746,38.858
688.95,440.5,22.693,38.767
677.1,449.52,22.734,38.837
677.73,450.98,22.648,38.691
687.61,451.47,22.679,38.743
707.75,448.78,22.61,38.626
727.25,441.89,22.589,38.59
743.7,433.29,22.584,38.582
747.44,426.89,22.542,38.509
741.91,421.75,22.566,38.55
733.06,418.06,22.501,38.439
724.58,416.09,22.409,38.281
720.96,414.23,22.276,38.055
719.38,412.14,22.095,37.746
718.81,409.39,22.092,37.741
717.31,405.85,22.049,37.666
713.91,403.56,21.9,37.413
709.47,402.22,21.77,37.191
706.11,401.99,21.814,37.266
703.89,401.2,21.807,37.254
702.09,399.27,21.727,37.117
700.95,397.95,21.613,36.922
700.27,397.56,21.654,36.992
700.11,397.16,21.849,37.325
700.94,395.57,21.86,37.345
701.25,395.23,21.918,37.444
702.11,396.42,21.974,37.54
703.82,398.47,22.012,37.603
706.54,402.1,21.99,37.567
710.29,405.6,22.02,37.617
713.43,408.17,22.098,37.75
716.11,410.24,22.149,37.838
717.77,411.63,22.187,37.903
721.13,414.03,22.22,37.959
723.98,415.54,22.331,38.149
725.64,417.22,22.325,38.139
726.62,418.25,22.343,38.168
727.39,418.87,22.419,38.3
728.55,419.72,22.48,38.403
729.12,420.12,22.461,38.371
731.49,421.05,22.599,38.607
734.21,420.73,22.62,38.643
735.95,420.46,22.72,38.813
736.97,420.29,22.76,38.881
736.11,419.72,22.709,38.794
733.55,418.76,22.636,38.67
729.78,418.11,22.481,38.405
725.42,416.42,22.412,38.287
722.72,414.71,22.373,38.22
721.48,413.57,22.475,38.394
720.68,413.08,22.583,38.579
719.7,412.57,22.694,38.769
719.63,412.5,22.826,38.994
718.42,411.9,23.009,39.306
714.66,412.59,23.063,39.399
711.11,413.83,23.065,39.403
710.81,415.39,23.09,39.446
712.42,416.51,23.075,39.42
717.56,417.64,23.192,39.62
721.97,417.62,23.046,39.37
725.34,419.07,23.238,39.699
727.75,421.5,23.225,39.676
728.44,423.11,23.204,39.64
729.07,424.85,23.272,39.756
730.13,426.98,23.193,39.621
730.65,427.51,23.106,39.472
734.14,427.64,23.092,39.448
737.34,426.44,23.126,39.508
740.59,426.1,23.202,39.637
742.35,425.8,23.065,39.403
743.07,425.78,23.284,39.777
741.05,425.18,23.28,39.77
738.98,424.61,23.339,39.87
736.84,423.05,23.387,39.953
733.69,421.85,23.412,39.996
731.19,421.78,23.312,39.825
728.03,421.69,23.167,39.577
724.74,421.83,22.984,39.265
721.3,423,22.761,38.883
719.66,423.5,22.703,38.785
719.06,424.03,22.637,38.672
718.5,423.44,22.631,38.661
719.07,423.19,22.486,38.413
719.01,423.46,22.416,38.294
718.43,424.96,22.458,38.366
717.74,425.83,22.453,38.357
718.55,427,22.488,38.417
718.98,427.3,22.503,38.443
719.43,427.58,22.585,38.583
720.04,428,22.609,38.624
720.53,428.46,22.675,38.736
721.12,429.29,22.732,38.834
720.33,429.25,22.823,38.989
718.82,429.56,22.764,38.889
717.83,429.5,22.767,38.894
716.79,429.31,22.734,38.837
713.92,429.43,22.747,38.859
709.15,431.27,22.792,38.937
705.07,433.21,22.871,39.071
702.26,434.37,22.845,39.027
701.98,435.29,22.811,38.97
701.72,436.1,22.854,39.042
701.57,436.37,22.867,39.065
701.53,436.45,22.783,38.921
702.03,437.39,22.805,38.959
702.06,438.86,22.689,38.76
700.99,440.74,22.68,38.745
700.27,441.44,22.758,38.878
699.45,441.99,22.633,38.664
702.46,442.44,22.61,38.625
704.35,442.9,22.578,38.571
705.68,443.23,22.513,38.459
705.98,443.02,22.487,38.415
706.25,442.11,22.435,38.327
706.88,441.65,22.379,38.231
707.23,441.48,22.423,38.306
707.17,441.26,22.388,38.247
707.05,440.2,22.259,38.026
708.1,438.28,22.134,37.812
707.62,435.8,22.278,38.058
704.82,434.69,22.311,38.114
701.38,434.24,22.332,38.151
699.93,434.37,22.274,38.051
699.08,434.21,22.197,37.92
698.5,433.66,22.314,38.12
697.37,432.17,22.251,38.011
695.22,430.53,22.292,38.083
693,428.74,22.224,37.966
691.13,427.33,22.183,37.897
689.38,424.97,22.124,37.796
688.9,423.13,22.074,37.71
688.53,421.59,22.21,37.943
688.88,420.8,22.301,38.098
689.69,420.63,22.339,38.162
689.89,420.43,22.411,38.286
690.34,420.5,22.476,38.397
690.69,420.59,22.527,38.484
690.27,420.31,22.54,38.506
690.49,420.24,22.531,38.491
690.8,418.82,22.545,38.515
690.27,418.19,22.46,38.368
688.08,417.32,22.5,38.438
683.85,415.34,22.396,38.259
681,413.77,22.327,38.142
678.81,413.54,22.379,38.231
674.13,413.67,22.362,38.202
668.74,415.24,22.272,38.047
663.24,415.65,22.245,38.002
660.16,416.84,22.21,37.943
657.78,417.95,22.123,37.794
655.57,419.85,22.137,37.817
652.01,420.59,22.083,37.725
649.87,420.88,21.977,37.544
648.15,420.41,21.869,37.359
645.66,419.36,21.837,37.305
642.28,418.67,21.712,37.092
638.15,417.99,21.697,37.066
634.09,417.05,21.515,36.755
630.01,416.25,21.303,36.393
621.53,416.37,21.335,36.447
614.87,416.42,21.289,36.369
608.64,416.67,21.334,36.446
603.78,416.74,21.338,36.452
599.8,416.18,21.456,36.654
593.92,414.42,21.462,36.664
587.09,412.49,21.505,36.739
580.43,411.44,21.434,36.617
575.41,409.99,21.326,36.432
569.73,407.34,21.382,36.527
563.04,404.51,21.36,36.49
554.76,401.53,21.386,36.534
545.61,398.88,21.372,36.511
536.74,395.88,21.398,36.555
529.58,393.69,21.45,36.645
519.42,390.1,21.462,36.665
509.71,386.19,21.346,36.466
501.03,382.32,21.249,36.3
492.89,378.24,21.134,36.103
487.62,375.64,21.043,35.948
478.6,371.98,21.001,35.876
474.94,370.84,20.827,35.579
469.65,369.74,20.748,35.444
465.74,368.6,20.613,35.214
463.63,367.97,20.597,35.187
462.25,367.32,20.567,35.135
462.01,366.67,20.51,35.039
460.87,365.84,20.474,34.976
459.08,365.61,20.341,34.75
458.03,365.92,20.297,34.675
457.14,364.99,20.303,34.684
456.31,364.38,20.323,34.718
455.69,363.99,20.311,34.699
454.01,363.22,20.323,34.719
452.97,363.2,20.252,34.597
451.47,363.02,20.221,34.544
450.06,363.39,20.289,34.66
447.98,363.49,20.311,34.698
445.02,363.73,20.314,34.703
441.83,363.76,20.258,34.607
439.73,363.57,20.241,34.579
438.89,362.58,20.285,34.653
437.98,361.13,20.224,34.55
438.96,361.87,20.203,34.513
439.24,360.94,20.238,34.574
437.73,356.55,20.315,34.704
437.11,352.64,20.363,34.786
436.26,350.64,20.366,34.792
436.42,349.21,20.406,34.86
436.32,344.99,20.389,34.832
434.91,339.07,20.415,34.876
432.53,334.02,20.504,35.027
430.59,328.83,20.436,34.912
428.26,324.42,20.413,34.873
426.42,321.87,20.467,34.965
423.1,319.62,20.482,34.99
421.02,318.25,20.529,35.071
418.97,316.88,20.648,35.274
417.38,317.01,20.687,35.34
416.39,317.21,20.661,35.296
415.94,317.04,20.736,35.424
414.83,316.87,20.785,35.508
413.49,318.04,20.794,35.523
412.87,319.73,20.791,35.519
412.62,321.8,20.856,35.629
413.24,323.85,20.799,35.532
415.8,326.19,20.806,35.544
418.95,328.04,20.799,35.531
422.38,330.46,20.667,35.307
426.25,332.71,20.629,35.241
430.15,334.56,20.704,35.369
432.98,336.64,20.746,35.442
435.43,338.67,20.655,35.285
438.89,341.19,20.635,35.251
443.11,342.92,20.623,35.23
447.29,344.55,20.608,35.205
452.94,346.22,20.596,35.184
457.49,347.89,20.633,35.248
460.44,349.38,20.65,35.276
462.38,350.2,20.686,35.339
465.71,351.73,20.76,35.464
468.3,352.84,20.786,35.51
470.4,353.88,20.745,35.439
473.6,355.5,20.757,35.46
476.47,358.54,20.802,35.536
478.81,361.25,20.764,35.472
481.49,363.45,20.785,35.507
485.21,366.97,20.707,35.375
486.43,369.65,20.715,35.389
488.73,371.68,20.663,35.3
493.47,375.28,20.756,35.458
507.19,379.55,20.726,35.406
518.72,384.22,20.695,35.353
532.37,388.78,20.724,35.404
549.74,393.61,20.756,35.459
568.21,397.58,20.751,35.45
586.4,401.33,20.738,35.427
592.04,403.78,20.724,35.404
607.38,407.01,20.738,35.427
625.91,411.84,20.752,35.452
658.37,419.65,20.713,35.385
672.27,424.11,20.79,35.517
683.89,428.56,20.889,35.685
692,431.38,20.992,35.861
701.05,433.6,21.075,36.003
712.23,435.44,21.085,36.021
725.5,437.22,21.16,36.148
734.7,438.57,21.246,36.296
742.38,439.48,21.296,36.38
746.84,439.88,21.347,36.468
753.74,441.86,21.294,36.378
757.68,444.06,21.266,36.329
760.11,444.71,21.326,36.433
761.49,444.8,21.351,36.475
763.05,444.53,21.417,36.587
764.41,444.31,21.459,36.66
765.08,444.74,21.541,36.799
764.81,446.92,21.637,36.963
762.58,449.27,21.629,36.95
758.63,451.47,21.603,36.905
754.65,453.2,21.597,36.895
754.04,453.38,21.651,36.987
757.91,452.18,21.606,36.91
762.73,451.67,21.603,36.905
765.62,451.34,21.551,36.817
765.48,451.83,21.598,36.897
770.37,452.93,21.591,36.885
773.3,454.08,21.756,37.166
778.57,453.99,21.88,37.378
784.21,450.8,21.949,37.496
788.63,445.68,21.92,37.446
788.31,439.7,21.879,37.377
785.4,436.35,21.814,37.266
781.13,435.54,21.726,37.116
776.33,435.19,21.659,37
773.6,435.01,21.519,36.762
772.75,434.75,21.466,36.672
772.56,433.6,21.363,36.495
771.24,431.06,21.285,36.362
767.23,427.41,21.293,36.376
761.26,424.56,21.226,36.26
754.9,422.29,21.068,35.992
750.5,420.63,20.86,35.637
749.06,418.85,20.979,35.838
748.92,417.61,21.027,35.921
748.73,416.47,21.01,35.892
748.9,414.88,21.019,35.907
748.1,413.33,21.092,36.032
745.86,412.55,21.076,36.004
744.14,412.68,21.161,36.15
742.33,413.1,21.151,36.132
740.55,413.34,21.106,36.056
739.9,413.5,21.134,36.104
740.04,413.4,21.044,35.95
741.52,413.56,20.93,35.756
742.18,413.49,20.898,35.702
742.75,413.45,20.903,35.709
743.21,413.59,20.919,35.737
743.15,413.53,21.043,35.948
743.17,413.71,21.092,36.031
743.1,413.72,21.085,36.021
744.18,413.87,21.093,36.034
745.35,414.46,21.065,35.986
745.78,415.21,21.067,35.989
744.82,415.02,20.984,35.848
744.36,414.81,20.988,35.854
744.2,414.69,21.037,35.939
744.09,414.66,21.068,35.991
743.81,414.62,21.128,36.093
