476.5,24.5,82,73
476.29,22.316,82.413,73.368
472.66,22.699,82.676,73.602
469.84,23.409,83.329,74.183
464.79,23.427,84.41,75.146
460.19,24.008,85.399,76.026
456.27,24.228,86.62,77.113
451.74,24.991,87.144,77.579
446.68,25.389,88.379,78.679
441.85,27.304,90.304,80.393
437.74,27.173,91.776,81.703
434.91,27.894,90.667,80.716
429.49,28.09,93.152,82.928
425.93,29.295,94.56,84.181
422.1,29.861,95.791,85.277
417.81,30.548,96.425,85.842
414.77,31.168,96.872,86.24
411.11,31.859,98.146,87.374
406.2,33.097,99.839,88.881
403.64,34.668,100.72,89.664
398.78,35.26,102.01,90.814
396.07,35.997,103.9,92.499
391.05,36.728,106.16,94.507
387.1,37.839,106.58,94.886
382.53,39.505,108.95,96.99
378.03,40.175,111.26,99.049
374.43,41.988,112.5,100.15
371.64,42.901,113.43,100.98
368.04,44.155,114.74,102.15
366.32,46.259,117.36,104.48
363.42,45.208,118.09,105.13
360.4,47.111,120.35,107.14
356.5,48.285,121.68,108.33
353.78,50.308,123.39,109.85
353.43,51.849,126.15,112.3
350.08,52.983,128.34,114.25
348.33,54.103,131.27,116.87
346.53,55.201,133.1,118.49
344.07,56.961,135.22,120.38
342.88,59.41,137.24,122.18
340.99,61.873,139,123.74
338.81,62.982,141.28,125.78
336.77,63.789,144.02,128.21
337.59,67.336,146.8,130.68
336.54,71.269,149.92,133.46
334.78,70.002,154.11,137.2
333.28,75.557,155.24,138.2
334.19,78.945,158.21,140.84
334.38,81.091,161.13,143.44
334.96,82.466,164.08,146.07
334.53,85.166,168.35,149.88
334.18,86.639,172.07,153.19
335.56,90.309,176.89,157.48
337.13,94.837,181.61,161.68
339.42,101.53,184.16,163.94
341.4,101.91,188.14,167.49
344.68,105.75,193.3,172.08
347,108.67,198.11,176.37
349.77,114.11,201.75,179.61
355.45,120.71,205.09,182.58
363.44,120.09,208.59,185.7
367.17,85.366,208.1,185.26
380.91,49.599,212.48,189.15
409.73,56.136,214.56,191.01
421.61,63.448,215.79,192.1
437.91,73.95,215.53,191.87
456.84,88.364,216.8,193.01
469.69,98.102,216.86,193.06
462.84,119.71,218.93,194.9
461.51,176.42,216.98,193.17
479.34,190.03,216.33,192.59
393.62,74.752,215.5,191.85
396.04,71.896,217.05,193.23
400.07,56.023,218.09,194.15
326.59,-23.46,217.83,193.92
407.19,66.575,216.29,192.55
421.2,63.916,215.58,191.92
440.41,88.057,215.99,192.29
453.51,88.489,215.7,192.02
