308.5,213.5,33,80
304.51,217.93,32.134,77.9
300.4,220.2,31.916,77.371
293.49,223.59,32.682,79.228
289.32,218.27,32.126,77.881
284.34,221.92,32.048,77.693
280.58,222.81,31.989,77.55
276.67,220.59,31.99,77.551
268.41,222.65,31.731,76.923
264.57,223.53,31.659,76.75
259.51,223.94,31.58,76.557
254.25,223.63,32.412,78.575
250.24,233.61,31.84,77.188
242.93,234.98,31.533,76.443
238.61,230.36,31.661,76.755
234.39,230.23,32.14,77.916
232.38,228.38,31.944,77.44
220.83,222.25,32.392,78.525
216.11,221.78,32.528,78.856
214.76,230.08,32.369,78.47
206.26,229.62,32.726,79.335
204.63,226.53,32.76,79.417
206.91,225.2,32.976,79.941
207.25,219.39,33.086,80.208
179.67,222.35,33.025,80.061
170.37,242.36,32.649,79.15
170.93,273.73,31.934,77.416
160.82,260.81,32.238,78.153
159.75,206.67,32.128,77.886
157.33,205.58,32.178,78.007
144.42,236.31,32.068,77.74
129.24,218.36,32.107,77.834
124.01,212.12,32.046,77.687
103.74,239.23,31.631,76.68
91.859,230.56,31.667,76.768
107.87,233.63,31.794,77.076
110.89,235.24,31.735,76.934
109.65,234.26,31.756,76.984
101.57,226.32,31.551,76.487
109.85,235.91,31.231,75.711
110.69,236.28,31.16,75.54
102.02,225.16,31.235,75.721
102.01,222.24,30.977,75.095
102.2,225.74,31.19,75.613
110.84,235.34,31.317,75.919
102.46,225,31.275,75.818
102.52,225.58,31.281,75.833
101.96,222.89,31.179,75.585
102.9,224.64,31.241,75.735
102.75,224.48,31.095,75.381
103.03,226.25,31.08,75.345
102.32,225.73,31.184,75.598
102.82,224.53,30.915,74.946
103.29,225.31,31.013,75.183
102.65,224.99,31.038,75.243
106.85,226.83,30.963,75.061
146.94,224.46,30.812,74.697
183.6,224.64,30.963,75.061
206.15,236.1,30.896,74.899
206.63,237.76,30.84,74.764
203.4,234.43,30.86,74.812
196.78,228.63,31.038,75.244
196.66,228.19,31.078,75.341
196.84,227.98,31.176,75.577
197.78,228.55,31.15,75.516
197.39,228.56,31.252,75.763
197.43,228.32,31.35,75.999
196.75,227.47,31.293,75.862
221.43,227.69,31.384,76.083
260.9,227.22,31.257,75.774
304.64,226.72,31.115,75.43
327.04,227.25,31.014,75.186
364.03,226.72,31.043,75.257
362.02,226.87,31.045,75.26
362.21,226.5,31.116,75.434
362.32,226.43,31.159,75.538
362.28,225.68,31.14,75.491
362.4,226.24,31.321,75.93
361.74,225.93,31.278,75.825
361.82,225.74,31.452,76.248
362.14,225.83,31.405,76.133
362.48,226.37,31.419,76.168
362.64,226.24,31.453,76.251
362.48,226.17,31.463,76.275
361.96,225.3,31.415,76.157
361.95,225.61,31.404,76.13
361.73,226.21,31.412,76.151
361.75,225.55,31.296,75.87
361.85,225.56,31.129,75.464
362.17,225.66,31.181,75.59
362.17,225.77,31.374,76.057
361.57,225.52,31.25,75.758
362.03,225.79,31.328,75.946
361.84,225.55,31.381,76.076
377.16,225.29,31.052,75.277
404.56,226.04,31.179,75.585
428.91,225.68,31.022,75.205
465.81,225.97,31.186,75.602
502.63,225.26,31.036,75.238
535.17,225.58,30.979,75.101
546.56,225.12,31.063,75.303
545.45,225,31.149,75.513
545.8,225.54,31.182,75.593
546.03,225.49,31.209,75.659
545.73,225.49,31.368,76.043
545.2,225.09,31.368,76.044
545.26,224.6,31.237,75.726
545.88,225.16,31.36,76.025
545.3,224.62,31.351,76.003
544.97,224.55,31.169,75.562
545.1,224.66,31.346,75.991
545.42,224.63,31.162,75.544
545.48,224.86,31.248,75.754
545.48,224.94,31.29,75.854
545.63,224.82,31.353,76.007
545.11,224.63,31.252,75.763
545.36,224.63,31.189,75.61
545.58,225.04,31.252,75.762
545.45,224.61,31.302,75.883
545.41,224.57,31.276,75.82
545.44,224.84,31.406,76.135
545.64,225.07,31.367,76.042
545.33,224.36,31.283,75.838
545.37,224.59,31.343,75.983
545.48,224.58,31.267,75.799
545.57,224.69,31.397,76.114
545.32,224.37,31.229,75.707
545.59,224.83,31.263,75.79
545.45,224.63,31.35,76.001
545.25,224.46,31.391,76.099
545.22,224.36,31.156,75.529
545.51,224.98,31.311,75.905
545.61,224.47,31.29,75.854
545.63,224.58,31.359,76.022
567.44,225.17,31.302,75.883
606.88,224.63,30.962,75.06
608.14,231.46,30.852,74.793
608.23,223.49,30.459,73.841
609.12,214.37,29.979,72.677
609.99,224.58,30.129,73.04
608.59,224.77,29.814,72.276
607.98,249.11,30.07,72.896
608.3,257.87,30,72.727
607.91,277.01,30.193,73.194
608.08,279,30.114,73.003
608.3,261.61,29.897,72.478
609.48,281.29,29.8,72.243
607.29,281.91,29.883,72.443
609.13,286.64,29.675,71.939
609.87,280.55,29.669,71.926
609.31,298.67,29.916,72.525
608.49,304.74,29.757,72.139
608.67,281.25,29.836,72.33
607.38,276.08,30.043,72.83
609.22,282.9,29.893,72.468
608.13,281.92,29.79,72.217
608.44,282.99,29.728,72.069
608.8,284.91,29.703,72.008
609.64,302.12,29.389,71.245
610.46,298.85,29.395,71.261
609.99,304.29,29.385,71.237
606.3,305.43,29.375,71.212
608.09,329.28,29.185,70.752
609.85,351.32,29.154,70.675
610.48,360.59,29.032,70.381
610.71,382.76,28.884,70.022
610.33,371.51,28.966,70.221
610.13,368.66,28.941,70.159
609.23,369.73,28.916,70.1
609.56,371.27,28.674,69.512
610.72,381.49,28.479,69.04
610.59,383.12,28.344,68.713
609.98,383.86,28.197,68.356
610.56,373.35,28.151,68.245
610.44,382.3,27.898,67.631
610.46,366.62,27.855,67.528
606.17,356.08,27.67,67.078
610.2,337.16,27.718,67.194
611.85,336.93,27.673,67.086
609.6,354.83,27.623,66.965
610.65,367.05,27.498,66.661
610.46,367.67,27.487,66.636
611.35,370.74,27.581,66.863
610.8,382.74,27.625,66.97
611.21,392.84,27.564,66.822
610.67,383.04,27.476,66.609
610.74,418.73,27.538,66.759
609.78,418.77,27.422,66.479
611.05,415.01,27.348,66.297
610.16,420.56,27.201,65.942
609.91,420.56,27.176,65.881
610.4,419.12,27.208,65.96
610.42,413.6,27.157,65.835
611.12,424.69,26.888,65.183
611.91,420.85,26.845,65.078
611.48,418.35,26.867,65.133
612,424.59,26.794,64.956
611.41,424.44,26.666,64.645
611.02,420.47,26.738,64.819
610.65,419.51,26.66,64.631
611.57,423.41,26.63,64.558
611.61,422.83,26.616,64.524
611.32,418.68,26.608,64.505
611.51,423.32,26.561,64.391
612,424.08,26.577,64.428
611.2,422.39,26.564,64.398
611.13,419.75,26.645,64.595
611.59,425.21,26.615,64.521
611.85,422.75,26.627,64.55
611.92,422.54,26.628,64.554
611.7,429.62,26.471,64.173
611.71,425.28,26.359,63.901
612.36,422.95,26.291,63.736
611.88,416.34,26.071,63.203
612.39,423.41,26.033,63.111
611.56,420.86,26.031,63.105
611.95,413.99,26.034,63.113
612.34,412.44,26.045,63.139
611.56,422.9,26.063,63.183
611.89,424.83,26.204,63.525
611.84,424.31,26.189,63.488
611.69,424.56,26.251,63.639
612.04,424.31,26.342,63.86
611.74,423.46,26.441,64.1
611.67,424.61,26.428,64.068
611.08,425.38,26.438,64.092
611.15,425.6,26.455,64.132
611.92,423.18,26.403,64.007
611.95,422.29,26.428,64.067
611.15,426.02,26.545,64.352
611.91,424.16,26.693,64.71
610.7,424.35,26.808,64.99
610.94,424.32,26.828,65.038
610.46,425.79,27.046,65.566
610.86,423.31,26.942,65.313
612.23,423.68,26.821,65.02
611.19,424.2,26.851,65.093
611.1,424.88,26.989,65.427
611.77,422.29,27.05,65.576
610.76,422.99,27.187,65.909
610.67,424.13,27.256,66.075
611.28,423.35,27.15,65.817
612.4,423.68,27.164,65.853
610.57,424.78,27.198,65.934
610.92,424.79,27.206,65.953
610.98,423.85,27.186,65.904
611.86,423.48,27.331,66.256
611.64,423.18,27.381,66.378
610.66,422.89,27.399,66.422
610.65,424.15,27.428,66.492
612.53,422.36,27.503,66.674
610.51,424.73,27.45,66.545
612.47,423.67,27.459,66.566
613.64,423.79,27.379,66.373
612.64,424.53,27.497,66.66
611.49,423.28,27.359,66.324
610.97,422.12,27.235,66.024
610.47,421.66,27.169,65.864
611.82,423.93,27.084,65.658
611.9,423.31,27.153,65.825
611.67,422.79,27.022,65.507
612.12,423.53,27.056,65.589
609.72,422.93,27.041,65.555
611.95,422.4,27.069,65.621
611.38,422.38,26.994,65.439
613.65,422.62,26.953,65.34
611.25,423.25,27.097,65.69
611.45,422.48,27.027,65.52
611.79,423.21,27.127,65.763
612.19,424.96,27.063,65.607
610.34,423.75,27.143,65.8
611.38,424.05,27.083,65.656
611.18,422.98,27.277,66.127
611.1,423.72,27.217,65.982
611.23,422.86,27.246,66.051
610.49,423.85,27.208,65.96
611.27,422.79,27.13,65.769
611.3,422.54,27.066,65.614
611.22,423.54,27.036,65.542
610.65,423.25,27.077,65.641
610.38,422.8,26.966,65.373
610.63,423.24,26.978,65.402
610.46,423.8,27.066,65.615
610.86,422.31,27.092,65.678
610.75,422.92,27.009,65.477
610.43,423.44,27.026,65.518
610.83,423.15,27.095,65.684
610.37,422.97,27.155,65.83
611.18,422.65,27.131,65.772
610.51,423.06,27.257,66.077
611.14,423.3,27.213,65.972
611.24,423.09,27.299,66.179
610.65,422.52,27.185,65.902
610.82,423.06,27.042,65.556
610.76,422.58,27.095,65.686
610.11,422.24,27.005,65.468
610.78,423.17,27.072,65.63
611.28,422.28,27.056,65.59
610.83,422.77,27.116,65.736
611.09,423.2,27.217,65.98
610,423.41,27.042,65.556
610.55,422.31,26.922,65.265
612.46,425.53,26.656,64.62
611.48,424.08,26.913,65.243
611.85,421.68,27.056,65.59
611.36,424.19,26.84,65.066
611.77,424.47,26.916,65.25
612.26,422.94,26.861,65.118
611.12,421.44,27.086,65.662
612.42,421.52,27.33,66.255
612.05,423.81,27.26,66.086
611.4,422.5,27.329,66.253
611.88,422.1,27.469,66.591
611.78,423.49,27.502,66.673
611.98,422.62,27.521,66.719
612.11,421.34,27.508,66.687
611.96,423.58,27.619,66.954
610.76,423.35,27.601,66.911
611.98,422,27.53,66.738
611.48,422.01,27.502,66.671
612.48,422.44,27.611,66.935
612.05,421.55,27.647,67.024
611.63,422.41,27.477,66.611
611.86,423.39,27.565,66.825
611.81,421.92,27.433,66.504
612.49,422.58,27.46,66.571
612.03,423.2,27.452,66.55
611.68,422.94,27.528,66.734
611.03,422.61,27.513,66.699
612.11,422,27.529,66.736
612.63,422.56,27.504,66.678
611.35,422.92,27.342,66.284
611.21,423.92,27.063,65.607
612.23,422.98,27.043,65.558
610.88,423.23,26.971,65.385
612.89,422.01,27.077,65.64
612.05,422.34,27.139,65.791
611.85,424.41,26.947,65.325
611.51,423.97,26.825,65.03
612.19,421.51,26.966,65.372
611.36,421.36,27.041,65.553
611.38,423.34,26.927,65.278
612.49,422.85,26.862,65.119
611.8,423.2,26.793,64.953
611.48,423.8,26.78,64.922
612.12,423.84,26.796,64.959
611.11,423.65,26.827,65.035
610.43,423.79,26.777,64.913
612.46,425.16,26.751,64.85
611.21,423.84,26.748,64.844
611.67,423.32,26.776,64.911
612.06,422.42,26.809,64.991
611.92,422.43,26.846,65.081
612.24,422.61,26.894,65.199
612.27,422.35,26.938,65.303
612.31,422.95,26.864,65.125
612.69,424.24,26.762,64.877
612.33,422.54,26.797,64.962
612.3,423.82,26.823,65.026
612.75,423.85,26.821,65.021
612.75,423.42,26.862,65.12
612.62,423.71,26.854,65.1
612.46,423.49,26.854,65.1
612.31,424.26,26.906,65.226
611.31,424.33,26.902,65.217
612.18,423.36,26.794,64.955
612.26,422.26,26.69,64.702
611.34,422.74,26.721,64.778
611.95,424.08,26.74,64.824
612.22,423.42,26.764,64.883
611.86,423.75,26.72,64.777
611.86,423.05,26.668,64.649
611.49,423.48,26.765,64.884
612.27,423.08,26.752,64.854
612.17,423.44,26.708,64.746
611.7,423.26,26.702,64.732
611.65,423.39,26.726,64.79
611.3,423.12,26.649,64.604
611.79,423.98,26.675,64.665
612,423.6,26.84,65.067
611.41,423.15,26.781,64.924
612.33,423.34,26.812,64.999
612.16,423.66,26.854,65.1
612.52,423.88,27.041,65.555
611.32,423.04,26.658,64.626
611.84,423.63,26.706,64.741
611.99,423.96,26.765,64.885
612.35,423.58,26.914,65.247
611.77,423.36,26.857,65.107
611.84,423.25,26.848,65.085
612.34,423.29,26.858,65.111
611.91,423.71,26.826,65.032
611.6,423.53,26.819,65.016
612.1,423.54,26.879,65.161
612.56,423.7,27.097,65.69
611.94,423.56,26.839,65.065
611.79,423.09,26.541,64.341
612.23,423.89,26.777,64.914
612.16,423.69,26.765,64.885
611.57,423.94,26.746,64.839
611.47,423.87,26.759,64.87
611.73,424.01,27.032,65.532
611.74,423.23,26.783,64.928
611.61,423.42,26.77,64.898
612.23,423.76,26.779,64.918
611.59,423.87,26.87,65.14
612.2,423.58,26.876,65.154
611.96,423.66,26.859,65.112
612.18,423.79,26.864,65.124
612.09,423.26,26.792,64.951
612,423.41,26.869,65.136
612.29,423.27,26.866,65.13
611.69,423.36,26.83,65.043
611.59,423.33,26.832,65.048
611.8,423.53,26.805,64.981
611.8,423.75,27.037,65.545
611.71,423.41,26.753,64.856
611.93,423.59,26.686,64.694
611.51,423.84,26.699,64.724
611.71,423.3,26.504,64.251
612.21,423.84,26.58,64.437
611.96,424.1,26.844,65.076
612.46,423.6,26.748,64.843
611.43,423.63,26.665,64.642
611.83,423.18,26.72,64.776
612.18,423.16,26.762,64.879
611.99,423.64,26.746,64.839
611.89,423.85,26.75,64.848
612.01,423.53,26.772,64.902
