764.5,288.5,46,25
761.35,289.1,45.265,24.601
759.96,288.78,44.473,24.17
754.99,289.32,43.893,23.855
755.05,289.63,43.548,23.667
755.08,289.84,42.906,23.319
755,289.78,42.435,23.062
754.85,289.87,42.232,22.952
754.89,290.26,41.965,22.807
754.8,290.23,41.805,22.72
754.95,290.19,41.345,22.47
755.14,290.5,40.849,22.201
755.18,290.73,41.052,22.311
753.97,291.91,40.776,22.161
753.01,293.18,40.975,22.269
750.79,294.2,40.993,22.279
748.72,295.72,40.951,22.256
746.58,296.68,40.419,21.967
741.48,296.97,40.647,22.091
738.21,297.35,40.358,21.934
734.11,296.66,40.876,22.215
730.86,295.88,41.185,22.383
726.92,294.4,41.284,22.437
720.2,290.96,41.297,22.444
716.15,289.57,41.661,22.642
712.34,288.68,41.998,22.825
708.8,288.64,41.903,22.773
705.93,288.01,41.782,22.707
701.36,287.74,41.78,22.707
700.03,287.08,42.301,22.99
699.53,286.73,42.479,23.086
699.67,286.4,42.406,23.047
699.39,286.05,42.233,22.953
698.44,286.41,42.356,23.02
697.83,286.71,42.339,23.01
696.93,287.26,42.076,22.868
696.99,288.39,41.838,22.738
696.27,288.73,41.556,22.585
694.53,290.76,41.401,22.501
693.99,292.56,41.136,22.356
692.43,293.53,41.264,22.426
690.72,295.14,40.654,22.095
688.22,296.1,40.522,22.023
683.15,296.95,40.515,22.019
679.54,297.24,40.244,21.872
675.7,296.69,39.989,21.733
672.09,295.91,40.007,21.743
668.78,294.42,40.236,21.867
662.97,291.33,40.525,22.024
660.1,290.31,40.789,22.168
656.73,289.59,41.188,22.385
653.5,288.86,41.056,22.313
650.77,288.14,41.248,22.417
647.17,287.99,41.527,22.569
645.18,287.95,41.866,22.753
644.21,288.59,41.912,22.779
643.59,288.91,41.876,22.759
643.06,289.08,41.991,22.821
642.77,289.25,41.956,22.802
642.22,289.71,42.137,22.9
641.81,289.77,42.348,23.015
641.28,289.7,42.614,23.16
641.18,290.06,42.935,23.334
640.6,290.81,42.781,23.251
637.94,293.22,42.811,23.267
637.03,294.52,42.486,23.09
635.88,296.47,42.505,23.1
633.98,297.73,42.486,23.09
631.6,298.63,42.471,23.082
626.71,299.48,42.682,23.197
624.3,299.48,42.85,23.288
621.37,299.06,43.142,23.447
618.72,297.28,43.346,23.558
616.61,295.59,43.254,23.508
611.62,292.03,43.477,23.629
609.3,290.83,43.704,23.752
607.03,289.98,43.863,23.838
605.17,289.6,43.768,23.787
603.87,289.15,43.877,23.846
602.42,289.18,43.913,23.865
601.69,289.13,43.933,23.877
601.32,289.16,44.051,23.941
601.33,288.84,44.004,23.915
601.27,289.5,44.054,23.942
599.72,290.7,44.268,24.059
599,291.73,44.464,24.165
598.69,292.13,44.603,24.241
598.25,292.74,44.935,24.421
597.97,293.26,44.704,24.296
597.23,296.15,44.565,24.22
596.22,297.89,44.766,24.329
594.88,299.38,44.897,24.401
593.14,300.96,44.748,24.32
591.11,302.17,44.729,24.309
585.82,303.37,44.772,24.332
583.5,303.15,44.845,24.372
580.57,302.1,45.067,24.493
577.83,300.7,45.11,24.516
575.07,298.63,45.088,24.505
569.98,295.07,44.873,24.388
566.52,293.76,45.175,24.552
563.67,292.81,44.979,24.445
560.56,292.63,45.383,24.665
557.9,292.46,45.744,24.861
554.94,292.33,46.191,25.104
554.37,292.04,46.325,25.176
553.96,291.87,46.616,25.335
554.02,291.97,46.906,25.493
553.73,291.9,47.088,25.592
554.16,292.61,47.125,25.612
553.7,293.09,47.561,25.848
553.64,293.2,47.713,25.931
553.22,293.78,47.914,26.04
553.05,295.1,47.737,25.944
550.83,299,47.912,26.039
550.41,301.48,47.952,26.061
548.81,303.18,47.834,25.997
546.81,305.73,48.098,26.14
544.55,307.08,48.14,26.163
538.86,307.41,48.061,26.12
535.89,306.95,47.919,26.043
532.94,305.8,48.143,26.165
529.57,303.6,48.555,26.388
525.98,301.01,48.633,26.431
520.64,296.89,48.559,26.391
516.74,295.16,48.737,26.488
513.73,294.37,49.31,26.799
510.49,294,49.762,27.045
507.87,293.52,49.923,27.132
505.26,293.49,50.2,27.283
504.07,293.56,50.339,27.358
503.58,293.71,50.634,27.518
503.71,293.55,50.794,27.605
503.24,294.04,51.112,27.778
502.37,295.16,51.26,27.859
502.46,295.59,51.514,27.997
500.95,301.24,51.832,28.17
499.55,303.83,52.603,28.589
496.64,305.79,52.956,28.781
493.74,309.28,53.224,28.926
489.95,310.78,53.146,28.884
482.63,312.11,52.746,28.667
477.63,311.36,52.99,28.799
473.36,309.53,53.373,29.007
469.35,305.68,53.585,29.122
465.43,302.14,54.072,29.387
459.7,296.07,54.046,29.373
456.12,293.33,54.15,29.429
453.46,292.33,54.189,29.45
449.81,292.88,54.248,29.482
446.78,291.71,54.372,29.55
439.89,292.54,54.631,29.691
438.54,293.19,54.795,29.78
437.03,293.78,54.837,29.803
436.19,295.52,54.962,29.871
434.35,297.97,55.37,30.093
432.76,300.99,55.852,30.354
431.45,301.57,56.605,30.763
431.56,301.53,57.071,31.017
430.12,301.43,57.111,31.039
429.49,302.03,57.638,31.325
426.26,307.55,57.633,31.322
423.72,311.2,58.012,31.528
421.16,315.19,58.224,31.643
417.48,318.65,58.289,31.679
413.66,321.17,58.244,31.654
404.67,323.44,58.378,31.727
398.82,323.24,58.891,32.006
392.87,321.35,59.619,32.402
389.73,318.8,59.734,32.464
383.7,313.54,60.352,32.8
375.95,304.2,60.665,32.97
371.51,300.45,60.457,32.857
368.5,297.07,60.729,33.005
365.54,294.57,61.088,33.2
363.8,291.56,61.028,33.168
