331.5,220.5,34,90
326.39,216.25,33.789,89.442
329.86,214.55,34.442,91.169
328.54,214.47,34.125,90.331
294.66,217.48,34.049,90.129
291.35,217.91,34.321,90.851
277.79,220.75,34.045,90.119
274.12,220.5,33.861,89.632
258.77,222.18,33.759,89.362
253.07,220.53,34.359,90.949
241.17,221.98,33.892,89.715
236.64,214.94,33.804,89.482
231.13,217.41,33.439,88.514
235.1,220.55,33.524,88.74
208.72,223.69,32.983,87.307
193.81,224.04,32.838,86.925
190.85,219.85,32.403,85.773
179.28,250.16,32.221,85.29
180.1,252.56,32.422,85.824
156.29,258.08,32.355,85.645
154.69,257.77,32.404,85.776
155.9,258.27,32.466,85.94
161.46,251.51,32.497,86.022
181.53,251.36,32.561,86.191
181.14,251.78,32.372,85.69
180.29,250.93,32.536,86.124
203.81,251.38,32.774,86.755
217.75,248.75,32.765,86.73
235.88,248.4,32.97,87.273
235.43,249.31,33.394,88.395
235.72,250.44,33.397,88.404
235.72,248.97,33.068,87.532
234.79,248.98,33.038,87.455
234.85,249.59,32.864,86.994
236.84,248.33,33.266,88.056
278.78,247.92,33.059,87.508
305.81,247.9,32.946,87.209
340.66,248.27,32.985,87.313
376.86,247.28,32.861,86.984
405.09,247.9,32.632,86.38
405.6,244.46,32.722,86.617
405.96,243.6,32.638,86.395
405.52,244.56,32.574,86.225
405.71,244.12,32.542,86.141
406.11,244.13,32.511,86.059
407.03,243.9,32.489,86
406.48,243.37,32.505,86.042
406.28,243.06,32.607,86.313
405.85,244.06,32.662,86.459
406.97,243.87,32.696,86.547
407.07,243.71,32.663,86.46
406.95,244.21,32.485,85.989
406.98,243.67,32.59,86.268
406.84,243.81,32.547,86.153
406.56,243.79,32.518,86.078
423.9,243.51,32.451,85.9
455.51,243.92,32.16,85.13
491.31,244,32.034,84.795
527.63,244.28,31.82,84.23
555.36,245.07,31.596,83.635
582.34,245.53,31.552,83.52
613.96,243.33,31.884,84.399
625.45,249.47,32.225,85.301
608.98,250.52,32.277,85.44
608.18,249.99,32.299,85.497
608.37,249.97,32.495,86.016
607.87,249.13,32.584,86.251
608.07,250.53,32.555,86.176
608.01,249.26,32.602,86.299
609.54,249.07,32.546,86.151
610.64,247.68,32.544,86.146
607.7,249.65,32.4,85.765
609.15,248.37,32.459,85.921
609.34,249.7,32.529,86.107
607.84,254.34,32.445,85.883
610.5,248.84,32.227,85.307
609.37,244.9,32.057,84.857
609.65,253.32,31.73,83.991
607.58,262.91,31.723,83.973
609.75,245.75,31.49,83.356
607.11,224.91,31.183,82.543
609.38,195.93,31.208,82.608
608.24,195.26,31.109,82.347
607.64,195.32,30.984,82.016
608.61,196.99,30.922,81.854
607.97,195.91,31.042,82.171
608.75,196.14,30.932,81.879
608.5,195.83,30.923,81.855
608.6,196.12,30.902,81.8
609.23,196.18,30.937,81.891
609.21,196.35,30.905,81.806
608.2,196.36,30.879,81.739
608.36,196.18,30.948,81.92
608.62,195.64,30.874,81.726
608.42,194.3,31.081,82.273
608.29,195.11,31.174,82.521
608.04,195.85,31.096,82.314
607.43,196.16,31.008,82.081
608.12,196.11,31.08,82.272
610.14,196.74,30.836,81.624
606.86,202.85,30.75,81.398
607.34,206.28,30.747,81.388
610.34,199.08,30.327,80.279
605.71,183.31,30.313,80.24
608.41,184.46,30.395,80.456
609.91,207.98,30.317,80.251
609.56,207.84,30.271,80.128
617.64,200.9,29.983,79.368
619.89,203.78,29.731,78.699
609.85,203.27,29.369,77.741
610.51,204.39,29.005,76.778
610.49,205.04,28.686,75.933
617.39,202.52,28.762,76.134
612.59,206.69,28.449,75.306
612.71,205.19,28.287,74.876
609.4,203.83,28.364,75.08
614.05,206.97,28.144,74.5
612.07,208.34,28.099,74.38
613.51,204.8,28.182,74.599
610.89,203.39,28.225,74.713
614.57,207.39,27.968,74.032
612.54,206.86,27.817,73.634
611.31,206.06,27.718,73.371
610.6,206.48,27.719,73.373
611.13,207.17,27.684,73.282
612.18,212.31,27.701,73.327
610.5,206.67,27.758,73.476
610.98,196.26,27.844,73.704
611.69,206.3,27.865,73.761
611.77,203.47,28.141,74.492
610.48,212.21,27.93,73.931
610.52,209.82,27.746,73.445
611.61,199.77,27.614,73.095
611.2,192.77,27.701,73.325
611.51,198.68,27.832,73.672
610.26,200.64,27.965,74.025
610.32,201.47,28.136,74.476
610.01,199.77,28.384,75.135
608.39,198.61,28.527,75.514
610.32,200.08,28.49,75.415
610.47,201.08,28.517,75.487
610.25,200.89,28.566,75.615
609.36,201.25,28.597,75.697
610.07,198.88,28.707,75.988
609.08,199.43,28.877,76.44
609.28,199.67,29.019,76.814
609.8,198.74,29.174,77.226
609.05,198.6,29.291,77.534
609.75,199.27,29.34,77.664
609.66,199.24,29.374,77.754
609.62,198.64,29.428,77.898
609.34,197.43,29.54,78.195
609.65,198.35,29.574,78.284
609.87,198.79,29.472,78.014
609.23,199.05,29.379,77.768
609.77,199.53,29.326,77.627
609.83,200.17,29.158,77.184
609.39,198.37,29.375,77.758
610.13,199.59,29.299,77.556
609.95,199.58,29.14,77.136
609.81,199.46,29.179,77.238
609.49,199.64,29.13,77.109
610.81,200.61,29.165,77.2
610.74,196.38,29.228,77.368
610.36,201.17,29.005,76.778
610.54,202.07,28.63,75.786
611.57,201.49,28.747,76.096
611.28,203.57,28.513,75.476
609.91,201.49,28.569,75.625
610.92,201.84,28.456,75.324
611.64,201.75,28.513,75.475
612.69,202.5,28.118,74.43
612.31,199.37,28.308,74.932
613.09,200.03,27.85,73.721
613.23,200.54,27.6,73.06
613.32,201.87,27.277,72.203
613.68,202.03,26.986,71.435
613.4,202.74,26.843,71.056
613.46,202.37,26.786,70.903
613.36,202.85,26.624,70.475
613.38,202.02,26.121,69.144
613.57,202.91,25.971,68.746
613.81,203,26.026,68.892
614.02,202.55,25.975,68.758
613.8,202.18,25.999,68.822
613.94,202.12,25.993,68.805
614.07,201.84,26.022,68.882
614.21,202.94,25.884,68.515
614.05,202.7,25.995,68.81
613.8,202.13,26.077,69.027
614.06,202.53,25.892,68.536
614.37,202.2,26.002,68.829
614.11,202.11,25.761,68.19
613.67,202.3,25.967,68.736
613.51,202.97,25.751,68.165
613.53,202.25,26.01,68.851
613.56,202.55,25.447,67.36
613.92,203.98,25.014,66.213
614.11,202.98,25.589,67.736
613.66,203.55,25.85,68.426
613.76,203.3,25.458,67.388
613.86,203.85,25.078,66.383
613.91,204.5,24.762,65.546
613.78,204.06,25.481,67.45
613.92,203.25,25.03,66.257
614.16,203.67,25.368,67.15
613.78,203.68,25.697,68.021
613.6,204.63,25.223,66.767
613.96,205.1,24.784,65.605
613.98,204.8,24.697,65.373
613.66,204.8,25.054,66.319
614.39,203.88,25.155,66.587
614.34,207.76,25.144,66.559
613.34,204.94,25.334,67.062
614.05,204.92,25.537,67.598
613.04,203.79,25.703,68.038
613.18,204.03,26.158,69.242
613.6,203.63,26.332,69.703
612.77,203.62,26.621,70.468
613.02,203.08,26.873,71.134
613.2,203.06,27.035,71.562
613.29,202.25,27.184,71.959
612.52,202.84,27.346,72.387
613.17,203.2,27.388,72.498
612.73,203.25,27.619,73.108
612.39,202.63,27.602,73.063
612.29,202.94,27.809,73.612
611.64,202.8,27.919,73.903
612.23,202.83,28.006,74.133
612.27,202.46,27.867,73.766
612.37,202.86,27.856,73.737
612.81,202.18,27.712,73.355
612,201.78,27.608,73.079
613.44,202.97,27.554,72.936
612.45,202.44,27.634,73.15
612.19,202.45,27.761,73.484
612.51,202.15,27.835,73.681
611.81,202.47,27.927,73.924
611.89,200.58,27.965,74.026
612.22,201.59,27.971,74.042
611.58,202.03,28.227,74.719
612.03,201.36,28.369,75.094
611.57,201.12,28.45,75.308
613.18,203.18,28.294,74.896
612.32,202.65,28.27,74.833
611.71,201.87,28.284,74.871
611.77,202.47,28.455,75.323
610.6,202.47,28.351,75.046
609.78,202.94,28.188,74.614
612.03,202.46,28.351,75.048
612.33,201.63,28.523,75.502
613.39,200.53,28.783,76.191
612.54,201.03,28.715,76.01
613.71,200.11,28.806,76.25
613.98,199.48,28.906,76.516
612.58,200.24,28.911,76.53
614.15,197.59,29.05,76.897
613.4,196.92,29.179,77.239
611.58,195.97,29.228,77.369
611.74,198.49,29.24,77.401
611.59,199.65,29.186,77.258
611.18,200.95,29.035,76.857
611.36,201.52,28.803,76.243
611.17,201.6,28.777,76.174
611.65,201.13,28.768,76.151
610.88,200.16,28.662,75.871
610.55,200.33,28.684,75.927
611.33,200.11,28.819,76.284
611.69,201.84,28.86,76.394
611.02,200.76,28.914,76.538
611.61,199.84,29.02,76.819
612.31,203.54,28.788,76.204
613,202.3,28.484,75.4
612.68,203.54,28.336,75.008
611.99,204.28,28.469,75.359
612.63,204.71,28.374,75.107
612.89,203.37,28.272,74.838
613.26,204.01,28.302,74.918
612.29,205.71,28.395,75.162
612.58,203.95,28.392,75.156
612.39,204.69,28.429,75.253
612.4,205.14,28.415,75.216
612.19,204.43,28.455,75.323
612.5,204.64,28.477,75.38
612.66,206.59,28.451,75.311
613.24,204.35,28.447,75.3
612.25,204.77,28.452,75.313
612.37,204.26,28.461,75.338
612.71,204.69,28.462,75.34
612.51,204.74,28.466,75.351
612.42,204.67,28.45,75.309
612.35,204.67,28.465,75.348
612.76,205.43,28.392,75.156
612.58,205.1,28.357,75.063
612.91,204.48,28.392,75.155
612.75,205.02,28.351,75.047
612.43,204.36,28.35,75.044
612.79,204.54,28.372,75.103
612.79,204.73,28.326,74.981
613.26,205.36,28.495,75.428
613.26,205.12,28.423,75.238
613.16,205,28.361,75.072
612.78,203.89,28.337,75.009
612.89,205.23,28.262,74.811
613.95,205.04,28.433,75.265
612.86,204.37,28.327,74.984
613.58,205.23,28.494,75.426
614.33,205.12,28.542,75.553
613.52,204.38,28.558,75.595
613.63,204.3,28.487,75.406
614.23,204.21,28.512,75.474
613.71,204.49,28.481,75.39
613.57,204.69,28.506,75.456
613.79,204.28,28.487,75.407
613.22,204.03,28.372,75.101
613.03,204.27,28.233,74.736
613.8,204.34,28.349,75.041
613.06,204.24,28.265,74.818
613.38,203.96,28.381,75.126
613.11,204.08,28.102,74.389
