535.5,294.5,86,85
534.16,290.97,85.107,84.117
534.09,289.86,84.308,83.328
533.75,286.88,85.541,84.546
530.88,283.24,85.498,84.504
531.9,284.66,83.869,82.894
535.3,289.54,86.58,85.573
535.6,289.71,86.76,85.751
535.73,297.3,86.172,85.17
535.41,266.38,85.691,84.695
539.58,292.92,82.407,81.449
538.6,289.77,81.234,80.29
539.44,278.37,79.749,78.822
541.02,279.48,79.584,78.658
542.75,281.68,78.463,77.55
545.62,283.85,78.132,77.224
549.07,287.36,77.199,76.301
551.57,288.09,78.68,77.765
542.28,289.06,79.786,78.859
543.49,288.6,80.403,79.469
543.35,288.7,81.391,80.445
540.66,288.59,82.691,81.729
537.14,288.18,83.667,82.694
533.04,287.82,84.472,83.49
531.86,288.2,83.698,82.725
530.04,287.32,83.651,82.679
528.62,286.78,83.96,82.983
528.4,287.1,83.555,82.583
527.74,286.53,83.167,82.2
527.72,286.25,83.228,82.261
529.52,286.25,83.308,82.339
531.71,286.24,83.194,82.226
533.58,286.4,83.214,82.246
536.39,288.59,82.673,81.711
537.93,290.5,82.361,81.404
538.61,289.42,82.939,81.975
539.57,288.49,83.493,82.522
541.2,288.63,83.2,82.233
544.91,289.92,83.44,82.47
545.4,292.1,83.511,82.54
546.5,291.65,83.405,82.436
546.83,290.86,83.645,82.672
546.45,289.5,84.288,83.308
547.51,289.51,84.422,83.441
548.41,289.31,84.614,83.63
548.49,288.84,85.067,84.078
549.62,289.57,84.984,83.996
549.09,290.09,84.904,83.917
544.57,288.77,85.516,84.521
542.94,288.29,85.007,84.018
543.26,288.26,84.303,83.323
543.24,288.76,84.866,83.879
541.59,289.08,84.935,83.948
537.6,288.75,84.545,83.562
536.49,288,84.325,83.345
535.82,288.07,84.347,83.367
534.9,287.68,84.116,83.137
534.13,287.24,83.475,82.504
534.5,287.42,83.859,82.883
536.45,287.65,83.956,82.979
536.67,288.03,84.209,83.23
536.76,288.06,83.983,83.006
536.84,288.72,83.908,82.932
536.23,288.86,83.951,82.975
538.58,289.14,84.108,83.13
538.51,289.87,83.484,82.514
543.17,290.52,83.226,82.259
539.47,289.29,83.142,82.175
543.57,290.15,83.386,82.416
544.62,291.44,84.351,83.37
543.53,291.18,85.59,84.595
542.11,290.78,86.502,85.497
541.14,290.79,87.201,86.187
539.76,290.29,88.749,87.717
539.18,290.9,90.33,89.279
538.13,290.59,90.957,89.9
538.25,291.44,90.991,89.933
537.69,290.9,91.388,90.326
538.05,291.26,91.624,90.559
537.78,291.04,91.514,90.45
537.3,291.45,91.815,90.747
538.22,292.55,90.711,89.656
538.22,292.81,90.565,89.512
538.32,293.32,90.091,89.044
537.79,293.45,90.021,88.975
537.01,293.27,89.831,88.787
537.29,293.32,88.979,87.944
539.14,293.31,88.45,87.421
539.24,293,87.97,86.947
538.51,293.01,88.011,86.987
537.29,293.22,88.093,87.069
537.3,293.26,87.353,86.338
537.71,292.88,87.101,86.088
539.18,293.05,87.285,86.27
538.45,292.8,87.098,86.086
537.99,292.75,87.397,86.381
537.36,292.68,87.245,86.231
537.28,292.43,86.91,85.899
536.76,291.63,86.918,85.907
535.53,291.55,86.928,85.917
537.92,291.65,86.74,85.732
541.4,292.03,86.108,85.106
543.22,292.17,86.292,85.288
542.47,293.04,86.654,85.646
541.34,294,86.898,85.888
540.73,293.97,87.645,86.626
540.66,294.25,87.996,86.973
539.59,294.56,88.153,87.128
539.18,294.22,89.016,87.98
538.77,294.83,89.685,88.642
538.06,295.33,90.096,89.048
537.47,295.3,91.07,90.011
536.51,295.87,91.969,90.899
535.2,296.7,93.342,92.256
534.51,295.74,94.311,93.215
534.38,295.15,95.029,93.924
534.56,296.85,95.687,94.575
533.25,296.96,96.524,95.401
533.54,297.94,97.454,96.321
532.83,298.76,98.695,97.548
533.03,302.49,100.91,99.737
532.34,300.97,102.62,101.43
532.72,299.64,102.91,101.72
535.96,298.51,104.06,102.85
535.27,300.47,104.84,103.62
533.09,303.44,105.45,104.23
530,306.19,105.47,104.25
531.85,306.31,105.63,104.4
534.54,304.87,105.11,103.88
535.5,303.12,104.82,103.6
535.4,303.75,105.09,103.87
535.76,303.21,105.53,104.3
534.28,301.84,104.65,103.44
533.91,301.66,103.03,101.83
534.75,301.36,101.25,100.07
534.82,300.43,100.51,99.34
535.1,299.73,100.02,98.852
535.35,299.43,98.923,97.772
535.7,298.39,96.826,95.7
536.28,298.47,95.374,94.265
536.65,297.89,94.346,93.249
536.88,297.6,93.424,92.337
538.06,297.75,92.47,91.395
541.91,295.84,91.874,90.806
542.18,297.43,91.688,90.622
541.9,297.26,92.054,90.983
542.67,298.14,92.237,91.164
543.87,297.49,92.54,91.464
544.12,295.36,92.606,91.529
543.42,294.57,93.379,92.293
541.97,292.61,93.886,92.794
542.46,292.69,93.619,92.531
543.13,291.69,93.919,92.826
543.86,290.68,94.226,93.13
546.16,289.93,93.891,92.799
546.44,289.21,94.314,93.217
545.32,287.82,95.592,94.48
545.25,286.85,97.68,96.544
544.91,287.17,98.597,97.45
546.93,286.63,99.134,97.981
548.04,285.47,100.12,98.953
548.99,285.56,100.33,99.165
548.24,286.1,100.84,99.667
547.07,285.92,101.03,99.859
548.34,285.14,100.63,99.464
549.06,284.61,100.45,99.28
547.22,285.43,101.08,99.904
546.89,285.17,101.65,100.46
548.04,284.66,101.8,100.62
548.14,284.24,101.96,100.78
548.27,284.45,102.19,101
548.51,284.34,102.25,101.06
549.22,284.72,102.35,101.16
550.65,285.22,102.14,100.95
551.52,285.61,102.03,100.85
551.56,285.81,102.01,100.82
552.01,286.5,101.85,100.67
553.28,285.83,101.79,100.61
552.21,286.91,101.99,100.8
551.22,286.41,101.96,100.78
551.7,286.82,102.11,100.93
552.07,284.71,102.07,100.89
551.79,284.56,102.25,101.06
551.05,285.09,102.16,100.98
551.35,285.01,102.39,101.2
551.44,285.03,102.57,101.38
550.8,284.7,102.83,101.64
551.2,284.89,102.89,101.7
551.12,284.83,102.93,101.73
551.18,284.74,103.03,101.84
551.06,284.72,103.16,101.96
550.77,284.29,103.6,102.39
550.75,284.21,103.61,102.4
550.76,284.26,103.53,102.33
550.91,284.55,102.89,101.69
550.86,284.59,102.69,101.5
550.92,284.48,102.47,101.28
551.65,284.24,102.05,100.86
551.91,284.22,100.77,99.594
551.7,284.11,100.62,99.447
551.43,284.22,100.54,99.37
551.37,284.46,100.5,99.334
551.28,284.36,100.55,99.38
551.2,284.42,100.33,99.161
550.74,284.26,99.548,98.391
550.24,284.13,100.02,98.855
549.86,284.17,100.43,99.261
549.59,284.01,100.74,99.568
549.25,283.69,99.989,98.826
549.04,284.19,99.393,98.238
548.56,283.72,98.427,97.283
548.37,283.1,98.356,97.212
548.01,282.45,97.567,96.432
547.65,282.64,97.447,96.314
546.48,281.71,97.431,96.298
546.05,282.84,97.744,96.608
546.47,284.44,97.205,96.075
546.64,284.4,97.208,96.078
546.6,284.45,97.103,95.974
545.99,282.87,97.178,96.048
545.97,282.49,97.762,96.625
547.03,283.34,97.915,96.777
546.72,283.08,98.012,96.872
547.19,283.31,97.892,96.754
547.77,283.99,97.729,96.592
548.3,284.66,97.794,96.657
548.32,284.99,97.466,96.332
547.87,284.8,97.077,95.948
547.73,284.91,96.879,95.752
547.99,285.52,96.566,95.443
547.99,285.55,95.961,94.845
548.1,286.09,96.004,94.888
548.2,286.24,95.762,94.649
547.73,285.98,95.306,94.198
547.84,286.3,94.775,93.673
548.09,286.64,94.24,93.144
548.31,286.8,94.233,93.138
548.18,286.65,94.334,93.237
547.6,286.34,94.304,93.208
547.51,285.98,94.373,93.276
547.39,285.86,94.505,93.406
547.92,285.9,94.515,93.416
548.04,285.86,94.585,93.485
548.23,285.13,95.263,94.155
548.61,285.47,94.922,93.819
549.66,285.63,94.724,93.622
549.14,285.25,94.805,93.703
549.23,283.51,94.159,93.065
549.9,283.51,93.674,92.585
550.13,282.52,93.106,92.023
549.17,282.82,92.573,91.496
549.89,283.01,92.53,91.454
550.62,283,91.749,90.682
550.82,283.12,92.016,90.946
550.74,283.72,91.346,90.284
550.82,283.51,91.271,90.21
550.74,283.83,91.23,90.169
550.65,283.77,91.487,90.423
550.74,283.94,91.4,90.337
550.83,284.52,91.273,90.211
550.86,284.67,90.475,89.423
550.55,284.78,89.707,88.664
550.33,284.7,89.297,88.258
550.39,284.73,89.114,88.078
550.11,284.56,88.965,87.93
550.47,284.77,88.805,87.773
550.13,284.69,88.806,87.773
550.07,284.98,88.422,87.394
550.81,285.68,87.868,86.846
550.02,285.63,87.497,86.479
550.5,285.87,87.235,86.221
550.41,285.67,87.12,86.107
550.56,286.05,87.095,86.082
550.45,286.31,86.924,85.913
550.73,286.05,86.768,85.759
551.18,286.35,86.175,85.173
551.46,286.41,85.921,84.922
550.5,286.38,85.384,84.391
550.52,286.68,85.028,84.04
551.43,286.75,84.156,83.177
551.7,286.06,84.197,83.218
552.42,286.12,83.981,83.005
553.63,286.32,83.005,82.04
553.46,285.85,82.192,81.236
552.64,285.9,81.234,80.29
553.07,285.69,81.108,80.165
551.93,287.64,81.542,80.594
552.7,287.09,81.476,80.528
553.39,286.24,80.803,79.863
552.61,287.01,79.695,78.769
552.15,286.5,79.255,78.334
551.64,287.29,78.908,77.99
550.96,287.82,79.456,78.532
551.69,288.28,79.237,78.316
552.15,288.17,79.405,78.481
552.47,288.03,80.017,79.087
552,286.81,79.489,78.564
552.02,286.14,78.496,77.584
552.03,285.84,77.516,76.615
551.71,285.81,76.336,75.449
550.75,286.73,75.696,74.815
551.13,286.73,75.46,74.582
552.75,286.75,75.152,74.278
552.99,287.17,75.592,74.713
552.97,287.87,75.801,74.919
551.24,287.57,75.713,74.833
549.5,288.24,75.766,74.885
549.09,288.39,76.19,75.304
549.71,288.64,76.516,75.627
551.15,288.66,77.453,76.552
552.2,289,78.153,77.245
551.62,288.79,78.741,77.826
552.11,288.31,79.353,78.431
551.9,289.01,79.645,78.719
553.48,288.75,79.922,78.992
554.62,288.74,80.643,79.705
555.04,287.52,81.31,80.364
554.85,287.81,81.53,80.582
552.69,287.58,81.757,80.806
551.8,288.26,82.214,81.258
553.22,287.59,82.919,81.955
553.27,287.44,83.334,82.365
553.4,287.1,83.321,82.352
552.89,287.05,83.189,82.222
552.34,286.85,83.012,82.047
552.67,287.05,83.113,82.147
552.65,287.05,83.066,82.1
552.93,287.25,83.111,82.145
552.52,287.13,83.113,82.147
552.44,287.13,83.179,82.212
552.5,286.69,83.082,82.116
553.1,287.32,82.899,81.935
552.6,287.4,83.057,82.091
552.27,287.42,83.229,82.261
551.58,287.41,83.203,82.235
551.11,288.48,82.981,82.017
551.05,288.07,83.017,82.052
551.01,288.08,82.842,81.878
550.82,287.68,82.483,81.524
551.13,287.8,82.598,81.637
550.8,287.69,82.705,81.743
550.22,287.6,82.647,81.686
550.1,287.97,82.399,81.441
550.12,288.13,82.142,81.187
549.97,288.29,82.162,81.207
549.62,288.2,82.346,81.389
548.89,287.77,82.389,81.431
549.13,287.99,82.074,81.119
549.52,288.79,81.851,80.899
548.92,287.99,81.979,81.026
549.23,288.51,81.962,81.009
549.15,288.91,81.755,80.805
549.04,289.04,81.658,80.708
549.38,289.41,81.742,80.792
548.69,289.14,81.906,80.954
548.73,288.97,82.038,81.084
549.37,289.49,82.261,81.304
549.35,288.41,81.679,80.729
550.12,287.45,80.917,79.976
549.23,288.27,80.284,79.35
548.45,289.1,79.486,78.562
546.75,287.03,79.092,78.172
548.29,286.31,77.701,76.797
549.9,287.9,76.596,75.706
532.03,291.4,77.028,76.132
528.65,293.3,77.873,76.968
520.98,302.86,79.034,78.115
520.29,302.52,79.498,78.573
518.72,303.47,79.918,78.989
546.68,278.47,80.06,79.129
547.95,283.92,79.823,78.895
547.67,287.72,79.616,78.69
548.94,289.86,78.628,77.714
550.24,291.09,77.368,76.468
550.07,291.5,76.438,75.549
550.66,291.43,75.798,74.916
551.06,291.52,75.271,74.396
551.19,291.78,74.883,74.012
552.07,292.47,74.219,73.356
551.83,292.58,73.973,73.112
552.18,292.91,74.01,73.15
551.59,292.98,74.245,73.382
552.04,292.98,74.66,73.792
552.35,293.02,74.929,74.058
552.48,292.84,75.141,74.267
553.42,293.22,75.219,74.345
554.03,293.26,75.147,74.273
553.95,293.21,75.114,74.241
554.15,292.98,75.213,74.338
554.68,292.87,75.178,74.304
555.02,292.7,75.409,74.532
555.41,292.49,75.773,74.892
555.53,292.58,76.113,75.228
555.9,292.8,76.118,75.233
556.36,292.79,75.988,75.104
556.26,292.71,76.118,75.233
556.49,292.57,76.414,75.526
556.07,292.31,76.53,75.64
555.66,291.9,76.866,75.972
555.83,291.81,77.13,76.233
555.95,291.87,77.076,76.179
556.45,292.19,77.196,76.299
556.26,291.96,77.258,76.36
556.29,291.88,77.353,76.454
556.32,292.05,77.461,76.56
556.5,292.18,77.509,76.608
556.64,292.16,77.542,76.64
556.72,292.3,78.125,77.217
556.79,292.27,77.91,77.004
556.19,292.34,77.792,76.888
555.93,292.58,77.705,76.802
555.58,292.77,77.483,76.582
555.3,292.71,77.531,76.629
555.57,292.66,77.667,76.764
555.18,292.49,78,77.093
555.53,292.71,78.768,77.852
554.86,292.52,79.583,78.657
554.9,292.87,79.455,78.531
555.47,293.05,79.548,78.623
555.59,292.49,80.027,79.097
555.96,292.23,80.117,79.186
556.75,292.3,80.104,79.173
556.87,292.05,80.206,79.273
557.38,292.08,80.534,79.597
557.39,291.61,80.376,79.441
557.99,290.92,80.473,79.537
558.66,290.31,79.245,78.323
560.42,290.5,78.319,77.409
560.78,290.44,78.019,77.112
560.37,290.85,77.378,76.478
560.04,291.3,77.073,76.177
559.61,291.59,77.376,76.477
559.29,291.81,77.549,76.647
559.64,291.92,77.642,76.74
560.83,291.09,77.806,76.902
560.67,290.77,77.246,76.348
559.91,290.42,76.181,75.296
559.27,289.96,75.149,74.276
560.15,290.88,73.969,73.109
560.23,291.12,73.992,73.132
560.58,291.64,74.846,73.975
560.65,292.22,75.64,74.76
560.38,292.6,76.525,75.635
560.06,293.11,77.283,76.385
559.37,293.43,77.667,76.764
559.39,294.05,77.901,76.995
560.22,293.78,78.07,77.162
560.6,293.42,77.959,77.052
561.47,293.08,77.685,76.782
562.03,292.7,77.634,76.731
562.4,292.14,77.76,76.856
562.44,291.43,77.771,76.867
562.17,290.9,77.448,76.547
561.94,290.58,77.515,76.614
561.15,289.92,77.773,76.869
560.34,288.01,78.332,77.421
560.88,286.8,78.192,77.283
563.72,285,78.192,77.283
567.58,281.82,78.778,77.862
566.3,280.13,78.944,78.026
561.03,290.47,78.9,77.983
559.84,288.66,78.848,77.931
559.45,287.78,78.452,77.54
563.41,288.98,78.759,77.843
560.95,288.44,78.67,77.755
561.75,291.73,78.887,77.97
559.37,291.15,79.823,78.895
544.4,315.91,80.165,79.233
537.86,324.96,80.119,79.187
554.86,281.51,79.757,78.83
574.64,291.1,79.722,78.795
567.29,294.9,79.436,78.512
568.69,293.74,79.561,78.636
574.14,289.62,78.689,77.774
571.06,292.05,78.415,77.503
572.25,292.75,78.112,77.204
571.76,293.13,77.981,77.074
573.2,293.58,77.662,76.759
571.32,293.17,77.78,76.876
572.15,293.93,77.612,76.709
572.22,295.03,77.525,76.624
572.34,296.13,77.546,76.644
572.59,296.52,77.237,76.339
573.06,296.81,76.905,76.011
574.53,296.89,76.836,75.942
572.44,297.29,76.993,76.097
571.99,296.4,76.788,75.895
571.73,296.44,77.406,76.506
572.66,295.04,77.282,76.384
572.74,293.78,77.249,76.351
572.8,292.8,77.154,76.257
573.23,291.76,76.932,76.037
574.98,290.76,76.091,75.207
574.52,291.08,75.526,74.648
574.68,290.65,75.173,74.299
574.47,289.14,74.62,73.753
573.65,288.61,74.379,73.514
573.72,287.85,74.143,73.28
573.86,288.28,74.38,73.515
574.12,286.96,74.509,73.643
574.24,285.22,74.804,73.935
573.02,284.42,74.827,73.957
572.03,285.09,75.207,74.333
570.92,286.2,75.273,74.398
570.15,285.32,75.374,74.497
570.45,284.34,75.454,74.577
570.12,284.85,75.359,74.483
570.44,284.76,75.363,74.487
570.65,284.06,75.925,75.042
571.06,283.64,75.956,75.073
572.71,283.21,76.125,75.24
573.72,283.72,76.55,75.66
573.68,284.16,76.156,75.271
573.74,283.98,75.962,75.079
573.51,284.4,75.313,74.437
572.97,285.3,74.719,73.851
573.09,287.16,74.203,73.34
572.8,287.42,73.753,72.895
573.26,287.87,73.355,72.502
572.66,288.66,72.439,71.597
571.6,289.27,71.792,70.957
572.7,290.13,71.116,70.289
571.37,290.56,70.269,69.452
572.59,290.66,69.73,68.919
572.08,291.17,69.214,68.409
571.9,291.91,68.973,68.171
571.01,291.57,69.185,68.381
571.52,291.89,69.512,68.704
571.27,291.69,69.558,68.749
571.39,291.83,70.185,69.369
570.23,291.61,70.117,69.302
568.94,293.41,70.462,69.643
568.61,294.14,71.009,70.184
568.67,293.15,71.641,70.808
568.41,292.56,71.64,70.807
568.81,291.32,71.912,71.076
568.84,291.16,72.469,71.626
568.96,290.56,72.896,72.048
568.61,291.07,73.141,72.291
568.57,290.39,73.63,72.774
568.12,290.69,74.707,73.838
566.91,289.51,75.819,74.938
565.89,290.32,76.402,75.514
565.81,291.52,76.709,75.817
564.25,292.58,76.981,76.086
564.37,292.27,77.488,76.587
564.9,291.43,77.666,76.763
565.1,290.92,78.369,77.458
564.57,291.51,80.012,79.082
565.4,289.56,81.152,80.209
564.62,289.55,81.998,81.044
562.44,289.61,82.445,81.486
562.3,288.72,82.719,81.757
562.76,287.57,83.607,82.635
562.84,287.64,84.379,83.398
561.67,285.92,85.087,84.098
562.69,289.65,86.159,85.158
564.92,290.34,86.984,85.972
567.73,288.65,87.65,86.631
566.12,288.27,87.527,86.509
566.93,288.49,87.909,86.887
570.53,287.16,87.673,86.653
566.73,287.71,87.927,86.905
566.17,287.22,87.77,86.749
566.32,286.16,88.28,87.253
565.82,288.98,87.86,86.838
569.58,273.97,88.02,86.997
569.32,278.6,88.37,87.342
569.44,280.4,89.016,87.981
570.87,278.37,89.882,88.837
571.73,280.49,90.461,89.409
565.65,286.52,90.364,89.314
555.33,284.47,91.069,90.01
554.57,284.86,91.446,90.383
557.31,281.6,92.336,91.262
545.93,277.69,92.344,91.27
543.89,274.13,93.302,92.217
545,271,94.331,93.234
576.01,252.76,95,93.896
577.91,254.2,95.899,94.784
576.51,255.05,96.934,95.807
577.36,254.23,98.415,97.27
576.55,253.7,98.964,97.813
548.73,268.79,99.162,98.009
550.33,270.72,99.378,98.223
550.78,269.99,99.419,98.263
553.79,271.23,99.346,98.191
575.13,252.48,97.932,96.793
576.22,251.84,96.231,95.112
579.02,251.87,95.244,94.136
578.79,252.15,94.894,93.79
580.7,252.41,94.624,93.524
582.58,252.11,94.67,93.569
583.13,252.04,93.883,92.791
584.56,251.66,93.563,92.475
584.72,251.73,92.562,91.485
586.3,250.75,91.335,90.273
588.26,250.63,90.159,89.111
588.96,250.41,89.079,88.043
588.85,249.47,89.224,88.186
588.83,249.43,89.93,88.884
583.15,253.62,90.407,89.356
583.45,257.1,90.627,89.574
585.33,263.73,89.605,88.563
570.16,273.97,89.362,88.323
562.37,279.04,89.527,88.486
561.75,282.42,89.542,88.501
564.64,283.15,88.541,87.511
563.84,285.23,88.211,87.185
563.21,287.63,87.755,86.735
564.01,289.66,86.302,85.298
570.8,290.26,84.983,83.995
572.2,290.72,84.329,83.348
572.45,291.02,83.462,82.492
572.04,292.9,82.695,81.733
569.14,295.52,81.706,80.756
569,296.65,80.563,79.626
569.02,297.1,79.311,78.389
569.42,297.56,77.844,76.939
568.59,298.48,76.58,75.689
567.26,299.9,75.647,74.768
568.1,303.35,74.602,73.735
567.19,302.88,73.971,73.111
566.67,302.1,73.867,73.008
566.87,298.53,73.191,72.34
567,298.64,72.699,71.854
566.92,298.01,72.489,71.646
566.28,296.69,71.849,71.014
565.65,297.73,71.777,70.942
565.28,297.81,71.506,70.674
564.65,297.67,71.137,70.309
564.52,297.31,70.638,69.816
563.75,296.72,70.669,69.847
562.92,296.53,70.41,69.591
562.47,296.39,70.727,69.905
561.47,295.21,70.744,69.921
561.57,293.89,70.51,69.69
559.85,293.42,70.706,69.884
558.45,293.21,70.675,69.853
555.66,293.05,70.96,70.135
553.08,293.41,70.916,70.091
557.41,288.93,71.07,70.243
562.13,284.1,70.929,70.104
565.83,282.52,70.563,69.743
562.83,284.45,70.531,69.711
563.03,283.65,70.722,69.9
564.34,283.24,71.317,70.487
564.62,281.83,72.165,71.326
561.22,280.74,73.129,72.278
560.84,280.2,74.127,73.265
560.91,281.34,74.423,73.558
557.85,283.75,73.984,73.124
553.93,288.13,73.676,72.819
546.59,292.9,73.448,72.594
551.65,288.51,73.679,72.822
554.05,289.95,73.469,72.615
555.37,290.79,73.522,72.667
550.9,290.79,74.269,73.406
548.85,290.79,74.808,73.938
548.74,290.21,74.797,73.927
548.91,289.74,75.236,74.361
547.24,291.38,75.697,74.817
544.36,292.7,76.386,75.498
545.31,291.2,76.867,75.973
540.47,293.09,77.343,76.444
541.34,292.64,77.575,76.673
542.74,293.4,77.237,76.339
545.33,294.11,77.123,76.226
545.69,295.58,77.319,76.42
546.55,296.42,77.534,76.632
547.85,297.41,77.706,76.803
548.49,298.68,77.543,76.641
550.27,299.34,77.21,76.312
552.59,298.99,76.889,75.995
555.42,298.62,76.566,75.676
555.9,299.37,76.11,75.225
555.88,299.78,75.739,74.858
553.49,301.84,75.6,74.721
548.46,306.72,74.973,74.101
550.01,305.5,75.186,74.312
550.08,304.77,75.033,74.16
551.15,304.04,74.446,73.58
549.88,304.11,74.25,73.386
549.5,303.78,73.698,72.841
549.47,303.9,73.143,72.292
549.53,303.32,72.806,71.959
550,303.04,72.635,71.791
550.23,301.88,72.473,71.63
550.47,301.11,72.153,71.314
551.35,300.47,72.12,71.281
551.52,298.86,72.647,71.803
553.27,297.54,73.113,72.263
551.99,295.14,73.41,72.556
543.95,281.5,73.741,72.884
545.57,276.36,74.075,73.214
548.71,268.52,74.219,73.356
586.73,309.5,74.108,73.247
588.91,310.73,73.963,73.103
589.03,310.7,74.418,73.552
589.24,312.86,74.619,73.751
552.63,276.46,74.209,73.346
550.67,277.63,74.389,73.524
550.87,279.6,75.103,74.23
550.97,279.85,75.939,75.056
551.21,280.36,76.386,75.498
551.05,280.6,77.082,76.185
550.45,280.64,77.526,76.625
548.99,280.46,78.105,77.197
548.55,280.99,78.661,77.747
554.89,285.03,79.317,78.395
556.45,286.03,80.027,79.096
555.85,285.73,80.677,79.739
556.13,286.5,81.861,80.909
554.56,285.74,82.552,81.592
558.15,285.61,81.871,80.919
557.44,284.96,80.751,79.812
556.63,285.36,79.907,78.978
554.98,285.04,79.834,78.906
554.4,285.54,79.491,78.566
553.33,286.15,79.503,78.579
551.1,286.49,79.499,78.575
546.83,287.03,79.818,78.89
544.89,288.21,80.169,79.237
542.78,288.89,79.144,78.224
545.17,288.39,77.706,76.802
548.37,290.75,78.477,77.565
546.15,290.53,79.301,78.378
548.13,291.64,79.9,78.971
548.5,291.46,80.42,79.485
551.29,291.85,80.417,79.482
550.17,289.76,79.992,79.062
535.11,276.17,80.378,79.444
547.7,286.17,80.145,79.213
546.07,285.53,80.113,79.182
546.46,285.22,80.047,79.116
548.15,284.95,79.765,78.837
549.85,286.46,79.647,78.72
550.33,286.35,79.131,78.211
551.4,286.03,78.681,77.766
552.98,285.93,78.233,77.323
554.95,286.06,77.446,76.546
557.49,285.67,77.118,76.221
557.49,285.17,76.945,76.05
558.15,284.71,76.813,75.92
558.68,284.72,76.628,75.737
559.56,285.19,76.581,75.69
561.15,286.11,76.642,75.75
574.84,278.59,75.847,74.965
578.11,277.27,74.897,74.026
579.1,277.16,74.422,73.557
581.12,276.66,73.634,72.778
581.93,277.39,73.263,72.411
584.19,276.57,72.98,72.132
584.09,276.29,72.139,71.3
567.12,282.85,72.303,71.462
568.07,281.24,72.481,71.638
579.67,276.15,72.4,71.558
563.8,290.63,73.333,72.481
560.37,290.69,74.24,73.376
558.89,288.81,75.448,74.57
558.4,288.11,76.72,75.827
557.42,289.26,76.611,75.721
557.14,289.7,76.321,75.434
557.81,289.41,76.219,75.333
558.3,289.49,76.365,75.477
558.61,288.94,76.332,75.445
559.5,288.9,76.443,75.555
560.67,288.93,76.557,75.667
560.72,288.16,77.448,76.547
560.92,288.45,77.077,76.181
560.95,288.98,76.991,76.096
560.07,288.82,76.74,75.848
560.8,288.67,76.695,75.804
561.13,288.84,76.818,75.925
560.81,288.68,76.824,75.93
560.87,288.61,76.781,75.888
560.26,287.83,77.999,77.092
560.87,288.55,77.82,76.915
560.48,287.56,78.791,77.875
560.01,286.89,79.738,78.81
559.68,286.61,79.807,78.879
559.66,287.7,78.663,77.748
558.73,288.19,78.207,77.298
559.69,290.1,76.765,75.872
559.91,291.09,76.122,75.236
560.08,292.03,76.472,75.583
560.72,291.66,75.545,74.666
561.66,291.97,74.511,73.645
561.71,292.45,74.019,73.159
561.93,292.93,73.776,72.918
562.17,293.11,73.641,72.785
562.39,293.3,73.453,72.599
562.06,292.72,73.39,72.536
561.3,291.48,74.269,73.405
561.23,291.16,74.883,74.012
560.93,290.71,75.397,74.52
560.95,290.6,75.404,74.527
560.77,291.57,74.737,73.868
560.88,292.14,74.383,73.518
560.03,290.53,74.965,74.093
559.42,289.62,76.247,75.36
560.14,290.64,76.066,75.182
560.66,289.43,76.762,75.869
559.95,287.4,78.069,77.161
559.96,286.83,78.65,77.735
559.47,286.41,79.281,78.359
559.51,286.35,80.2,79.268
558.92,285.87,80.219,79.286
558.64,286.57,80.266,79.332
558.37,287.44,79.273,78.351
558.01,287.57,79.095,78.176
557.7,287.45,79.137,78.217
558.74,289.21,77.612,76.709
559.72,290.08,76.956,76.061
560.23,290.01,76.542,75.652
559.86,290.41,76.735,75.842
559.88,290.25,76.995,76.1
560.56,290.32,76.807,75.914
559.28,288.47,78.589,77.675
557.82,286.43,80.623,79.686
557.66,285.29,81.474,80.527
557.63,285.15,82.084,81.13
557.99,285.96,81.841,80.889
557.05,285.49,81.922,80.969
556.87,285.64,82.092,81.137
557.4,285.94,81.889,80.937
556.97,285.12,82.02,81.066
559.11,286.98,80.611,79.674
557.81,286.02,81.684,80.734
558.36,286.78,80.776,79.837
557.93,286.95,80.489,79.553
557.44,286.96,80.114,79.183
557.86,287.44,80.089,79.158
557.78,287.23,80.164,79.232
557.82,287.22,80.439,79.503
557.31,287.11,80.32,79.386
557.14,287.2,80.228,79.295
558.61,289.01,78.671,77.756
557.56,288.12,79.405,78.482
557.52,287.75,79.923,78.993
557.41,287.74,80.083,79.152
557.9,288.81,78.747,77.832
557.94,289.59,78.566,77.652
557.74,289.6,78.373,77.462
558.03,289.69,78.384,77.473
558.03,289.73,78.318,77.407
558,289.43,78.575,77.661
558.08,289.05,78.365,77.453
558.21,288.83,78.335,77.424
558.26,288.74,78.444,77.532
557.94,288.15,79.543,78.618
557.3,287.06,80.262,79.329
558.24,287.7,80.385,79.451
557.84,287.7,80.515,79.578
557.83,287.13,80.729,79.79
558.14,287.26,81.11,80.167
558.06,286.96,81.341,80.396
557.73,286.41,81.19,80.246
558.26,287.18,81.193,80.249
559,288.22,79.924,78.995
558.57,288.7,79.34,78.418
558.93,288.64,78.786,77.87
557.72,287.59,80.344,79.41
557.24,287.14,80.942,80.001
557.06,286.8,81.198,80.253
557.98,287.87,80.452,79.517
557.36,287.16,80.838,79.898
557.33,287.14,81.471,80.523
557.1,287.01,81.827,80.876
557.24,288.3,81.891,80.939
558.14,288.84,80.887,79.947
557.56,287.94,81.844,80.893
557.71,287.09,82.095,81.14
557.58,287.51,82.419,81.461
558.23,288.25,81.768,80.817
558.18,288.55,81.969,81.016
557.49,289.41,81.344,80.398
556.73,288.89,82.545,81.585
557.18,290.17,82.107,81.152
557.67,290.93,82.091,81.137
557.9,290.74,83.424,82.454
559.09,291.84,84.645,83.661
561.76,295.19,83.337,82.368
562.3,297.75,82.303,81.346
563.72,301.5,80.014,79.084
564.51,303.16,78.943,78.025
565.65,303.83,77.876,76.97
566.67,303.75,78.705,77.79
566.88,304.15,78.942,78.024
566.87,303.57,79.616,78.69
565.93,303.33,80.33,79.396
565.96,303.41,80.517,79.581
565.53,303,80.789,79.85
565.6,303,80.951,80.01
565.47,301.83,80.988,80.046
563.64,301.39,81.109,80.165
563.8,301.09,80.413,79.478
562.58,299.33,80.363,79.428
561.73,298.11,80.505,79.569
560.37,295.87,81.925,80.972
561.13,293.9,81.954,81.001
561.56,291.81,82.901,81.937
560.94,292.4,83.388,82.418
557.86,292.19,83.127,82.16
556.52,291.27,82.578,81.618
554.19,291.39,83.56,82.588
556.61,290.64,83.617,82.645
556.83,288.66,83.344,82.375
561.93,288.19,83.6,82.627
566.7,287.45,82.705,81.743
567.51,285.61,82.536,81.577
566.2,286.83,82.362,81.404
563.9,286.35,82.462,81.503
562.33,287.77,82.402,81.444
563.79,285.56,82.171,81.215
562.81,286.16,82.358,81.401
560.25,286.8,81.893,80.941
560.1,286.14,81.739,80.789
563.23,286.24,81.285,80.34
564.69,286.96,81.12,80.177
565.71,286.98,80.924,79.983
564.75,287.14,81.24,80.295
563.48,288.99,81.111,80.168
562.29,289.24,81.709,80.759
561.65,288.98,82.219,81.263
564.31,287.75,82.211,81.255
565.75,287.4,82.228,81.272
564.45,286.73,81.766,80.815
565.52,287.78,81.156,80.212
565.5,287.48,80.14,79.208
565.94,287.45,78.853,77.937
566.09,287.9,77.931,77.025
565.78,288.2,77.818,76.913
564.73,288.39,77.887,76.982
563.77,288.37,78.184,77.274
562.98,288.82,78.158,77.249
562.49,288.48,79.043,78.124
562.24,288.58,79.353,78.43
563.58,288.51,78.503,77.59
562.97,288.71,79.094,78.174
562.8,288.75,79.339,78.416
562.75,288.81,79.537,78.612
562.04,288.35,79.162,78.242
561.28,288.36,79.02,78.101
560.7,288.68,79.346,78.424
560.93,288.91,79.644,78.718
561.36,288.96,79.778,78.85
561.13,288.99,80.356,79.422
560.54,288.27,80.605,79.667
560.54,287.82,80.753,79.814
560.63,287.88,80.94,79.999
560.46,287.31,80.429,79.493
561.15,287.64,80.153,79.221
561.25,288.42,80.361,79.427
560.52,288.43,80.811,79.872
560.49,291.51,80.713,79.775
559.85,293.66,81.522,80.574
559.45,293.37,81.313,80.367
558.5,290.99,81.497,80.55
556.57,288.28,81.579,80.63
556.45,288.38,81.202,80.258
557.14,288.52,81.301,80.356
558.1,289.31,81.077,80.134
560.82,289.72,80.491,79.556
562.19,290.02,81.089,80.146
562.82,291.46,80.93,79.989
561.9,290.75,80.492,79.556
562.67,292.02,80.537,79.6
565.43,294,80.686,79.748
566.27,295.46,81.097,80.154
567.07,295.97,81.612,80.663
569.81,296.82,81.928,80.975
569.37,297.51,82.12,81.165
557.69,287.58,82.608,81.648
558.56,288.93,82.8,81.837
558.66,289.04,83.403,82.433
559,289.23,84.04,83.063
558.6,288.6,83.884,82.909
573.46,296.43,84.384,83.403
571.56,294.93,84.392,83.411
569.78,293.01,84.121,83.143
567.59,291.76,83.913,82.937
565.39,292.53,83.724,82.75
563.67,290.28,84.11,83.132
565.47,289.49,83.511,82.54
568.37,286.31,83.751,82.777
560.43,289.72,83.404,82.434
559.41,288.72,84.508,83.525
559.65,287.45,85.062,84.073
560.1,287.27,84.912,83.925
560.43,287.29,84.649,83.664
560.12,287.11,84.025,83.048
560.11,286.99,83.896,82.92
561.14,287.53,83.477,82.506
561.07,288.39,83.196,82.228
560.57,288.03,82.629,81.668
560.18,288.48,81.922,80.97
562.88,286.79,82.17,81.215
562.86,284.12,81.763,80.813
564.31,283.78,81.756,80.805
561.65,284.68,82.045,81.091
560.81,284.23,82.388,81.43
560.46,296.85,81.384,80.438
561.04,295.98,80.894,79.953
563.1,296.09,80.673,79.735
562.48,294.06,80.475,79.539
559.81,290.63,80.076,79.145
559.87,291.6,79.689,78.763
558.59,292.43,80.171,79.238
560.83,292.65,80.445,79.51
560.2,287.9,81.009,80.067
561.33,289.34,80.608,79.671
560.79,288.83,80.513,79.577
560.4,288.96,80.408,79.473
560.95,289.07,80.24,79.307
561.46,289.35,80.237,79.304
561.67,289.45,80.169,79.237
561.64,289.13,80.265,79.332
562.14,289.31,80.387,79.452
562.31,288.94,80.549,79.613
562.61,288.76,80.799,79.86
562.81,288.7,80.865,79.924
563.18,288.72,80.788,79.849
563.64,288.61,80.824,79.884
563.77,288.3,81.225,80.281
564.7,288.77,80.572,79.635
564.32,288.29,81.107,80.164
565.11,288.77,80.575,79.638
564.66,288.3,81.177,80.233
565.42,288.78,80.409,79.474
564.73,288.34,80.916,79.975
564.71,288,81.005,80.063
565.04,288.11,80.784,79.845
564.92,288.2,81.048,80.106
565.3,288.24,80.806,79.866
564.79,287.96,81.136,80.192
565.23,288.27,80.906,79.965
564.16,287.71,81.072,80.129
563.86,287.75,81.057,80.115
563.08,287.59,81.182,80.238
562.54,287.55,81.373,80.427
561.06,286.47,82.272,81.315
560.39,286.26,82.688,81.727
558.89,286.04,82.855,81.892
557.99,285.91,82.568,81.608
558.34,286.39,82.883,81.919
557.23,285.64,83.646,82.674
556.3,285.25,84.061,83.083
556.53,282.89,83.23,82.262
557.59,281.94,82.884,81.921
556.09,284.06,82.778,81.815
555.81,283.71,82.955,81.99
556.2,284.42,82.946,81.981
556.85,285.03,82.916,81.951
557.05,285.33,83.195,82.227
557.15,285.09,83.44,82.47
558.72,285.93,82.985,82.02
559.56,285.82,83.243,82.275
563.36,284.89,82.945,81.98
563.57,285.66,84.727,83.742
563.68,286.5,84.364,83.383
564.4,287.03,83.86,82.885
564.66,287.26,83.416,82.446
565.76,287.24,82.872,81.908
567.7,286.29,82.352,81.395
568.77,286.01,82.258,81.301
568.72,286.4,82.02,81.066
570.12,286.98,82.059,81.105
569.81,287.73,82.049,81.095
570.36,288.19,81.455,80.508
570.13,287.5,80.949,80.008
570.64,287.63,79.902,78.973
570.82,287.66,79.46,78.536
570.04,287.36,79.98,79.05
569.67,287.3,80.537,79.601
568.34,287.07,80.719,79.781
567.86,287.4,81.317,80.372
566.99,287.27,81.855,80.903
566.12,286.9,82.4,81.442
565.88,287.4,82.365,81.407
565.27,286.46,83.093,82.127
565.53,285.82,83.315,82.346
565.74,285.23,83.194,82.227
566.04,284.09,83.435,82.465
567.07,283.53,83.696,82.722
569.1,282.16,83.42,82.45
571.51,282.72,83.045,82.08
570.41,283.53,83.768,82.794
570.38,284.9,83.765,82.791
570.44,284.84,83.097,82.13
570.54,284.69,83.671,82.698
570.02,284.78,84.615,83.631
570.96,284.9,84.602,83.618
571.79,285.83,84.209,83.23
571.62,287.57,83.896,82.921
571.12,290.1,83.713,82.74
570.43,291.69,83.919,82.944
568.5,292.65,84.131,83.153
570.07,289.48,83.781,82.807
570.67,294.74,83.276,82.308
569.49,293.01,83.073,82.107
567.96,291.4,83.287,82.318
