534.5,299.5,37,52
535.04,301.48,36.447,51.223
536.64,303.25,36.468,51.252
538.01,304.91,36.149,50.804
538.15,306.5,35.603,50.037
537.33,306.8,36.15,50.806
536.84,299.37,36.313,51.034
537.28,300.56,36.274,50.98
536.03,301.55,36.503,51.301
534.99,301.3,36.726,51.614
535.19,301.25,36.993,51.99
534.96,300.51,36.667,51.533
534.9,300.16,36.919,51.886
534.15,297.74,37.335,52.471
531.33,296.84,37.516,52.726
528.05,297.49,37.846,53.189
525.42,297.41,38.098,53.544
522.27,297.41,37.926,53.302
520.26,298.32,37.934,53.313
516,298.26,37.887,53.247
513.59,298.05,38.006,53.414
512.21,297.84,37.712,53
511.48,297.18,38.075,53.51
511.59,296.96,38.094,53.538
512.12,296.98,38.104,53.551
512.67,296.63,38.327,53.865
513.31,296.72,38.843,54.59
512.51,296.08,39.079,54.922
513.25,296.51,38.501,54.109
511.68,295.1,38.991,54.798
511.51,293.67,39.523,55.545
512.24,293.7,39.36,55.317
516.6,293.43,39.74,55.851
519.54,296.16,39.633,55.701
526.93,300.28,40.056,56.295
535.32,300.34,40.072,56.318
543.8,297.58,40.437,56.831
555.18,295.02,40.511,56.934
570.62,292.62,40.479,56.89
592.28,289.45,40.432,56.823
612,289.91,40.482,56.894
632.42,291.41,40.66,57.143
652.64,292.55,40.839,57.395
671.02,301.62,41.384,58.161
688.6,309.5,41.42,58.211
703.9,310.67,41.456,58.263
717.65,310.99,41.884,58.864
728.31,312.22,41.782,58.72
734.79,313.35,41.831,58.789
744.85,313.61,41.917,58.91
748.55,312.14,41.932,58.932
750.69,311.36,41.765,58.697
742.43,309.36,41.789,58.731
734.78,306.67,41.841,58.803
729.44,304.95,41.649,58.534
726.2,303.91,41.836,58.797
727.7,304.6,41.703,58.61
730.49,305.24,41.663,58.553
734.91,305.35,41.514,58.345
741.29,305.48,41.488,58.307
747,306.25,41.281,58.017
749.94,306.03,41.02,57.65
753.05,306.6,40.878,57.45
755.96,306.46,41.116,57.785
754.68,304.77,41.107,57.772
752.69,302.84,41.332,58.089
749.93,300.94,41.51,58.338
747.5,299.29,41.242,57.961
744.27,298.13,41.141,57.819
740.54,296.14,41.096,57.757
737.33,293.25,40.926,57.518
735.39,291.35,40.89,57.467
735,290.55,40.51,56.932
736.6,290.49,40.228,56.536
740.32,286.92,40.27,56.596
746.95,294.11,40.302,56.641
753.23,294.83,40.634,57.108
757.91,293.73,40.494,56.91
761.01,290.16,40.536,56.97
764.28,287.99,40.941,57.538
767.56,286.62,40.981,57.595
769.83,286.59,41.006,57.63
771.66,288.12,40.78,57.313
773.4,290.7,40.558,57
775.06,292.55,40.491,56.906
776.81,293.89,40.436,56.829
778.9,294.17,40.639,57.114
781.48,293.86,40.635,57.109
783.52,293.32,40.697,57.196
786.04,293.52,40.769,57.297
788.48,293.68,40.806,57.349
791.2,295.5,40.624,57.094
793.68,296.86,40.829,57.381
795.66,297.03,40.891,57.469
796.11,296.15,40.778,57.31
797.32,295.39,40.864,57.431
796.37,294.28,40.962,57.568
795.68,294.09,41.187,57.885
794.81,293.51,41.232,57.948
794.18,293.36,41.176,57.869
793.8,292.99,41.226,57.94
793.88,292.58,41.005,57.629
793.69,292.48,40.981,57.595
792,292.62,40.847,57.406
789.74,293.65,40.916,57.503
786.39,293.1,40.909,57.494
782.98,293.43,40.644,57.121
780.63,294.23,40.423,56.811
778.84,297.2,40.246,56.561
777.57,299.68,40.117,56.381
775.96,301.55,39.906,56.084
774.52,303.15,40.201,56.498
771.73,303.81,40.435,56.827
768.44,303.54,40.632,57.105
764.52,302.71,40.863,57.429
759.94,301.52,40.997,57.618
758.14,300.6,41.069,57.719
756.86,299.54,41.04,57.678
756.07,297.84,41.228,57.942
756.89,297,41.283,58.02
759.44,297.19,41.002,57.625
762.59,297.62,40.836,57.391
766.08,297.72,40.862,57.428
769.53,296.95,41.108,57.774
772.95,295.88,41.481,58.298
776.99,294.29,41.676,58.572
779.13,292.37,41.822,58.777
781.63,291.13,42.115,59.189
783.3,290.43,42.178,59.277
785,289.84,42.177,59.275
785.91,289.03,42.109,59.18
785.87,288.73,41.968,58.983
785.7,288.07,41.967,58.981
785.39,287.67,42.127,59.206
785.91,286.98,42.073,59.129
784.01,286.72,41.929,58.928
781.5,285.71,41.762,58.692
779.29,285.45,41.779,58.717
776.83,285.61,41.752,58.678
773.78,285.44,41.788,58.729
767.44,285.27,41.745,58.669
762.66,285.57,41.94,58.943
761.6,285.79,42.057,59.107
760.68,286.05,42.102,59.171
759.36,285.73,42.085,59.146
760.7,285.57,42.019,59.054
762.05,286.06,41.92,58.914
763.59,286.75,41.703,58.609
764.69,287.26,41.562,58.411
765.65,287.61,41.463,58.272
766.2,287.61,41.526,58.361
767.37,287.62,41.465,58.276
768.76,287.36,41.631,58.509
770.39,287.09,41.621,58.494
772.56,286.68,41.729,58.646
776.09,285.8,41.754,58.682
778.18,285.4,41.774,58.709
781.13,284.93,41.61,58.479
782.78,284.54,41.6,58.465
783.95,284.25,41.676,58.572
784.57,283.76,41.554,58.4
785.73,284.27,41.342,58.102
785.57,284.45,41.375,58.148
784.67,284.56,41.371,58.142
783.86,285.07,41.346,58.108
783.06,285.93,41.355,58.12
781.99,286.64,41.421,58.213
781.25,287.58,41.341,58.101
780.13,287.84,41.527,58.363
780.17,287.8,41.703,58.609
780.71,287.53,41.836,58.797
781.31,287.3,41.659,58.548
781.92,287.11,41.651,58.536
782.67,286.97,41.497,58.32
783.11,286.82,41.508,58.336
783.95,286.63,41.396,58.179
784.86,286.18,41.44,58.24
785.7,285.79,41.473,58.286
786,285.38,41.739,58.66
786.33,284.91,41.773,58.707
787.52,284.85,41.791,58.733
787.68,284.98,41.896,58.881
788.17,284.79,41.965,58.978
788.47,284.63,42.034,59.075
788.75,284.47,41.993,59.017
788.56,284.13,42.077,59.136
787.73,283.61,42.079,59.138
786.7,283.31,42.157,59.247
785.85,283.66,42.067,59.121
784.3,283.93,42.088,59.15
781.89,284.2,42.079,59.138
779.39,283.96,42.176,59.274
778.25,284.43,42.165,59.259
776.2,284.68,42.237,59.36
774.34,284.74,42.221,59.338
772.41,284.6,42.437,59.642
770.13,284.38,42.524,59.764
768.32,284.42,42.548,59.798
766.33,284.23,42.563,59.818
764.64,283.78,42.628,59.91
763.29,283.49,42.346,59.513
762.39,282.87,42.336,59.499
761.4,282.4,42.303,59.453
760.81,282.05,42.263,59.397
760.63,281.63,42.189,59.292
759.98,281.32,42.131,59.211
759.45,281.15,42.117,59.191
759.24,281.07,42.027,59.065
759.2,281.05,41.88,58.859
759.27,281.43,41.724,58.639
758.93,281.37,41.636,58.515
758.82,281.49,41.561,58.41
758.99,281.51,41.56,58.409
759,281.47,41.552,58.397
759.24,281.64,41.525,58.359
759.58,281.71,41.446,58.248
760.39,281.8,41.334,58.09
760.99,281.73,41.213,57.922
761.83,281.7,41.02,57.65
762.46,281.46,41.047,57.687
763.15,281.28,41.066,57.715
763.96,281.33,40.988,57.605
764.05,280.67,40.849,57.409
764.23,280.17,40.762,57.287
764.48,279.84,40.618,57.085
764.64,279.67,40.589,57.044
764.54,279.67,40.645,57.123
764.37,279.85,40.669,57.156
764.36,280.14,40.873,57.443
764.24,279.99,40.489,56.904
764.39,280.1,40.58,57.032
764.57,280.5,40.61,57.073
764.33,280.57,40.583,57.035
763.91,280.93,40.703,57.204
764.94,281.51,40.853,57.415
764.22,281.13,41.022,57.653
764.78,281.13,41.082,57.736
765.86,281.08,41.195,57.896
766.83,281.01,41.254,57.979
767.76,281.08,41.091,57.75
769.5,281.27,41.052,57.694
770.71,280.64,41.02,57.65
772.66,280.44,40.876,57.448
775.18,280.11,40.646,57.124
779,280.19,40.52,56.946
782.62,279.67,40.664,57.149
783.71,280.17,40.673,57.162
784.54,280.55,40.524,56.953
783.78,281.19,40.329,56.678
784.7,281.9,40.048,56.283
786.34,281.49,39.851,56.007
789.01,283.2,39.706,55.803
793.29,286.75,39.847,56.001
802.72,293.88,39.597,55.65
812.42,298.23,39.478,55.482
822.01,301.65,39.286,55.212
830.28,301.48,38.902,54.674
838.49,301.81,38.735,54.438
849.49,303.68,38.752,54.463
860.49,303.31,38.774,54.494
876.22,300.99,38.876,54.637
887.16,297.15,38.861,54.615
898.13,294.27,38.774,54.493
909.08,293.09,38.721,54.419
915.9,292.09,38.516,54.131
