813.5,424.5,50,113
812.38,428.74,50.23,113.52
810.6,429.73,49.792,112.53
806.56,429.64,49.872,112.71
803.51,429.53,49.976,112.95
800.06,428.73,49.833,112.62
797.41,427.75,49.887,112.74
794.51,427.12,49.987,112.97
791.59,426.68,50.024,113.05
788.23,428.52,49.537,111.95
785.58,429.23,48.59,109.81
783.38,430.56,48.166,108.86
781.06,432.17,47.63,107.64
777.28,432.84,47.486,107.32
773.19,434.2,47.614,107.61
768.04,433.17,47.634,107.65
763.81,431.66,47.768,107.95
759.59,430.16,48.222,108.98
754.66,427.8,48.966,110.66
750.82,427.71,49.368,111.57
746.96,426.48,49.657,112.22
743.54,427.33,49.511,111.9
740.38,429.13,49.446,111.75
736.71,428.01,49.537,111.95
734.36,428.31,49.285,111.38
730.27,427.21,49.603,112.1
726.61,426.55,50.113,113.25
722.75,427.15,49.63,112.16
719.66,429.12,49.092,110.95
715.73,430.65,48.537,109.69
712.12,430.96,47.932,108.33
709.37,430.55,47.616,107.61
706.59,429.41,47.677,107.75
703.35,429.89,47.636,107.66
700.67,430.65,47.654,107.7
697.04,430.52,47.837,108.11
695.09,432.13,47.456,107.25
692.13,431.83,47.562,107.49
689.28,431.96,47.802,108.03
685.59,432.46,47.819,108.07
681.79,431.8,47.798,108.02
678.05,432.14,47.899,108.25
674.41,433.03,47.599,107.57
671.12,434.27,47.549,107.46
668.22,435.26,47.559,107.48
664.25,435.34,47.675,107.75
660.31,434.78,47.609,107.6
656.79,436.12,47.746,107.91
653.6,437.59,47.714,107.83
649.67,440.64,47.667,107.73
646.59,442.37,47.585,107.54
643.17,444.37,47.776,107.97
639.54,445.53,48.134,108.78
635.58,445.41,48.754,110.18
631.37,444.83,49.266,111.34
626.67,441.84,49.587,112.07
622.83,439.24,49.328,111.48
620.04,438.43,49.299,111.42
617.56,438.25,49.307,111.43
614.44,438.49,49.124,111.02
610.72,437.7,49.01,110.76
608.58,437.85,48.852,110.4
605.46,437.62,48.557,109.74
603.03,438.13,48.261,109.07
599.43,439.59,48.148,108.81
595.53,439.81,48.416,109.42
591.83,439.59,48.52,109.65
588.12,438.46,48.799,110.29
584.44,437.83,48.554,109.73
579.58,436.81,48.845,110.39
576.25,435.97,48.802,110.29
573.34,435.65,48.656,109.96
570.16,435.82,48.255,109.06
567.19,436.11,48.087,108.68
564.55,438.37,47.907,108.27
561.39,438.69,47.792,108.01
558.42,439.79,47.931,108.33
554.08,439.63,48.075,108.65
550.52,440.18,48.288,109.13
545.68,440.53,48.644,109.94
541.49,439.56,49.048,110.85
537.56,439.86,49.108,110.98
533.21,440.06,49.337,111.5
529.28,440.67,49.373,111.58
524.83,442.74,49.349,111.53
521.36,443.27,48.967,110.67
519,443.98,48.782,110.25
516.21,444.14,48.829,110.35
513.52,444.07,48.86,110.42
509.51,443.65,48.982,110.7
505.72,442.57,48.981,110.7
501.97,442.33,49.112,110.99
498.5,442.38,49.167,111.12
494.97,442.03,49.111,110.99
491.63,444.42,48.746,110.17
488.47,445.41,48.286,109.13
485.37,446.16,47.954,108.38
482.38,446.92,47.698,107.8
478.83,446.99,47.509,107.37
475.81,448.46,47.379,107.08
471.54,448.37,46.89,105.97
468.79,449.28,46.78,105.72
464.82,449.09,46.5,105.09
461.09,449.05,46.284,104.6
456.62,448.66,46.761,105.68
451.76,446.17,46.848,105.88
448.62,445.24,46.91,106.02
444.9,444.45,46.85,105.88
441.28,443.83,46.539,105.18
436.67,444.28,46.656,105.44
433.14,444.8,46.749,105.65
429.57,445.49,46.533,105.16
426.63,445.98,46.567,105.24
423.76,447.04,46.279,104.59
419.82,447.62,46.355,104.76
415.25,446.8,46.538,105.18
410.99,445.81,46.714,105.57
406.64,444.98,46.791,105.75
402.95,444.63,46.686,105.51
400.15,444.72,46.71,105.56
394.74,442.35,47.074,106.39
391.66,441.94,47,106.22
388.64,441.74,46.979,106.17
385.44,441.77,47.078,106.4
381.57,442.55,46.86,105.9
378.68,442.87,46.942,106.09
375.31,442.98,47.092,106.43
371.25,442.22,46.935,106.07
368.01,441.54,47.081,106.4
362.41,440.19,47.18,106.63
359.12,439.6,47.35,107.01
354.93,438.62,47.244,106.77
351.88,438.96,47.115,106.48
348.69,439.94,46.708,105.56
345.38,443.25,46.239,104.5
342.61,444.61,45.939,103.82
339.65,445.01,45.717,103.32
336.65,444.13,45.484,102.79
333.53,443.2,45.257,102.28
329.5,442.66,44.995,101.69
325.68,441.81,44.861,101.39
322.26,442.35,44.775,101.19
318.72,442.22,44.613,100.83
314.79,441.93,44.256,100.02
311.43,441.61,44.149,99.776
307.75,440.87,44.148,99.774
304.48,440.23,44.108,99.684
301.37,440.21,44.057,99.569
298.05,440.75,43.959,99.348
295.56,443.42,43.873,99.152
292.31,443.91,43.782,98.946
288.64,444.06,43.781,98.944
285.01,443.96,43.96,99.35
282.07,443.75,44.215,99.925
277.61,442.4,44.775,101.19
273.83,440.35,45.16,102.06
270.39,438.6,45.339,102.47
266.58,437.08,45.242,102.25
263.1,435.97,45.02,101.74
260.04,436.25,44.913,101.5
256.71,435.52,44.797,101.24
254.16,436.2,44.857,101.38
251.11,436.84,44.992,101.68
247.64,437.11,44.995,101.69
243.51,438.16,44.99,101.68
239.35,437.32,45.321,102.43
235.83,436.03,45.774,103.45
232.14,434.38,46.196,104.4
228.91,432.79,46.117,104.23
226.57,432.69,45.852,103.63
221.6,431.51,45.683,103.24
219.21,431.96,45.464,102.75
216.44,432.08,45.345,102.48
213.77,432.13,45.228,102.22
210.39,431.89,45.229,102.22
207.21,430.45,45.453,102.72
204.42,429.8,45.837,103.59
200.52,428.07,45.937,103.82
197.26,427.79,45.892,103.72
193.62,428.29,45.765,103.43
189.39,430.04,45.596,103.05
185.85,430.55,45.398,102.6
183.36,431.25,45.277,102.33
179.66,429.59,45.249,102.26
176.46,427.55,45.086,101.9
173.72,425.48,45.095,101.92
170.85,424.94,45.149,102.04
168.36,425.81,44.831,101.32
165.16,427.45,44.731,101.09
161.63,429.44,44.747,101.13
156.88,429.91,44.833,101.32
153.78,430.06,45.122,101.98
150.4,429.73,45.337,102.46
146.7,428.75,45.309,102.4
143.89,428.4,45.226,102.21
138.91,428.32,45.091,101.91
136.41,428.75,45.16,102.06
133.69,429.16,45.187,102.12
131.03,429.24,45.129,101.99
129.18,429.43,45.636,103.14
123.98,427.94,45.925,103.79
120.83,427.45,46.158,104.32
117.76,427.64,46.132,104.26
114.72,428.36,45.986,103.93
113.03,430.1,45.93,103.8
109.41,429.78,46.241,104.5
104.83,429.28,46.104,104.19
102.71,429.69,45.835,103.59
98.252,429.63,46.547,105.2
94.703,429.85,46.593,105.3
91.469,428.48,46.715,105.58
89.201,428.01,46.28,104.59
87.329,428.95,46.165,104.33
84.138,428.94,45.922,103.78
