372.5,266.5,238,175
365.41,256.19,235.88,173.44
356.67,254.48,235.17,172.92
348.26,252.08,232.65,171.07
340.8,249.77,232.22,170.75
331.92,246.63,228.36,167.91
323.95,244.41,225.14,165.55
316.3,242.31,222.93,163.92
308.7,239.29,221.28,162.71
303.37,237.65,219.36,161.29
297.33,235.91,216.34,159.07
291.76,233.43,211.83,155.76
287.86,232.87,208.25,153.13
283.59,231.34,207.68,152.7
275.77,226.99,210.03,154.44
271.32,224.7,210.5,154.78
266.72,223.61,210.85,155.04
262.72,222.23,209.05,153.71
259.3,220.66,208.87,153.58
254.84,219.29,208.36,153.21
252.76,218.65,207.11,152.29
250.24,217.01,206.15,151.58
247.48,214.79,207.2,152.35
244.96,214.39,204.27,150.2
242.09,213.85,202.34,148.78
239.32,212.44,201.76,148.35
237.38,211.49,200.92,147.73
236.4,212.03,199.27,146.52
232.15,210.08,199.22,146.49
230.32,208.92,197.97,145.56
227.86,208.05,196.56,144.53
225.89,207.44,196.32,144.36
221.79,205.39,195.52,143.76
219.74,204.41,195.12,143.47
214.14,201.07,194.37,142.92
211.55,200.8,192.89,141.83
206.83,198.78,191.68,140.94
202.86,197.34,190.96,140.41
198.21,195.56,188.72,138.76
194.41,193.46,186.49,137.12
189.39,191.41,185.13,136.12
179.78,189.93,186.7,137.28
172.73,185.75,187.12,137.59
165.36,183.32,186.64,137.24
150.34,286.59,187.28,137.71
171.23,297.48,186.5,137.13
181.29,302.56,186.21,136.92
200.97,314.85,187.9,138.16
231.72,326.66,190.41,140.01
262.47,337.73,192.62,141.63
285.74,343.74,195.49,143.74
325.57,348.46,197.99,145.58
366.01,359.04,200.53,147.45
399.13,371.98,200.76,147.62
414.75,342.17,202.4,148.82
453.64,351.81,201.31,148.02
499.55,355.65,200.41,147.36
376.53,184.13,201.99,148.52
374.6,183.6,203.51,149.64
374.5,181.97,203.43,149.58
374.55,183.23,203.84,149.88
372.13,183.1,203.08,149.32
374.08,185.89,203.56,149.68
372.19,185.76,202.19,148.67
372.98,187.62,203.39,149.55
371.99,186.89,201.97,148.51
373.46,188.89,202.26,148.72
368.61,189.07,203.21,149.42
370.17,186.52,204.09,150.07
372.19,185.15,204.38,150.28
370.66,183.41,204.31,150.23
371.61,184.03,204.15,150.11
371.44,184.18,204,150
371.78,188.03,203.77,149.83
370.83,187.7,203.11,149.35
369.89,188.02,203.49,149.62
369.86,187.59,203.66,149.75
370.09,188.6,203.93,149.95
369.22,189.45,204.11,150.08
370.39,188.43,204.56,150.41
368.72,187.2,203.77,149.83
369.81,188.26,203.66,149.75
370.11,187.72,203.3,149.49
370.86,187.95,203.33,149.51
369.81,187.64,203.67,149.76
370.15,187.39,203.74,149.81
369.72,187.39,203.48,149.62
369.42,187,203.86,149.9
370.15,187.09,204.15,150.11
369.24,186.73,203.69,149.78
369.99,186.35,203.73,149.8
370.42,186.64,203.15,149.37
370.34,186.71,203.36,149.53
370.04,186.38,203.15,149.38
369.71,186.18,203.75,149.82
369.68,185.81,203.81,149.86
368.92,185.82,203.87,149.9
369.88,186.14,203.73,149.81
369.77,185.8,203.22,149.42
369.85,185.35,203.66,149.75
370.94,185.52,203.75,149.82
370.36,185.5,203.68,149.77
369.87,185.26,203.69,149.77
370.5,185.47,203.42,149.57
369.7,185.17,204.04,150.03
371.63,186.1,203.59,149.7
369.93,184.73,203.84,149.88
370.75,185.42,203.74,149.81
370.48,185.46,203.6,149.71
370.45,184.84,203.72,149.79
370.44,185.77,203.59,149.7
370.34,184.83,203.73,149.8
370.67,185.53,203.35,149.52
370.63,185.12,204.12,150.09
371.05,185.71,203.11,149.34
370.62,185.36,203.77,149.83
370,184.75,203.97,149.98
371.06,185.31,204.13,150.09
371.6,185.52,203.42,149.57
371.11,184.75,202.91,149.2
370.88,185.08,203.68,149.77
370.19,184.72,203.65,149.74
370.51,184.8,203.19,149.4
370.17,184.8,203.66,149.75
370.67,184.86,202.91,149.2
371.02,185.18,203.52,149.65
370.15,184.64,202.54,148.92
370.37,184.63,202.78,149.1
370.97,184.71,202.95,149.23
371.11,184.86,203.77,149.83
370.66,184.64,203.14,149.37
371.24,184.44,203.56,149.68
370.51,183.74,203.41,149.57
369.77,183.1,203.82,149.87
371.17,183.77,203.44,149.59
369.99,183.32,203.79,149.84
370.87,183.37,203.67,149.76
370.57,183.28,203.87,149.91
371.07,183.54,203.61,149.71
369.98,182.89,204.02,150.01
371.96,183.76,203.8,149.86
371.04,183.5,203.93,149.95
371.54,183.8,204.13,150.1
371.6,183.26,204.6,150.44
371.34,182.67,203.22,149.43
371.07,182.59,204.45,150.33
370.9,182.12,205.13,150.83
371.47,182.2,204.74,150.55
371.48,181.76,204.57,150.42
371.45,181.31,204.09,150.07
372.07,181.51,204.64,150.47
371.13,180.69,204.71,150.52
