371.5,120.5,17,27
370.55,122.07,17.229,27.364
370.29,122.5,17.165,27.262
371.13,121.23,17.306,27.485
371.06,122.52,17.273,27.434
370.91,124.63,17.58,27.921
369.86,128.08,17.706,28.121
371.06,128.37,17.184,27.293
368.97,127.87,17.526,27.836
369.6,126.04,17.624,27.991
371.23,127.17,17.723,28.148
370.05,124.87,17.288,27.457
370.35,126.68,17.417,27.663
369.11,125.78,17.563,27.895
370.63,125.91,17.54,27.857
367.69,122.57,17.518,27.823
367.74,122.61,17.577,27.916
367.17,123.54,17.72,28.144
373.72,121.89,18.124,28.785
371.35,121.78,17.817,28.298
373.87,121.24,18.433,29.276
379.8,106.73,17.884,28.404
376.62,112.41,17.961,28.526
375.78,112.78,17.932,28.48
384.73,104.11,17.978,28.553
379.79,103.3,17.996,28.583
379.69,103.34,17.804,28.277
376.67,110.65,18.002,28.592
376.21,112.7,17.968,28.537
367.95,109.35,18.056,28.677
370.18,119.42,18.347,29.139
370.05,114.31,18.374,29.182
369.85,118.81,18.288,29.045
369.44,122.84,17.733,28.164
371.4,121.2,17.912,28.449
366.34,117.91,17.685,28.087
371.43,123.5,17.432,27.686
372.22,125.01,17.786,28.248
371.89,124.34,17.658,28.045
371.95,124.24,17.638,28.013
371.08,124.42,17.767,28.219
370.99,124.1,17.481,27.763
371.05,123.64,17.246,27.391
371.15,125.27,17.31,27.493
372.2,125.06,17.286,27.454
372.13,124.87,17.244,27.388
372.01,123.79,17.09,27.144
371.95,124.92,17.013,27.02
372.11,125.82,17.283,27.449
371.71,123.92,17.053,27.084
371.8,125.5,17.097,27.153
371.65,124.59,16.984,26.975
372.44,124.82,16.9,26.841
371.71,123.47,16.794,26.673
371.99,124.31,17.021,27.033
372.1,125.01,17.128,27.203
371.34,124.67,16.957,26.932
372.63,125.53,17.162,27.257
371.43,124.42,17.025,27.04
372.36,123.52,16.895,26.834
371.87,125.03,17.083,27.131
371.99,124.77,17.046,27.073
372.2,124.2,16.974,26.958
372.42,124.38,17.027,27.042
372.17,124.2,16.976,26.962
371.84,124.86,17.068,27.108
372.15,124.53,17.011,27.018
372.05,124.15,16.957,26.932
372.26,124.54,17.006,27.01
371.97,124.63,16.968,26.949
371.99,124.12,17.056,27.088
371.75,124.55,16.906,26.85
371.83,123.67,16.736,26.58
371.97,123.66,16.622,26.399
373.04,123.46,16.664,26.467
372.68,124.57,16.865,26.786
372.2,124.4,17.056,27.089
372.55,123.92,16.937,26.9
372.27,124.01,17.159,27.252
371.74,123.55,17.078,27.124
371.95,123.98,16.89,26.825
372.07,123.76,16.87,26.793
372.07,124,17.012,27.019
372.26,124.37,17.011,27.017
