106.5,338.5,39,69
108.94,341.31,38.774,68.6
109.49,341.67,39.221,69.392
105.36,328.26,39.566,70.002
108.57,331.54,39.325,69.574
112.44,339.14,39.95,70.681
121.31,336.24,40.204,71.131
124.58,337.26,39.971,70.718
128.9,339.28,39.468,69.827
132.26,340.55,38.851,68.737
136.95,339.25,38.981,68.966
140.97,337.25,39.359,69.636
144.54,336.29,39.739,70.308
148.74,335.47,39.99,70.752
152.47,335.69,40.312,71.322
156.09,334.83,41.486,73.398
160.66,334.88,42.044,74.386
165.47,334.39,42.463,75.127
170.08,334.26,42.73,75.599
174.74,332.91,42.594,75.358
179.01,331.68,43.137,76.318
184.23,330.87,43.097,76.248
188.47,330.81,43.35,76.697
192.22,331.34,44.122,78.063
195.94,332.22,44.869,79.383
200.31,332.26,45.576,80.634
204.79,332.64,45.408,80.338
209.53,333.89,45.182,79.937
214.21,334.32,45.503,80.506
219.01,335.93,45.591,80.661
224.81,337.24,45.747,80.937
229.32,338.92,46.296,81.909
234.16,341.07,46.243,81.815
238.76,341.66,46.183,81.708
244.33,341.57,46.176,81.696
251.27,341.17,46.131,81.616
256.48,340.83,46.505,82.278
261.37,340.59,46.998,83.151
266.36,341.53,46.845,82.88
272.18,344.96,46.867,82.919
279.11,346.9,47.338,83.753
284.35,348.36,47.214,83.532
289.3,347.75,47.232,83.564
294.56,347.33,47.381,83.829
300.29,347.54,47.198,83.504
307.33,347.42,47.567,84.157
312.91,349.2,47.802,84.573
318.51,351.19,47.987,84.9
324.76,355.36,48.286,85.429
330.71,357.31,48.412,85.652
338.71,357.74,48.82,86.374
345.85,357.12,49.056,86.791
351.98,357.28,49.134,86.929
355.72,356.85,49.567,87.695
360.97,357.97,49.494,87.567
365.66,357.92,49.547,87.66
380.69,361.36,49.295,87.214
387.35,360.19,49.383,87.37
394.39,358.85,49.114,86.893
399.38,356.08,49.219,87.079
406.01,355.02,49.551,87.668
416.24,354.42,49.527,87.624
422.47,355.59,49.757,88.031
428.92,357.91,49.601,87.755
436.4,360.01,49.835,88.169
442.64,361.24,49.941,88.357
450.79,361.35,50.031,88.516
457.86,359.77,49.873,88.236
464.76,358.92,49.77,88.054
470.94,358.23,49.806,88.119
477.47,357.51,49.878,88.245
485.93,356.92,49.965,88.4
492.89,358.7,50.067,88.58
499,358.78,50.09,88.621
506.04,356.83,50.035,88.524
512.43,354.12,50.068,88.581
523.52,352.11,50.12,88.674
533.9,351.27,50.306,89.002
544.04,351.08,50.555,89.443
553.5,352.3,50.574,89.476
563.84,355.06,50.819,89.91
575.96,358.75,51.032,90.287
583.97,360.1,50.889,90.035
591.12,361.73,50.999,90.229
599.36,361.12,51.301,90.764
607.22,360.87,51.274,90.716
616.27,362.14,51.243,90.661
624.81,364.64,51.079,90.37
633.54,367.72,50.691,89.685
640.52,369.45,50.607,89.535
648.51,369.57,50.73,89.752
658.94,366.86,50.895,90.044
666.59,366.07,50.933,90.113
674.92,364.63,51.087,90.384
683.53,365.66,51.098,90.404
692.23,367.29,50.918,90.086
701.56,371.39,50.934,90.113
710.06,373.63,50.83,89.929
719.24,375.21,50.84,89.949
728.19,375.4,50.924,90.097
736.07,373.66,51.272,90.712
744.93,370.34,51.947,91.905
753.31,368.99,52.235,92.416
761.74,369.99,52.557,92.985
770.84,371.13,52.772,93.366
780.38,372.95,52.707,93.251
791.04,373.94,52.85,93.503
802.31,374.81,52.895,93.583
811.39,373.58,52.784,93.387
820.05,371.98,52.78,93.38
829.24,371.63,52.713,93.261
840.49,372.76,53.085,93.919
850.01,374.53,53.339,94.369
859.23,376.67,53.358,94.403
869.02,378.47,53.38,94.441
878.27,379.57,53.517,94.683
889.98,377.86,53.653,94.925
899.74,377.41,53.931,95.417
