88.5,313.5,106,147
88.588,309.43,106.82,148.14
94.463,307.76,107.07,148.49
100.78,307.69,106.44,147.61
105.46,307.64,105.07,145.71
109.36,307.13,104.25,144.58
113.37,306.85,103.83,143.99
117.54,306.94,103.23,143.15
122.2,305.98,103.59,143.66
127.4,305.44,103.21,143.12
132.6,304.46,103.25,143.19
138.12,303.53,103.09,142.97
145.1,303.66,102.66,142.37
134.83,304.13,102.83,142.6
110.47,304.53,103.07,142.93
78.779,303.4,103.57,143.63
49.383,303.39,103.77,143.91
23.984,303,103.52,143.56
29.244,302.87,103.54,143.58
36.638,302.27,102.72,142.46
42.187,300.21,103.26,143.21
49.479,300.4,103.92,144.12
55.517,298.74,103.77,143.9
61.963,297.94,103.98,144.2
68.109,297.34,104.78,145.31
73.032,296.97,103.78,143.92
79.173,296.41,103.7,143.81
85.725,279.48,102.94,142.76
92.414,240.41,102.49,142.13
102.57,241.18,102.86,142.64
110.05,240.61,102.13,141.63
118.01,240.07,101.86,141.26
123.36,239.31,101.2,140.34
130.5,237.89,101.36,140.56
138.58,237.39,101.84,141.23
145.38,236.22,101.82,141.2
152.22,235.46,101.67,140.99
156.83,235.31,102.05,141.52
129.9,236.14,102.08,141.57
101.92,236.16,102.16,141.67
74.164,236.35,102.33,141.91
71.479,236.04,102.88,142.68
80.104,235.42,102.68,142.4
86.031,234.79,103.16,143.06
93.548,234.45,103.9,144.09
98.991,233.13,104,144.22
107.16,233.82,103.8,143.95
114.65,232.92,103.52,143.56
123.49,234.02,102.93,142.74
132.35,235.07,102.3,141.87
137.91,233.97,102.42,142.03
146.42,233.5,102.04,141.5
153.73,231.94,102.76,142.51
160.17,230.44,103.7,143.81
167.31,230.63,104.38,144.75
172.67,229.92,104.43,144.83
178.9,227.96,104.93,145.52
185.13,227.51,105.21,145.9
192.56,228.34,104.61,145.08
199.29,227.59,104.43,144.82
206,227.52,103.9,144.09
212.22,226.73,103.85,144.02
218.92,226.26,103.89,144.07
224.48,225.98,103.96,144.17
231.53,225.23,104.95,145.54
238.14,223.21,104.3,144.65
245.14,223.13,104.38,144.75
250.72,222.65,104.4,144.78
256.85,221.88,104.35,144.71
262.56,221.47,103.88,144.06
268.72,220.5,103.53,143.57
274.94,219.98,103.09,142.96
280.51,218.56,102.79,142.55
284.48,218.92,102.13,141.63
287.63,217.46,101.74,141.09
292.18,216.43,101.11,140.22
298.37,215.69,100.83,139.83
300.4,214.64,100.71,139.66
306.01,214.77,99.983,138.65
308.59,215.28,99.827,138.44
313.38,212.87,99.894,138.53
315.88,212.66,99.838,138.46
320.57,211.39,100.07,138.77
324.18,209.87,100.24,139.01
327.24,209.49,99.522,138.02
327.95,206.57,98.647,136.8
327.28,205.65,98.256,136.26
327.97,205.44,97.892,135.76
326.26,204.38,98.431,136.5
321.15,204.56,98.698,136.87
316.6,203.14,98.892,137.14
313.99,202.14,98.503,136.6
313.85,201.73,98.57,136.7
310.18,201.87,98.68,136.85
304.61,202.5,98.789,137
292.22,200.04,98.529,136.64
265.81,189.71,98.869,137.11
257.53,189.76,99.064,137.38
253.47,189.2,99.072,137.39
243.45,189.29,99.096,137.43
235.36,186.85,98.748,136.94
238.28,192.74,99.38,137.82
223.12,185.31,99.24,137.63
228.77,184.89,99.709,138.28
213.32,180.61,99.355,137.78
196.76,181.16,99.572,138.09
222.77,182.67,99.597,138.12
214.6,183.6,100.12,138.85
211.75,182.62,100.38,139.21
208.67,182.21,100.65,139.59
207.13,181,101.16,140.29
204.86,180.08,101.09,140.19
207.41,179.38,100.81,139.8
212.26,179.19,100.32,139.12
214.57,179.75,99.864,138.49
217.56,179.48,99.247,137.63
222.55,177.46,98.065,136
226.56,176.19,97.016,134.54
229.06,174.43,96.455,133.76
234.4,173.3,96.195,133.4
236.35,172.4,95.981,133.11
239.14,171.88,96.108,133.28
241.15,171.07,96.577,133.93
243.24,170.51,96.468,133.78
245.49,170.42,96.019,133.16
244.48,168.2,95.325,132.2
244.64,168.33,95.13,131.93
243.12,166.93,94.421,130.94
242.55,166.64,93.565,129.76
242.81,166.25,93.38,129.5
240.39,165.12,93.19,129.24
240.59,164.43,92.893,128.82
237.82,163.46,92.146,127.79
236.15,163.17,91.961,127.53
233.47,163.36,91.058,126.28
231.66,161.61,90.148,125.02
229.46,161.15,89.234,123.75
230.51,160.19,88.44,122.65
230.55,159.02,87.424,121.24
233.14,160.37,86.719,120.26
234.74,158.89,85.54,118.63
237.33,158.66,84.811,117.61
240.31,157.77,84.225,116.8
243.26,156.53,83.242,115.44
247.07,156.55,82.856,114.9
251.46,187.89,82.595,114.54
252.66,187.13,82.332,114.18
255.62,186.47,81.895,113.57
259.35,185.25,81.672,113.26
262.84,184.61,81.324,112.78
265.82,184.33,81.224,112.64
268.2,183.51,80.956,112.27
272.51,182.68,80.865,112.14
275.14,180.88,80.746,111.98
281.6,180.47,80.801,112.05
283.36,178.39,80.617,111.8
288.16,179.1,80.811,112.07
289.27,177.96,80.72,111.94
293,177.87,80.743,111.97
299.64,177.53,80.713,111.93
304.17,176.11,80.67,111.87
306.66,175.11,80.922,112.22
308.92,172.9,81.129,112.51
309.86,172.4,80.999,112.33
313.61,173.49,80.775,112.02
315.63,172.53,80.396,111.49
317.7,171.16,80.364,111.45
320.77,170.28,80.406,111.51
321.02,170.33,80.213,111.24
322.32,170.78,80.362,111.45
323.88,168.84,80.315,111.38
326.48,168.32,80.251,111.29
327.19,167.98,80.04,111
328.55,166.96,80.108,111.09
330.65,167.73,79.705,110.53
330.92,166.17,79.519,110.28
332.44,166.33,79.434,110.16
332.61,165.73,79.52,110.28
333.11,164.62,79.518,110.27
333.26,165.88,79.488,110.23
333.03,163.98,79.554,110.33
332.19,163.7,79.639,110.44
332.08,163.53,79.585,110.37
331.99,163.89,79.756,110.61
330.82,163.48,79.351,110.04
328.81,163.38,79.158,109.78
327.7,162.24,79.157,109.77
326.72,162.32,79.117,109.72
325.49,161.51,79.027,109.59
323.37,161.55,79.25,109.9
320.52,160.35,79.308,109.98
318.48,159.71,79.456,110.19
317.55,159.78,79.567,110.34
317.3,159.44,79.352,110.04
317.73,159.35,79.531,110.29
317.59,159.37,79.448,110.18
318.2,160.44,79.849,110.73
318.27,160.66,80.055,111.02
317.94,160.05,79.963,110.89
319.47,160.48,80.063,111.03
318.2,159.39,79.835,110.71
319.2,159.86,79.642,110.45
318.62,159.83,79.52,110.28
319.06,160.38,79.441,110.17
319.89,160.57,79.216,109.86
319.47,159.91,79.651,110.46
319.74,159.22,79.514,110.27
319.69,159.25,79.851,110.74
319.88,158.92,79.914,110.82
320.54,159.59,79.911,110.82
319.69,159.16,80.055,111.02
319.78,159.2,79.706,110.54
319.87,159.37,79.502,110.25
320.45,160.09,79.5,110.25
321.31,161.46,79.381,110.09
320.28,160.78,79.181,109.81
319.86,161.27,79.019,109.58
318.77,161.75,78.901,109.42
280.3,161.79,79.192,109.82
243.3,164.45,79.395,110.1
202.47,165.13,79.354,110.05
173.84,165.79,79.168,109.79
195.9,166.47,79.499,110.25
233.84,163.56,79.089,109.68
267.28,164.91,79.443,110.17
296.86,163.57,79.391,110.1
298.71,161.66,78.857,109.36
268.72,162.32,78.537,108.92
231.09,163.75,78.684,109.12
205.43,165.63,79.137,109.75
173.09,163.4,78.916,109.44
206.81,162.71,78.552,108.93
242.41,162.27,78.543,108.92
285.75,161.93,78.646,109.07
317.62,161.38,78.768,109.23
281.72,161.94,78.674,109.1
241.92,162.77,78.77,109.24
214.3,162.25,78.759,109.22
199.04,162.1,78.198,108.44
191.58,163.53,77.839,107.95
222.62,161.52,77.861,107.98
248.72,161.26,78.089,108.29
283.22,160.79,78.449,108.79
316.45,160.28,78.763,109.23
279.66,160.95,78.673,109.1
248.26,160.71,79.114,109.72
216.72,161.57,79.146,109.76
189.67,161.57,78.839,109.33
191.09,161.85,78.726,109.18
222.65,162.43,78.699,109.14
252.88,161.9,78.575,108.97
283.39,161.13,78.529,108.9
312.77,159.9,77.977,108.14
282.1,159.77,77.726,107.79
243.2,160.69,77.607,107.62
207.01,161.24,77.663,107.7
185.17,162.41,78.204,108.45
188.6,161.93,77.938,108.08
223.81,161.35,77.784,107.87
268.59,160.53,77.829,107.93
300.03,159.51,78.032,108.21
300.89,159.99,78.266,108.54
265.88,160.27,78.051,108.24
231.13,160.6,77.891,108.02
196.65,162.12,77.699,107.75
181.1,162.07,78.053,108.24
209.46,161.27,78.526,108.9
244.69,161.12,78.843,109.34
275.46,160.31,79.076,109.66
307.03,159.27,78.93,109.46
299.7,160.23,79.419,110.14
260.06,160.92,79.541,110.31
220.66,163.18,79.508,110.26
196.04,162.97,79.85,110.74
182.48,161.51,80.032,110.99
215.53,159.87,79.764,110.62
260.07,159.63,79.818,110.69
308.81,159.57,79.965,110.89
299.82,159.54,79.99,110.93
261.64,160.22,79.729,110.57
232.36,160.92,79.804,110.67
206.16,161.37,80.031,110.99
180.65,160.89,79.486,110.23
211.26,161.61,79.596,110.38
248.2,161.31,79.601,110.39
278.43,159.8,79.441,110.17
312.57,159.85,79.287,109.96
299.8,159.1,79.065,109.65
267.73,160.38,79.072,109.66
236.48,161.69,79.049,109.62
204.18,161.11,79.073,109.66
176.8,161.34,78.93,109.46
200.79,160.42,78.507,108.87
240.05,160.04,78.1,108.31
280.4,160.78,78.195,108.44
315.05,159.17,78.427,108.76
295.49,159.94,78.163,108.4
249.48,160.47,77.515,107.5
199.34,161.41,77.326,107.23
176.73,162.74,77.536,107.53
195.43,161.55,78.203,108.45
228.01,160.47,78.211,108.46
