278.5,325.5,91,169
273.99,323.99,90.839,168.7
268.57,324.49,92.168,171.17
260.29,326.25,93.381,173.42
247.24,327.1,93.006,172.73
238.95,325.2,93.466,173.58
226.7,326.43,94.577,175.64
216.45,328.6,95.99,178.27
204.96,334.18,95.652,177.64
192.89,329.93,96.797,179.77
189.18,323.33,96.891,179.94
188.57,315.43,95.77,177.86
182.91,309.71,95.084,176.58
178.39,304.98,92.38,171.56
168.33,300.78,92.56,171.9
165.36,297.11,92.672,172.11
157.58,294.8,93.445,173.54
150.87,299.2,93.561,173.76
141.04,308.62,93.388,173.43
135.72,308.2,93.552,173.74
133.8,307.72,95.033,176.49
130.31,309.49,94.889,176.22
110.6,307.47,96.486,179.19
117.06,301.66,95.552,177.45
114.59,299.78,95.576,177.5
105.75,296.94,96.128,178.52
102.29,295.02,95.707,177.74
100.64,293.36,95.947,178.19
99.182,290.6,96.089,178.45
96.855,288.33,96.696,179.58
94.217,286.49,98.033,182.06
90.477,284.95,98.861,183.6
89.147,284.18,98.99,183.84
88.657,283.65,99.023,183.9
89.185,285.8,98.139,182.26
91.075,287.69,97.258,180.62
89.537,288.08,97.27,180.64
89.242,287.14,97.541,181.15
90.799,285.41,98.299,182.55
91.16,283.48,98.867,183.61
92.292,282.31,98.941,183.75
90.89,280.77,100.06,185.83
90.983,280.31,100.35,186.36
88.988,279.31,100.72,187.05
91.549,278.63,101.5,188.5
96.65,277.87,101.21,187.97
99.804,277.4,100.58,186.79
102.12,279.13,99.565,184.91
110.23,279.12,98.726,183.35
115.41,281.04,97.87,181.76
119.81,279.8,97.88,181.78
125.51,279.21,97.917,181.85
127.27,279.32,98.638,183.19
132.66,278.78,99.377,184.56
136.6,279.61,99.58,184.93
142.42,279.99,100.28,186.23
148.96,281.34,100.22,186.13
153.19,281.3,101.1,187.76
155.53,281.23,101.49,188.48
160.31,282.04,101.83,189.12
164.6,281.95,102.84,190.98
174.69,285.46,103.04,191.36
180.78,285.41,103.15,191.56
189.09,289.26,103.2,191.66
205.62,280.05,103.29,191.82
229.53,287.85,103.77,192.72
227.46,283.54,104.37,193.83
228.17,292.35,104.14,193.39
231,295.22,104.27,193.65
236.51,298.08,104.39,193.86
243.6,298.78,104.7,194.44
248.7,296.4,104.53,194.13
256.97,297.06,105.11,195.21
261.27,295.94,105.43,195.8
271.61,298.06,105.51,195.95
278.33,295.89,105.23,195.43
281.57,290.58,105.21,195.4
285.84,292.69,104.81,194.65
291.9,295.39,104.95,194.91
298.85,296,105.15,195.28
310.21,295.85,105.53,195.98
322.46,298.43,106.2,197.24
329.49,298.07,106.62,198.01
337.06,297.51,107.41,199.48
347.79,298.38,107.48,199.6
356.25,297.55,107.47,199.59
363.4,296.19,107.58,199.79
370.14,298.47,107.89,200.36
378.25,297.1,107.72,200.05
385.09,298.33,107.88,200.35
391.62,299.34,108.19,200.93
400.46,301.01,108.2,200.94
409.01,301.4,108.45,201.4
413.04,299.61,108.81,202.07
420.11,301.48,109.23,202.85
426.71,301.9,109.03,202.48
432.47,304.8,109.87,204.04
437.73,305.02,109.7,203.72
445.46,306.43,109.49,203.33
452.62,309.5,109.22,202.84
458.05,312.14,109.52,203.39
464.76,312.38,109.74,203.81
469.32,311.75,110.04,204.37
475.22,312.52,110.2,204.66
480.62,311.85,110.64,205.48
488.75,312.41,111.25,206.61
494.46,313.03,111.71,207.46
501.35,314.06,111.55,207.17
507.78,316.5,111.7,207.43
514.81,317.09,111.94,207.89
524.12,317.46,112.31,208.58
534.03,319.08,112.43,208.79
542.33,320.42,112.24,208.45
547.65,321.72,112.18,208.33
552.69,320.28,112.17,208.32
559.24,320.42,111.92,207.85
565.94,321.45,112.26,208.49
569.82,322.02,112.27,208.5
573.25,321.35,112.44,208.82
577.17,323.89,113.09,210.02
581.29,325.15,113.73,211.21
585.66,329.4,113.77,211.28
593.98,330.55,113.73,211.2
598,330.4,113.59,210.95
603.13,328.09,113.14,210.13
606.76,324.32,113,209.85
611.53,322.23,112.23,208.42
612.46,322.48,111.53,207.13
613.43,325.27,110.97,206.09
616.89,331.04,110.33,204.9
619.84,338.99,109.21,202.82
618.97,346.68,109.1,202.61
615.92,347.37,108.65,201.78
610.59,345.91,108.19,200.92
603,346.35,108.3,201.13
587.13,345.14,108.86,202.18
568.25,342.75,108.41,201.33
530.25,326.36,108.75,201.96
512,327.58,108.71,201.89
499.23,324.01,108.59,201.67
481.78,312.17,108.19,200.92
462.1,299.41,107.37,199.39
433.06,300.65,107.12,198.93
460.57,335.4,107.39,199.44
439.68,331.32,107.12,198.94
426.36,328.29,106.22,197.27
501.87,326.73,106.12,197.09
498.24,327.2,106.7,198.17
496.3,328.67,107.26,199.19
492.12,328.51,107.86,200.32
488.76,327.5,108.05,200.67
488.15,327.47,108.47,201.45
486.28,327.18,108.77,202
487.12,326.93,108.75,201.96
484.19,327.28,108.85,202.14
482.49,326.85,109.2,202.81
479.48,326.13,109.26,202.91
478.57,326.11,109.5,203.35
476.64,326.87,109.5,203.36
475.76,327.05,109.65,203.63
473.91,326.88,109.52,203.39
470.41,328.01,109.82,203.94
469.26,327.58,109.72,203.76
471.65,328.98,109.95,204.2
472.6,329.65,110.03,204.34
471.71,330.26,109.92,204.14
467.84,329.19,109.46,203.29
470.01,329.6,109.93,204.16
474.59,328.82,109.59,203.53
477.5,328.06,109.56,203.47
477.4,327.39,108.87,202.18
478.58,327.4,108.72,201.91
479.02,326.93,107.96,200.49
481.27,325.42,107.19,199.07
487.34,323.75,106.55,197.89
486.36,323.21,105.63,196.18
484.42,322.67,104.42,193.92
482.8,319.66,103.7,192.59
481.12,316.6,102.54,190.43
484.62,315.85,101.46,188.42
479.22,324.79,102.8,190.91
475.02,322.67,103.48,192.18
467.62,322,103.74,192.65
462.59,320.67,103.18,191.62
460.72,319.8,102.49,190.33
455.9,319.94,101.51,188.52
454.15,322.53,101.45,188.41
480.21,323.24,100.46,186.57
477.7,324.29,100.11,185.92
474.43,323.56,99.639,185.04
471.28,324.18,99.819,185.38
467.04,325.7,99.381,184.56
463.69,326.54,99.853,185.44
453.77,327.45,99.815,185.37
447.49,328.29,100.23,186.14
444.12,328.93,100.73,187.07
438.72,330.34,101.71,188.88
433.35,328.23,102.01,189.45
412.25,336.66,103.21,191.68
425.83,328.71,102.85,191.01
427.72,329.14,102.61,190.55
427.58,329.32,102.16,189.73
430.85,328.81,102.07,189.56
431.05,330.37,101.95,189.33
420.35,333.52,102.59,190.53
421.29,332.2,102.52,190.39
422.26,332.76,102.67,190.68
419.46,335.77,103.04,191.36
434.25,332.99,102.61,190.57
469.62,331.83,102.48,190.33
474.74,333.94,102.63,190.59
469.4,332.75,101.96,189.35
476.12,332.8,101.58,188.65
478.22,334.55,101.98,189.39
478.06,336.55,102.79,190.9
480.12,338.95,103.35,191.93
479.47,338.94,103.79,192.76
478.24,335.45,103.86,192.89
475.13,334.23,103.62,192.43
477.12,336.57,104.66,194.36
440.13,324.17,103.25,191.74
448.37,323.95,102.1,189.62
454.43,330.45,100.38,186.43
464.19,333.52,99.327,184.46
473.21,336.12,98.806,183.5
476.36,335.82,98.043,182.08
479.61,334.15,96.881,179.92
470.73,341.01,98.883,183.64
471.97,339.33,100.64,186.91
472.91,337.17,102.02,189.47
473.65,336.26,102.07,189.56
473.66,335.8,102.2,189.8
475.12,336.02,102.17,189.75
471.44,336.21,101.95,189.33
470.06,335.86,101.42,188.36
470.82,335.81,101.21,187.97
469.16,335.37,100.95,187.48
470.78,336.79,100.91,187.4
470.54,336.23,100.8,187.21
473.14,336.28,100.66,186.94
471.06,335.57,100.17,186.03
470.77,336.55,100.32,186.31
471.74,336.88,100.11,185.91
470.97,336.53,100.18,186.06
471.11,336.51,99.821,185.38
469.15,335.37,99.398,184.6
470.03,336.72,99.524,184.83
469.25,336.93,99.615,185
469.4,337.11,99.794,185.33
468.04,336.69,99.463,184.72
469.39,337.63,99.467,184.72
468.34,337.97,99.727,185.21
467.68,337.6,99.32,184.45
466.82,338.29,98.852,183.58
467.43,339.13,99.121,184.08
464.84,338.05,98.976,183.81
465.22,338.55,98.938,183.74
464.55,338.4,99.316,184.44
463.61,338.3,99.225,184.27
462.64,337.4,99.248,184.32
463.25,337.59,98.868,183.61
463.51,338.08,99.157,184.15
460.85,337.41,99.003,183.86
462.19,337.28,99.388,184.58
461.26,337.16,99.77,185.29
460.54,337.05,99.365,184.54
460.04,336.98,99.646,185.06
460.22,337.4,99.786,185.32
458.73,335.99,99.668,185.1
459.06,335.75,99.384,184.57
458.81,335.76,99.387,184.58
459.25,335.96,99.376,184.56
459.76,336.43,99.729,185.21
460.45,336.69,99.571,184.92
461.77,337.34,100.17,186.04
460.33,337.1,100.83,187.25
459.27,336.91,100.99,187.56
458.29,337.14,100.51,186.66
456.92,337.11,99.471,184.73
457.79,336.71,100.02,185.75
456.66,336.52,99.839,185.41
458.31,337.28,100.32,186.32
461.48,337.29,101.49,188.49
450.03,336.49,101.43,188.37
448.17,336.99,101.61,188.71
448.4,338.89,102.31,190
449.56,338.83,103.19,191.65
447.45,338.15,103.27,191.78
447.13,335.82,102.93,191.16
449.9,332.36,103.13,191.53
449.72,327.05,103.04,191.35
449.66,322.82,102.51,190.38
450.5,318.95,102.08,189.58
452.18,316,103.31,191.87
453.97,316.73,104.79,194.62
457.7,317.9,105.69,196.28
459.43,317.85,105.77,196.43
461.81,319.18,104.31,193.71
464.97,321.28,102.74,190.79
466.79,322.18,101.26,188.05
467.22,322.49,99.872,185.48
468.35,323.37,99.148,184.13
467.15,323.33,98.956,183.77
464.88,323.45,98.98,183.82
459.83,321.8,99.88,185.49
453.14,321.17,100.88,187.35
448.59,322.64,102.72,190.76
447.85,328.37,104.08,193.3
451.28,340.82,103.19,191.63
457.44,347.99,102.37,190.11
463.45,349.29,102.84,190.98
465.52,344.75,103.98,193.11
466.27,340.34,102.95,191.2
470.32,333.64,102.29,189.96
469.34,326.84,102.21,189.82
462.79,321.41,102.33,190.05
446.32,315.94,102.33,190.03
419.9,333.29,102.72,190.77
483.49,335.31,103.28,191.81
480.48,339.77,103.54,192.29
480.05,342.63,103.13,191.53
474.43,341.83,103.28,191.81
475.94,341.35,103.58,192.36
479.91,342.59,103,191.28
479.04,342.28,103.01,191.3
479.86,342.63,102.98,191.24
482.28,343.51,102.58,190.5
481.24,341.62,102.37,190.11
479.35,339.43,102.09,189.6
479.12,339.76,101.63,188.75
477.07,339.95,101.35,188.22
475.93,341.06,101.4,188.32
477.49,345.72,101.23,188
479.46,349.84,101.06,187.68
479.12,351.64,101.1,187.76
478.63,351.37,101.18,187.91
475.08,348.38,101.31,188.15
475.25,345.08,101.37,188.25
477.46,345.22,101.34,188.21
479.6,344.57,100.9,187.38
483.95,347.31,100.76,187.13
486.38,350.67,101.22,187.98
489.15,351.23,101.28,188.08
490.29,351.44,100.77,187.15
490.77,351.2,100.55,186.74
487.82,348.85,100.02,185.75
486.41,347.47,99.62,185.01
483.91,345.92,99.142,184.12
477.05,343.07,98.727,183.35
473.2,341.58,98.547,183.02
467.49,340.22,98.733,183.36
465.48,340.77,98.645,183.2
464.24,343.9,98.557,183.03
466.86,347.17,98.831,183.54
468.39,351.63,98.875,183.63
469.35,354.25,98.747,183.39
474.14,357.59,98.728,183.35
476.72,359.43,99.035,183.92
478.03,361.38,99.201,184.23
477.87,361.33,99.271,184.36
474.61,359.73,99.679,185.12
471.49,358.08,100.29,186.25
469.11,356.37,100.56,186.76
468.23,354.5,100.14,185.98
468.39,355.47,100.01,185.74
467.94,356.11,100.24,186.15
468.82,357.82,100.43,186.52
469.22,357.37,99.96,185.64
470.64,357.63,99.748,185.25
471.35,355.95,99.924,185.57
471.43,353.68,99.967,185.65
471.36,351.35,99.607,184.98
472.38,350.58,99.581,184.94
472.26,349.24,99.621,185.01
473.26,348.71,99.647,185.06
474.82,348.8,99.695,185.15
476.11,349.09,99.986,185.69
476.85,349.37,99.99,185.7
477.91,350.03,100.31,186.3
479.69,350.24,100.32,186.3
480.51,349.97,100.3,186.27
481.33,349.9,100.42,186.49
481.46,348.88,100.6,186.82
484.18,348.81,100.54,186.73
488.49,349.05,100.33,186.33
492.64,348.93,100.36,186.38
494.53,347.62,100.22,186.12
496.15,346.19,99.861,185.46
496.95,344.26,99.56,184.9
500.65,344.88,99.431,184.66
502.91,345.23,99.619,185.01
505.25,346.69,99.447,184.69
506.04,347.86,99.774,185.3
505.71,347.34,99.773,185.29
506.22,347.58,99.587,184.95
508.09,347.56,99.129,184.1
507.52,344.21,99.04,183.93
507.74,342.45,98.87,183.62
508.24,341.5,98.906,183.68
508.63,340.54,98.935,183.74
508.07,341.01,99.048,183.95
507.07,341.32,99.194,184.22
507.15,343.16,98.74,183.37
507.72,344.47,98.349,182.65
499.09,342.08,98.841,183.56
498.3,342.34,99.495,184.78
497.29,341.36,99.824,185.39
497.47,339.71,99.501,184.79
500.18,338.83,100.03,185.76
500,337.49,99.832,185.4
500.05,337.36,98.655,183.22
501.08,338.32,98.299,182.56
501.55,340.08,98.6,183.12
500.88,340.72,98.305,182.57
502,342.24,97.943,181.89
502.2,342.15,97.675,181.4
503.24,342.2,97.483,181.04
504.02,342.51,97.42,180.92
503.84,342.28,97.587,181.23
504.53,343.75,97.945,181.9
504.11,343.66,98.316,182.59
505.34,346.3,98.46,182.86
505.31,348.05,98.719,183.33
506.78,349.99,98.814,183.51
508.15,351.55,98.22,182.41
506.51,351.38,97.965,181.94
504.34,350.54,97.326,180.75
504.72,349.02,96.974,180.09
505.6,348.25,96.984,180.11
505.31,346.12,97.33,180.76
504.61,343.97,97.649,181.35
503.58,342.86,97.897,181.81
502.27,342.3,97.661,181.37
502.04,342.59,97.885,181.79
500.49,343.07,97.966,181.94
500.32,343.31,98.427,182.79
500.05,344.19,98.166,182.31
500.75,345.13,98.48,182.89
500.32,343.92,98.416,182.77
501.19,344.22,98.74,183.37
501.18,344,98.607,183.13
501.79,344.05,98.534,182.99
502.13,344.54,98.569,183.06
502.3,344.76,98.7,183.3
502.61,345.07,98.854,183.59
502.47,345.03,99.092,184.03
501.07,343.52,98.273,182.51
501.47,343.38,98.119,182.22
500.89,342.75,98.082,182.15
499.96,341.55,97.987,181.98
500.32,342.01,97.834,181.69
500.92,342.72,97.309,180.72
501.63,343.21,97.491,181.05
502.13,343.77,97.772,181.58
501.81,343.01,98.228,182.42
502.94,344.32,98.823,183.53
503.4,345.23,99.72,185.19
502.13,345.94,99.976,185.67
501.17,346.01,99.953,185.63
498.1,348.17,99.009,183.87
499.68,351.23,98.393,182.73
500.22,353.53,98.074,182.14
499.29,353.83,97.54,181.15
499.83,354.43,98.136,182.25
500.44,354.02,98.205,182.38
500.86,354.36,98.096,182.18
500.55,354.3,98.297,182.55
499.42,354.52,98.031,182.06
498.14,354.54,97.415,180.91
497.73,354.13,97.131,180.39
496.68,354.11,96.913,179.98
497.22,354.41,97.73,181.5
496.49,354.24,98.078,182.14
496.38,354.39,98.139,182.26
496.49,354.92,98.975,183.81
496.47,355.36,99.106,184.05
496.22,354.86,98.807,183.5
496.51,356.17,99.072,183.99
496.14,356.04,98.669,183.24
496.57,356.67,98.989,183.84
496.89,357.79,98.9,183.67
496.78,360.09,98.892,183.66
496.59,363.48,99.057,183.96
496.78,365.54,99.111,184.06
496.71,366.42,98.988,183.84
497.5,367.3,98.929,183.72
497.75,366.36,99.019,183.89
496.64,364.72,98.687,183.28
496.57,363.95,98.693,183.29
496.7,363.71,98.629,183.17
496.6,364.96,98.517,182.96
496.2,366.25,98.667,183.24
495.9,367.65,98.791,183.47
495.8,369.26,99.007,183.87
494.83,370.66,98.646,183.2
494.14,371.94,98.68,183.26
493.55,373,99.016,183.89
493.77,373.79,99.124,184.09
493.29,372.65,99.422,184.64
494.33,371.78,100.12,185.93
494.41,370.59,100.3,186.28
495.35,370.33,100.3,186.27
496.88,370.28,100.21,186.11
498.62,371.03,100.11,185.92
500.43,372.24,99.961,185.64
500.3,372.49,100.29,186.26
500.78,374.63,100.06,185.82
500.24,375.09,100.06,185.83
498.52,375.43,100.2,186.08
498.2,374.7,100.18,186.06
498.51,373.88,99.477,184.74
498.05,373.25,99.507,184.8
497.43,372.78,99.6,184.97
496,372.14,100.07,185.85
495.61,372.99,100.19,186.06
496.1,373.7,100.28,186.24
497.66,373.95,101.21,187.96
498.58,373.32,101.3,188.13
500.91,372.85,101.47,188.44
504.32,373.01,101.85,189.16
504.74,369.97,102.02,189.47
507.91,368.81,102.23,189.85
510,367.21,102.01,189.44
511.62,364.67,101.65,188.79
514.98,363.66,101.83,189.1
516.23,362.18,101.99,189.41
519.66,364.13,101.83,189.11
523.51,367.43,101.43,188.36
529.53,371.87,100.98,187.54
534.05,374.09,100.7,187.02
539.96,375.68,100.84,187.27
544.65,376.93,101.23,187.99
548.94,376.41,101.59,188.67
553.88,377.7,101.71,188.88
558.98,377.97,101.75,188.97
564.34,378.23,101.86,189.17
567.34,378.52,101.55,188.59
570.04,378.92,101.77,189.01
571.64,378.91,101.67,188.81
573.75,380.67,101.45,188.4
574.63,382.4,100.79,187.19
574.93,382.19,100.38,186.42
574.98,380.7,100.14,185.98
576.31,381.97,100.18,186.05
577.87,381.96,100.14,185.97
579.44,381.96,100.05,185.8
580.07,381.74,100.1,185.9
581.15,382.15,100.04,185.78
582.08,381.02,100.29,186.26
583.03,380.5,100.23,186.15
584.92,379.42,100.41,186.47
585.06,378.31,100.69,186.99
587.87,382.05,100.8,187.19
589.14,384.02,100.9,187.38
589.85,384.88,100.37,186.41
588.96,385.3,99.795,185.33
587.67,386.42,99.436,184.67
588.64,387.65,99.181,184.19
592.32,385.99,99.447,184.69
599.16,384.68,99.93,185.58
599.64,381,100.78,187.17
601.79,381.3,101.02,187.6
600.37,378.48,101.15,187.85
597.26,373.26,101.33,188.18
594.43,368.43,101.49,188.48
601.88,369.62,101.52,188.53
602.05,355.85,101.52,188.53
604.26,341.64,101.36,188.25
625.06,328.87,100.35,186.37
624.67,311.84,100.23,186.13
622.39,298.54,100.66,186.93
622.5,284.66,100.87,187.33
623.6,274.9,101.58,188.66
624.35,266.2,101.93,189.29
625.05,256.94,101.95,189.34
628.75,247.63,102.35,190.07
631.83,239.38,102.55,190.45
635.88,231.21,102.21,189.81
641.3,223.75,101.92,189.28
643.75,214.55,101.42,188.35
647.81,206.08,101.27,188.07
648.83,196.49,101.39,188.3
651.85,190.91,101.37,188.26
653.84,184.94,101.44,188.38
655.61,179.49,101.21,187.95
656.28,172.91,100.4,186.46
656.38,168.42,100.48,186.6
656.88,164.87,100.43,186.5
657.43,161.96,100.26,186.19
658.71,159.92,100.49,186.63
657.84,155.22,100.67,186.96
658.38,152.23,100.61,186.84
657.32,148.48,100.61,186.85
656.78,145.66,100.67,186.95
656.18,143.68,100.81,187.21
655.89,142.63,100.91,187.41
654.98,141.26,101.24,188.02
653.46,140.22,100.87,187.32
653.1,140.35,100.99,187.56
652.13,139.99,101.01,187.6
650.09,140.47,100.01,185.73
648.36,140.93,99.643,185.05
648.16,141.65,99.443,184.68
647.09,142.88,99.597,184.97
645.68,143.98,99.668,185.1
643.72,146.17,99.001,183.86
641.71,148.5,99.101,184.04
639.84,149.75,99.378,184.56
638.4,150.66,100.24,186.15
639.14,150.97,100.52,186.69
637.41,150.39,100.33,186.32
637.35,149.88,100.35,186.36
636.69,148.54,100.17,186.03
635.41,148.88,100.14,185.97
635.43,147.6,99.851,185.44
633.17,146.24,99.571,184.92
633.28,146.38,99.642,185.05
633.07,145.89,99.642,185.05
631.74,146.84,99.551,184.88
629.66,147.23,99.804,185.35
628.8,146.76,99.655,185.07
628.48,147,99.764,185.28
628.04,147.44,99.813,185.37
625.44,148.13,99.925,185.58
626.31,147.78,100.01,185.74
626.37,147.96,99.966,185.65
624.17,147.64,99.891,185.51
624.18,146.61,100.21,186.1
625.14,146.22,101.01,187.59
624.19,146.16,101.09,187.74
622.13,145.38,101.07,187.71
622.41,144.72,100.66,186.94
620.96,143.83,100.52,186.68
621.69,144.16,100.27,186.22
623.99,145.98,99.697,185.15
622.35,145.47,99.768,185.28
620.95,145,99.107,184.05
621.35,145.84,99.016,183.89
622.43,146.69,98.762,183.42
623.15,147.66,98.914,183.7
622.92,148.01,98.806,183.5
623.68,147.41,98.788,183.46
625.12,146.81,98.204,182.38
626.58,146.48,98.089,182.16
626.43,146.27,97.839,181.7
625.46,145.2,98.337,182.63
625.85,144.19,98.576,183.07
624.52,143.05,98.285,182.53
622.41,143.79,98.141,182.26
620.18,144.63,98.496,182.92
619.56,144.07,98.473,182.88
619.9,145.1,98.378,182.7
621.55,146.52,98.698,183.3
620.95,147.6,99.029,183.91
621.09,148.99,99.166,184.17
620.22,150.33,98.527,182.98
619.99,150.36,98.183,182.34
621.26,151.26,97.799,181.63
620.63,149.94,97.701,181.45
621.92,150.55,97.33,180.76
620.73,151.03,97.548,181.16
620.87,152.82,97.947,181.9
618.73,153.16,98.609,183.13
618.6,153.6,99.254,184.33
617.8,153.27,99.83,185.4
616.61,151.95,99.652,185.07
616.65,151.37,99.41,184.62
617.54,152.35,99.074,183.99
617.23,151.66,98.997,183.85
618.34,153.05,99.065,183.98
619.57,153.55,98.724,183.34
619.66,154.04,98.664,183.23
619.91,154.02,98.598,183.11
619.6,153.5,97.988,181.98
620.8,153.7,97.516,181.1
622.22,153.7,97.286,180.67
621.84,152.04,96.956,180.06
621.88,151.99,97.014,180.17
622.3,151.7,97.053,180.24
622.24,151.14,97.012,180.16
622.39,151.26,96.957,180.06
623.02,151.58,96.763,179.7
623.67,151.87,96.744,179.67
623.94,151.3,96.6,179.4
624.65,151.09,96.066,178.41
626.39,151.45,95.61,177.56
627.21,151.84,95.145,176.7
629.02,151.82,94.871,176.19
630.96,152.31,94.606,175.7
631.9,152.11,94.664,175.8
632.66,151.94,94.475,175.45
632.53,151.85,94.082,174.72
632.65,151.23,94.015,174.6
632.69,151.17,93.729,174.07
631.79,151.19,93.986,174.55
630.72,151.12,94.599,175.68
630.79,151.73,94.893,176.23
632.02,152.35,94.725,175.92
633.87,152.04,94.464,175.43
635.89,152.88,94.044,174.65
637.44,153.05,93.554,173.74
638.4,153.56,93.192,173.07
638.61,153.31,92.975,172.67
637.86,152.15,92.732,172.22
636.9,151.67,92.725,172.2
635.76,150.95,93.359,173.38
633.63,151.66,93.805,174.21
631.82,151.66,95.111,176.64
629.35,151.74,96.677,179.54
627.96,151.48,97.626,181.3
627.77,152.35,97.707,181.46
626.62,150.16,97.648,181.35
626.57,149.21,97.124,180.37
626.46,148.81,96.767,179.71
626.81,148.49,97.035,180.21
627.42,148.36,97.396,180.88
627.39,147.42,97.418,180.92
627.58,146.98,96.975,180.1
627.47,147.23,96.922,180
627.72,146.61,96.876,179.91
628.97,147.05,96.965,180.08
628.89,145.39,97.174,180.47
629.14,144.59,96.767,179.71
630.35,144.46,97.02,180.18
630.61,143.53,97.025,180.19
632.02,142.77,96.92,179.99
633.09,142.21,97.279,180.66
632.52,141.01,97.26,180.63
632.51,140.47,97.504,181.08
633.01,141.11,98.232,182.43
632.12,140.48,99.243,184.31
630.94,140.03,99.44,184.68
631.04,140.85,99.917,185.56
630.38,140.08,99.665,185.09
631.34,141.04,99.604,184.98
632.21,141.8,99.471,184.73
631.9,141.78,99.915,185.56
631.35,141.21,100.11,185.92
631.52,141.58,100.92,187.42
631.51,141.69,101.57,188.62
630.98,142.21,102.24,189.88
630.51,143.35,102.84,190.99
629.81,144.86,103.21,191.68
629.63,145.42,103.68,192.54
629.76,146.67,104.19,193.49
630.57,148.42,104.16,193.43
631.65,148.75,104.2,193.52
632.93,149.39,103.9,192.96
633.29,148.77,103.34,191.92
635.33,150.3,103.01,191.3
636.44,150.98,102.19,189.78
634.7,150.17,102.22,189.83
634.27,151.03,101.69,188.86
632.94,150.42,101.45,188.41
631.82,150.25,101.47,188.44
633.79,151.2,101.16,187.86
632.66,150.04,101.28,188.09
634.49,150.16,100.94,187.46
635.27,150.81,100.75,187.12
635.89,149.96,100.79,187.18
635.88,149.76,100.72,187.06
635.91,149.48,100.83,187.25
635.48,150.09,100.83,187.26
635.44,150.78,100.94,187.46
635.31,151.4,100.83,187.26
634.01,151.67,101.17,187.9
632.17,151.44,101.35,188.23
631.26,152.68,101.55,188.59
630.98,152.68,101.43,188.37
632.03,153.12,101.52,188.53
631.92,152.94,101.71,188.88
631.45,151.77,102.1,189.61
632.39,152.58,102.28,189.94
633.06,153.23,102.22,189.85
633.44,153.15,102.57,190.48
633.15,152.72,102.65,190.63
634.19,153,102.9,191.1
636.18,154.53,102.86,191.02
637,154.74,102.7,190.72
636.53,154.56,102.69,190.71
636.49,154.02,102.62,190.58
635.43,153.07,102.18,189.77
636.18,153.61,102.42,190.21
635.5,153.38,102.44,190.25
636.62,154.02,102.28,189.95
638.37,154.94,102.43,190.23
638.19,154.55,102.26,189.92
639.85,154.63,102.07,189.55
639.69,153.93,102.01,189.44
639.35,153.72,101.48,188.47
639.59,153.44,101.65,188.78
639.3,153.95,101.59,188.67
639.28,154.33,101.9,189.24
638.18,153.97,101.63,188.75
639.34,155.32,101.36,188.23
639.16,155.39,101.62,188.72
639.22,155.62,101.66,188.8
639.6,156,101.8,189.05
639.27,155.55,101.2,187.95
639.83,155.72,100.85,187.3
641.02,156.66,100.56,186.76
640.74,156.21,100.48,186.61
640.76,156.31,100.06,185.83
640.96,157.18,100.54,186.71
639.28,156.73,100.19,186.06
640.54,157.64,100.4,186.46
639.26,157.21,100.72,187.06
639.96,158.1,100.56,186.76
639.21,156.99,100.38,186.41
640.05,156.78,100.55,186.73
641.44,157.48,100.62,186.87
642.9,157.46,100.57,186.78
642.81,157.17,100.72,187.05
642.76,157.39,100.59,186.8
641.92,155.78,100.19,186.06
642.91,156.46,99.921,185.57
642.48,155.42,99.717,185.19
643.13,156.07,99.7,185.16
643.82,156.35,99.724,185.2
643.33,155.91,99.787,185.32
643.54,156.04,99.881,185.49
644.32,156.13,99.684,185.13
644.68,156.48,99.807,185.36
644.47,156.31,99.226,184.28
644.26,156.09,99.129,184.1
643.4,155.84,98.954,183.77
644.46,155.87,99.806,185.35
643.08,157.04,99.543,184.87
642.73,158.51,99.955,185.63
641.56,158.66,100.49,186.62
641.57,158.77,101,187.58
641.83,159.08,100.87,187.34
641.58,158.99,100.7,187.02
640.37,158.85,100.25,186.18
638.98,158.73,99.625,185.02
637.79,159.06,99.359,184.52
634.88,158.9,99.969,185.66
633.77,158.94,100.29,186.24
633.66,160.2,100.71,187.02
633.19,160.59,101.16,187.86
632.57,160.58,100.96,187.5
633.61,161.38,100.91,187.4
633.27,160.9,101.08,187.73
632.68,160.16,100.46,186.57
632.77,160.22,100.19,186.07
633.65,160.95,100.35,186.36
632.32,160.59,100.38,186.42
630.81,160.21,100.56,186.75
629.41,160.31,100.24,186.16
628.95,160.8,100.36,186.39
627.84,160.49,99.856,185.45
625.86,160.45,99.76,185.27
624.81,160.71,100.13,185.96
625.45,161.54,100.5,186.64
624.01,161.15,100.41,186.47
624.55,161.11,100.21,186.1
625.77,161.61,100.37,186.41
626.23,161.52,99.923,185.57
625.97,161.01,99.311,184.43
626.07,160.7,99.48,184.75
626.41,161.69,99.903,185.53
625.89,161.31,99.252,184.32
626.26,161.4,98.898,183.67
626.83,162.02,99.253,184.33
626.18,161.27,98.939,183.74
626.65,161.68,99.149,184.13
626.35,161,98.674,183.25
626.6,161.08,98.884,183.64
627,161.48,99.25,184.32
626.59,161.02,99.03,183.91
627.09,161.37,98.905,183.68
627.37,161.46,99.136,184.11
626.35,160.82,98.64,183.19
626.34,161.12,98.687,183.28
626.26,160.87,98.492,182.91
626.27,160.44,98.458,182.85
626.04,160.72,98.296,182.55
626.21,161.81,98.441,182.82
625.2,161.06,98.248,182.46
625.35,161.94,98.423,182.79
623.81,161.12,98.472,182.88
623.22,161.96,98.707,183.31
623.53,162.87,99.361,184.53
623.76,162.73,100.14,185.97
623.24,163.08,100.28,186.23
622.92,163.08,100.78,187.16
621.95,162.8,100.97,187.52
622.77,162.55,100.99,187.56
622,161.75,100.99,187.55
621.46,161.39,100.7,187.01
621.94,161.09,100.65,186.92
622.68,160.34,100.12,185.93
624.21,161.38,100.17,186.03
625.15,161.45,100.19,186.06
624.53,161.44,100.17,186.03
624.36,161.62,100.1,185.91
624.23,160.98,100.46,186.57
620.9,159.57,100.6,186.82
621.26,158.29,101.08,187.73
621.58,158.95,101.04,187.65
621.48,158.98,101.39,188.3
622.61,159.69,101.62,188.72
622.66,159.09,102.22,189.84
622.43,158.51,102.52,190.4
621.5,157.81,102.34,190.07
619.68,158.37,102.2,189.8
618.47,159.01,101.95,189.34
615.97,158.6,101.26,188.05
615.07,159.12,100.18,186.05
614.85,161.1,100.01,185.73
614.17,161.84,100.28,186.23
611.41,161.11,100.55,186.74
627.81,160.71,100.44,186.53
607.62,159.66,100.75,187.11
602.75,157.45,101.53,188.55
601.02,154.09,102.38,190.13
599.17,151.85,103.3,191.85
601.14,151.81,104.52,194.12
595.04,148.76,105.46,195.86
628.16,144.91,105.34,195.64
591.97,151.48,106.22,197.27
544.1,197.88,105.56,196.04
561.05,199.55,106.17,197.17
548.64,227.02,106.75,198.24
518.8,423.47,106.16,197.16
546.92,502.75,106.59,197.96
536.39,520.73,107.93,200.45
535.13,571.52,107.37,199.39
