718.5,355.5,30,81
715.48,356.05,29.78,80.407
712.84,355.04,29.616,79.963
710.13,354.96,29.169,78.755
706.98,354.13,29.511,79.681
702.9,353.77,29.53,79.731
699.92,353.81,29.61,79.947
696.74,353.4,29.721,80.246
694.15,354.05,29.684,80.147
692.85,353.72,29.637,80.02
690.67,354.63,29.5,79.649
686.07,354.67,29.637,80.021
682.95,355.39,29.487,79.615
679.41,354.81,29.401,79.383
677.28,354.84,29.159,78.729
674.72,355.19,28.904,78.04
670.72,355.27,28.83,77.841
667.79,355.68,28.917,78.075
665.35,356.62,28.562,77.117
662.9,356.89,28.878,77.971
659.06,357.38,28.807,77.779
657.43,357.29,28.784,77.715
653.84,357.24,28.62,77.275
650.16,356.36,28.57,77.139
646.4,355.84,28.719,77.542
642.8,355.42,28.819,77.813
639.74,355.29,29.053,78.442
637.91,354.89,29.309,79.134
635.28,355.14,29.089,78.539
634.51,355.72,29.072,78.495
634.6,354.38,29.252,78.981
630.34,355.38,29.352,79.251
630.86,355.94,29.231,78.922
628.98,354.1,29.343,79.226
626.17,354.92,29.463,79.55
623.87,354.14,29.491,79.626
619.2,351.58,29.308,79.133
611.27,351.9,29.33,79.191
614.69,348.79,29.127,78.644
602.72,353.55,29.098,78.564
600.53,353.09,29.154,78.716
597.3,352.94,29.183,78.795
594.6,352.35,29.196,78.83
591.93,352.17,29.21,78.866
589.91,351.76,29.31,79.137
587.81,351.86,29.439,79.484
584.11,352.75,29.445,79.502
580.94,353.44,29.527,79.723
577.92,353.71,29.724,80.256
574.58,354.56,29.735,80.283
571.87,354.15,29.769,80.376
568,353.5,29.562,79.816
564.71,353.2,29.474,79.58
562.4,352.06,29.624,79.984
560.51,351.51,29.538,79.753
558.72,350.53,29.579,79.864
557.78,348.63,29.749,80.323
555.29,348.3,29.673,80.116
551.89,347.9,29.653,80.062
547.82,347.39,29.713,80.225
549.09,348.37,29.618,79.968
537.81,347.24,29.661,80.085
536.67,346.5,29.717,80.236
530.25,350.26,29.703,80.198
526.98,350.9,29.642,80.032
524.23,353.2,29.365,79.286
520.88,353.43,29.578,79.862
517.74,353.66,29.636,80.018
515.5,354.69,29.708,80.212
513.96,355.32,29.657,80.073
513.4,356.03,29.734,80.282
512.6,355.92,29.839,80.566
509.69,355.62,29.715,80.23
506.69,354.2,29.683,80.144
503.45,352.65,29.763,80.36
500.17,350.93,29.775,80.392
494.33,350.01,29.842,80.575
491.85,349.95,29.694,80.175
489.12,347.63,29.665,80.094
487.51,345.55,29.527,79.722
484.91,342.03,29.49,79.622
478.61,340.37,29.473,79.577
476.53,340.25,29.481,79.598
472.87,339.62,29.518,79.699
471.86,339.38,29.445,79.502
468.56,339.37,29.51,79.676
461.25,338.6,29.371,79.302
459.09,339.2,29.349,79.241
456.78,338.97,29.322,79.169
453.87,338.23,29.313,79.145
449.72,338.06,29.265,79.016
444.45,338.15,29.171,78.761
440.88,337.86,29.177,78.778
438.07,338.4,29.061,78.465
436.17,339.56,29.213,78.875
432.32,339.54,29.411,79.41
429.4,341,29.437,79.481
426.99,341.53,29.539,79.754
422.45,341.03,29.54,79.758
418.84,340.23,29.523,79.711
416.39,339.78,29.49,79.624
411.2,338.93,29.464,79.553
409.17,338.59,29.379,79.325
406.73,338.92,29.473,79.577
404.1,339.96,29.398,79.375
400.49,340.27,29.365,79.285
396.99,342.65,29.224,78.905
393.41,343.21,29.104,78.58
390.28,344.77,29.093,78.552
389.55,345.63,29.199,78.837
387.67,344.87,29.306,79.127
385.32,342.72,29.373,79.307
383.21,341.03,29.456,79.532
379.52,338.9,29.484,79.606
374.7,337.12,29.566,79.828
371.78,335.14,29.684,80.146
368.98,333.95,29.574,79.851
367.87,333.45,29.441,79.491
367.14,334.04,29.489,79.621
363.67,335.66,29.42,79.435
363.17,336.27,29.41,79.408
360.64,336.8,29.339,79.214
358.46,337.18,29.353,79.252
355.65,337.19,29.354,79.255
352.91,337.06,29.352,79.251
349.47,336.91,29.287,79.075
345.11,336.45,29.289,79.079
339.27,337,29.226,78.911
336.24,336.88,29.131,78.652
334.05,335.58,29.124,78.634
330.32,335.16,29.044,78.419
328.15,333.77,29.023,78.361
325.27,333.05,28.982,78.251
323.13,332.44,29.035,78.394
320.36,332.38,28.984,78.258
316.76,332.85,29.015,78.341
312.47,334.1,28.967,78.211
309.87,334.48,28.946,78.155
307.34,334.88,29.097,78.562
305.63,335.3,29.206,78.855
303.17,335.2,29.131,78.654
299.04,334.63,28.965,78.205
295.46,332.63,28.974,78.231
294.25,331.98,28.973,78.228
291.2,331.45,29.13,78.651
290.52,331.32,29.2,78.839
287.23,330.94,29.148,78.7
284.54,331.5,29.19,78.813
281.76,331.18,29.132,78.655
279.47,331.81,29.251,78.977
276.83,330.71,29.298,79.105
272.55,328.96,29.212,78.873
270.19,326.87,29.184,78.796
267.8,324.86,29.252,78.98
265.89,322.72,29.243,78.955
263.8,321.27,29.19,78.813
261.07,320.78,29.153,78.712
259.26,321.86,29.13,78.65
258.19,321.99,29.191,78.817
256.38,322.64,29.183,78.793
255.62,324.48,29.095,78.556
254.2,326.51,28.888,77.996
252.73,327.79,28.819,77.813
252.25,328.39,28.725,77.559
251.87,328.61,28.708,77.511
251.27,329.17,28.572,77.143
250.64,329.95,28.466,76.859
251.41,329.54,28.453,76.824
251.62,327.86,28.345,76.53
251.46,327.68,28.307,76.429
231.74,348.64,28.399,76.676
231.28,348.83,28.441,76.789
230.84,349.65,28.533,77.038
233.37,349.93,28.635,77.315
232.94,350.91,28.633,77.31
234.36,351.69,28.732,77.576
234.93,352.33,28.808,77.783
234.73,353.18,28.744,77.61
236.31,351.58,28.866,77.938
237.68,350.66,28.853,77.903
236.18,350,28.871,77.952
236.99,349.22,28.858,77.916
237.78,350.26,28.743,77.605
238.11,352.09,28.674,77.42
237.75,353.57,28.728,77.564
237.79,355.38,28.778,77.7
238.9,356.77,28.754,77.635
238.45,357.56,28.744,77.608
237.47,356.83,28.826,77.831
237.62,355.12,28.993,78.28
237.76,352.88,29.114,78.608
237.9,351.09,29.172,78.765
237.92,348.54,29.287,79.075
237.81,347.83,29.322,79.169
237.81,347.08,29.292,79.087
237.65,346.79,29.223,78.903
237.48,346.31,29.192,78.82
237.54,345.78,29.13,78.652
237.97,345.49,29.078,78.51
238.22,345.41,29.053,78.444
238.24,345.12,29.018,78.348
238.03,344.68,29.019,78.351
238.22,344.72,29.001,78.302
238.3,345.01,28.995,78.286
238.46,345.67,28.777,77.697
238.77,346.11,28.804,77.769
238.95,346.37,28.834,77.852
238.56,345.9,28.904,78.04
237.97,344.51,28.908,78.052
237.82,342.88,28.959,78.188
237.91,341.46,29.033,78.388
237.54,340.8,29.062,78.469
237.84,340.37,29.05,78.435
237.98,340.53,29.005,78.313
237.82,341.58,28.896,78.018
237.89,342.15,28.903,78.038
237.75,343.14,28.905,78.045
237.67,343.56,28.869,77.947
238.03,343.09,28.877,77.967
237.92,341.81,28.838,77.862
237.79,340.24,28.88,77.976
237.56,338.19,28.963,78.199
237.16,336.23,28.967,78.21
237.12,335.02,28.968,78.214
236.89,333.87,29.078,78.509
237.12,333.8,28.908,78.052
236.4,332.36,28.964,78.202
236.69,331.83,28.966,78.21
236.63,331.51,28.907,78.049
236.32,331.14,28.959,78.188
236.11,332.08,28.802,77.764
233.75,332.86,28.743,77.606
228.33,333.07,28.76,77.651
227.05,332.85,28.811,77.791
224.5,331.85,28.847,77.886
220.61,330.33,28.906,78.045
215.46,329.31,28.892,78.009
210.22,327.31,28.877,77.969
208.2,326.28,28.839,77.866
206.47,324.86,28.88,77.976
205.05,324.18,28.886,77.991
203.51,323.4,28.881,77.98
199.33,323.31,28.759,77.648
196.1,324.13,28.7,77.489
192.77,324.59,28.673,77.417
191.23,325.62,28.694,77.473
190.66,327.2,28.762,77.656
189.95,328.74,28.781,77.709
188.99,329.21,28.894,78.014
187.65,328.8,28.875,77.963
187.57,328.79,28.864,77.932
187.15,328.62,28.943,78.146
186.43,328.7,29.074,78.5
186.31,330.28,29.083,78.523
186.3,330.98,29.186,78.803
185.61,331.32,29.273,79.036
185.74,332.05,29.287,79.074
185.56,332.41,29.336,79.206
185.58,332.93,29.326,79.181
185.13,332.44,29.353,79.252
185.17,332.49,29.42,79.433
184.85,332.16,29.465,79.557
184.97,332.35,29.521,79.708
186.98,333.78,29.386,79.343
192.49,334.8,29.39,79.353
198.07,335.96,29.266,79.019
200.62,336.33,29.087,78.534
201.06,336.66,29.139,78.675
200.12,336.42,29.151,78.707
200.03,336.35,29.145,78.691
199.83,336.4,29.119,78.621
199.51,336.67,29.145,78.692
199.47,337.03,29.181,78.788
199.25,337.73,29.138,78.672
199.17,338.55,29.124,78.635
199.21,339.12,29.182,78.792
199.76,340.2,29.185,78.8
202.6,341.95,29.133,78.658
204.88,343.54,28.985,78.259
207.21,344.7,28.843,77.875
209.56,345.76,28.9,78.029
210.81,346.81,28.769,77.677
214.6,348.8,28.74,77.598
217.48,349.08,28.718,77.539
221.06,349.06,28.732,77.578
222.36,348.96,28.772,77.684
223.11,348.99,28.768,77.674
223.19,348.77,28.697,77.482
222.77,348.09,28.78,77.705
222.95,347.92,28.882,77.98
222.68,347.62,28.818,77.81
222.78,347.62,28.791,77.735
223.15,347.92,28.664,77.392
222.82,347.28,28.602,77.226
222.35,347.25,28.614,77.258
222.04,347.16,28.595,77.208
222.21,347.07,28.624,77.286
222.04,345.76,28.662,77.388
222.29,344.5,28.76,77.652
222.48,343.85,28.805,77.774
221.84,342.97,28.812,77.792
221.13,341.8,28.836,77.856
219.66,341.49,28.803,77.767
218.35,341.52,28.826,77.83
217.63,341.51,28.883,77.985
216.81,342.08,28.804,77.771
216.87,342.68,28.785,77.719
216.77,343.09,28.792,77.738
216.79,343.11,28.802,77.765
216.63,343.3,28.772,77.685
216.7,343.69,28.711,77.518
215.61,344.16,28.736,77.588
214.66,344.54,28.773,77.687
214.04,345.14,28.802,77.764
214.03,345.42,28.769,77.676
214.61,345.18,28.698,77.484
213.96,344.86,28.587,77.186
212.84,344.98,28.471,76.872
211.65,345.24,28.509,76.973
210.18,345.25,28.497,76.942
209.06,345.42,28.474,76.88
207.8,345.33,28.461,76.844
206.11,345.31,28.496,76.939
204.97,345.65,28.38,76.627
203.29,346.28,28.397,76.673
202.3,346.83,28.381,76.628
201.16,347.68,28.312,76.442
199.85,348.8,28.283,76.364
199.24,349.98,28.204,76.152
198.45,350.78,28.304,76.42
197.09,351,28.253,76.283
196.23,351.43,28.358,76.567
194.56,350.86,28.5,76.95
193.44,351.05,28.659,77.379
191.54,350.02,28.641,77.33
190.8,350.09,28.694,77.474
189.51,350.04,28.729,77.567
188.17,350.44,28.711,77.519
186.96,350.54,28.915,78.071
185.31,350.74,28.911,78.06
184.31,352.15,28.937,78.129
182.94,353.66,28.966,78.209
180.33,354.28,29.124,78.635
179.99,354.59,29.175,78.773
178.23,354.38,29.156,78.722
175.04,353.29,29.326,79.179
172.48,352.24,29.29,79.083
169.58,351.96,29.032,78.385
168.17,353.81,28.971,78.221
168.17,356.3,29.166,78.748
169.89,358.52,29.399,79.377
172.39,359.41,29.466,79.558
174.02,361.86,29.577,79.859
173.24,362.18,29.738,80.293
172.95,362.36,29.736,80.286
174.22,362.52,29.727,80.263
171.93,362.96,29.671,80.112
172.39,363.31,29.781,80.41
171.89,363.23,29.631,80.003
174.07,363.63,29.656,80.072
176.01,363.23,29.721,80.246
177.8,361.12,29.827,80.534
182.8,357.86,29.859,80.619
193.67,350.67,29.991,80.975
200.75,345.04,30.079,81.214
203.54,340.42,29.94,80.839
203.27,336.98,29.908,80.753
201.61,333.73,29.922,80.788
201.51,330.65,30.017,81.045
207.64,327.58,30.19,81.514
223.16,324.69,30.375,82.013
236.42,323.9,30.343,81.926
240.81,323.81,30.339,81.916
239.11,325.3,30.232,81.625
238.15,329.28,30.286,81.773
237.57,333.8,30.323,81.871
237.31,338.73,30.452,82.219
238.15,344.06,30.538,82.453
235,348.69,30.37,82
234.92,351.62,30.148,81.4
232.68,354.76,30.144,81.388
228.72,357.87,30.095,81.258
225.13,359.79,29.961,80.894
224.68,360.17,29.774,80.389
222.18,360.85,29.64,80.029
222.58,359.92,29.577,79.858
219.63,357.78,29.678,80.129
221.95,356.49,29.825,80.527
227.73,353.06,30.031,81.083
234.49,350.22,30.078,81.211
238.08,347.72,30.034,81.092
237.49,345.92,29.955,80.878
239,344.3,29.968,80.914
245.96,341.17,30.073,81.198
250.51,338.58,30.136,81.367
252.77,337.82,29.988,80.967
252.27,338.89,30.079,81.214
251.17,340.83,30.162,81.437
249.69,345.44,29.963,80.901
252.29,348.44,29.869,80.648
256.08,349.79,29.767,80.37
258,349.82,29.813,80.494
259.11,349.24,29.827,80.533
260.44,347.95,29.75,80.325
261.33,347.37,29.827,80.534
261.41,346.75,29.77,80.379
261.83,347.05,29.657,80.074
260.64,349.26,29.549,79.782
258.78,352.15,29.42,79.435
257,354.4,29.492,79.628
255.03,356.12,29.588,79.887
254.3,357.71,29.639,80.024
253.32,358.66,29.563,79.819
252.22,358.67,29.62,79.974
250.4,358.71,29.677,80.127
249.4,357.51,29.56,79.811
248.99,356.49,29.62,79.974
248.75,355.78,29.732,80.277
249.57,355.58,29.719,80.243
249.16,356.82,29.706,80.207
247.55,357.46,29.856,80.611
244.85,357.52,30.021,81.057
243.26,357.53,30.005,81.014
240.53,357.06,30.124,81.335
238.07,356.97,30.212,81.572
236.43,357.69,30.135,81.365
234.22,357.72,30.212,81.573
232.35,358.6,30.216,81.583
230.34,358.15,30.318,81.86
226.84,357.72,30.363,81.98
224.5,357.38,30.491,82.326
222.3,357.6,30.476,82.284
220.35,358.44,30.397,82.072
217.79,360.13,30.449,82.212
215.97,360.41,30.522,82.409
213.92,360.16,30.578,82.561
211.6,358.49,30.631,82.703
213.33,355.75,30.59,82.593
218.68,351.79,30.704,82.902
218.61,349.39,30.426,82.15
217.23,348.47,30.406,82.096
217.79,348.06,30.384,82.036
217.5,349.13,30.427,82.154
214.47,352.57,30.45,82.215
212.99,355.69,30.649,82.751
213.17,357.12,30.883,83.383
213.54,357.67,30.856,83.311
214.42,356.88,30.857,83.314
215.6,355.68,30.937,83.529
216.37,355.44,30.883,83.383
216.7,354.91,30.797,83.153
217.32,355.43,30.787,83.126
217.16,355.46,30.728,82.966
217.04,355.34,30.644,82.739
219.16,353.64,30.695,82.876
225.89,351.11,30.817,83.207
233.53,352.53,30.874,83.359
239.82,354.13,30.929,83.507
245.71,358.65,31.036,83.797
246.13,360.4,30.929,83.507
247.39,363.51,30.815,83.2
248.32,363.94,30.818,83.208
251.1,362.2,30.601,82.624
256.34,355.92,30.574,82.549
257.13,351.26,30.393,82.062
256.36,347.75,30.3,81.809
254.52,345.98,30.089,81.241
254.53,346.15,29.826,80.531
255.11,348.58,29.652,80.061
257.74,352.57,29.441,79.492
262.16,355.74,29.26,79.002
268.91,359.25,29.23,78.92
276.6,362.73,29.205,78.855
290.04,366.16,29.226,78.91
301.42,366.99,29.178,78.779
310.21,367.96,29.352,79.251
315.03,368.51,29.328,79.185
313.59,368.54,29.365,79.286
314.14,373.4,29.361,79.275
312.34,377.07,29.475,79.582
310.04,378.96,29.661,80.084
308.03,379.23,29.858,80.618
305.59,376.89,29.913,80.766
302.48,371.83,30.034,81.091
301.13,370.17,29.852,80.601
298.14,369.28,29.829,80.539
295.37,370.07,29.799,80.457
292.82,371.94,29.902,80.734
288.88,376.08,29.805,80.474
287.15,377.97,29.775,80.392
285.1,378.62,29.818,80.508
283.33,378.95,29.8,80.461
281.44,378.15,29.901,80.734
278.56,376.41,29.946,80.855
277.5,376.12,29.873,80.656
274.72,375.85,29.799,80.457
272.87,376.55,29.811,80.489
270.83,378.22,29.836,80.556
268.65,379.93,29.653,80.062
266.64,380.62,29.557,79.805
264.22,380.1,29.52,79.705
261.54,379.71,29.651,80.059
259.89,379.49,29.733,80.28
256.3,378.18,29.773,80.388
253.69,377.64,29.885,80.69
252.03,377.13,30.005,81.013
250.22,376.93,29.99,80.974
248.1,377.01,30.099,81.268
244.88,378.32,30.05,81.136
243.04,380.16,30.022,81.059
240.89,381.78,29.945,80.852
239.42,382.53,29.991,80.975
237.43,382.81,29.907,80.748
234.73,382.35,29.976,80.936
232.43,382.52,29.98,80.947
229.99,382.14,30.019,81.052
227.74,382.11,30.092,81.248
224.89,381.9,30.033,81.089
221.83,381.71,30.234,81.632
220.13,381.49,30.294,81.793
218.18,381.39,30.38,82.026
215.41,380.96,30.344,81.93
213.82,380.26,30.588,82.587
210.77,380.12,30.571,82.542
208.95,379.86,30.483,82.305
206.79,379.89,30.37,81.998
205.23,380.29,30.267,81.722
203.68,380.25,30.241,81.651
200.82,380.16,30.358,81.967
198.32,379.37,30.393,82.061
196.33,379.11,30.466,82.258
194.07,378.44,30.482,82.301
191.62,378.26,30.424,82.144
188.42,378.28,30.571,82.543
186.43,378.8,30.48,82.296
184.36,379.06,30.401,82.082
182.34,379.57,30.447,82.207
180.37,379.74,30.437,82.179
178.27,378.97,30.452,82.22
175.03,376.05,30.72,82.944
172.74,372.34,30.806,83.175
170.51,369.15,30.81,83.186
168.02,366.67,30.844,83.279
165.85,366.01,30.87,83.348
162.85,367.89,30.922,83.49
161.15,371.59,31.024,83.765
158.5,375.51,31.157,84.123
156.52,379.08,31.357,84.664
154.82,380.09,31.447,84.907
152.76,380.92,31.414,84.819
150.32,379.37,31.449,84.912
148.24,378.88,31.55,85.185
146.31,377.07,31.54,85.157
