562.5,278.5,69,137
561.19,284.6,68.871,136.74
558.45,284.52,69.119,137.24
554.36,284.3,69.185,137.37
550.34,284.07,68.786,136.58
547.16,283.83,68.231,135.47
544.83,283.97,68.23,135.47
542.79,283.8,68.159,135.33
540.41,282.73,68.404,135.82
539.21,282.7,67.749,134.52
537.44,282.22,67.472,133.97
533.4,281.15,67.419,133.86
529.77,281.72,66.367,131.77
524.65,282.19,66.242,131.52
520.72,281.73,66.287,131.61
517.44,282.04,65.572,130.19
513.07,282.2,65.611,130.27
508.77,281.1,66.141,131.32
503.42,280.68,65.562,130.17
499.98,279.9,65.327,129.71
497.05,280.22,64.46,127.99
492.89,279.13,65.031,129.12
489.18,278.6,65.303,129.66
484.54,278.24,65.33,129.71
481.07,278.15,65.555,130.16
477.88,277.48,65.706,130.46
476.78,277.34,65.699,130.45
475.36,277.59,65.313,129.68
471.82,276.85,65.351,129.75
467.73,276.26,65.31,129.67
464.61,276.13,65.342,129.74
460.91,275.51,65.36,129.77
457.06,275.96,64.87,128.8
452.5,274.83,64.921,128.9
448.98,275.06,65.303,129.66
445.38,275.59,65.496,130.04
441.7,275.74,65.665,130.38
437.55,276.85,65.724,130.49
434.43,272.02,65.597,130.24
430.41,272.25,65.184,129.42
426.74,271.9,65.271,129.6
423.25,270.82,65.118,129.29
419.78,269.29,65.13,129.32
414.24,268.09,64.859,128.78
410.78,266.7,64.744,128.55
407.86,265.1,64.579,128.22
405.12,264.65,64.299,127.67
402.4,264.06,63.569,126.22
397.89,262.55,63.314,125.71
394.42,261.02,63.346,125.77
390.36,259.64,63.314,125.71
385.69,258.32,63.485,126.05
382.79,257.84,63.281,125.64
378.38,257.39,63.409,125.9
374.57,257.03,63.36,125.8
371.44,257.01,63.689,126.46
370.38,257.12,63.801,126.68
368.17,256.51,63.842,126.76
365.34,255.88,63.754,126.58
362.42,255.9,63.575,126.23
358.45,254.99,63.308,125.7
355.11,254.81,63.244,125.57
351.44,257.38,63.415,125.91
346.03,256.79,63.539,126.16
342.9,256.68,63.159,125.4
340.48,256.76,63.043,125.17
337.34,256.85,62.823,124.74
334.04,255.91,63.099,125.28
330.18,255,63.418,125.92
326,253.71,63.549,126.18
321.35,252.27,63.572,126.22
316.76,251.37,63.678,126.43
313.05,251.57,64.012,127.1
309.88,251.38,64.054,127.18
308.41,251.59,64.03,127.13
305.33,252.14,63.737,126.55
303.57,252.4,63.733,126.54
302.18,252.26,63.466,126.01
299.78,250,63.246,125.58
299.33,249.07,63.009,125.11
297.65,247.12,62.963,125.01
295.89,245.71,62.488,124.07
294.27,245.09,62.328,123.75
291.38,244.52,62.092,123.28
289.43,244.26,61.645,122.4
287.75,245.04,61.353,121.82
284.8,245.05,61.191,121.5
283.25,246.38,60.978,121.07
282.22,246.86,60.745,120.61
280.24,245.89,60.635,120.39
277.66,244.27,60.804,120.73
271.76,243.09,60.842,120.8
267.2,243.02,60.976,121.07
265.25,244.08,60.933,120.98
263.37,244.88,60.922,120.96
261.16,244.99,61.039,121.19
259.31,245.23,61.139,121.39
257.85,244.58,61.118,121.35
255.09,243.99,61.105,121.32
252.52,243.61,61.004,121.12
250.09,243.25,61.077,121.27
248.49,243.01,60.867,120.85
246.17,241.84,60.629,120.38
244.51,241.14,60.516,120.15
244.07,241.09,60.244,119.61
243.5,239.99,60.015,119.16
242.57,239.29,59.486,118.11
241.94,239.02,59.196,117.53
241.86,238.99,59.01,117.17
240.89,238.57,58.892,116.93
240.53,238.1,58.692,116.53
239.36,237.26,58.606,116.36
238.86,236.74,58.503,116.16
236.75,236.56,58.395,115.94
234.19,236.9,58.399,115.95
233.27,236.79,58.317,115.79
233.49,237.15,58.149,115.45
234.93,237.5,57.993,115.15
238.58,237.76,57.961,115.08
240.34,237.67,57.989,115.14
242.12,237.65,57.931,115.02
242.44,238.13,57.827,114.82
242.92,238.84,57.804,114.77
242.22,239.34,57.775,114.71
242.44,239.57,57.806,114.77
243.45,239.79,57.696,114.56
244.45,239.84,57.52,114.21
245.84,239.97,57.448,114.06
246.63,239.39,57.318,113.81
248.59,240.72,57.186,113.54
250.23,241.37,57.115,113.4
249.32,240.85,57.162,113.5
244.82,237.18,57.227,113.62
239.53,233.98,57.075,113.32
238.75,235.51,56.951,113.08
237.45,236.9,56.65,112.48
235.6,238.41,56.687,112.55
233.9,237.52,56.644,112.47
232.17,236.54,56.342,111.87
231.57,236.56,56.396,111.97
231.33,236.18,56.379,111.94
230.28,235.59,56.27,111.73
229.95,234.77,56.264,111.71
228.44,233.86,56.375,111.93
227.41,233.26,56.319,111.82
225.74,232.82,56.368,111.92
224.88,232.84,56.362,111.91
224.16,233.25,56.217,111.62
223.19,233.51,55.936,111.06
222.7,233.54,55.667,110.53
221.23,232.41,55.381,109.96
219.45,234.13,55.272,109.74
218.78,235.75,55.021,109.24
217.96,237.25,54.962,109.13
219.26,236.87,54.952,109.11
218.12,237.78,55.127,109.46
219.18,238.56,54.917,109.04
221.41,238.43,54.866,108.94
224.39,235.98,54.883,108.97
226,233.23,54.995,109.19
225.8,230.53,55.013,109.23
222.69,225.33,55.032,109.27
220.11,220.65,55.068,109.34
216.85,215.03,55.131,109.46
213.09,210.67,54.985,109.17
207.84,206.03,54.785,108.78
212.24,204.3,54.563,108.34
214.39,202.11,54.359,107.93
212.35,196.42,54.089,107.39
211.7,191.86,53.855,106.93
214.08,191.09,53.787,106.8
212.62,189.79,53.606,106.44
211.57,187.39,53.514,106.25
209.71,182.52,53.281,105.79
208.63,180.02,53.338,105.9
208.84,178.36,53.05,105.33
212.41,177.05,53.124,105.48
216.75,174.86,53.341,105.91
229.42,171.9,53.277,105.78
236.39,170.91,53.121,105.47
243.39,170.45,52.849,104.93
250.85,170.85,52.773,104.78
256.34,171.3,52.795,104.82
260.11,171.05,52.658,104.55
265.26,169.19,52.708,104.65
271.32,167.44,52.792,104.82
280.87,162.42,52.684,104.6
291.37,156.96,52.465,104.17
302.81,152.89,52.16,103.56
317.26,149.12,52.057,103.36
324.68,145.4,51.996,103.24
331.23,142.95,51.833,102.92
336.82,140.17,51.591,102.43
342.9,138.26,51.276,101.81
348.27,142.36,51.223,101.7
353.2,144.61,51.324,101.9
358.66,143.87,51.388,102.03
366.09,140.73,51.317,101.89
369.22,139.91,51.301,101.86
383.34,135.55,51.233,101.72
395.09,132.4,51.062,101.38
398.29,131.42,51.029,101.32
401.89,132.39,50.884,101.03
404.73,134.54,50.907,101.08
404.49,136.94,50.897,101.06
404.02,138.82,50.9,101.06
404.6,140.14,50.691,100.65
404.95,140.87,50.726,100.72
404.25,140.84,50.659,100.58
400.59,138.88,50.66,100.59
399.85,136.38,50.644,100.55
400.48,133.71,50.74,100.74
401.59,132.2,50.794,100.85
403.22,131.22,50.677,100.62
404.89,132.49,50.691,100.65
407.36,133.19,50.619,100.5
410.11,134.41,50.45,100.17
412.71,135.36,50.214,99.701
414.74,136.82,50.407,100.08
416.36,138.09,50.277,99.825
417.47,140.87,50.316,99.902
416.64,142.39,50.461,100.19
413.89,139.82,50.625,100.52
413.59,137.84,50.427,100.12
414.98,134.93,50.31,99.89
417.67,134.06,50.282,99.835
417.52,134.66,50.311,99.893
421.42,136.5,50.199,99.671
424.65,138.79,50.056,99.386
426.45,140.79,49.983,99.241
427.15,141.63,50.068,99.41
427.37,142.35,49.993,99.261
426.2,142.3,49.911,99.099
424.59,141.51,49.713,98.706
422.24,139.24,49.68,98.64
419.67,140.7,49.514,98.31
418.57,138.53,49.45,98.183
418.47,140.58,49.343,97.971
422.22,140.91,49.38,98.044
429.77,142.24,49.293,97.872
430.78,140.49,49.194,97.675
432.03,137.9,49,97.291
430.88,138.16,48.913,97.116
432.24,139.28,48.904,97.099
434.09,139.41,48.762,96.818
435.71,141.79,48.695,96.685
436.15,145.45,48.7,96.694
437.47,148.97,48.641,96.578
439.53,153.32,48.477,96.252
441.18,158.87,48.522,96.341
445.12,164.43,48.378,96.054
440.69,169.11,48.377,96.053
435.64,171.9,48.249,95.799
431.15,172.73,48.384,96.067
424.56,173.17,48.35,95.999
422.47,173.39,48.243,95.786
421.51,174.63,48.133,95.568
419.41,177.72,47.933,95.171
416.94,180.86,47.802,94.911
414.36,184.57,47.901,95.107
411.97,190.42,47.812,94.931
410.66,196.86,47.828,94.962
409.47,202.15,47.914,95.133
409.46,206.99,47.966,95.238
408.87,212.25,47.898,95.102
407.79,215.29,47.821,94.95
406.85,219.2,47.648,94.605
405.14,222.22,47.496,94.303
404.23,224.46,47.241,93.798
400.25,227.36,47.017,93.352
397.74,231.37,46.882,93.085
397.2,234.32,46.392,92.112
395.51,236.23,46.095,91.522
