402.5,335.5,28,44
402.92,334.22,27.976,43.963
402.88,334.22,27.885,43.82
403.14,334.45,27.762,43.626
403.59,334.99,27.4,43.057
403.45,335.1,27.384,43.033
403.45,335.18,27.271,42.855
402.78,334.37,27.69,43.513
403.32,334.65,27.531,43.264
403.09,334.39,27.575,43.332
403.31,334.2,27.774,43.644
404.21,334.9,27.503,43.218
404.14,334.4,27.894,43.834
404.34,334.08,28.338,44.532
404.57,333.96,28.445,44.699
406.01,334.78,28.409,44.642
407.23,335.52,28.427,44.671
408.94,336.09,28.554,44.871
411.76,335.94,28.457,44.719
413.33,335.89,28.134,44.211
415.01,335.88,27.949,43.92
415.1,334.81,27.947,43.916
415.76,334.58,27.941,43.907
415.38,333.74,27.717,43.555
415.94,334.13,27.511,43.231
415.98,333.91,27.06,42.523
416.65,334.25,27.009,42.443
416.83,334.5,26.967,42.376
416.76,334.45,26.863,42.214
416.05,334,26.564,41.744
417.02,334.92,26.113,41.034
416.44,334.54,25.84,40.606
416.93,335.16,25.737,40.444
416.41,334.93,25.611,40.245
416.89,335.45,25.394,39.904
416.87,335.24,25.218,39.628
417.35,335.65,25.083,39.416
417.22,335.36,25.055,39.372
417.58,335.4,25.076,39.406
417.85,335.51,25.016,39.311
418.42,335.47,24.907,39.14
418.71,335.51,24.896,39.123
419.78,336,24.943,39.196
419.71,335.7,25.006,39.296
420.29,335.82,25.009,39.3
420.72,335.54,25.031,39.334
420.23,335.48,25.134,39.497
419.85,335.58,25.392,39.901
419.68,334.8,25.484,40.046
420.42,334.89,25.596,40.222
420.61,334.88,25.654,40.314
420.22,334.82,25.703,40.391
420.4,334.61,25.727,40.428
420.63,334.65,25.676,40.348
420.74,334.56,25.768,40.492
420.7,334.58,25.725,40.425
420.78,334.62,25.639,40.289
421.34,335.47,25.576,40.191
421.35,335.59,25.482,40.044
421.62,335.73,25.353,39.841
421.47,335.43,25.236,39.656
422.06,335.57,25.193,39.588
420.3,335.8,25.137,39.501
418.65,335.9,25.007,39.297
423.19,335.85,24.861,39.067
424.2,336.39,24.722,38.849
424.31,336.73,24.756,38.902
425.5,336.82,24.723,38.851
426.05,337.35,24.616,38.683
425.72,337.2,24.562,38.597
424.73,337.43,24.523,38.537
423.85,337.78,24.49,38.484
422.86,337.67,24.468,38.45
423.52,337.7,24.439,38.404
424.17,337.95,24.49,38.484
424.23,337.83,24.582,38.628
424.35,337.55,24.591,38.643
425.09,337.23,24.577,38.621
425.3,337.16,24.687,38.793
426.04,337.16,24.79,38.956
426.54,337.32,24.944,39.197
426.5,336.66,24.85,39.05
427.21,336.84,24.851,39.051
427.06,336.98,24.77,38.924
426.81,337.7,24.737,38.872
426.4,337.69,24.694,38.806
425.94,337.51,24.552,38.581
426.84,337.26,24.402,38.346
428.4,337.61,24.496,38.493
429.58,337.42,24.636,38.714
430.14,336.94,24.825,39.01
431.55,337.24,24.981,39.256
428.6,336.47,25.14,39.506
429.79,336.57,25.301,39.759
429.76,336.06,25.431,39.963
430.34,336.26,25.542,40.138
430.63,336.92,25.55,40.15
430.57,336.94,25.527,40.114
430.33,336.94,25.502,40.074
430.24,336.88,25.548,40.147
429.75,336.95,25.569,40.18
429.54,337.34,25.516,40.097
429.34,337.31,25.509,40.086
429.17,337.32,25.431,39.963
428.84,336.96,25.399,39.913
428.4,336.71,25.306,39.766
428.38,336.83,25.219,39.629
428.52,337.28,25.185,39.576
428.6,337.63,25.123,39.478
428.47,337.67,25.149,39.52
428.33,337.87,25.113,39.463
428.42,337.81,25.114,39.464
428.29,337.73,25.181,39.57
428.31,338.01,25.223,39.636
428.01,337.86,25.248,39.676
428.04,337.94,25.263,39.699
427.86,338.31,25.286,39.735
427.57,338.4,25.22,39.632
427.69,338.77,25.29,39.742
427.37,338.36,25.267,39.705
427.67,338.9,25.127,39.486
428.04,339.06,25.091,39.428
428.02,339.32,25.012,39.305
427.54,338.47,24.932,39.178
427.54,338.62,24.844,39.041
428.22,338.48,24.802,38.974
428.44,338.95,24.729,38.86
428.28,338.99,24.724,38.852
428.34,338.53,24.696,38.809
428.21,338.48,24.614,38.679
428.16,338.22,24.408,38.355
428.81,338.66,24.387,38.322
428.89,338.63,24.362,38.284
428.63,338.87,24.362,38.283
428.54,338.44,24.38,38.312
428.35,338.65,24.437,38.401
428.3,338.92,24.381,38.314
428.2,339.19,24.372,38.298
428.19,339.11,24.376,38.305
428.23,339.25,24.361,38.281
428.32,339.49,24.43,38.389
428.24,339.53,24.409,38.356
428.1,339.62,24.403,38.348
428.1,339.59,24.343,38.254
427.95,339.36,24.304,38.193
427.93,339.38,24.28,38.155
427.9,339.67,24.224,38.067
427.47,339.7,24.17,37.982
427.65,340.73,24.133,37.923
427.74,340.61,24.203,38.033
427.48,340.62,24.187,38.009
427.31,340.87,24.131,37.92
427.71,341.01,24.113,37.892
427.54,341.28,24.174,37.987
427.13,342.27,24.103,37.877
427.33,343.51,24.004,37.72
427.51,344.11,24.012,37.734
427.55,344.69,24.144,37.94
427.45,345.52,24.142,37.937
427.38,346.28,24.079,37.839
427.38,347.01,23.994,37.705
428.58,346.3,23.861,37.496
428.52,343.79,23.875,37.519
429.22,342.32,23.803,37.405
428.59,340.83,23.771,37.355
428.79,342,23.662,37.183
428.74,344.26,23.558,37.02
428.15,345.86,23.554,37.013
427.79,346.86,23.424,36.809
427.37,347.56,23.459,36.865
426.83,347.32,23.44,36.834
426.32,347.13,23.614,37.108
426.11,346.94,23.71,37.259
425.38,345.72,23.789,37.383
425.02,344.93,23.938,37.617
424.2,344.7,24.086,37.849
423.98,344.06,24.097,37.867
423.44,344.19,24.175,37.989
422.21,344.13,24.096,37.865
422.12,344.64,24.044,37.783
421.7,345.3,24.115,37.896
421.28,344.36,23.958,37.649
420.74,344,23.986,37.692
420.28,343.61,23.86,37.495
419.79,343.53,23.823,37.435
419.63,343.59,23.644,37.154
419.78,344.14,23.656,37.174
419.51,344.2,23.655,37.172
419.18,343.89,23.748,37.318
418.68,343.85,23.64,37.149
418.46,343.77,23.622,37.12
418.14,343.02,23.672,37.199
417.82,342.51,23.607,37.097
416.98,342.98,23.641,37.15
417.01,343.78,23.659,37.179
416.29,345.43,23.572,37.041
415.6,346.01,23.402,36.774
415.53,345.04,23.198,36.453
415.37,343.66,23.154,36.384
415.12,342.33,23.068,36.25
414.81,341.7,22.864,35.93
414.93,343.05,22.681,35.641
414.63,343.31,22.656,35.603
413.93,342.81,22.619,35.544
413.79,342.17,22.555,35.443
412.83,342.41,22.525,35.397
412.21,342.47,22.518,35.386
411.53,342.17,22.589,35.497
410.78,341.28,22.511,35.375
410.44,341.69,22.482,35.328
409.87,341.21,22.491,35.343
409.47,340.93,22.342,35.109
409.45,341.26,22.324,35.08
408.94,341.1,22.348,35.119
409.53,341.59,22.441,35.264
408.88,341.57,22.495,35.349
408.91,341.11,22.498,35.354
408.37,340.84,22.566,35.46
408.37,341.04,22.616,35.54
408.18,340.86,22.622,35.549
