13.5,302.5,105,110
36.069,298.06,104.43,109.4
55.688,295.35,104.14,109.1
72.802,291.57,104.02,108.98
90.474,289.83,102.04,106.9
105.54,285.91,103.23,108.15
120.8,283.71,102.51,107.39
131.91,280.78,102.1,106.96
146.94,276.42,102.18,107.04
164.35,274.12,102.2,107.07
171.77,275.05,100.11,104.87
181.31,271.1,97.618,102.27
194.3,268.68,97.524,102.17
207.62,266.94,99.454,104.19
216.77,264.73,99.018,103.73
224.01,226.34,98.082,102.75
229.35,182.24,97.024,101.64
237,136.66,96.784,101.39
241.61,100.09,96.269,100.85
251.13,91.784,94.589,99.094
260.98,137.04,93.478,97.929
254.9,144.29,94.25,98.739
252.58,168.25,95.75,100.31
296.53,173.74,97.217,101.85
283.71,213.81,97.554,102.2
285.36,177.24,97.388,102.03
288.07,128.42,98.192,102.87
291.23,82.272,97.86,102.52
297.33,79.028,98.167,102.84
294.71,56.451,98.671,103.37
293.17,98.913,100.78,105.58
293.88,139.46,100.92,105.73
293.71,168.26,102.13,106.99
318.89,191.27,102.04,106.89
320.53,148.17,104,108.96
322.03,118.15,103.72,108.66
324.96,54.79,104.5,109.47
327.37,70.741,103.83,108.77
330.96,117.87,104.21,109.17
333.26,158.85,104.47,109.45
350.35,111.88,104.39,109.36
349.95,96.93,104.52,109.5
369.3,84.142,104.62,109.6
394.13,84.523,104.4,109.37
406.88,81.118,104.66,109.64
405.46,93.905,104.12,109.08
398.76,93.644,103.75,108.69
376.27,81.759,104.2,109.16
373.13,121.31,104.52,109.49
373.92,162.27,104.95,109.94
400.93,211.79,105.13,110.13
446.63,186.43,104.96,109.96
448.97,145.34,104.08,109.03
447.19,100.88,104.57,109.55
445.46,100.14,104.59,109.58
403.99,142.34,104.95,109.95
393.66,184.08,105.33,110.34
391.43,224.59,106.31,111.37
395.32,228.45,106.44,111.51
392.15,184.55,106.46,111.53
389.94,150.9,106.81,111.89
388.86,102.32,108.11,113.26
384.78,62.468,107.83,112.96
378.13,92.168,107.48,112.59
377.76,136.55,106.75,111.83
370.43,113.54,107.2,112.31
373.05,160.33,107.62,112.74
373.04,202.11,107.93,113.07
373.85,168.06,108.33,113.49
374.7,128.27,109.21,114.41
367.09,87.456,109.76,114.99
371.17,76.083,110.64,115.91
367.36,36.356,110.64,115.91
368.95,82.216,110.55,115.81
8.7068,260.57,110.59,115.85
26.472,275.9,110.5,115.76
37.598,287.31,110.22,115.46
36.041,247.87,110.11,115.35
38.794,208.14,109.48,114.69
41.032,196.65,108.97,114.16
36.558,162.14,108.72,113.9
39.088,202.28,108.37,113.53
25.862,220.68,108.67,113.85
-0.1426,207.32,107.62,112.75
16.529,155.03,108,113.15
18.265,152.97,107.73,112.86
17.888,154.6,107.28,112.39
16.69,155.78,107.22,112.32
18.382,154.64,107.03,112.12
22.701,154.52,106.78,111.86
27.048,152.56,106.44,111.51
28.085,153.86,106.32,111.38
30.161,151.3,106.56,111.64
31.365,152.07,106.73,111.81
32.405,152.58,106.58,111.65
32.302,152.5,106.63,111.7
33.282,153.05,106.87,111.96
34.516,151.77,106.92,112.01
35.888,151.33,106.89,111.98
37.303,150.85,107.05,112.15
35.871,149.66,107.33,112.45
36.241,148.9,107.3,112.41
35.81,148.49,107.3,112.4
36.517,148.96,107.23,112.33
36.282,148.05,107.12,112.22
37.251,147.42,106.5,111.57
38.301,147.43,107.14,112.24
38.704,147.12,106.91,112
39.053,148.6,107.18,112.28
39.722,146.4,107.12,112.22
40.623,146.38,106.8,111.88
63.444,147.15,106.46,111.53
88.351,145.61,106.3,111.36
102.79,139.65,105.74,110.78
103.23,139.42,105.5,110.53
104.24,140.26,105.28,110.29
106.68,140.9,104.85,109.84
109.8,141.48,104.8,109.79
111.92,141.7,104.18,109.14
114.43,143.57,104.48,109.46
116.82,144.13,104.69,109.67
119.1,143.68,104.46,109.44
122.01,142.03,104.16,109.12
123.42,141.4,104.01,108.96
126.04,140.74,103.81,108.75
129.52,141.16,103.67,108.61
133.99,138.72,103.51,108.43
136.05,138.07,103.1,108
138.82,136.8,102.72,107.62
141.94,131.23,102.18,107.05
156.03,127.62,101.88,106.74
137.93,133.8,101.54,106.37
145.22,137.27,101.13,105.94
146.56,139.24,101.27,106.09
150.4,139.69,101.23,106.05
152.95,138.99,101.28,106.1
155.07,138.79,101.33,106.16
158.53,137.81,101.54,106.38
161.04,136.9,101.09,105.9
163.42,135.9,101.05,105.86
165.65,135.25,100.85,105.65
169.12,134.91,100.68,105.47
168.71,135.75,100.65,105.44
171.99,134.93,100.2,104.97
172.62,135.35,99.983,104.74
174.72,135.25,99.967,104.73
178.12,134.36,99.607,104.35
179.7,133.73,98.878,103.59
181.42,132.41,98.513,103.2
184.74,132.05,97.661,102.31
186.88,132.03,96.893,101.51
189.99,131.03,96.302,100.89
192.29,131.44,95.986,100.56
194.4,130.27,95.181,99.714
195.88,130.88,95.408,99.951
197.47,129.56,94.505,99.005
197.52,130.57,94.073,98.553
199.8,129.82,93.508,97.961
201.64,129.38,93.011,97.44
202.67,129.15,92.133,96.52
203.67,129.99,91.792,96.163
203.51,129.29,92.244,96.636
205.49,128.74,92.114,96.5
205.58,128.99,91.957,96.336
207.55,128.02,91.546,95.905
209.29,127.65,91.14,95.48
210,127.08,90.945,95.276
210.83,126.54,91.013,95.347
211.88,126.12,90.933,95.263
210.53,125.35,90.877,95.204
209.35,125.26,90.641,94.957
209.11,125.07,90.453,94.76
208.98,126.26,90.396,94.701
210.84,125.73,90.279,94.578
210.7,125.57,90.464,94.772
211.94,125.26,90.551,94.863
213.64,123.78,90.389,94.693
214.94,122.57,90.212,94.507
215.59,120.79,90.428,94.734
216.32,122.44,90.658,94.975
215.53,121.13,90.445,94.752
217.63,120.36,90.489,94.798
217.56,121.97,90.685,95.003
216.89,121.73,90.931,95.261
217.84,121.83,91.104,95.443
217.96,118.73,91.495,95.852
218.54,119.69,91.896,96.272
218.96,119.67,92.224,96.615
218.98,118.61,92.355,96.753
219.28,118.44,92.668,97.081
221.18,117.27,92.954,97.381
222.52,116.51,92.664,97.077
223.7,115.77,92.883,97.306
224.49,115.75,92.747,97.164
226,115.57,92.445,96.848
227.78,116.17,92.253,96.646
229.42,115.86,92.931,97.356
230.97,114.7,92.789,97.208
232.92,114.85,92.564,96.972
235.42,115.05,93.01,97.439
237.12,113.84,92.858,97.28
237.64,113.62,92.686,97.099
238.96,113.52,92.544,96.951
241.22,113.57,92.648,97.06
242.13,113.53,93.006,97.435
242.17,112.77,93.215,97.653
243.66,113.5,93.584,98.04
245.64,112.11,93.384,97.831
247.15,112.17,93.335,97.78
248.51,112.19,93.196,97.634
249.63,111.47,92.835,97.256
250.61,111.32,92.588,96.997
252.94,111.9,91.973,96.353
254.27,111.61,91.252,95.597
256.32,110.91,90.464,94.772
257.61,110.99,89.813,94.09
