376.5,313.5,45,44
374.87,315.5,45.467,44.457
372.91,316.2,46.896,45.854
368.45,319.92,45.813,44.795
365.56,318.74,45.452,44.441
373.24,324.14,45.435,44.425
374.04,322.8,45.639,44.625
372.67,318.27,45.577,44.564
373.65,314.61,45.588,44.575
373.84,314.14,44.554,43.564
373.66,314.46,44.477,43.489
372.52,314.21,45.381,44.372
374.04,313.87,45.773,44.755
372.76,315.15,46.065,45.041
370.81,316.03,46.242,45.215
369.24,315.46,46.734,45.696
369.67,314.49,47.083,46.036
368.69,315.59,47.134,46.086
367.56,315.83,47.175,46.126
367.9,315.11,47.387,46.334
369.62,314.6,47.793,46.731
370.81,313.76,47.57,46.513
370.75,313.44,47.55,46.494
370.55,314.34,47.219,46.169
371.51,314.35,47.686,46.626
368.45,316.29,48.288,47.215
369.6,315.37,48.938,47.85
371.11,313.89,48.59,47.51
372.34,314,47.745,46.684
372.4,314.2,47.289,46.238
372.4,314.49,47.315,46.263
372.31,314.67,47.572,46.515
371.49,313.75,48.198,47.127
372.01,313.41,48.824,47.739
372.7,312.45,48.924,47.837
372.6,313.96,48.9,47.813
373.35,316.53,49.531,48.43
371.8,317.4,49.298,48.202
371.23,317.43,48.871,47.785
371.97,318.26,48.978,47.889
372.6,318.65,48.666,47.585
373.12,319.34,48.658,47.577
373.24,319.35,48.73,47.647
373.18,319.02,48.896,47.81
372.26,318.8,48.999,47.91
372.84,318.04,48.364,47.29
373.42,318.23,48.218,47.147
373.68,318.59,48.308,47.235
373.77,318.65,48.93,47.843
373.73,317.16,48.691,47.609
373.86,316.14,48.744,47.661
373.44,316.32,49.104,48.013
373.08,315.92,49.46,48.361
373.12,316.71,49.369,48.272
373.42,316.86,49.61,48.508
373.08,316.98,50.025,48.913
373.59,317.44,49.968,48.858
373.56,317.03,50.216,49.1
374.07,316.65,49.97,48.859
373.88,316.19,49.785,48.679
374.06,317.28,49.736,48.631
374.59,318.07,49.336,48.24
374.49,317.86,49.382,48.285
374.49,317.62,49.459,48.36
374.84,317.87,49.24,48.146
375.1,318.47,49.059,47.969
375.17,317.98,49.011,47.922
374.91,318.76,48.889,47.803
374.41,319.56,49.187,48.094
374.03,319.46,49.601,48.499
374.16,319.22,49.515,48.414
373.84,318.77,49.424,48.326
374.18,319.01,49.589,48.487
374.54,318.65,49.424,48.326
374.44,318.76,49.45,48.351
374.38,318.84,49.488,48.388
373.87,318.45,49.626,48.523
373.72,318.73,49.923,48.814
373.58,318.76,50.162,49.048
373.42,318.41,50.237,49.121
373.39,319,50.012,48.901
373.26,319.03,49.771,48.665
373.51,319.09,49.929,48.819
373.56,318.84,49.861,48.753
373.43,318.64,50.17,49.055
373.06,319.21,50.021,48.91
372.96,319.38,49.878,48.77
372.63,320.42,49.864,48.756
372.69,320.3,49.899,48.79
372.71,320.31,49.872,48.764
373.05,320.34,49.653,48.55
372.95,320.3,49.573,48.472
372.89,320.21,49.705,48.6
372.65,320.33,49.638,48.535
372.52,320.36,49.605,48.503
372.77,320.34,49.06,47.97
372.68,320.12,49.049,47.959
372.3,319.46,49.215,48.121
372.65,319.63,48.804,47.72
372.63,319.55,49.29,48.195
372.47,319.31,49.202,48.109
372.18,319.02,49.329,48.232
372.16,318.99,49.313,48.217
372.3,319.09,49.206,48.113
372.13,319.04,49.209,48.115
372.1,319,49.124,48.033
372.06,318.92,49.101,48.01
372.02,318.79,49.045,47.955
371.87,318.53,48.704,47.622
372.13,318.71,48.479,47.402
372.05,318.74,48.475,47.398
372.1,318.68,48.423,47.347
372.05,318.67,48.355,47.281
372,318.6,48.365,47.291
371.87,318.47,48.44,47.363
371.82,318.39,48.476,47.399
371.74,318.38,48.517,47.439
371.31,317.91,48.553,47.474
371.25,317.81,48.522,47.443
371.35,317.87,48.136,47.066
371.17,317.82,48.535,47.457
370.97,317.52,48.455,47.378
371.19,317.74,48.329,47.255
371.34,317.9,48.227,47.155
370.87,317.53,48.298,47.225
371.12,317.72,48.317,47.243
371.03,317.75,48.26,47.188
370.95,317.76,48.228,47.156
370.52,317.54,48.203,47.132
370.4,317.5,48.248,47.176
370.38,317.51,48.199,47.127
370.32,317.44,48.245,47.173
370.33,317.53,48.168,47.098
370.31,317.55,48.151,47.081
370.19,317.59,48.166,47.095
370.09,317.6,48.172,47.102
370.06,317.43,48.101,47.033
370.11,317.1,47.687,46.628
370.47,317.24,47.607,46.549
370.56,317.26,47.021,45.976
370.88,317.56,46.798,45.758
370.85,317.53,47.287,46.237
370.73,317.79,47.169,46.121
369.87,317.63,47.283,46.232
369.57,317.9,47.457,46.402
369.56,317.97,47.599,46.541
369.38,317.6,47.617,46.559
369.42,317.4,47.632,46.573
369.05,317.62,47.524,46.468
369.01,318.28,47.279,46.229
368.81,318.78,47.474,46.419
368.83,318.9,47.507,46.452
368.67,318.95,47.619,46.56
368.31,318.6,47.715,46.655
368.97,318.43,47.57,46.512
369.34,318.51,46.814,45.774
369.45,319.13,46.919,45.876
369.37,319.38,47.063,46.017
369.17,319.4,46.671,45.634
368.86,319.72,47.021,45.976
369.09,320.23,47.1,46.053
368.82,320.25,46.787,45.747
368.81,320.48,47.111,46.064
368.74,320.53,46.654,45.617
368.91,320.76,46.27,45.242
369,320.91,46.499,45.466
368.96,320.85,46.571,45.536
368.89,320.79,46.104,45.079
368.88,320.87,45.814,44.796
368.97,321.09,45.713,44.697
368.74,320.94,45.483,44.472
369.14,321.25,45.497,44.486
369.11,321.25,45.511,44.499
368.57,321.01,46.086,45.062
368.13,320.68,46.01,44.987
368.82,321.03,45.843,44.824
368.76,320.99,45.794,44.776
368.12,320.32,46.235,45.207
368,319.8,45.984,44.962
368.35,320.05,45.843,44.824
367.97,319.75,46.122,45.097
367.34,319.03,46.498,45.464
367.72,319.07,46.623,45.587
367.3,318.62,46.967,45.924
367.26,318.78,47.141,46.093
367.68,318.83,46.352,45.322
368.07,318.68,47.239,46.189
368,318.47,46.756,45.717
368.05,318.33,46.765,45.726
367.73,318.11,47.004,45.96
366.52,317.93,47.486,46.431
366.04,317.86,47.509,46.453
366.56,317.84,47.455,46.4
366.85,318.22,47.146,46.099
366.83,318.95,47.009,45.965
367.11,319.48,46.742,45.703
366.85,319.2,47.082,46.036
366.5,318.5,46.811,45.771
366.79,318.71,47.055,46.01
367.28,318.91,47.232,46.182
361.28,317.81,46.368,45.338
364.14,318.41,45.838,44.819
365.41,318.63,45.521,44.509
364.87,319.01,46.035,45.012
364.97,319.05,46.558,45.523
365.14,318.53,46.767,45.727
365.13,318.48,47.341,46.289
365.08,318.38,47.555,46.499
364.85,317.89,47.112,46.065
364.96,317.82,46.938,45.895
365.48,318.17,46.923,45.88
365.33,317.98,47.085,46.038
364.73,317.31,46.94,45.897
365.12,317.65,47.07,46.024
364.55,317.34,46.913,45.871
364.87,317.61,47.074,46.027
364.5,317.28,46.819,45.779
364.79,317.6,46.871,45.829
364.82,317.68,46.663,45.626
364.15,317.08,46.714,45.676
364.25,316.82,46.655,45.618
364.27,316.77,46.68,45.643
364.38,316.84,46.278,45.249
364.49,317.27,46.227,45.2
364.34,317.12,46.121,45.096
376.03,313.49,46.165,45.139
374.57,311.1,46.427,45.395
372.48,309.7,46.743,45.705
369.42,307.11,47.02,45.975
366.61,305.63,47.342,46.29
377.65,311.64,47.316,46.265
375.8,308.47,47.732,46.671
374.61,308.65,47.349,46.296
374.24,305.38,47.511,46.455
374.27,302.28,47.166,46.118
377.07,303.99,47.07,46.024
379.86,306.22,47.091,46.044
380.97,306.69,46.987,45.943
382.44,307.17,46.935,45.892
383.69,307.46,47.299,46.248
384.74,307.32,47.567,46.51
385.44,307,47.392,46.338
387.23,307.31,47.595,46.537
388.73,306.16,47.483,46.428
389.7,305.43,47.488,46.433
389.37,305.61,47.394,46.341
389.27,306.09,47.2,46.151
388.5,306.2,47.239,46.19
388.02,306.36,47.162,46.114
387.36,306.39,47.372,46.319
387.25,306.86,47.378,46.326
386.59,306.97,47.621,46.563
385.68,306.64,47.562,46.505
385.27,306.61,47.668,46.609
385.13,307.05,47.551,46.494
384.65,307.23,47.263,46.213
384.44,307.64,47.311,46.26
384.39,308.07,47.263,46.213
383.71,307.92,47.398,46.345
383.65,308.38,47.292,46.241
383.16,308.52,47.516,46.46
382.56,308.35,47.6,46.543
382.11,308.31,47.488,46.433
382.08,308.76,47.256,46.206
381.61,308.9,47.343,46.29
381.61,309.43,47.312,46.261
381.31,309.67,47.179,46.131
380.58,309.5,47.035,45.99
380.58,310,47.115,46.068
380.09,310.08,47.169,46.121
380,310.37,47.073,46.027
379.99,310.68,46.994,45.95
380.28,311.22,46.989,45.945
380.22,311.51,47.09,46.044
380.17,311.56,47.03,45.984
380.58,312.04,46.989,45.945
380.66,312.38,47.056,46.01
380.57,312.25,47.166,46.118
380.76,312.42,47.25,46.2
381.18,312.85,47.193,46.144
381.36,313.03,47.223,46.173
381.55,313.33,47.241,46.191
381.94,313.52,47.216,46.166
382.13,313.71,47.224,46.174
382.44,313.86,47.262,46.212
382.63,314.03,47.314,46.263
383.17,314.56,47.308,46.256
383.37,314.68,47.421,46.367
383.44,314.59,47.455,46.4
383.64,314.78,47.508,46.453
383.87,315,47.544,46.487
383.89,314.89,47.643,46.584
383.87,314.81,47.825,46.762
384.58,315.25,47.939,46.873
384.69,315.07,47.971,46.905
384.93,315.04,47.95,46.884
385.25,314.92,47.976,46.91
385.59,314.83,47.973,46.907
385.73,314.65,48.031,46.964
385.24,314.45,48.028,46.961
384.82,314.75,47.868,46.804
384.76,315.59,47.873,46.809
384.31,316.03,47.745,46.684
383.38,316.12,47.88,46.816
382.96,316.68,47.853,46.789
382.25,317.01,47.859,46.796
381.44,317.07,48.05,46.982
380.27,316.84,47.95,46.884
379.58,317.2,47.954,46.889
378.72,317.23,48.002,46.936
375.15,316.92,47.809,46.747
372,316.47,47.763,46.702
368.45,315.46,47.708,46.648
365,314.59,47.593,46.536
364.73,314.3,47.51,46.454
364.95,314.58,47.394,46.341
365.23,314.87,47.185,46.136
364.83,314.5,46.952,45.909
365.27,315.03,46.79,45.751
365.05,314.8,46.679,45.642
364.74,314.53,46.715,45.677
364.6,314.45,46.859,45.817
365.05,314.93,46.818,45.777
365.02,314.96,46.786,45.746
364.73,314.72,46.725,45.686
364.69,314.7,46.708,45.67
364.36,314.47,46.839,45.798
364.78,314.99,46.815,45.775
364.8,315.03,46.768,45.729
364.48,314.75,46.666,45.629
364.23,314.61,46.518,45.485
364.46,314.93,46.438,45.406
364.59,315.15,46.515,45.481
364.34,314.96,46.439,45.407
364.5,315.25,46.428,45.397
364.49,315.31,46.414,45.382
364.48,315.55,46.455,45.422
364.61,315.72,46.379,45.349
364.63,315.89,46.347,45.317
364.62,315.98,46.296,45.267
364.38,315.8,46.221,45.194
364.18,315.7,46.122,45.097
364.09,315.68,46.192,45.165
364.11,315.72,46.143,45.118
364.03,315.66,46.26,45.232
364.26,315.83,46.304,45.275
364.29,315.86,46.303,45.274
364.29,315.85,46.319,45.289
364.39,315.96,46.595,45.56
363.95,315.5,46.559,45.524
363.99,315.5,46.533,45.499
364.24,315.83,46.487,45.454
364.44,315.98,46.545,45.511
364.2,315.7,46.654,45.617
363.95,315.41,46.656,45.619
363.94,315.42,46.661,45.624
363.93,315.41,46.676,45.639
363.99,315.43,46.626,45.59
364.03,315.44,46.601,45.566
363.99,315.41,46.65,45.613
363.96,315.38,46.659,45.623
363.98,315.34,46.668,45.631
364.03,315.34,46.607,45.571
364.06,315.33,46.602,45.566
364.04,315.31,46.63,45.594
364.07,315.29,46.59,45.555
364.07,315.31,46.617,45.581
364.05,315.28,46.65,45.613
364.01,315.22,46.733,45.695
364.23,315.4,46.802,45.762
364.57,315.72,46.722,45.683
364.27,315.42,46.793,45.754
364.25,315.37,46.859,45.818
364.48,315.54,46.951,45.907
364.41,315.46,47.136,46.089
364,315.06,46.984,45.94
364.24,315.28,47.033,45.988
364.24,315.24,47.089,46.042
363.91,314.91,47.251,46.201
364.05,315.01,47.46,46.405
364.1,315,47.507,46.451
364.11,315.03,47.487,46.431
364.13,315.09,47.431,46.377
364.16,315.08,47.372,46.319
364.39,315.26,47.383,46.33
364.43,315.27,47.396,46.343
364.46,315.3,47.356,46.304
364.47,315.28,47.358,46.305
364.45,315.27,47.385,46.332
364.46,315.29,47.359,46.307
364.49,315.29,47.375,46.322
364.37,315.31,47.389,46.336
364.38,315.27,47.216,46.167
364.12,315.02,47.331,46.279
364.29,315.21,47.744,46.683
364.09,315.13,48.166,47.095
363.57,315.5,47.733,46.672
362.49,315.48,47.202,46.153
359.2,315.35,46.353,45.323
350.96,317.86,46.776,45.736
346.01,317.51,46.268,45.24
341.79,316.29,46.027,45.004
333.11,304.61,46.133,45.107
327.84,305.15,46.059,45.035
323.72,308.38,46.418,45.387
319.7,319.63,46.39,45.359
318.91,315.38,46.296,45.267
329.09,304.87,46.213,45.186
364.65,316.01,46.319,45.289
365.52,316.12,46.449,45.417
365.17,316.05,46.597,45.561
364.68,315.55,46.604,45.568
364.81,315.66,46.272,45.244
364.84,315.76,46.522,45.488
364.78,315.77,46.766,45.726
364.6,315.58,46.889,45.847
364.71,315.75,47.128,46.081
364.3,315.28,47.114,46.067
364.25,315.29,47.105,46.058
364.23,315.28,47.149,46.101
364.21,315.25,47.233,46.183
364.36,315.33,47.408,46.354
364.65,315.59,47.453,46.399
364.44,315.43,47.448,46.394
364.44,315.41,47.465,46.41
364.49,315.43,47.465,46.41
364.5,315.43,47.46,46.405
364.48,315.38,47.505,46.449
364.45,315.37,47.573,46.516
364.26,315.16,47.425,46.371
364.51,315.43,47.441,46.387
364.5,315.41,47.458,46.403
364.46,315.43,47.485,46.43
364.48,315.43,47.506,46.451
364.47,315.43,47.524,46.468
364.4,315.41,47.633,46.574
364.17,315.16,47.539,46.482
364.16,315.25,47.419,46.365
364.62,315.65,47.444,46.39
364.42,315.47,47.464,46.41
364.42,315.48,47.495,46.44
364.41,315.47,47.517,46.461
364.38,315.44,47.649,46.59
364.17,315.29,47.445,46.39
364.39,315.52,47.502,46.447
364.39,315.55,47.532,46.475
364.05,315.32,47.618,46.559
363.95,315.32,47.653,46.594
364.16,315.45,47.689,46.63
364.19,315.46,47.755,46.694
364.18,315.43,47.779,46.717
364.45,315.73,47.767,46.706
364.12,315.6,47.736,46.675
364.13,315.5,47.684,46.624
364.17,315.52,47.655,46.596
364.16,315.57,47.615,46.557
363.94,315.42,47.606,46.548
363.98,315.43,47.617,46.559
364.03,315.47,47.532,46.476
364.01,315.5,47.497,46.441
364.32,315.85,47.396,46.343
364.54,316.23,47.392,46.339
364.53,316.3,47.478,46.423
364.41,316.35,47.289,46.238
364.77,316.74,47.002,45.958
364.62,316.79,46.828,45.788
364.94,317.21,46.563,45.528
364.37,316.84,46.638,45.602
364.27,316.8,46.714,45.676
364.28,316.83,46.671,45.634
364.22,316.81,46.737,45.698
364.41,316.95,46.787,45.747
364.4,316.99,46.799,45.759
364.77,317.5,46.643,45.607
364.24,317.18,46.747,45.708
364.35,317.3,46.848,45.807
364.65,317.56,46.824,45.783
364.64,317.43,46.889,45.847
364.55,317.24,46.944,45.901
364.52,316.95,46.98,45.936
364.12,316.17,47.432,46.378
364.08,315.97,47.431,46.377
363.99,315.73,47.569,46.511
363.92,315.33,47.238,46.188
364.07,315.38,47.212,46.163
364.01,315.14,47.306,46.255
364.29,315.14,47.313,46.262
364.22,314.9,47.471,46.416
363.99,314.6,47.519,46.463
363.93,314.34,47.619,46.561
363.68,313.92,47.587,46.53
363.65,313.64,47.589,46.532
363.77,313.31,47.335,46.283
363.99,313.21,47.723,46.663
363.7,312.27,47.924,46.859
363.8,311.89,47.834,46.771
364.07,311.83,47.716,46.655
363.79,311.15,47.746,46.685
363.76,310.79,47.792,46.73
364.01,310.94,47.805,46.743
363.98,310.79,47.885,46.821
363.95,310.59,48.047,46.979
363.71,310.07,47.77,46.708
364.09,310.36,47.933,46.868
363.83,310.05,48.125,47.056
363.83,309.98,47.834,46.771
363.94,310.04,48.109,47.04
363.52,309.59,47.971,46.905
363.74,309.76,47.991,46.924
363.72,309.63,48.032,46.964
363.49,309.28,47.931,46.866
363.7,309.35,48.071,47.003
363.78,309.16,47.408,46.354
364.15,309.53,47.433,46.379
363.91,309.3,47.477,46.422
363.95,309.2,47.395,46.342
364.19,309.29,47.336,46.284
364.21,309.25,47.229,46.179
363.96,308.85,47.239,46.189
363.88,308.61,47.308,46.257
364.09,308.81,47.394,46.341
364.11,308.77,47.375,46.323
364.12,308.8,47.38,46.328
364.11,308.85,47.415,46.361
364.12,309.05,47.343,46.291
364.2,309.16,47.236,46.186
363.93,309,47.19,46.141
363.95,309.07,47.146,46.098
363.75,309.14,47.039,45.994
363.98,309.47,47.186,46.137
363.7,309.38,47.13,46.083
363.78,309.51,46.922,45.879
364.14,309.95,47.041,45.995
363.83,309.71,46.667,45.63
363.89,309.88,46.412,45.38
364.22,310.2,46.642,45.606
363.81,309.9,46.446,45.414
364.28,310.23,46.432,45.4
364.25,310.22,46.432,45.4
364.21,310.19,46.458,45.426
364.18,310.14,46.449,45.416
364.13,310.07,46.503,45.47
363.87,309.85,46.467,45.435
364.02,309.86,46.47,45.437
363.99,309.75,46.507,45.474
363.77,309.45,46.554,45.519
363.41,308.92,46.704,45.666
363.37,308.58,46.639,45.603
363.3,308.43,46.675,45.638
363.2,308.29,46.707,45.669
363.16,308.11,46.84,45.799
363.62,308.45,46.918,45.876
363.59,308.27,46.976,45.932
363.35,307.91,47.062,46.016
363.16,307.59,46.784,45.744
363.25,307.6,46.958,45.914
363.22,307.51,47.107,46.06
363.06,307.32,46.831,45.79
363.49,307.68,46.925,45.882
363.51,307.62,46.906,45.864
363.5,307.63,46.9,45.858
363.45,307.52,46.981,45.937
363.19,307.31,46.998,45.954
363.19,307.28,46.997,45.953
363.18,307.21,47.009,45.965
363.22,307.19,46.94,45.897
363.48,307.36,46.828,45.787
363.54,307.29,46.741,45.702
363.3,306.97,46.737,45.698
363.22,306.67,46.798,45.758
363.39,306.7,46.872,45.83
363.3,306.46,46.908,45.866
363.1,306.25,46.988,45.944
362.79,305.94,46.847,45.806
363.01,305.94,46.748,45.71
362.81,305.73,46.622,45.586
362.51,305.6,46.545,45.511
362.65,305.83,46.512,45.478
362.68,305.86,46.412,45.38
362.96,306.02,46.287,45.259
362.84,305.83,46.147,45.122
362.46,305.6,46.237,45.209
362.47,305.67,46.123,45.098
362.52,305.68,46.064,45.04
362.72,305.93,46.066,45.042
362.69,305.91,46.121,45.096
362.53,305.77,45.88,44.86
362.76,305.94,46.311,45.282
362.68,305.83,46.497,45.464
362.45,305.67,46.443,45.411
362.72,305.89,46.451,45.419
362.66,305.88,46.556,45.521
362.2,305.61,46.392,45.361
362.62,305.97,46.492,45.459
362.36,305.78,46.508,45.475
362.31,305.79,46.537,45.502
362.26,305.78,46.595,45.56
362.11,305.63,46.453,45.421
362.49,306,46.55,45.516
362.22,305.78,46.623,45.587
362.07,305.64,46.443,45.411
362.49,306.06,46.465,45.432
362.39,306.05,46.553,45.519
362.19,305.84,46.563,45.529
362.07,305.7,46.359,45.328
362.51,306.06,46.425,45.393
362.5,305.96,46.454,45.422
362.47,305.85,46.543,45.508
362.25,305.62,46.549,45.515
362.27,305.6,46.507,45.474
362.32,305.62,46.403,45.372
362.68,305.81,46.193,45.167
362.27,305.37,46.023,45.001
362.47,305.26,46.147,45.121
362.24,304.99,46.197,45.17
359.56,304.96,46.222,45.195
356.7,304.94,46.236,45.209
353.71,304.94,46.079,45.055
350.85,304.97,45.982,44.96
348.67,305.34,45.983,44.962
345.83,305.21,46.07,45.046
342.57,304.83,45.87,44.851
363.63,305.25,46.268,45.24
363.1,303.3,46.232,45.204
361.06,301.54,45.921,44.9
359.16,300.34,46.137,45.112
357.65,297.74,45.845,44.826
372.83,298.17,46.051,45.027
373.96,296.46,46.021,44.998
373.71,294.9,46.315,45.286
372.9,292.98,46.454,45.422
368.94,292.84,46.558,45.524
377.4,292.52,46.223,45.195
382.49,292.57,46.113,45.089
384.69,294.07,46.147,45.121
386.48,296.06,46.19,45.164
388.32,297.95,46.073,45.049
390.22,299.69,46.112,45.087
392.57,301.31,46.062,45.039
395.5,300.82,46.04,45.017
397.02,298.69,46.031,45.008
396.91,296.67,46.024,45.002
396.46,296.63,46.061,45.037
396.07,296.51,46.118,45.093
395.41,296.08,46.238,45.211
394.92,295.81,46.425,45.394
394.94,296.11,46.562,45.528
394.33,295.83,46.082,45.058
393.9,295.83,45.984,44.962
393.83,296.08,46.183,45.156
392.97,295.63,46.161,45.135
392.67,295.65,45.982,44.961
392.59,295.93,46.193,45.166
391.81,295.59,46,44.978
391.98,296.08,45.763,44.746
391.15,295.81,45.53,44.518
391.32,296.32,45.284,44.277
390.47,295.96,45.17,44.166
389.92,295.79,45.402,44.393
390.13,296.15,45.204,44.199
389.09,295.83,45.353,44.345
389.25,296.34,45.162,44.159
388.29,295.87,45.307,44.3
387.88,295.9,45.226,44.221
387.43,295.88,45.275,44.269
387.12,295.98,45.097,44.095
386.66,295.98,45.124,44.122
386.19,295.94,45.251,44.245
385.7,295.95,45.291,44.285
385.29,296.02,45.282,44.275
384.95,296.12,45.096,44.093
384.6,296.25,45.037,44.036
384.52,296.57,45.414,44.404
384.18,296.6,45.464,44.454
383.71,296.62,45.597,44.584
382.91,296.28,45.58,44.567
382.39,296.84,45.586,44.572
381.4,297.09,45.554,44.542
381.21,297.92,45.577,44.564
380.23,298.22,45.709,44.694
379.4,298.32,45.783,44.765
378.93,298.73,45.743,44.726
378.32,299.24,45.873,44.854
378.44,300.12,45.753,44.736
377.55,300.16,45.872,44.853
377.91,301.4,45.399,44.39
377.88,302.04,45.307,44.3
376.14,302.27,45.508,44.497
376.52,302.39,45.357,44.349
357.95,306.79,45.4,44.391
372.16,303.04,44.879,43.882
371.2,305.4,45.27,44.264
373.41,304.94,45.369,44.361
374.86,304.89,45.556,44.544
375.45,304.36,45.734,44.717
375.63,304.11,45.844,44.825
376.57,304.82,45.741,44.725
376.4,304.76,45.656,44.642
376.88,304.8,45.633,44.619
377.23,304.89,45.529,44.517
377.85,305.04,45.966,44.945
378.13,304.85,46.379,45.349
378.74,304.95,46.089,45.065
378.58,304.56,46.025,45.002
379.24,304.82,46.012,44.989
379.85,304.99,45.995,44.973
380.23,304.94,46.034,45.011
380.38,304.81,46.025,45.002
380.7,304.78,46.089,45.065
380.72,304.4,46.218,45.191
381.01,304.1,46.429,45.397
381.98,304.56,46.344,45.314
382.24,304.55,46.541,45.507
382.33,304.35,46.578,45.543
382.43,304.02,46.569,45.534
382.8,303.8,46.639,45.602
383.04,303.62,46.803,45.763
383.44,303.89,46.905,45.862
383.01,303.72,47.117,46.07
382.47,303.44,46.566,45.531
382.19,303.6,46.26,45.232
382.15,303.8,46.166,45.141
381.57,303.64,46.049,45.025
381.54,303.88,45.989,44.967
381.23,303.85,46.338,45.309
381.04,303.84,46.213,45.186
380.19,303.4,46.147,45.122
379.9,303.26,46.112,45.087
379.55,303.26,46.025,45.002
379.46,303.46,46.005,44.983
379.41,303.69,45.895,44.875
379.14,303.82,45.767,44.75
378.25,303.32,45.793,44.775
378.14,303.34,45.752,44.736
377.73,303.29,45.421,44.411
377.75,303.6,45.597,44.583
377.11,303.28,45.297,44.29
376.8,303.35,45.078,44.076
376.85,303.65,45.249,44.244
376.05,303.21,45.239,44.233
375.73,303.22,45.074,44.072
375.84,303.61,45.18,44.176
375.02,303.14,45.228,44.223
374.61,303.06,45.284,44.278
374.37,303.08,45.157,44.153
373.96,303.03,45.198,44.194
373.73,303.06,45.024,44.023
373.9,303.45,44.992,43.992
373.44,303.29,45.229,44.224
372.6,302.86,45.217,44.212
372.31,302.65,45.197,44.192
371.91,302.61,45.195,44.191
371.6,302.58,45.186,44.182
371.21,302.53,45.201,44.197
370.84,302.52,45.173,44.169
370.51,302.49,45.148,44.144
370.2,302.46,45.111,44.109
369.8,302.43,45.088,44.086
369.91,302.73,45.281,44.274
369.07,302.28,45.269,44.263
368.65,302.2,45.395,44.387
368.76,302.59,45.432,44.423
368.46,302.55,45.416,44.406
368.13,302.5,45.44,44.43
367.75,302.45,45.434,44.424
367.39,302.44,45.431,44.422
367.08,302.47,45.362,44.354
366.59,302.36,45.452,44.442
366.23,302.32,45.411,44.402
366.13,302.28,45.459,44.449
366.2,302.3,45.353,44.345
366.26,302.37,45.241,44.235
365.76,302.19,44.991,43.991
366.14,302.48,45.033,44.033
366.11,302.47,44.666,43.673
365.36,302.29,44.055,43.076
363.46,302.94,43.598,42.629
359.54,303.33,43.409,42.444
351.8,305.43,43.553,42.585
