555.5,288.5,69,142
556.84,288.72,68.807,141.6
551.61,288.55,68.703,141.39
546.08,287.52,68.549,141.07
538.96,282.66,69.381,142.78
534.62,280.67,69.105,142.22
529.04,280.82,69.171,142.35
524.3,281.07,68.118,140.19
519.13,279.66,68.077,140.1
512.19,274.41,68.137,140.22
506.14,273.16,67.745,139.42
499.27,273.13,67.759,139.45
489.94,271.05,68.416,140.8
482.99,268.6,68.238,140.43
474.82,264.87,68.226,140.41
470.51,264.07,67.979,139.9
462.4,263.18,67.694,139.31
455.33,261.57,67.672,139.27
448.54,258.42,67.845,139.62
442.86,258.48,67.666,139.26
435.54,259.18,67.641,139.2
427.25,260.39,67.235,138.37
421.6,257.95,66.801,137.47
416.57,256,66.799,137.47
410.44,258.7,65.704,135.22
404.04,259.04,64.766,133.29
399.55,257.9,64.652,133.05
394.83,252.85,64.825,133.41
390.2,252.54,64.902,133.57
384.59,253.79,64.449,132.63
376.21,253.02,63.598,130.88
366.86,251.39,63.689,131.07
361.99,249.62,63.853,131.41
355.77,250.09,63.8,131.3
351.65,251.12,63.402,130.48
347.25,250.16,62.383,128.38
342.75,245.91,61.486,126.54
337.79,245.79,60.923,125.38
333.45,246.15,60.433,124.37
329.54,245.39,60.466,124.44
324.78,243.88,60.278,124.05
321.32,241.39,60.242,123.98
317.47,240.22,59.976,123.43
314.65,240.85,59.347,122.13
311.35,241.55,59.396,122.23
306.8,238.66,58.942,121.3
302.77,236.77,58.874,121.16
299.38,238.04,58.446,120.28
294.91,238.29,58.414,120.21
289.63,236.55,58.092,119.55
285.27,234.4,58.092,119.55
282.49,233.38,57.989,119.34
279.48,233.72,57.77,118.89
278.07,234.16,57.394,118.12
274.63,231.34,57.023,117.35
272.88,228.26,56.961,117.22
269.99,227.88,56.794,116.88
266.33,228.88,56.573,116.43
262.4,227.45,56.382,116.03
258.29,224.3,56.48,116.23
256.96,223.36,56.365,116
254.81,223.04,55.784,114.8
251.38,223.76,55.403,114.02
247.9,222.43,55.102,113.4
245.49,219.42,54.712,112.6
243.37,218.77,54.658,112.49
240.22,219.1,54.597,112.36
236.78,219.08,54.668,112.5
233.34,216.6,54.737,112.65
230.15,214.38,54.418,111.99
227.73,214.73,54.118,111.37
225.33,215,53.9,110.92
222.98,214.53,53.73,110.58
220.32,212.03,53.687,110.49
217.32,210.31,53.449,110
213.32,210.75,53.174,109.43
208.79,210.54,53.106,109.29
204.57,208.18,53.228,109.54
201.51,205.72,53.507,110.12
198.83,205.37,53.279,109.65
197.41,206.73,52.819,108.7
194.81,206.29,52.829,108.72
191.81,204.61,52.811,108.68
189.19,202.56,52.661,108.38
186.97,202.94,52.487,108.02
183.81,203.18,52.27,107.57
180.07,201.96,52.266,107.56
177.29,199.68,52.643,108.34
174.96,198.72,52.435,107.91
173.58,199.72,52.134,107.29
172.36,200.34,51.642,106.28
170.91,199.28,51.366,105.71
169.96,197.25,51.399,105.78
168.52,194.96,51.16,105.28
167.09,195.35,51.076,105.11
165.47,196.57,50.807,104.56
163.5,194.58,50.735,104.41
161.42,192.34,50.884,104.72
159.28,190.73,50.684,104.31
158.17,191.63,50.467,103.86
157.17,192.22,50.277,103.47
155.82,190.84,49.876,102.64
155.63,188.51,49.609,102.09
154.02,187.38,49.327,101.51
153.43,187.92,49.431,101.73
152.17,188.55,49.734,102.35
150.33,186.95,49.556,101.98
149.44,184.75,49.531,101.93
148.6,184.78,49.055,100.95
148.09,185.41,48.525,99.864
148.09,186.6,48.171,99.135
148.54,185.27,47.944,98.667
148.58,182.87,47.358,97.461
148.22,183.24,46.829,96.373
147.36,183.91,46.747,96.204
146.42,183.28,46.738,96.185
145.16,181.06,46.796,96.305
144.48,179.96,46.691,96.088
144.96,180.56,46.392,95.473
144.77,181.29,46.418,95.527
145.39,180.03,46.425,95.541
145.21,178.09,46.38,95.449
145.42,176.78,46.456,95.606
145.24,177.42,46.084,94.839
145.63,177.59,46.006,94.679
160.13,176.33,45.892,94.445
187.44,173.38,45.61,93.865
210.5,172.34,45.704,94.058
230.88,174.88,45.547,93.734
232.23,173.82,45.409,93.45
234.4,173.5,45.071,92.755
234.82,170.88,44.759,92.113
235.9,170.32,44.695,91.981
236.59,170.36,44.786,92.168
236.54,169.34,44.923,92.451
235.56,167.22,44.947,92.5
235.91,166.84,44.86,92.321
237.63,165.94,44.767,92.129
237.62,166.97,44.533,91.648
237.68,166.23,44.24,91.044
237.93,165.06,43.902,90.348
238.14,164.22,43.587,89.7
237.51,165.06,43.514,89.55
236.62,164.83,43.251,89.01
235.13,163.24,43.169,88.841
234.77,161.51,42.996,88.485
235.31,162.21,42.949,88.387
236.01,162.82,42.631,87.734
236.73,162.6,42.326,87.106
237.93,160.96,42.158,86.759
239.09,159.61,42.162,86.767
239.02,160.27,42.201,86.849
240.08,160.04,42.195,86.835
240.52,158.92,42.074,86.588
241.03,157.31,42.133,86.708
241.98,156.53,41.989,86.412
243.11,156.78,41.863,86.153
244.55,156.63,41.532,85.472
245.84,155.24,41.557,85.523
246.7,153.88,41.607,85.625
246.33,153.88,41.567,85.543
246.45,153.43,41.483,85.372
246.48,150.86,41.743,85.906
246.51,149.27,41.97,86.372
247.22,149.09,42.168,86.781
249.03,149.19,42.373,87.202
250.02,148.47,42.237,86.923
251.03,146.39,42.153,86.749
252,147.79,42.291,87.034
253.34,148.5,42.182,86.81
255.79,147.53,42.088,86.617
257.29,145.36,42.078,86.595
259.06,144.08,41.901,86.231
260.29,143.64,41.819,86.062
263.04,143.88,41.803,86.029
264.3,143.82,41.705,85.828
265.41,142.31,41.588,85.586
266.16,140.16,41.379,85.157
266.97,140.59,41.121,84.626
267.59,141.57,41.015,84.407
267.29,141.21,40.761,83.885
267.32,140.09,40.66,83.678
267.64,139.35,40.519,83.387
269.14,140.48,40.384,83.108
270.02,140.2,40.123,82.572
271.43,139.68,40.149,82.626
273.32,137.7,40.248,82.83
274.22,138.09,40.236,82.804
275.02,139.12,39.972,82.262
275.73,138.42,39.69,81.681
276.19,137.21,39.584,81.462
277.37,136.23,39.548,81.388
278.52,136.54,39.477,81.242
279.45,136.59,39.243,80.761
280.82,135.83,39.003,80.266
281.76,134.16,38.651,79.542
282.94,133.87,38.479,79.19
283.21,133.67,38.338,78.898
284.15,134.32,38.322,78.866
284.54,133.12,38.417,79.061
284.43,131.08,38.408,79.043
284.99,131.58,38.356,78.935
286.46,132.65,38.441,79.11
286.7,132.47,38.392,79.009
287.96,131.58,38.241,78.699
289.15,130.53,38.253,78.723
289.53,130.27,38.408,79.042
290.19,130.28,38.262,78.742
291.32,130.28,38.256,78.729
291.48,128.68,38.287,78.794
291.72,127.9,38.286,78.792
292.66,128.28,38.413,79.052
292.82,127.85,38.287,78.793
294.41,127.63,38.307,78.834
295.17,125.48,38.234,78.685
296.11,124.39,38.001,78.206
296.25,124.56,37.892,77.981
295.93,124.3,37.842,77.877
295.56,122.83,37.566,77.309
295.54,121.2,37.452,77.075
295.08,120.22,37.204,76.564
295.3,121.43,37.182,76.52
294.96,121.14,36.981,76.105
295.07,120.7,36.726,75.581
294.81,118.57,36.521,75.16
293.66,117.59,36.332,74.77
293.2,118.44,36.29,74.683
291.87,118.03,36.303,74.71
290.58,116.51,36.219,74.538
289.5,115.75,36.184,74.466
289.54,116.15,36.079,74.25
289.6,116.76,36.011,74.111
289.08,116.85,35.873,73.825
288.32,115.59,35.647,73.36
288.07,114.37,35.683,73.435
287.45,114.22,35.67,73.408
286.37,114.89,35.755,73.582
285.16,114.64,35.656,73.379
284.05,113.59,35.536,73.133
283.22,112.62,35.429,72.911
283.45,113.45,35.43,72.914
282.89,113.97,35.359,72.767
282.56,113.41,35.176,72.391
281.66,112.51,34.885,71.792
281.23,111.66,34.771,71.557
281.23,111.75,34.839,71.698
280.13,112.39,34.882,71.786
278.89,112.62,34.899,71.82
277.78,111.65,34.679,71.367
276.91,110.61,34.539,71.081
276.48,110.56,34.439,70.875
276.16,111.18,34.345,70.68
275.17,111.2,34.4,70.794
275.17,110.71,34.126,70.229
274.59,109.59,33.845,69.652
274.2,110.4,33.654,69.259
272.91,110.93,33.611,69.17
271.68,110.59,33.45,68.839
270.56,109.36,33.376,68.687
270.15,108.36,33.263,68.454
270.04,108.51,33.21,68.345
270.45,109.57,33.144,68.209
270.42,109.18,32.936,67.781
270.21,107.09,32.684,67.264
270.84,105.8,32.553,66.992
270.15,105.79,32.856,67.617
269.67,105.93,33.101,68.121
269.49,104.68,33.293,68.515
269.06,103.11,33.406,68.749
269.6,103.4,33.697,69.347
269.93,103.67,33.682,69.316
270.28,103.79,33.577,69.101
270.47,102.08,33.696,69.345
271.02,101.43,33.74,69.435
271.69,101.71,33.718,69.39
271.54,102.56,34.006,69.983
271.73,102.38,33.859,69.682
271.73,100.93,33.592,69.131
271.97,100.25,33.596,69.14
272.06,100.46,33.539,69.023
273.12,101.07,33.643,69.237
273.45,100.96,33.674,69.3
273.19,98.928,33.628,69.206
273.36,98.442,33.515,68.973
273.57,99.331,33.558,69.061
273.96,99.862,33.411,68.759
273.93,98.976,33.624,69.196
273.73,97.266,33.572,69.089
273.57,98.115,33.68,69.312
274.06,99.426,33.448,68.835
274.63,99.827,33.309,68.549
275.06,98.183,33.39,68.715
275.16,97.18,33.557,69.06
275.07,96.863,33.501,68.945
275.08,97.96,33.705,69.364
274.71,97.569,33.507,68.956
274.72,96.734,33.493,68.928
274.67,95.95,33.643,69.236
274.7,96.47,33.587,69.12
275.09,96.921,33.417,68.771
276.18,96.165,33.423,68.784
275.7,94.925,33.646,69.242
275.96,94.402,33.652,69.255
275.55,94.837,33.769,69.496
275.94,95.16,33.805,69.57
275.64,94.33,33.831,69.623
274.91,93.357,33.78,69.519
274.69,93.632,33.938,69.844
274.61,94.109,33.811,69.581
275.06,94.227,33.662,69.276
274.61,93.117,33.414,68.766
274.92,92.167,33.058,68.032
274.2,92.592,32.921,67.751
273.55,92.635,32.948,67.806
272.68,92.617,32.8,67.502
272.14,91.578,32.74,67.377
270.96,91.225,32.714,67.325
271.41,91.991,32.533,66.952
271.68,92.696,32.465,66.813
271.32,92.119,32.402,66.682
270.83,90.412,32.334,66.542
270.82,90.02,32.312,66.497
270.29,90.347,32.388,66.653
270.28,91.253,32.535,66.957
269.64,90.762,32.53,66.947
269.54,89.866,32.514,66.913
269.51,89.996,32.536,66.958
269.28,90.551,32.457,66.796
269.62,90.508,32.57,67.029
269.04,89.489,32.457,66.795
268.79,89.126,32.286,66.443
268.39,88.337,32.263,66.397
268.51,89.263,32.172,66.209
267.6,89.435,32.037,65.932
266.66,88.095,32.09,66.04
266.64,86.939,31.957,65.766
266.5,87.43,31.802,65.448
267.42,88.657,31.674,65.185
267.18,87.886,31.36,64.538
266.97,86.857,31.252,64.315
267.33,86.394,30.968,63.73
267.38,86.77,30.963,63.721
267.01,87.105,30.879,63.548
267.24,86.525,30.789,63.364
266.44,85.614,30.682,63.142
266.02,85.232,30.613,63.001
266.4,85.958,30.684,63.147
265.87,86.054,30.625,63.024
266.01,85.288,30.587,62.948
265.82,84.451,30.657,63.09
265.2,83.896,30.754,63.29
264.28,83.892,30.75,63.283
263.19,83.868,30.702,63.184
262.59,82.335,30.717,63.214
262.29,81.794,30.739,63.26
261.44,82.546,30.82,63.426
261.63,83.023,30.758,63.3
261.2,81.24,30.718,63.217
261.26,80.105,30.831,63.449
260.64,80.728,30.872,63.534
260.65,81.114,30.841,63.47
260.22,80.899,30.795,63.376
259.2,79.39,30.812,63.411
258.89,79.305,30.903,63.597
259.5,79.62,30.933,63.659
259.45,79.4,30.903,63.598
260.02,78.27,30.816,63.419
259.46,77.147,30.859,63.507
259.9,77.032,30.84,63.467
259.89,77.393,30.879,63.548
259.86,76.711,31.001,63.8
259.27,75.175,31.003,63.803
259.87,74.653,30.918,63.628
260.32,74.862,31.013,63.824
260.77,74.626,31.095,63.993
261.55,74.397,31.016,63.829
261.43,72.982,31.066,63.933
261.68,73.436,31.014,63.825
261.49,73.745,31.165,64.137
261.14,74.06,31.087,63.976
260.41,73.26,31.13,64.064
260.1,72.775,31.008,63.813
259.7,72.002,30.983,63.762
260.26,72.762,31.087,63.977
259.92,72.8,31.084,63.969
259.15,71.651,31.106,64.015
258.97,71.599,30.987,63.771
258.65,71.865,30.993,63.782
257.49,72.124,31.054,63.908
256.46,71.926,31.09,63.982
256.08,71.224,30.927,63.648
256.11,71.673,30.942,63.677
255.61,71.909,30.695,63.17
255.15,71.667,30.613,63
255.4,70.994,30.662,63.102
254.91,70.081,30.586,62.945
255.34,70.892,30.508,62.786
254.04,70.593,30.518,62.805
253.73,70.721,30.446,62.656
252.81,69.56,30.409,62.58
252.49,69.268,30.454,62.674
252.67,70.267,30.406,62.574
252.81,70.447,30.307,62.372
253.83,70.913,30.306,62.368
254.03,70.357,30.221,62.194
253.78,70.084,30.188,62.127
254.02,70.184,30.021,61.782
254.38,70.572,29.997,61.734
254.26,69.745,29.82,61.368
254.04,69.332,29.677,61.075
255.45,70.106,29.685,61.091
255.54,70.04,29.597,60.91
256.31,69.817,29.662,61.044
256.46,68.719,29.606,60.928
256.59,69.334,29.685,61.09
256.26,69.221,29.735,61.195
255.51,67.956,29.72,61.163
255.91,66.908,29.862,61.456
256.51,67.551,29.807,61.343
257.01,67.715,29.708,61.138
258.35,68.091,29.6,60.917
259.07,67.979,29.608,60.932
259.93,66.818,29.466,60.641
260.37,66.52,29.367,60.436
260.96,67.351,29.466,60.64
261.4,66.706,29.334,60.368
262.18,66.318,29.445,60.597
262.66,65.539,29.513,60.737
263.49,66.055,29.476,60.662
264.41,66.448,29.349,60.4
265.94,66.503,29.461,60.631
266.33,64.77,29.294,60.286
267.6,64.992,29.28,60.257
268.17,65.251,29.191,60.074
268.16,65.003,29.148,59.987
269.15,64.557,28.996,59.672
270.24,64.407,28.958,59.594
271.26,65.308,29.055,59.794
271.65,64.991,29.078,59.842
272.42,63.761,29.055,59.795
273.48,62.977,28.996,59.673
274.19,63.286,28.995,59.671
274.21,63.629,29.081,59.847
273.74,63.178,28.956,59.591
274.72,63.467,29.013,59.709
274.94,62.648,28.92,59.516
275.38,63.05,28.954,59.587
275.99,63.302,29.031,59.744
276.9,62.642,29.133,59.955
277.27,61.59,29.058,59.8
278.67,61.157,29.036,59.756
278.83,61.694,28.963,59.605
279.52,62.048,28.958,59.595
279.98,62.03,29.004,59.688
280.44,60.558,29.109,59.906
280.49,60.306,29.072,59.83
281.66,60.477,29.02,59.723
282.74,61.121,28.931,59.539
283.91,60.876,28.939,59.556
284.68,59.529,28.904,59.483
300.29,59.406,28.863,59.398
315.4,57.585,28.769,59.206
343.69,59.439,28.912,59.5
357.68,57.018,28.794,59.257
358.39,55.906,28.59,58.837
359.02,55.561,28.479,58.608
359.08,56.204,28.354,58.351
360.24,56.632,28.25,58.137
359.63,55.171,28.221,58.077
359.56,54.837,28.146,57.923
359.48,55.443,28.096,57.82
359.55,55.999,28.099,57.827
358.93,55.623,28.131,57.893
358.76,55.491,28.105,57.84
359.29,55.686,28.128,57.887
358.9,55.619,28.158,57.949
358.73,55.434,28.14,57.911
359.01,54.95,28.177,57.987
358.7,54.982,28.184,58.001
358.95,55.016,28.191,58.017
359.19,55.541,28.104,57.836
359.6,55.518,28.063,57.752
359.51,55.807,28.122,57.874
359.1,55.638,28.193,58.019
359.13,56.096,28.207,58.05
359.4,56.101,28.228,58.093
362.46,53.801,28.022,57.668
362.81,53.276,27.988,57.598
363.51,52.943,28.067,57.761
364.38,53.251,28.013,57.65
364.47,53.425,27.973,57.568
364.77,52.941,28.054,57.734
