50.5,288.5,94,109
65.416,284.11,93.603,108.54
47.673,286.82,93.686,108.64
62.01,290.31,96.868,112.33
46.717,281.33,95.643,110.91
47.187,282.81,94.362,109.42
46.776,281.1,93.414,108.32
43.229,280.49,92.73,107.53
40.233,280.65,92.486,107.24
42.901,280.27,91.834,106.49
43.506,279.85,91.831,106.48
43.1,280.12,91.3,105.87
43.159,279.85,92.097,106.79
43.882,279.53,92.016,106.7
43.92,279.24,92.542,107.31
43.963,279.17,92.623,107.4
43.47,278.88,92.914,107.74
44.11,278.49,93.325,108.22
43.045,278.76,93.193,108.06
43.03,278.87,93.353,108.25
43.422,277.95,93.223,108.1
43.92,278.51,92.701,107.49
43.106,277.78,92.175,106.88
42.794,278.02,92.319,107.05
42.665,278.26,92.615,107.39
41.934,277.33,92.183,106.89
41.912,276.94,92.564,107.34
41.936,277.03,92.443,107.19
42.008,277.13,92.435,107.19
42.294,276.31,92.142,106.85
41.339,276.34,92.069,106.76
41.286,276.25,92.567,107.34
40.786,276.2,92.343,107.08
42.051,276.38,92.374,107.11
41.25,276.17,92.542,107.31
42.156,275.89,92.786,107.59
41.955,275.59,93.113,107.97
41.752,276.32,92.797,107.6
41.71,276.84,93.123,107.98
41.144,276.65,93.232,108.11
41.415,276.81,93.31,108.2
41.502,277.05,92.883,107.7
41.258,277.18,93.184,108.05
41.609,277.45,93.394,108.3
41.463,277.54,92.815,107.63
41.786,277.68,92.652,107.44
41.884,277.78,92.419,107.17
42.104,277.74,92.982,107.82
41.489,277.79,92.896,107.72
42.079,277.26,92.994,107.83
42.367,275.75,92.619,107.4
42.584,275.99,92.633,107.41
42.874,276.42,92.402,107.15
43.515,276.94,92.613,107.39
43.086,277.23,92.295,107.02
43.406,277.61,92.62,107.4
41.167,277.14,92.328,107.06
1.9551,273.83,92.105,106.8
-19.556,277.49,92.612,107.39
-56.462,278.99,93.444,108.36
-79.715,279.48,94.179,109.21
-79.272,281.65,93.819,108.79
-77.85,282.93,93.246,108.13
-77.768,281.06,93.371,108.27
-78.734,281.61,92.958,107.79
-78.595,281.04,93.007,107.85
-79.743,279.72,93.184,108.05
-78.635,280.28,93.237,108.12
-76.947,282.31,92.044,106.73
-75.583,281.4,92.862,107.68
-75.73,281.33,93.122,107.98
-75.946,280.96,92.58,107.35
-75.413,280.75,92.611,107.39
-75.67,280.45,92.84,107.65
-76.014,279.95,92.554,107.32
-75.275,280.05,92.191,106.9
-75.79,279.68,92.382,107.12
-76.134,279.09,92.252,106.97
-75.921,279.37,92.094,106.79
-76.354,277.99,92.353,107.09
-76.701,278.5,92.473,107.23
-76.808,278.28,92.319,107.05
-76.439,277.24,92.54,107.31
-77.446,277.28,92.693,107.48
-77.878,276.98,92.877,107.7
-78.261,276.19,93.354,108.25
-78.249,276,93.546,108.47
-78.823,276.51,93.486,108.4
-78.903,276.75,93.527,108.45
-79.14,276.65,93.569,108.5
-79.489,276.58,93.77,108.73
-78.871,276.83,93.742,108.7
-79.428,276.66,93.878,108.86
-78.944,276.99,93.808,108.78
-79.384,276.31,93.921,108.91
-79.371,276.05,94.025,109.03
-77.793,278.38,92.846,107.66
-77.386,276.87,93.065,107.92
-76.624,276.83,93.087,107.94
-78.593,276.12,93.753,108.71
-79.145,276.53,93.947,108.94
-78.787,276.91,93.937,108.93
-78.654,276.81,93.941,108.93
-78.899,276.9,93.85,108.83
-78.485,276.79,93.648,108.59
-77.488,278.02,92.468,107.22
-77.327,277.25,92.668,107.46
-77.404,276.81,92.924,107.75
-77.793,276.83,93.184,108.05
-77.294,277.16,93.061,107.91
-77.129,276.96,92.919,107.75
-77.402,277.08,93.146,108.01
-77.088,277.34,93.023,107.87
-77.298,277.31,92.894,107.72
-77.107,276.76,92.899,107.72
-77.209,276.85,93.035,107.88
-77.944,276.27,93.313,108.2
-77.499,277.01,92.971,107.81
-77.571,276.52,93.166,108.03
-76.652,277.52,92.954,107.79
-77.27,276.12,93.53,108.46
-76.804,276.89,92.846,107.66
-76.271,276.82,92.668,107.46
-75.802,277.04,92.357,107.09
-75.138,277.71,92.039,106.73
-74.924,277.5,92.224,106.94
-75.851,276.64,92.764,107.57
-75.83,277.37,92.595,107.37
-76.124,277.54,92.361,107.1
-75.265,277.9,92.136,106.84
-75.488,277.11,92.246,106.97
-75.889,277.06,92.177,106.89
-75.451,277.18,92.026,106.71
-75.222,277.33,92.186,106.9
-75.857,277.07,92.245,106.96
-75.058,277.68,92.208,106.92
-75.468,276.79,92.451,107.2
-75.235,277.28,92.06,106.75
-75.22,277.33,92.308,107.04
-75.233,277.32,92.175,106.88
-76.274,276.36,92.784,107.59
-75.424,277.65,92.246,106.97
-75.382,277.51,91.939,106.61
-74.842,277.52,92.079,106.77
-75.332,276.56,92.675,107.46
-75.162,277.3,92.148,106.85
-75.795,276.8,92.621,107.4
-76.237,276.26,93.285,108.17
-76.128,276.94,93.071,107.92
-75.679,277.22,92.557,107.33
-76.129,276.14,93.126,107.99
-75.163,278.34,91.849,106.51
-74.47,277.52,91.97,106.65
-74.016,277.45,91.803,106.45
-74.255,277.54,91.617,106.24
-73.716,277.57,91.833,106.49
-74.529,276.44,92.466,107.22
-75.092,276.52,92.615,107.39
-75.644,276.27,92.825,107.64
-75.17,277.09,92.545,107.31
-75.481,276.48,93.1,107.96
-75.606,276.3,93.274,108.16
-75.278,276.94,92.855,107.67
-75.092,276.83,92.651,107.44
-75.399,276.56,92.833,107.65
-75.1,277.27,92.709,107.5
-76.255,276.99,93.301,108.19
-76.729,276.5,93.295,108.18
-76.768,277.09,93.377,108.28
-77.669,276.23,93.786,108.75
-77.572,276.21,93.853,108.83
-78.494,274.96,94.519,109.6
-78.209,276.92,93.951,108.94
-78.693,277.03,93.676,108.62
-77.012,276.48,93.309,108.2
