317.5,264.5,44,113
310.39,263.72,43.754,112.37
303.49,260.31,43.571,111.9
296.68,256.93,42.673,109.59
290.73,253.91,42.333,108.72
281.94,249.07,42.807,109.94
277.18,246.1,43.157,110.84
271.35,243.6,42.635,109.49
264.83,239.82,42.374,108.82
258.39,236.3,41.757,107.24
253.46,234.46,41.15,105.68
247.44,231.54,40.681,104.48
240.95,228.43,41.053,105.43
236.33,226.74,40.572,104.2
233.33,225.04,40.383,103.71
247.85,221,40.056,102.87
264.8,220.76,39.515,101.48
261.31,217.85,39.317,100.97
256.43,216.15,39.282,100.88
252.9,213.66,38.891,99.879
248.69,212.23,38.302,98.368
244.07,209.66,37.769,96.998
238.85,206.69,37.607,96.581
233.79,203.35,37.713,96.853
229.39,200.74,37.779,97.024
223.33,200.16,37.4,96.051
218.47,199.37,37.403,96.058
212.67,196.42,37.334,95.881
207.8,192.54,37.242,95.645
226.1,184.35,37.147,95.401
235.87,190.04,36.66,94.15
230.47,186.94,36.342,93.333
226.16,186.1,35.769,91.862
222.09,184.87,35.514,91.205
217.8,183.55,35.267,90.572
212.99,181.77,35.255,90.541
208.77,179.69,35.124,90.206
205.22,178.82,35.057,90.033
201.79,177.35,34.713,89.149
198.52,175.47,34.503,88.61
196.37,174.75,34.27,88.011
194.41,173.6,34.206,87.847
192.04,171.4,34.042,87.425
191.48,169.83,33.927,87.131
190.24,168.4,33.853,86.941
189.27,166.65,33.629,86.366
188.86,165.75,33.35,85.649
188.2,164.88,33.162,85.165
187.72,165.02,32.977,84.69
187.21,161.8,32.552,83.601
187.08,161.33,32.426,83.276
186.36,160.14,32.146,82.558
185.93,159.11,31.836,81.761
186.12,157.87,31.569,81.075
185.35,157.06,31.29,80.359
184.87,155.63,31.41,80.668
184.47,155.05,31.359,80.537
183.94,153.29,31.392,80.619
183.41,151.17,31.167,80.044
183.08,149.28,30.917,79.4
182.34,147.19,30.668,78.761
182.31,145.49,30.346,77.935
181.66,144.7,30.052,77.18
181.6,143.86,29.736,76.368
180.39,142.3,29.575,75.954
179.98,140.9,29.24,75.093
179.41,140.33,28.931,74.301
178.18,138.46,28.682,73.661
177.5,137.65,28.598,73.445
176.32,136.54,28.434,73.023
175.74,136.46,28.38,72.886
174.54,135.17,28.136,72.259
173.96,134.43,27.97,71.833
173.26,133.68,27.7,71.14
172.69,132.65,27.602,70.888
171.71,131.47,27.508,70.645
170.46,130.25,27.455,70.509
170.46,129.45,27.113,69.63
170.2,128.67,26.876,69.022
169.65,127.67,26.659,68.466
169.11,126.52,26.478,68.001
168.38,126.39,26.395,67.788
168.59,124.6,26.132,67.111
168.88,123.94,25.945,66.631
169.67,123.49,25.906,66.532
170.88,122.26,25.923,66.576
171.52,120.65,25.913,66.548
172.53,118.26,26.178,67.23
173.54,115.82,26.283,67.501
175.88,113.1,26.354,67.683
183.22,143.3,26.307,67.56
187.48,143.63,26.417,67.843
186.32,141.83,26.563,68.219
192.13,145.92,26.805,68.839
212.66,110.26,26.872,69.012
213.32,109.5,26.906,69.1
213.71,108.37,26.836,68.919
214.62,108.2,26.859,68.98
214.85,107.08,26.736,68.663
216.38,106.1,26.553,68.194
218.33,104.62,26.194,67.271
219.85,104.45,25.921,66.571
221.22,103.46,25.707,66.02
223.27,103.2,25.501,65.492
225.44,103.36,25.409,65.255
228.22,101.09,25.327,65.044
230.31,100.18,25.105,64.475
232.67,100,24.971,64.131
234.83,99.582,24.839,63.79
237.73,98.462,24.749,63.561
240.04,98.004,24.705,63.447
242.86,95.843,24.439,62.763
246.9,96.339,24.145,62.008
250.38,96.118,23.84,61.225
253.69,97.476,23.788,61.092
270.56,116.43,23.875,61.316
270.53,116.53,23.868,61.298
271.59,116.78,23.941,61.485
271.55,116.16,24.031,61.715
271.41,116.16,24.134,61.981
269.23,115.21,24.16,62.048
269.32,115.44,24.284,62.367
269.79,116.06,24.254,62.288
269.09,116.11,24.324,62.468
267.78,114.92,24.285,62.369
267.8,114.29,24.335,62.497
267.79,114.43,24.297,62.4
268.62,115.1,24.379,62.61
267.24,114.09,24.264,62.314
268.51,113.55,24.352,62.541
267.99,113.23,24.282,62.362
267.67,113.74,24.352,62.54
267.25,114.13,24.3,62.408
267.64,113.33,24.401,62.666
267.21,111.85,24.271,62.332
267.38,112.36,24.4,62.663
266.65,112.79,24.338,62.504
267.12,112.73,24.32,62.457
266.99,112.32,24.246,62.267
267.62,111.19,24.444,62.778
267.02,111.25,24.435,62.754
266.73,111.72,24.411,62.693
266.61,111.82,24.395,62.651
266.41,110.99,24.333,62.492
266.14,110.1,24.286,62.37
266.85,110.22,24.381,62.614
266.93,110.01,24.238,62.248
267.56,110.29,24.272,62.336
267.87,109.78,24.415,62.702
267.58,109.42,24.487,62.888
