243.5,250.5,35,91
245.61,256.59,35.356,91.927
245.8,256.88,35.702,92.826
243.97,256.67,35.326,91.846
245.82,256.74,34.268,89.096
245.19,256.86,34.394,89.424
240.71,256.76,34.978,90.943
242.04,259.32,34.672,90.148
245.3,260.14,35.079,91.205
250.74,260.36,35.176,91.457
258,260.45,34.799,90.477
262.04,259.09,35.023,91.06
267.88,258.85,35.068,91.176
273.23,260.59,35.143,91.372
274.73,262.78,35.375,91.975
272.12,266.67,35.239,91.621
268.57,269.03,35.334,91.868
264.32,270.93,35.384,91.998
260.63,270.9,35.42,92.093
258.77,270.25,35.675,92.755
256.36,270.38,35.82,93.133
253.47,270.42,36.275,94.316
246.09,272.29,36.376,94.578
235.96,273.66,36.329,94.456
227.54,273.49,36.438,94.738
224.88,273.58,36.417,94.684
223.95,273.3,36.559,95.052
225.24,273.4,36.593,95.142
229.88,273.17,36.773,95.609
232.98,274.27,37.161,96.617
234.99,275.12,36.985,96.162
237.45,280.09,37.477,97.44
241.86,275.99,37.438,97.338
247.07,271.79,37.481,97.45
249.52,269.37,37.546,97.621
251.75,268.6,37.302,96.986
253.98,269.85,37.335,97.071
255.45,271.98,36.974,96.133
256.27,274.77,36.775,95.616
256.44,275.66,36.711,95.448
255.72,274.69,36.567,95.074
254.59,273.74,36.775,95.615
253.75,273.99,37.008,96.22
254.61,274.28,36.973,96.13
256.05,274.07,36.976,96.137
258.75,272.8,37.103,96.468
260.85,270.66,37.172,96.646
263.57,268.07,37.158,96.611
262.99,264.73,37.089,96.43
262.29,262.84,37.411,97.269
262.04,263.1,37.451,97.373
263.11,263.84,37.405,97.253
266.59,265.06,37.201,96.723
269.62,265.71,37.226,96.788
274.62,266.23,37.476,97.437
277.77,266.57,37.551,97.632
278.65,267.41,37.813,98.314
278.32,269.94,37.887,98.505
276.57,274.01,37.723,98.081
272.45,277.55,37.566,97.673
267.89,279.7,37.613,97.795
262.7,280.34,37.733,98.106
257.47,280.37,37.717,98.065
250.35,280.81,37.692,97.998
245.29,281.42,37.755,98.163
242.5,282.8,37.591,97.738
242.59,282.58,37.299,96.976
246.32,282.07,37.08,96.408
253.25,277.94,37.031,96.282
258.14,274.94,37.005,96.212
259.45,275.19,36.961,96.099
257.93,276.64,36.758,95.571
257.2,279.81,36.612,95.191
257.57,285.31,36.364,94.547
259.87,289.05,36.345,94.497
264.67,290.86,36.243,94.232
268.49,291.62,36.198,94.116
272.06,292.75,36.145,93.977
273.36,293.36,36.216,94.162
272.32,296.75,36.216,94.162
269.14,300.06,36.326,94.448
264.62,303.26,36.245,94.238
260.75,305.31,35.955,93.484
260.01,304.52,35.781,93.032
259.26,302.41,35.699,92.817
256.91,299.51,35.661,92.718
251.84,297.04,35.664,92.726
245.9,296.42,35.775,93.014
240.16,296.15,35.823,93.139
236.39,296,35.723,92.881
233.92,294.13,35.689,92.792
231.78,291.72,35.773,93.011
232.2,287.88,35.925,93.405
232.81,284.45,36.012,93.631
233.61,282.86,36.01,93.626
234.13,282.43,36.136,93.954
234.55,282.88,36.201,94.123
235.55,284.17,36.077,93.799
235.8,284.28,36.117,93.905
237.26,284.09,35.938,93.438
239.58,283.55,36.053,93.739
242.06,282.57,36.129,93.937
243.09,282.89,36.206,94.135
243.68,284.11,36.136,93.954
242.83,284.95,35.984,93.557
242.3,284.63,35.814,93.116
243.19,284.7,35.735,92.91
245.1,282.98,35.665,92.728
247.62,280.44,35.507,92.318
251.1,278.42,35.368,91.957
254.49,278.11,35.23,91.599
256.37,277.89,35.152,91.395
256.69,277.13,35.073,91.191
255.31,275.04,35.242,91.63
253.31,272.74,35.308,91.8
251.63,270.63,35.329,91.855
252.8,268.37,35.318,91.827
257.23,266.49,35.377,91.98
262.97,266.8,35.296,91.771
267.78,266.5,35.122,91.316
273.95,267.39,34.926,90.807
279.35,266.41,34.83,90.559
284.31,265.38,34.688,90.19
289.56,265.83,34.67,90.141
295.23,265.75,34.626,90.028
300.86,267.55,34.306,89.194
307.31,268.86,34.087,88.626
312.27,269.49,33.871,88.064
317.89,269.62,33.694,87.606
323.07,268.29,33.673,87.55
330.03,267.22,33.632,87.442
336.34,266.29,33.638,87.458
341.87,266.23,33.57,87.283
347.91,267.21,33.517,87.143
354.3,267.07,33.524,87.163
360.52,266.47,33.45,86.969
365.47,264.96,33.554,87.241
371.41,263.92,33.502,87.105
376.88,262.96,33.329,86.654
382.88,263.78,33.286,86.545
388.13,265.93,33.184,86.278
392.91,268.18,32.903,85.549
397.83,269.08,32.947,85.661
402.73,269.52,32.87,85.461
406.96,268.74,32.902,85.546
411.97,268.39,33.053,85.937
416.7,268.31,32.96,85.695
421.55,269.31,32.945,85.657
425.8,270.2,32.848,85.404
430.57,272.65,32.755,85.163
