508.5,184.5,54,95
502.09,186.28,53.739,94.54
498.33,185.43,53.111,93.436
495.76,185.13,52.575,92.494
490.98,185.16,52.667,92.654
487.45,184.32,52.098,91.653
484.24,180.59,52.315,92.035
480.97,178.85,52.305,92.018
477.77,179.94,51.338,90.317
472.4,179.5,50.973,89.675
468.55,175.17,50.893,89.534
466.54,174.58,51.099,89.897
466.03,175.21,50.332,88.546
463.41,174.29,50.456,88.766
462.67,172.4,50.208,88.328
460.09,170.43,50.481,88.808
458.52,170.8,50.699,89.192
455.96,170.58,49.873,87.74
453.8,167.47,50.07,88.086
452.54,166.08,49.988,87.941
451.6,166.63,49.816,87.639
451.06,166.51,49.861,87.718
450.59,164.34,49.788,87.59
449.86,162.74,49.868,87.73
448.24,161.3,50.437,88.732
446.03,162.71,50.425,88.711
443.43,163.48,50.23,88.368
440.3,161.75,49.619,87.292
437.78,159.5,49.858,87.713
435.6,160.01,49.863,87.722
434.04,160.8,49.894,87.777
431.55,158.78,49.834,87.671
428.48,156.94,49.324,86.774
425.13,157.27,49.588,87.237
421.65,157.96,49.016,86.231
418.48,156.67,49.141,86.452
415.6,155.13,48.653,85.593
413.97,154.65,48.901,86.03
411.3,155.05,48.533,85.382
410.13,155.65,48.157,84.721
408,154.06,47.722,83.955
405.88,152.88,47.922,84.308
402.74,153.24,47.871,84.217
399.64,153.48,47.635,83.803
396.25,152.44,47.679,83.879
393.66,150.56,47.892,84.255
391.77,150.37,47.547,83.648
390.07,150.75,47.457,83.49
388.74,150.04,47.315,83.24
387.49,148.4,46.934,82.57
385.58,147.66,47.04,82.756
383.26,147.99,47.084,82.833
380.59,148.03,46.769,82.279
378.11,146.83,46.489,81.786
376.14,145.25,46.411,81.649
374.32,145.3,46.499,81.803
372.27,145.73,46.165,81.216
371.11,144.28,45.954,80.845
369.76,143.16,45.703,80.403
367.42,142.76,45.78,80.539
365.82,143.22,45.521,80.083
363.52,143.17,45.495,80.038
361,141.26,45.818,80.606
358.66,139.89,45.677,80.358
355.92,140.26,45.209,79.534
354.64,140.36,44.85,78.902
353.52,138.69,44.526,78.333
351.21,137.74,44.585,78.437
348.92,138.63,44.5,78.287
346.11,138.67,44.19,77.741
343.46,138.19,44.069,77.529
340.51,136.16,44.136,77.646
338.42,135.66,44.403,78.116
336.08,135.61,44.506,78.297
334.55,135.91,44.304,77.943
332.42,134.47,43.893,77.219
330.79,133.96,43.999,77.406
328.17,134.04,43.673,76.833
325.98,134.59,43.587,76.682
323.01,133.74,43.621,76.74
319.66,131.53,43.542,76.602
318.38,132.4,43.604,76.71
317.22,132.58,43.435,76.414
316.98,132.2,42.94,75.543
315.73,129.92,42.645,75.023
314.44,129.39,42.661,75.051
312.28,130.23,42.69,75.102
310.26,130.03,42.781,75.263
308.11,128.99,42.562,74.877
305.83,127.52,42.203,74.246
304.51,127.65,42.044,73.967
304.63,128.72,41.791,73.521
304.8,128.08,41.392,72.819
304.88,126.46,41.224,72.523
303.97,125.68,41.023,72.17
303.75,126.56,41.006,72.14
303.18,126.54,41.115,72.332
302,124.94,41.086,72.28
301.6,123.9,40.828,71.828
301.16,123.87,40.781,71.744
301.54,124.25,40.477,71.209
301.61,122.16,40.436,71.138
302.65,121.08,40.178,70.683
303.5,121.38,40.082,70.515
303.35,122.6,40.32,70.934
319.39,132.08,40.587,71.403
309.5,120.03,40.946,72.034
307.47,119.48,40.967,72.072
315.96,115.4,41.067,72.248
320.77,115.09,41.103,72.311
324.13,112.42,41.027,72.177
325.74,111.66,41.09,72.288
328.33,111.36,41.041,72.203
330.57,111.33,40.94,72.025
332.68,109.9,40.968,72.074
334.01,108.76,40.767,71.719
336.3,108.52,40.662,71.535
338.29,108.49,40.498,71.246
340.87,109.32,40.407,71.086
343.35,107.67,40.256,70.822
344.16,106.12,40.127,70.593
345.74,106.99,39.822,70.057
346.72,107.72,39.465,69.428
347.66,106.55,39.366,69.256
348.86,105.58,39.279,69.102
348.59,103.87,39.369,69.261
349.63,103.26,39.635,69.727
349.89,103.98,39.697,69.838
350.26,105.16,39.653,69.759
350.74,112.37,39.524,69.534
353.55,115.99,39.292,69.125
347.38,103.51,39.285,69.113
347.35,104.53,39.328,69.188
347.31,106.26,39.208,68.976
347.1,103.76,39.102,68.79
335.3,99.886,39.262,69.072
336.44,103.04,39.434,69.375
335.58,101.81,39.547,69.573
335.57,100.87,39.595,69.658
334.95,98.471,39.545,69.569
334.29,97.822,39.557,69.591
333.2,98.476,39.461,69.423
332.95,98.358,39.322,69.177
331.19,97.421,39.235,69.025
329.65,96.194,39.229,69.014
328.96,96.169,39.2,68.962
328.57,97.078,39.206,68.973
328.83,96.105,39.039,68.68
329.09,95.781,38.978,68.572
328.27,95.507,39.003,68.616
327.75,95.134,38.941,68.507
326.57,95.474,38.897,68.43
325.34,95.188,38.877,68.394
323.28,94.605,38.897,68.43
322.58,95.346,38.858,68.361
346.76,104.84,39.171,68.912
347.69,104.51,39.419,69.348
348.1,104.34,39.613,69.689
347.32,104.44,39.751,69.933
347.35,104.7,39.883,70.165
346.67,104.3,39.946,70.276
346.14,105.16,39.71,69.86
347.62,104.75,39.671,69.792
347.41,105.37,39.633,69.724
346.65,105.13,39.581,69.633
346.81,104.61,39.586,69.642
347.38,104.88,39.537,69.555
346.62,104.78,39.388,69.294
347.86,104.98,39.701,69.844
347.62,104.73,39.725,69.886
347.21,105.05,39.688,69.821
347.57,104.81,39.727,69.891
347.3,104.85,39.708,69.857
346.89,104.2,39.948,70.279
346.58,104.07,39.832,70.075
346.55,103.33,40.145,70.626
346.34,103.74,40.145,70.625
346.21,103.87,40.11,70.564
346.01,103.99,40.133,70.604
346.44,103.54,40.358,71
346.3,104.02,40.504,71.258
345.84,103.94,40.227,70.77
346.17,103.8,40.192,70.708
346.17,103.85,40.112,70.568
346.34,103.96,40.357,70.999
346.17,104.63,40.172,70.674
346.41,104.19,40.106,70.556
346.41,104.72,39.805,70.027
346.49,104.66,39.694,69.831
346.59,104.68,39.993,70.358
346.46,104.58,39.838,70.086
345.99,104.17,39.792,70.005
346.54,104.74,39.6,69.666
346.74,104.95,39.503,69.496
346.51,104.58,39.455,69.412
346.81,105.05,39.378,69.276
346.74,104.9,39.794,70.007
346.64,104.72,39.854,70.113
346.41,104.67,39.673,69.795
346.83,104.93,39.852,70.11
346.61,104.49,39.653,69.759
346.63,104.54,39.811,70.038
346.52,104.78,39.61,69.684
346.59,104.96,39.462,69.423
346.47,104.95,39.501,69.492
346.29,104.95,39.373,69.267
346.43,105.19,39.519,69.524
346.06,104.78,39.444,69.391
346.17,104.99,39.547,69.574
345.9,104.63,39.472,69.442
346.05,104.86,39.664,69.78
346.31,105.11,39.659,69.77
346.23,105.31,39.639,69.736
346,104.97,39.659,69.771
346.22,105.13,39.663,69.778
346.17,105.16,39.647,69.749
346.07,104.97,39.64,69.738
345.75,104.78,39.592,69.653
345.87,104.97,39.611,69.686
345.76,105.08,39.486,69.467
345.57,104.96,39.507,69.504
345.52,104.8,39.333,69.197
345.7,105.08,39.511,69.51
345.27,104.83,39.485,69.464
345.56,105,39.466,69.432
345.11,104.84,39.587,69.644
345.38,104.94,39.539,69.56
345.33,104.89,39.514,69.516
345.45,104.86,39.41,69.333
346.03,105.1,39.652,69.758
345.75,104.95,39.677,69.802
346,105.05,39.684,69.814
346.18,105.09,39.638,69.734
346.03,104.77,39.616,69.694
346.15,104.9,39.596,69.66
346.07,104.8,39.562,69.6
345.82,104.69,39.598,69.664
345.91,104.91,39.56,69.596
345.82,104.69,39.622,69.706
346,104.82,39.617,69.697
345.81,104.73,39.669,69.789
345.79,104.98,39.771,69.968
345.64,104.77,39.666,69.782
345.91,104.89,39.771,69.967
345.68,104.8,39.6,69.667
345.58,104.95,39.456,69.413
345.49,104.85,39.487,69.468
345.63,105.04,39.452,69.407
345.52,104.94,39.526,69.537
345.53,104.92,39.235,69.024
345.49,105.07,39.07,68.734
345.52,105.15,39.226,69.008
345.41,105.07,39.118,68.82
345.52,104.97,39.324,69.182
345.74,105.2,39.403,69.32
345.48,105.19,39.5,69.49
345.11,104.63,39.511,69.51
345.22,104.76,39.389,69.296
345.6,104.78,39.813,70.041
345.21,104.73,39.624,69.709
345.38,104.86,39.544,69.569
345.1,104.54,39.524,69.532
345.11,104.75,39.416,69.342
345.3,105,39.507,69.503
345.2,104.68,39.406,69.325
345.66,105.19,39.52,69.525
345.3,104.81,39.358,69.24
345.7,105.16,39.465,69.429
345.31,104.88,39.588,69.645
345.45,104.96,39.531,69.545
345.22,104.72,39.439,69.384
345.4,104.94,39.485,69.465
345.26,104.83,39.549,69.577
345.21,104.66,39.478,69.452
345.33,104.83,39.546,69.572
344.95,104.57,39.551,69.581
344.94,104.74,39.478,69.452
345.21,104.82,39.551,69.581
344.92,104.68,39.479,69.454
345.03,104.87,39.584,69.639
344.73,104.54,39.618,69.699
344.95,104.72,39.65,69.755
345.09,104.76,39.667,69.784
345.32,104.96,39.642,69.741
345.17,104.82,39.602,69.67
345.19,104.87,39.549,69.576
345.19,104.74,39.438,69.382
345.38,104.87,39.531,69.545
345.43,104.82,39.38,69.28
345.74,104.83,39.824,70.061
345.58,104.51,39.923,70.235
345.49,104.61,39.525,69.535
345.67,105.01,39.204,68.971
345.65,104.92,39.159,68.891
345.81,104.99,39.233,69.021
345.84,105.01,39.103,68.792
345.79,104.73,39.652,69.758
345.94,104.62,39.754,69.937
346.12,104.72,39.862,70.127
345.57,104.19,39.932,70.25
345.79,104.48,40.022,70.409
346.05,104.74,39.999,70.368
346,104.63,40.1,70.547
346.02,104.72,40.021,70.408
346.1,104.65,39.931,70.249
345.48,104.18,40.116,70.575
345.77,104.36,40.063,70.482
346.11,104.67,40.02,70.405
346.05,104.77,39.988,70.35
345.94,104.4,40.017,70.4
346.03,104.73,39.977,70.331
345.71,104.35,40.024,70.413
345.96,104.68,40.003,70.375
345.98,104.71,40.01,70.389
345.97,104.79,40.011,70.39
346.14,104.76,39.93,70.248
345.56,104.29,39.97,70.317
345.75,104.51,39.975,70.326
345.77,104.46,39.951,70.284
345.8,104.49,39.936,70.258
345.68,104.46,39.971,70.319
345.83,104.46,39.985,70.344
345.87,104.43,39.958,70.297
345.73,104.41,39.987,70.347
345.76,104.42,39.955,70.291
345.7,104.37,40.02,70.405
346.03,104.61,39.949,70.28
345.88,104.51,39.918,70.226
345.8,104.93,39.217,68.993
346.12,105.33,38.707,68.096
346.05,105.05,39.57,69.613
345.99,105.15,38.916,68.464
345.94,104.83,39.56,69.596
345.84,104.69,39.529,69.542
346.04,105.23,38.867,68.377
346.01,105.46,38.68,68.047
346.1,104.99,39.584,69.639
345.86,104.64,39.512,69.512
346.07,105.26,38.799,68.257
345.81,104.82,39.612,69.687
345.86,104.79,39.692,69.828
346.22,104.88,39.821,70.055
