320.5,218.5,75,59
322.32,217.12,75.008,59.006
324.43,216.44,75.847,59.667
326.71,216.13,75.062,59.049
330.57,215.35,75.46,59.362
336.42,214.72,75.481,59.378
339.78,213.66,76.586,60.248
325.99,214.92,76.077,59.847
327.15,215.56,75.491,59.386
328.07,215.33,75.298,59.234
327.66,214.42,75.073,59.057
328.05,214.61,74.742,58.797
328.44,214.61,74.983,58.986
329.86,215.06,74.684,58.752
330.18,214.25,74.629,58.708
331.09,214.37,75.049,59.038
332.3,215.49,75.336,59.265
334.54,216.48,74.384,58.516
334.41,216.33,74.365,58.501
334.15,216.03,74.689,58.755
334.22,215.59,74.693,58.759
333.98,215.81,74.507,58.612
334.51,215.76,74.6,58.685
334.19,215.71,74.621,58.702
334.09,215.55,74.579,58.669
333.84,216.03,74.571,58.663
333.89,215.95,74.511,58.616
333.8,215.99,74.599,58.684
333.94,216.07,74.561,58.655
333.87,216.12,74.488,58.597
333.78,216.02,74.586,58.675
333.58,216.02,74.612,58.695
333.19,215.82,74.634,58.712
333.08,215.78,74.78,58.827
333.36,216.05,74.746,58.8
333.25,216.06,74.706,58.769
332.83,215.72,74.908,58.928
333.02,216.02,74.849,58.881
332.74,215.92,74.711,58.773
332.44,215.58,74.631,58.71
332.07,215.59,74.651,58.726
331.95,215.55,74.551,58.647
332.22,215.59,74.39,58.52
332.17,215.87,74.796,58.84
332.05,215.88,74.461,58.576
332.05,215.98,74.338,58.479
331.57,215.71,74.554,58.649
331.28,215.56,74.412,58.537
331.4,215.79,74.626,58.706
330.94,215.34,74.521,58.623
330.79,215.41,74.483,58.593
330.34,215.43,74.482,58.592
330.27,215.85,74.466,58.58
330.09,215.94,74.525,58.626
329.47,215.8,74.656,58.729
329.31,215.37,74.578,58.668
329.92,215.21,74.488,58.597
330.34,215.4,73.753,58.019
330.2,215.5,73.497,57.818
329.84,215.45,73.404,57.745
329.53,215.43,74.143,58.326
329.55,215.42,73.18,57.569
329.32,215.37,73.115,57.517
329.04,215.22,73.041,57.459
329.09,215.36,72.963,57.397
329.26,215.59,72.909,57.355
328.81,215.56,73.962,58.183
328.88,215.29,74.296,58.446
329.43,215.46,73.244,57.618
328.93,215.34,73.038,57.457
328.95,215.18,73.407,57.747
328.86,215.45,73.039,57.457
328.95,215.3,73.16,57.552
328.81,215.15,72.857,57.314
329.22,215.46,72.938,57.378
329.36,215.5,72.938,57.378
329.72,215.63,72.698,57.189
328.78,215.53,73.005,57.431
328.38,215.6,73.488,57.811
327.7,215.35,74.123,58.31
327.81,215.09,73.596,57.895
327.7,215.36,73.8,58.056
328.46,215,74.402,58.529
329.39,215.56,74.588,58.676
330.24,214.97,74.673,58.743
330.16,215.29,74.449,58.567
331.28,216.02,73.535,57.848
331.67,216.17,72.924,57.367
332.2,216.54,72.198,56.796
332.14,216.07,72.125,56.738
331.3,215.87,72.214,56.808
332.34,215.54,72.15,56.758
332.88,215.01,72.305,56.88
332.37,215.15,72.297,56.874
332.98,215.51,72.221,56.814
333.13,215.37,72.204,56.8
333.67,215.5,72.405,56.958
333.06,215.98,72.705,57.194
333.31,215.91,72.613,57.122
332.79,215.34,72.737,57.22
333.13,215.72,72.641,57.144
335.13,215.7,72.647,57.149
333.36,215.48,72.505,57.037
334.74,216.6,71.761,56.452
335.23,216.92,71.623,56.343
335.71,217.11,71.43,56.192
335.89,216.81,71.323,56.108
262.98,214.06,71.038,55.883
331.8,216.59,71.062,55.902
335.13,216.66,70.606,55.543
335.14,216.57,70.666,55.591
335.17,216.93,70.331,55.327
335.25,216.73,70.251,55.264
335.27,217.6,70.649,55.578
334.88,217.55,70.63,55.562
334.92,217.2,70.769,55.672
333.76,216.78,71.226,56.031
333.88,216.5,70.887,55.765
333.79,216.05,70.784,55.684
333.84,216.35,70.911,55.784
334.45,216.33,70.82,55.712
334.19,216.54,70.716,55.63
333.97,216.54,70.477,55.442
333.82,216.4,70.55,55.499
333.99,216.64,70.539,55.49
334.25,216.74,71.19,56.002
333.52,217.23,71.524,56.266
333.59,217.09,71.48,56.231
333.15,216.8,71.593,56.32
332.8,216.94,71.664,56.376
332.68,216.96,71.694,56.4
332.92,217.04,71.795,56.479
333.15,217.21,71.861,56.531
333.11,217,72.473,57.012
333.51,216.96,72.18,56.781
334.18,217.03,72.098,56.717
334.57,216.71,71.974,56.62
335.69,217,71.815,56.494
337.17,217.11,71.771,56.46
338.04,217.04,71.727,56.425
339.31,217.1,71.846,56.519
340.9,217.12,71.551,56.287
342.65,217.01,71.589,56.317
345.19,216.92,71.691,56.397
348.04,217.23,71.659,56.372
351.5,216.88,71.683,56.391
355.34,217.04,71.812,56.492
361.75,216.86,71.888,56.552
371.63,217.24,72.469,57.009
383.25,216.99,72.977,57.409
395.34,216.81,73.764,58.028
407.44,216.63,74.01,58.221
418.55,216.53,73.376,57.722
425.09,216.62,73.278,57.645
430.07,216.26,73.35,57.702
434.41,215.74,73.405,57.746
438.82,216.09,73.095,57.502
442.15,215.85,72.326,56.896
447.66,216.03,72.449,56.993
457.72,218.14,72.138,56.749
474.14,222.87,71.749,56.442
508.01,226.56,71.85,56.522
555.48,227.2,72.232,56.823
605.68,228.58,72.158,56.764
635.63,232.72,71.804,56.486
650,234.05,71.216,56.023
660.17,233.21,71.033,55.879
667.72,229.77,70.988,55.844
672.43,226.18,71.272,56.067
673.77,224.95,71.459,56.214
674.64,224.4,70.984,55.84
674.78,223.28,71.079,55.915
674.45,222.87,71.437,56.197
674.64,222.76,71.623,56.343
674.39,222.36,71.212,56.02
674.32,222.15,72.174,56.777
674.96,222.29,71.653,56.367
675.53,222.42,71.32,56.105
675.66,222.32,72.007,56.646
675.17,222.24,72.221,56.814
675.16,222.53,72.285,56.864
675.11,222.69,72.135,56.746
675.35,222.83,71.675,56.384
675.81,223.21,71.205,56.014
676.12,223.45,71.005,55.857
676.28,223.34,71.029,55.877
676.38,223.31,70.906,55.78
676.55,223.38,71.022,55.871
676.5,223.4,71.14,55.963
675.84,223.17,72.284,56.863
675.52,222.95,72.858,57.315
675.47,222.77,73.284,57.65
675.33,222.53,72.767,57.244
674.78,222.5,72.727,57.212
674.6,222.5,72.556,57.078
674.86,222.33,72.209,56.804
674.66,222.41,72.099,56.718
674.05,222.15,72.298,56.875
674.19,222.43,72.366,56.928
674.8,222.8,72.199,56.796
674.31,222.69,72.294,56.871
674.74,222.92,71.942,56.594
674.84,222.6,71.992,56.634
674.8,222.41,72.043,56.674
674.85,222.35,71.909,56.568
674.38,222.25,72.059,56.686
674.26,222.13,72.123,56.736
674.65,222.65,70.789,55.688
675.65,222.54,70.434,55.408
675.6,222.72,69.996,55.064
676.3,222.78,69.772,54.887
676.27,222.83,69.598,54.751
676.34,222.7,69.659,54.799
676.25,222.75,69.678,54.813
676.1,222.84,69.751,54.871
675.3,222.48,71.36,56.137
675.69,222.9,71.479,56.23
674.97,222.53,71.83,56.506
676.51,222.48,71.187,56
679.57,222.39,70.861,55.744
683.99,222.45,71.26,56.058
694.94,222.25,71.193,56.005
702.84,221.91,71.448,56.206
710.08,222.29,71.432,56.193
715.69,222.04,72.46,57.002
719.15,221.24,72.836,57.298
722.76,220.7,73.206,57.589
724.27,220.01,73.487,57.809
725.34,219.45,74.327,58.47
728.86,220.5,74.55,58.646
731.41,221.39,73.381,57.727
732.54,221.63,73.299,57.662
733.94,221.3,73.594,57.894
735.83,221.28,73.319,57.678
738.11,221.22,73.528,57.842
739.75,220.92,74.027,58.235
740.34,220.87,74.483,58.593
740.55,221.21,74.425,58.548
739.49,221.44,75.482,59.379
737.97,221.28,76.188,59.934
737,220.83,76.316,60.035
741.06,221.57,75.856,59.673
750.64,221.65,75.818,59.644
761.98,220.32,76.802,60.417
772.68,219.65,76.801,60.417
776.35,219.49,77.137,60.681
778.07,219.5,77.156,60.696
780.55,219.52,76.015,59.798
785.22,219.38,76.783,60.403
789.9,219.22,76.383,60.088
795.49,219.17,77.232,60.756
800.72,218.75,77.075,60.632
806.15,218.16,77.409,60.895
808.88,218.04,77.617,61.058
810.71,217.69,77.121,60.669
815.47,218.02,76.083,59.852
818.28,217.94,76.022,59.804
826.64,218.48,76.213,59.954
848.72,217.88,76.713,60.348
875.32,217.35,76.411,60.11
896.5,217.36,75.753,59.592
912.11,215.56,74.745,58.799
922.3,215.58,74.877,58.903
932.23,215.68,75.546,59.43
938.59,215.49,75.544,59.428
939.73,214.99,76.172,59.922
939.96,215.67,75.852,59.67
943.77,215,74.718,58.778
949.41,213.71,74.947,58.959
957.83,214.83,74.662,58.734
964.66,215.06,75.616,59.485
940.98,217.63,75.612,59.481
948.71,219.43,76.649,60.297
964.68,210.27,76.484,60.167
963.87,204.21,75.93,59.732
937.67,217.03,75.593,59.466
952.57,256.82,76.207,59.949
951.23,245.59,75.9,59.708
951.84,252.57,76.32,60.038
942.71,255.5,75.865,59.68
910.3,244.16,76.386,60.09
911.34,246.47,75.741,59.583
953.64,264.09,75.446,59.351
909.94,241.73,75.443,59.348
851.92,224.56,74.816,58.855
869.32,226.03,74.021,58.23
882.25,226.37,74.706,58.768
887.25,226.4,75.306,59.241
893.91,226.32,75.301,59.237
896.75,226.85,76,59.787
898.06,227.86,76.862,60.465
903.09,227.21,77.666,61.097
912.34,223.58,77.173,60.71
927.45,225.89,76.598,60.257
941.51,230.57,77.611,61.054
959.46,228.86,77.469,60.942
932.08,230.93,77.622,61.062
939.76,233.13,78.925,62.088
952.56,234.96,80.027,62.955
956.58,233.88,81.307,63.961
956.23,234.14,82.251,64.704
956.13,235.63,82.635,65.006
955.99,236.42,82.956,65.259
956.66,234.65,83.763,65.894
956.03,237.59,84.999,66.866
956.74,235.22,85.736,67.446
956.29,235.35,86.467,68.021
955.28,235.73,86.763,68.254
953.75,237.1,86.369,67.944
953.55,237.23,86.364,67.94
953.37,236.09,86.393,67.963
953.26,237.3,86.16,67.779
958.28,234.4,86.92,68.377
963.45,236.21,87.148,68.556
932.7,235.72,85.749,67.456
942.06,234.82,85.387,67.171
957.11,233.76,85.128,66.968
958.45,234.8,85.427,67.203
957.03,233.84,85.395,67.178
958.14,236.25,86.044,67.688
960.55,234.44,86.903,68.364
962.96,232.19,87.456,68.799
960.32,232.36,88.159,69.352
958.58,232.62,88.602,69.7
959.86,230.96,89.08,70.076
961.2,230.28,89.908,70.728
960.14,230.53,90.279,71.019
958.83,228.78,90.193,70.952
959.45,228.27,89.909,70.728
960.14,228.54,90.446,71.151
962.36,229.2,90.987,71.576
967.82,232.1,90.696,71.348
962.32,232.08,91.044,71.621
961.79,232.12,91.625,72.078
963.5,231.64,92.412,72.697
963.34,233.03,93.378,73.457
961.75,233.1,94.104,74.028
962.56,234.89,94.626,74.439
962.71,235.2,95.383,75.034
963.27,234.38,96.106,75.603
962.16,235.85,97.278,76.525
960.6,236.81,97.671,76.835
961.61,236.11,98.106,77.177
961.5,229.76,99.242,78.07
959.17,239.91,98.969,77.856
962.38,238.41,99.301,78.117
961.6,234.56,99.668,78.405
959.87,235.6,99.727,78.452
962.02,232.66,101.22,79.63
964.32,237.34,101.57,79.905
962.21,240.06,103.12,81.122
963.8,237.56,103.43,81.367
962.14,242.92,104.41,82.135
961.64,236.66,103.72,81.596
962.32,236.61,102.98,81.007
960.48,230.61,103.9,81.734
957.77,238.31,103.65,81.542
958.23,241.56,104.12,81.908
958.79,242.54,104.37,82.106
958.88,247.15,102.95,80.99
959.34,247.57,102.09,80.31
959.85,243.26,101.02,79.473
958.94,245.59,100.21,78.835
960.11,243.9,99.993,78.661
960,242.29,100.09,78.739
959.63,244.17,99.818,78.523
960.26,243.04,101.05,79.496
960.16,243.9,101.78,80.071
958.71,240.13,100.68,79.205
958.93,243.14,100.18,78.81
959.59,247.39,99.563,78.323
961.9,245.29,100.7,79.215
960.18,245.73,100.85,79.332
957.45,246.09,101.59,79.919
959.2,245.03,101.58,79.913
961.45,248.61,102.92,80.968
961.62,238.53,103.58,81.48
962.38,239.47,104.34,82.083
960.27,247.34,104.82,82.461
959.89,248.74,104.85,82.481
958.06,250.99,104.14,81.924
928.74,249.77,104.64,82.32
932.68,249.38,105.76,83.194
936.56,249.43,107,84.176
945.2,250.88,107.11,84.26
950.65,249.67,106.6,83.861
954.21,249.27,106.14,83.496
957.05,245.12,106.33,83.643
956.68,242.65,106.64,83.893
956.47,244.01,106.64,83.89
956.22,242.47,106.85,84.054
956.6,243.13,106.72,83.952
956.26,242.59,106.87,84.067
956.93,241.36,106.72,83.949
956.31,242.04,106.26,83.59
956.02,241.44,105.72,83.164
955.47,238.39,106.37,83.679
956.29,237.78,106.46,83.752
