367.5,313.5,62,147
373.77,303.23,60.881,144.35
381.34,296.67,60.753,144.04
389.39,290.54,60.785,144.12
397.13,285.87,59.57,141.24
404.1,279.72,58.918,139.69
412.72,275.7,57.474,136.27
420.76,271.46,56.685,134.4
427.98,265.59,56.441,133.82
434.8,261.98,56.058,132.91
441.1,256.01,56.723,134.49
448.28,252.57,56.117,133.05
454.7,248.58,55.35,131.23
461.81,244.8,54.72,129.74
467.15,242.15,53.612,127.11
477.18,238.44,52.57,124.64
483.88,234.67,51.317,121.67
490.45,230.88,51.209,121.42
496.7,227.5,50.76,120.35
501.95,224.26,50.306,119.27
507.32,220.67,49.724,117.89
511.95,217.53,49.249,116.77
517.61,214.71,48.481,114.95
522.55,212.67,47.664,113.01
527.61,210.24,46.606,110.5
532.3,206.78,46.468,110.17
536.89,204.27,45.956,108.96
540.49,202.2,45.117,106.97
544.8,199.7,44.579,105.7
549.27,197.96,44.337,105.12
553.48,195.44,43.638,103.46
556.9,192.81,43.043,102.05
560.6,190.97,42.491,100.75
563.78,188.64,42.087,99.788
567.02,185.61,42.04,99.675
570.47,183.47,41.66,98.774
574.05,181.07,41.287,97.89
577.7,179.39,40.883,96.933
581.95,176.53,40.646,96.369
584.47,175.16,40.323,95.604
587.58,173.32,40.264,95.465
590.32,170.84,40.237,95.4
593.86,167.91,39.955,94.731
596.62,166.66,39.337,93.266
598.41,164.69,38.782,91.95
600.09,162.65,38.693,91.739
602.14,160.97,38.286,90.776
604.38,159.75,37.941,89.956
605.57,157.63,37.904,89.87
606.72,155.87,37.843,89.724
609.71,154.42,37.391,88.653
611.5,153.34,37.421,88.724
613.7,151.67,37.146,88.073
614.85,150.69,36.767,87.172
615.69,149.47,36.435,86.386
616.48,147.36,35.979,85.304
617.52,146.54,35.896,85.108
617.98,144.48,36.161,85.737
619.12,142.39,36.141,85.689
619.46,141.6,36.307,86.083
619.71,140.99,36.347,86.178
619.59,138.75,35.982,85.312
620.26,137.82,35.999,85.352
619.84,135.54,35.945,85.225
619.46,134.89,35.791,84.859
619.05,132.85,35.482,84.126
618.98,131.41,35.334,83.777
619.26,130.9,34.949,82.864
618.92,128.93,34.523,81.853
619.6,127.93,34.546,81.907
619.3,127.69,34.278,81.273
618.87,126.45,33.725,79.96
618.42,125.19,33.491,79.407
617.74,124.08,33.002,78.246
617.39,122.19,32.813,77.799
616.82,121.86,32.463,76.968
616.31,120.4,32.648,77.407
614.91,119.94,32.491,77.035
614.28,118.81,32.524,77.114
613.18,117.85,32.293,76.565
612.34,115.99,32.29,76.559
612,115.66,31.999,75.868
611.27,113.92,32.002,75.875
610.69,113.08,31.78,75.349
610.16,112.36,31.836,75.482
609.62,110.65,31.793,75.381
608.87,110.22,31.788,75.369
608.37,108.88,31.88,75.587
606.93,107.83,31.78,75.35
606.76,107.38,31.71,75.183
605.46,105.98,31.328,74.279
605.11,105.41,30.858,73.163
604.94,105.44,30.693,72.773
603.78,103.55,30.592,72.533
603.18,103.14,30.49,72.291
602.02,102.02,30.216,71.641
600.6,101.18,30.215,71.64
599.41,100.39,30.157,71.502
598.66,99.937,30.111,71.392
596.94,98.961,29.962,71.039
595.91,99.143,29.896,70.882
593.89,98.051,29.911,70.919
592.41,96.722,29.781,70.61
591.65,96.452,29.52,69.992
590.48,95.414,29.319,69.513
588.55,94.761,29.18,69.184
587.16,94.127,29.085,68.96
586.09,93.349,28.909,68.542
583.62,92.622,28.755,68.178
583.06,92.702,28.7,68.047
581.66,91.175,28.396,67.325
580.04,90.852,28.003,66.394
579.15,90.248,27.536,65.288
577.89,90.185,27.136,64.339
576.78,89.639,26.696,63.295
575.88,89.322,26.494,62.817
574.39,88.661,26.182,62.077
573.44,88.659,25.832,61.247
571.86,88.142,25.589,60.67
570.61,87.489,25.446,60.332
569.06,86.787,25.293,59.968
567.69,86.166,25.241,59.845
566.68,85.775,25.081,59.467
564.75,84.886,24.867,58.958
563.35,84.473,24.794,58.785
561.31,83.789,24.705,58.574
559.81,83.186,24.703,58.569
557.76,82.538,24.678,58.51
556.08,82.089,24.606,58.341
553.96,81.143,24.558,58.225
550.79,80.864,24.573,58.263
548.13,80.49,24.506,58.102
545.56,79.708,24.382,57.809
544.54,79.739,24.199,57.376
541.5,78.924,23.959,56.806
539.49,78.732,23.781,56.384
537.18,78.091,23.582,55.913
534.79,77.526,23.358,55.382
532.72,77.766,23.263,55.156
530.54,76.898,23.261,55.152
528.61,76.401,23.173,54.943
526.61,76.114,23.187,54.976
524.83,75.605,23.099,54.768
522.58,75.193,23.031,54.606
519.71,74.489,23.025,54.593
518.03,74.24,22.91,54.319
516.15,74.22,22.858,54.196
514.07,73.318,22.788,54.029
511.54,72.732,22.78,54.01
509.01,72.576,22.751,53.942
506.6,71.545,22.732,53.898
505.02,71.607,22.709,53.842
502.79,70.842,22.723,53.876
499.73,70.179,22.692,53.801
497.77,69.765,22.681,53.776
495.58,68.977,22.57,53.513
493.94,68.844,22.609,53.605
492.2,69.014,22.51,53.371
490.29,68.141,22.443,53.212
488.1,67.888,22.441,53.206
486.28,67.686,22.355,53.003
483.75,67.343,22.314,52.906
481.91,66.925,22.179,52.586
480.41,66.572,22.069,52.325
478.56,65.692,22.053,52.286
477.23,65.016,21.919,51.97
476.12,65.026,21.783,51.647
474.34,65.313,21.643,51.314
473.58,64.725,21.452,50.862
472.28,64.579,21.357,50.637
471.01,64.096,21.238,50.354
469.18,63.257,21.199,50.262
468.2,63.369,21.143,50.13
466.75,62.408,21.017,49.831
466.3,62.21,21.023,49.845
465.56,62.509,20.933,49.633
464.21,61.571,20.924,49.611
463.12,61.113,20.907,49.569
462.51,61.46,20.86,49.459
461.48,59.986,20.821,49.366
460.79,60.436,20.637,48.93
460.39,60.276,20.623,48.896
459.62,59.621,20.497,48.597
459.58,59.845,20.365,48.285
458.81,59.115,20.23,47.966
458.27,58.538,20.145,47.763
458.34,59.297,20.098,47.651
458.03,58.72,19.933,47.261
457.49,57.87,19.769,46.872
457.62,58.253,19.721,46.759
457.67,57.417,19.609,46.493
457.92,57.533,19.483,46.193
458.39,57.724,19.45,46.116
457.86,56.709,19.393,45.98
457.7,56.845,19.297,45.753
458.05,56.415,19.198,45.519
458.28,56.342,19.128,45.352
457.6,56.135,18.991,45.026
457.9,55.827,18.873,44.748
457.41,55.698,18.743,44.439
450.95,52.375,18.687,44.305
430.01,45.924,18.688,44.308
452.34,63.198,18.697,44.329
451.32,68.627,18.758,44.474
436.68,67.024,18.807,44.591
438.06,85.615,18.845,44.682
438.63,85.946,18.786,44.54
438.04,86.56,18.779,44.525
438.7,86.231,18.863,44.723
438.36,85.466,18.877,44.757
441.17,87.073,18.859,44.714
438.85,85.643,18.862,44.722
439.14,86.072,18.842,44.673
438.94,86.113,18.851,44.696
