116.5,192.5,37,94
116.1,196.07,37.137,94.349
113.43,196.49,37.045,94.113
108.58,196.35,37.45,95.144
105.87,195.28,37.626,95.589
102.05,196.31,36.815,93.53
118.2,196.44,36.621,93.036
118.15,197.44,36.048,91.582
118.6,198.01,36.065,91.624
119.31,197.21,36.042,91.566
119.39,197.16,36.206,91.982
118.49,196.46,36.211,91.996
119.19,196.57,36.228,92.038
118.99,197.76,35.952,91.336
119.41,197.96,35.999,91.457
119.41,197.03,35.751,90.827
119.13,197.72,35.686,90.663
120.07,199.57,35.118,89.22
119.85,199.54,35.15,89.299
119.8,198.78,35.496,90.18
120.11,198.48,35.524,90.251
119.43,199.06,35.629,90.517
119.77,197.2,36.008,91.48
118.54,198.7,35.51,90.214
119.17,199.07,35.621,90.496
119.43,198.17,35.559,90.338
120.16,198.69,35.655,90.582
120.1,198.14,35.73,90.773
119.42,198.04,35.775,90.888
119.49,198.07,35.824,91.013
119.76,197.78,35.907,91.222
119.26,198.03,35.87,91.129
119.83,198.09,36.065,91.625
119.44,197.5,36.063,91.62
119.71,197.99,35.957,91.351
119.2,198.01,35.952,91.338
119.52,197.89,35.896,91.195
119.64,197.82,35.937,91.298
119.41,197.62,35.848,91.074
119.82,198.04,36.03,91.537
119.09,197.37,35.987,91.427
119.05,197.78,36.03,91.535
118.93,197.62,35.95,91.333
118.9,197.66,36.075,91.65
119.11,197.5,36.117,91.756
118.6,197.61,36.324,92.283
118.43,197.72,35.945,91.319
118.48,197.37,36.344,92.333
118.52,197.41,36.392,92.455
118.47,197.3,36.431,92.554
118.5,197.38,36.422,92.53
118.8,197.64,36.277,92.163
118.63,197.56,36.325,92.284
118.52,197.94,35.939,91.304
118.86,197.72,36.041,91.564
118.99,197.82,36.15,91.842
119.22,197.84,36.139,91.813
119.29,197.69,36.047,91.578
119.21,197.81,36.031,91.538
119.1,197.57,35.934,91.292
119.36,197.78,35.849,91.076
119.51,197.76,36.109,91.737
139.57,197.92,35.96,91.358
173.15,196.71,36.007,91.478
205.41,195.41,36.201,91.97
237.97,195.13,36.049,91.584
237.52,195.13,35.738,90.794
237.61,195.56,35.905,91.219
237.53,194.9,35.846,91.067
238.65,195.69,35.45,90.061
238.59,196.24,35.197,89.42
238.66,195.8,35.206,89.443
238.97,195.75,35.361,89.837
239.23,195.82,35.269,89.602
239.87,196.58,34.961,88.819
240.16,196.59,35.038,89.016
240.04,196.58,34.751,88.287
240.18,196.74,34.74,88.258
240.69,196.44,34.798,88.405
240.59,196.41,34.798,88.407
240.68,196.46,34.915,88.703
241.47,196.81,34.85,88.538
241.17,196.67,34.866,88.578
241.67,196.8,34.692,88.136
242.19,197.16,34.751,88.286
242.93,196.73,34.721,88.209
286.49,196.51,34.697,88.148
324.53,195.91,34.662,88.061
360.65,195.87,34.458,87.542
395.49,195.07,34.343,87.251
445.49,196.07,34.267,87.056
494.4,196.11,34.254,87.025
503.01,195.43,34.413,87.427
491.7,192.32,34.673,88.088
493.77,192.94,34.551,87.779
493.95,192.89,34.454,87.532
494.29,192.38,34.598,87.897
495.49,193.04,34.429,87.469
496.91,193.17,34.415,87.432
497.51,193.26,34.448,87.516
496.89,193.14,34.425,87.457
496.34,192.94,34.457,87.541
495.3,192.92,34.333,87.226
496.27,193.24,34.478,87.592
527.64,192.35,34.263,87.047
562.03,193.3,34.109,86.656
597.06,193.09,34.201,86.889
583.51,213.28,34.557,87.793
611.24,230.36,34.769,88.333
615.31,270.53,34.7,88.157
606.29,307.71,35.043,89.027
595.21,309.79,35.171,89.352
549.56,329.07,34.736,88.249
570.21,289.92,34.655,88.042
596.17,288.99,34.733,88.239
593.2,288.87,34.77,88.335
591.31,288.66,34.859,88.561
590.56,289.19,34.876,88.604
589.51,289.26,34.941,88.769
589.82,289.25,35.005,88.931
593.71,289.3,35.026,88.985
603.63,288.92,35.017,88.961
610.01,288.78,34.795,88.399
589.44,291.67,34.776,88.351
589.69,287.82,34.742,88.264
590.48,287.58,34.759,88.308
588.24,288.57,34.936,88.756
592.15,288.53,35.134,89.26
590.42,288.67,35.245,89.541
589.54,286.39,35.167,89.343
589.2,288.86,35.161,89.327
588.99,287.81,35.074,89.107
589.05,289.65,35.218,89.472
592.19,288.49,35.193,89.41
589.48,288.51,35.165,89.338
587.82,288.37,35.105,89.187
587.09,288.15,35.127,89.241
589.27,288.08,35.061,89.074
591.83,288.61,35.086,89.138
593,288.35,35.131,89.253
594.58,287.76,35.056,89.061
611.9,288.52,34.994,88.904
593.16,285.89,34.684,88.115
591.51,283.11,34.902,88.671
590.74,288.03,34.968,88.837
547.04,278.04,34.914,88.701
580.98,277.27,35.002,88.925
590.76,275.58,35.494,90.173
592.67,277.34,35.673,90.628
590.25,254.33,35.832,91.032
590.36,222.12,35.944,91.316
590.34,226.46,36.149,91.837
591.46,231.69,36.043,91.567
591.52,208.52,36.291,92.199
592.14,233.97,36.222,92.025
589.42,231.78,35.999,91.457
588.14,233.8,35.795,90.94
588.81,210.58,35.852,91.082
588.24,230.7,35.97,91.384
589.42,233.06,35.843,91.062
584.68,231.9,35.791,90.928
589.33,228.11,35.961,91.361
588.96,210.6,36.134,91.8
591.65,229.18,36.023,91.518
589.99,227.27,36.07,91.637
590.28,209.24,36.31,92.247
590.21,234.39,36.318,92.268
589.45,230.89,36.369,92.397
587,213.51,36.551,92.86
591.43,215.76,36.629,93.057
588.35,258.85,36.353,92.356
615.89,309.93,36.297,92.213
591.58,323.21,36.219,92.015
589.69,324.98,35.938,91.302
592.21,340.91,35.767,90.868
588.38,338.28,35.853,91.087
589.99,366.12,35.992,91.439
614.37,387.7,36.083,91.671
588.99,395.39,35.799,90.948
612.54,388.52,35.943,91.315
612.6,387.73,36.017,91.502
612.5,387.21,36.1,91.714
613.64,386.47,36.155,91.853
614.34,385.88,36.123,91.773
613.15,386.27,36.177,91.908
612.32,388.09,35.925,91.268
612.94,388.52,35.925,91.268
611.22,387.87,35.825,91.015
611.05,388.64,35.656,90.585
611.68,388.93,35.574,90.378
611.63,387.19,35.781,90.902
610.67,388.82,35.592,90.423
613.25,384.02,35.569,90.364
611.64,386.18,35.711,90.724
611.08,389.95,35.675,90.634
609.69,388.15,35.622,90.499
611.47,390.75,35.486,90.153
610.35,390.85,35.353,89.815
610.94,396.56,34.965,88.831
613.98,385.91,35.066,89.085
613.14,373.54,35.158,89.321
612.25,362.1,34.939,88.764
614.96,393.45,34.667,88.072
615.23,418.31,34.432,87.475
615.74,395.87,34.184,86.846
614.51,397.31,33.986,86.343
615.34,386.2,34.215,86.925
614.48,389.03,34.308,87.16
615.57,389.19,34.489,87.62
610.87,395.48,34.072,86.561
615.67,403.72,33.973,86.31
612.89,397.88,33.851,86
613.42,396.04,33.834,85.956
614.41,396.91,33.824,85.932
615.28,397.77,33.731,85.696
614.76,397.01,33.799,85.868
614.69,396.5,33.859,86.02
614.08,396.51,33.888,86.093
615.06,396.01,34.007,86.395
614.39,397.22,33.921,86.176
613.05,397.02,33.821,85.924
614.51,396.94,33.87,86.047
615.39,397.63,33.972,86.307
611.97,397.38,33.85,85.998
614.17,398.14,33.782,85.825
614.63,398.59,33.669,85.538
614.36,398.91,33.635,85.452
613.77,398.8,33.511,85.135
614.67,399.3,33.389,84.826
614.53,398.96,33.319,84.649
614.25,398.5,33.201,84.349
615.52,398.45,33.35,84.727
613.98,397.77,33.369,84.776
614.84,397.77,33.323,84.657
615.07,397.42,33.37,84.778
614.84,397.4,33.357,84.744
614.02,396.24,33.278,84.545
614.59,396.55,33.231,84.424
614.83,395.55,33.348,84.723
613.76,395.84,33.428,84.924
615.11,395.68,33.547,85.226
615.02,395.2,33.67,85.539
615.94,395.87,33.726,85.681
615.75,396.23,33.764,85.779
616.27,397.45,33.794,85.856
615.35,397.25,33.739,85.715
616.3,396.09,33.772,85.799
616.77,395.29,33.862,86.027
615.32,394.58,34.198,86.881
614.6,395.29,34.262,87.043
614.68,395.76,34.209,86.91
616.15,395.92,34.294,87.124
615.71,395.22,34.263,87.047
615.36,396.21,34.256,87.029
