275.5,240.5,41,98
274.49,242.49,41.011,98.027
272.16,247.88,40.686,97.249
269.58,252.69,40.845,97.63
268.6,257.74,40.8,97.521
266.28,262.29,40.042,95.71
263.72,266.72,39.979,95.559
258.81,276.04,39.856,95.266
259.04,280.16,39.378,94.123
260.65,283.56,39.691,94.872
262.01,284.53,40.045,95.718
262.63,285.91,40.295,96.315
262.15,286.28,40.465,96.721
261.57,286.76,40.428,96.632
262.84,287.81,40.325,96.387
264.94,287.8,40.604,97.054
267.76,288.56,40.664,97.196
269.98,289.62,40.545,96.912
271.17,290.14,40.254,96.216
309.73,290.05,40.543,96.908
272.76,289.49,40.59,97.021
272.5,290.03,40.82,97.569
274.06,292.86,40.917,97.803
275.19,294.67,40.894,97.746
278.04,297.6,40.917,97.801
280.72,298.24,41.017,98.041
284.43,299.14,41.152,98.362
289.52,300.58,41.214,98.513
290.66,300.51,41.364,98.869
292.35,301.13,41.308,98.737
292.83,300.76,41.73,99.745
293.4,300.75,41.673,99.609
294.12,300.91,41.515,99.231
295.62,301.27,41.58,99.386
296.72,301.83,41.557,99.332
297.04,301.37,41.691,99.651
297.14,300.39,42.123,100.68
297.73,299.04,42.174,100.81
298.48,297.75,42.276,101.05
300.31,297.35,42.381,101.3
300.95,296.33,42.619,101.87
301.44,295.85,42.349,101.22
304.58,295.03,42.434,101.43
306.5,294.51,42.675,102
309.75,295.71,42.496,101.58
310.55,294.97,42.265,101.02
311.92,294.87,42.047,100.5
313.37,295.04,42.211,100.9
313.57,294.59,42.632,101.9
313.49,294.59,43.014,102.81
313.65,294.75,43.078,102.97
313.84,294.42,43.164,103.17
314.27,293.84,43.316,103.54
314.68,294.04,43.439,103.83
315.37,294.29,43.264,103.41
314.81,293.44,43.467,103.9
314.07,291.64,43.473,103.91
312.65,288.5,43.489,103.95
312.77,287.27,43.459,103.88
312.58,285.61,43.839,104.79
313.4,284.41,44.09,105.39
314.37,283.47,44.174,105.59
316.48,282.72,44.454,106.25
317.2,282.01,44.799,107.08
318.18,282.64,44.646,106.71
317.71,281.37,44.654,106.73
317.84,281.28,44.596,106.6
317.7,280.76,44.517,106.41
317.55,280.15,44.673,106.78
318.16,280.6,44.678,106.79
318.41,279.92,44.679,106.79
321.1,280.06,44.998,107.56
326.64,280.79,45.249,108.16
327.82,281.31,45.133,107.88
329.29,281.72,45.414,108.55
329.58,281.82,45.338,108.37
330.78,282.84,45.226,108.1
332.29,283.54,45.153,107.93
332.88,284.11,45.176,107.98
333.75,284.62,45.498,108.75
333.4,284.29,45.528,108.82
333.22,284.29,45.444,108.62
333.06,283.83,45.357,108.42
333.59,283.72,45.519,108.8
334.32,283.28,45.365,108.43
334.78,283.02,45.68,109.19
335.18,282.29,45.862,109.62
336.57,281.39,46.08,110.14
337.23,280.21,46.102,110.2
338.91,280.3,46.185,110.39
340.23,279.61,46.34,110.76
341.41,278.96,46.145,110.3
344.24,278.92,46.113,110.22
345.78,278.81,46.168,110.35
347.9,279.3,46.191,110.41
348.56,278.41,46.357,110.81
349.44,277.91,46.292,110.65
351.66,277.13,46.59,111.36
352.87,276.67,46.646,111.49
353.62,275.62,46.755,111.76
353.99,275.42,46.894,112.09
353.4,274.56,47.094,112.57
353.28,274.5,47.282,113.02
353.11,274.34,47.366,113.22
353.7,275.62,47.59,113.75
353.13,275.05,47.643,113.88
353.32,275.24,47.927,114.56
353.27,274.87,47.806,114.27
352.97,274.33,47.757,114.15
353.58,274.83,47.837,114.34
353.37,274.21,48.102,114.98
354.05,274,48.19,115.19
356.58,274.28,48.212,115.24
357.53,274.13,48.158,115.11
358.64,274.47,47.721,114.06
358.23,274.4,47.463,113.45
358.5,273.93,47.194,112.81
357.4,272.4,47.084,112.54
357.05,271.4,47.259,112.96
355.34,271.44,47.323,113.11
353.27,270.45,47.806,114.27
350.67,270.1,48.078,114.92
348.08,270.31,48.34,115.54
345.5,269.54,48.595,116.15
342.54,269.53,48.926,116.94
339.89,267.73,49.337,117.93
348.53,261.33,49.546,118.43
346.88,259.73,50.227,120.06
343.22,252.09,50.332,120.31
337.26,246.17,50.48,120.66
332.01,240.99,50.358,120.37
325.89,234.37,50.58,120.9
319.66,224.6,50.619,120.99
318.36,221.88,51.048,122.02
319.39,220.78,51.228,122.45
319.36,219.35,50.94,121.76
321.23,220.08,51.135,122.22
324.51,224.14,51.424,122.92
326.02,227.06,51.65,123.45
326.68,230.79,51.634,123.42
326.96,232.64,51.607,123.35
326.86,234.49,51.64,123.43
326.63,234.92,51.786,123.78
325.22,233.72,52.079,124.48
323.77,232.8,52.462,125.4
322.78,231.73,52.816,126.24
323.18,230.24,53.101,126.92
325.8,229.46,53.276,127.34
335.08,229.78,53.271,127.33
340.38,231.38,53.236,127.25
344.69,231.94,53.257,127.3
348.37,233.3,53.093,126.91
352.64,234.61,53.017,126.72
358.78,234.4,52.969,126.61
360.55,234.29,52.891,126.42
361.29,233.32,52.842,126.31
362.07,232.58,53.012,126.71
363.38,231.13,53.237,127.25
368.14,227.33,53.636,128.2
370.54,227.07,53.91,128.86
370.43,225.38,54.528,130.33
369.54,225.1,54.685,130.71
366.27,224.66,54.697,130.74
365.22,227.16,54.49,130.24
368.22,229.3,54.552,130.39
371.35,230.27,54.524,130.32
373.49,230.56,54.612,130.54
374.71,230.31,54.631,130.58
373.3,229.28,54.702,130.75
372.18,229.19,54.648,130.62
371.08,228.21,54.83,131.06
372.85,228.58,54.908,131.24
375.75,228.64,55.001,131.47
382.36,229.53,54.962,131.37
385.42,230.58,55.154,131.83
387.5,229.85,55.326,132.24
388.29,229.04,55.368,132.34
388.39,228.04,55.621,132.95
383.95,225.7,55.617,132.94
381.18,225.51,55.634,132.98
377.73,224.24,55.434,132.5
375.54,224.12,55.457,132.56
374.57,224.03,55.688,133.11
375.05,225.34,55.623,132.95
376.25,226.67,55.5,132.66
375.59,226.65,55.614,132.93
371.79,226.18,55.945,133.72
365.42,224.55,56.366,134.73
351.95,220.46,56.598,135.28
349.47,216.31,57.054,136.37
350.46,209.29,57.459,137.34
357.16,204.07,57.807,138.17
365.03,199.98,58.278,139.3
372.99,198.2,58.52,139.88
375.13,198.8,58.737,140.4
375.61,199.11,58.753,140.43
376.08,200.31,58.921,140.84
375.19,201.98,58.831,140.62
371.44,204.62,58.965,140.94
372.42,206.8,59.158,141.4
375.84,209.53,59.163,141.41
379.61,212.41,59.082,141.22
381.95,214.5,59.05,141.14
384.22,217.63,58.865,140.7
384.53,218.57,58.934,140.87
383.08,219.95,59.088,141.23
381.67,220.76,59.288,141.71
380.58,221.86,59.365,141.9
379.32,223.67,59.14,141.36
374.46,225.4,59.07,141.19
363.93,226.83,59.295,141.73
347.85,227.93,59.289,141.72
326.73,227.76,59.468,142.14
298.9,226.62,59.655,142.59
289.52,226.34,59.963,143.33
286.48,225.35,60.232,143.97
290.09,224.33,60.778,145.27
298.59,224.56,61.145,146.15
309.39,228.25,61.186,146.25
311.9,230.36,61.201,146.29
313.33,231.5,61.273,146.46
316.92,232.48,61.009,145.83
322.21,232.37,60.942,145.67
332.1,230.28,61.36,146.67
338.08,229.1,61.832,147.79
341.78,226.83,61.638,147.33
345.74,225.61,61.752,147.6
350.07,224.4,62.096,148.42
354.46,223.32,62.053,148.32
356.48,223.36,62.037,148.28
357.88,223.7,62.122,148.49
360.25,225.12,62.124,148.49
363.21,227.75,62.204,148.68
368.43,232.44,62.272,148.84
370.84,234.53,62.315,148.95
372.04,235.06,62.282,148.87
373.11,235.34,62.493,149.37
373.4,235.04,62.579,149.58
375.93,235.22,62.74,149.96
377.64,235.04,62.719,149.91
378.37,233.23,62.97,150.51
379.74,231.22,63.489,151.75
382.35,230.41,63.852,152.62
387.48,230.86,63.821,152.55
390.57,234.17,63.865,152.65
393.32,236.68,63.878,152.68
396.49,239.2,63.9,152.74
400.34,241.77,63.76,152.4
407.76,244.26,63.965,152.89
411.5,244.52,63.994,152.96
413.99,242.54,64.432,154.01
416.13,239.66,64.421,153.98
418.12,237.15,64.422,153.98
419.41,233.84,64.582,154.37
420.32,233.58,64.36,153.84
419.49,232.22,64.339,153.79
417.93,231.28,64.49,154.15
414.66,230.47,64.622,154.46
410.35,230.36,64.902,155.13
410.47,230.75,65.059,155.51
409.97,230.45,65.327,156.15
413.63,231.77,65.344,156.19
416.88,233.24,65.508,156.58
421.96,236.77,65.634,156.88
423.56,238.26,65.888,157.49
424.9,239.57,65.877,157.46
425.76,239.84,66.242,158.33
425.34,240.05,66.138,158.09
423.39,240.57,66.214,158.27
422.38,241.33,66.244,158.34
422.01,241.04,66.268,158.4
422.17,241.21,66.46,158.86
429.51,242.12,66.363,158.62
430.43,242.06,66.392,158.69
432.76,242.55,66.476,158.89
433.01,240.96,66.659,159.33
434.24,240.93,66.963,160.06
434.77,240.6,67.179,160.57
434.29,239.18,67.402,161.11
436.66,237.61,67.686,161.79
437.53,235.54,68.132,162.85
438.92,234.62,68.225,163.07
440.66,234.96,68.471,163.66
444.21,234.85,68.77,164.38
445.56,235.17,68.885,164.65
446.05,234.71,69.09,165.14
446.46,234.2,69.248,165.52
448.05,233.88,69.299,165.64
451.72,231.94,69.711,166.63
455.46,230.25,70.079,167.51
457.78,226.66,70.217,167.83
461.12,223.55,70.156,167.69
463.79,220.53,70.283,167.99
464.46,218.82,70.544,168.62
457.1,218.37,70.81,169.25
447.93,218.71,71.403,170.67
441.89,219.86,71.658,171.28
440.56,220.21,71.876,171.8
446.37,221.25,71.979,172.05
456.59,221.16,71.827,171.68
467.72,220.19,71.925,171.92
478.26,218.42,71.768,171.54
490.92,217.12,71.955,171.99
508.44,216.19,72.081,172.29
517.82,219.52,72.359,172.96
523.31,219.42,72.519,173.34
527.61,220.31,72.334,172.9
535.04,223.31,72.634,173.61
541.13,228.53,72.599,173.53
537.51,231.29,72.974,174.43
530.86,232.57,73.159,174.87
525.03,233.19,73.331,175.28
522.45,233.65,73.245,175.07
522.08,232.98,73.426,175.51
522.22,231.58,73.569,175.85
521.37,229.32,73.671,176.09
519.24,227.22,74.147,177.23
513.96,224.32,74.385,177.8
508.44,223.29,74.369,177.76
497.27,221.51,74.461,177.98
494.08,220.62,74.693,178.53
491.87,220.41,74.994,179.25
490.48,220.78,75.301,179.99
489.36,222.26,75.355,180.12
498.75,225.76,75.505,180.48
507,230.71,75.228,179.81
517.61,236.69,75.041,179.37
526.21,242.19,74.706,178.57
535.4,249.33,74.569,178.24
543.69,255.33,74.614,178.34
542.12,258.98,74.781,178.74
532.94,262.95,75.02,179.32
518.31,262.45,75.047,179.38
502.41,259.47,75.021,179.32
482.42,244.67,75.161,179.65
475.11,238.26,75.439,180.32
468.14,234.74,75.757,181.08
448.27,229.81,75.751,181.06
422.26,229.63,75.722,180.99
372.66,240.55,75.685,180.9
366.01,241.27,75.922,181.47
370.74,242.41,76.116,181.93
385.1,246.44,75.954,181.55
394.46,250.31,75.938,181.51
393.49,257.14,76.024,181.72
387.15,258.67,76.245,182.24
382.61,260.95,76.437,182.7
379.22,261.98,76.49,182.83
376.97,261.85,76.768,183.5
367.15,255.84,76.697,183.32
362.06,252.13,76.742,183.43
359.7,252.55,76.667,183.25
358.63,258.79,76.648,183.21
357.28,267.31,76.889,183.78
351.81,276.52,77.383,184.96
341.8,281.66,77.824,186.02
325.57,291.08,78.191,186.9
307.28,296.9,78.348,187.27
295.44,297.83,78.427,187.46
300.28,295.27,78.431,187.47
326.81,290.75,78.195,186.91
362.34,284.46,77.959,186.34
391.53,283.32,77.954,186.33
407.59,282.39,78.189,186.89
411.27,284.24,78.452,187.52
399.57,286.5,78.507,187.65
383.51,287.43,78.554,187.76
370.59,286.28,78.615,187.91
363.92,281.71,78.791,188.33
368.66,271.46,78.686,188.08
381.71,266.52,78.55,187.75
396.11,263.57,78.505,187.65
409.56,263.29,78.666,188.03
419.23,265.23,78.906,188.6
426.49,268.56,79.025,188.89
427.19,267.79,79.27,189.48
428.27,266.72,79.843,190.84
430.29,264.19,80.223,191.75
433.69,260.94,80.555,192.55
446.61,257.45,80.786,193.1
455.29,255.79,81.17,194.02
465.78,256.35,81.187,194.06
470.09,258.23,81.03,193.68
469.25,260.85,80.939,193.46
459.67,265.61,80.655,192.79
452.85,267.82,80.279,191.89
448.99,269.48,79.949,191.1
448.4,269.61,79.825,190.8
452.45,270.32,79.471,189.96
459.42,266.21,80.15,191.58
463.76,259.49,81.039,193.7
466.22,255.15,81.39,194.54
469.55,252.98,81.123,193.9
525.73,282.86,81.356,194.46
608.55,327.31,80.903,193.38
669.7,268.3,80.015,191.26
675.65,270.61,79.606,190.28
673.02,266.85,79.422,189.84
662.36,261.42,78.949,188.71
648.75,252.18,78.505,187.65
641.12,244.03,77.979,186.39
637.82,241.41,77.42,185.05
633.62,238.85,77.127,184.35
629.82,240.08,76.859,183.71
628.69,244.42,76.627,183.16
630.7,245.7,76.429,182.68
635.4,244.89,76.492,182.83
648.3,252.16,76.25,182.25
659,255.44,76.136,181.98
681.31,263.73,76.371,182.55
681.97,261.65,76.247,182.25
689.5,264.46,76.334,182.46
692.09,262.9,76.254,182.27
693.98,262.07,76.016,181.7
696.64,258.51,75.719,180.99
697.18,259.29,76.036,181.75
695.24,257.85,75.814,181.21
693.74,256.25,75.478,180.41
692.85,258.55,75.537,180.55
694.62,262.46,75.758,181.08
693.15,265.3,76.13,181.97
698.15,264.56,76.322,182.43
703.38,264.36,76.459,182.76
707.23,259.77,76.156,182.03
714.3,255.39,75.4,180.22
715.53,257.88,75.395,180.21
714.36,256.56,74.976,179.21
713.7,255.96,74.891,179.01
712.5,256.81,74.806,178.8
711.52,259.92,74.956,179.16
709.14,259.52,75.225,179.81
708.61,262.35,75.301,179.99
706,266.88,75.342,180.08
704.33,268.96,75.357,180.12
703.83,273.46,75.336,180.07
700.24,274.08,75.298,179.98
694.37,276.01,75.315,180.02
679.71,278.39,75.32,180.03
666.12,281.17,75.244,179.85
632.1,274.61,74.795,178.78
607.55,269.37,74.461,177.98
585.53,270.07,74.654,178.44
579.68,268.38,75.078,179.45
579.07,263.87,75.437,180.31
617.8,257.38,75.406,180.24
627.62,265.22,75.623,180.76
623.44,275.95,76.191,182.11
606.44,285.8,76.465,182.77
589.75,287.85,76.538,182.95
569.45,289.06,76.096,181.89
560.76,288.64,75.942,181.52
560.08,287.11,75.891,181.4
560.29,288.25,76.009,181.68
557.43,293.66,76.097,181.89
546.57,304.34,75.855,181.31
532.8,307.91,75.05,179.39
519.95,312.35,74.106,177.13
500.96,318.42,73.052,174.61
478.82,322.8,71.918,171.9
446.37,318.83,71.265,170.34
434.71,316.65,70.892,169.45
454.85,320.93,71.34,170.52
455.73,316.78,71.304,170.43
460.39,309.92,71.428,170.73
488.52,312.2,70.952,169.59
506.57,314.11,70.361,168.18
522.23,311.52,69.97,167.25
528.26,302.09,70.261,167.94
545.39,296.59,70.422,168.33
555.69,289.61,70.613,168.78
559.02,288.63,70.959,169.61
558.24,288.67,71.421,170.71
559.26,289.39,71.754,171.51
564.79,293.88,71.958,172
575.77,298.4,72.461,173.2
583.9,300.5,72.525,173.35
592.9,302.9,72.691,173.75
601.89,304.89,72.814,174.04
610.55,305.62,72.96,174.39
620.45,309.13,73.105,174.74
623.85,308.5,73.285,175.17
626.01,309.25,73.18,174.92
627.14,309.72,73.027,174.55
629.14,309.16,72.851,174.13
636.25,308.36,72.492,173.27
642.75,308.43,72.157,172.47
651.96,310.64,72.011,172.12
663.28,313.37,72.072,172.27
674.06,316.2,72.133,172.42
683.37,319.64,72.257,172.71
695.22,319.67,72.406,173.07
703.06,319.84,72.255,172.71
710.73,320.05,72.126,172.4
719.76,320.55,72.246,172.68
728.43,320.79,72.137,172.42
739.95,322.8,72.248,172.69
743.69,321.55,72.446,173.16
748.03,321.55,72.426,173.11
750.21,321.92,72.585,173.49
752.39,323.2,72.212,172.6
754,324.33,72.024,172.15
756.33,325.77,71.965,172.01
758.73,325.43,71.859,171.76
761.33,326.25,71.792,171.6
763.49,326.42,72.026,172.16
765.01,327.36,72.061,172.24
767.85,327.91,71.591,171.12
771.15,326.64,71.156,170.08
775.39,326.59,70.789,169.2
781.61,323.91,70.778,169.18
793.69,325.84,70.39,168.25
800.12,326.76,70.34,168.13
806.24,328.54,70.072,167.49
810.72,330.97,69.639,166.45
814.74,332.41,69.521,166.17
825.18,333.58,69.522,166.18
830.6,333.69,69.316,165.68
833.29,333.73,69.052,165.05
836.98,334.34,68.823,164.5
842.18,334.48,68.631,164.04
848.65,333.69,68.158,162.91
852.14,333.29,67.883,162.26
854.79,332.95,67.525,161.4
858.43,331.52,67.257,160.76
862.19,331.39,66.612,159.22
863.41,330.47,66.145,158.1
864.33,331.28,65.775,157.22
864.18,332.02,65.488,156.53
864,332.3,65.32,156.13
864.33,332.4,65.348,156.2
863.18,331.92,64.987,155.34
862.59,330.93,64.885,155.09
859.68,330.4,65.07,155.53
854.43,329.46,65.146,155.72
850.86,329.49,65.27,156.01
840,328.1,65.326,156.15
832.2,325.8,65.424,156.38
821.57,326.4,65.313,156.11
810.59,328.51,65.155,155.74
799.38,330.53,65.243,155.95
786.97,331.2,64.572,154.34
784.58,332.76,64.138,153.3
783.6,332,63.948,152.85
784.48,334.11,63.409,151.56
782.47,334.64,63.055,150.72
776.93,331.24,63.251,151.19
779.33,331.25,63.346,151.41
777.22,329.79,63.279,151.25
772.86,330.79,63.116,150.86
767.93,333.53,63.146,150.93
756.86,335.37,63.17,150.99
755.64,334.68,62.653,149.76
753.96,333.14,62.191,148.65
751.97,331.15,62.056,148.33
747.6,331.14,61.803,147.72
734.14,329.99,61.435,146.85
732.52,330.97,61.36,146.67
734.19,331.19,61.649,147.36
742.29,331.64,61.461,146.91
754.42,332.91,61.154,146.17
770.93,336.2,61.087,146.01
773.47,339.43,61.119,146.09
772.6,343.35,61.19,146.26
766.97,347.38,61.29,146.5
758.83,351.19,61.344,146.63
745.2,356.8,61.552,147.12
742.39,357.81,61.611,147.27
742.19,359.27,61.73,147.55
746.13,360.15,61.722,147.53
753.26,360.52,61.484,146.96
774.74,356.17,61.569,147.16
786.11,353.54,61.582,147.2
794.05,351.78,61.441,146.86
802.32,351.3,61.657,147.38
809.27,351.55,61.46,146.9
826.81,350.4,61.336,146.61
835.24,349.19,61.296,146.51
840.65,347.29,61.248,146.4
854.42,347.82,61.419,146.81
860.17,346.3,61.666,147.4
886.65,347.94,62.11,148.46
888.4,344.46,62.609,149.65
857.22,263.32,62.613,149.66
861.57,262.42,62.538,149.48
823.34,265.53,62.312,148.94
834.73,266.01,62.113,148.46
834.95,266.8,61.66,147.38
835,268.46,60.848,145.44
881.56,267.85,60.717,145.13
881.37,266.28,61.267,146.44
878.47,261.15,61.438,146.85
828.53,259.09,61.283,146.48
822.62,259.2,61.171,146.21
816.51,262.27,61.122,146.1
811.49,268.58,61.017,145.85
795.16,271.06,60.979,145.75
710.95,345.44,60.885,145.53
708.52,346.31,60.634,144.93
705.87,347.14,60.371,144.3
704.36,348.47,60.272,144.07
701.63,348.7,59.884,143.14
699.07,351.42,59.621,142.51
696.49,354.78,59.371,141.91
691.88,358.32,59.132,141.34
684.46,361.89,59.082,141.22
667.98,363.96,59.163,141.41
659.26,364.63,58.759,140.45
652.32,363.76,58.739,140.4
648.17,362.67,58.659,140.21
646.24,362.56,58.524,139.89
644.97,361.91,58.476,139.77
645.33,362.62,58.335,139.43
646.91,363.8,58.175,139.05
648.22,366.67,57.953,138.52
649.43,368.51,58.148,138.99
648.35,371.88,57.79,138.13
647.85,372.89,57.716,137.95
648.84,372.59,57.922,138.45
648.28,372.74,57.451,137.32
646.64,372.52,57.719,137.96
709.31,344.24,58.004,138.64
704.7,343.25,58.045,138.74
720.17,298.25,58.426,139.65
711.8,295.88,58.511,139.86
671.35,321.83,58.294,139.34
662.1,324.66,58.249,139.23
660.34,289.71,58.712,140.34
649.44,288.33,58.618,140.11
624.22,354.17,57.851,138.28
620.7,355.66,57.603,137.68
619.58,354.58,57.482,137.4
621.07,357.03,57.562,137.59
622.14,360.26,57.845,138.26
624.09,364.76,58.031,138.71
627.4,370.45,58.194,139.1
631.89,373.91,58.249,139.23
634.33,375.93,58.357,139.49
635.22,378.04,58.403,139.6
635.92,380.28,58.366,139.51
636.25,383.57,58.51,139.85
637.27,389.12,58.393,139.57
638.51,393.25,58.241,139.21
640.44,395.85,58.132,138.95
641.78,397.18,58.311,139.38
642.41,398.48,58.172,139.04
639.82,401.22,58.059,138.77
635.93,402.66,58.002,138.64
630.8,401.98,57.925,138.45
625.36,400.66,57.928,138.46
620.5,397.68,57.999,138.63
611.17,390.59,58.236,139.2
604.82,386.92,58.149,138.99
598.26,384.02,58.152,139
591.86,381.81,57.969,138.56
587.5,382.67,58.007,138.65
583.25,384.06,57.854,138.29
584.87,386.33,57.973,138.57
590.9,389.7,58.022,138.69
598.13,393.45,58.065,138.79
604.55,395.81,57.891,138.37
606.52,395.39,57.517,137.48
603.07,391.43,57.427,137.26
594.72,385.68,57.401,137.2
585.19,379.17,57.589,137.65
575.6,376.43,57.793,138.14
565.76,375.22,57.877,138.34
553.06,380.49,57.884,138.36
550.01,383.94,57.759,138.06
550.92,388.28,57.933,138.47
554.56,392.33,57.879,138.34
556.28,393.68,57.691,137.9
557.58,393.44,57.599,137.68
555.24,392.47,57.454,137.33
548.13,392.29,57.567,137.6
540.21,392.69,57.574,137.62
530.72,395.73,57.329,137.03
520.74,401.44,57.17,136.65
516.29,405.32,57.161,136.63
514.43,408.44,57.056,136.38
514.49,411.35,57.022,136.3
514.48,411.7,57.272,136.89
512.45,415.31,57.302,136.97
500.74,417.75,56.986,136.21
482.96,417.82,56.652,135.41
459.59,415.08,56.827,135.83
429.51,408.85,56.789,135.74
393.59,398.27,56.753,135.65
372.21,393.23,56.715,135.56
353.48,390.79,56.824,135.82
338.66,392.77,56.674,135.47
327.42,395.09,56.697,135.52
317.11,396.93,56.878,135.95
315.72,397.76,56.833,135.85
318.82,398.95,56.655,135.42
329.71,405.39,56.572,135.22
343.21,413.17,56.476,134.99
365.08,420.63,56.211,134.36
377.2,423.33,56.01,133.88
379.86,424.58,55.893,133.6
379.68,418.5,55.646,133.01
376.68,412.64,55.542,132.76
407.65,420.68,55.461,132.57
414.27,426.05,55.299,132.18
430.46,429.09,55.596,132.89
548.66,434.96,55.679,133.09
558.8,434.78,55.981,133.81
563.9,434.26,56.267,134.49
563.13,429.94,56.43,134.88
560.75,423.64,56.532,135.12
559.21,423.88,56.579,135.24
556.48,430.06,56.654,135.42
561.61,441.39,56.578,135.23
568.16,446.61,56.338,134.66
574.98,449.07,56.382,134.77
582.68,449.31,56.638,135.38
586.78,447.87,56.495,135.04
587.25,442.27,56.567,135.21
587.43,437.52,56.567,135.21
587.9,434.31,56.698,135.52
592.65,434.23,56.708,135.54
599.55,435,56.696,135.52
617.47,441.14,56.579,135.24
629.03,444.77,56.282,134.53
639.2,447.13,55.808,133.4
645.61,446.35,55.77,133.3
649.87,442.32,56.207,134.35
654.16,433.27,56.437,134.9
656.13,426.55,56.584,135.25
658,420.03,56.948,136.12
658.48,415.33,57.044,136.35
660,410,56.912,136.03
667.66,404.55,56.638,135.38
674.9,402.13,56.636,135.37
683.77,399.72,56.484,135.01
691.39,398.82,56.214,134.37
696.93,397.27,56.146,134.2
700.23,395.2,56.119,134.14
702.8,394.67,55.942,133.72
705.44,394.93,55.955,133.75
709.43,397.4,56.141,134.19
713.21,400.56,55.953,133.74
719.08,406.44,56.205,134.34
723.87,411.2,56.528,135.12
728.17,413.48,57.013,136.27
731.48,414.34,57.03,136.32
732.87,414.48,57.01,136.27
733.93,415.75,56.924,136.06
734.95,417.9,56.866,135.92
735.24,420.76,56.571,135.22
733.85,424.72,56.295,134.56
730.06,427.18,56.012,133.88
725.22,430.95,56.311,134.6
722.68,432.7,56.295,134.56
717.94,434.33,56.31,134.59
713.39,436.32,56.214,134.37
706.12,437.02,56.013,133.88
700.5,438.11,55.794,133.36
692.06,437.83,55.897,133.61
687.52,436.95,55.895,133.6
683.65,435.42,55.706,133.15
680.11,432.39,55.354,132.31
672.26,424.91,55.429,132.49
668.16,422.54,55.331,132.25
664.43,419.18,55.225,132
663.46,416.67,55.08,131.65
663.05,412.77,55.27,132.11
667.63,403.53,55.255,132.07
671.82,397.52,55.295,132.17
674.75,392.22,55.836,133.46
676.41,390.35,56.184,134.29
678.38,388.71,56.444,134.92
678.44,395.83,56.721,135.58
587.15,406.59,55.739,133.23
594.9,411.73,55.318,132.22
604.63,415.58,54.742,130.85
614.96,417.17,54.192,129.53
628.58,420.23,53.595,128.1
636.57,421.88,53.312,127.43
644.7,422.58,52.958,126.58
652.25,422.75,52.502,125.49
658.94,423.1,52.314,125.04
668.79,421.41,51.948,124.17
674.84,421.11,51.844,123.92
681.74,422.2,51.739,123.67
687.65,423.7,51.708,123.59
694.15,425.83,51.777,123.76
704.16,429.34,51.794,123.8
709.95,429.83,51.962,124.2
711.69,429.11,52.325,125.07
713.22,427.69,52.556,125.62
715.26,423.15,52.871,126.37
720.54,416.26,53.49,127.85
723.32,412.71,53.959,128.98
729.41,405.86,54.154,129.44
735.55,402.08,53.906,128.85
739.05,393.49,54.108,129.33
745.89,380.93,54.375,129.97
753.16,377.45,54.204,129.56
762.61,375.74,53.931,128.91
774.24,372.54,53.516,127.92
783.65,370.52,53.108,126.94
790.56,366.41,53.042,126.78
790.16,358.95,52.618,125.77
781.53,356.67,52.171,124.7
766.79,331.35,52.418,125.29
720.55,280.41,52.238,124.86
731.01,302.87,52.085,124.5
739.74,327.95,52.378,125.2
742.47,348.97,52.432,125.33
738.36,365.51,52.289,124.98
720,371.74,52.241,124.87
690.92,368.78,52.48,125.44
661.7,367.28,52.78,126.16
676.87,325.45,52.079,124.48
653.2,324.82,51.609,123.36
648.46,379.81,51.433,122.94
641.57,353,51.561,123.24
680.95,383.36,50.933,121.74
663.64,394.42,50.531,120.78
640.81,417.3,50.371,120.4
616.23,422.94,50.424,120.53
595.48,405.72,49.78,118.99
575.66,408.38,49.549,118.43
567.73,415.18,49.04,117.22
573.55,416.57,48.893,116.87
592.27,402.69,48.627,116.23
572.1,392.18,48.969,117.05
594.34,375.32,49.292,117.82
570.63,353.25,48.994,117.11
582.48,349.4,49.033,117.2
599.1,324.34,48.34,115.54
624.05,295.64,48.406,115.7
637.23,338.66,48.542,116.03
627.96,340.53,48.356,115.58
605.45,330.52,48.098,114.97
622.55,347.86,47.608,113.79
643.97,357.14,47.549,113.65
696.18,331.95,47.592,113.76
668.79,355.34,46.949,112.22
669.74,346.41,46.511,111.17
687.3,341.39,46.308,110.69
683.31,354.92,45.962,109.86
702.39,302.07,45.697,109.23
735.24,280.67,46.071,110.12
708.22,262.36,46.556,111.28
685.92,251.15,46.261,110.57
670,243.12,46.232,110.51
670.24,219.66,46.223,110.48
625.92,244.15,46.122,110.24
636.58,213.71,45.845,109.58
659.05,218.45,45.605,109.01
662.06,215.31,45.717,109.27
670.83,157.8,45.622,109.05
675.23,155.17,45.641,109.09
675.59,157.73,45.827,109.54
682.88,167.99,45.503,108.76
693.01,174.88,45.656,109.13
718.93,196.97,45.591,108.97
781.03,207.15,46.041,110.05
801.56,223.66,45.888,109.68
823.47,239.16,45.959,109.85
804.34,254.74,46.039,110.04
819.18,263.56,46.186,110.4
779.46,271.95,45.947,109.82
777.17,270.42,45.666,109.15
781.46,237.72,45.479,108.71
750.9,224.72,45.488,108.73
801.59,203.15,45.711,109.26
782.8,187.14,45.887,109.68
762.27,182.98,46.457,111.04
735.54,186.63,46.912,112.13
698.55,196.2,47.172,112.75
671.71,196.3,47.432,113.37
655.47,196,47.678,113.96
640.65,195.48,47.707,114.03
623.91,195.75,47.82,114.3
613.35,194.39,47.731,114.09
593.68,180.02,47.828,114.32
579.94,170.02,47.715,114.05
563.85,157.28,48.297,115.44
531.66,144.94,48.504,115.94
508.34,144.82,48.766,116.56
492.72,137.13,48.787,116.61
503.66,142.33,48.868,116.81
521.48,141.4,49.035,117.21
535.89,136.75,49.168,117.52
549.1,127.95,49.165,117.52
539.71,121.52,49.103,117.37
548,112.92,49.482,118.27
515.12,120.54,49.755,118.93
481.43,131.85,49.967,119.43
454.6,144.78,49.933,119.35
408.55,161.64,50.35,120.35
388.48,163.67,50.694,121.17
370.55,162.67,50.898,121.66
346.71,158.28,50.77,121.35
330.31,154.67,50.742,121.29
298.61,157.03,50.656,121.08
285.67,159.66,50.239,120.08
267.52,165.8,49.955,119.41
248.83,168.17,50.154,119.88
227.59,170.14,50.331,120.3
197.4,173.97,50.5,120.71
187.11,176.68,50.405,120.48
179.47,179.66,50.068,119.68
176.82,182.27,49.946,119.38
177.64,186.42,49.976,119.46
177.06,189.53,50.051,119.63
173.08,191.03,50.032,119.59
167.46,191.64,50.085,119.72
160.4,191.48,50.012,119.54
154.32,193.13,49.662,118.7
147.88,205.81,49.579,118.51
145.71,212.56,49.355,117.97
145.3,218.46,49.402,118.08
141.77,222.79,49.419,118.12
138.04,225.49,49.632,118.63
128.15,229.51,49.712,118.82
122.29,229.17,49.77,118.96
117.67,229.64,49.667,118.72
112.8,228.99,49.691,118.77
107.49,229.88,49.6,118.56
95.862,232.22,49.749,118.91
90.512,233.79,49.803,119.04
87.106,235.5,49.789,119.01
81.554,237.51,50.034,119.59
74.857,239.77,50.255,120.12
52.936,245,50.421,120.52
37.223,250.4,50.618,120.99
20.138,258.88,50.723,121.24
1.1381,267.89,50.61,120.97
-18.065,275.44,50.605,120.96
-14.786,270.69,50.403,120.48
13.383,281.45,50.193,119.97
-49.377,276.54,49.755,118.93
-54.798,273.98,49.514,118.35
-54.177,276.2,49.09,117.34
-52.114,283.78,48.855,116.78
-55.466,289.3,48.811,116.67
-54.276,297.48,48.551,116.05
-23.115,309.52,48.401,115.69
-13.451,314.09,48.307,115.47
-16.022,296.91,47.949,114.61
-19.748,296.82,47.732,114.09
-21.32,299.57,47.639,113.87
-0.9124,275.37,48.048,114.85
0.28777,274.16,48.52,115.97
13.258,233,48.237,115.3
17.254,235.49,48.189,115.18
31.537,211.72,47.925,114.55
82.589,176.53,48.226,115.27
82.27,174.36,48.02,114.78
80.169,172.69,47.735,114.1
80.177,173.07,47.65,113.9
79.686,172.58,47.628,113.84
79.423,172.1,47.905,114.5
79.627,170.74,48.193,115.19
51.502,134.13,48.339,115.54
50.768,134.62,48.544,116.03
48.163,134.33,48.674,116.34
39.019,134.87,48.701,116.41
37.807,135.92,49.163,117.51
28.85,139.98,49.847,119.15
19.392,141.92,49.796,119.03
14.486,141.71,50.028,119.58
2.4864,140.95,49.813,119.06
-2.1065,138.03,49.803,119.04
-5.3933,136.51,50.142,119.85
-6.5913,132.33,50.23,120.06
2.1494,146.41,50.701,121.19
-3.0527,121.53,51.089,122.11
-1.5133,118.23,51.362,122.77
-0.22215,117.11,51.532,123.17
-0.026531,118.03,51.473,123.03
2.3638,120.22,51.272,122.55
6.3129,124.56,51.288,122.59
10.483,127.49,51.408,122.88
16.31,130.75,51.146,122.25
17.591,131.62,51.047,122.02
18.493,132.53,51.014,121.94
18.415,131.23,51.029,121.97
16.32,130.06,51.155,122.27
12.509,127.57,50.792,121.4
11.371,125.57,50.585,120.91
11.821,123.32,50.357,120.37
12.281,119.23,50.234,120.07
6.1672,110.11,50.172,119.92
-1.8163,101.13,50.53,120.78
-10.911,90.531,50.299,120.23
-9.7459,86.656,50.492,120.69
-5.8388,90.447,50.747,121.3
-0.93661,98.899,50.99,121.88
6.2021,109.59,50.748,121.3
14.709,118.03,50.529,120.78
17.323,121.82,50.354,120.36
16.531,122.19,50.263,120.14
9.7574,118.82,50.254,120.12
-3.1199,114.06,50.307,120.25
-17.544,108.2,50.517,120.75
-13.408,117.27,50.816,121.46
-20.298,110.43,51.261,122.53
-20.968,105.21,51.935,124.14
-21.049,104.3,52.587,125.7
-21.576,101.58,53.24,127.26
-19.327,96.378,53.653,128.24
-12.891,39.195,53.78,128.55
-15.326,40.091,53.642,128.22
-17.151,44.555,53.786,128.56
-20.089,45.53,53.767,128.52
-18.132,47.844,53.263,127.31
-20.185,47.105,53.339,127.49
-19.296,49.267,53.55,128
-8.3069,52.557,53.891,128.81
-3.8359,62.53,54.222,129.6
-1.3618,70.599,54.724,130.8
13.371,71.922,54.846,131.1
-25.218,130.96,54.741,130.84
-14.618,128.82,54.421,130.08
-4.3012,126.24,54.281,129.74
1.4776,126.91,54.045,129.18
1.0554,127.43,53.815,128.63
-3.1682,130.49,53.778,128.54
-12.184,135.03,53.018,126.73
-19.77,138.66,52.983,126.64
-20.631,140.85,53.262,127.31
-22.288,140.48,53.021,126.73
-22.278,138.79,52.669,125.89
-22.191,136.4,52.55,125.61
-22.119,133.12,52.327,125.07
-21.671,131.44,52.343,125.11
-23.39,132.02,52.618,125.77
-25.103,134.06,53.053,126.81
-20.729,137.74,52.927,126.51
-25.763,138.81,53.306,127.41
-16.773,84.505,53.547,127.99
-7.5975,79.532,53.518,127.92
-9.4861,79.485,53.495,127.87
-4.96,77.97,53.586,128.08
-5.1761,79.37,53.631,128.19
-4.4958,80.474,53.992,129.05
-9.7622,79.24,53.995,129.06
-10.377,79.702,53.869,128.76
-10.38,78.418,54.221,129.6
-13.574,77.435,54.202,129.56
-12.609,79.702,54.218,129.6
-12.945,80.284,54.671,130.68
-13.533,80.542,54.769,130.91
-16.331,84.911,55.089,131.68
-17.429,88.918,55.119,131.75
-19.731,89.216,55.462,132.57
-21.383,88.291,55.636,132.98
-21.695,88.611,55.987,133.82
-21.973,86.924,56.18,134.28
-23.386,84.985,56.323,134.63
-20.671,86.664,56.343,134.67
-12.547,68.575,56.279,134.52
-13.401,70.438,55.933,133.69
-10.84,71.614,56.072,134.03
-18.448,73.524,56.275,134.51
-21.683,74.635,56.367,134.73
-23.039,72.608,56.235,134.42
-23.927,71.134,56.385,134.77
-23.055,70.424,56.489,135.02
-20.679,68,56.689,135.5
-18.377,69.172,56.754,135.66
-21.243,67.271,56.934,136.09
-24.779,44.299,56.954,136.13
-24.299,39.689,56.389,134.78
-23.275,78.219,56.453,134.94
-22.323,77.802,56.646,135.4
-22.573,79.895,56.727,135.59
-21.48,79.585,56.571,135.22
-0.68056,68.678,56.861,135.91
-1.87,69.33,56.804,135.78
-2.6311,72.565,57.262,136.87
-2.6692,71.74,57.502,137.44
-1.8124,69.682,57.463,137.35
0.56968,69.047,57.471,137.37
2.3571,67.553,57.467,137.36
2.4085,66.659,57.183,136.68
-20.045,44.276,57.278,136.91
4.4895,66.484,57.229,136.79
2.5146,67.529,57.421,137.25
4.7279,66.811,57.291,136.94
2.4018,68.643,57.196,136.71
3.5243,70.044,57.209,136.74
1.1536,70.579,56.971,136.18
5.4735,70.968,56.978,136.19
1.919,70.011,56.922,136.06
4.4147,70.174,57.171,136.65
3.0072,70.486,57.355,137.09
-21.634,66.073,57.44,137.3
-23.539,65.302,57.416,137.24
-24.158,67.651,57.148,136.6
-21.512,70.85,57.024,136.3
-19.139,71.818,57.146,136.59
-17.806,72.669,57.356,137.09
-16.774,69.388,57.382,137.16
-19.917,67.455,57.686,137.88
-19.415,66.385,57.831,138.23
-21.276,65.629,58.033,138.71
-21.51,66.618,58.249,139.23
-21.809,66.532,58.735,140.39
-19.883,65.33,58.633,140.15
-19.35,66.346,58.7,140.31
-20.757,66.231,58.764,140.46
-20.498,65.726,58.764,140.46
-21.194,65.151,58.661,140.21
-20.822,63.594,58.565,139.98
-18.262,63.556,58.524,139.89
-17.707,61.512,58.137,138.96
-19.95,62.453,58.131,138.95
-20.78,60.809,58.054,138.76
-21.253,61.234,57.837,138.24
-22.411,61.396,57.822,138.21
-22.94,60.848,57.433,137.28
-23.515,61.256,57.217,136.76
-23.312,60.95,56.92,136.05
-23.387,59.923,56.837,135.86
-23.423,57.561,56.847,135.88
-21.887,57.003,57.008,136.26
-21.607,58.736,56.963,136.15
-22.649,55.883,57.164,136.64
-22.941,56.34,57.243,136.82
-21.693,53.918,57.385,137.16
-20.124,52.876,57.283,136.92
-8.8278,37.632,57.576,137.62
-11.892,31.618,57.447,137.31
-12.045,24.458,57.233,136.8
-14.12,20.592,57.239,136.82
-16.769,15.389,57.351,137.08
-21.875,3.3788,56.992,136.22
-20.561,0.26582,56.704,135.54
-22.869,-4.6593,56.613,135.32
-27.582,-0.62172,56.163,134.24
-24.98,-3.1025,55.8,133.37
-14.722,-4.7134,55.494,132.64
-13.079,-3.843,55.227,132.01
-20.328,54.821,54.828,131.05
-18.439,32.413,54.879,131.17
-17.994,35.914,54.684,130.71
-18.672,34.666,54.017,129.11
-17.006,44.797,53.921,128.88
-20.041,48.875,53.974,129.01
-8.738,1.3946,54.476,130.21
-7.9181,4.9879,55.269,132.11
-18.003,-1.4482,55.088,131.67
-12.988,1.366,55.181,131.9
-18.711,-5.7002,55.008,131.48
-20.469,-5.1573,54.938,131.31
-23.834,-0.96102,55.091,131.68
-23.39,4.385,55.283,132.14
-26.316,7.3951,55.654,133.03
-17.1,3.0826,55.481,132.61
-14.528,3.2022,55.055,131.6
19.992,56.932,55.819,133.42
18.384,60.055,56.53,135.12
82.593,55.964,57.091,136.46
129.6,23.7,57.37,137.13
149.72,19.208,57.561,137.58
155.1,24.899,57.996,138.62
155.62,29.274,58.057,138.77
158.45,36.18,58.218,139.15
169.55,48.162,58.627,140.13
168.57,53.646,58.868,140.71
165.27,57.826,59.124,141.32
158.25,62.592,59.962,143.32
146.96,70.532,60.602,144.85
118.12,69.592,61.09,146.02
99.199,67.878,61.602,147.24
88.718,57.343,61.746,147.59
83.164,50.022,61.641,147.34
83.881,44.159,61.319,146.57
87.319,47.349,61.172,146.22
88.21,55.405,61.579,147.19
88.127,57.284,61.63,147.31
86.483,58.414,61.796,147.71
85.963,57.987,61.894,147.94
84.514,54.183,62.252,148.8
92.438,44.253,62.125,148.49
99.44,38.769,62.003,148.2
102.29,36.587,61.891,147.93
101.74,34.258,61.848,147.83
95.048,35.411,61.953,148.08
83.157,35.277,61.687,147.45
76.034,35.926,61.848,147.83
72.792,36.913,61.55,147.12
71.771,37.922,61.67,147.41
74.052,39.556,61.694,147.46
77.591,36.619,61.819,147.76
76.991,33.714,62.022,148.25
75.081,33.183,62.165,148.59
70.144,33.734,62.313,148.94
65.863,37.264,62.465,149.31
59.275,41.364,62.451,149.27
57.117,44.996,61.985,148.16
57.831,47.781,61.615,147.27
60.279,48.003,61.344,146.63
65.889,47.09,61.255,146.41
73.508,46.618,60.983,145.76
76.048,45.678,60.755,145.22
80.052,45.912,60.63,144.92
84.614,46.892,60.694,145.07
90.691,48.724,60.602,144.85
95.791,57.293,60.418,144.41
95.495,59.672,60.434,144.45
92.422,60.964,60.536,144.7
87.006,60.802,60.575,144.79
81.954,60.512,60.637,144.94
76.512,59.626,60.976,145.75
73.445,58.194,61.215,146.32
73.202,56.705,61.278,146.47
73.008,54.789,61.695,147.47
73.014,54.345,62.06,148.34
73.426,54.726,62.147,148.55
72.202,54.732,61.61,147.26
72.301,54.952,61.823,147.77
72.069,54.952,61.741,147.58
73.155,54.724,62.063,148.35
78.347,50.536,62.307,148.93
83.44,46.125,62.719,149.91
92.466,40.674,63.394,151.53
97.697,39.143,63.895,152.73
100.13,38.248,63.662,152.17
123.74,29.594,63.513,151.81
130.74,26.378,63.398,151.54
137.54,23.493,63.945,152.84
142.96,20.515,63.798,152.49
149.6,19.115,63.67,152.19
162.32,17.766,63.369,151.47
166.1,15.823,63.338,151.39
170,14.896,63.019,150.63
173.97,13.456,62.717,149.91
179.44,11.62,62.918,150.39
187.5,10.217,62.992,150.57
189.3,8.2699,62.867,150.27
191.85,6.6099,62.94,150.44
193.35,4.2652,63.078,150.77
193.65,0.98986,63.241,151.16
196.45,-4.9212,63.108,150.84
197.09,-7.9118,63.293,151.29
196.76,-9.5221,63.298,151.3
195.72,-10.585,63.117,150.87
194.81,-13.044,62.655,149.76
193.48,-22.352,63.05,150.7
192.95,-25.963,63.09,150.8
193.96,-26.711,62.86,150.25
199.05,-20.96,61.997,148.19
211.65,-10.578,61.29,146.5
231.57,6.577,61.854,147.85
235.11,14.365,61.779,147.67
233.51,15.627,61.498,147
234.34,13.603,61.256,146.42
239.86,8.8051,60.64,144.94
261.59,8.3158,60.817,145.37
260.7,8.2605,61.162,146.19
257.78,8.982,61.113,146.07
254.55,7.7338,61.012,145.83
252.98,3.0583,60.976,145.75
255.61,-7.1491,60.788,145.3
260.57,-8.1419,60.384,144.33
266.09,-6.958,60.105,143.67
270.35,0.47495,59.921,143.23
266.11,8.4249,60.062,143.56
260.47,10.716,60.064,143.57
260.95,12.567,59.797,142.93
254.63,18.536,60.073,143.59
275.1,17.382,60.513,144.64
285.64,20.347,60.983,145.76
318.46,39.499,61.082,146
328.28,51.148,61.428,146.83
335.69,61.824,61.433,146.84
339.98,70.658,61.549,147.12
332.79,77.925,61.516,147.04
318.38,84.313,61.238,146.37
303.28,87.234,61.026,145.87
286.33,89.145,61.042,145.9
264.89,89.007,61.452,146.89
240.72,86.703,61.992,148.18
199.15,70.758,61.702,147.48
171.31,58.487,61.305,146.53
141.5,46.84,61.371,146.69
112.43,35.016,61.292,146.5
80.196,23.02,61.571,147.17
10.511,7.4293,61.978,148.14
-13.572,7.6468,61.796,147.71
-23.355,33.549,61.114,146.08
-25.373,19.02,60.406,144.39
-22.127,17.618,59.88,143.13
-5.1901,45.533,59.38,141.93
-19.581,62.832,59.488,142.19
-13.637,69.927,59.001,141.03
-9.1704,83.618,58.782,140.5
-16.733,74.793,58.226,139.17
-17.501,99.68,58.002,138.64
-20.293,73.396,57.276,136.9
-20.594,71.792,57.182,136.68
-21,69.548,57.194,136.71
-22.224,114.35,57.207,136.74
-19.912,73.089,56.823,135.82
-9.5672,51.063,56.832,135.84
-7.4472,49.211,56.702,135.53
-8.2653,47.955,56.779,135.71
-8.2932,49.964,56.643,135.39
-22.662,34.185,56.325,134.63
-19.409,45.65,56.41,134.83
-7.5525,68.161,56.34,134.67
-14.39,65.206,56.509,135.07
-16.293,63.937,56.643,135.39
-16.673,62.159,56.346,134.68
-19.951,61.386,56.094,134.08
-20.089,56.906,56.137,134.18
-18.654,58.411,55.987,133.82
-19.902,61.035,56.04,133.95
-16.345,59.443,55.691,133.11
-20.256,59.265,55.707,133.15
-20.215,59.637,55.668,133.06
-20.141,66.296,56.062,134
-20.497,66.332,56.202,134.34
-16.603,65.326,56.207,134.35
-20.039,18.374,56.286,134.54
-16.232,16.119,56.222,134.38
-16.388,15.504,56.157,134.23
-14.887,13.482,55.934,133.7
-17.472,9.6395,55.944,133.72
-25.676,48.667,55.875,133.56
-26.538,40.92,56.428,134.88
-27.672,36.858,56.828,135.83
-25.087,43.105,57.031,136.32
-20.743,54.798,57.485,137.4
-21.172,59.288,57.632,137.76
-23.253,63.398,57.855,138.29
-25.143,67.313,58.09,138.85
-23.782,68.308,57.922,138.45
-18.539,37.59,58.078,138.82
-22.945,36.622,58.094,138.86
-23.551,34.58,58.071,138.8
-21.35,31.99,57.698,137.91
-26.008,31.84,57.259,136.86
-24.149,37.523,57.297,136.95
-16.862,70.295,56.864,135.92
-18.023,75.621,56.628,135.36
-20.214,81.8,56.02,133.9
-20.904,82.774,55.812,133.41
-20.355,85.421,55.709,133.16
-21.415,86.095,55.561,132.8
-21.04,87.654,55.316,132.22
-20.795,92.955,55.223,132
-20.591,93.874,55.235,132.03
-20.581,95.075,55.161,131.85
-20.082,95.295,55.182,131.9
-20.309,91.413,55.267,132.1
-19.645,87.213,55.506,132.67
-18.322,81.328,55.828,133.44
-16.397,78.82,55.793,133.36
-17.865,79.143,55.641,133
-21.093,79.575,55.278,132.13
-21.427,78.325,55.033,131.54
-21.498,78.359,54.747,130.86
-20.433,76.429,54.866,131.14
-19.619,71.575,54.876,131.17
-24.504,38.872,55.129,131.77
-25.029,33.565,55.21,131.97
-24.907,28.837,54.943,131.33
-23.352,28.122,54.704,130.76
-20.346,26.476,54.972,131.4
-21.628,54.153,55.047,131.58
-18.385,55.665,55.045,131.57
-17.015,55.354,55.385,132.38
-16.78,51.599,55.56,132.8
-16.952,44.795,55.667,133.06
-17.707,40.965,55.702,133.14
-18.052,37.474,55.96,133.76
-17.351,35.392,56.102,134.1
-16.655,32.202,56.311,134.6
-16.665,27.577,56.759,135.67
-17.547,19.521,57.173,136.66
-13.516,13.433,57.271,136.89
-8.7767,8.2814,56.933,136.08
-14.298,11.862,56.595,135.28
-12.975,10.187,56.376,134.75
-13.571,11.185,56.447,134.92
-2.2578,9.6022,56.269,134.5
-4.36,10.918,55.972,133.79
-16.317,13.816,56.634,135.37
-16.855,12.192,56.826,135.83
-14.382,11.262,57.198,136.72
-13.568,10.28,57.429,137.27
-12.352,10.841,57.458,137.34
-16.192,12.918,57.385,137.16
-16.11,14.635,57.096,136.47
-16.308,17.746,56.709,135.55
-17.357,20.78,56.471,134.98
-18.216,23.265,56.302,134.58
-18.318,24.312,56.637,135.38
-18.767,22.693,56.653,135.41
-20.93,21.52,56.752,135.65
-21.399,20.916,56.68,135.48
-22.454,23.633,56.585,135.25
-22.794,26.87,56.588,135.26
-20.337,21.554,56.387,134.78
-19.037,22.207,56.527,135.11
-20.178,21.93,56.732,135.6
-20.105,22.261,57.202,136.73
-23.746,35.791,57.492,137.42
-24.623,25.64,58.4,139.59
-26.181,28.186,59.219,141.55
-8.2007,62.515,59.303,141.75
-10.941,66.092,59.409,142
-11.55,71.174,60.1,143.65
-15.86,71.243,60.597,144.84
-24.316,38.769,60.906,145.58
-25.901,35.052,61.2,146.28
-25.66,35.315,61.356,146.66
-23.624,34.302,61.248,146.4
-24.948,34.679,61.352,146.65
-24.401,32.462,61.148,146.16
-23.717,29.502,60.671,145.02
-20.181,24.055,60.737,145.18
-15.611,20.527,60.222,143.95
-25.147,-4.3027,59.358,141.88
-23.098,-2.1716,58.677,140.25
-20.458,3.1065,57.963,138.55
-18.818,7.8722,57.338,137.05
-17.525,12.318,57.05,136.36
-13.231,14.342,57.207,136.74
-13.107,14.122,57.214,136.76
-13.763,14.052,57.764,138.07
-13.327,13.5,58.206,139.13
-11.638,12.854,58.275,139.29
-12.281,12.12,58.358,139.49
-12.264,10.983,58.293,139.34
