869.5,361.5,84,188
872.88,355.79,84.074,188.17
871.3,354.46,84.728,189.63
870.14,353.79,84.79,189.77
869.46,353.34,84.775,189.73
868.62,353.18,84.851,189.9
868.5,353.68,84.37,188.83
867.99,353.74,84.23,188.51
866.97,352.69,84.374,188.84
865.31,351.54,84.923,190.07
864.06,350.09,85.527,191.42
863.13,349.45,85.273,190.85
862.01,348.72,84.919,190.06
860.97,347.83,85.238,190.77
859.94,347.12,85.486,191.33
859.02,346.42,86.007,192.49
858.16,345.24,86.408,193.39
857.91,343.81,87.035,194.79
857.29,343.09,87.622,196.11
855.49,341.66,88.072,197.11
854.69,340.75,88.373,197.79
852.94,339.94,88.566,198.22
851.35,339.93,88.649,198.4
851.58,340.58,89.27,199.79
850.74,341.08,89.427,200.15
849.89,341.2,89.599,200.53
846.02,341.5,89.863,201.12
843.23,342.55,89.83,201.05
838.62,341.69,90.144,201.75
837.92,342.76,90.642,202.87
834.59,341.9,90.758,203.13
831.19,341.15,91.08,203.85
825.28,340.14,90.758,203.12
824.61,341.31,90.378,202.28
821.93,341.72,90.561,202.68
820.04,342.3,91.405,204.57
860.93,344.51,91.101,203.89
858.95,344.18,91.66,205.14
857.7,342.21,92.378,206.75
855.46,341.25,92.884,207.88
852.29,339.17,92.813,207.72
848.79,338,92.673,207.41
848.33,337.84,92.685,207.44
847.25,338.17,92.673,207.41
844.2,337.71,93.267,208.74
843.33,336.64,93.501,209.26
839.77,336.07,93.905,210.17
835.41,335.11,94.265,210.97
839.12,336.19,94.713,211.98
837.54,335.54,95.069,212.77
835.03,335.05,95.283,213.25
831.93,333.11,95.635,214.04
830.15,332.4,96.056,214.98
828.57,333.02,95.804,214.42
827.03,331.92,95.649,214.07
827.66,331.15,95.793,214.39
824.5,331.24,95.125,212.9
823.8,332.28,94.765,212.09
855.8,342.62,92.908,207.94
854.66,348.01,91.534,204.86
853.69,353.56,90.539,202.64
853.39,359.75,89.713,200.79
850.38,364.67,89.533,200.38
849.48,368.9,89.18,199.59
846.37,368.75,89.391,200.07
845.34,369.33,89.815,201.01
844.78,366.26,90.188,201.85
842.83,361.22,90.402,202.33
842.71,358.53,90.76,203.13
842.53,356.08,91.127,203.95
841.64,353.55,91.4,204.56
842.13,352.15,91.333,204.41
842.62,351.98,91.372,204.5
840.86,351.71,91.361,204.48
840.91,351.65,91.086,203.86
842,350.99,90.413,202.35
839.69,349.83,90.408,202.34
837.58,347.2,90.198,201.87
836.77,346.29,90.118,201.69
836.67,343.96,90.166,201.8
834.71,341.9,90.269,202.03
836.76,341.41,90.554,202.67
845.64,340.88,90.807,203.23
854.49,345.05,90.258,202.01
851.49,343.33,90.325,202.16
849.85,342.49,90.326,202.16
848.8,341.48,90.2,201.88
846.74,341.66,90.23,201.94
844.25,342.29,90.312,202.13
841.31,342.19,90.475,202.49
841.41,344.08,90.304,202.11
839.43,343.77,90.487,202.52
838.73,344.54,90.678,202.94
839.67,346.32,90.61,202.79
838.78,348.58,90.683,202.96
838.17,350.69,90.445,202.42
836.62,350.44,90.307,202.12
835.98,350.49,90.099,201.65
836.15,351.03,90.232,201.95
833.66,349.53,90.226,201.93
833.03,348.59,90.275,202.04
833.12,346.97,90.524,202.6
832.68,345.66,90.87,203.38
830.75,343.52,90.766,203.14
831.57,343.7,91.137,203.97
829.97,342.86,91.083,203.85
829.26,342.95,91.005,203.68
828.33,342.66,90.88,203.4
826.42,343.37,90.961,203.58
825.16,343.49,90.991,203.65
823.25,343.61,91.211,204.14
824.27,344.15,91.434,204.64
823.44,342.76,91.253,204.23
824.54,341.94,91.682,205.19
838.8,343.28,91.845,205.56
837.49,344.01,92.148,206.24
833.34,343.11,92.333,206.65
834.22,344.1,93.12,208.41
833.24,345.01,93.402,209.04
831.35,345.26,93.166,208.51
831.84,346.26,93.362,208.95
830.53,345.43,93.38,208.99
829.97,345.09,93.602,209.49
830.55,345.48,93.883,210.12
828.73,343.61,93.886,210.12
828.36,343.14,94.162,210.74
829.2,342.94,94.565,211.65
821.41,341.39,95.096,212.83
813.45,341.59,95.583,213.92
815.39,341.19,96.377,215.7
813.48,336.07,96.955,217
812.15,333.12,97.378,217.94
816.31,332.05,97.653,218.56
812.96,328.2,98.027,219.39
814.66,325.97,98.567,220.6
814.15,325.51,99.356,222.37
814.55,324.93,99.916,223.62
816.45,323.91,100.89,225.81
815.88,320.91,101.69,227.6
815.99,318.98,102.32,229.01
816.82,316.65,102.88,230.26
816.48,315.39,103.55,231.76
816.83,315.43,104.42,233.7
816.6,317.54,104.66,234.23
817.62,318.11,104.83,234.62
817.58,318.87,104.68,234.28
818.72,320.17,104.4,233.67
819.61,322.32,103.68,232.05
819.9,323.63,103.14,230.84
819.15,324.96,102.8,230.07
820.74,326.23,102.67,229.77
819.13,326.27,102.38,229.13
818.97,326.79,102.33,229.01
817.59,327.28,101.67,227.54
816.35,328.12,101.76,227.75
814.35,328.64,101.6,227.39
813,331.48,101.62,227.45
812.48,334.09,101.23,226.57
811.13,336.92,100.66,225.29
811.02,340.5,99.998,223.8
810.86,341.68,99.788,223.33
811.61,342.41,100.25,224.36
811.35,342.23,100.42,224.74
811.08,342.84,100.06,223.94
807.8,342.27,99.825,223.42
802.34,341.41,100.33,224.56
795.43,341.69,100.65,225.26
789.28,341.52,100.83,225.67
788.06,342.02,100.4,224.7
787.92,343.56,100.29,224.47
787.61,343.93,100.24,224.35
787.73,345.2,100.25,224.38
787.84,346.54,100.03,223.87
787.7,348.04,100.09,224.02
787.19,349.33,99.719,223.18
787.45,349.88,100.29,224.46
785.58,350.07,99.779,223.31
784.02,349.21,99.768,223.29
784.6,346.45,100.18,224.22
783.78,341.92,100.3,224.48
782.49,337.88,100.55,225.05
776.91,333.02,100.51,224.95
773.92,330.67,100.72,225.43
772.58,330.36,100.92,225.88
772.02,332.44,101.08,226.22
771.58,334.99,101.32,226.77
771.11,338.92,101.32,226.76
770.32,343.47,101.22,226.55
770.34,347.78,101.06,226.17
772.82,350.38,100.72,225.42
773.59,350.14,100.92,225.87
772.45,350.69,100.87,225.76
766.96,349.14,101.03,226.12
764.81,349.91,100.59,225.12
766.12,350.74,100.33,224.54
765.07,352.26,99.988,223.78
764.91,351.7,100.02,223.85
765.74,353.5,99.911,223.61
764.55,355.74,99.927,223.65
759.23,356.54,99.627,222.97
756.58,357.68,99.234,222.09
755.17,358.42,99.29,222.22
752.76,359.66,99.037,221.65
752.05,360.91,98.961,221.48
752.54,362.94,98.737,220.98
754.17,364.78,98.996,221.56
753.91,366.26,98.934,221.42
755.09,367.73,98.571,220.61
757.14,369.9,98.619,220.72
757.79,371.25,98.328,220.07
757.52,372.37,98.046,219.44
758.92,371.63,98.47,220.38
761.14,370.01,98.605,220.69
761.61,365.85,98.561,220.59
762.83,363.26,98.53,220.52
761.85,361.72,98.272,219.94
759.91,358.21,98.027,219.39
757.68,357.45,98.495,220.44
756.12,355.2,98.615,220.71
754.67,353.57,98.784,221.09
753.73,352.33,98.902,221.35
753.11,352.28,99.03,221.64
753.93,352.04,99.147,221.9
754.41,353.52,99.102,221.8
753.99,354.86,99.227,222.08
752,356.07,98.711,220.93
751.49,356.7,98.602,220.68
750.93,356.93,98.522,220.5
751,355.68,98.764,221.04
749.22,354.16,98.629,220.74
747.97,354.04,98.754,221.02
746.27,353.76,99.027,221.63
744.77,353.81,99.016,221.61
744.01,355.22,99.192,222
745.4,356.84,99.524,222.74
744.81,357.38,99.136,221.88
747.63,358.57,99.408,222.48
748.29,358.53,99.311,222.27
752.1,357.95,99.903,223.59
754.46,357.27,100.24,224.34
755.01,354.1,100.45,224.83
754.24,353.1,101,226.04
754.88,350.98,101.16,226.4
753.47,349.77,101.2,226.49
752.78,349.29,101.08,226.22
752.62,348.75,101.29,226.71
752.59,348.56,101.66,227.52
752.22,348.94,101.83,227.9
751.79,350.29,101.4,226.94
751.26,350.35,101.63,227.46
751.43,350.6,102.25,228.85
751.37,351.48,102.24,228.83
748.6,352.07,102.57,229.56
743.88,352.6,102.39,229.17
742.86,353.21,102.78,230.03
739.8,353.5,103.16,230.88
736.84,352.94,103.22,231.02
731.48,352.22,102.95,230.42
720.33,352.03,102.59,229.61
709.43,352.25,101.79,227.82
699.16,352.1,102.06,228.42
687.42,352.04,101.92,228.11
679.76,352.9,101.94,228.15
674.4,354.2,102.26,228.86
671.49,355.43,102.19,228.71
669.01,356.68,102.12,228.55
665.33,356.85,101.82,227.88
660.36,357.72,101.64,227.48
654.13,357.15,101.58,227.35
649.3,354.97,101.87,227.99
642.33,352.94,101.92,228.1
637.88,352.28,102,228.29
634.4,351.31,101.82,227.89
630.27,350.19,102.6,229.63
625.17,349.66,102.82,230.12
622.27,349.73,102.33,229.01
616.43,349.78,102.79,230.06
611.28,350.67,102.63,229.68
605.77,352.75,102.42,229.22
601.47,354.65,102.4,229.18
596.7,355.32,102.46,229.31
591.93,355.35,102.07,228.45
587.54,355.27,102.13,228.58
581.62,354.48,102.05,228.39
573.46,352.21,102.17,228.66
563.79,350.2,102.09,228.48
544.1,346.49,101.52,227.21
521.75,344.24,100.7,225.38
502.04,341.53,100.92,225.87
480.12,340.61,100.77,225.52
463.58,338.32,100.76,225.52
454.34,338.06,100.52,224.98
445.93,338.03,100.33,224.55
441.24,338.5,100.07,223.96
427.69,337.9,100.22,224.31
407.02,337.71,100.01,223.83
391.64,338.15,99.701,223.14
367.73,337.2,99.288,222.22
388.25,338.56,99.96,223.72
384.38,338.39,100.32,224.52
377.72,338.87,100.56,225.06
366.86,337.19,100.66,225.28
364.03,337.08,100.67,225.3
354.66,337.5,100.6,225.15
346.41,337.99,100.66,225.29
336.65,338.59,100.63,225.23
324.39,337.97,100.62,225.21
313.41,337.44,100.69,225.34
301.89,335.72,100.68,225.33
291.76,331.79,100.8,225.59
280.27,328.05,100.96,225.96
270.88,324.85,101,226.04
264.36,324.7,100.79,225.57
259.01,323.99,100.99,226.04
257.92,325.58,100.71,225.4
258.68,326.92,100.98,226
254.99,329.9,100.71,225.4
253.31,333.36,100.65,225.26
247.73,337.42,100.15,224.15
229.85,342.24,100.5,224.94
221.61,345.06,100.49,224.92
214,347.13,100.26,224.39
207.29,348.33,100.11,224.05
202.98,349.11,100.24,224.35
199.51,350.13,100.68,225.34
195.36,352.86,100.64,225.24
189.5,354.51,100.58,225.1
182.55,356.51,100.72,225.42
169.16,356.37,100.99,226.03
