92.5,352.5,63,102
94.822,346.41,63.482,102.78
99.841,346.9,63.116,102.19
106.56,345.66,62.819,101.71
108.93,343.37,63.232,102.38
113.55,342.64,62.361,100.97
117.54,342.73,62.247,100.78
119.9,341.24,62.289,100.85
122.99,339.97,61.637,99.794
125.05,339.12,61.138,98.986
128.68,339.68,60.598,98.111
134.63,337.88,60,97.142
138.47,334.43,60.308,97.642
141.64,333.93,60.081,97.274
144.57,333.75,60.245,97.539
146.72,333.76,59.863,96.921
149.64,331.01,59.773,96.775
152.06,329.86,59.399,96.169
155,329.69,58.823,95.237
157.42,330.08,58.849,95.28
163.02,329.47,57.82,93.613
166.85,327.31,57.816,93.607
169.83,325.49,58.024,93.944
172.55,325,57.894,93.733
175.48,324.92,57.39,92.916
177.05,322.51,57.301,92.773
178.97,321.67,57.326,92.813
181.08,321.7,57.091,92.433
184.86,321.47,56.673,91.756
188,320.14,56.442,91.383
192.21,317.69,57.168,92.558
195.06,317.12,57.296,92.764
197.56,316.54,57.348,92.849
199.5,314.58,57.432,92.985
201.96,312.87,57.275,92.731
204.92,312.91,56.976,92.247
207.76,312.45,57.03,92.335
211.96,311.62,56.35,91.234
215.45,309.81,56.219,91.021
218.57,309.05,56.047,90.743
222.79,308.75,55.365,89.639
225.59,308.06,55.464,89.799
227.86,306.23,55.566,89.964
230,304.89,55.267,89.479
232.43,304.05,55.485,89.833
237.2,304.47,55.293,89.522
240.62,302.55,54.876,88.847
244.04,300.87,55.184,89.345
247.37,299.85,54.824,88.763
249.71,299.35,54.21,87.769
252.02,297.65,53.852,87.189
254.32,296.24,53.815,87.129
257.88,294.68,53.64,86.846
262.34,294.05,53.811,87.122
265.13,292.44,53.601,86.783
267.78,292,53.609,86.795
271.06,291.28,53.77,87.056
273.63,290.07,53.532,86.671
275.49,289.5,53.115,85.995
277.51,288.05,53.021,85.843
279.88,288.05,52.878,85.611
282.7,288.32,52.891,85.633
285.3,287.61,52.877,85.61
287.88,286.46,52.62,85.194
290.78,285.65,52.674,85.282
293.32,284.94,52.488,84.98
294.45,283.94,52.832,85.538
295.95,282.95,52.743,85.393
297.24,281.51,52.525,85.041
299.46,282.09,52.325,84.717
302.08,281.8,51.946,84.102
305.25,280.91,51.984,84.164
307.65,279.5,52.318,84.706
310.1,279.25,52.275,84.636
312.3,279.17,52.413,84.86
313.93,276.63,52.25,84.596
316,276.08,52.575,85.121
318.94,276.24,52.584,85.135
322.08,276.14,52.222,84.549
325.12,274.61,51.964,84.133
327.96,272.87,51.772,83.822
331.14,273.43,51.752,83.789
332.93,273.32,51.69,83.689
334.86,270.25,51.32,83.089
336.79,269.54,51.315,83.082
339.12,270.22,51.279,83.024
342.11,269.92,51.232,82.947
344.11,268.36,51.349,83.137
346.66,266.14,51.525,83.421
350.19,266.51,51.597,83.538
353.17,265.66,51.675,83.664
354.07,263.94,51.852,83.95
355.11,263.18,51.913,84.049
356.98,263.26,51.619,83.573
357.72,264,51.666,83.649
360.48,263.41,52.039,84.253
360.94,260.82,52.202,84.518
362.44,260.33,52.55,85.08
362.65,260.46,52.809,85.5
362.6,259.61,52.981,85.778
364.19,258.78,53.241,86.2
364.85,258.85,53.413,86.478
365.92,258.79,53.471,86.572
367.24,258.9,53.49,86.603
369.29,257.48,53.561,86.717
371.3,256.09,53.449,86.536
372.34,255.95,53.398,86.454
373.28,256.01,53.342,86.363
374.82,254.64,53.421,86.491
374.86,253.42,53.186,86.11
376.53,254.05,53.133,86.025
378.54,254.04,52.92,85.679
380.59,253.76,52.847,85.561
381.77,252.28,52.79,85.469
382.73,251.14,52.693,85.313
383.28,251.43,52.66,85.259
383.85,251.11,52.754,85.411
383.95,250.14,52.534,85.056
384.79,250.21,52.618,85.191
386.1,250.69,52.55,85.081
387.99,250.5,52.568,85.109
389.79,249.11,52.611,85.179
391.54,248.13,52.658,85.255
392.91,246.98,52.555,85.09
394.66,247.27,52.427,84.883
394.98,245.92,52.068,84.301
395.94,245.48,51.991,84.176
397.76,245.52,51.824,83.905
400.59,245.5,51.692,83.692
402.51,244.12,51.558,83.474
404.58,243.46,51.417,83.246
407.04,242.98,51.195,82.887
409.37,243.16,50.959,82.505
411.16,242.02,50.615,81.948
414.07,240.61,50.327,81.481
416.06,241.05,50.179,81.243
418.26,241.26,50.132,81.167
421.79,242.09,49.843,80.699
424.75,240.73,49.615,80.328
427.62,239.61,49.432,80.032
428.79,239.02,49.134,79.55
430.67,239.7,48.838,79.071
431.7,238.65,48.434,78.417
431.87,237.51,48.242,78.106
432.65,236.86,48.039,77.778
433.35,236.81,47.917,77.581
434.8,237.52,47.807,77.401
435.09,236.87,47.819,77.421
435.39,235.12,47.728,77.274
436.36,234.59,47.567,77.014
435.06,234.44,47.506,76.914
434.61,234.95,47.362,76.681
433.28,234.13,47.513,76.926
433.13,234.02,47.373,76.698
432.63,235.07,47.3,76.581
433.09,234.46,47.226,76.461
432.89,232.89,47.229,76.465
433.07,231.92,47.09,76.242
433.27,232.32,47.278,76.546
432.14,231.76,47.473,76.861
432.05,230.92,47.736,77.286
431.48,229.72,47.737,77.289
431.04,229.74,47.735,77.285
431.82,230.2,47.629,77.114
433.19,230,47.436,76.8
434.27,228.69,47.309,76.596
434.2,228.18,47.125,76.298
435.36,228.85,47.059,76.191
435.63,228.54,47.084,76.231
436.16,227.49,47.129,76.304
436.43,227.1,46.845,75.844
437.56,227.64,46.449,75.203
439.01,228.03,46.325,75.002
440.59,228.05,46.064,74.58
442.33,226.36,45.84,74.217
443.57,225.61,45.477,73.629
444.55,226.13,45.293,73.332
445.63,226,45.32,73.376
446.41,224.65,45.294,73.333
447.03,223.89,45.331,73.393
447.98,224,45.04,72.921
448.98,224.28,44.574,72.167
451.05,224,44.322,71.759
451.67,222.32,44.232,71.614
453.05,221.8,44.18,71.53
453.06,222.51,44.15,71.481
453.38,222.11,44.067,71.347
454.24,220.57,43.751,70.835
455.09,219.91,43.638,70.653
455.63,220.05,43.494,70.419
457.54,220.72,43.426,70.309
459.6,219.77,43.284,70.08
461.25,219.79,43.186,69.92
463.22,218.81,43.406,70.276
464.22,218.13,43.379,70.233
464.62,218.36,43.271,70.057
465.21,217.91,43.204,69.949
466.33,217.41,43.324,70.144
465.57,216.36,43.234,69.998
466.75,216.85,43.31,70.121
467.39,216.55,43.214,69.966
469.34,216.95,43,69.62
469.91,215.67,42.837,69.355
471.35,215.46,42.744,69.204
471.62,215.59,42.678,69.098
471.47,215.57,42.553,68.896
471.95,215.5,42.515,68.833
472.94,215.15,42.697,69.128
473.01,214.06,42.753,69.218
474.75,215.31,42.681,69.103
475.79,214.52,42.425,68.688
477.8,214.26,42.413,68.668
478.86,213.33,42.326,68.528
479.42,213.16,42.125,68.202
480.8,213.65,42.171,68.277
481.54,212.57,42.175,68.283
482.24,211.59,42.16,68.259
483.37,211.77,42.224,68.362
484.99,211.66,42.067,68.109
487.78,212.65,42.163,68.264
490.2,211.39,42.312,68.506
491.31,210.79,42.167,68.27
493.02,210.41,42.165,68.268
495,211.32,42.061,68.099
496.09,211.15,41.953,67.925
497.16,209.53,41.896,67.831
498.52,209.33,41.841,67.743
500.34,209.53,41.762,67.614
503.01,210.2,41.799,67.675
505.11,209.67,41.66,67.45
506.46,208.89,41.404,67.035
507.72,209.62,41.352,66.95
509.03,209.93,41.266,66.812
509.83,208.94,41.179,66.671
511.03,208.6,41.109,66.557
513.18,208.73,41.021,66.415
515.95,209.36,41.141,66.61
519.18,210.59,41.224,66.743
519.96,209.68,41.254,66.793
474.34,206.55,41.323,66.904
523.51,208.84,41.203,66.71
524.73,208.74,41.166,66.649
525.9,208.26,40.924,66.258
527.6,207.86,40.821,66.092
528.27,207.73,40.807,66.069
530.04,208.35,40.69,65.879
532.12,207.5,40.634,65.788
532.68,206.55,40.461,65.509
532.95,206.61,40.245,65.158
533.11,207.34,40.126,64.966
533.07,206.94,39.953,64.686
532.99,206.49,39.845,64.511
532.91,207.03,39.663,64.216
533.18,207.39,39.627,64.158
534.27,207.45,39.558,64.046
534.63,206.7,39.485,63.928
534.61,206.13,39.318,63.658
534.57,205.97,39.064,63.247
533.51,206.28,38.891,62.967
533.14,206.14,38.887,62.96
532.49,205.61,38.679,62.623
531.95,205.34,38.358,62.104
531.91,205.81,38.132,61.738
531.91,205.82,37.766,61.145
531.72,205.53,37.388,60.533
531.78,205.37,37.129,60.113
531.19,204.82,37.06,60.003
530.92,205.47,37.21,60.244
530.39,205.35,37.11,60.083
529.86,204.78,36.87,59.694
528.99,204.08,36.782,59.552
529.08,204.46,36.621,59.291
529.61,204.55,36.654,59.345
530.06,204.28,36.47,59.047
530.34,203.72,36.526,59.137
530.37,203.74,36.537,59.155
530.07,203.66,36.379,58.9
530.01,204.22,36.292,58.759
529.43,203.78,36.059,58.381
528.84,202.96,35.823,58
529.42,203.56,35.714,57.823
529.17,203.62,35.74,57.865
529.63,203.27,35.606,57.648
529.97,202.61,35.565,57.582
530.16,202.39,35.626,57.679
529.65,202.43,35.723,57.837
529.12,202.46,35.54,57.54
528.95,202.44,35.486,57.453
528.73,201.56,35.552,57.56
528.42,201.61,35.52,57.509
528.01,201.45,35.498,57.474
527.94,201.97,35.428,57.36
527.84,201.27,35.355,57.242
527.49,200.56,35.229,57.038
527.33,200.21,35.369,57.264
526.74,200.61,35.325,57.193
525.74,200.34,35.233,57.044
525.34,199.77,35.233,57.044
524.94,199.6,35.31,57.168
524.42,199.44,35.149,56.908
524.97,200.09,35.065,56.772
524.56,199.34,34.976,56.628
523.72,198.84,34.783,56.316
524.03,199.74,34.747,56.256
523.22,198.92,34.721,56.215
522.73,199.14,34.614,56.042
521.84,198.91,34.596,56.012
521.57,198.52,34.564,55.961
521.81,199.21,34.451,55.778
522.38,199.08,34.626,56.061
521.97,198.28,34.455,55.784
522.52,198.36,34.778,56.307
522.55,198.42,34.544,55.929
521.69,198.4,34.35,55.614
521.43,197.75,34.356,55.624
520.95,196.91,34.193,55.359
521.04,197.31,34.085,55.185
521.66,197.92,33.919,54.916
521.68,197.79,33.781,54.693
522.48,197.2,33.582,54.371
521.97,196.42,33.351,53.997
522.3,196.85,33.414,54.099
521.88,197.05,33.346,53.989
521.32,196.57,33.406,54.087
520.91,196.24,33.284,53.889
520,195.65,33.149,53.671
519.83,195.8,32.909,53.281
519.74,195.69,32.686,52.921
520.15,195.57,32.651,52.863
519.43,195.45,32.67,52.895
518.61,194.5,32.682,52.914
517.81,194.7,32.67,52.894
515.73,194.56,32.626,52.823
513.14,193.58,32.541,52.685
510.54,192.49,32.581,52.75
508.72,191.84,32.591,52.767
506.94,191.07,32.458,52.55
505.61,191.73,32.367,52.403
504.79,192.17,32.386,52.435
503.29,191.89,32.3,52.295
501.88,191.32,32.146,52.045
500.1,190.66,32.043,51.879
498.83,191.44,32.257,52.226
495.79,191.48,32.368,52.405
494,191.18,32.471,52.572
491.58,190.03,32.474,52.577
490.46,190.28,32.345,52.368
489.38,190.89,32.244,52.205
488.81,190.14,32.171,52.086
487.16,189.44,31.938,51.708
486.24,190.01,32.042,51.877
484.69,190.37,32.125,52.012
482.6,188.92,32.068,51.919
481.81,188.78,32.069,51.921
481.38,188.7,32.124,52.011
481.04,188.62,32.122,52.006
481.46,188.38,31.978,51.773
481.75,188.56,32.093,51.961
481.2,187.6,32.061,51.908
481.09,188.09,32.03,51.858
480.76,188.48,32.148,52.049
479.44,187.66,31.829,51.532
479.22,187.28,31.769,51.436
478.75,187.3,31.654,51.249
478.85,187.91,31.51,51.016
478.54,188.23,31.091,50.338
478.52,187.63,30.917,50.056
479.42,187.54,30.991,50.176
478.74,187.38,30.798,49.863
478.6,187.69,30.75,49.786
477.32,187.51,30.607,49.554
476.85,187,30.557,49.473
476.18,186.86,30.365,49.163
475.58,186.77,30.253,48.98
475.58,187.27,30.228,48.94
475.84,187.3,30.2,48.895
475.12,186.63,30.018,48.601
459.62,186.32,30.18,48.862
441.21,187.01,30.214,48.918
422.67,188.04,30.317,49.084
406.34,187.85,30.368,49.167
387.88,187.23,30.406,49.228
368.78,188.08,30.352,49.141
348.67,189.06,30.391,49.205
329.72,188.13,30.446,49.293
308.82,188.48,30.491,49.367
292.61,188.73,30.694,49.694
278.29,189.23,30.865,49.971
261.43,189.7,31.01,50.207
244.48,189.61,31.029,50.237
226.12,189.25,31.018,50.219
220.03,190.48,30.972,50.145
220.58,190.21,30.676,49.666
220.74,189.04,30.545,49.453
220.65,188.39,30.451,49.301
219.77,188.84,30.244,48.966
219.96,188.56,30.125,48.774
219.41,188.39,30.173,48.851
218.95,188.67,30.167,48.842
219.01,188.77,30.051,48.654
218.52,188.42,29.683,48.058
217.91,188.4,29.522,47.798
218.15,188.36,29.667,48.032
217.06,187.46,29.668,48.034
217.24,187.8,29.637,47.984
215.99,187.54,29.649,48.003
214.8,185.89,29.394,47.59
214.44,187.42,29.516,47.788
213.27,186.96,29.44,47.665
213.77,187.51,29.207,47.288
213.9,187.22,29.185,47.251
213.52,186.09,29.181,47.246
212.27,186.84,29.409,47.614
212.38,186.82,29.611,47.941
211.41,186.55,29.655,48.013
211.03,185.91,29.609,47.938
209.93,185.58,29.485,47.737
209.77,185.94,29.572,47.879
209.15,186.1,29.518,47.791
209.21,185.94,29.746,48.16
208.85,185.37,29.608,47.936
208.59,184.47,29.404,47.606
208.42,185.01,29.461,47.699
208.13,184.73,29.578,47.888
207.72,183.99,29.553,47.847
207.02,184.21,29.589,47.906
206.65,184.18,29.53,47.811
206.59,184.59,29.69,48.07
206.24,183.88,29.552,47.846
206.43,183.74,29.55,47.842
206.47,183.84,29.384,47.574
205.95,183.76,29.395,47.592
205.72,184.25,29.242,47.344
205.32,183.94,29.176,47.237
204.89,183.93,28.984,46.927
204.16,183.46,28.813,46.649
204.46,184.22,28.725,46.508
204.06,184.09,28.55,46.224
204.45,184.02,28.533,46.197
204,183.48,28.707,46.478
203.22,183.08,28.782,46.6
203.06,183.39,28.858,46.723
202.12,182.44,28.99,46.937
201.76,182.26,29.161,47.213
201.32,182.7,29.095,47.106
201.19,182.45,29.163,47.216
201.33,182.44,29.152,47.198
201.25,182.07,29.217,47.303
200.92,182.47,29.114,47.136
200.52,182.54,29.015,46.976
199.73,182.43,29.042,47.02
199.45,181.95,28.7,46.466
198.77,182.52,28.535,46.199
197.85,183.17,28.375,45.941
198.25,182.34,28.295,45.811
198.02,182.37,28.245,45.73
197.39,181.87,28.186,45.634
197.22,182.96,28.13,45.544
196.39,183.39,27.966,45.278
196.16,182.77,27.726,44.889
194.89,183.29,27.671,44.8
194.32,183.4,27.558,44.618
193.89,183.87,27.508,44.537
193.6,183.38,27.481,44.493
193.13,183.81,27.617,44.713
193.04,183.72,27.551,44.606
192.19,183.4,27.69,44.832
191.75,183.42,27.681,44.817
190.63,183.7,27.595,44.678
189.67,183.33,27.557,44.616
189.26,183.91,27.546,44.598
188.88,184.21,27.512,44.543
188.68,184.19,27.506,44.534
208.77,194.77,27.466,44.469
188.41,184.12,27.467,44.47
188.12,183.78,27.545,44.597
187.61,184.44,27.615,44.71
186.55,184.58,27.711,44.866
186.03,184.31,27.759,44.943
185.18,184.26,27.896,45.164
184.78,184.13,27.897,45.167
185.03,183.97,27.926,45.213
185.57,183.88,27.962,45.271
185.38,184.45,27.948,45.249
184.99,183.14,27.909,45.186
185.16,183.44,27.939,45.235
184.89,182.94,27.845,45.083
184.02,183.26,27.715,44.871
183.77,183.82,27.658,44.779
183.79,183.65,27.613,44.706
183.94,183.28,27.435,44.418
184.21,184,27.297,44.195
184.35,183.32,27.138,43.937
183.96,183.57,27.117,43.903
184.79,183.61,27.168,43.986
184.9,183.89,27.196,44.031
185.12,183.27,27.178,44.003
184.79,183.49,27.217,44.066
