652.5,354.5,15,39
652.51,355.53,14.977,38.94
652.44,355.35,15.117,39.304
652.4,355.24,15.197,39.511
651.87,354.66,15.263,39.683
651.54,354.31,15.299,39.777
651.85,354.63,15.28,39.728
651.54,354.28,15.3,39.781
651.91,354.8,15.238,39.618
652.31,354.5,15.384,40
651.74,354.9,15.245,39.638
651.62,354.75,15.204,39.53
651.38,354.46,15.299,39.778
651.79,354.84,15.323,39.839
652.37,355.67,15.251,39.653
651.38,354.11,15.37,39.963
651.54,354.08,15.418,40.086
651.47,354.07,15.394,40.023
651.61,353.88,15.326,39.848
652.28,353.43,15.436,40.134
651.32,352.25,15.407,40.057
651.74,352.51,15.323,39.84
651.96,352.84,15.148,39.384
651.5,352.42,15.241,39.627
652.33,352.55,15.347,39.902
651.95,352.86,15.268,39.698
651.54,352.49,15.316,39.821
651.92,352.99,15.226,39.588
651.52,352.5,15.305,39.793
652.36,353.64,15.279,39.725
651.48,352.41,15.336,39.873
651.9,352.95,15.25,39.651
651.53,352.61,15.283,39.735
651.95,353.15,15.196,39.508
651.89,353.21,15.224,39.581
651.64,352.92,15.154,39.399
651.56,352.86,15.114,39.298
651.84,353.15,15.135,39.352
651.43,352.74,15.17,39.443
651.92,353.29,15.164,39.427
651.48,352.88,15.101,39.262
651.72,353.24,15.124,39.322
651.74,353.29,15.103,39.268
651.68,353.19,15.109,39.284
652.45,353.37,15.103,39.269
651.59,353.28,15.116,39.302
651.61,353.27,15.123,39.319
651.6,353.28,15.099,39.256
651.62,353.26,15.1,39.261
652.45,353.87,15.102,39.265
651.61,353.33,15.097,39.252
651.66,353.29,15.09,39.235
651.66,353.29,15.1,39.261
651.58,353.32,15.104,39.27
652.46,353.89,15.087,39.227
651.61,353.37,15.075,39.196
651.7,353.3,15.124,39.322
651.65,353.24,15.118,39.307
651.74,353.28,15.139,39.36
651.44,353.36,15.11,39.286
651.78,353.42,15.09,39.235
651.7,353.48,15.109,39.283
651.81,353.43,15.08,39.207
652.02,353.25,15.101,39.261
652.46,353.39,15.087,39.227
652.27,352.99,15.063,39.164
653.82,352.95,15.093,39.241
655.68,351.78,15.13,39.339
652.4,352.79,15.236,39.614
652.34,353.59,15.313,39.813
652.51,353.06,15.462,40.202
651.18,352.84,15.423,40.101
651.99,352.87,15.46,40.196
652,352.46,15.478,40.242
653.29,352.95,15.42,40.092
653.53,352.57,15.519,40.35
652.51,352.54,15.566,40.471
651.56,352.33,15.508,40.322
651.72,352.52,15.377,39.98
652.33,353.55,15.343,39.893
651.81,353.44,15.265,39.689
651.37,353.01,15.244,39.634
651.41,353.13,15.232,39.603
651.56,353.09,15.228,39.593
652.39,353.7,15.229,39.595
651.88,353.08,15.254,39.66
651.83,352.94,15.255,39.663
651.91,353.04,15.301,39.782
652.03,353.51,15.371,39.965
652.39,354.21,15.224,39.583
651.75,353.56,15.272,39.706
651.73,353.53,15.331,39.86
652.07,353.85,15.315,39.818
652.06,353.74,15.33,39.857
652.34,354.58,15.321,39.834
652.03,354.15,15.294,39.765
651.98,354.31,15.289,39.751
652.01,354.33,15.303,39.789
652.04,354.27,15.335,39.871
652.83,354.55,15.347,39.903
652.29,354,15.352,39.916
652.19,354.01,15.36,39.937
652.17,354.01,15.363,39.943
652.05,353.88,15.372,39.968
652.32,354.54,15.354,39.921
652.12,353.95,15.332,39.863
652.09,353.91,15.274,39.713
651.74,353.52,15.297,39.771
652.07,354,15.254,39.661
652.42,354.28,15.168,39.436
651.55,353.9,15.101,39.262
651.89,354.22,15.1,39.26
651.92,354.12,15.102,39.264
651.94,353.99,15.088,39.228
652.43,354.32,15.135,39.35
651.51,353.37,15.164,39.426
651.51,353.4,15.165,39.428
651.5,353.3,15.146,39.381
651.47,353.16,15.147,39.383
651.93,353.81,15.143,39.371
651.39,353.37,15.12,39.313
651.75,354.01,15.045,39.117
651.87,354.25,15.013,39.035
651.84,354.25,14.998,38.994
652.48,354.46,15.032,39.084
651.82,354.09,15.021,39.055
651.87,354.07,15.003,39.008
651.83,354.32,14.968,38.918
651.42,354.09,14.992,38.979
652.48,355.44,15.045,39.117
651.58,354.81,15.085,39.22
651.35,354.69,15.117,39.303
651.24,354.6,15.175,39.454
650.87,354.16,15.136,39.354
651.37,353.65,15.268,39.696
650.77,353.26,15.306,39.796
651,353.51,15.344,39.895
651.03,353.71,15.254,39.66
650.61,353.4,15.284,39.737
651.38,354.19,15.239,39.622
650.45,353.3,15.273,39.71
650.36,353.31,15.297,39.771
650.64,353.7,15.246,39.64
650.17,353.61,15.261,39.679
650.41,354.28,15.172,39.448
649.73,354.09,15.114,39.296
650,354.43,15.174,39.451
649.67,354.1,15.172,39.447
649.65,354.01,15.134,39.349
650.44,354.34,15.124,39.321
649.75,354.34,15.111,39.288
649.74,354.3,15.133,39.347
649.38,353.86,15.115,39.299
649.64,354.21,15.109,39.284
650.43,354.33,15.134,39.347
649.28,353.35,15.135,39.352
649.34,353.29,15.103,39.269
649.51,353.68,15.153,39.397
649.3,353.23,15.16,39.417
649.93,353.82,15.14,39.364
649.41,353.16,15.124,39.322
649.78,353.6,15.068,39.176
650.12,354.05,15.025,39.065
650.06,354.16,15.065,39.169
650.47,354.42,15.064,39.167
650.45,354.02,15.102,39.264
650.56,353.89,15.214,39.557
650.53,353.55,15.263,39.683
651.03,353.62,15.314,39.818
652.33,354.55,15.348,39.906
652.26,354.31,15.352,39.915
652.73,354.35,15.348,39.904
653.11,354.52,15.349,39.907
653.44,354.62,15.295,39.767
654.35,355.1,15.309,39.804
654.78,354.52,15.348,39.905
655.21,354.43,15.422,40.097
655.95,354.49,15.403,40.049
656.74,354.66,15.3,39.781
658.33,355.56,15.339,39.88
658.32,355.36,15.379,39.985
658.47,355.16,15.447,40.161
658.76,354.98,15.418,40.087
659.6,354.74,15.436,40.133
660.82,354.52,15.369,39.96
661.07,354.32,15.346,39.898
661.6,354.59,15.291,39.757
661.76,354.85,15.233,39.605
661.55,354.66,15.187,39.486
662.42,355.28,15.17,39.441
662.3,354.59,15.153,39.397
662.73,354.61,15.115,39.299
663.44,354.99,15.186,39.482
663.61,354.79,15.14,39.365
664.47,355.42,15.064,39.167
665.09,355.03,15.05,39.13
665.54,354.88,15.095,39.248
665.65,354.76,15.094,39.244
666.11,354.74,15.094,39.245
667.43,355.32,15.137,39.357
666.87,354.23,15.11,39.286
668.16,354.32,15.113,39.293
668.15,353.85,15.156,39.405
667.67,353.31,15.149,39.386
667.43,353.33,15.13,39.339
665.61,352.89,15.12,39.312
664.03,352.28,15.06,39.155
661.91,351.91,15.118,39.308
658.81,351.64,15.132,39.343
655.46,351.4,15.074,39.192
653.53,351.47,15.068,39.177
652.11,351.58,15.035,39.09
651.26,351.68,15.009,39.024
650.79,351.79,14.996,38.99
649.51,352.52,14.984,38.958
647.33,352.25,14.981,38.952
642.65,352.5,14.948,38.864
638.37,352.41,14.911,38.769
634.49,352.23,14.867,38.655
629.1,352.27,14.793,38.462
627.23,351.89,14.825,38.546
626.52,352.3,14.785,38.442
626.49,352.67,14.78,38.427
626.65,352.55,14.817,38.525
626.58,352.71,14.838,38.578
625.9,352.21,14.879,38.685
626.42,352.23,14.879,38.687
626.45,352.34,14.885,38.702
625.56,352.5,14.874,38.673
622.57,352.68,14.859,38.634
619.25,352.53,14.84,38.584
616.48,352.52,14.805,38.492
614.55,352.65,14.793,38.462
612.93,352.5,14.867,38.655
610.56,352.66,14.874,38.671
609.85,352.26,14.859,38.633
609.62,352.38,14.863,38.644
609.36,352.45,14.827,38.55
610.33,352.87,14.762,38.382
612.63,353.84,14.74,38.323
612.65,353.49,14.738,38.318
612.88,353.53,14.774,38.412
613.07,353.48,14.824,38.542
613.31,353.45,14.815,38.518
614.08,354.2,14.848,38.605
613.5,353.26,14.866,38.652
613.64,353.19,14.862,38.641
613.94,352.95,14.823,38.54
614.63,353.27,14.746,38.341
615.63,353.85,14.73,38.299
615.36,353.46,14.733,38.305
615.5,353.42,14.736,38.313
615.67,353.38,14.721,38.276
615.95,353.52,14.712,38.251
616.64,354.37,14.719,38.268
616.54,353.78,14.717,38.264
616.89,353.78,14.723,38.279
616.91,353.85,14.738,38.318
617.07,353.87,14.762,38.38
617.6,354.26,14.8,38.479
617.6,353.62,14.834,38.568
617.52,353.15,14.831,38.56
618.27,353.37,14.832,38.564
618.46,353.37,14.829,38.556
619.58,353.71,14.838,38.578
618.55,353.06,14.851,38.612
618.82,353.22,14.833,38.566
619.5,353.78,14.808,38.502
619.88,354.08,14.775,38.414
620.6,354.77,14.795,38.466
620.6,354.19,14.767,38.395
620.97,354.45,14.729,38.295
621.21,354.45,14.733,38.305
621.46,354.53,14.752,38.355
622.6,355.25,14.81,38.505
622.19,354.6,14.805,38.492
622.38,354.69,14.774,38.413
622.9,354.99,14.773,38.41
623.18,355.19,14.749,38.347
624.64,355.37,14.717,38.263
624.72,355.21,14.733,38.306
625.13,355.29,14.753,38.358
625.37,355.4,14.736,38.313
625.87,355.25,14.763,38.384
626.64,355.86,14.722,38.278
626.72,355.53,14.689,38.192
627.41,355.34,14.697,38.212
627.54,355.44,14.695,38.206
628.02,355.38,14.69,38.195
628.66,355.91,14.685,38.181
628.36,355.43,14.651,38.093
627.89,355.19,14.665,38.13
628.14,355.08,14.69,38.194
629.64,355.35,14.673,38.15
630.65,355.88,14.706,38.237
630.09,355.68,14.672,38.147
630.66,355.84,14.651,38.094
631.06,356.13,14.669,38.138
631.26,356.18,14.709,38.242
631.61,356.78,14.785,38.441
631.56,356.33,14.828,38.553
631.08,356.34,14.835,38.57
630.97,356.27,14.899,38.737
630.98,356.09,14.968,38.917
632.47,356.42,15.063,39.163
631.92,356.17,15.122,39.316
631.16,356.09,15.149,39.386
631.16,356.18,15.175,39.455
631.76,356.24,15.152,39.395
632.42,356.78,15.168,39.436
632.02,355.96,15.162,39.421
631.66,355.86,15.063,39.165
632.31,356.04,15.105,39.272
632.15,355.58,15.108,39.28
632.44,355.86,15.111,39.29
632.05,355.67,15.109,39.283
631.89,355.84,15.07,39.183
631.86,356.06,15.112,39.291
631.95,355.83,15.084,39.218
632.47,356.41,15.066,39.172
632.12,356.3,15.085,39.221
631.86,356.21,15.098,39.254
631.95,356.36,15.119,39.309
631.93,356.73,15.016,39.042
632.49,357.47,15.021,39.054
632.36,357.12,15.031,39.081
632.53,356.96,15.014,39.035
632.66,356.69,15.027,39.07
632.7,356.69,15.03,39.078
633.48,357.44,15.046,39.12
633.02,356.67,15.071,39.185
633.28,356.66,15.066,39.173
633.66,356.44,15.068,39.178
633.68,356.25,15.073,39.19
634.46,356.4,15.074,39.194
633.85,356.29,15.095,39.248
633.99,356.04,15.159,39.414
633.84,355.83,15.15,39.389
633.84,355.88,15.119,39.31
634.43,356.83,15.133,39.346
633.97,355.94,15.146,39.38
633.99,356,15.142,39.368
634.01,356.02,15.149,39.388
634.16,356.02,15.155,39.403
634.43,356.83,15.133,39.345
633.86,356.79,15.08,39.209
634.11,357.43,15.062,39.16
634.25,358.02,15.066,39.172
634.11,358.31,15.094,39.245
634.44,358.34,15.125,39.324
633.92,358.34,15.123,39.319
633.82,358.31,15.108,39.281
633.95,358.27,15.186,39.482
633.43,357.85,15.208,39.541
633.88,358.18,15.246,39.64
633.36,358.08,15.298,39.776
633.48,358.22,15.355,39.923
633.43,358.09,15.389,40.012
633,358.13,15.401,40.042
633.35,359.61,15.298,39.776
632.73,359.21,15.279,39.727
632.17,359.24,15.324,39.841
632.33,359.7,15.289,39.751
632.21,359.44,15.301,39.782
632.35,359.6,15.305,39.793
631.95,359.21,15.293,39.763
631.69,359.41,15.31,39.806
631.82,359.4,15.327,39.849
631.84,359.14,15.386,40.004
631.8,359.47,15.407,40.057
631.36,358.97,15.423,40.099
631.13,358.97,15.421,40.094
630.74,359.01,15.459,40.194
629.91,358.58,15.482,40.254
629.74,359.33,15.517,40.345
629.82,358.71,15.571,40.486
629.67,358.85,15.54,40.404
629.98,359.54,15.584,40.519
626.66,358.52,15.448,40.164
625.36,358.64,15.274,39.713
626.23,357.75,15.137,39.355
624.29,356.65,15.035,39.092
623.54,356.98,14.964,38.906
622.91,356.47,14.944,38.854
633.55,358.63,14.902,38.744
633.07,358.4,14.942,38.849
633.51,358.77,14.924,38.803
633.68,358.81,14.884,38.699
634.02,359.17,14.853,38.619
634.56,359.64,14.89,38.713
634.6,359.16,14.914,38.777
634.72,359.13,14.885,38.701
635.09,359.47,14.892,38.718
635.49,359.43,14.883,38.696
636.05,359.63,14.899,38.738
635.56,359.36,14.914,38.776
635.51,359.41,14.918,38.787
635.79,359.8,14.91,38.767
636.13,360.25,14.969,38.92
636.51,361.52,14.987,38.966
636.9,361.05,15.061,39.159
636.59,360.93,15.116,39.301
636.5,360.91,15.165,39.43
636.02,360.58,15.116,39.302
636.92,361.29,15.161,39.419
636.42,360.62,15.108,39.28
637,360.62,15.161,39.42
636.91,360.03,15.187,39.486
636.95,359.79,15.199,39.517
637.41,360.27,15.179,39.465
636.99,359.86,15.171,39.446
637.02,360.05,15.137,39.357
636.94,360.16,15.111,39.289
637.25,360.62,15.157,39.409
637.44,360.83,15.128,39.334
637.36,360.68,15.128,39.332
637.35,360.89,15.121,39.315
637.45,360.99,15.122,39.317
637.53,360.99,15.106,39.275
637.94,361.34,15.124,39.324
637.5,361.06,15.11,39.285
637.53,361.05,15.176,39.457
637.01,360.88,15.17,39.441
637.05,360.94,15.158,39.411
637.42,361.3,15.155,39.403
637.13,360.81,15.136,39.355
637.14,360.78,15.118,39.306
637.57,360.84,15.158,39.412
637.31,360.46,15.16,39.417
637.44,360.83,15.128,39.332
637.77,360.15,15.123,39.32
637.97,359.75,15.133,39.346
637.7,359.15,15.138,39.36
638.27,359.08,15.119,39.309
643.47,361.43,15.053,39.138
653.69,361.61,15.063,39.163
657.67,361.79,15.008,39.02
658.57,361.91,14.967,38.913
658.67,361.71,14.978,38.942
659.52,362.55,14.961,38.899
658.81,362.55,14.982,38.953
659.52,362.66,14.923,38.8
653.68,360.98,14.841,38.586
665.31,362.32,14.957,38.887
676.52,362.55,14.963,38.904
683.67,363.24,14.989,38.971
701.16,363.05,14.935,38.83
701.35,362.59,14.877,38.681
701.83,361.68,14.886,38.703
706.58,362.2,14.848,38.605
714.49,362.19,14.796,38.471
702.78,360.46,14.887,38.707
703.78,360.37,14.853,38.618
719.29,361.6,14.86,38.635
720.59,362.24,14.816,38.521
720.24,362.53,14.763,38.383
720.56,362.98,14.773,38.41
720.62,363.1,14.815,38.519
720.22,362.75,14.787,38.446
721.59,363.24,14.812,38.511
719.78,362.77,14.817,38.524
720.43,363.72,14.752,38.355
720.89,364.14,14.704,38.229
720.98,364.83,14.655,38.103
721.69,365.49,14.625,38.024
720.73,364.8,14.652,38.096
720.98,364.92,14.687,38.186
720.45,365.72,14.655,38.103
720.47,365.1,14.705,38.233
721.12,365.81,14.761,38.378
720.42,365.39,14.721,38.274
720.67,364.93,14.723,38.279
720.45,364.79,14.726,38.286
720.14,364.93,14.727,38.29
720.64,365.35,14.729,38.296
720.23,364.8,14.775,38.415
719.87,364.69,14.819,38.53
718.89,363.59,14.819,38.529
718,363.08,14.909,38.762
718.51,362.52,14.988,38.969
718.05,363.16,15.049,39.127
718.4,363.27,15.057,39.149
718.08,363.23,15.098,39.255
714,360.77,15.11,39.287
714.48,361.45,15.04,39.103
713.59,360.98,15.076,39.197
712.95,360.67,15.071,39.184
712.7,360.75,15.106,39.275
712.14,360.47,15.122,39.318
716.44,363.83,15.127,39.331
714.78,362.45,15.169,39.439
713.56,361.48,15.142,39.368
713.57,361.54,15.163,39.423
713.58,361.45,15.138,39.36
714.43,361.83,15.134,39.348
713.68,361.52,15.143,39.372
713.81,361.68,15.15,39.39
713.59,361.81,15.161,39.419
713.7,361.89,15.158,39.411
714.42,362.29,15.164,39.426
714.25,361.72,15.18,39.469
713.99,361.71,15.139,39.362
714.38,361.58,15.11,39.286
715.51,362.39,15.112,39.292
716.44,362.84,15.12,39.312
715.88,362.14,15.079,39.204
716.16,361.98,15.076,39.197
716.17,361.97,15.078,39.204
716.22,361.8,15.135,39.352
716.42,361.8,15.157,39.409
716.38,361.32,15.158,39.41
716.67,361.43,15.139,39.36
716.7,361.47,15.124,39.321
717.18,361.58,15.086,39.225
717.45,362.38,15.094,39.243
717.3,361.81,15.087,39.226
716.97,361.75,15.119,39.309
716.63,361.94,15.124,39.323
716.23,361.87,15.124,39.322
716.44,362.35,15.116,39.301
715.45,361.77,15.174,39.453
714.34,361.57,15.189,39.492
713.78,361.7,15.21,39.546
713.73,361.4,15.241,39.625
714.39,362.22,15.218,39.566
713,361.32,15.228,39.592
712.83,361.6,15.205,39.532
713.72,361.87,15.179,39.465
716.41,361.93,15.131,39.34
720.48,362.44,15.048,39.126
722.62,362.37,15.009,39.023
725.09,361.88,15.019,39.049
727.38,362.16,14.967,38.915
729.7,362.22,14.942,38.85
731.55,362.63,14.899,38.739
731.52,361.81,14.809,38.503
733.27,362.06,14.698,38.215
735.08,362.1,14.692,38.198
737.25,362.13,14.687,38.186
738.67,362.43,14.666,38.131
737.61,361.79,14.652,38.096
737.99,362.09,14.61,37.987
738.55,361.66,14.661,38.119
738.58,362.39,14.675,38.154
739.64,362.37,14.716,38.262
738.83,362.23,14.726,38.287
739.03,362.19,14.755,38.362
738.83,362.07,14.756,38.366
738.53,362.29,14.792,38.46
738.59,362.23,14.825,38.545
738.47,361.62,14.881,38.69
738.16,361.38,14.909,38.765
738.92,360.61,14.92,38.792
739.22,360.62,14.921,38.794
740.54,361.1,14.922,38.797
739.64,360.58,14.93,38.818
739.69,360.94,14.933,38.826
739.58,361.12,14.929,38.815
739.14,360.79,14.883,38.695
739.57,361.18,14.858,38.631
738.95,360.76,14.841,38.588
738.65,360.93,14.8,38.481
739.04,361.29,14.827,38.551
738.8,361.24,14.852,38.616
738.56,361.15,14.888,38.708
738.35,360.57,14.917,38.784
738.31,360.19,14.947,38.863
738.41,360.09,14.977,38.939
738.33,359.96,15.008,39.021
739.52,360.56,14.951,38.872
738.58,360.19,14.902,38.744
738.06,359.94,14.878,38.683
738.06,359.67,14.863,38.645
737.93,359.96,14.794,38.463
738.64,361.88,14.711,38.249
739.13,362.55,14.691,38.196
738.88,362.88,14.717,38.264
738.91,361.69,14.724,38.283
739.2,360.66,14.745,38.337
739.63,360.35,14.734,38.308
738.81,361.07,14.739,38.321
738.78,363.77,14.756,38.366
738.76,364.25,14.704,38.231
738.69,364.54,14.733,38.305
739.62,364.8,14.766,38.391
739.04,363.3,14.849,38.608
739.06,360.81,14.837,38.576
738.97,360.48,14.837,38.576
739.05,360.91,14.809,38.505
739.6,362.27,14.795,38.467
739.28,362.17,14.761,38.379
739.24,362.69,14.711,38.25
739.08,362.79,14.741,38.328
738.7,362.39,14.728,38.293
739.64,362.36,14.726,38.287
739.12,362.01,14.705,38.234
739.7,363.17,14.646,38.08
739.02,363.76,14.567,37.874
739.5,363.5,14.529,37.776
740.72,363.57,14.562,37.862
740.2,361.77,14.609,37.983
740.41,361.14,14.665,38.129
741.14,362.37,14.643,38.071
740.66,363.6,14.598,37.955
741.73,364.6,14.54,37.805
739.92,365.7,14.555,37.842
741.37,365.66,14.489,37.672
743.05,365.55,14.574,37.892
743.65,365.11,14.489,37.672
740.29,370.26,14.419,37.488
744.18,368.75,14.449,37.568
744.78,372.64,14.346,37.301
738.34,376.78,14.243,37.031
738.05,377.24,14.276,37.118
738.36,377.44,14.277,37.12
738.96,374.34,14.369,37.36
739.32,372.62,14.423,37.5
740,371.56,14.439,37.542
740.18,370.84,14.503,37.709
740.72,371.58,14.555,37.844
740.01,371.72,14.517,37.745
740.09,373.71,14.507,37.717
740.14,374.32,14.519,37.751
740.16,375.09,14.545,37.817
740.23,375.6,14.541,37.807
739.66,374.6,14.582,37.912
739.96,374.23,14.609,37.984
740.04,374.05,14.612,37.992
740.59,374.26,14.639,38.061
741.67,374.45,14.655,38.103
741.33,374.57,14.677,38.161
742.11,374.37,14.691,38.195
743.16,373.86,14.727,38.291
743.74,373.42,14.738,38.32
744.61,373.3,14.773,38.41
744.47,372.69,14.796,38.47
744.63,372.6,14.788,38.45
745.06,373.66,14.729,38.295
745.76,374.75,14.788,38.448
746.11,375.78,14.784,38.437
746.11,375.48,14.78,38.428
746.29,374.76,14.84,38.585
747.13,372.63,14.838,38.579
747.52,371.25,14.83,38.558
748.54,370.61,14.914,38.776
748.44,369.04,14.901,38.742
748.92,366.87,14.843,38.593
749.16,365.43,14.836,38.574
749.39,364.33,14.783,38.437
750.64,365.37,14.716,38.262
750.75,365.82,14.66,38.116
750.37,366.97,14.613,37.994
750.28,369.12,14.559,37.853
750.08,371.32,14.622,38.017
750.21,373.54,14.584,37.917
749.24,375.23,14.55,37.829
748.18,375.91,14.519,37.748
748.16,375.05,14.613,37.994
748.06,374.08,14.577,37.901
748.74,373.12,14.525,37.764
748.62,371.81,14.583,37.915
748.42,370.79,14.564,37.867
748.32,370.4,14.573,37.891
748.52,370.84,14.592,37.938
748.72,371.57,14.562,37.861
747.87,371.9,14.525,37.766
748.15,372.74,14.554,37.84
747.9,372.51,14.551,37.831
747.99,371.19,14.57,37.881
748.68,369.47,14.639,38.061
748.83,368.5,14.649,38.087
749.23,368,14.682,38.173
749.45,367.88,14.771,38.404
749.29,369.29,14.79,38.454
749.6,370.75,14.809,38.502
749.05,371.49,14.708,38.242
749.36,372.23,14.724,38.282
749.51,372.43,14.741,38.326
749.28,371.69,14.804,38.49
749.56,371.17,14.871,38.666
749.25,369.34,14.897,38.733
749.33,368.74,14.891,38.717
749.27,368.44,14.901,38.743
749.36,368.54,14.916,38.781
749.54,369.62,14.911,38.767
749.52,368.98,14.885,38.701
749.47,368.95,14.866,38.653
749.57,368.83,14.82,38.531
750.15,368.7,14.781,38.43
750.61,368.28,14.782,38.433
750.85,367.44,14.774,38.413
750.87,366.83,14.775,38.414
751,366.63,14.77,38.401
751.13,366.37,14.84,38.583
751.08,366.72,14.831,38.56
751.04,366.16,14.839,38.582
750.57,366.05,14.827,38.551
751.16,366.25,14.848,38.606
750.97,365.94,14.847,38.603
751.58,366.7,14.846,38.6
751.06,365.98,14.849,38.608
751.24,365.77,14.899,38.738
751.22,365.89,14.941,38.846
751.46,366.41,14.929,38.817
751.55,366.64,14.893,38.721
751.37,366.55,14.888,38.709
751.35,366.56,14.887,38.705
751.33,366.62,14.859,38.633
751.29,366.6,14.845,38.597
751.58,367.2,14.847,38.602
750.98,367,14.764,38.386
750.98,368.11,14.758,38.371
750.68,369.56,14.742,38.329
750.08,370.78,14.768,38.396
750.64,372.37,14.716,38.261
749.59,372.19,14.714,38.258
749.39,372.81,14.722,38.277
748.85,373.38,14.717,38.264
748.59,373.85,14.727,38.291
748.62,374.32,14.754,38.36
748.33,374.19,14.796,38.47
748.09,374.16,14.799,38.477
748.37,374.27,14.788,38.45
748.84,374.39,14.782,38.434
748.6,374.75,14.804,38.491
747.83,373.85,14.818,38.527
747.88,373.63,14.821,38.534
748.03,373.63,14.796,38.469
748.05,373.72,14.776,38.417
748.62,374.31,14.759,38.374
748.27,374.66,14.777,38.421
748.59,375.11,14.728,38.292
748.43,375.61,14.68,38.167
747.99,375.73,14.639,38.06
748.21,375.55,14.575,37.896
747.82,375.49,14.58,37.909
747.94,375.5,14.565,37.868
747.9,375.41,14.582,37.914
748.1,375.4,14.623,38.019
748.66,375.42,14.677,38.159
748.2,375.49,14.739,38.322
748.53,375.76,14.77,38.403
748.6,375.88,14.787,38.447
748.55,375.97,14.837,38.576
748.58,376.21,14.835,38.571
748.29,375.46,14.837,38.577
748.16,375.49,14.866,38.652
748.32,375.4,14.899,38.738
748.35,375.3,14.907,38.758
748.54,375.61,14.918,38.788
748.47,375.36,14.934,38.827
748.56,375.52,14.946,38.86
748.54,375.49,14.958,38.891
748.61,375.49,14.976,38.937
749.51,376.01,14.99,38.974
748.88,375.78,14.998,38.994
748.83,375.76,15.038,39.099
748.89,375.78,15.03,39.077
748.89,375.77,15.022,39.056
749.49,376.47,15.025,39.064
748.88,375.89,15.011,39.028
748.95,375.93,14.982,38.953
748.84,375.71,14.997,38.991
749.07,375.83,15.022,39.058
749.49,376.47,15.02,39.053
749.26,376.2,14.993,38.981
749.22,376.17,14.984,38.958
749.18,376.15,14.976,38.939
748.78,375.78,14.985,38.961
749.51,376.53,14.978,38.944
748.69,375.89,14.982,38.953
748.61,375.8,14.993,38.983
748.95,376.14,14.92,38.791
748.34,375.57,14.932,38.823
748.53,376.08,14.939,38.841
748.33,375.92,14.932,38.822
748.24,375.73,14.914,38.776
748.09,375.7,14.877,38.679
748.02,375.72,14.843,38.591
748.6,376.26,14.8,38.48
748.11,376.19,14.787,38.446
748.3,376.44,14.737,38.315
748.36,376.53,14.732,38.304
748.34,376.6,14.763,38.384
748.59,377.24,14.812,38.51
748.46,376.4,14.861,38.638
748.17,376.16,14.833,38.566
748.12,376.24,14.793,38.462
748.36,376.06,14.797,38.473
748.59,376.23,14.821,38.534
748.32,375.72,14.857,38.627
747.77,375.52,14.857,38.628
747.54,375.47,14.831,38.56
747.88,375.49,14.8,38.479
748.6,375.76,14.797,38.473
748.43,373.83,14.842,38.588
748.29,371.98,14.851,38.612
749.42,368.27,14.92,38.791
748.73,364.85,14.89,38.714
749.56,361.65,14.881,38.691
749.66,360.71,14.855,38.622
749.63,360.94,14.721,38.274
749.68,364.09,14.584,37.918
748.95,364.14,14.587,37.925
749.71,363.54,14.581,37.912
749.09,361.41,14.54,37.805
749.11,359.75,14.574,37.893
749.44,359.63,14.545,37.818
748.93,361.13,14.468,37.617
749.73,362.6,14.535,37.792
748.24,361.24,14.566,37.872
748.79,360.38,14.539,37.802
748.56,359.57,14.572,37.887
748.43,359.88,14.54,37.805
748.72,360.58,14.554,37.84
748.75,360.54,14.554,37.84
748.88,360.06,14.581,37.911
748.89,359.89,14.61,37.987
748.85,359.78,14.634,38.05
749.18,360.48,14.633,38.046
748.92,359.85,14.638,38.058
747.98,359.57,14.549,37.826
747.95,359.56,14.526,37.769
748.47,359.78,14.581,37.911
748.7,360.53,14.591,37.936
748.28,359.56,14.615,37.998
748.28,359.53,14.674,38.151
748.71,359.97,14.694,38.204
749.02,360.13,14.71,38.245
749.64,360.35,14.729,38.297
749.23,359.95,14.745,38.337
749.29,360.08,14.777,38.419
749.22,359.81,14.828,38.553
748.76,359.73,14.809,38.503
749.6,360.25,14.804,38.491
748.75,359.88,14.825,38.545
748.68,359.86,14.861,38.639
748.36,359.49,14.888,38.71
748.17,359.35,14.933,38.825
748.5,360.51,14.992,38.98
748.68,359.97,15.033,39.086
748.66,360.19,15.061,39.159
748.74,360.18,15.07,39.183
748.87,360.12,15.044,39.113
749.49,360.47,15.02,39.051
748.85,360.18,14.992,38.979
748.85,360.31,14.981,38.951
748.61,360.09,14.975,38.936
748.55,360.19,14.971,38.925
749.51,360.53,14.976,38.938
748.6,360.16,14.99,38.974
748.98,360.37,15.007,39.018
748.91,360.32,15.013,39.033
748.86,360.38,14.999,38.996
749.5,360.5,14.998,38.994
748.84,360.6,15.009,39.024
748.95,360.58,15.027,39.07
748.96,360.59,15.039,39.103
748.9,360.87,15.031,39.08
749.48,361.45,15.041,39.107
749.22,361.86,14.98,38.948
748.9,361.62,14.949,38.866
749.04,361.52,14.979,38.946
749.48,361.28,14.966,38.911
750.03,361.57,14.95,38.87
749.3,361.98,14.891,38.718
749.13,362,14.9,38.739
749.06,361.78,14.954,38.879
749.14,361.61,15.001,39.001
749.48,361.44,15.049,39.127
749.35,361.05,15.053,39.139
749.38,361.06,15.08,39.209
749.1,360.8,15.136,39.353
749.07,360.63,15.142,39.368
749.44,361.35,15.119,39.309
749.27,360.82,15.086,39.223
749.21,361.36,15.008,39.02
748.92,362.24,14.952,38.876
749,362.33,14.91,38.765
749.06,362.15,14.888,38.709
748.58,361.17,14.876,38.677
748.66,361.52,14.822,38.537
748.64,362.2,14.758,38.37
749.08,362.62,14.779,38.424
749.55,362.64,14.891,38.717
748.61,361.06,14.952,38.875
748.74,361.45,15.024,39.063
748.47,362.23,14.994,38.985
748.5,362.84,14.976,38.938
748.54,363.09,14.927,38.811
747.94,361.71,14.977,38.941
748.09,361.48,15.026,39.068
748.32,361.87,15.046,39.12
748.6,363.37,14.902,38.745
748.6,363.76,14.804,38.49
748.31,364.12,14.762,38.382
748.58,364.15,14.771,38.406
748.93,363.06,14.877,38.68
748.89,361.74,14.889,38.712
749.54,361.61,14.914,38.778
749.2,361.4,14.937,38.837
749.5,362.02,14.954,38.88
749.79,361.83,14.963,38.905
750.09,360.85,15.016,39.042
751.47,360.93,15.051,39.132
753.44,360.66,15.091,39.237
755.18,361.17,15.078,39.203
755.51,361.62,15.111,39.29
755.86,361.84,15.132,39.343
756.44,361.36,15.11,39.286
756.76,360.92,15.12,39.311
756.8,361.22,15.074,39.192
757.28,361.73,15.062,39.162
757.5,361.69,15.088,39.228
758.46,361.88,15.09,39.233
757.75,361.47,15.084,39.219
757.95,361.4,15.113,39.294
758.28,361.32,15.149,39.387
757.97,361.09,15.147,39.382
758.43,361.81,15.149,39.387
758.51,361.04,15.129,39.336
759.14,360.69,15.118,39.306
759.96,360.09,15.151,39.393
765.06,359.63,15.118,39.306
768.42,360.3,15.157,39.407
769.82,359.89,15.186,39.484
769.74,359.68,15.238,39.619
769.85,359.92,15.24,39.624
770.3,360.85,15.184,39.479
770.43,362.32,15.14,39.363
770.41,362.34,15.111,39.289
770.55,362.43,15.13,39.337
770.42,362.02,15.095,39.248
770.43,360.55,15.161,39.419
770.93,360.31,15.144,39.376
770.5,359.79,15.134,39.349
770.56,360.09,15.112,39.29
770.84,360.57,15.094,39.244
770.77,360.62,15.096,39.249
771.45,361.37,15.098,39.254
770.58,360.53,15.107,39.278
770.68,360.58,15.125,39.326
770.4,360.8,15.061,39.158
770.47,361.42,15.05,39.129
770.5,361.99,15.005,39.013
770.51,361.14,14.988,38.968
770.48,360.31,15.044,39.116
770.42,360.32,15.063,39.163
770.53,361.16,15.047,39.123
770.48,362.46,15.034,39.088
770.44,362.2,14.972,38.926
769.96,361.59,14.971,38.926
770.25,360.87,15.017,39.043
770.65,360.73,15.044,39.115
771.46,361.4,15.08,39.208
770.45,360.55,15.093,39.241
770.52,360.57,15.1,39.261
770.63,360.41,15.111,39.287
770.57,360.36,15.109,39.285
771.43,361.31,15.149,39.388
770.25,361.01,15.076,39.199
770.64,361.65,15.028,39.073
770.73,362.05,15.011,39.028
770.65,362.13,15.001,39.002
771.5,362.49,15.005,39.012
770.63,362.8,14.953,38.877
770.39,363.32,14.953,38.879
770.46,364.1,14.915,38.779
770.18,364.83,14.91,38.767
770.54,365.61,14.918,38.787
770.16,364.44,14.948,38.864
770.46,364.14,14.997,38.992
770.65,363.92,15.03,39.079
770.72,363.59,15.005,39.014
771.51,364.53,14.976,38.937
770.37,364.19,14.954,38.881
770.38,364.44,14.943,38.853
770.54,364.2,14.927,38.811
770.24,363.9,14.92,38.792
770.53,364.59,14.933,38.826
770.52,364.05,14.952,38.876
770.58,364.25,14.926,38.807
770.23,364.29,14.878,38.682
770.06,364.54,14.811,38.509
770.58,365.22,14.834,38.569
770.17,363.96,14.886,38.703
770.24,363.77,14.921,38.795
770.23,363.6,14.939,38.84
770.67,364.19,14.905,38.752
770.55,364.62,14.905,38.754
770.44,363.9,14.927,38.811
770.43,364.05,14.934,38.829
770.64,364.31,14.929,38.814
770.36,363.85,14.953,38.878
771.52,364.55,14.965,38.91
770.69,364.13,14.959,38.894
771.23,363.98,14.982,38.953
771.36,363.69,15.007,39.017
771.35,363.68,15.009,39.022
771.5,364.5,15.002,39.004
771.62,363.55,15.008,39.021
771.61,363.4,15.023,39.059
771.42,363.73,15.034,39.088
771.31,364.25,15.009,39.023
771.51,364.53,14.976,38.938
771.39,363.38,15.01,39.026
770.98,363.12,14.984,38.959
771.32,362.88,15.024,39.062
771.38,362.82,14.99,38.974
771.51,363.52,14.986,38.965
771.67,362.9,14.953,38.878
771.98,362.48,14.944,38.853
771.72,362.58,14.941,38.847
772.09,362.6,14.955,38.883
772.53,363.08,14.942,38.85
772.13,362.61,14.969,38.919
772.24,362.57,15,39
772.05,362.83,15.017,39.045
772.3,362.91,15.048,39.126
772.46,363.4,15.075,39.196
772.47,362.91,15.069,39.18
772.59,362.93,15.067,39.175
772.47,363.05,15.083,39.216
772.18,362.77,15.098,39.254
772.44,363.36,15.11,39.287
772.08,362.98,15.105,39.274
772.1,362.97,15.136,39.353
771.9,362.95,15.092,39.238
772.08,363.32,15.107,39.278
772.44,363.85,15.118,39.307
772.1,363.12,15.14,39.364
771.85,362.74,15.082,39.212
771.96,363.04,15.065,39.17
772.24,363.23,15.085,39.22
772.46,363.39,15.086,39.224
771.99,363.14,15.096,39.249
771.98,363.05,15.108,39.282
772.04,363.04,15.114,39.297
771.97,363.01,15.107,39.278
772.43,363.32,15.139,39.361
771.79,362.78,15.129,39.334
772.03,363.05,15.099,39.258
771.96,363.05,15.109,39.282
771.97,363.11,15.09,39.234
772.46,363.39,15.082,39.213
772.03,363.2,15.086,39.223
772,363.29,15.105,39.273
772.02,363.38,15.088,39.23
772,363.52,15.104,39.271
772.43,363.82,15.142,39.369
771.85,363.01,15.11,39.286
772.09,363.15,15.127,39.332
772.11,363.13,15.102,39.265
772.16,363.34,15.072,39.187
772.47,364.43,15.056,39.145
772.49,364.03,15.022,39.056
772.51,364.02,15.013,39.034
772.51,364.01,15.009,39.024
772.49,364.01,15.007,39.019
772.5,364.49,15.01,39.025
772.51,364.17,15.021,39.055
772.49,364.39,15.053,39.139
772.51,364.43,15.049,39.126
772.65,364.44,15.044,39.114
773.47,364.93,15.053,39.137
772.52,364.48,15.059,39.153
772.52,364.75,15.065,39.168
772.4,365.14,15.045,39.118
772.34,365.46,15.026,39.068
772.49,365.47,15.026,39.067
772.46,363.75,15.068,39.176
772.39,363.1,15.045,39.116
772.32,363.64,15.011,39.028
772.22,365.47,14.938,38.84
772.62,368.31,14.76,38.376
771.72,369.79,14.726,38.289
771.26,371.66,14.674,38.153
770.85,372.67,14.537,37.795
770.6,373.2,14.605,37.973
771.2,374.51,14.607,37.977
770.48,373.66,14.689,38.19
771.08,373.18,14.754,38.361
771.22,371.95,14.797,38.473
771.08,369.82,14.818,38.526
771.6,367.77,14.796,38.47
771.47,365.39,14.829,38.556
771.53,364.07,14.742,38.329
771.91,363.83,14.776,38.418
772.09,364.1,14.806,38.496
772.13,365.34,14.738,38.319
771.69,365.32,14.735,38.31
771.64,365.37,14.736,38.315
771.47,365.31,14.759,38.373
771.3,364.82,14.78,38.428
771.56,364.66,14.875,38.675
770.62,363.27,14.859,38.634
770.65,363.14,14.855,38.623
770.55,363.12,14.83,38.559
770.67,363.28,14.789,38.452
771.62,363.8,14.767,38.394
770.76,363.33,14.739,38.321
770.58,363.48,14.742,38.329
770.3,363.81,14.754,38.36
770.27,364.12,14.786,38.443
770.58,364.2,14.847,38.602
769.74,361.77,14.867,38.653
770.76,360.88,14.861,38.638
775.47,360,14.854,38.621
781.49,359.93,14.821,38.535
788.59,360.73,14.821,38.535
794.74,361.14,14.843,38.591
797,361.95,14.874,38.672
797.12,362.48,14.854,38.619
797.31,363.22,14.844,38.595
797.59,363.74,14.816,38.522
797.34,363.42,14.849,38.608
797.06,362.24,14.877,38.68
797.1,361.43,14.889,38.71
797.01,360.67,14.943,38.852
798.51,360.52,14.985,38.962
797.64,359.7,15.01,39.027
797.58,359.6,15.044,39.115
797.41,359.6,15.046,39.118
797.38,359.62,15.059,39.154
797.46,360.39,15.086,39.223
797.02,359.9,15.043,39.112
797.88,360.85,15.025,39.064
798.93,361.66,14.984,38.959
799.7,361.94,14.989,38.971
800.51,362.52,14.988,38.969
800.57,361.55,14.987,38.966
800.57,361.48,15.006,39.016
800.53,361.44,14.991,38.976
800.93,362.03,14.933,38.827
801.54,362.61,14.917,38.783
800.33,361.56,14.889,38.712
800.35,361.33,14.901,38.742
800.64,361.04,14.929,38.815
800.66,361.3,14.893,38.721
800.54,362.61,14.916,38.782
799.79,362.17,14.904,38.75
800.23,362.39,14.865,38.649
800.03,361.95,14.877,38.681
800.14,361.48,14.951,38.873
800.49,362.46,15.027,39.071
801.11,362.22,15.027,39.071
801.27,362.57,15.054,39.142
801.16,362.94,15.053,39.139
800.84,363.51,15.011,39.028
801.52,364.54,14.969,38.919
801.07,363.57,14.974,38.933
800.8,363.19,14.966,38.912
800.88,363.17,14.958,38.891
801.02,363.32,14.987,38.966
801.48,364.44,15.043,39.113
801.44,363.86,15.081,39.211
801.6,363.27,15.095,39.248
801.44,362.99,15.126,39.327
801.35,363.64,15.044,39.115
802.52,365.56,14.954,38.881
800.79,368.19,14.944,38.854
800.21,368.83,14.945,38.856
800.6,366.52,14.919,38.789
800.94,364.59,14.898,38.734
801.57,363.17,14.866,38.652
801.55,363.31,14.778,38.424
801.68,365.39,14.719,38.27
801.43,367.32,14.602,37.965
800.94,367.33,14.582,37.912
801.72,365.58,14.552,37.836
802.17,360.37,14.579,37.906
801.96,360.6,14.706,38.236
802.33,361.54,14.741,38.327
802.03,363.6,14.798,38.475
802.58,364.7,14.845,38.597
801.2,361.63,14.999,38.997
801.06,361.12,15.109,39.284
801.09,361.26,15.139,39.361
801.06,361.38,15.121,39.314
801.44,362.35,15.117,39.305
801.43,361.3,15.148,39.385
800.85,360.77,15.179,39.466
801.37,361.56,15.182,39.473
801.13,363.08,15.242,39.629
801.89,364.22,15.213,39.554
801.65,364.08,15.102,39.265
802.24,363.52,15.067,39.173
802.06,362.98,15.092,39.238
802.22,362.63,15.136,39.355
802.43,363.81,15.147,39.383
802.08,363.82,15.094,39.244
801.88,364.79,15.098,39.256
802.07,364.93,15.127,39.331
802.24,364.69,15.107,39.278
803.45,364.37,15.104,39.269
802.45,363.71,15.113,39.295
802.6,363.9,15.099,39.257
802.46,364.02,15.087,39.226
802.57,363.96,15.094,39.244
803.46,364.39,15.085,39.222
803.07,363.16,15.072,39.188
803.15,363.62,15.003,39.007
803.28,364.22,14.932,38.824
802.77,363.91,14.983,38.956
803.5,364.51,14.994,38.985
803.53,364.05,14.975,38.934
803.01,364.56,14.895,38.728
802.47,367.6,14.822,38.536
803.01,371.58,14.728,38.292
803.65,372.39,14.703,38.228
804.2,365.15,14.693,38.201
804.24,359.18,14.701,38.221
804.5,357.57,14.655,38.103
802.75,359.09,14.478,37.643
801.79,358.76,14.412,37.472
799.86,354.87,14.604,37.97
798.8,352.48,14.633,38.045
798.49,350.67,14.663,38.124
797.9,349.5,14.64,38.063
798.63,348.84,14.736,38.314
798.4,347.14,14.734,38.309
798.2,344.75,14.762,38.382
797.96,342.65,14.786,38.444
797.14,340.42,14.792,38.46
794.56,338.66,14.877,38.679
790.51,335.07,14.884,38.697
787.64,332.83,14.902,38.745
784.86,330.83,14.913,38.774
782.01,328.93,14.922,38.797
780.53,329.07,14.949,38.866
779.3,328.54,15.003,39.009
779.05,329.56,14.992,38.979
778.94,330.99,14.988,38.968
778.76,332.52,15.008,39.02
779.5,335.51,14.996,38.99
778.65,338.06,15.036,39.093
778.65,339.89,15.071,39.186
778.64,341.38,15.089,39.23
778.28,342.86,15.086,39.223
778.48,345.46,15.034,39.089
778.7,348.37,14.899,38.738
778.02,350.07,14.831,38.561
778.71,352.7,14.819,38.53
778.55,355.91,14.816,38.521
779.11,358.78,14.782,38.434
778.59,358.57,14.857,38.629
777.89,357.97,14.825,38.546
777.95,357.91,14.759,38.372
778.31,358.69,14.801,38.482
778.58,359.21,14.835,38.571
777.75,358.98,14.79,38.453
