576.5,351.5,17,17
576.14,352.25,16.99,16.99
575.03,352.56,17.079,17.079
573.95,352.68,17.161,17.161
573.18,352.68,17.132,17.132
572.42,352.71,17.088,17.088
571.54,352.54,17.155,17.155
570.63,352.35,17.211,17.211
569.65,352.19,17.202,17.202
569.21,352.27,17.209,17.209
568.49,352.35,17.22,17.22
567.88,352.68,17.17,17.17
567.67,353.51,17.151,17.151
567.12,353.78,17.23,17.23
566.52,354.32,17.185,17.185
566.65,354.87,17.126,17.126
566.33,354.78,17.154,17.154
566.05,354.87,17.206,17.206
565.81,354.89,17.226,17.226
565.62,354.8,17.197,17.197
565.11,354.69,17.229,17.229
564.71,354.6,17.239,17.239
564.13,354.55,17.322,17.322
563.59,354.74,17.242,17.242
562.88,354.91,17.301,17.301
562.41,355.29,17.259,17.259
561.79,355.66,17.25,17.25
560.99,356.14,17.268,17.268
560.05,356.49,17.185,17.185
559.56,357.03,17.19,17.19
558.25,356.61,17.177,17.177
557.65,356.83,17.215,17.215
556.28,356.41,17.26,17.26
555.45,356.25,17.26,17.26
554.64,356.1,17.287,17.287
554.09,356.06,17.179,17.179
553.74,356.44,17.117,17.117
552.88,356.55,17.139,17.139
552.38,357.3,17.174,17.174
552.21,357.95,17.138,17.138
551.62,358.25,17.126,17.126
551.39,358.88,17.122,17.122
551.04,359.26,17.175,17.175
551.04,359.69,17.179,17.179
550.85,359.81,17.189,17.189
550.23,359.63,17.24,17.24
549.82,359.72,17.267,17.267
549.2,359.75,17.302,17.302
548.58,359.84,17.257,17.257
547.95,359.97,17.308,17.308
547.35,360.27,17.263,17.263
546.6,360.64,17.311,17.311
545.88,361.2,17.234,17.234
544.97,361.83,17.293,17.293
544.19,362.3,17.22,17.22
543.31,362.37,17.217,17.217
542.25,362.44,17.206,17.206
541.32,362.52,17.228,17.228
540.08,362.39,17.261,17.261
539.18,362.2,17.302,17.302
538.35,362.1,17.196,17.196
537.66,361.89,17.243,17.243
536.79,362.03,17.31,17.31
536.07,362.34,17.226,17.226
535.48,362.75,17.233,17.233
535.06,363.5,17.31,17.31
534.62,364.21,17.179,17.179
534.63,364.85,17.19,17.19
534.34,365.18,17.316,17.316
534.28,365.52,17.291,17.291
534.17,365.53,17.286,17.286
534,365.4,17.185,17.185
533.85,365.38,17.261,17.261
533.03,365,17.302,17.302
532.57,364.91,17.229,17.229
531.97,364.96,17.288,17.288
531.16,365.18,17.22,17.22
530.29,365.66,17.267,17.267
529.36,366.15,17.315,17.315
528.35,366.66,17.288,17.288
527.14,366.91,17.224,17.224
525.82,367.05,17.276,17.276
524.2,367.23,17.305,17.305
522.97,367.01,17.241,17.241
521.52,366.78,17.261,17.261
520.64,366.58,17.258,17.258
519.84,366.33,17.262,17.262
518.8,366.27,17.269,17.269
517.91,366.36,17.295,17.295
517.23,366.76,17.252,17.252
516.48,367.55,17.247,17.247
515.88,367.98,17.238,17.238
515.4,368.75,17.258,17.258
514.72,369.4,17.262,17.262
514.15,369.88,17.283,17.283
513.62,370.18,17.248,17.248
513.14,370.32,17.295,17.295
512.45,370.42,17.215,17.215
511.6,370.22,17.268,17.268
510.45,370.02,17.338,17.338
509.49,370.04,17.191,17.191
508.39,370.12,17.256,17.256
507.55,370.51,17.293,17.293
506.64,371.35,17.279,17.279
505.72,371.97,17.24,17.24
504.75,372.6,17.302,17.302
503.8,372.99,17.263,17.263
502.74,373.02,17.319,17.319
501.53,372.86,17.29,17.29
500.45,372.7,17.201,17.201
499.61,372.46,17.216,17.216
498.63,372.3,17.252,17.252
498.14,372.31,17.274,17.274
497.51,372.2,17.316,17.316
496.91,372.47,17.247,17.247
496.34,372.96,17.307,17.307
495.84,373.69,17.233,17.233
495.51,374.66,17.234,17.234
495.26,375.41,17.266,17.266
495.03,375.84,17.336,17.336
495.16,376.19,17.169,17.169
495.44,376.5,17.249,17.249
495.04,376.33,17.326,17.326
494.73,376.39,17.158,17.158
494.57,376.23,17.24,17.24
493.44,376.04,17.35,17.35
492.65,376.26,17.178,17.178
492.07,376.7,17.259,17.259
490.44,376.91,17.377,17.377
489.32,377.88,17.221,17.221
488.38,378.54,17.305,17.305
487.08,379.21,17.34,17.34
485.86,379.58,17.159,17.159
484.32,379.48,17.251,17.251
482.78,379.33,17.352,17.352
481.55,379.13,17.258,17.258
480.51,378.85,17.354,17.354
479.72,378.89,17.231,17.231
478.78,378.67,17.288,17.288
477.95,378.58,17.243,17.243
477.21,378.71,17.326,17.326
476.52,379.23,17.293,17.293
475.99,379.84,17.291,17.291
475.49,380.73,17.269,17.269
474.84,381.52,17.307,17.307
474.63,382.12,17.325,17.325
474.62,382.63,17.167,17.167
474.84,383.03,17.292,17.292
474.47,382.96,17.308,17.308
474.39,382.85,17.334,17.334
474.29,382.78,17.186,17.186
473.7,382.81,17.358,17.358
472.9,382.53,17.316,17.316
471.78,382.65,17.367,17.367
470.66,383.18,17.424,17.424
469.02,383.6,17.39,17.39
468.59,384.68,17.319,17.319
467.14,385.39,17.374,17.374
465.25,386.07,17.322,17.322
463.91,386.38,17.258,17.258
462.29,386.29,17.39,17.39
461.02,386.25,17.324,17.324
459.12,386.05,17.272,17.272
457.95,385.82,17.44,17.44
456.97,385.75,17.311,17.311
455.98,385.62,17.3,17.3
454.88,385.61,17.29,17.29
453.88,385.88,17.379,17.379
452.86,386.69,17.227,17.227
451.85,387.4,17.39,17.39
451.06,388.48,17.293,17.293
450.53,389.14,17.33,17.33
450.21,389.88,17.157,17.157
449.78,390.12,17.27,17.27
449.44,390.35,17.382,17.382
449.28,390.44,17.286,17.286
448.72,390.66,17.28,17.28
447.91,390.6,17.282,17.282
446.67,390.47,17.344,17.344
445.43,390.48,17.298,17.298
444.48,390.52,17.328,17.328
443.38,390.88,17.31,17.31
442,391.44,17.411,17.411
440.62,391.92,17.378,17.378
440.14,392.81,17.293,17.293
438.99,393.48,17.366,17.366
439.14,393.62,17.357,17.357
441.71,393.6,17.32,17.32
449.67,393.37,17.352,17.352
456.72,393.32,17.259,17.259
461.07,393.09,17.425,17.425
465.35,392.5,17.223,17.223
468.62,392.88,17.364,17.364
470.82,393.87,17.172,17.172
471.63,394.95,17.267,17.267
471.35,396.05,17.407,17.407
471.31,396.8,17.262,17.262
472.62,397.91,17.333,17.333
475.32,399.01,17.194,17.194
477.19,399.23,17.267,17.267
478.06,399.09,17.331,17.331
478.35,399.13,17.207,17.207
477.87,398.94,17.336,17.336
477.14,398.57,17.306,17.306
476.13,398.31,17.338,17.338
475.15,398.41,17.218,17.218
473.98,398.48,17.355,17.355
472.88,399.14,17.23,17.23
471.27,399.26,17.394,17.394
470.04,400.08,17.348,17.348
468.41,400.84,17.219,17.219
466.5,401.82,17.32,17.32
464.62,402.28,17.345,17.345
461.97,402.21,17.273,17.273
459.34,402.29,17.402,17.402
457.52,402.1,17.291,17.291
456.33,402.34,17.345,17.345
455.16,402.5,17.25,17.25
453.13,402.48,17.346,17.346
451.56,402.9,17.24,17.24
450.4,403.34,17.353,17.353
449.18,403.9,17.306,17.306
447.75,404.89,17.345,17.345
446.14,406.11,17.219,17.219
445.11,407.22,17.305,17.305
443.91,408.1,17.313,17.313
443.48,408.58,17.324,17.324
442.96,408.97,17.234,17.234
442.34,409.06,17.387,17.387
441.48,409.08,17.316,17.316
440.49,408.94,17.369,17.369
439.28,408.91,17.33,17.33
437.89,408.97,17.213,17.213
435.86,408.97,17.345,17.345
434.22,409.5,17.203,17.203
432.5,409.98,17.343,17.343
431.58,410.73,17.271,17.271
429.68,411.59,17.423,17.423
427.38,412.17,17.323,17.323
425.47,412.84,17.265,17.265
423.5,412.62,17.368,17.368
421.46,412.6,17.214,17.214
419.92,412.41,17.307,17.307
418.23,412.22,17.338,17.338
416.89,412.18,17.199,17.199
415.65,412.11,17.289,17.289
414.6,412.18,17.303,17.303
413.54,412.53,17.326,17.326
412.33,413.32,17.291,17.291
411.01,414.49,17.322,17.322
410.09,415.88,17.231,17.231
409.17,416.99,17.373,17.373
408.73,417.89,17.201,17.201
408.27,418.41,17.278,17.278
407.49,418.7,17.385,17.385
406.74,418.82,17.266,17.266
405.82,418.81,17.322,17.322
404.83,418.83,17.225,17.225
402.94,418.67,17.396,17.396
401.39,418.88,17.186,17.186
400.02,419.31,17.34,17.34
397.91,419.87,17.266,17.266
396.18,420.66,17.437,17.437
394.59,421.67,17.331,17.331
392.28,422.78,17.25,17.25
389.62,423.51,17.377,17.377
387.15,423.95,17.332,17.332
384.76,423.9,17.207,17.207
382.55,423.72,17.289,17.289
380.21,423.7,17.3,17.3
378.16,423.77,17.344,17.344
376.15,423.86,17.228,17.228
374.69,423.87,17.314,17.314
373.12,424.23,17.389,17.389
371.31,424.91,17.335,17.335
370.01,425.95,17.285,17.285
368.5,426.98,17.333,17.333
367.41,428.3,17.287,17.287
366.59,429.44,17.312,17.312
365.63,430.47,17.373,17.373
365.17,431.22,17.258,17.258
364.92,431.35,17.373,17.373
365.01,431.44,17.243,17.243
364.66,431.37,17.396,17.396
364.4,431.16,17.391,17.391
363.63,431.14,17.34,17.34
361.07,431.29,17.289,17.289
358.65,431.56,17.419,17.419
356.82,431.8,17.358,17.358
355,432.9,17.414,17.414
352.42,433.68,17.392,17.392
350.32,434.86,17.425,17.425
347.99,435.35,17.393,17.393
345.19,436.17,17.359,17.359
342.42,436.19,17.309,17.309
339.28,436.51,17.367,17.367
336.5,436.84,17.277,17.277
333.82,436.77,17.428,17.428
332.03,436.65,17.364,17.364
329.88,436.87,17.339,17.339
327.75,437.29,17.287,17.287
326.4,437.81,17.388,17.388
325.5,438.78,17.252,17.252
325.17,440.33,17.251,17.251
324.2,442.35,17.333,17.333
322.74,442.79,17.233,17.233
323.45,443.86,17.221,17.221
322.84,444.41,17.482,17.482
317.15,442.83,17.511,17.511
314.09,442.8,17.472,17.472
311.81,442.83,17.468,17.468
309.84,442.86,17.453,17.453
308.07,442.93,17.446,17.446
306.02,443.54,17.4,17.4
302.52,444.25,17.373,17.373
301.24,445.36,17.401,17.401
298.23,446.35,17.41,17.41
295.46,447.39,17.348,17.348
292.85,448.36,17.267,17.267
290.16,447.88,17.501,17.501
286.83,447.97,17.447,17.447
284.49,448.03,17.404,17.404
282.01,448.16,17.288,17.288
280.71,448.88,17.293,17.293
279.03,449.46,17.377,17.377
276.86,450.5,17.326,17.326
275.34,451.81,17.308,17.308
273.77,452.4,17.357,17.357
272.37,453.05,17.272,17.272
270.3,454.87,17.401,17.401
268.86,456.35,17.263,17.263
268.7,457.55,17.332,17.332
268.71,458.05,17.281,17.281
268.5,458.24,17.343,17.343
268.05,458.56,17.241,17.241
267.32,458.62,17.334,17.334
267.08,458.58,17.229,17.229
266.13,458.59,17.367,17.367
265.15,458.93,17.381,17.381
263.93,459.43,17.359,17.359
263.73,460.14,17.299,17.299
262.32,461.55,17.346,17.346
262.31,462.95,17.221,17.221
262.73,464.61,17.379,17.379
263.87,465.36,17.227,17.227
266.6,465.62,17.348,17.348
273.95,465.53,17.291,17.291
281.93,465.27,17.367,17.367
291.82,464.92,17.327,17.327
306.49,465.03,17.243,17.243
312.39,465.44,17.407,17.407
315.67,466.03,17.289,17.289
317.92,466.88,17.361,17.361
320.33,469.55,17.304,17.304
323.75,472.85,17.353,17.353
328.34,474.09,17.248,17.248
334.44,476.52,17.406,17.406
342.59,478.59,17.294,17.294
355.78,481.34,17.365,17.365
346.46,481.87,17.256,17.256
340.44,492.65,17.441,17.441
362.32,505.76,17.303,17.303
382.06,507.07,17.331,17.331
391.31,511.05,17.24,17.24
391.52,512.67,17.384,17.384
392.14,512.8,17.447,17.447
386.97,511.49,17.389,17.389
384.89,512.14,17.427,17.427
380.78,514.58,17.451,17.451
374.28,516.15,17.415,17.415
368.47,516.25,17.439,17.439
364.06,517.9,17.532,17.532
359.27,518.56,17.454,17.454
356.32,519.62,17.41,17.41
349.97,521.31,17.387,17.387
346.15,524.21,17.297,17.297
342.55,524.79,17.395,17.395
340.01,528.31,17.407,17.407
337,530.28,17.352,17.352
332.7,535.24,17.421,17.421
328.3,538.07,17.461,17.461
325.24,540,17.474,17.474
321.7,541.4,17.477,17.477
318.33,542.47,17.438,17.438
307.93,542.98,17.386,17.386
305.16,541.8,17.349,17.349
303.13,542.07,17.372,17.372
298.63,542.77,17.33,17.33
295.3,543.45,17.292,17.292
287.29,543.51,17.347,17.347
284.01,544.81,17.456,17.456
278.96,545.17,17.538,17.538
274.46,544.95,17.504,17.504
261.26,547.24,17.476,17.476
254.49,548.47,17.494,17.494
248.13,548.36,17.549,17.549
240.8,551.75,17.696,17.696
235.23,552.83,17.649,17.649
229.78,554.46,17.603,17.603
225.35,553.59,17.634,17.634
215.7,555.27,17.568,17.568
208.28,556.51,17.51,17.51
206.29,553.4,17.46,17.46
200.52,554.6,17.363,17.363
194.05,556.59,17.242,17.242
186.87,562.16,17.435,17.435
183.97,560.8,17.497,17.497
179.18,563.25,17.364,17.364
173.17,567.63,17.484,17.484
168.62,570.4,17.433,17.433
164.09,571.66,17.468,17.468
159.32,572.45,17.554,17.554
148.57,574.01,18.192,18.192
147.92,575.8,18.2,18.2
