492.5,423.5,33,80
493.7,421.01,33.212,80.513
494.58,421.84,33.366,80.888
495.87,422.4,33.339,80.821
497.13,422.65,33.741,81.796
497.07,422.97,33.48,81.164
495.16,422.48,32.936,79.845
492.71,422.17,32.723,79.33
489.35,420.79,32.75,79.394
486.46,420.89,32.238,78.152
482.04,421.09,32.389,78.519
483,421.05,32.42,78.594
483.25,421.4,32.818,79.56
483.35,422.31,33.081,80.196
483.22,423.32,33.545,81.32
483.05,423.59,33.617,81.495
482.48,425.57,33.642,81.556
482.51,425.86,33.725,81.757
476.7,433.27,34.508,83.655
479.58,426.38,35.213,85.364
476.68,426.47,35.109,85.113
475.25,425.64,34.747,84.234
474.24,423.93,34.357,83.291
473.99,423.19,33.697,81.69
474.42,422.92,33.369,80.894
469.31,424.4,34.08,82.618
467.5,423.1,34.208,82.928
467.73,423.48,34.274,83.09
467.37,422.69,34.213,82.94
467.09,422.42,33.81,81.964
466.37,421.86,33.322,80.782
464.9,421.66,33.173,80.42
463.58,422.23,32.871,79.687
461.88,423.32,32.583,78.989
460.01,424.44,32.287,78.271
458.13,424.81,32.143,77.924
456.6,425.6,31.803,77.098
456.08,426.33,31.312,75.907
454.86,426.3,31.221,75.687
454.29,425.53,30.683,74.383
453.98,425.92,29.934,72.567
454.86,426.31,29.7,72.001
456,426.57,29.548,71.631
457.72,428.26,29.423,71.329
459.52,429.37,29.364,71.186
459.86,430.25,29.432,71.35
460.18,429.27,28.921,70.112
459.9,432.54,29.201,70.79
460.72,430.61,29.271,70.959
460.13,431.23,29.355,71.164
459.88,432.12,29.466,71.434
459.6,431.14,29.526,71.577
458.69,430.66,29.529,71.586
459.23,429.48,29.263,70.94
460.05,428.66,29.233,70.867
460.61,428.67,29.167,70.708
459.6,428.68,29.077,70.49
459.85,429.55,28.938,70.152
458.55,429.77,28.786,69.784
458.31,430.73,28.528,69.159
456.13,430.64,28.32,68.655
454.08,431.48,28.458,68.988
452.18,431.32,28.776,69.761
453.75,429.3,28.729,69.647
453.68,429.5,28.774,69.756
451.59,428.56,28.796,69.809
450.97,431.7,29.057,70.441
448.97,430.44,29.368,71.194
444.26,428.9,29.599,71.756
442.29,431.28,29.999,72.726
439.74,432,30.112,72.998
435.92,434.11,29.951,72.608
433.16,439.4,29.879,72.433
429.8,449.5,29.921,72.535
426.98,452.52,29.766,72.161
424.42,454.07,29.756,72.137
422.32,453.43,29.851,72.367
419.02,449.33,29.705,72.012
418.45,448.11,29.697,71.993
417.42,451.38,29.879,72.434
415.2,455.43,29.824,72.301
414.2,460.34,29.898,72.48
411.55,461.05,29.866,72.404
388.21,465.51,29.759,72.144
385.75,464.52,29.484,71.476
398.23,464.41,29.544,71.621
396.17,466.51,29.755,72.133
392.62,466.48,29.79,72.217
389.1,464.55,29.791,72.222
390.43,463.05,29.658,71.898
387.72,464.48,29.819,72.288
385.17,465.58,29.871,72.415
382.36,465.37,29.912,72.513
380.07,467.71,29.955,72.619
377.45,467.35,30.016,72.765
374.73,467.94,30.25,73.334
371.48,468.26,30.451,73.819
368.21,468.23,30.49,73.915
364.54,470.14,30.166,73.129
361.54,471.8,30.007,72.744
359.51,470.9,29.826,72.306
355.12,464.34,29.669,71.925
352.37,459.5,29.658,71.899
350.01,451.43,29.799,72.239
354.27,446.33,29.922,72.538
360.74,443.92,29.984,72.687
367.79,440.15,30.062,72.877
354.23,437.76,30.356,73.59
342.3,437.85,30.288,73.426
348.86,435.01,30.537,74.029
352.65,432.34,30.466,73.856
353.79,431.46,30.306,73.469
355.65,431.94,30.152,73.096
357.33,431.17,29.838,72.334
364.71,429.29,29.345,71.14
370.98,428.87,29.099,70.544
375.13,428.56,28.766,69.735
377.3,428.81,28.738,69.669
376.26,429.64,28.866,69.978
370.77,431.13,28.845,69.927
366.85,431.82,28.832,69.896
365.04,431.52,28.793,69.8
365.42,429.45,28.951,70.185
365.48,425.61,28.93,70.134
364.43,420.35,28.797,69.811
362.16,419.16,28.718,69.62
358.97,418.48,28.503,69.099
355.21,418.33,28.323,68.662
352.2,418.61,27.943,67.741
351.77,420.1,27.654,67.039
350.25,422.19,27.522,66.719
349.76,425.39,27.486,66.633
346.8,427.95,27.569,66.834
344.67,429.6,27.612,66.939
342.06,430.86,27.866,67.555
341.75,432,28.222,68.416
339.09,431,28.306,68.62
323.18,432.62,28.308,68.626
321.24,431.65,28.338,68.698
318.71,431.03,28.357,68.745
316.04,430.81,28.41,68.874
314.87,430.83,28.544,69.199
312.87,430.14,28.651,69.456
312.47,430.29,28.731,69.651
315.19,431.23,28.704,69.584
318.47,431.91,28.749,69.695
320.3,433.58,28.648,69.449
320.73,434.93,28.685,69.539
320.91,436.24,28.866,69.979
318.73,438.07,29.047,70.418
317.71,439.47,29.219,70.834
314.42,440.75,29.299,71.027
312.48,442.81,29.374,71.209
311.02,442.99,29.466,71.434
313.58,443.56,29.39,71.249
315.52,443.48,29.403,71.279
316.95,442.21,29.429,71.342
317.14,441.02,29.364,71.186
316.63,440.36,29.327,71.095
312.97,439.71,29.467,71.435
310,439.72,29.582,71.713
306.48,440.77,29.706,72.015
304.76,441.76,29.724,72.059
303.98,441.72,29.71,72.025
303.48,441.96,29.785,72.207
302.06,441.53,29.766,72.16
301.16,442.32,29.576,71.698
299.6,443.18,29.399,71.271
299.26,444.5,29.264,70.944
297.52,445.14,29.129,70.615
297.08,446.18,29.043,70.408
298.68,447.31,28.895,70.049
298.17,446.93,28.812,69.848
297.76,447.23,28.733,69.656
295.12,445.48,28.758,69.717
292.27,443.61,28.711,69.601
289.77,442.08,28.674,69.513
286.9,441.26,28.608,69.352
284.2,440.62,28.497,69.084
284.9,442.45,28.563,69.244
288.69,444.39,28.655,69.467
292.6,447.31,28.737,69.665
294.11,451.19,28.875,70
292.02,455.26,28.792,69.8
288.4,462.23,28.868,69.983
285.68,464.36,28.832,69.895
282.69,466.49,28.771,69.749
279.18,467.83,28.793,69.802
274.66,466.47,28.823,69.874
269.77,456.19,28.749,69.695
272.33,451.92,28.76,69.721
281.65,445.81,28.733,69.655
291.94,438.34,28.713,69.608
299.99,431.19,28.772,69.751
303.49,420.05,28.87,69.989
302.15,416.94,28.692,69.556
300.31,415.13,28.774,69.755
297.49,413.76,28.6,69.334
297.74,416.36,28.537,69.18
297.35,423.89,28.442,68.95
312.45,430.98,28.492,69.072
317.47,434.72,28.384,68.81
312.36,439.75,28.44,68.946
315,440.76,28.477,69.035
313.62,440.97,28.425,68.908
312.48,440.96,28.406,68.863
310.07,441.14,28.365,68.763
309.09,442.88,28.188,68.334
308.48,443.81,28.14,68.218
311.01,446.32,28.095,68.109
310.87,446.9,28.15,68.243
307.35,447.04,28.147,68.236
303.39,447.27,28.154,68.252
299.76,447.39,28.146,68.233
296.1,446.94,28.113,68.152
293.2,446.68,28.075,68.062
289.95,447.17,28.078,68.067
286.25,448.33,28.036,67.966
283.19,449.54,28.172,68.295
278.18,451.19,28.264,68.52
271.96,450.72,28.22,68.412
267.98,450.81,28.158,68.261
264.59,451.91,28.175,68.304
260.69,451.27,28.176,68.305
256.05,450.73,28.258,68.505
252.56,449.54,28.295,68.595
249.58,449.63,28.186,68.329
246.42,449.61,28.144,68.229
243.2,450.46,28.018,67.923
238.18,453.02,28.068,68.043
233.99,453.62,28.147,68.236
229.57,453.88,28.243,68.468
223.55,452.95,28.18,68.316
218.73,452.21,28.127,68.187
214.2,453.97,28.396,68.84
210.51,453.57,28.591,69.311
203.69,452.13,28.516,69.129
199.59,451.62,28.517,69.131
196.97,451.5,28.461,68.995
195.2,451.92,28.189,68.336
194.13,451.87,27.899,67.634
194.45,451.89,27.692,67.133
178.95,450.08,27.847,67.509
176.71,450.92,27.965,67.793
169.02,452.84,28.093,68.104
167.15,453.74,28.232,68.44
162.21,454.28,28.292,68.587
158.46,454.04,28.35,68.728
154.62,454.39,28.516,69.13
147.62,453.32,28.511,69.119
144.2,453.14,28.449,68.968
140.54,453.73,28.313,68.637
136.62,453.16,28.163,68.273
133.25,453.29,28.102,68.126
127.66,454.46,28.077,68.066
124.04,455.06,28.12,68.171
120.4,455.35,28.166,68.282
115.9,455.78,28.119,68.168
113.46,454.72,28.113,68.152
109.15,455.89,28.087,68.09
105.85,454.61,28.115,68.158
103.28,454.6,28.056,68.016
97.622,456.01,28.055,68.013
92.169,457.4,28.051,68.002
87.753,453.51,28.065,68.035
87.218,453.83,28.008,67.899
85.277,453.25,27.931,67.711
81.846,452.08,27.968,67.801
79.248,451.07,27.904,67.647
73.247,452.87,27.902,67.642
71.431,451.94,28.019,67.925
69.24,452.55,28.009,67.901
67.088,452.67,28.097,68.113
66.547,451.88,28.278,68.553
65.658,449.67,28.388,68.819
68.66,447.92,28.595,69.32
68.532,446.03,28.764,69.732
66.425,444.9,29.081,70.5
61.767,444.26,29.096,70.535
54.58,444.37,29.008,70.323
49.941,444.87,28.926,70.124
45.817,445.15,28.931,70.135
45.446,445.55,28.867,69.981
46.902,447.56,28.871,69.989
52.561,450.21,28.832,69.895
64.445,451.43,28.924,70.118
66.51,451.3,28.848,69.935
50.408,451.9,28.839,69.913
50.705,452.03,28.926,70.124
54.728,452.53,28.964,70.215
53.588,452.88,28.915,70.096
53.375,451.73,28.948,70.178
50.753,450.36,29.067,70.466
48.27,449.48,29.076,70.488
41.958,445.72,29.35,71.152
38.252,446.01,29.357,71.17
34.844,446.44,29.55,71.635
32.907,447.61,29.627,71.822
30.758,449.88,29.804,72.251
29.597,451.63,29.911,72.512
24.744,454.76,30.033,72.806
23.918,455.88,30.112,72.999
23.128,455.28,30.13,73.041
23.052,454.93,30.042,72.829
22.945,453.83,29.919,72.53
22.526,449.33,29.901,72.488
21.357,447.59,29.777,72.188
21.65,445.6,29.768,72.165
21.987,446.17,29.622,71.81
21.782,447.25,29.604,71.768
17.399,448.08,29.61,71.782
14.806,448.61,29.627,71.823
12.361,448.1,29.626,71.821
7.9835,447.96,29.639,71.852
5.6004,447.13,29.683,71.959
4.2821,446.52,29.735,72.086
3.5573,446.63,29.794,72.227
4.1569,446.59,29.916,72.525
10.356,447.03,29.994,72.713
4.1793,461.36,29.948,72.601
7.0771,460.98,29.73,72.072
23.887,462.54,29.722,72.052
28.355,462.21,29.649,71.877
35.836,462.99,29.595,71.745
52.885,451.54,29.617,71.798
40.837,465.25,29.603,71.766
41.765,466.71,29.603,71.766
42.885,467.98,29.563,71.669
45.18,466.12,29.518,71.558
42.355,469.12,29.673,71.934
49.548,462.52,29.667,71.919
34.968,471.11,29.478,71.461
32.68,470.01,29.407,71.289
31.033,470.32,29.272,70.964
30.6,466.46,29.153,70.674
31.371,464.13,29.124,70.604
31.287,462.48,29.059,70.446
48.399,475.32,29.089,70.518
51.742,472.41,28.959,70.203
63.796,463.22,28.986,70.268
61.992,429.77,28.979,70.252
62.562,418.92,28.841,69.918
57.225,425.78,28.964,70.215
65.881,426.33,29.087,70.513
72.816,425.4,29.121,70.597
64.094,403.57,29.136,70.632
63.996,405.12,29.135,70.63
64.685,405.69,29.148,70.662
65.166,406.07,29.176,70.729
65.583,404.27,29.154,70.677
66.505,400.65,29.064,70.459
67.321,398.75,28.991,70.281
67.581,398.5,29.024,70.361
67.263,397.65,28.964,70.215
66.847,398.79,28.946,70.172
66.051,399.39,28.876,70.003
66.105,400.49,28.882,70.018
66.311,401.33,28.915,70.098
66.068,402.32,28.982,70.258
66.392,403.94,28.962,70.21
65.708,404.45,28.926,70.123
65.752,404.8,28.907,70.078
65.544,404.83,28.813,69.849
65.886,404.64,28.728,69.643
66.385,404.19,28.601,69.336
65.935,402.87,28.476,69.033
66.523,402.76,28.386,68.815
66.673,402.8,28.403,68.856
66.734,403.78,28.458,68.988
69.057,405.05,28.57,69.26
70.998,405.24,28.458,68.99
73.03,406.33,28.506,69.106
75.012,406.61,28.471,69.021
80.981,408.73,28.362,68.757
88.528,412.02,28.273,68.542
92.758,415.12,28.244,68.469
93.913,417.07,28.464,69.004
94.875,419.28,28.613,69.365
94.225,420.64,28.501,69.094
93.589,421.96,28.663,69.487
91.949,422.38,28.655,69.467
91.314,421.48,28.756,69.711
91.529,418.66,28.779,69.768
94.881,413.48,28.779,69.768
104.41,408.26,28.83,69.89
115.07,407.67,28.542,69.192
122,409.47,28.455,68.982
125.98,412.06,28.553,69.22
131.19,412.96,28.545,69.201
143.05,412.16,28.4,68.847
154.83,411.47,28.346,68.718
163.35,410.33,28.216,68.403
171.56,407.97,27.93,67.71
176.32,407.46,27.82,67.442
180.91,407,27.597,66.901
185.28,407.65,27.541,66.767
186.74,407.84,27.643,67.013
188.39,406.79,27.81,67.418
190.25,406.65,28.046,67.991
191.59,405.23,28.073,68.055
191.66,405.56,28.248,68.481
192.1,405.58,28.294,68.592
196.58,405.49,28.301,68.608
202.39,406.1,28.055,68.012
209.5,406.56,27.86,67.54
215.4,407.18,27.836,67.481
221.09,407.7,27.759,67.294
226.09,407.6,27.736,67.24
229.33,406.61,27.584,66.87
233.05,405.2,27.495,66.655
235.65,405.19,27.365,66.338
238.97,404.52,27.307,66.199
243.68,404.06,27.242,66.04
248.52,404.32,27.177,65.884
253.4,404.29,27.185,65.902
257.52,404.62,27.28,66.133
262.31,404.55,27.258,66.08
269.77,404.4,27.137,65.787
276.78,404.12,27.061,65.601
282.73,404.41,27,65.454
288.23,404.95,26.824,65.028
292.71,406.52,26.844,65.075
298.88,406.65,26.883,65.172
305.36,406.63,26.946,65.324
311.35,404.9,27.085,65.66
317.7,403.94,27.004,65.464
321.03,403.21,26.947,65.326
325.12,403.13,27.04,65.551
330.62,402.93,26.966,65.372
337.12,402.81,27.015,65.492
342.91,402.98,26.747,64.842
347.32,403.6,26.853,65.098
351.32,403.65,26.887,65.181
356.03,404.09,27.014,65.489
362.58,405.6,26.863,65.123
369.31,407.63,26.981,65.408
372.66,407.75,26.987,65.424
373.5,406.58,27.07,65.624
373.67,404.45,27.135,65.782
373.74,400.57,27.215,65.977
373.93,398.99,27.205,65.951
374.07,398.91,27.18,65.89
373.86,401.47,27.259,66.083
373.69,404.96,27.254,66.07
374.03,408.43,27.351,66.305
373.72,409.53,27.399,66.423
374,410.21,27.566,66.827
374.25,410.13,27.608,66.929
374.05,409.9,27.729,67.221
374.58,410.04,27.79,67.369
374.9,410.45,27.78,67.345
374.78,410.34,27.765,67.31
374.8,410.74,27.731,67.226
374.57,410.62,27.676,67.093
374.29,410.4,27.63,66.983
374.17,409.96,27.674,67.088
374.2,409.99,27.664,67.064
373.99,414.75,27.538,66.759
374.21,419.31,27.581,66.863
374.32,422.1,27.734,67.235
374.49,423.23,27.747,67.266
374.41,422.64,27.738,67.243
375.11,419.24,27.726,67.215
378.09,415.4,27.735,67.237
384.63,413.95,27.776,67.335
394.71,415.81,27.733,67.232
407.96,417.77,27.778,67.341
424.52,419.86,27.747,67.266
443.33,419.67,27.777,67.339
461.09,418.9,27.682,67.108
472.45,417.7,27.472,66.6
478.88,417.78,27.768,67.316
482.69,417.06,27.931,67.712
486.18,415.86,27.914,67.669
492.22,414.63,27.776,67.335
499.48,413.68,27.806,67.408
505.14,412.85,27.934,67.719
506.88,412.22,27.911,67.662
509.39,411.65,27.976,67.82
512.94,409.86,27.922,67.689
517.22,408.33,27.754,67.283
524.34,408.52,27.736,67.238
536.02,408.71,27.758,67.292
553.15,412.12,27.846,67.505
572.44,416.43,27.903,67.643
586.88,419.48,28.17,68.29
594.02,419,28.201,68.367
594.25,417.52,28.342,68.708
592.75,415.48,28.457,68.987
592.34,413.84,28.629,69.405
591.47,412.54,28.446,68.961
592.04,412.37,28.409,68.87
592.19,412.43,28.374,68.785
592.16,412.99,28.357,68.744
591.96,413.67,28.242,68.465
593.28,412.99,28.284,68.566
598.11,411.82,28.296,68.596
605.53,411.79,28.164,68.276
615.87,412.48,28.141,68.22
625.74,413.24,28.312,68.636
634.79,410.9,28.404,68.858
643.72,408.99,28.397,68.841
648.61,408.28,28.298,68.602
649.81,407.99,28.196,68.355
654.1,409.47,28.117,68.161
657.75,411.32,28.294,68.59
661.08,411.8,28.42,68.897
665.94,412.06,28.41,68.872
670.28,411.21,28.45,68.969
672.17,411,28.357,68.743
675.3,410.54,28.238,68.456
679.69,410.57,28.253,68.493
689.23,410.55,28.26,68.509
703.57,410.42,28.31,68.629
717.33,410.27,28.306,68.621
728.38,410.1,28.394,68.835
738.76,411.4,28.441,68.948
750.36,411.43,28.595,69.321
764.68,410.87,28.55,69.211
781.17,411.38,28.652,69.459
795.66,413.04,28.671,69.506
806.15,414.77,28.815,69.854
816.85,415.94,29.032,70.38
827.03,416.27,29.192,70.769
833.5,416.53,29.096,70.537
840.4,416.23,29.25,70.91
842.02,414.93,29.214,70.821
842.92,413.87,29.149,70.664
843.21,411.94,29.248,70.904
842.74,409.68,29.148,70.663
842.91,406.07,28.986,70.27
845.54,402.48,28.833,69.899
847.69,401.66,28.702,69.58
854.34,403.5,28.627,69.399
866.91,406.86,28.561,69.239
884.45,411.07,28.728,69.643
900.19,415.31,29.06,70.45
911.21,417.9,29.442,71.375
917.55,418.95,29.679,71.95
926.76,419.98,29.936,72.571
935.77,420.34,30.075,72.91
943.2,420.29,30.138,73.063
948.18,419.47,30.146,73.08
941.61,408.14,29.753,72.13
943.11,406.64,29.342,71.133
944.14,404.44,29.087,70.514
944.26,402.24,28.835,69.902
943.72,399.46,28.433,68.929
943.55,401.01,28.134,68.204
943.74,404.66,27.796,67.383
943.74,407.08,27.58,66.86
942.48,410.42,27.432,66.502
943.11,410.77,27.454,66.554
943.6,409.4,27.294,66.166
942.33,407.82,27.31,66.206
942.08,408.24,27.513,66.698
942.41,408.11,27.711,67.178
942.32,406.84,27.786,67.359
943.2,405.74,27.793,67.376
942.37,403.46,27.81,67.419
942.1,400.77,27.824,67.452
942.2,397.88,27.683,67.11
941.22,396.36,27.606,66.924
941.2,396.51,27.666,67.07
941.95,398.34,27.739,67.247
941.78,400.48,27.619,66.954
941.82,403.16,27.423,66.48
941.83,405.11,27.551,66.79
941.7,405.89,27.511,66.694
941.74,404.2,27.746,67.264
941.33,398.26,27.685,67.114
940.19,392.49,27.698,67.146
939.72,388.1,27.857,67.533
939.77,383.51,27.837,67.483
939.69,380.89,28.13,68.195
939.41,378.56,28.292,68.587
938.58,377.21,28.381,68.803
939.41,378.46,28.432,68.926
940.49,381.66,28.437,68.938
941.35,388.12,28.302,68.61
941.4,394.56,27.958,67.776
941.54,399.1,27.721,67.204
941.69,402.15,27.695,67.14
942.12,403.06,27.69,67.127
941.38,400.81,27.758,67.291
941.06,396.15,27.952,67.762
940.36,389.02,27.951,67.759
939.65,383.93,28.095,68.109
940.37,380.39,28.21,68.388
940.42,378.28,28.051,68.003
940.59,378.76,28.082,68.078
941.09,380.84,28.025,67.94
941.55,382.83,28.047,67.993
941.92,383.83,28.035,67.963
941.9,384.16,27.98,67.829
941.73,383.92,27.977,67.824
942.11,385.31,27.834,67.476
942.75,387.88,27.957,67.775
942.76,389.61,27.965,67.794
943.23,390.65,27.77,67.321
943.56,390.5,27.768,67.316
943.08,386.6,27.73,67.224
942.94,382.24,27.797,67.387
942.78,378.99,27.899,67.634
942.59,376.63,28.001,67.882
942.37,375.53,27.73,67.224
942.57,376.9,27.607,66.925
942.38,380.9,27.488,66.637
943.09,384.86,27.537,66.758
943.31,387.09,27.397,66.417
949.11,388.81,27.574,66.847
942.49,401.65,27.783,67.352
938.18,420.72,27.745,67.26
912.85,421.53,27.705,67.164
876.91,413.7,27.723,67.208
876.93,408.32,27.922,67.689
876.07,402.1,27.911,67.663
875.49,396.58,27.746,67.264
875.04,395.43,27.694,67.137
875.19,394.97,27.719,67.197
878.05,396.86,27.68,67.104
906.11,389.33,27.546,66.778
914.91,390.01,27.595,66.897
914.38,383.1,27.546,66.778
920.37,357.48,27.498,66.662
934.7,327.77,27.512,66.695
939.9,328.16,27.363,66.335
941.05,327.24,27.303,66.189
941.18,326.9,27.211,65.966
941.28,327.39,27.13,65.769
942.26,326.44,27.108,65.716
941.84,325.33,27.083,65.655
942.63,322.98,27.054,65.586
942.89,320.12,27.142,65.8
944.63,317.8,27.16,65.842
942.39,325.5,26.903,65.219
944.63,323.1,26.96,65.357
947.52,319.68,26.73,64.8
926.81,305.68,26.762,64.876
917.77,296.47,26.76,64.873
925.09,295.9,26.856,65.104
944.62,274.4,26.795,64.957
943.29,282.05,26.765,64.886
943.87,267.92,26.709,64.75
945.66,267.75,26.598,64.48
945.93,267.65,26.603,64.493
947.87,272.24,26.623,64.54
946.65,276.19,26.544,64.348
945.33,276.67,26.285,63.721
946.52,291.6,26.303,63.764
943.18,300.91,26.379,63.949
943.54,315.33,26.387,63.969
939.38,302.44,26.495,64.231
942.77,296.21,26.486,64.209
943.62,297.39,26.605,64.498
943.49,293.7,26.558,64.382
945.59,290.26,26.532,64.319
931.18,268.37,26.538,64.334
939.53,269.96,26.765,64.886
944.01,272.77,26.743,64.831
944.99,274.85,26.693,64.71
944.42,247.25,26.608,64.503
940.81,233.82,26.613,64.516
945.01,235.13,26.753,64.856
945,233.79,26.67,64.655
942.13,239.51,26.651,64.607
945.27,239.02,26.792,64.951
942.52,258.66,27.022,65.509
942.2,255.79,26.849,65.088
945.64,258.92,26.809,64.992
943.47,253.59,26.812,64.998
945.75,255.01,26.707,64.744
929.71,253.43,26.65,64.605
938.66,252.66,26.618,64.528
940.92,253.04,26.828,65.038
937.69,253.42,26.99,65.431
937.97,252.49,27.09,65.672
936.73,255.71,27.269,66.106
937.96,259.95,27.297,66.175
939.85,262.51,27.229,66.01
943.63,264.82,27.208,65.958
944.15,265.33,27.245,66.048
941.61,275.13,27.27,66.11
943.42,272.84,27.332,66.259
943.67,298.36,27.406,66.44
942.75,318.43,27.438,66.516
944.88,315.83,27.506,66.682
940.22,328.16,27.496,66.658
942.64,358.33,27.41,66.449
941.61,365.62,27.315,66.219
940.27,371.6,27.329,66.253
939.77,375.94,27.372,66.355
943.34,379.48,27.324,66.241
943.38,378.64,27.086,65.663
943.47,384.56,27.035,65.54
939.42,384.37,26.977,65.4
941.98,381.11,26.876,65.154
944.26,379.7,26.719,64.774
940.04,377.27,26.519,64.289
942.32,381.29,26.323,63.814
945.24,374.76,26.24,63.613
945.43,387.77,26.085,63.237
945.08,391.37,26.226,63.577
945.87,388.46,26.124,63.33
946.07,389.88,25.967,62.951
945.83,388.2,25.82,62.593
946.47,387.56,25.87,62.715
945.87,386.26,25.964,62.943
945.44,383,26.035,63.114
945.69,381.32,26.095,63.261
945.87,381.11,26.183,63.474
945.44,383,26.303,63.765
945.28,382.27,26.437,64.09
945.74,382.41,26.607,64.502
942.36,379.98,26.519,64.289
945.6,382.58,26.456,64.135
944.46,387.29,26.292,63.739
941.1,401.58,26.218,63.559
941.41,408.01,26.174,63.453
942.69,409.27,26.297,63.751
940.93,410.7,26.326,63.822
942.43,409.94,26.251,63.639
939,407.82,26.252,63.642
943.11,404.92,26.141,63.373
944.03,403.23,26.057,63.169
946.51,402.46,26.013,63.063
940.92,401.21,25.99,63.005
943.69,402.94,25.982,62.986
946.27,402.34,25.996,63.019
944.52,410.83,25.952,62.915
941.46,398.71,26.184,63.477
943.73,401.82,26.229,63.586
944.4,412.97,26.171,63.444
944.46,409.58,26.155,63.405
942.78,408.47,26.242,63.617
943.31,408.96,26.231,63.591
939.88,419.07,26.219,63.56
945.42,411.61,26.122,63.326
941.65,407.47,26.209,63.537
943.82,407.11,26.134,63.355
942.21,394.21,26.136,63.359
944.33,392.76,26.166,63.433
922.2,392.6,26.23,63.587
923.78,391.07,26.262,63.665
926.55,389.65,26.398,63.994
925.32,391.43,26.457,64.138
928.19,389.72,26.461,64.147
944.48,393.23,26.367,63.92
944.05,388.95,26.338,63.85
943.6,386.6,26.482,64.199
941.53,382.91,26.351,63.88
943.08,384.64,26.213,63.547
943.78,385.92,26.119,63.32
944.89,386.45,26.021,63.081
943.33,396.51,26.089,63.245
942.95,398.11,26.097,63.265
943.82,397.58,26.23,63.589
942.33,397.15,26.265,63.674
941.6,401.29,26.162,63.423
941.83,399.49,26.059,63.172
946.76,399.61,26.226,63.579
943.34,402.46,26.064,63.186
944.24,410.17,25.899,62.787
945.46,413.42,25.837,62.635
941.4,441.28,25.833,62.625
944.92,438.88,25.849,62.665
941.09,470.08,25.719,62.349
945.43,480.12,25.766,62.462
946.46,490.07,25.877,62.733
946.04,488.11,26.007,63.046
943.94,498.01,26.116,63.31
944.49,522.7,26.13,63.344
944.55,526.17,25.778,62.493
943.62,528.01,25.522,61.873
945.49,526.41,25.344,61.439
946.63,523.49,25.328,61.401
947.73,525.72,25.052,60.733
946.07,524.54,24.764,60.035
944.68,522.25,24.837,60.211
946.31,525.06,24.686,59.845
943.82,519.81,24.679,59.828
944.51,530.6,24.446,59.264
945,533.52,24.336,58.996
944.5,522.38,24.288,58.88
944.19,520.88,24.291,58.887
942.89,519.15,24.284,58.87
942.51,530.88,24.048,58.299
944.43,529.14,23.985,58.147
945.38,531.79,23.959,58.083
944.37,528.29,23.968,58.104
933.23,529.95,23.882,57.896
936.28,530.33,23.844,57.805
946.59,531.4,23.792,57.678
947.38,530.56,23.834,57.779
946.75,531.07,23.893,57.922
947.07,530.12,23.892,57.921
946.64,530.11,23.901,57.943
946.98,530.07,23.978,58.129
946.03,529.09,24.026,58.246
947.21,528.29,24.115,58.46
944.75,526.39,24.125,58.484
944.17,527.35,24.187,58.635
945.14,525.69,24.277,58.854
945.37,528.54,24.195,58.654
945.99,529.56,24.247,58.781
945.13,528.45,24.161,58.572
944.05,528.76,24.106,58.44
945.66,528.4,24.098,58.421
943.76,525.1,24.167,58.586
944.49,519.38,24.188,58.638
942.91,514.49,24.194,58.653
937.12,514.39,24.096,58.414
941.01,516.57,24.382,59.108
944.93,525.36,24.57,59.564
945.12,525.83,24.766,60.038
944.92,527.05,24.785,60.084
944.94,527.53,24.657,59.774
945.88,528.06,24.703,59.887
943.72,528.23,24.674,59.816
940.01,524.83,24.8,60.12
944.4,502.75,24.841,60.221
944.59,502.3,24.899,60.361
945.29,526.44,25.06,60.751
942.64,525.43,25.394,61.561
943.47,522.74,25.607,62.077
943.58,523.53,25.658,62.202
942.1,525.74,25.703,62.311
943.28,526.6,25.652,62.186
944.27,526.04,25.633,62.14
945.12,525.9,25.561,61.967
943.7,528.55,25.465,61.733
944.79,526.21,25.535,61.903
945.1,526.04,25.651,62.185
943.51,524.12,25.728,62.372
943.92,523.27,25.707,62.32
944.28,523.11,25.693,62.285
944.96,524.15,25.725,62.363
944.22,524.88,25.75,62.424
943.52,509.12,25.647,62.173
943.36,507.95,25.852,62.672
942.79,518.21,26.197,63.509
943.54,519.18,26.419,64.045
943.26,516.25,26.489,64.217
943.99,510.76,26.775,64.909
942.08,511.86,26.997,65.446
942.88,511.57,27.141,65.795
942.09,522.93,27.055,65.587
944.32,520.38,27.184,65.901
943.93,520.42,27.131,65.772
941.66,517.22,27.274,66.118
941.99,515.79,27.347,66.296
942.38,522.79,27.322,66.235
941.8,521.79,27.25,66.061
942.46,520.95,27.272,66.113
936.43,513.69,27.669,67.075
941.07,521.58,27.598,66.904
941.41,523.04,27.453,66.554
942.67,521.75,27.389,66.397
943.84,520.76,27.415,66.461
944.66,518.77,27.442,66.526
945.51,519.12,27.458,66.565
946.89,520.45,27.288,66.153
944,519.73,27.231,66.016
941.21,522.4,27.2,65.94
943.51,522.51,27.203,65.947
944.03,523.52,26.974,65.391
944.5,522.69,26.878,65.158
943.67,523.23,26.702,64.732
942.37,522.86,26.788,64.94
936.02,522.11,26.839,65.064
940.37,521.41,26.946,65.324
942.86,522.1,26.991,65.433
945.59,522.36,27.026,65.518
943.64,527.12,26.887,65.182
944.52,521.15,26.834,65.051
945.08,522.97,26.73,64.801
943.86,522.98,26.646,64.596
942.78,522.45,26.588,64.457
944.46,524.6,26.364,63.912
943.28,535.95,26.37,63.927
942.87,536.8,26.135,63.358
943.9,526.01,25.948,62.905
943.41,524.84,26.071,63.202
943.59,537.71,25.97,62.958
944.32,504.7,25.999,63.028
944.78,505.43,26.057,63.168
943.99,509.62,26.121,63.324
946.68,505.87,26.106,63.287
947.08,509.93,26.022,63.083
945.29,509.04,26.063,63.182
947.18,510.65,25.908,62.807
943.59,510.29,25.864,62.701
944.26,510.15,25.81,62.57
944.62,510.19,25.887,62.757
945.34,511.66,25.844,62.652
946.59,512.45,26.021,63.082
944.32,510.59,25.756,62.439
945.88,511.93,25.769,62.47
944.48,509.96,25.745,62.413
944.58,508.64,25.753,62.431
945.34,507.34,25.74,62.399
946.03,504.18,25.644,62.167
944.8,504.47,25.499,61.815
946.79,507.17,25.527,61.882
947.5,508.28,25.584,62.022
944.68,532.34,25.519,61.864
943.03,527.17,25.363,61.486
944.94,527.22,25.1,60.848
945.44,527.7,24.885,60.326
946.64,527.24,24.878,60.31
939.24,510.08,24.953,60.493
934.53,510.93,25.138,60.941
945.81,527.73,24.989,60.579
928.89,527.69,24.887,60.332
918.06,525.32,24.982,60.563
923.98,524.7,25.146,60.96
943.7,523.95,25.262,61.241
945.1,525.3,25.328,61.4
944.41,527.45,25.013,60.639
944.86,526.45,24.991,60.585
945.74,526.56,24.931,60.438
945.73,527.79,24.751,60.002
944.84,527.27,24.769,60.047
944.69,527.37,24.71,59.903
944.52,526.82,24.72,59.926
944.67,526.73,24.814,60.156
944.66,526.81,24.95,60.486
945.29,525.72,25.143,60.953
945.84,525.11,25.434,61.657
945.82,524.45,25.664,62.216
947.03,523.47,25.946,62.898
944.03,524.78,26.122,63.327
946.38,525.22,26.004,63.04
943.99,525.47,25.906,62.803
945.44,523.19,26.239,63.609
944.25,523.95,26.277,63.703
923.23,523.03,26.289,63.73
905.82,526.38,25.908,62.807
918.3,525.66,25.729,62.374
915.38,527.77,25.316,61.373
945.74,527.78,25.285,61.297
944.3,529.1,25.058,60.746
943.74,528.07,24.915,60.4
941.91,527.4,24.85,60.242
936.22,527.2,24.883,60.322
941.92,526.52,24.943,60.467
945.35,526.65,24.957,60.501
947.76,527.05,24.983,60.564
946.04,525.83,25.176,61.033
946.96,530.76,24.898,60.36
944.47,524.6,25.184,61.053
943.55,527.96,24.987,60.576
945.9,527.36,24.899,60.361
944.61,534.3,24.838,60.213
945.2,534.41,24.788,60.092
943.88,530.12,24.564,59.548
945.26,530.7,24.341,59.009
941.72,525.71,24.662,59.787
944.19,524.93,24.815,60.158
943.5,524.37,24.901,60.366
945.81,525.92,24.945,60.472
946.9,526.74,24.976,60.547
947.33,524.04,25.211,61.116
946.8,524.34,25.331,61.409
946.27,523.9,25.458,61.717
944.86,523.07,25.621,62.112
945.79,523.74,25.639,62.156
945.13,523.2,25.735,62.387
944.49,523.02,25.926,62.851
943.99,523.64,26.097,63.266
942.3,523.24,26.317,63.8
941.85,522.11,26.544,64.349
942.82,523.84,26.447,64.114
945.2,527.71,26.118,63.315
943.89,523.97,26.08,63.223
944.72,525.17,25.963,62.94
945.87,523.98,26.042,63.133
945.63,524.02,26.04,63.126
945.47,524.02,26.112,63.302
945.63,523.52,26.232,63.593
945.37,523.47,26.304,63.768
943.97,522.81,26.642,64.586
944.08,523.21,26.643,64.589
944.14,523.15,26.772,64.901
945.7,522.7,26.772,64.901
945.97,522.87,26.867,65.132
945.19,522.49,26.852,65.096
944.96,522.54,26.911,65.239
938.7,523.52,26.767,64.889
936.52,523.73,26.712,64.757
936.45,524.18,26.656,64.621
942.28,521.19,26.753,64.857
943.93,517.55,27.164,65.853
944.59,517.34,27.34,66.278
943.91,517.19,27.756,67.288
944.14,516.98,27.82,67.441
942.74,517.51,27.764,67.306
943.57,518.42,27.815,67.429
942.65,518.22,27.855,67.526
941.82,519.35,27.948,67.753
942.31,518.76,27.8,67.394
943.35,519.57,27.933,67.715
943.81,518.41,28.054,68.009
944.31,517.71,28.146,68.232
944.46,516.47,28.225,68.425
942.99,516.75,28.251,68.488
942.35,516.22,28.408,68.867
941.82,517.68,28.598,69.327
941.12,516.87,28.655,69.467
942.65,517.82,28.706,69.59
942.09,518.15,28.803,69.826
941.63,517.91,28.866,69.978
941.29,517.25,28.854,69.949
939.62,517.8,28.684,69.537
940.76,519.13,28.583,69.293
941.38,518.51,28.642,69.435
941.74,518.36,28.667,69.495
941.13,518.63,28.608,69.352
941.26,518.12,28.606,69.349
941.51,517.94,28.591,69.313
941.44,518.19,28.568,69.255
941.59,518.74,28.553,69.219
941.32,519.04,28.466,69.008
942.4,519.52,28.544,69.198
942.24,519.32,28.59,69.309
941.94,519.3,28.392,68.829
942.13,520.45,28.273,68.54
942.11,520.19,28.042,67.981
942.6,521.23,27.886,67.604
942.63,521.52,27.619,66.956
942.94,521.91,27.493,66.649
944.22,522.28,27.423,66.481
944.25,522.66,27.424,66.483
943.84,523.36,27.476,66.607
942.85,523.12,27.484,66.628
942.24,523.57,27.393,66.406
941.99,523.71,27.385,66.389
941.53,523.79,27.314,66.215
941.73,523.54,27.103,65.705
941.92,523.21,27.095,65.684
941.9,523.15,27.088,65.668
941.47,523.53,26.955,65.345
941.78,523.88,26.757,64.866
942.94,524.55,26.597,64.476
941.28,524.58,26.444,64.107
941.77,524.59,26.398,63.996
941.79,524.44,26.409,64.022
942.73,524.83,26.374,63.937
942.4,524.53,26.475,64.181
943.15,523.39,26.723,64.783
943.46,521.99,26.78,64.921
943.09,521.57,27.32,66.229
941.82,520.4,27.913,67.667
941.51,519.97,28.134,68.202
941.59,520.41,28.163,68.273
941.34,518.64,28.436,68.937
942.94,519.34,28.507,69.108
943.13,520.83,28.505,69.104
942.6,519.95,28.183,68.322
941.44,522.8,27.783,67.352
943.1,523.24,27.478,66.613
942.69,523.54,27.045,65.564
941.4,524.68,26.593,64.467
941.91,525.23,26.312,63.788
945,525.47,26.116,63.311
945.73,524.35,26.034,63.113
944.75,523.49,26.001,63.033
945.9,523,25.849,62.664
945.72,519.62,25.737,62.393
944.41,521.04,26.021,63.081
942.79,523.99,26.051,63.155
941.45,524.17,25.979,62.979
945.66,519.95,26.051,63.154
945.74,523.17,26.151,63.397
946.35,528.01,25.723,62.359
942.39,526.25,25.633,62.142
941.37,497.3,25.969,62.954
942.96,497.38,26.293,63.74
939.91,496.81,26.361,63.905
943.88,497.02,26.275,63.698
943.21,474.83,26.231,63.59
943.02,495.96,26.158,63.414
941.35,497.42,26.225,63.576
941.52,498.72,26.358,63.897
943.8,498.27,26.349,63.877
943.48,500.91,26.547,64.356
945.07,502.51,26.71,64.751
945.5,500.94,26.783,64.928
946.35,500.16,27.027,65.52
944.6,500.9,27.26,66.085
944.72,500.29,27.437,66.514
944.34,501.2,27.706,67.166
936.5,484.48,27.558,66.806
939.52,482.66,27.351,66.305
937.48,484.79,27.369,66.349
938.85,484.07,27.413,66.455
939.69,503.61,27.786,67.36
939.2,502.82,28.028,67.948
939.87,503.13,28.069,68.046
938.49,502.09,28.19,68.34
940.29,481.58,28.415,68.885
940.21,481.85,28.585,69.297
939.99,481.38,28.603,69.34
939.68,481.5,28.578,69.281
938.94,481.76,28.478,69.038
938.84,483.84,28.435,68.933
938.94,484.14,28.468,69.013
938.31,484.55,28.432,68.926
938.29,484.88,28.514,69.125
937.42,484.72,28.366,68.767
939.21,484.49,28.292,68.587
937.98,484.51,28.284,68.566
937.94,484.31,28.255,68.497
937.57,484.33,28.266,68.524
937.86,484.15,27.894,67.622
938.19,484.47,27.831,67.47
938.56,484.72,27.842,67.497
937.65,484.77,28.091,68.098
937.85,484.46,28.237,68.452
939.46,483.53,28.368,68.772
938.67,484.51,28.557,69.228
938.6,483.17,28.565,69.248
938.04,483.33,28.436,68.937
938,483.68,28.471,69.022
937.69,483.9,28.596,69.323
938.07,482.98,28.769,69.743
937.92,482.65,28.71,69.601
937.53,482.65,28.774,69.754
936.56,483.19,28.656,69.469
936.89,483.1,28.55,69.213
937.23,483.73,28.492,69.072
937.31,483.82,28.525,69.15
937.4,483.73,28.489,69.063
937.35,484.54,28.202,68.367
938.2,484.32,28.202,68.369
937.4,484.56,28.135,68.207
938,484.77,28.192,68.345
937.28,484.14,28.236,68.45
936.46,483.85,28.343,68.711
937.06,484.45,28.262,68.513
936.57,483.52,28.306,68.622
936.84,483.66,28.354,68.738
936.43,483.94,28.42,68.897
936.38,483.54,28.508,69.109
936.66,483.09,28.531,69.167
936.5,483.69,28.488,69.062
936.56,483.62,28.456,68.985
937,483.73,28.45,68.971
937.46,483.59,28.543,69.194
936.96,483.5,28.499,69.088
936.83,483.51,28.487,69.06
936.95,483.51,28.436,68.935
937.63,484.48,28.466,69.009
938.17,484.37,28.359,68.75
938.65,483.21,28.499,69.088
938.36,483.19,28.602,69.339
938.02,483.31,28.672,69.507
937.11,483.83,28.572,69.266
937.06,483.58,28.569,69.258
937.18,483.53,28.604,69.343
937.23,483.33,28.743,69.68
937.94,483.28,28.872,69.992
937.11,482.86,28.978,70.249
937.58,483.34,28.943,70.164
937.55,482.85,28.987,70.271
938.43,483.62,28.898,70.055
937.19,483.35,28.91,70.086
937.06,483.1,28.903,70.067
937.28,482.82,29.019,70.348
938.26,483.05,29.054,70.433
937.83,483.67,28.959,70.205
937.46,483.71,28.83,69.892
936.42,483.3,28.857,69.956
937.34,482.99,28.919,70.106
937.13,483.03,28.965,70.218
937.41,482.92,28.979,70.252
937.62,483.1,28.927,70.126
937.46,482.51,28.985,70.267
937.83,482.72,28.967,70.222
938.16,482.58,29.017,70.345
938.45,482.66,29.107,70.562
938.57,482.78,29.149,70.664
937.29,482.53,29.093,70.528
938.13,482.73,29.137,70.634
937.5,482.48,29.077,70.49
937.99,482.76,29.189,70.761
937.63,482.41,29.078,70.491
937.87,482.77,29.083,70.505
937.95,482.86,29.187,70.758
936.89,482.21,29.106,70.559
937.28,482.65,29.13,70.619
936.85,482.27,29.003,70.311
937.1,483.18,28.973,70.237
937.18,483.18,28.986,70.27
937.48,483.27,28.916,70.1
936.99,482.86,28.94,70.158
936.57,482.62,28.989,70.277
937.19,483.36,28.92,70.109
936.56,482.76,28.988,70.273
937.03,483.33,28.944,70.167
936.78,483.29,28.976,70.246
936.86,483.45,28.903,70.068
936.77,482.75,28.952,70.186
937.02,482.88,29.025,70.365
937.57,483.4,29.202,70.792
936.31,482.84,28.945,70.17
936.42,483.2,28.888,70.031
936.65,483.27,28.778,69.765
937.16,483.71,28.843,69.924
936.41,483.1,28.851,69.941
936.17,483.13,28.873,69.996
935.81,483.25,28.83,69.892
935.8,483.17,28.835,69.904
935.49,483.11,28.838,69.909
935.7,483.17,28.852,69.944
935.08,482.78,28.888,70.031
935.2,483.22,28.869,69.985
935.14,483.34,28.713,69.607
935.75,483.93,28.625,69.395
935.04,483.72,28.506,69.106
935.03,483.82,28.341,68.707
935.78,483.92,28.443,68.953
936.33,484.28,28.314,68.641
935.07,483.88,28.257,68.503
935.51,483.63,28.412,68.876
935.98,483.89,28.493,69.075
935.58,483.3,28.567,69.253
935.9,483.08,28.607,69.35
936.01,482.92,28.655,69.466
936.13,483.42,28.773,69.754
935.98,483.36,28.83,69.891
935.54,482.89,28.859,69.962
935.98,482.94,28.885,70.024
936.42,483.19,28.935,70.144
936,482.99,28.943,70.165
935.65,483.01,28.961,70.208
936.26,483.58,28.848,69.935
935.43,483.22,28.748,69.693
935.95,483.23,28.767,69.738
935.49,483.43,28.749,69.694
935.55,483.49,28.693,69.558
935.49,483.53,28.637,69.423
934.6,483.2,28.613,69.364
934.89,483.16,28.623,69.388
935.13,483.18,28.593,69.316
935.15,483.29,28.573,69.269
935,483.35,28.585,69.298
934.66,483.6,28.529,69.162
934.87,483.64,28.47,69.017
935.32,483.84,28.722,69.63
935.5,483.86,28.701,69.578
935.51,483.48,28.714,69.61
935.54,483.39,28.77,69.745
935.5,483.4,28.764,69.732
935.52,483.39,28.972,70.235
935.35,483.35,28.938,70.153
934.73,482.95,28.882,70.018
934.81,482.95,28.811,69.845
934.88,482.87,28.821,69.87
934.72,482.82,28.807,69.834
934.79,483.01,28.766,69.735
935.35,483.49,28.771,69.747
935.23,483.45,28.78,69.77
935.39,483.44,28.758,69.717
935.53,483.44,28.755,69.709
935.21,483.3,28.773,69.753
935.1,483.28,28.753,69.705
935.31,483.32,28.719,69.622
935.31,483.32,28.726,69.638
935.56,483.37,28.709,69.597
935.5,483.37,28.684,69.538
935.32,483.41,28.653,69.461
935.51,483.52,28.653,69.461
935.48,483.56,28.637,69.423
934.9,483.18,28.673,69.51
935.43,483.55,28.678,69.523
934.95,483.53,28.706,69.591
935.32,483.43,28.722,69.628
935.45,483.32,28.735,69.66
935.18,483.41,28.723,69.632
935.13,483.44,28.685,69.539
935.12,483.47,28.692,69.557
935.14,483.38,28.702,69.581
935.21,483.34,28.759,69.718
935.29,483.35,28.764,69.732
935.13,483.31,28.735,69.661
935.14,483.32,28.773,69.753
935.09,483.32,28.733,69.657
935.22,483.36,28.743,69.679
935.26,483.36,28.751,69.699
935.26,483.3,28.779,69.768
934.94,483.39,28.775,69.757
935.02,483.46,28.773,69.752
934.95,483.46,28.78,69.769
935.15,483.42,28.704,69.585
935.33,483.22,28.753,69.705
935.25,483.14,28.781,69.771
935.35,483.2,28.795,69.805
935.16,483.12,28.815,69.855
935.03,482.83,28.787,69.787
935.46,483.23,28.818,69.863
935.08,482.65,28.789,69.793
935.62,483.11,28.845,69.928
935.32,482.84,28.592,69.315
935.29,482.97,28.464,69.003
935.79,483.78,28.423,68.905
935,483.86,28.377,68.792
934.59,483.6,28.356,68.743
934.93,483.45,28.395,68.837
934.75,483.32,28.472,69.022
935.59,483.31,28.522,69.144
935.34,482.94,28.489,69.064
935.2,482.97,28.437,68.939
935.36,483.17,28.605,69.345
935.23,482.82,28.563,69.243
935.44,482.83,28.543,69.195
935.51,482.85,28.508,69.109
935.27,482.95,28.616,69.371
935.4,482.89,28.634,69.416
935.79,482.76,28.693,69.559
936.02,483.34,28.75,69.697
935.96,483.28,28.757,69.715
936.02,483.27,28.794,69.805
935.97,483.23,28.84,69.915
934.83,482.94,28.816,69.856
934.81,482.78,28.77,69.745
935.61,483.46,28.884,70.021
934.4,482.95,28.81,69.842
934.58,482.93,28.794,69.804
935.23,483.33,28.853,69.947
934.18,483.15,28.826,69.88
934.35,483.25,28.786,69.785
935.08,483.63,28.696,69.565
935.3,483.53,28.937,70.15
934.38,483.28,28.787,69.788
934.67,483.64,28.734,69.659
934.84,483.68,28.724,69.635
934.87,483.72,28.692,69.557
934.83,483.84,28.783,69.777
934.84,483.71,28.877,70.005
934.41,483.25,28.811,69.846
934.44,483.56,28.755,69.709
935.21,483.7,28.993,70.285
935.05,483.46,29.132,70.624
934.72,483.25,28.841,69.918
934.32,483.35,28.821,69.869
934.51,483.4,28.798,69.813
934.56,483.39,28.814,69.853
934.5,483.41,28.821,69.868
934.4,483.38,28.808,69.837
934.46,483.55,28.769,69.742
934.56,483.59,28.946,70.173
933.95,483.09,28.928,70.129
934.2,483.08,28.957,70.198
934.6,483.38,29.137,70.635
934.06,482.81,29.108,70.565
934.44,483.34,28.999,70.3
934.99,483.37,28.936,70.148
934.56,482.91,28.964,70.215
935.09,483.1,29.043,70.408
934.97,482.89,29.071,70.475
934.88,483.07,29.01,70.327
934.99,483.01,29.038,70.394
934.75,483.02,28.994,70.289
934.91,483.05,28.979,70.251
934.97,483.01,28.979,70.251
934.49,483.07,29.01,70.328
934.48,483.19,29.014,70.337
934.59,483.19,29.024,70.361
934.51,483.08,29.033,70.384
934.68,483.04,29.017,70.344
934.75,483.02,29.003,70.309
934.9,483.24,28.995,70.29
934.91,483.2,28.982,70.259
935.4,483.27,29.047,70.418
935.44,483.12,29.103,70.553
934.96,482.98,29.121,70.597
934.09,482.74,29.037,70.392
935.31,482.98,29.152,70.673
934.25,482.43,29.075,70.485
935.1,482.92,29.2,70.787
934.33,482.46,29.08,70.496
935.01,482.6,29.214,70.823
934.19,482.32,29.116,70.583
934.58,482.39,28.957,70.199
934.86,482.68,29.061,70.452
935.44,482.62,29.165,70.703
934.84,482.5,29.09,70.522
935.19,482.55,29.21,70.811
935.49,482.18,29.087,70.514
935.72,482.54,29.24,70.885
935.57,482.1,29.071,70.476
935.67,482.52,29.278,70.977
935.5,482.64,29.374,71.21
935.11,482.58,29.45,71.395
934.62,482.23,29.292,71.011
935.16,482.7,29.336,71.117
934.97,482.54,29.465,71.43
934.51,482.02,29.453,71.402
934.55,481.98,29.402,71.278
935.35,482.23,29.432,71.351
934,481.93,29.345,71.14
935.15,482.21,29.404,71.282
935.35,482.28,29.404,71.282
935.12,482.62,29.448,71.388
933.76,482.23,29.406,71.287
934.52,482.48,29.329,71.101
934.16,482.65,29.292,71.011
934.54,482.8,29.264,70.944
934.38,482.33,29.255,70.922
