270.5,211.5,60,173
276.07,214.98,60.03,173.09
280.84,213.83,59.336,171.09
286.41,210.71,59.141,170.52
289.69,205.56,58.736,169.35
292.98,203.7,58.197,167.8
299.18,202.81,57.282,165.16
307.59,199.02,57.923,167.01
314.2,195.2,57.292,165.19
319.12,191.49,57.392,165.48
321.96,190.09,57.125,164.71
325.03,187.97,57.3,165.21
328.88,185,57.436,165.61
330.47,181.52,56.614,163.24
334.15,178.77,56.395,162.61
339.87,179.06,56.184,162
348.9,209.34,55.997,161.46
357.91,249.56,55.792,160.87
362.88,247.01,55.209,159.19
367.39,247.29,54.855,158.16
372.9,245.36,54.369,156.76
377.23,241.47,54.28,156.51
380.73,237.66,54.028,155.78
386.89,235.54,53.901,155.41
393.64,234.72,53.278,153.62
404.12,231.87,52.29,150.77
409.92,230.28,52.035,150.04
415.26,227.9,52.139,150.33
419.57,227.3,51.928,149.73
425.54,224.02,51.87,149.56
429.97,220.03,51.69,149.04
434.32,217.61,51.612,148.81
439.33,217.18,51.504,148.5
446.22,216.1,51.195,147.61
453.13,213.09,50.52,145.67
457.94,210.52,50.149,144.6
462.73,209.19,49.939,143.99
466.64,207.96,49.85,143.73
469.2,206.25,49.519,142.78
471.44,202.07,49.071,141.49
474.26,200.73,48.968,141.19
477.12,199.6,49.319,142.2
482.82,198.48,48.881,140.94
488.21,196.51,48.448,139.69
491.46,193.35,47.911,138.14
494.11,192.41,47.707,137.56
496.56,191.23,47.416,136.71
497.84,188.33,46.926,135.3
499.42,185.38,46.547,134.21
501.39,185.14,46.577,134.3
504.74,184.34,46.434,133.88
509.41,182.6,46.046,132.77
513.04,179.51,46.013,132.67
516,177.8,46.132,133.02
517.94,177.05,46.192,133.19
519.92,175.81,45.903,132.35
520.27,172.89,45.45,131.05
521.34,170.72,45.393,130.88
523.67,170.62,45.283,130.57
527.54,169.5,45.228,130.41
531.83,168.4,45.23,130.41
535.15,165.7,45.097,130.03
537.77,164.88,44.81,129.2
540.27,164.77,44.594,128.58
542.96,163.95,44.27,127.65
544.99,161.97,43.754,126.16
547.4,159.66,43.546,125.56
550.84,159.67,43.51,125.45
556.56,159.87,43.456,125.3
563.92,159.11,43.352,125
570.21,156.32,43.195,124.55
574.87,155.29,43.146,124.4
561.3,155.47,42.94,123.81
528.21,155.6,42.75,123.26
499.37,153.4,42.078,121.33
491.26,151.69,41.795,120.51
490.16,150.12,41.987,121.06
496.35,150.62,41.761,120.41
502.84,150.21,41.871,120.73
509.89,148.28,41.659,120.12
515.41,145.38,41.521,119.72
519.94,145.42,41.317,119.13
525.07,145.62,41.141,118.62
528.43,144.56,41.047,118.35
531.67,142.24,41.146,118.64
533.51,140.99,41.017,118.27
537.54,141.79,41.007,118.24
542.05,141.07,40.696,117.34
546.02,139.33,40.419,116.54
548.6,137.54,40.189,115.88
550.31,137.18,40.164,115.81
550.96,137.43,39.926,115.12
550.68,136.25,40.149,115.76
550.96,133.36,40.202,115.92
550.61,131.77,40.342,116.32
551.85,131.48,40.094,115.6
554.66,129.66,39.69,114.44
556.83,127.32,39.748,114.61
557,126.06,39.853,114.91
556.33,126.42,39.758,114.63
554.68,125.85,39.597,114.17
553.85,124.37,39.368,113.51
552.98,122.05,39.381,113.55
552.48,121.91,39.369,113.51
553.02,122.04,39.245,113.16
554.04,120.34,39.035,112.55
555.1,118.47,38.625,111.37
555.82,117.03,38.376,110.65
555.5,117.55,38.205,110.16
555.28,117.49,37.952,109.43
554.65,115.58,37.778,108.93
554.64,113.51,37.58,108.36
555.18,112.37,37.22,107.32
555.85,112.17,36.83,106.19
558.37,111.5,36.598,105.52
561.52,108.8,36.439,105.07
563.34,106.59,36.321,104.73
563.53,104.17,36.542,105.36
563.32,104.06,36.8,106.11
562.5,103.99,36.72,105.88
560.82,102.91,36.801,106.11
560.16,101.33,36.688,105.78
558.66,99.902,36.833,106.2
557.96,99.647,36.67,105.73
558.14,99.317,36.489,105.21
558.08,98.255,36.303,104.67
557.55,96.562,36.227,104.45
556.49,95.753,36.286,104.62
554.38,96.262,36.202,104.38
551.5,95.656,36.157,104.25
549.21,94.401,36.094,104.07
547.95,91.796,35.963,103.69
546.49,91.501,35.815,103.27
546.25,92.099,35.561,102.53
545.92,91.201,35.349,101.92
545.61,89.61,35.136,101.31
544.55,87.718,35.152,101.36
543.27,86.852,35.265,101.68
542.17,88.081,35.238,101.6
539.82,87.234,35.178,101.43
537.96,85.965,35.048,101.05
536.33,84.204,34.875,100.56
534.87,83.939,34.833,100.43
534.76,84.123,34.633,99.857
534.31,82.164,34.382,99.135
534.19,80.348,34.18,98.552
533.61,79.407,34.203,98.619
532.52,79.49,34.162,98.5
530.1,79.523,33.988,97.997
528.88,78.865,33.777,97.389
526.67,77.095,33.652,97.03
526.23,77.067,33.563,96.773
525.19,77.11,33.299,96.012
525.26,75.934,33.091,95.412
525.33,75.258,33.062,95.327
523.81,88.559,33.515,96.635
522.23,130,33.645,97.01
519.82,172.47,33.628,96.961
520.7,206.25,33.662,97.058
518.65,206.68,33.302,96.021
516.42,206.11,32.956,95.023
514.77,206.6,32.702,94.292
513.55,206.97,32.507,93.729
512.15,206.27,32.347,93.266
511.09,204.69,32.302,93.138
508.91,204.35,32.256,93.005
504.25,204.93,32.095,92.542
500.17,205.4,32.039,92.378
497.48,202.86,31.897,91.97
494.73,202.81,31.849,91.832
493.99,204.1,31.74,91.518
493.12,202.94,31.57,91.028
492.48,201.6,31.43,90.624
491.01,200.8,30.917,89.145
489.28,201.7,30.66,88.402
486.76,201.99,30.58,88.172
483.46,200.45,30.227,87.155
481.79,199.33,29.971,86.417
480.03,200.16,29.74,85.75
478.39,200.67,29.384,84.725
476.34,197.98,28.935,83.43
475.26,197.61,28.589,82.43
473.69,197.73,28.404,81.898
471.41,197.94,28.262,81.487
467.85,198.27,28.235,81.41
464.01,196.13,27.837,80.263
461.66,195.5,27.565,79.478
460.01,196.04,27.302,78.722
457.98,196.04,27.175,78.356
457.83,196.18,27.016,77.897
456.28,194.53,26.876,77.492
454.26,193.2,26.803,77.283
451.86,194.31,26.778,77.209
448.61,193.76,26.597,76.687
444.84,193.02,26.538,76.517
442.48,191.59,26.565,76.596
440.33,191.66,26.547,76.543
438.99,191.89,26.466,76.31
437.49,190.29,26.578,76.633
436.81,189.14,26.547,76.545
435.8,189.13,26.539,76.521
433.74,189.5,26.65,76.841
430.65,189.53,26.663,76.878
427.6,187.87,26.795,77.26
425.49,187.18,26.781,77.218
422.96,186.87,26.712,77.019
421.62,186.63,26.605,76.712
421.38,186.17,26.631,76.785
419.63,184.53,26.574,76.622
418.12,184.38,26.539,76.521
416.21,185.36,26.428,76.201
412.83,184.62,26.428,76.2
410.73,183.64,26.402,76.125
408.39,182.59,26.254,75.7
406.57,182.81,26.092,75.231
405.18,183.13,26.102,75.262
403.9,182.42,26.081,75.2
403.19,182.19,26.136,75.359
401.27,180.15,26.27,75.745
399.38,180.6,26.363,76.013
396.84,180.84,26.405,76.134
393.42,179.91,26.382,76.069
391.4,179.23,26.317,75.882
389.2,178.74,26.387,76.082
387.57,179.27,26.385,76.077
385.91,178.37,26.416,76.167
384.42,177.66,26.371,76.035
383.27,177.15,26.259,75.713
381.09,176.47,26.217,75.592
377.48,178.98,26.517,76.457
379.72,142.23,26.373,76.043
380.26,142.67,26.403,76.129
377.06,140.34,26.397,76.111
386.08,123.43,26.471,76.325
387.35,122.6,26.625,76.769
390.65,122.5,26.735,77.085
419.34,100.94,26.713,77.023
419.15,100.84,26.821,77.334
420.19,100.84,26.726,77.06
420.15,100.2,26.654,76.852
421.16,80.383,26.743,77.11
419.93,80.333,26.776,77.203
422.45,78.287,26.578,76.632
423.2,78.836,26.575,76.626
421.85,80.054,26.619,76.751
421.11,102.01,26.831,77.362
421.18,102.18,27.076,78.07
421.27,100.9,27.14,78.253
421.21,101.18,27.197,78.419
420.5,101.45,27.445,79.132
419.95,101.96,27.613,79.618
420.18,101.01,27.706,79.886
419.69,101.74,27.937,80.553
419.6,101.81,28.27,81.512
419.7,100.35,28.221,81.371
420.36,100.58,28.185,81.267
420.07,100.9,28.263,81.492
419.48,100.21,28.382,81.834
407.15,127.51,28.467,82.081
396.41,150.93,28.529,82.259
396.43,152.11,28.468,82.084
398.35,153.99,28.334,81.695
400.03,153.12,28.125,81.094
400.56,152.86,27.916,80.492
400.25,155.89,27.757,80.032
401.01,154.96,27.619,79.636
399.21,157.33,27.607,79.601
399,156.54,27.726,79.944
400.74,153.76,27.766,80.057
402.1,155.61,27.661,79.756
404.14,157.84,27.559,79.461
402.03,156.82,27.592,79.558
403.64,158.27,27.631,79.67
403.01,158.99,27.616,79.625
401.37,160.24,27.584,79.535
400.85,159.63,27.533,79.388
400.26,159.89,27.421,79.064
400.26,162.33,27.414,79.044
400.74,164.61,27.336,78.82
401.4,164.03,27.275,78.643
398.88,160.3,27.196,78.414
398.93,165.61,27.191,78.4
398.47,166.77,27.197,78.417
397.98,164.14,27.103,78.146
395.43,167.23,27.099,78.136
395.7,169.6,27.054,78.007
395.59,167.97,27.004,77.861
395.03,168.01,26.909,77.587
394.21,173.85,26.929,77.645
392.95,170.2,26.84,77.388
392.27,172.24,26.903,77.571
391.28,175.32,26.914,77.603
387.39,174.41,27.061,78.025
386.1,171.72,27.054,78.006
384.4,174,27.05,77.993
383.86,174.94,27.013,77.888
382.33,173.78,26.989,77.819
380.87,173.78,26.992,77.828
380.18,177.27,27.043,77.973
379.3,178.84,27.2,78.426
378.69,178.61,27.246,78.561
374.82,174.85,27.285,78.672
374.46,176.78,27.4,79.005
373.46,179.16,27.611,79.613
371.78,179.51,27.785,80.115
370.31,180.16,27.909,80.47
368.94,180,28.125,81.093
367.52,181.69,28.252,81.461
366.74,181.96,28.395,81.872
364.37,182.39,28.529,82.259
361.6,181.54,28.555,82.334
358.44,181.78,28.601,82.466
357.98,182.34,28.658,82.631
357.49,182.65,28.582,82.41
354.88,182.6,28.489,82.144
354.31,183.58,28.521,82.236
352.27,183.45,28.569,82.374
352.32,183.5,28.62,82.52
349.35,183.45,28.691,82.726
345.16,183.57,28.643,82.587
342.31,183.39,28.587,82.425
339.58,183.31,28.611,82.496
338.03,183.99,28.539,82.288
336.45,185.75,28.49,82.145
334.62,186.64,28.381,81.833
333.57,186.92,28.329,81.683
332.11,187.66,28.349,81.738
329.38,188.76,28.278,81.533
325.97,191,28.184,81.265
323.51,192.46,28.344,81.725
321.97,191.87,28.576,82.395
320.62,193.17,28.622,82.526
319.05,194.83,28.779,82.981
317.77,194.67,28.911,83.361
315.66,195.48,29.1,83.905
314.08,194.92,29.229,84.277
311.54,197.07,29.306,84.499
308.27,197.27,29.412,84.804
305.83,195.48,29.465,84.957
302.63,197.74,29.768,85.83
300.33,199.17,29.948,86.351
297.67,200.72,30.12,86.846
294.68,200.97,30.333,87.46
291.54,200.77,30.687,88.482
289.43,200.77,30.979,89.323
286.62,202.5,31.114,89.712
281.62,202.13,31.157,89.835
277.9,200.56,31.202,89.965
275.33,201.7,31.3,90.249
273.24,202.8,31.277,90.183
270.64,204.3,31.27,90.162
267.59,204.69,31.398,90.531
262.9,204.96,31.704,91.414
260.92,206.45,31.999,92.264
258.44,207.42,32.118,92.607
256.11,208.22,32.293,93.11
252.95,206.85,32.279,93.071
250.76,207.37,32.363,93.312
249,208.68,32.351,93.279
246.68,210.17,32.355,93.29
244.71,210.73,32.432,93.512
241.49,209.58,32.643,94.121
239.13,211.87,32.965,95.048
236.02,213.64,33.362,96.193
233.11,213.45,33.564,96.775
230.19,212.82,33.788,97.422
228.91,213.09,33.715,97.211
227.56,215.53,33.687,97.13
225.14,216.08,33.696,97.157
223.02,216.58,33.793,97.435
220.03,215.93,34.013,98.072
218.41,218.2,34.267,98.802
215.91,219.58,34.322,98.961
213.04,219.54,34.472,99.394
211.49,219.53,34.592,99.739
209.08,219.79,34.637,99.871
207.72,221.53,34.574,99.688
206.1,222.93,34.588,99.727
204.51,222.59,34.742,100.17
202.68,223.33,34.957,100.79
200.22,224.48,35.036,101.02
198.3,226.84,35.204,101.51
195.11,226.85,35.083,101.16
193.09,227.4,35.187,101.46
190.91,228.05,35.216,101.54
189.03,230.06,34.902,100.63
187.22,230.72,34.869,100.54
185.56,231.05,34.838,100.45
183.3,231.9,34.97,100.83
181.27,233.62,35.011,100.95
177.78,235.63,35.018,100.97
175.62,236.11,35.295,101.77
172.75,236.4,35.667,102.84
170.32,236.9,35.746,103.07
168.83,238.97,35.635,102.75
166.85,240.32,35.782,103.17
164.95,239.84,36.163,104.27
163.03,241.03,36.425,105.03
160.83,243.41,36.634,105.63
158.31,244.88,36.985,106.64
156.5,244.7,37.24,107.37
155.18,245.34,37.51,108.15
153.89,247.31,37.538,108.24
153.16,249.58,37.677,108.64
151.23,249.26,37.815,109.03
150.64,249.56,37.999,109.56
149.21,250.18,38.436,110.82
147.88,251.64,38.747,111.72
145.64,253.29,38.797,111.87
144.02,254.21,38.971,112.37
143.22,253.88,39.032,112.54
141.79,255.36,39.031,112.54
141.04,258.2,38.873,112.08
140.87,260.21,39.017,112.5
138.68,259.09,39.179,112.97
136.98,260.49,39.403,113.61
135.39,263.76,39.773,114.68
131.77,264.59,39.928,115.13
129.63,264.68,40.414,116.53
127.56,264.71,40.784,117.59
125.94,266.04,40.875,117.86
124.08,268.99,40.636,117.17
123.04,270.75,40.55,116.92
121.34,270.35,40.789,117.61
120.91,271.16,41.199,118.79
119.37,274.13,41.122,118.57
117.44,276.17,41.105,118.52
115.51,276.45,41.396,119.36
113.58,277.03,41.571,119.86
113.15,279.69,41.795,120.51
111.57,282.43,41.911,120.84
109.41,283.29,42.153,121.54
107.75,283.25,42.381,122.2
107.15,285.1,42.518,122.59
105.43,287.73,42.659,123
103.19,289.38,42.889,123.66
101.21,290.15,43.425,125.21
99.787,290.59,43.708,126.02
99.145,292.38,43.631,125.8
98.127,295.83,43.676,125.93
96.94,298.13,43.735,126.1
95.518,297.72,43.994,126.85
94.679,298.64,44.23,127.53
93.065,301.67,44.462,128.2
91.491,304.13,44.692,128.86
90.438,304.72,44.723,128.95
89.089,305.09,44.83,129.26
89.12,307.16,44.979,129.69
89.16,311.21,45.159,130.21
89.009,312.56,45.426,130.98
88.482,312.59,45.581,131.42
87.548,312.94,46.234,133.31
86.558,316.46,46.271,133.42
85.135,319.64,46.297,133.49
84.297,319.71,46.495,134.06
82.925,320.52,46.791,134.91
81.375,322.54,46.936,135.33
81.063,326.39,47.369,136.58
79.755,328.3,47.622,137.31
79.084,328.3,47.731,137.63
78.615,329.2,48.214,139.02
77.406,332.84,48.241,139.09
76.303,336.27,47.982,138.35
75.97,336.7,48.117,138.74
75.718,337.47,48.207,139
75.938,340.35,47.832,137.92
78.435,345.32,47.801,137.82
80.592,347.51,48.032,138.49
81.281,347.39,48.188,138.94
82.285,347.92,48.378,139.49
82.929,351.95,48.373,139.47
84.434,355.89,49.041,141.4
84.248,356.27,49.724,143.37
84.722,357.1,50.186,144.7
86.083,358.83,50.379,145.26
86.465,362.99,50.879,146.7
86.739,366.17,51.346,148.05
86.884,367.33,51.791,149.33
87.719,368.13,52.323,150.87
87.561,372.05,52.67,151.86
87.702,374.81,53.212,153.43
87.79,375.65,53.541,154.38
89.28,376.79,53.519,154.31
92.195,380.21,53.369,153.88
95.124,385.9,53.346,153.81
98.16,387.91,53.958,155.58
100.95,387.93,54.162,156.17
103.21,390.32,54.047,155.83
104.64,394.97,54.547,157.28
105.6,397.64,54.838,158.12
107.99,399.25,54.828,158.09
109.4,401.12,54.927,158.37
112.77,405.72,55.071,158.79
115.43,410.26,55.378,159.67
117.59,410.75,56.245,162.17
118.12,411.12,56.259,162.21
118.69,413.77,56.37,162.53
118.16,419.55,56.438,162.73
116.08,423.22,56.767,163.68
115.13,424.03,57.046,164.48
114.63,425.69,57.106,164.66
115.5,429.81,56.876,163.99
122.12,434.88,56.835,163.88
129.45,436.51,56.333,162.43
130.41,438.23,55.531,160.11
172,430.3,56.08,161.7
174.18,431.42,56.802,163.78
153.13,434.51,56.841,163.89
154.17,433.99,57.013,164.39
157.88,436.27,57.241,165.05
151.78,434.58,57.696,166.36
158.26,435.11,57.971,167.15
156.83,435.86,58.265,168
155.4,434.98,58.464,168.57
142.68,432.76,58.718,169.3
134.73,429.52,59.202,170.7
99.499,385.96,59.696,172.12
116.76,427.11,60.19,173.55
101.76,355.1,59.289,170.95
110.22,350.15,59.109,170.43
91.08,386.26,59.979,172.94
91.287,385.26,61.098,176.17
138.53,429.69,61.038,175.99
144.22,430.62,61.548,177.46
124.76,421.93,61.727,177.98
140.51,429.66,62.226,179.42
209.68,431.54,62.603,180.51
212.45,431.28,62.913,181.4
128.83,424.66,63.236,182.33
123.85,420.42,63.006,181.67
122.23,426,64.209,185.14
130.39,423.75,65.053,187.57
136.72,422.38,65.231,188.08
137.35,423.38,65.608,189.17
129.02,427.09,66.427,191.53
137.82,426.61,66.968,193.09
133.42,426.75,67.306,194.06
142.35,426.52,67.23,193.85
140.38,425.94,67.36,194.22
119.32,422.19,67.717,195.25
122.96,426.2,68.213,196.68
126.73,425.11,68.672,198
126.11,422.61,68.591,197.77
126.51,423.89,68.796,198.36
125.85,423.6,69.298,199.81
121.27,421.95,69.325,199.89
129.02,424.54,69.787,201.22
134.24,425.02,70.273,202.62
129.95,424.03,70.287,202.66
130.2,422.78,70.591,203.54
131.14,424.09,71.233,205.39
122.27,422.02,70.84,204.26
129.45,424.05,71.266,205.48
133.36,424.19,71.616,206.49
131.87,424.76,72.253,208.33
128.12,423.08,72.632,209.42
127.42,423.75,72.607,209.35
129.47,423.47,72.653,209.48
120.71,421.61,72.927,210.27
123.87,421.85,72.937,210.3
123.64,422.2,72.925,210.27
126.64,422.59,73.144,210.9
129.07,422.67,73.238,211.17
127.75,423.03,73.673,212.43
124.67,421.17,73.38,211.58
130.03,422.82,74.009,213.39
126.05,422.5,74.345,214.36
118.63,421.25,74.738,215.5
127.18,422.41,75.18,216.77
114.34,419.41,74.774,215.6
