355.5,307.5,92,108
346.53,296.54,91.937,107.93
331.65,279.18,91.69,107.64
320.69,268.31,90.62,106.38
300.28,253.41,90.442,106.17
268.05,242.51,90.298,106
236.06,242.14,89.804,105.42
203.28,248.54,88.211,103.55
171.17,255.5,88.45,103.83
141.22,271.52,88.566,103.97
122.07,286.64,88.93,104.4
104.58,305.67,89.276,104.8
93.842,326.26,89.734,105.34
91.837,335.71,90.847,106.65
89.515,346.52,91.969,107.96
81.352,351.28,92.21,108.25
69.43,342.79,92.721,108.85
51.777,321.04,92.689,108.81
37.994,298.63,92.513,108.6
25.553,274.56,91.893,107.87
18.753,245.88,90.98,106.8
20.442,218.53,91.183,107.04
22.681,198.66,90.164,105.85
26.829,189.65,90.346,106.06
29.436,178.1,90.127,105.8
31.769,167.64,90.343,106.06
28.006,163.27,89.618,105.2
21.031,161.2,88.422,103.8
8.9689,161.32,88.892,104.35
7.3561,161.77,87.288,102.47
4.913,154.25,86.121,101.1
5.4447,147.61,85.138,99.944
6.2252,141.03,84.456,99.144
10.12,136.94,83.776,98.345
12.578,136.37,82.844,97.252
11.649,135.03,81.947,96.199
9.9026,132.11,81.764,95.984
8.3156,131.97,80.649,94.674
6.5935,132.76,80.037,93.956
6.1452,138.3,78.71,92.398
9.1799,150.84,78.025,91.595
13.206,139.03,76.959,90.344
12.282,134.64,75.848,89.039
13.534,125.57,75.684,88.847
13.913,117.38,75.174,88.248
14.368,108.32,74.663,87.648
15.982,90.026,74.093,86.979
37.611,75.211,74.131,87.023
59.564,72.108,74.373,87.308
87.872,65.414,74.257,87.171
121.51,59.609,73.984,86.851
137.54,57.548,74.381,87.316
179.11,32.251,74.13,87.023
189.24,72.138,74.774,87.778
205.17,75.593,75.656,88.814
222.71,77.23,76.674,90.009
235.91,71.832,77.38,90.838
254.34,67.502,77.848,91.386
269.28,68.137,78.611,92.283
226.47,64.594,79.063,92.813
238.47,60.054,79.243,93.024
299.96,54.208,79.375,93.179
318.98,51.372,79.479,93.301
350.09,36.346,79.282,93.071
350.36,41.468,79.277,93.064
344.49,27.785,79.143,92.907
343.84,29.868,78.667,92.349
345.04,38.44,78.968,92.701
345.71,44.734,78.775,92.475
349.02,49.657,78.954,92.685
350.95,51.536,79.297,93.088
352.5,52.508,79.403,93.212
352.31,56.192,78.868,92.585
352.74,62.29,79.209,92.984
351.68,71.76,79.631,93.48
349.28,81.322,79.473,93.294
346.46,84.999,79.476,93.298
326.48,68.123,80.14,94.078
323.21,70.323,79.858,93.746
322.25,71.838,79.498,93.324
318.4,75.684,79.695,93.555
300.52,78.474,79.409,93.219
301.89,79.701,79.827,93.71
305.69,76.938,80.351,94.325
302.65,74.22,79.7,93.561
301.62,74.634,79.612,93.458
306,81.441,79.806,93.686
307.15,87.007,80.128,94.063
314.83,135.14,80.653,94.68
394.35,154.87,80.293,94.256
398.74,164.17,80.182,94.126
401.2,169.61,80.128,94.064
405.77,179.14,79.101,92.858
412.69,186.06,78.889,92.609
417.39,191.59,78.222,91.826
421.27,200.42,77.662,91.168
420.95,199.72,76.911,90.287
423.35,204.63,76.554,89.868
411.4,183.93,76.171,89.418
411.54,181.44,75.92,89.123
407.21,175.23,75.24,88.325
407.36,173.77,75.303,88.399
405.22,168.96,74.766,87.769
405.73,163.9,74.808,87.818
405.73,150.75,74.542,87.506
404.84,150.98,74.071,86.953
404.17,164.58,73.988,86.855
396.41,164.79,74.45,87.398
394.86,174.97,75,88.044
390.45,182.42,75.095,88.155
380.64,187.5,75.19,88.266
375.31,184.8,75.599,88.747
372.69,183.79,75.829,89.017
369.31,185.9,76.066,89.295
366.44,185.82,76.121,89.36
362.63,184.86,76.484,89.785
361.33,183.86,76.787,90.142
365.96,181.84,76.765,90.115
382.64,182.3,76.551,89.865
400.66,183.5,76.673,90.007
418.38,183.36,76.819,90.179
433.71,180.86,77.112,90.523
437.02,167.56,77.195,90.62
455.2,167.95,77.162,90.581
468.6,165.42,76.807,90.164
487.32,166.29,76.792,90.148
501.85,166.72,76.846,90.21
508.96,167.72,76.683,90.02
503.1,168.6,76.708,90.049
501.68,168.51,76.647,89.977
497.27,165.89,76.598,89.919
496.7,164.16,76.172,89.42
493.66,163.4,75.854,89.046
492.38,161.31,75.807,88.991
495.67,162.09,75.665,88.824
495.56,160.57,75.247,88.333
495.41,159.16,74.998,88.041
498.62,157.23,74.65,87.632
497.15,157.92,74.395,87.333
494.39,157.44,74.215,87.122
487.41,155.51,74.143,87.038
478.86,154.41,74.415,87.357
453.74,129.24,74.671,87.657
430.9,126.41,75.018,88.064
458.24,147.26,74.514,87.472
452.55,146.75,74.5,87.457
446.93,145.91,74.352,87.283
446.54,144.87,74.197,87.101
429.9,123.98,74.096,86.983
432.55,129.62,73.909,86.763
430.34,128.03,73.916,86.771
427.05,128.44,73.848,86.691
425.01,127.88,74.033,86.908
422.1,128.14,74.34,87.269
419.41,127.46,74.178,87.078
416.62,126.23,74.084,86.968
415.38,125.83,74.03,86.904
413.69,125.1,74.456,87.405
410.8,124.99,74.821,87.833
406.93,124.39,75.144,88.213
401.75,125.84,75.654,88.811
397.37,125.99,75.974,89.186
393.47,126.12,76.185,89.435
389.84,125.64,76.204,89.457
388.64,125.97,76.717,90.059
376.98,108.07,76.693,90.031
377.03,108.34,76.933,90.313
372.2,105.15,76.985,90.373
368.04,100.34,76.592,89.912
361.38,100.76,76.232,89.49
354.38,99.227,75.863,89.057
345.98,100.14,76.064,89.293
336.72,95.558,75.219,88.3
332.24,93.382,74.762,87.764
327.05,92.533,74.906,87.933
321.94,92.196,74.831,87.845
316.25,92.279,74.248,87.161
311.2,92.529,73.825,86.665
304.84,90,73.319,86.071
298.41,95.55,73.174,85.9
290.48,90.962,73.11,85.824
284.15,89.674,73.486,86.266
274.63,90.643,73.951,86.813
260.39,90.889,74.303,87.225
251.58,87.658,73.842,86.684
245.25,88.067,73.833,86.674
241.32,87.372,74.14,87.034
237.37,84.174,74.319,87.244
237.85,79.14,73.673,86.485
254.35,78.473,73.305,86.053
265.66,74.218,72.582,85.205
274.4,73.796,71.418,83.838
284.53,72.605,71.366,83.777
295.87,74.465,71.322,83.726
301.19,75.552,70.616,82.897
308.51,74.288,69.873,82.025
314.47,73.238,69.213,81.25
319.46,72.151,68.618,80.552
329.03,76.722,68.188,80.046
334.65,75.766,67.696,79.469
343.74,76.327,67.386,79.105
350.74,74.102,66.975,78.623
359.67,73.51,66.457,78.014
368.72,77.176,66.443,77.998
377.48,78.24,66.035,77.519
385.5,79.65,65.555,76.955
396.01,78.807,65.213,76.554
405.44,78.991,64.811,76.083
416.41,80.739,64.823,76.097
427.55,81.405,64.903,76.19
432.77,84.033,64.831,76.106
425.9,86.287,64.775,76.04
419.11,88.109,64.684,75.933
411.01,88.008,65.043,76.355
404.3,88.615,65.396,76.769
397.24,89.472,65.555,76.955
394.84,94.16,66.053,77.54
391.17,96.18,66.345,77.883
389.32,95.611,66.635,78.224
388.52,98.693,66.967,78.613
385.97,97.382,67.106,78.777
380.56,101.25,67.111,78.782
376.93,105.26,67.285,78.987
372.82,108.75,67.643,79.407
367.55,109.15,67.89,79.697
365.03,109.35,67.999,79.825
362.66,111.54,68.472,80.381
361.43,113.35,68.73,80.683
361.49,117.49,68.993,80.992
364.93,123.42,69.139,81.164
367.02,122.79,69.322,81.378
370.09,121.55,69.589,81.692
371.59,123.23,69.551,81.647
372.74,123.27,69.649,81.762
372.39,125.37,69.216,81.253
373.57,125.16,69.32,81.375
370.91,123.02,69.518,81.608
367.98,123.19,69.909,82.068
365.95,120.26,70.368,82.606
363.35,121.24,70.303,82.529
365.27,126.11,70.41,82.655
370.5,134.99,71.044,83.4
375.86,150.87,71.45,83.877
378.35,150.19,71.858,84.355
383.34,151.55,72.328,84.906
383.66,152.68,72.678,85.317
385.04,155.43,73.292,86.039
384.99,161.46,74.048,86.926
384.17,164.63,74.631,87.61
383.71,166.63,75.586,88.732
382.56,168.99,76.363,89.643
383.25,172.57,77.097,90.505
383.84,176.24,77.163,90.583
385.53,179.93,77.521,91.003
392.28,187.54,77.448,90.918
401.39,195.76,77.555,91.043
402.84,201.06,77.294,90.737
404.59,204.14,77.073,90.476
405.12,209.12,76.758,90.108
407.09,214.5,75.818,89.004
411.96,216.92,75.553,88.693
417.95,218.33,74.777,87.782
425.49,220.16,74.296,87.217
433.69,223.45,73.428,86.198
443.34,227.46,73.326,86.078
453.71,227.77,73.06,85.766
461.96,225.53,72.484,85.09
468.35,222.26,72.039,84.568
472.51,216.07,71.889,84.391
478.23,213.51,71.536,83.977
537.24,182.96,71.161,83.537
559.24,192.56,70.61,82.89
557.45,183.38,70.11,82.304
567.54,185.91,70.563,82.834
570.15,180.5,70.696,82.991
541.28,152.97,70.73,83.031
514.9,168.59,70.586,82.861
525.08,164.51,70.131,82.327
529.41,156.41,69.976,82.146
536.5,149.41,70.007,82.182
542.42,145.49,70.083,82.271
543.81,150,70.177,82.381
544.39,156.92,70.422,82.669
545.51,161.94,70.782,83.092
549.81,166.1,71.377,83.79
553.14,171.25,71.261,83.655
547.27,177.46,71.284,83.682
537,181.12,71.447,83.872
530.58,187.33,71.356,83.765
522.31,195.61,71.375,83.788
513.1,196.79,71.497,83.932
502.56,196.45,71.23,83.617
493.08,204.06,71.377,83.79
475.95,202.08,71.551,83.995
511.8,213.59,71.395,83.811
474.6,167.52,71.3,83.7
449.37,151.85,71.186,83.566
428.33,146.04,70.934,83.271
417.31,233.11,71.234,83.622
413.29,243.08,71.423,83.844
410.04,246.58,71.837,84.33
412.75,254.77,71.322,83.726
422.43,257.03,70.904,83.235
432.66,262.04,70.981,83.325
438.56,270.4,70.874,83.2
442.95,276.82,70.909,83.241
445.8,278.22,70.887,83.215
449.81,274.73,71.081,83.443
441.02,300.57,71.398,83.815
464.48,273.21,72.049,84.579
427.66,254.47,72.339,84.919
466.06,266.34,72.334,84.914
468.89,250.35,72.4,84.991
483.98,251.78,72.411,85.004
493.29,246.49,72.427,85.023
501.03,244.82,73.057,85.763
507.02,242.64,73.801,86.636
511.96,241.95,74.116,87.005
516.48,239.03,74.356,87.287
522.84,232.38,74.319,87.245
532.54,224.98,73.85,86.694
542.76,200.88,73.618,86.421
563.12,215.79,73.473,86.251
570.96,208.63,72.732,85.381
589.59,195.75,72.829,85.495
601.91,184.87,72.618,85.248
