504.5,306.5,23,61
503.14,306.09,23.008,61.02
503.32,306.32,22.706,60.221
503.2,305.93,22.603,59.947
503.43,305.9,22.688,60.174
503.42,305.85,22.586,59.901
503.95,305.59,22.655,60.084
504.24,304.52,22.703,60.211
504.18,302.54,22.707,60.223
503.9,301.82,22.69,60.177
500.84,302.47,22.836,60.564
500.67,303.74,22.763,60.372
500.45,303.55,22.836,60.564
500.48,303.96,23.063,61.167
500.69,304.6,23.391,62.037
500.76,306.33,23.482,62.278
500.8,306.21,23.845,63.24
500.41,305.78,24.087,63.883
500.32,305.83,24.269,64.365
500.21,305.93,24.078,63.858
500.61,306.34,24.057,63.804
500.61,306.84,24.027,63.723
501.17,307.12,23.987,63.617
501.51,307.29,24.084,63.874
501.68,307.24,24.205,64.196
501.91,307.15,24.155,64.064
502.49,307.6,24.17,64.103
502.8,307.94,24.099,63.914
502.81,307.86,24.302,64.453
502.87,307.86,24.407,64.733
503.42,308.17,24.517,65.024
503.27,308.02,24.563,65.146
503.11,307.59,24.7,65.508
503.7,308.13,24.826,65.843
503.99,308.36,24.802,65.78
504.58,308.68,24.669,65.426
505.1,309.46,24.539,65.083
505.04,309.34,24.579,65.187
505.4,309.76,24.595,65.231
506.05,309.84,24.749,65.639
506.14,309.87,24.867,65.951
506.56,309.69,24.944,66.156
508.11,310,25.019,66.354
508.37,309.96,25.124,66.633
508.9,309.31,25.111,66.599
509.28,309.78,25.02,66.358
509.72,310.05,24.834,65.863
509.78,310.26,24.858,65.928
509.54,310.43,24.789,65.744
510,310.65,24.767,65.686
510.19,310.78,24.795,65.762
511.23,310.84,24.762,65.673
511.28,310.98,24.681,65.458
512.16,311.72,24.622,65.302
512.12,311.78,24.7,65.508
512.42,312.05,24.755,65.654
512.72,312.05,24.765,65.681
512.39,312.22,24.742,65.621
512.42,312.29,24.706,65.524
512.67,312.72,24.619,65.294
512.48,312.77,24.512,65.011
512.64,312.76,24.472,64.905
512.77,312.71,24.441,64.821
513.01,312.78,24.401,64.716
513.81,313.12,24.343,64.562
514.46,313.27,24.249,64.311
514.32,313.25,24.256,64.331
514.42,313.72,24.284,64.405
514.9,314.06,24.382,64.664
515.27,313.94,24.64,65.35
515.47,313.92,25.003,66.311
515.89,313.86,25.146,66.692
515.67,313.39,25.226,66.904
516.12,314.09,25.181,66.783
516.6,314.19,25.09,66.544
516.39,313.83,25.113,66.604
516.71,313.8,25.045,66.423
516.96,313.91,25.047,66.429
517.58,313.94,24.987,66.27
518.05,314.6,24.999,66.301
518.3,314.68,25.017,66.349
518.52,314.97,24.956,66.188
518.45,315.12,24.995,66.291
518.29,315.25,25.136,66.666
517.71,314.89,25.112,66.6
517.79,315.45,24.972,66.231
518.09,316.07,24.836,65.869
517.55,315.5,24.747,65.634
517.58,315.72,24.756,65.657
517.49,315.84,24.768,65.688
517.36,315.71,24.743,65.623
517.41,315.7,24.653,65.383
517.75,315.96,24.674,65.441
517.85,316.22,24.703,65.516
518.28,316.69,24.69,65.483
518.32,316.87,24.823,65.835
518.41,316.67,25.033,66.393
518.53,316.99,25.094,66.553
518.77,317.21,25.235,66.927
519.15,317.64,25.389,67.336
519.17,317.62,25.499,67.627
519.76,317.7,25.651,68.03
519.38,317.64,25.764,68.331
519.82,317.78,25.848,68.552
520.12,318,25.907,68.71
519.99,317.86,25.942,68.802
520.08,317.91,25.944,68.809
520.1,317.96,25.987,68.921
520.09,317.98,25.951,68.827
520.44,318.23,26.081,69.172
520.52,318.8,26.168,69.401
520.69,319.58,26.174,69.419
520.65,319.94,26.182,69.439
520.52,320.33,26.21,69.515
519.93,320.18,26.261,69.65
519.88,320.28,26.26,69.646
519.79,320.33,26.29,69.727
519.71,320.31,26.324,69.815
519.69,320.19,26.295,69.738
519.65,320.23,26.307,69.771
519.74,320.34,26.354,69.896
520.03,320.75,26.499,70.281
520.02,320.99,26.587,70.514
520.12,321.05,26.644,70.663
520.52,321.64,26.702,70.819
521.29,321.9,26.834,71.169
521.06,321.5,26.908,71.365
521.35,321.55,27,71.608
522.19,321.9,27.171,72.063
522,321.33,27.382,72.623
522.03,320.97,27.402,72.674
522.25,320.76,27.4,72.669
522.14,320.67,27.402,72.674
522.01,320.72,27.421,72.726
522.02,320.49,27.431,72.753
521.52,320.8,27.404,72.681
521.93,320.75,27.449,72.799
521.77,320.78,27.518,72.983
521.85,321.15,27.565,73.107
522.02,321.89,27.635,73.292
521.69,322.31,27.767,73.643
521.42,321.77,27.881,73.945
521.64,322.47,28.02,74.313
520.93,322.09,28.034,74.352
521,322.01,28.032,74.345
520.34,322.24,28.072,74.453
519.89,322.36,28.12,74.579
519.63,322.57,28.136,74.621
519.31,322.85,28.11,74.553
519.04,322.63,28.122,74.586
518.71,323.13,28.161,74.689
518.48,323.67,28.284,75.014
517.92,323.39,28.371,75.244
517.91,323.71,28.423,75.383
518.36,324.29,28.502,75.592
517.94,324.34,28.619,75.902
517.76,324.45,28.702,76.124
517.95,324.65,28.803,76.391
518.09,325.11,28.813,76.416
518.16,325.09,29.001,76.916
518,324.83,28.975,76.848
517.94,324.28,29.157,77.33
517.84,324.06,28.979,76.857
518.22,323.83,29.19,77.417
518.13,323.97,29.035,77.005
519.04,324.91,29.079,77.122
518.96,325.03,29.148,77.307
518.76,325.16,29.236,77.538
518.71,325.42,29.365,77.88
518.93,325.73,29.501,78.243
518.8,325.65,29.537,78.336
518.4,325.67,29.653,78.645
518.56,325.96,29.763,78.937
517.9,325.53,29.778,78.977
517.89,325.66,29.796,79.024
518.01,325.88,29.801,79.037
517.75,325.83,29.943,79.413
518.1,325.96,30.049,79.695
517.89,325.62,30.118,79.879
517.97,325.73,30.216,80.138
518.55,325.8,30.272,80.286
518.68,325.41,30.357,80.513
518.7,325.16,30.444,80.744
519.04,325.02,30.527,80.964
519.72,325.51,30.569,81.074
520.6,326.06,30.623,81.217
521.58,327.1,30.644,81.273
522.23,327.75,30.652,81.295
522.69,327.74,30.64,81.264
522.9,327.51,30.678,81.362
523.34,327.59,30.587,81.121
524.29,327.5,30.561,81.052
524.76,327.64,30.577,81.095
524.75,327.68,30.579,81.101
524.81,327.75,30.535,80.985
525.05,327.99,30.605,81.171
524.9,328.54,30.545,81.01
524.91,328.93,30.542,81.002
525.19,329.44,30.602,81.163
525.07,329.88,30.723,81.482
524.58,329.67,30.795,81.672
524.71,329.71,30.708,81.442
524.36,329.53,30.581,81.105
524.38,329.5,30.485,80.853
524.4,329.58,30.452,80.765
524.23,329.35,30.53,80.972
524.09,329.41,30.601,81.159
524.27,328.78,30.435,80.72
523.94,326.12,30.4,80.627
524.22,327.01,30.43,80.705
524.2,329.85,30.438,80.726
524.44,330.71,30.474,80.823
524.77,330.49,30.425,80.691
525.28,328.42,30.447,80.752
525.93,327.82,30.489,80.862
526.51,330.76,30.559,81.048
527.69,331.81,30.692,81.4
528.1,332.22,30.782,81.639
528.43,332.07,30.904,81.963
528.77,331.77,31.021,82.274
528.91,331.65,31.03,82.296
529.33,331.84,31.203,82.757
529.74,331.88,31.394,83.262
529.87,331.83,31.382,83.23
530.45,332.27,31.345,83.132
530.21,332.65,31.348,83.14
530.58,332.73,31.379,83.224
530.6,332.83,31.391,83.254
530.59,333.13,31.388,83.247
530.55,333.66,31.346,83.134
530.47,333.67,31.321,83.069
530.81,333.77,31.63,83.888
530.79,333.1,31.976,84.806
531.35,332.89,32.262,85.564
531.84,332.9,32.432,86.015
531.62,332.63,32.552,86.334
531.82,332.83,32.578,86.404
532.13,333.27,32.54,86.303
532.16,333.28,32.561,86.357
533.09,334.1,32.685,86.685
533.66,334.8,32.935,87.349
533.93,335.29,33.384,88.54
534.09,335.11,33.649,89.243
534.56,335.09,33.693,89.361
535.48,335.24,33.698,89.372
536.42,334.91,33.581,89.062
537.18,334.79,33.591,89.09
537.95,335,33.524,88.912
538.61,334.93,33.626,89.182
538.62,334.33,33.578,89.055
539.53,334.55,33.586,89.077
539.61,334.6,33.605,89.125
540.08,334.61,33.554,88.99
540.61,335.07,33.685,89.338
540.59,334.91,33.581,89.061
541.13,335.48,33.404,88.592
540.43,335.74,33.266,88.227
540.82,336.73,33.29,88.291
540.6,336,33.284,88.275
540.57,336.81,33.291,88.293
540.03,336.38,33.266,88.228
540.83,336.85,33.233,88.139
541.36,337.18,33.339,88.421
542.09,336.84,33.441,88.692
542.54,337.09,33.553,88.989
542.15,336.96,33.651,89.249
542.5,337.01,33.764,89.549
542.84,337.46,33.963,90.076
542.81,337.05,34.068,90.355
542.41,337.11,34.129,90.515
542.89,337,34.057,90.326
542.67,336.87,34.074,90.369
543,337.65,34.188,90.672
542.84,337.19,34.27,90.891
542.6,336.9,34.167,90.616
544.38,337.75,34.269,90.888
544.38,337,34.359,91.126
544.64,337.74,34.518,91.547
545.63,336.79,34.495,91.487
547.94,338.45,34.618,91.814
549.8,338.82,34.749,92.16
551.51,337.34,34.941,92.669
542.32,325.99,35.113,93.125
549.36,337.62,35.148,93.22
547.71,334.97,34.851,92.431
549.26,332.68,34.706,92.046
548.35,335.89,34.668,91.946
548.92,335.81,34.698,92.025
548.06,335.96,34.6,91.765
547.21,336.41,34.597,91.757
546.55,336.98,34.475,91.434
545.99,336.98,34.305,90.983
544.96,336.35,34.278,90.912
545.98,337.42,34.339,91.073
546.23,338.05,34.574,91.697
546.45,337.83,34.676,91.967
547.31,338.8,34.84,92.401
547.64,339.33,34.834,92.387
547.9,338.76,34.936,92.655
548.85,340.24,35.105,93.105
550.05,340.9,35.356,93.77
549.9,340.53,35.562,94.316
550.23,341.14,35.701,94.686
550.19,340.63,35.761,94.845
551.05,340.2,35.968,95.392
552.1,339.08,36.103,95.75
552.86,339.95,36.206,96.025
552.51,339.8,36.212,96.039
553.83,339.88,36.202,96.013
555.28,339.72,36.295,96.26
555.7,340.33,36.401,96.542
556.3,341.5,36.496,96.794
555.3,341.28,36.633,97.158
555.12,340.95,36.678,97.275
554.83,341,36.696,97.324
554.65,341.76,36.724,97.399
554.33,342.18,36.69,97.309
553.91,342.33,36.704,97.346
553.97,342.67,36.803,97.607
553.56,342.31,36.835,97.693
553.18,341.68,36.911,97.894
553.16,342.08,37.048,98.259
553.32,342.63,37.261,98.824
553.32,342.47,37.466,99.366
554.11,343.03,37.719,100.04
554.26,342.89,38.015,100.82
555.97,342.79,38.295,101.57
557.51,344.05,38.398,101.84
558.43,344.09,38.622,102.43
559.51,344.13,38.923,103.23
560.64,343.5,39.187,103.93
562.06,343.9,39.394,104.48
562.53,343,39.667,105.2
563.55,343.01,39.715,105.33
564.61,342.86,39.704,105.3
566.25,342.91,39.505,104.77
566.37,343.01,39.419,104.54
567.33,343.86,39.444,104.61
568.03,344.11,39.545,104.88
568.42,344.28,39.563,104.93
568.82,344.12,39.726,105.36
569.85,345,40.063,106.26
569.63,345.53,40.287,106.85
569.93,345.06,40.504,107.42
568.88,344.41,40.577,107.62
569.25,344.84,40.824,108.27
569.13,345.45,40.938,108.58
568.94,345.45,41.192,109.25
568.76,345.14,41.325,109.6
567.8,344.63,41.36,109.69
567.62,344.58,41.389,109.77
568.15,344.61,41.478,110.01
568.6,344.94,41.667,110.51
568.38,344.74,41.751,110.73
569.2,345.51,41.793,110.84
569.63,346.07,41.814,110.9
568.79,346.86,41.803,110.87
570.7,348.34,41.796,110.85
572.49,348.88,41.838,110.96
573.08,349.46,41.864,111.03
575.08,350.28,41.605,110.34
576.46,350.63,41.62,110.38
577.22,350.95,41.546,110.19
578.42,351.53,41.741,110.7
578.45,351.29,41.873,111.05
579.64,350.74,41.745,110.72
581.49,351.55,41.751,110.73
582.25,351.29,41.627,110.4
582.26,351.68,41.682,110.55
584.2,352.76,41.648,110.46
584.84,353.01,41.736,110.69
586.03,354.09,41.825,110.93
586.27,354.5,41.821,110.92
585.93,354.84,41.83,110.94
585.51,355.46,41.805,110.88
586.39,355.64,41.845,110.98
586.38,355.89,41.76,110.76
587.1,356.03,41.568,110.25
586.58,355.96,41.482,110.02
587.43,356.21,41.465,109.97
587.76,356.28,41.464,109.97
588.08,356.21,41.555,110.21
588.27,355.88,41.559,110.22
589.01,355.53,41.608,110.35
589.42,355.64,41.668,110.51
591.24,356.64,41.833,110.95
592.31,357.35,42.01,111.42
593.04,357.82,42.165,111.83
593.58,358.04,42.385,112.41
594.99,358.8,42.397,112.44
595.9,359.74,42.408,112.47
597.4,360.2,42.323,112.25
599.08,361.08,42.124,111.72
599.59,360.9,42.085,111.62
600.73,361.24,42.11,111.68
601.55,361.38,42.119,111.71
602.49,361.69,42.112,111.69
603.45,362.01,42.107,111.68
604.51,362.44,42.011,111.42
605.24,363.09,42.052,111.53
606.21,363.92,41.934,111.22
606.52,364.62,41.75,110.73
607.66,366,41.446,109.92
608.24,366.8,41.374,109.73
608.57,366.71,41.249,109.4
608.91,367.5,41.154,109.15
609.49,368.3,40.906,108.49
610.04,368.64,40.878,108.42
610.66,368.47,41.018,108.79
609.97,367.96,41.107,109.02
610.45,367.99,41.194,109.25
611.15,367.87,41.366,109.71
611.46,367.75,41.406,109.82
612.49,368.99,41.474,110
615,369.13,41.492,110.04
616.8,370.42,41.471,109.99
619.41,371.03,41.374,109.73
621.97,373.6,41.194,109.25
623.96,376.49,41.262,109.43
625.26,377.39,41.412,109.83
626.68,378.1,41.8,110.86
628.5,378.1,41.748,110.72
630.12,377.73,41.807,110.88
631.69,377.72,42.024,111.46
632.85,377.7,42.164,111.83
633.64,377.11,42.166,111.83
635.35,377.06,42.204,111.93
636.28,377.29,42.341,112.3
637.63,378.12,42.546,112.84
639.15,378.43,42.612,113.01
640.89,379.24,42.842,113.62
642.18,379.75,42.913,113.81
643.39,381.09,43.007,114.06
643.94,381.6,43.122,114.37
643.71,382.47,42.853,113.65
644.17,382.75,42.778,113.45
645.34,382.47,42.753,113.39
646.3,382.29,42.719,113.3
647.58,382.6,42.603,112.99
648.24,383.31,42.601,112.98
648.97,383.39,42.671,113.17
650.13,383.28,42.81,113.54
652.05,383.38,43.021,114.1
653.91,383.86,43.208,114.59
655.74,384.29,43.34,114.94
657.07,384.56,43.381,115.05
659.24,385.84,43.412,115.14
662.44,387.44,43.492,115.35
665.83,388.54,43.694,115.88
667.5,388.99,43.911,116.46
669.93,390.11,44.184,117.18
672.34,389.92,44.42,117.81
674.61,389.01,44.592,118.27
676.7,388.94,44.628,118.36
678.64,388.78,44.771,118.74
680.64,388.99,44.926,119.15
682.18,388.68,45.126,119.68
684.3,388.27,45.356,120.29
686.38,388.79,45.5,120.68
687.34,388.7,45.7,121.2
688.77,389.31,45.717,121.25
689.47,390.34,45.812,121.5
690.17,391.62,45.954,121.88
691.05,392.46,46.237,122.63
691.7,392.87,46.348,122.92
691.74,392.9,46.525,123.39
692.79,393.28,46.629,123.67
692.72,392.55,46.697,123.85
692.97,392.22,46.712,123.89
693.3,392.57,46.677,123.8
693.78,392.82,46.693,123.84
695.35,393.08,46.727,123.93
696.9,393.97,46.612,123.62
698.01,393.91,46.489,123.3
699.47,394.2,46.449,123.19
700.57,394.48,46.396,123.05
701.4,395.14,46.342,122.91
703.51,396.23,46.609,123.61
705.53,397.8,46.754,124
707.6,398.74,46.895,124.37
710.31,399.75,46.984,124.61
712.69,401.1,47.01,124.68
716.96,401.89,47.094,124.9
720.28,401.87,47.497,125.97
722.25,401.02,47.672,126.43
725.03,401.1,47.897,127.03
726.49,400.43,48.117,127.61
728.56,400.8,48.263,128
730.6,401.31,48.39,128.34
732.06,401.38,48.566,128.8
733.8,401.68,48.81,129.45
735.01,402.29,49.013,129.99
735.29,402.46,49.329,130.83
735.89,403.47,49.829,132.15
735.97,403.8,50.099,132.87
736.43,404.51,50.448,133.8
736.27,404.64,50.841,134.84
736.2,404.75,51.073,135.46
735.8,404.19,51.233,135.88
735.86,404.12,51.436,136.42
735.43,403.39,51.534,136.68
735.66,403.79,51.626,136.92
735.35,403.55,51.806,137.4
735.59,403.64,52.145,138.3
735.73,403.75,52.271,138.63
735.29,404.02,52.291,138.68
735.27,404.39,52.214,138.48
735.44,405.03,52.374,138.91
736.3,405.66,52.73,139.85
736.98,406.25,53.152,140.97
737.47,406.45,53.45,141.76
738.02,406.83,53.747,142.55
739.37,408.22,54.159,143.64
741.15,410.18,54.28,143.96
742.42,411,54.26,143.91
744.62,411.26,54.208,143.77
746.72,411.96,54.137,143.58
749.21,412.52,54.012,143.25
749.94,412.43,54.138,143.58
751.77,413.01,54.304,144.02
752.62,412.67,54.393,144.26
753.71,413.12,54.448,144.41
755.1,413.95,54.455,144.43
755.51,414.52,54.601,144.81
755.55,415.08,54.628,144.88
755.76,416,54.515,144.58
756.18,417.25,54.577,144.75
754.99,418.44,54.347,144.14
754.94,420.15,54.165,143.66
754.63,421.22,54.161,143.64
754.27,421.73,54.055,143.36
753.38,421.15,54.059,143.37
752.38,420.88,53.995,143.2
751.73,420.93,54.155,143.63
751.56,422.12,54.08,143.43
750.64,421.98,54.07,143.4
750.39,422.12,54.289,143.98
749.98,422.39,54.4,144.28
750.4,422.86,54.59,144.78
749.71,422.9,54.753,145.21
749.92,423.69,54.902,145.61
749.79,424.11,55.002,145.87
751.12,425.85,54.961,145.77
750.73,425.62,55.195,146.39
751.48,426.74,55.145,146.25
752.39,428.37,55.014,145.91
754.19,430.99,54.568,144.72
755.46,432.48,54.252,143.89
756.67,434.09,53.954,143.1
759.33,435.66,53.552,142.03
761.96,437.02,53.208,141.12
762.8,437.38,52.959,140.46
766.97,438.91,52.564,139.41
768.44,439.05,52.448,139.1
770.91,440.39,52.377,138.91
772.07,440.89,52.281,138.66
772.78,441.58,52.03,137.99
774.51,442.06,51.917,137.69
776.09,443.24,51.851,137.52
776.33,444.47,51.754,137.26
777.1,445.42,51.774,137.31
777.96,446.66,51.767,137.29
777.98,448.79,51.719,137.17
779.2,450.44,51.281,136.01
779.46,451.03,51.094,135.51
778.75,452.4,50.928,135.07
778.27,454.46,50.75,134.6
776.89,454.9,50.914,135.03
777.17,455.6,50.888,134.96
777.33,456.02,50.822,134.79
777.04,456.22,50.746,134.59
777.25,455.7,50.928,135.07
778.12,456.4,51.022,135.32
778.66,456.36,50.995,135.25
779.89,456.85,51.079,135.47
780.6,458.3,51.134,135.62
781.61,459.76,51.322,136.12
782.74,460.59,51.391,136.3
785.15,462.33,51.213,135.83
787.01,464.16,51.25,135.92
788.72,465.63,51.478,136.53
789.99,466.23,51.895,137.64
792.56,467.16,52.159,138.33
795.34,468.31,52.645,139.62
797.13,467.38,52.977,140.5
799.44,467.92,52.978,140.51
801.3,468.47,53.113,140.86
803.01,469,53.369,141.54
804.49,468.85,53.246,141.22
805.4,469.6,53.598,142.15
806.71,470.27,53.901,142.95
807.62,470.79,54.138,143.58
809.02,471.42,54.01,143.25
809.43,472.99,53.804,142.7
810.5,474.58,53.751,142.56
810.12,475.77,53.577,142.1
810.94,477.36,53.546,142.01
809.21,479,54.045,143.34
807.25,480.12,54.402,144.28
806.66,480.48,54.847,145.46
805.04,479.94,55.312,146.7
804.68,479.95,55.696,147.71
802.72,479.74,56.013,148.56
800.61,480.6,56.145,148.91
799.22,480.81,56.25,149.18
798.31,481.03,56.312,149.35
798.3,481.53,56.296,149.31
797.68,482.35,56.432,149.67
797.22,482.76,56.53,149.93
796.2,483.38,56.715,150.42
794.37,484.33,56.595,150.1
794.23,484.73,56.576,150.05
793.74,485.96,56.703,150.39
794.93,486.41,56.727,150.45
796.17,487.03,56.847,150.77
798.75,488.31,56.616,150.15
799.99,489.29,56.697,150.37
801.79,489.99,56.796,150.63
803.8,491.86,56.93,150.99
804.84,491.92,57.118,151.49
809.56,493.31,56.929,150.99
811.75,494.99,56.873,150.84
813.23,496.3,56.973,151.1
816.34,497.18,56.688,150.35
819.35,497.69,56.155,148.93
820.46,499.01,55.976,148.46
823.2,500.41,56.055,148.67
822.64,499.97,56.228,149.13
825.09,501.52,56.491,149.82
825.83,502.1,56.714,150.42
826.87,501.84,56.568,150.03
828.27,503.5,56.861,150.81
829.01,505.09,57.392,152.21
829.99,505.1,57.709,153.05
830.16,506.04,58.601,155.42
830.7,506.94,58.91,156.24
831.92,508.26,59.195,156.99
831.38,508.98,59.534,157.89
830.6,510.44,59.31,157.3
828.06,510.91,59.074,156.67
826.27,511.23,58.788,155.92
824.97,511.88,58.782,155.9
823.55,512.51,58.555,155.3
822.59,512.61,58.416,154.93
821.44,513.29,58.052,153.96
820,513.78,57.574,152.7
819.98,514.96,57.408,152.26
817.82,515.24,57.66,152.92
814.52,515.6,58.099,154.09
813.51,516.46,58.332,154.71
812.69,517.34,58.605,155.43
810.54,517.14,59.195,157
810.34,518.28,59.592,158.05
809.26,517.95,59.56,157.96
809.17,519.4,59.625,158.14
809.07,520.23,59.893,158.85
809.68,520.82,59.805,158.61
813.6,521.6,59.61,158.1
812.69,522.05,59.572,158
812.08,522.84,59.725,158.4
812.62,524.82,60.209,159.69
812.61,525.26,60.889,161.49
814.44,526.4,61.957,164.32
816.14,528.82,63.182,167.57
818,529.47,64.43,170.88
820.59,531.26,65.668,174.16
820.08,529.69,66.602,176.64
819.97,530.02,67.291,178.47
823.06,529.99,67.447,178.88
824.61,529.37,67.667,179.46
827.02,530.38,68.019,180.4
827.35,531.13,68.11,180.64
827.23,481.63,67.481,178.97
829.47,489.09,66.916,177.47
829.99,493.43,66.41,176.13
827.79,491.1,65.867,174.69
829.59,493.51,65.6,173.98
826.07,492.1,65.371,173.38
826.14,494.29,65.787,174.48
825.31,494.3,65.918,174.83
824.34,495.11,65.835,174.6
