272.5,213.5,34,95
273.22,212.1,33.842,94.557
273.31,212.2,33.793,94.423
272.88,212.28,33.971,94.92
271.71,211.5,34.333,95.932
270.03,211.39,34.467,96.306
246.7,211.67,34.277,95.775
213.49,213.81,34.526,96.469
194.4,216.05,34.286,95.8
194.64,215.87,34.619,96.73
195.08,216.6,34.204,95.571
195.94,216.67,34.271,95.757
196.15,216.69,34.326,95.911
196.3,217.46,34.297,95.83
195.96,216.93,34.411,96.148
195.32,216.6,34.559,96.561
181.11,215.5,34.613,96.714
150.59,214.85,34.867,97.421
127,213.47,34.519,96.45
92.375,216.28,34.543,96.517
63.64,217.7,34.599,96.674
62.61,218.08,34.733,97.048
63.258,218.08,34.611,96.706
63.763,218.05,34.643,96.797
65.878,217.67,34.672,96.879
69.275,217.35,34.675,96.887
73.167,215.81,34.802,97.241
74.625,216.16,34.331,95.926
75.48,215.33,34.588,96.643
75.232,215.09,34.627,96.753
74.347,214.3,34.601,96.679
73.457,213.63,34.446,96.247
72.656,213.11,34.217,95.605
73.296,213.05,33.919,94.773
73.05,212.84,34.054,95.15
74.466,212.34,34.029,95.081
75.843,212.34,34.122,95.341
76.76,212.06,34.108,95.303
78.905,210.85,33.959,94.886
80.564,210.22,34.152,95.424
81.373,209.14,34.067,95.188
81.885,209.26,34.113,95.317
81.883,209.62,34.128,95.357
81.378,209.11,34.353,95.986
80.434,207.66,34.358,96.001
80.164,207.16,34.266,95.745
80.335,207.24,34.149,95.417
80.19,206.94,34.061,95.17
80.951,207.22,33.915,94.763
82.071,206.92,33.723,94.227
84.309,205.89,33.645,94.009
85.536,205.08,33.415,93.367
86.385,204.51,33.35,93.183
87.299,204.33,33.431,93.411
88.01,204.66,33.345,93.171
88.662,204.43,33.327,93.119
89.02,203.42,33.37,93.24
89.386,202.67,33.088,92.452
90.143,202.51,32.853,91.794
91.855,202.94,32.538,90.916
93.279,202.88,32.3,90.249
95.898,202.69,32.018,89.463
97.495,201.64,32.063,89.588
99.557,201.02,32.124,89.759
101.37,200.77,32.294,90.234
103.3,201.67,31.96,89.299
105.75,200.75,32.321,90.309
109.01,199.45,32.541,90.924
110.33,197.62,32.705,91.383
113.47,198.26,32.706,91.383
120.15,199.29,32.742,91.484
124.84,200.1,32.414,90.569
128.51,199.36,32.082,89.642
128.63,198.37,31.738,88.681
130.25,196.92,31.773,88.776
132.09,197.79,31.708,88.595
133.55,198.21,31.549,88.153
136.04,198.89,31.457,87.894
138.02,197.39,31.403,87.742
139.92,196.84,31.458,87.899
141.45,196.74,31.447,87.866
143.73,196.54,31.471,87.935
146.33,196.93,31.509,88.039
149.87,198.63,31.577,88.23
153.13,200.57,31.721,88.633
155.55,200.01,31.578,88.232
159.38,200.66,31.366,87.642
162.44,201.52,31.379,87.677
164.69,201.56,31.433,87.828
176.1,207.85,31.498,88.008
176.53,208.02,31.434,87.831
176.54,207.96,31.477,87.951
177.44,207.27,31.474,87.941
176.54,207.03,31.582,88.244
177.46,207.02,31.534,88.109
177.92,207.66,31.555,88.169
171.58,211.48,31.567,88.202
177.82,207.94,31.577,88.23
176.83,206.93,31.612,88.328
177.32,207.42,31.531,88.102
178.47,208.05,31.525,88.086
176.38,207.07,31.543,88.136
176.42,207.7,31.54,88.126
177.59,207.72,31.536,88.117
176.81,208.32,31.537,88.118
176.38,208.6,31.573,88.219
176.38,208.81,31.599,88.292
176.32,208.65,31.671,88.493
175.3,208.17,31.617,88.343
176.21,208.34,31.508,88.036
176.78,208.52,31.481,87.961
176.43,208.5,31.48,87.959
176.83,208.31,31.373,87.659
176.32,208.42,31.26,87.344
177.06,208.77,31.241,87.29
177.76,208.72,31.114,86.936
176.75,208.38,31.053,86.766
177.72,209.65,30.803,86.066
177.52,209.02,30.783,86.012
178.4,209.08,30.849,86.196
177.75,208.38,30.814,86.098
178.18,208.62,30.763,85.957
178.18,208.95,30.81,86.088
178.21,208.55,30.784,86.015
178.12,208.73,30.766,85.964
177.68,208.9,30.603,85.509
177.48,208.2,30.593,85.481
177.54,207.73,30.709,85.806
177.71,208.51,30.758,85.941
177.5,208.51,30.831,86.144
176.22,208.01,30.942,86.455
176.43,208.47,30.851,86.202
175.99,207.89,30.907,86.357
176.49,207.4,30.968,86.529
178.11,207.81,30.984,86.573
178.63,207.88,31.042,86.734
178.49,207.85,30.987,86.581
178.75,207.96,31.013,86.654
179.42,207.8,30.927,86.413
179.24,207.28,30.906,86.354
178.82,207.24,30.831,86.145
178.91,206.88,30.823,86.122
178.86,206.94,30.879,86.279
179.2,206.95,30.928,86.417
181.24,206.85,31.029,86.7
182.64,206.29,31.154,87.047
182.34,206.14,31.015,86.659
184.12,206.07,30.848,86.192
188.94,205.86,30.784,86.013
192.58,205.56,30.684,85.735
196.7,206.21,30.528,85.299
202.06,205.93,30.537,85.323
209.19,206.61,30.42,84.996
216.65,207.95,30.232,84.472
224.03,208.56,30.145,84.229
233.44,209.07,30.139,84.211
241.45,209.05,30.13,84.187
251.14,209.56,30.238,84.488
258.97,209.27,30.25,84.521
267.88,208.74,30.237,84.485
282.27,209.19,30.334,84.758
292.11,209.14,30.438,85.047
303.01,208.31,30.591,85.475
312.1,207.08,30.686,85.739
324.03,207.14,30.751,85.922
317.98,207.57,30.79,86.032
297.36,207.72,30.824,86.126
276.47,207.22,30.925,86.408
253.67,207.42,30.98,86.563
240.34,208.54,31.063,86.792
218.99,208.67,31.082,86.848
234.82,208.41,30.988,86.583
241.97,206.32,30.917,86.386
254.42,204.86,30.85,86.197
266.59,203.84,30.893,86.317
279.18,202.97,30.776,85.991
291.03,203.46,30.646,85.63
302.17,202.52,30.505,85.235
313.82,202.32,30.428,85.021
324.35,201.57,30.279,84.603
334.27,200.07,30.26,84.55
341.79,199.11,30.099,84.101
353.04,197.33,30,83.823
361.08,195.43,29.76,83.154
366.39,193.17,29.682,82.935
370.44,191.46,29.656,82.862
372.4,191.25,29.526,82.499
372.64,189.55,29.392,82.125
373.13,187.27,29.157,81.469
371.09,184.75,29.004,81.041
359.93,182.99,28.775,80.401
358.83,182.34,28.561,79.803
356.42,182.26,28.321,79.133
360.06,178.45,28.104,78.527
357.56,175.94,27.974,78.162
354.07,173.38,27.832,77.767
350.14,171.8,27.597,77.108
346.98,169.68,27.319,76.333
344.29,168.22,26.987,75.406
341.79,166.49,26.879,75.104
338.25,166.25,26.54,74.155
335.34,163.87,26.168,73.117
331.06,164.06,25.853,72.235
329.33,161.01,25.545,71.375
326.1,159.62,25.247,70.544
324.59,158.07,24.954,69.726
323.41,156.55,24.752,69.16
321.94,154.63,24.596,68.723
319.6,151.81,24.516,68.501
319.17,150.35,24.425,68.246
317.03,149.14,24.232,67.707
315.98,147.23,24.038,67.166
313.98,145.54,23.805,66.515
312.28,144.29,23.546,65.791
310.31,143.82,23.3,65.102
309.35,142.68,22.983,64.218
308.4,140.95,22.842,63.823
308,140.44,22.585,63.105
306.97,138.86,22.405,62.602
304.59,136.81,22.237,62.132
303.95,136.17,22,61.472
302.71,134.59,21.855,61.066
300.66,133.03,21.71,60.66
264.87,132.1,21.611,60.383
235.51,131.86,21.393,59.773
201.99,132.12,21.281,59.462
166.47,130.31,21.157,59.115
129.75,129.9,21.029,58.758
110.73,129.67,20.882,58.346
108.13,128.5,20.785,58.076
106.66,126.53,20.711,57.869
106.89,125.12,20.614,57.598
107.99,124.27,20.443,57.12
108.62,122.91,20.382,56.949
109.3,121.91,20.26,56.608
109.29,120.97,20.127,56.237
109.82,120.11,19.972,55.803
110.11,119.7,19.853,55.473
110.02,118.35,19.672,54.967
110.45,117.19,19.519,54.538
110.67,116.48,19.383,54.157
110.49,115.6,19.155,53.522
110.28,115.12,18.966,52.992
110.58,113.92,18.798,52.523
110.25,112.44,18.634,52.066
110.84,111.12,18.533,51.784
110.82,110.99,18.389,51.381
111.45,110.4,18.242,50.971
112.3,109.3,18.103,50.583
112.7,108.08,18.051,50.438
113.28,107.14,17.912,50.049
113.81,106.09,17.839,49.843
114.13,105.33,17.784,49.69
114.71,104.39,17.633,49.267
115.85,103.87,17.485,48.855
116.88,103.43,17.334,48.432
117.96,102.51,17.169,47.971
119.42,101.81,17.041,47.615
121.77,100.62,16.9,47.22
123.8,100.34,16.755,46.815
125.88,99.778,16.563,46.279
128.8,99.22,16.418,45.875
131.05,98.263,16.291,45.519
134.28,97.986,16.178,45.202
137,96.6,16.107,45.005
141.79,95.679,16.005,44.72
146.87,95.139,15.861,44.318
150.54,93.858,15.725,43.938
154.53,93.814,15.525,43.38
158.66,92.349,15.395,43.015
162.81,92.262,15.261,42.641
165.69,91.355,15.145,42.316
169.71,91.394,15.011,41.942
172.45,89.982,14.939,41.74
176.63,89.921,14.859,41.517
179.86,89.112,14.812,41.387
183.39,88.493,14.715,41.115
186.16,87.491,14.654,40.944
188.92,87.857,14.553,40.662
192.18,87.28,14.456,40.391
195.27,86.197,14.363,40.131
198.6,86.419,14.232,39.767
201.54,85.27,14.15,39.538
204.77,84.919,14.065,39.3
208.27,84.733,13.949,38.974
210.94,83.654,13.83,38.643
214.62,83.435,13.71,38.307
218.26,83.27,13.645,38.125
221.17,82.152,13.653,38.149
224.9,81.553,13.628,38.078
228.18,80.971,13.611,38.031
231.5,80.569,13.576,37.932
