458.5,120.5,85,195
464.89,116.29,85.69,196.58
467.5,117.44,85.374,195.86
468.36,117.77,85.472,196.08
468.65,118.1,85.399,195.91
469.6,118.37,85.486,196.11
470.71,118.57,85.356,195.82
473.11,117.99,85.873,197
473.93,117.19,86.337,198.07
473.69,115.87,87.277,200.22
471.07,115.52,86.108,197.54
463,112.03,87.085,199.78
462.37,111.06,87.839,201.51
464.77,111.26,87.652,201.08
470.37,112.2,87.979,201.83
472.89,112.57,88.451,202.92
479.33,114.31,88.608,203.28
482.12,116.24,88.892,203.93
483.54,118.68,89.226,204.69
483.1,120.15,89.11,204.43
483.3,120.89,88.985,204.14
484.19,122.31,89.041,204.27
485.5,120.02,89.263,204.78
486.92,118.42,89.426,205.15
489.64,117.2,89.952,206.36
490.2,116.07,90.172,206.87
492.76,115,90.587,207.82
495.07,113.01,90.286,207.13
496.71,112.94,89.422,205.15
499.15,112.67,89.482,205.28
501.35,112.99,89.572,205.49
503.35,112.74,89.941,206.33
503.72,110.82,90.863,208.45
506.78,111.7,91.474,209.85
508.79,110.61,92.197,211.51
511.56,111.33,92.194,211.5
518.24,111.98,92.401,211.98
524.46,114.62,92.436,212.06
528.06,115.84,91.933,210.91
533.18,116.85,92.235,211.6
536.15,117.33,91.506,209.93
543.91,118.17,91.023,208.82
548.84,119.94,90.278,207.11
555.31,120.95,90.313,207.19
559.07,121.35,90.281,207.12
563.37,123.91,90.326,207.22
568.17,125.69,89.973,206.41
575.88,126.78,89.472,205.26
579.37,127.89,89.567,205.48
585.13,126.48,89.748,205.89
588.64,125.5,90.121,206.75
590.58,125.48,90.167,206.85
593.64,125.27,90.244,207.03
586.24,124.35,89.875,206.18
582.41,125.25,89.409,205.12
580.06,128.3,89.07,204.34
579.41,129.13,89.164,204.55
585.23,131.04,88.772,203.65
590.65,132.18,88.56,203.17
600.24,131.6,88.27,202.5
619.03,133.65,88.111,202.14
618.11,133.6,87.998,201.88
618.85,134.91,88.082,202.07
620.03,133.84,88.087,202.08
621.6,133.73,87.939,201.74
623.9,133.67,87.474,200.68
625.86,133.75,87.883,201.61
605.43,140.04,87.904,201.66
600.08,141.31,88.541,203.12
612.1,141.28,88.306,202.58
612.43,141.4,88.135,202.19
612.32,146.3,87.858,201.56
637.98,144.19,87.51,200.76
641.1,144.28,87.291,200.26
643.64,145.82,87.184,200.01
644.71,146.85,87.172,199.98
645.76,149.02,86.852,199.25
607.08,164.27,87.08,199.77
610.6,165.87,87.767,201.35
611.77,160.65,87.557,200.87
610.38,158.55,87.452,200.63
610.3,158.37,87.508,200.75
613.7,154.9,87.277,200.22
661.44,154.53,87.543,200.83
657.51,155.98,87.792,201.4
659.21,157.94,87.843,201.52
702.97,141.5,87.815,201.46
662.91,157.63,88.112,202.14
667.6,155.84,88.153,202.23
672.14,156.5,87.964,201.8
679.61,155.22,87.839,201.51
685.07,155.3,88.064,202.03
706.88,154.71,87.573,200.9
715.7,158.11,87.523,200.79
718.93,160.67,88.065,202.03
720.39,158.59,87.65,201.08
720.88,160.83,87.551,200.85
725.73,166.21,87.625,201.02
728.04,171.29,87.633,201.04
727.27,176.43,87.862,201.57
725.28,178.26,87.946,201.76
720.46,180.72,87.969,201.81
709.78,180.61,87.999,201.88
690.44,179.26,87.813,201.45
681.6,178.29,87.491,200.71
661.76,175.71,87.047,199.7
651.79,174.29,86.547,198.55
633.16,183.19,86.929,199.43
634.17,181.78,86.779,199.08
637.4,182.99,86.565,198.59
636.22,182.38,86.222,197.8
697.18,182.1,87.044,199.69
680.57,184.79,87.71,201.22
716.31,171.49,87.423,200.56
664.84,180.09,88.025,201.94
661.21,176.6,88.661,203.4
657.97,176.71,88.959,204.08
674.88,176.14,89.234,204.71
646.63,241.6,90.065,206.62
644.68,250.21,90.505,207.63
644.98,250.3,90.884,208.5
645,248.91,90.91,208.56
648.31,258.37,91.503,209.92
651.73,256.77,91.695,210.36
650.16,255.54,91.827,210.66
623.01,191.36,91.568,210.07
620.8,189.22,91.393,209.67
653.81,248.68,91.522,209.96
654.22,247.93,91.753,210.49
655.17,248.15,91.675,210.31
652.47,248.84,91.818,210.64
654.65,250.08,91.906,210.84
655.95,256.05,91.589,210.12
648.82,248.89,91.215,209.26
647.76,254.56,90.754,208.2
649.84,257.42,90.144,206.8
648.29,255.37,89.678,205.73
651.64,256.71,89.582,205.51
651.98,254.31,89.638,205.64
643.36,252.39,89.611,205.58
638.68,252.1,89.622,205.6
633.79,249.67,89.537,205.41
630.09,249.31,89.924,206.3
630.02,247.43,90.148,206.81
625.44,248.76,90.512,207.64
622.44,247.32,90.211,206.95
616.9,246.6,89.873,206.18
612.27,246.37,89.354,204.99
610.12,247.44,89.169,204.56
608.83,250.15,88.952,204.07
608.56,253.09,89.1,204.4
603.08,253.36,88.674,203.43
591.35,253.54,88.498,203.03
577.79,253.45,88.497,203.02
562.74,251.03,88.328,202.64
551.97,250.39,88.413,202.83
543.33,251.72,88.982,204.13
532.97,250.55,89.254,204.76
527.51,249.64,89.189,204.61
520.51,249.2,89.044,204.28
515.15,249.89,89.071,204.34
509.07,248.95,89.044,204.28
506.59,251.21,88.845,203.82
503.53,254.21,88.769,203.65
499.28,257.36,89.04,204.27
493.94,261.79,89.08,204.36
489.39,265.98,89.654,205.68
487.82,267.85,90.075,206.64
485.09,268.56,90.18,206.88
485.21,269.17,90.269,207.09
481.66,267.71,90.653,207.97
478.51,265,91.104,209
474.33,261.24,91.708,210.39
470.44,258.16,91.791,210.58
476.16,259.38,92.267,211.67
464.24,255.81,92.684,212.63
456.61,253.42,93.087,213.55
449.32,249.46,93.624,214.78
447.6,247.3,94.03,215.72
441.08,245.97,94.151,215.99
436.39,248.33,94.225,216.16
431.82,249.87,94.194,216.09
425.5,251.91,94.246,216.21
420.57,254.72,94.434,216.64
411.62,255.46,94.42,216.61
405.1,258.34,94.507,216.81
398.93,260.26,94.658,217.16
389.73,261.95,94.358,216.47
380.57,265.27,94.78,217.44
370.32,265.96,95.315,218.66
360.65,265.3,95.636,219.4
351.82,263.86,95.942,220.1
344.5,261.8,96.022,220.29
338.3,261.4,95.856,219.91
332.62,259.88,95.999,220.23
324.39,259.46,95.864,219.92
314.74,259.7,95.707,219.56
298.3,261.32,95.79,219.75
279.33,260.76,96.062,220.38
264.51,261.69,96.129,220.53
252.11,262.15,96.353,221.05
245.15,262.18,96.298,220.92
245.28,265.82,96.248,220.8
243.38,268.82,95.93,220.07
239.31,271.28,95.656,219.45
235.54,273.53,95.446,218.96
230.29,275.9,95.138,218.26
222.58,276.65,95.084,218.13
216.3,279.28,94.653,217.14
211.52,281.35,94.141,215.97
208.36,284.93,93.626,214.79
203.38,288.96,92.793,212.88
195.13,291.14,92.342,211.84
181.03,293.53,92.168,211.44
171.76,294.11,91.927,210.89
164.43,296.34,91.587,210.11
155.15,297.01,91.344,209.55
150.46,299.04,91.548,210.02
146.41,299.3,91.621,210.19
144.85,302.47,91.425,209.74
145.49,306.39,91.487,209.88
143.71,306.71,91.206,209.24
141.75,307.49,91.124,209.05
139.49,305.47,91.078,208.94
138.97,305.08,90.78,208.26
139.94,305.07,90.88,208.49
141.18,303.89,91.116,209.03
139.83,302.19,91.266,209.37
137.99,301.45,91.569,210.07
136.39,299.24,91.595,210.13
136.56,297.2,91.73,210.44
135.88,295.78,91.855,210.73
134.39,294.75,91.864,210.75
132.05,292.23,92.268,211.67
124.81,289.22,92.387,211.95
120.24,289.37,92.541,212.3
115.45,289.87,92.64,212.53
109.44,290.41,92.609,212.46
98.027,291.66,92.799,212.89
81.348,290.92,92.909,213.14
61.59,290.15,92.929,213.19
43.118,289.04,92.576,212.38
28.831,288.43,92.511,212.23
18.443,290.28,92.371,211.91
14.286,292.54,92.892,213.11
14.085,294.22,92.903,213.13
13.117,295.91,93.013,213.38
13.148,297.82,93.287,214.01
11.103,298.54,93.045,213.46
10.657,300.25,92.918,213.16
8.9619,300.41,93.078,213.53
7.927,301.81,92.967,213.28
5.5732,301.14,93.032,213.43
3.6058,300.47,93.173,213.75
-0.11995,300.24,93.507,214.52
-6.2322,299.66,93.746,215.06
-10.568,301.21,93.318,214.08
-13.594,301.66,92.642,212.53
12.689,312.69,93.074,213.52
9.2239,312.71,93.129,213.65
-1.3058,311.43,92.851,213.01
-4.7103,310.94,92.561,212.35
-11.627,312.09,91.746,210.48
-17.056,312.96,91.11,209.02
-18.693,314.22,90.916,208.57
-21.94,314.96,90.611,207.87
-23.899,315.56,90.449,207.5
-20.749,313.97,90.046,206.58
-21.779,312.96,89.798,206.01
-29.065,309.08,89.41,205.12
-66.993,309.95,90.212,206.96
-60.334,308.1,90.49,207.59
-70.275,302.23,91.213,209.25
-77.014,303.81,91.878,210.78
-75.819,305.59,92.543,212.3
-78.132,306.64,93.094,213.57
-76.117,306.95,93.199,213.81
-74.781,307.59,93.819,215.23
-75.557,306.45,94.258,216.24
-78.582,305.44,94.758,217.39
-75.271,303.88,95.137,218.26
-76.294,302.76,95.566,219.24
-77.383,300.81,96.214,220.73
-76.172,298.85,96.812,222.1
-74.262,298.83,97.485,223.64
-76.302,297.75,97.372,223.38
-75.325,298.48,98.062,224.97
-76.648,298.52,98.296,225.5
-77,301.24,98.9,226.89
-76.41,299.76,99.405,228.05
-79.073,301.32,100.17,229.81
-77.51,301.63,100.83,231.32
-76.578,301.09,101.62,233.13
-76.734,300.97,102.09,234.22
-75.637,303.12,102.67,235.55
-79.176,302.39,102.81,235.85
-71.295,305.15,103.47,237.37
-73.005,303.67,103.93,238.43
-81.745,300,103.8,238.13
-85.011,303.45,104.33,239.33
-78.18,302.87,104.84,240.53
-79.276,301.86,105.04,240.97
-83.732,302.19,104.92,240.7
-77.082,305.97,105.51,242.06
-79.441,306.48,105.77,242.66
-79.975,307.09,106.16,243.54
-81.157,306.64,106.81,245.04
-79.088,302.49,106.7,244.79
-81.623,299.51,106.68,244.73
-81.458,297.39,106.78,244.96
-80.587,297.74,106.55,244.44
-79.431,297.97,107.08,245.66
-79.766,299.26,106.93,245.3
-80.708,300.88,107.2,245.92
-82.485,300.97,107.22,245.98
-85.322,302.54,107.36,246.3
-86.076,300.38,107.78,247.26
-86.884,302.72,108.26,248.37
-86.655,301.35,108.52,248.96
-86.797,297.96,109.18,250.48
-88.111,298.57,109.87,252.05
-86.01,295.23,109.96,252.26
-89.01,297.73,110.54,253.6
-88.233,293.83,110.95,254.52
-85.488,296.85,111.72,256.31
-87.495,293.6,112.35,257.74
-91.512,295.08,112.83,258.85
-93.89,292.84,113.55,260.5
-93.353,294.31,114.45,262.55
-26.73,294.92,115.48,264.93
-25.02,294.22,116.07,266.29
-27.865,295.27,116.37,266.97
-28.968,294,116.9,268.19
-24.376,294.51,116.95,268.3
45.129,300.37,117.8,270.25
39.127,300.23,118.03,270.77
37.505,301.81,118.33,271.47
37.333,300.39,118.25,271.27
37.486,298.62,118.56,271.99
35.62,298.5,118.68,272.28
28.71,299.84,118.88,272.71
24.786,300.89,118.83,272.61
25.078,301.87,118.69,272.29
30.532,301.71,118.45,271.75
31.495,303.61,118.3,271.39
35.561,302.98,118.94,272.86
46.475,302.66,118.74,272.4
55.644,305.06,118.58,272.04
63.861,308.37,118.14,271.02
71.133,304.62,117.93,270.55
74.837,306.75,118.06,270.83
85.779,307.13,118.13,271
98.875,306.75,117.47,269.48
86.79,317.92,118.84,272.63
91.786,312.63,119.03,273.06
95.695,310.76,118.89,272.75
98.012,309.81,118.64,272.17
100.83,311.52,118.81,272.56
111.81,313.45,118.95,272.88
116.85,313.32,118.76,272.44
126.35,314.86,118.7,272.31
131.94,314.28,119.66,274.51
138.23,310.67,119.31,273.7
138.82,309.56,118.83,272.6
131.44,313.58,119.07,273.17
123.54,315.41,119,273
108.19,315.88,117.45,269.45
100.86,318.69,116.6,267.48
92.463,321.8,115.27,264.45
75.889,327.53,113.94,261.39
67.269,332.08,112.53,258.16
60.684,336.35,111.92,256.77
56.749,337.39,110.98,254.6
46.417,341.28,110.31,253.06
40.03,342.62,110.07,252.51
35.485,342.55,110.68,253.91
29.888,343.05,111.11,254.9
19.697,341.65,111.7,256.25
0.65565,332.02,109.89,252.11
-17.915,334.1,108.79,249.58
-24.971,347.99,109.81,251.91
-38.325,344.28,109.53,251.27
-65.461,347.2,110.38,253.23
-80.53,345.57,110.09,252.57
-79.931,342.34,110.22,252.86
-82.281,346.61,110.8,254.19
-86.215,352.76,111.62,256.06
-87.656,354.5,112.02,256.98
-80.415,359.66,110.88,254.38
-84.271,356.81,110.49,253.49
-84.598,362.44,110.37,253.2
-80.612,354.2,110.53,253.58
-77.973,353.31,110.86,254.33
-74.363,352.51,111.12,254.93
-77.42,342.88,110.9,254.41
-65.973,349.19,110.37,253.2
-40.934,356.62,110,252.36
-34.688,358.15,109.92,252.16
-35.374,361.49,109.55,251.31
-29.976,366.24,109.45,251.08
-24.447,365.41,109.52,251.25
-28.221,365.55,109.46,251.1
-30.07,370.88,109.54,251.29
-22.465,369.49,109.19,250.48
-22.372,372.68,108.83,249.67
-29.281,378.67,107.96,247.67
-27.392,376.65,106.71,244.8
-31.623,378.09,105.85,242.83
-32.818,378.36,105.1,241.12
-34.368,386.59,103.99,238.58
-28.102,393.64,104.2,239.04
-30.943,397.27,104.77,240.34
-25.97,397.79,104.07,238.76
-29.947,397.86,104,238.6
-43.059,399.44,104.07,238.74
-31.729,397.28,104.1,238.82
-35.326,395.69,104.02,238.62
-30.97,396.29,103.35,237.1
-28.93,402.25,102.41,234.95
-23.554,408.97,102.13,234.31
-21.403,412.82,101.77,233.48
-16.227,417.37,101.37,232.56
-17.273,422.98,101.9,233.77
-0.28606,422.2,101.79,233.53
16.709,419.64,101.6,233.08
31.264,417.46,101.83,233.61
47.324,412.6,101.5,232.86
59.694,412.27,101.94,233.86
59.224,411.43,102.06,234.13
61.904,408.15,102.15,234.34
68.14,403.85,101.61,233.11
71.53,402.69,100.75,231.13
77.004,401.46,99.641,228.59
89.344,398.95,99.125,227.4
105.56,395.19,98.985,227.08
117.57,389.4,99.321,227.85
124.89,383.73,100.02,229.45
129.59,380.53,100.89,231.46
125.67,379.04,102.01,234.02
133.32,375.57,101.99,233.97
176.94,381.88,103.29,236.96
186.68,381.92,103.38,237.16
195.76,381.15,102.97,236.22
202.99,382.62,103,236.29
205.88,383.8,103.18,236.7
211.16,381.12,103.05,236.42
217.7,383.09,103.05,236.41
225.38,382.92,102.91,236.09
236.4,382.43,103.15,236.63
261.96,374.68,103.55,237.55
277.28,377.22,102.62,235.42
298.5,376.27,102.13,234.29
317.16,375.98,101.74,233.4
326.88,374.83,101.1,231.93
328.72,375.71,100.31,230.13
332.71,373.07,100.04,229.51
335.22,377.97,99.633,228.57
339.45,377.88,99.517,228.3
343.98,376.8,99.526,228.32
354.76,374.1,99.337,227.89
365.77,369.78,99.087,227.32
379.34,369.18,99.343,227.9
385.58,369.02,99.167,227.5
400.83,365.14,99.402,228.04
426.8,360.97,100.07,229.57
445.3,362.47,100.58,230.74
454.99,359.86,101.17,232.1
457.61,356.15,101.78,233.49
456.77,354.92,103.04,236.39
458.62,350.77,103.73,237.97
460.41,349.45,104.14,238.9
463.44,349.51,104.73,240.27
467.45,349.24,105.65,242.37
473.15,348.12,105.7,242.49
490.37,344.6,106.2,243.63
502.82,343.01,106.19,243.62
519.26,338.97,106.19,243.61
540.41,332.85,106.67,244.72
547.37,332.5,107.4,246.39
547.93,329.96,107.92,247.58
548.48,329.21,108.69,249.35
549.49,328.25,109.59,251.42
550.81,328.05,110.57,253.65
552.48,327.49,110.5,253.5
557.94,327.67,110.54,253.59
564.93,327.05,110.97,254.57
573.49,327.03,110.81,254.2
580.62,327.44,111.2,255.12
589.71,324.69,112.2,257.41
597.61,322.2,112.77,258.72
606.27,322.25,112.16,257.32
608.58,320.97,113.09,259.45
601.02,325.55,112.74,258.63
591.73,322.11,112.58,258.27
577.88,321.28,112.91,259.02
565.01,319.52,113.14,259.55
555.53,317.69,113.09,259.44
546.27,316.89,112.94,259.1
542.43,313.26,113.17,259.62
543.78,310.91,112.88,258.97
544.24,310.86,112.8,258.78
547.41,311.56,112.96,259.15
553.18,312.61,113.18,259.66
552.2,314.64,112.86,258.91
584.26,303.9,113.17,259.63
587.67,305.3,113.63,260.69
590.22,303.24,114.4,262.44
593.5,300.96,114.31,262.24
594.02,305.21,114.21,262.02
600.25,308.69,114.64,263
598.41,317.53,114.81,263.39
599.52,322.88,115.07,263.99
596.2,331.54,114.42,262.48
589.67,340.55,115.13,264.12
589.95,346.37,115.14,264.16
575.75,363.67,114.02,261.58
520.99,368.77,113.4,260.15
555.6,371.48,112.56,258.23
541.68,371.38,112.08,257.12
469.67,367.15,111.38,255.51
412.54,360.81,111.44,255.67
352.82,359.08,111.74,256.33
315.6,335.55,111.88,256.66
256.48,331.48,113.14,259.56
184.5,318.48,113.27,259.85
154.02,322.89,113.62,260.66
51.605,323.59,113.48,260.33
31.22,330,113.69,260.81
17.042,329.42,114.5,262.69
10.188,324.69,115.01,263.85
4.1895,320.1,116.39,267.02
-1.2813,318.05,117.17,268.81
-0.84252,315.52,117.32,269.13
-1.4997,317.08,117.3,269.1
2.134,320.58,117.13,268.72
-1.5174,320.83,117.07,268.56
-8.1592,323.55,116.66,267.64
-6.6301,325.61,116.07,266.28
-6.275,327.53,115.88,265.85
-9.4722,331.96,115.86,265.8
-14.906,341.63,115.52,265.02
-11.7,350.46,115.21,264.31
-1.3699,351.39,114.54,262.76
-2.0411,357.78,113.21,259.71
-1.5714,363.04,112.14,257.27
-1.62,363.29,112.33,257.69
-5.363,364.2,112.33,257.69
-16.513,363.83,112.49,258.06
-26.385,361.32,112.14,257.27
-58.269,356.62,112.95,259.13
-77.593,355.66,112.97,259.16
-85.366,353.99,112.79,258.76
-91.409,350.92,112.95,259.13
-92.881,351.6,113.15,259.58
-94.59,354.06,113.77,260.99
-92.987,353.73,114.51,262.71
-49.24,355.53,113.26,259.83
-51.511,356.23,112.8,258.78
-53.701,358.33,112.52,258.13
-79.324,369.43,112.73,258.61
-83.764,363.55,113.02,259.27
-86.894,364.61,113.64,260.71
-89.015,364.23,114.54,262.78
-92.618,363.98,115.51,265
-13.475,335.02,116.8,267.94
-93.85,366.72,116.88,268.14
-67.917,315.13,116.86,268.08
-69.152,314.47,117.04,268.51
-69.014,315.74,116.65,267.61
-66.978,312.12,116.13,266.41
-67.612,312.9,115.28,264.45
-67.948,311.88,114.8,263.37
-67.1,311.62,114.39,262.41
-65.222,316.12,113.75,260.95
-68.518,315.62,114.13,261.83
-70.406,312.23,114.19,261.96
-74.29,310.79,113.51,260.4
-73.967,312.39,112.57,258.26
-73.714,312.47,112.41,257.89
-74.254,313.27,112.19,257.38
-74.684,314.14,111.66,256.16
-74.654,315.82,111.36,255.48
-71.227,319.3,111.61,256.05
-73.985,317.48,111.03,254.72
-74.392,314.85,111.14,254.96
-82.46,308.43,111.1,254.89
-89.304,304.47,111.14,254.97
-89.257,310.6,111.22,255.14
-89.33,314.8,111.5,255.8
-88.57,318.86,111.5,255.8
-88.879,319.63,111.73,256.32
-90.045,319.36,111.86,256.62
-93.372,318.31,112.01,256.96
-45.173,279.17,112.02,256.98
-39.707,277.48,111.12,254.93
-53.443,288.85,112.28,257.58
-55.134,287.1,113.35,260.03
-59.722,286.34,114.07,261.69
-65.711,282.39,114.07,261.7
-76.451,282.65,113.6,260.6
-88.319,278.66,114.73,263.2
-74.343,274.82,114.77,263.29
-80.874,277.4,114.76,263.28
5.4134,232.63,115.26,264.41
-32.153,227.78,115.42,264.78
-70.606,231.88,115.66,265.34
-82.869,228.71,115.72,265.47
-83.968,223.01,115.15,264.17
-83.401,224.45,114.96,263.74
-78.518,228.04,115.3,264.51
-74.437,232.12,115.57,265.12
-67.974,233.87,115.59,265.17
-65.584,233.16,115.93,265.96
-65.899,231.48,116,266.12
-68.313,232.7,115.73,265.49
-69.931,233.64,115.24,264.38
-73.825,233.49,115.1,264.06
-74.603,233.65,115.01,263.85
-75.377,233.26,115.35,264.62
-75.472,231.79,115.08,264
-75.084,231.54,114.8,263.37
-74.52,232.84,113.83,261.14
-74.565,232.94,113.66,260.76
-75.035,234.19,113.2,259.7
-75.628,233.73,113.11,259.48
-77.554,233.66,113.55,260.49
-79.751,233.12,113.58,260.57
-79.998,232.9,113.65,260.72
-79.354,233.8,113.88,261.26
-79.87,234.8,113.73,260.91
-78.376,236.19,113.94,261.39
-79.221,236.49,113.83,261.14
-79.481,235.88,114.84,263.46
-79.12,235.39,115.02,263.87
-79.411,235.05,114.86,263.5
-78.259,236.75,114.84,263.45
-78.349,237.83,114.89,263.58
-77.648,239.21,114.72,263.18
-77.875,239.11,114.71,263.16
-77.974,239.13,114.57,262.84
-78.149,238.79,114.63,262.97
-77.947,238.7,114.78,263.33
-77.701,240.59,114.56,262.81
-77.194,240.72,114.45,262.56
-76.519,241.11,114.35,262.34
-75.372,242.62,114.03,261.61
-76.776,241.8,113.88,261.24
-75.442,243.25,113.43,260.21
-77.008,243.39,113.07,259.4
-75.795,243.15,114.38,262.41
-77.087,242.94,114.72,263.18
-78.834,242.14,115.24,264.37
-78.938,241.45,115.5,264.97
-78.429,241.76,115.85,265.76
-79.538,241.46,115.66,265.33
-79.058,242.31,115.48,264.93
-78.355,243.31,115.18,264.24
-78.669,242.75,114.82,263.4
-78.517,242.5,115.18,264.25
-79.155,242.31,114.86,263.5
-77.222,243.81,114.72,263.18
-76.995,244.48,114.02,261.57
-76.717,245.02,113.33,260
-76.199,246.57,112.4,257.85
-76.446,246.4,113.07,259.41
-76.228,246.92,114.16,261.9
-76.058,247.61,113.89,261.27
-75.81,248.29,113.58,260.57
-75.844,248.46,113.56,260.53
-76.295,248.82,113.62,260.66
-76.846,248.64,114.34,262.3
-75.9,249.85,114.97,263.76
-75.753,251.28,115.61,265.23
-73.549,254.83,113.79,261.06
-72.08,255.26,114.33,262.29
-72.357,255.6,114.4,262.45
-72.722,254.12,115.1,264.06
-73.321,253,115.65,265.31
-73.99,253,115.31,264.54
-74.347,252.85,116.01,266.14
-73.997,254.73,115.16,264.2
-73.125,256.15,113.75,260.95
-72.704,255.15,115.52,265.03
-74.797,254.53,116.41,267.06
-75.624,253.41,116.91,268.21
-74.664,254.13,116.74,267.81
-73.925,254.44,116.8,267.95
-73.884,254.4,116.89,268.17
-73.44,254.43,116.95,268.31
-73.847,254.73,116.72,267.78
-72.939,255.64,116.5,267.27
-74.364,254.87,116.8,267.96
-73.82,253.63,117.19,268.84
-73.304,252.91,117.1,268.64
-74.389,251.4,117.61,269.8
-73.906,250.82,117.13,268.71
-73.727,249.67,117.61,269.81
-74.682,247.81,118.4,271.63
-74.028,248.74,117.36,269.23
-72.731,249.35,116.82,268.01
-72.569,248.67,116.84,268.04
-73.681,245.8,118.4,271.62
-74.293,245.58,118.27,271.32
-74.182,245.67,118.09,270.91
-72.375,247.85,116.49,267.24
-73.277,247.06,117.64,269.88
-71.871,247.66,117.44,269.42
-69.786,248.44,117.27,269.02
-69.566,249.94,117.29,269.07
-67.623,253.82,117.45,269.45
-67.057,257.9,117.2,268.88
-67.042,260.32,117.16,268.78
-68.628,261.04,117.16,268.78
-69.307,256.84,118.15,271.04
-68.821,250.39,118.01,270.72
-70.165,242.87,116.92,268.22
-71.367,238.49,117.24,268.97
-73.557,238.24,117.58,269.74
-73.666,238.77,117.82,270.3
-72.578,241.19,117.59,269.77
-71.473,242.67,116.69,267.71
-68.976,243.65,116.94,268.28
-69.071,244.15,116.24,266.66
-68.508,244.03,117.22,268.91
-68.609,245.99,116.35,266.92
-64.788,247.01,116.54,267.36
-65.203,246.95,117.86,270.38
-65.468,245.48,118.92,272.83
-69.633,242.57,118.84,272.63
-76.894,239.52,119.97,275.22
-82.498,234.43,120.59,276.65
-84.213,237.48,119.85,274.94
-88.928,232.71,120.61,276.7
-96.834,232.1,120.89,277.34
-66.94,184.79,119.52,274.19
-78.413,181.6,117.87,270.41
-70.222,181.71,116.7,267.73
-84.07,162.2,117.57,269.71
-86.148,148.45,118.86,272.67
-56.376,120.16,121.31,278.29
-57.987,122.33,123.77,283.95
-60.298,123.9,124.72,286.12
-61.439,111.28,125.98,289.02
-98.359,157.43,125.91,288.86
-96.855,161.59,125.87,288.77
-96.146,164.62,125.58,288.1
-95.874,158.41,125.42,287.73
-94.466,164.49,125.2,287.23
-92.203,166.38,124.83,286.36
-89.598,169.2,124.11,284.72
-87.015,173.24,123.89,284.23
-86.804,177.44,123.1,282.41
-86.827,180.15,122.85,281.83
-85.215,176.22,122.38,280.74
-83.733,171.78,122.37,280.74
-84.947,167.44,121.91,279.67
-84.633,165.15,121.99,279.86
-83.485,165.15,121.87,279.59
-83.568,162.87,122.05,280
-84.693,162.01,121.73,279.26
-86.277,170.36,122.46,280.94
-89.606,177.65,123.45,283.2
-90.612,180.59,124.23,285
-93.131,183.43,124.97,286.69
-95.479,181.82,125.34,287.54
-96.506,183.56,125.67,288.3
-101.73,180.66,127.04,291.45
-74.986,158.29,127.8,293.19
-76.296,158.51,127.51,292.53
-83.075,160.03,127.7,292.95
-82.802,155.21,128.41,294.6
-84.139,152.4,129.07,296.1
-84.792,153.37,129.26,296.55
-83.365,150.55,129.63,297.38
-84.762,153.04,129.86,297.91
-82.544,157.39,129.5,297.09
-89.887,166.72,130.61,299.63
-105.57,175.53,131.49,301.65
-109.45,178.39,132.08,303.01
-111.9,179.42,132.55,304.08
-101.53,177.43,132.68,304.38
-102.5,173.95,132.95,305
-106.92,174.42,133.23,305.64
-110.41,176.49,133.75,306.83
-111.32,175.72,134.03,307.48
-105.4,172.78,134.86,309.38
-112.5,175.13,135.53,310.92
-106.92,175.39,136.07,312.17
-104.91,177.38,136.41,312.95
-105.97,176.34,136.52,313.18
-105.9,175.92,136.55,313.26
-104.81,173.49,137.32,315.02
-103.06,174.23,137.49,315.41
-102.38,174.34,137.73,315.96
-100.43,177.47,137.85,316.25
-100.66,180.31,137.66,315.81
-102.51,178.32,139.04,318.98
-102.14,178.5,139.27,319.51
-102.61,177.49,139.65,320.37
-99.247,179.76,139.17,319.26
-98.102,179.52,138.28,317.23
-95.142,181.12,138.1,316.82
-94.096,184.79,138.41,317.53
-93.81,183.68,138.59,317.94
-93.026,187.05,138.16,316.95
-93.143,185.6,138.4,317.52
-91.899,188.76,138.85,318.54
-90.988,193.86,139.07,319.04
-87.711,191.36,139.44,319.88
-84.757,193.17,139.56,320.17
-82.568,194.43,140.17,321.58
-83.688,193.19,140.15,321.52
-84.437,194.18,140.64,322.65
-83.155,196.9,140.91,323.26
-83.713,195.75,141.45,324.51
-85.007,196.45,142.58,327.09
-85.463,191.89,142.62,327.18
-84.81,191.19,142.23,326.29
-82.446,191.14,141.05,323.6
-83.935,190.26,140.56,322.47
-82.999,192.39,140.32,321.9
-84.255,193.4,140.76,322.91
-84.04,192.2,141.3,324.17
-84.778,191.86,141.47,324.54
-81.659,191.86,141.23,324
-82.206,191,140.72,322.83
-81.71,192.06,140.59,322.54
-80.86,191.81,140.42,322.13
-82.268,193.07,140.12,321.45
-81.844,190.55,140.07,321.33
-81.456,191.22,140.02,321.23
-82.162,191.11,140.54,322.42
-80.127,193.92,140.32,321.91
-81.3,193.46,140.72,322.83
-81.766,196.74,140.19,321.62
-82.671,193.04,140.5,322.33
-81.425,193.99,140.3,321.85
-84.208,190.75,140.45,322.21
-84.398,190.84,140.56,322.46
-83.657,191.81,139.58,320.21
-86.293,190.71,139.5,320.02
-86.314,189.7,139.22,319.38
-88.005,187.97,138.79,318.39
-87.277,190.14,138.61,317.99
-88.953,190.49,138.64,318.06
-91.36,190.44,138.46,317.65
-96.215,188.72,138.78,318.38
-95.718,188.73,139.16,319.25
-98.264,186.11,139.73,320.55
-98.836,185.35,139.92,321
-101.95,183.17,140.51,322.34
-104.63,182.85,140.09,321.37
-107.57,182.71,140.04,321.28
-108.29,183.82,140.7,322.77
-107.74,186.31,141.54,324.72
-108.91,187.44,142.26,326.37
-110.9,190.88,143.09,328.26
-112,195.52,143.71,329.69
-114.25,196.05,144.32,331.08
-115.51,200.13,144.99,332.62
-114.59,200.05,145.85,334.6
-118.45,202.14,146.53,336.16
-120.8,200.3,148.41,340.46
-121.6,196.5,150.6,345.48
-106.16,196.28,150.27,344.75
-96.363,217.25,151.79,348.22
-103.49,221.03,154.26,353.88
-102.73,219.41,155.9,357.65
-109.64,213.35,157.46,361.24
-112.51,213.12,158.86,364.45
-113.69,208.05,159.3,365.45
-113.61,193.76,160.43,368.05
-107.03,195.9,160.88,369.08
-106.78,206.47,159.49,365.89
-109.61,195.17,158.95,364.65
-104.4,188.45,158.69,364.04
-105.59,182.92,158.04,362.57
-103.61,185.5,157.7,361.78
-110.07,182.46,156.82,359.75
-104.94,186.37,155.76,357.33
-102.01,183.14,154.47,354.36
-101.39,185.37,153.22,351.51
-102.6,184.05,153.15,351.35
-99.519,181.83,151.34,347.18
-99.328,184.15,150.57,345.44
-101.61,179.02,150.01,344.14
-98.937,168.17,148.18,339.95
-96.038,171.35,146.07,335.11
-92.163,168.56,144.12,330.63
-95.07,169.12,142.29,326.43
-92.912,172.33,141.12,323.75
-93.74,172.62,140.75,322.89
-91.286,173.77,140.81,323.04
-91.374,167.13,140.49,322.3
-94.908,171.18,141.74,325.17
-92.342,165.15,141.59,324.82
-94.093,165.88,141.19,323.91
-95.391,162.5,141.23,324
-97.147,161.53,141.47,324.55
-91.887,163.34,140.24,321.73
-91.839,166.67,138.84,318.52
-96.821,167.54,139.58,320.2
-95.03,167.05,139.3,319.57
-96.565,163.62,139.58,320.22
-95.808,169.76,140.23,321.7
-96.096,167.98,139.41,319.83
-97.145,172.11,140.32,321.91
-97.131,171.57,141.13,323.76
-100.4,169.26,143.11,328.32
-101.91,169.46,142.77,327.53
-100.21,166.56,142.9,327.83
-102.22,164.92,142.81,327.63
-102.87,164.81,141.06,323.6
-101.36,164.28,140.91,323.27
-102.07,165.37,140.81,323.03
-101.73,164.13,140.66,322.69
-101.59,168.1,140.44,322.19
-100.71,168.64,140.19,321.62
-101.8,170.48,141.54,324.7
-101.57,169.76,142.64,327.23
-99.203,168.6,141.51,324.64
-100.82,169.41,142.74,327.45
-101.1,167.22,142.21,326.24
-102.64,170.49,142.8,327.61
-105.65,169.74,143.92,330.17
-106.68,170.6,145.06,332.79
-105.56,169.61,145.95,334.82
-103.59,170.94,144.82,332.24
-102.58,169.8,144.13,330.65
-100.77,169.45,143.59,329.41
-101.97,169.86,142.61,327.17
-100.53,168.92,142.09,325.98
-100.69,170.73,141.63,324.92
-98.762,169.49,142.91,327.86
-103.23,167.3,145.07,332.81
-104.38,168.09,146.85,336.89
-104.65,168.62,148.05,339.65
-103.22,168.67,147.05,337.36
-102.87,170.13,146.55,336.21
-103.61,168.98,147.73,338.92
-102.12,169.42,147.38,338.1
-104.89,167.72,147.35,338.03
-104.85,166.95,147.17,337.63
-103.53,168.19,146.72,336.6
-102.83,169.74,146.1,335.17
-100.91,170.34,145.61,334.04
-104.03,168.52,148.22,340.02
-103.37,168.39,147.63,338.68
-103.58,169.84,147.61,338.64
-102.9,168.2,147.86,339.21
-104.28,168.59,148.09,339.75
-102.7,167.35,147.72,338.89
-102.99,168.25,147.84,339.17
-103.21,168.4,148.12,339.81
-102.46,166.7,147.97,339.46
-102.73,167.15,148.23,340.05
-104.13,167.33,148.77,341.29
-102,167.86,148.18,339.95
-103.8,167.29,148.53,340.75
-102.89,167.3,148.53,340.74
-104.06,167.51,148.62,340.95
-102.26,168.42,148.35,340.34
-102.24,167.72,147.58,338.58
-102.76,168.95,147.38,338.1
-100.63,169.95,146.74,336.64
-101.47,168.66,147.84,339.16
-100.99,169.75,147.55,338.49
-101.88,169.71,147.04,337.32
-100.66,169.4,147.07,337.4
-99.649,168.93,147,337.23
-99.564,169.68,146.62,336.37
-101.04,167.77,148.45,340.57
-102.6,167.55,148.59,340.89
-102.16,168.16,148.32,340.27
-103.29,167.85,148.5,340.67
-101.9,168.09,148.05,339.65
-100.05,169.53,147.38,338.11
-101.24,169.31,147.25,337.81
-101.64,168.63,147.18,337.65
-99.6,170.2,146.69,336.53
-100.36,168.73,147.61,338.63
-99.947,169.63,146.57,336.24
-98.943,169.62,147.17,337.63
-98.767,170.52,146.42,335.91
-101.5,168.47,147.56,338.52
-99.281,169.98,146.89,336.99
-99.212,170.25,147.5,338.38
-100.85,169.93,146.73,336.62
-100.43,169.27,147.62,338.66
-98.434,171.21,146.26,335.53
-98.673,170.02,147.07,337.39
-98.116,171.87,145.8,334.48
-100.38,170.09,147.26,337.84
-99.011,170.03,146.44,335.95
-100.67,168.78,147.79,339.05
-98.772,169.51,147.71,338.87
-98.793,169.15,147.9,339.3
-98.272,168.01,147.48,338.34
-99.641,167.9,147.28,337.87
-97.791,167.43,146.43,335.94
-97.036,166.37,146.57,336.24
-95.491,166.75,146.3,335.63
-93.3,164.77,145.49,333.78
-92.851,164.69,144.33,331.1
-89.84,167.91,143.42,329.02
-91.703,168.61,144.73,332.03
-92.544,170.08,146.19,335.37
-90.839,170.24,147.24,337.78
-92.037,170.34,146.49,336.07
-89.227,169.2,147.15,337.58
-91.317,171.19,146.24,335.5
-91.726,168.57,147.77,339.01
-91.82,169.72,147.25,337.81
-92.489,170.62,146.19,335.38
-91.616,171.19,146.87,336.94
-89.86,174.05,146.71,336.57
-91.258,173.49,146.88,336.95
-89.65,173.72,147,337.24
-94.046,170.81,148.19,339.96
-94.779,169.11,148.92,341.64
-89.933,170.99,147.65,338.73
-92.293,170.09,148.43,340.51
-94.352,170.6,149.1,342.04
-96.422,170.85,148.85,341.48
-89.747,173.18,148,339.53
-92.808,173.64,147.99,339.51
-92.462,174.15,148.6,340.9
-93.111,173.58,149.15,342.18
-94.355,172.65,149.49,342.94
-94.038,171.82,149.63,343.26
-93.567,171.65,150.15,344.46
-95.521,171.4,150.52,345.32
-90.942,171.75,150.14,344.45
-94.71,172.23,150.05,344.24
-95.117,172.74,149.78,343.61
-90.591,173.37,149.41,342.77
-93.251,172.41,149.65,343.31
-93.762,172.5,150.06,344.25
-94.417,171.71,150.42,345.08
-93.107,172.79,150.1,344.35
-94.2,171.65,150.33,344.89
-94.655,171.35,150.37,344.96
-95.383,171.55,150.43,345.1
-90.579,173.05,149.82,343.72
-93.545,172.57,149.75,343.55
-91.452,173.06,149.5,342.97
-92.933,173.64,149.17,342.21
-93.427,173.05,149.17,342.22
-92.535,173.08,148.93,341.66
-92.073,173.95,149,341.83
-90.816,173.84,148.92,341.64
-92.305,174.14,148.8,341.35
-89.825,174.84,148.21,340.02
-92.468,174.67,148.15,339.86
-93.524,173.73,149.07,341.99
-94.196,172.92,149.56,343.12
-94.302,173.9,150.81,345.98
-93.413,173.1,150.94,346.28
-95.699,172.75,151.3,347.09
-95.471,173.24,151.27,347.03
-95.815,173.28,151.2,346.87
-95.012,173.32,151.13,346.72
-97.519,171.95,152.16,349.08
-96.079,171.45,152.39,349.59
-95.456,171.19,152.61,350.1
-95.198,170.89,152.49,349.84
-94.865,171.43,152.05,348.83
-95.714,172.2,151.69,348
-93.845,173.65,150.78,345.92
-93.341,174.19,150.39,345.01
-94.605,173.53,151.01,346.45
-94.737,173.14,151.13,346.71
-94.314,172.9,151.22,346.91
-94.555,172.67,151.36,347.23
-93.379,172.66,151.09,346.61
-94.653,172.59,151.15,346.76
-94.659,172.55,151.2,346.87
-95.052,172.31,151.56,347.7
-93.421,171.61,151.99,348.68
-95.086,171,152.41,349.64
-94.962,170.45,152.84,350.63
-96.298,170.26,153.03,351.07
-96.314,170,153.39,351.91
-93.299,172.27,150.67,345.65
-91.641,172.44,150.36,344.95
-92.723,172.58,150.54,345.36
-92.118,172.07,150.56,345.39
-92.208,172.41,150.56,345.4
-92.891,171.91,150.59,345.47
-91.041,172.33,150.37,344.97
-92.271,171.37,150.72,345.77
-92.936,171.81,150.68,345.68
-91.381,172.66,149.71,343.44
-92.015,172.32,150.38,344.99
-92.699,171.98,150.67,345.66
-91.275,171.91,150.4,345.04
-92.691,172.54,150.36,344.95
-92.543,171.88,150.57,345.43
-91.234,171.61,150.38,345
-92.687,171.39,150.94,346.27
-93.833,171.51,151.01,346.44
-93.145,171.68,150.81,345.97
-92.45,171.15,150.97,346.35
-93.581,171.63,151.01,346.44
-93.345,171.73,150.64,345.59
-91.708,171.33,150.63,345.56
-92.563,170.9,151.06,346.54
-93.936,171,150.98,346.36
-93.752,171.1,151.1,346.65
-93.202,171.8,150.66,345.63
-91.366,172.25,150.19,344.55
-92.886,171.84,150.58,345.45
-91.478,171.59,150.51,345.29
-92.256,170.61,151.17,346.79
-93.347,170.05,151.5,347.55
-91.655,169.69,151.58,347.74
-92.713,168.91,152.4,349.62
-92.092,170.13,151.3,347.09
-91.944,169.89,150.56,345.39
-91.724,169.78,150.21,344.6
-91.167,170.39,149.36,342.65
