231.5,338.5,51,119
231.65,334.02,50.827,118.6
232.39,331.83,50.647,118.18
233.34,329.06,50.556,117.96
234.09,324.97,50.129,116.97
233.87,322.07,50.148,117.01
233.84,319,50.328,117.43
233.29,316.44,50.096,116.89
232.58,313.37,50.619,118.11
231.72,309.41,50.271,117.3
232.15,306.54,49.773,116.14
232.53,304.31,49.406,115.28
233.61,302.46,48.696,113.62
234.28,300.01,47.865,111.69
234.93,298.37,47.152,110.02
235.28,297.02,46.457,108.4
235.79,295.53,46.122,107.62
236.18,293.58,45.656,106.53
235.79,292.26,45.04,105.09
236.19,290.28,44.812,104.56
236.21,287.01,44.276,103.31
237.05,285.85,43.409,101.29
237.38,284.47,43.12,100.61
237.02,282.45,43.065,100.48
223.35,302.15,43.248,100.91
228.51,299.94,43.661,101.87
233.36,297.01,43.4,101.27
237.47,294.91,43.783,102.16
243.29,292.21,44.107,102.92
247.36,290.33,43.847,102.31
252.24,287.47,43.485,101.46
254.13,286.08,43.49,101.48
256.82,282.87,43.202,100.8
258.72,280.91,43.004,100.34
260.27,278.41,42.425,98.993
262.27,277.39,41.806,97.547
264.73,274.33,41.574,97.006
266.39,271.5,41.497,96.826
263.47,272.07,40.968,95.592
267.49,269.93,40.864,95.35
292.95,263.49,40.645,94.838
301.41,247.34,40.253,93.923
324.51,246.12,39.775,92.808
328.96,245.08,39.295,91.688
332.27,244.03,39.027,91.064
350.29,257.31,38.351,89.485
351.47,255.6,38.17,89.063
351.78,254.38,37.871,88.365
352.63,252.91,37.744,88.068
354.93,251.65,37.324,87.089
356.27,249.8,36.958,86.235
358.12,248.14,36.757,85.767
360.02,247.58,36.36,84.839
362.9,245.24,36.033,84.076
366.03,244.47,35.608,83.086
368.97,243.85,35.322,82.419
372,242.18,35.323,82.42
374.36,241.31,34.97,81.596
375.88,239.23,34.736,81.051
378.29,238.68,34.698,80.962
379.92,237.46,34.549,80.614
381.9,235.84,34.287,80.003
382.99,235.16,34.115,79.601
385.5,233.9,33.895,79.089
387.09,232.64,33.929,79.167
387.68,231.33,34.006,79.347
387.34,229.78,33.881,79.056
387.3,229.29,33.693,78.616
386.44,227.61,33.479,78.118
385.8,226.37,33.414,77.965
385.7,225.18,33.194,77.452
385.65,224.35,33.008,77.018
385.44,222.89,32.906,76.78
383.37,220.98,32.861,76.676
381.61,219.83,32.668,76.225
379.69,218.88,32.393,75.584
377.65,217.52,32.024,74.722
375.65,216.31,31.813,74.231
373.62,214.77,31.693,73.95
371.66,213.76,31.632,73.809
370.43,212.47,31.519,73.545
367.56,210.82,31.46,73.407
365.78,209.83,31.258,72.936
364.33,207.95,31.115,72.603
363.6,206.77,30.87,72.029
366.73,201.09,30.762,71.777
365.85,198.74,30.504,71.177
357.13,203.46,30.462,71.079
355.03,202.41,30.416,70.971
354.51,201.05,30.267,70.624
351.87,199.64,30.096,70.223
349.96,198.11,29.927,69.83
348.61,196.21,29.875,69.708
346.79,195.39,29.858,69.668
344.87,193.3,29.691,69.279
344.65,191.35,29.394,68.587
344.29,189.95,29.162,68.044
342.81,188.79,28.941,67.53
341.22,187.9,28.585,66.699
339.45,186.49,28.267,65.957
338.69,186.69,27.959,65.238
336.88,187.38,27.662,64.546
334.49,187.98,27.449,64.049
332.93,188.47,27.426,63.993
331.72,187.52,27.308,63.719
331.49,186.78,27.169,63.394
331.23,186.18,27.079,63.185
329.03,185.63,27.069,63.16
326.02,186.73,26.874,62.706
325.09,187.64,26.824,62.589
323.78,187.53,26.689,62.275
323.97,187.66,26.527,61.897
323.38,186.93,26.418,61.641
325.08,185.61,26.143,61
322.33,187.2,25.922,60.485
326.64,185.34,25.656,59.864
328,184,25.385,59.232
328.98,182.15,25.131,58.639
330.81,181.57,24.964,58.25
332.77,180.02,24.686,57.6
334.72,178.02,24.363,56.847
337.12,177.25,24.184,56.429
339.54,177.01,23.981,55.955
341.39,177.56,23.833,55.611
342.71,177.67,23.666,55.22
344.65,180.16,23.746,55.407
343.78,180.67,23.731,55.372
345.3,179.42,23.729,55.369
346.72,178.55,23.705,55.313
348.24,177.83,23.813,55.564
349.33,177.04,23.677,55.247
350.95,176.49,23.683,55.261
352.71,175.75,23.519,54.877
353.71,174.36,23.405,54.611
355.24,173.77,23.255,54.262
356.37,173.44,23.235,54.214
357.76,172.56,22.933,53.511
359.56,172.3,22.975,53.609
360.25,171.07,22.957,53.566
361.31,169.84,22.926,53.493
362.19,169.24,22.834,53.28
362.9,168.88,22.641,52.828
364.02,168.1,22.455,52.395
365.17,167.66,22.204,51.81
365.58,168.92,22.282,51.99
366.87,169.48,22.183,51.76
367.87,170.9,22.213,51.831
368.11,168.86,22.305,52.045
369.33,168.36,22.326,52.093
369.62,167.01,22.338,52.122
370.28,165.93,22.305,52.044
371.11,164.92,22.213,51.829
372.13,164.06,22.299,52.032
374.11,163.48,22.099,51.564
375.63,162.58,21.899,51.097
378.11,162,21.466,50.088
379.96,162.58,21.175,49.409
380.89,162.13,21.171,49.399
382.14,162.16,21.285,49.664
382.53,161.42,21.243,49.566
382.72,161.43,21.157,49.366
382.56,161.85,21.311,49.726
381.54,160.62,21.361,49.843
381.15,160.5,21.422,49.986
383.82,158.25,21.431,50.006
386.09,156.43,21.307,49.717
388.27,154.49,21.137,49.321
390.03,153.47,21.097,49.226
391.13,152.61,20.986,48.968
392.09,151.36,20.787,48.503
393.08,151.6,20.64,48.16
394.61,156.55,20.479,47.785
395.65,156.9,20.522,47.884
396.31,157.14,20.598,48.061
397.07,157.51,20.709,48.32
397.59,157.35,20.687,48.269
