174.5,298.5,43,113
186.69,298.59,42.708,112.23
199.68,298.8,41.86,110.01
209.94,295.63,41.933,110.2
219.93,294.46,42.277,111.1
231.13,294.91,42.476,111.62
240.7,292.6,42.431,111.51
253.1,290.14,42.71,112.24
263.56,289.98,42.543,111.8
274.57,289.47,42.453,111.56
283.62,287.14,42.675,112.15
289.8,284.86,42.522,111.74
299.12,285.9,42.317,111.2
309.16,284.86,42.601,111.95
319.36,280.9,42.324,111.22
329.47,280.52,42.05,110.5
338.11,281.78,41.486,109.02
348.97,281.47,41.034,107.83
357.06,278.82,41.015,107.78
365.34,279.15,41.25,108.4
372.14,279.3,41.078,107.95
379.97,275.92,40.904,107.49
388.53,275.26,41.039,107.85
396.12,275.69,41.224,108.33
403.26,275.29,41.42,108.85
407.22,274.66,40.968,107.66
412.11,273.02,40.852,107.35
416.57,273.26,40.84,107.32
422.89,273.28,40.336,106
430.18,272.43,39.527,103.87
433.98,271.66,39.582,104.02
436.72,272.24,39.206,103.03
438.19,272.96,38.841,102.07
438.41,271.67,38.616,101.48
438.83,272.37,38.686,101.66
437.72,271.35,38.712,101.73
437.16,270.78,38.716,101.74
436.8,271.4,38.7,101.7
430.4,274.75,38.723,101.76
425.72,275.01,39.025,102.56
424.89,275.75,38.945,102.34
441.11,303.62,39.565,103.97
449.7,303.84,39.353,103.42
451.95,275.51,40.298,105.9
460.32,271.66,40.415,106.21
463.55,271.89,39.945,104.97
466.12,271.43,39.956,105
469.84,272.54,39.995,105.1
474.57,272.76,39.864,104.76
475.25,272.87,39.672,104.25
475.87,273.05,39.433,103.63
476.93,273.88,39.266,103.19
475.69,273.82,39.071,102.67
476.14,274.74,38.863,102.13
476.2,274.71,38.608,101.46
474.71,273.97,38.733,101.79
473.38,273.75,38.787,101.93
471.22,273.7,38.812,101.99
467.79,273.82,38.911,102.26
467.12,273.13,39.099,102.75
465.59,273.03,39.224,103.08
464.11,271.64,39.419,103.59
462.38,270.66,39.49,103.78
459.93,270.96,39.438,103.64
455.56,271.3,39.51,103.83
452.72,272.53,39.461,103.7
447.74,271.9,39.705,104.34
445.73,270.85,40.086,105.34
443.28,270.24,40.318,105.95
439.14,270.43,40.304,105.92
435.13,269.17,39.937,104.95
431.97,269.09,39.776,104.53
431.9,269.46,39.352,103.41
432.54,268.91,39.056,102.64
433.09,267.76,38.801,101.97
432.57,265.42,38.699,101.7
430.64,264.49,38.889,102.2
428.92,265.48,38.867,102.14
428.71,264.08,38.841,102.07
427.66,261.45,38.685,101.66
428.02,262.01,38.625,101.5
431.05,261.04,38.425,100.98
435.24,260.44,38.256,100.53
438.47,259.34,38.257,100.54
442.16,260.87,38.292,100.63
450.74,259.73,38.174,100.32
457.63,258.92,38.2,100.39
468.65,258.54,38.396,100.9
478.57,253.94,37.863,99.5
493.84,259.86,37.769,99.254
502.99,257.8,37.583,98.765
512.92,256.39,37.166,97.669
523.72,257.73,37.1,97.495
530.82,258.43,37.398,98.278
543.05,254.93,37.309,98.043
548.5,255.19,37.4,98.282
552.53,259.11,37.464,98.452
556.74,260.41,37.33,98.1
562.07,259.11,37.451,98.418
563.8,258.72,37.638,98.908
566.29,261.13,37.471,98.469
569.89,264.79,37.067,97.41
572.79,270.52,37.538,98.646
575.31,270.87,37.762,99.234
574.51,273.04,38.008,99.881
577.73,269.82,38.099,100.12
580.35,274.58,38.063,100.03
581.75,272.22,38.166,100.3
581.37,272.23,38.257,100.54
582.57,268.13,38.536,101.27
581.21,271.7,38.505,101.19
581.96,262.18,38.514,101.21
580.67,263.63,38.837,102.06
578.51,264.68,38.958,102.38
578.3,265.73,38.922,102.28
577.52,266.77,38.893,102.21
576.41,270.62,38.578,101.38
575.49,270.42,38.484,101.13
572.78,269.86,38.356,100.8
570.89,270,38.281,100.6
570.61,271.66,38.116,100.17
571.2,273.33,37.724,99.135
573.71,269.31,37.854,99.477
