875.5,304.5,36,83
874.89,301.87,35.633,82.153
874.33,300.78,35.744,82.411
874.81,300.45,35.39,81.595
874.02,300.13,34.898,80.46
871.81,299.39,35.478,81.797
870.14,299.37,35.342,81.483
867.73,299.57,35.641,82.172
866.95,300.76,35.649,82.19
855.65,299.8,36.161,83.371
849.97,300.83,36.537,84.238
843,300.92,36.716,84.65
835.49,300.73,36.949,85.188
831.78,300.47,37.282,85.955
829.1,300.86,37.266,85.92
826.97,300.59,37.429,86.295
826.05,301.2,37.39,86.204
826.54,302.3,37.098,85.531
826.15,302.14,37.191,85.745
825.79,301.78,37.262,85.91
824.62,301.53,37.146,85.642
823.95,300.61,37.13,85.604
822.7,298.62,36.978,85.255
820.58,297.09,37.545,86.563
819.7,295.78,37.873,87.317
816.11,295.65,37.894,87.367
809.49,296.37,38.021,87.661
806.43,297.62,37.742,87.016
804.17,297.91,37.434,86.306
803.19,297.98,37.695,86.908
803.15,299.04,37.463,86.374
802.75,299.45,37.231,85.838
803.53,300.85,36.92,85.121
805.44,302.28,36.69,84.59
806.16,303,36.698,84.61
806.24,303.37,36.909,85.095
805.27,303.07,36.898,85.071
803.27,302.64,36.896,85.066
799.05,301.55,36.949,85.188
791.74,299.93,37.088,85.509
787.99,300.99,37.2,85.767
782.59,300.58,37.193,85.75
779.16,300.07,36.843,84.944
777.66,300.17,36.552,84.272
776.5,300.57,36.139,83.321
776.88,301.25,36.317,83.73
772.7,300.56,36.017,83.04
771.47,300.53,35.634,82.156
770.78,299.74,35.659,82.213
770.88,300.04,35.501,81.849
771.41,300.55,35.302,81.391
771.44,300.88,35.231,81.226
771.14,301.22,35.144,81.027
770.96,301.34,34.951,80.581
769.92,300.21,35.18,81.11
769.94,298.08,35.267,81.31
769.28,295.68,35.228,81.22
768.84,294.54,34.967,80.617
767.97,293.17,34.834,80.312
767.24,292.09,34.834,80.312
765.89,291.3,34.813,80.264
765,291.61,34.732,80.077
764.29,291.32,34.778,80.181
766.4,291.12,34.69,79.981
768.05,290.84,34.773,80.17
769.79,289.81,34.809,80.255
771.3,288.54,34.819,80.277
773.16,287.1,34.739,80.092
776.29,285.66,34.63,79.841
777.58,285.94,34.667,79.927
777.48,287.2,34.642,79.87
776.55,288.09,34.714,80.035
774.98,287.82,34.742,80.099
775.96,287.21,34.765,80.152
777.92,285.95,34.782,80.193
779.85,284,34.847,80.341
780.72,282.04,34.889,80.438
781,281.44,35.112,80.953
779.7,281,35.053,80.818
786.28,278.26,35.019,80.739
791.74,278.23,34.681,79.958
797.73,278.45,34.54,79.634
802.14,279.04,34.443,79.41
804.63,279.81,34.454,79.435
804.85,279.84,34.409,79.331
804.65,282.53,34.312,79.109
804.52,284.11,34.134,78.698
801.36,285.37,34.044,78.489
801.59,285.26,34.147,78.728
801.88,283.04,34.046,78.495
802.07,281.73,33.986,78.357
802.17,280.39,34.095,78.607
802.93,279.56,34.08,78.573
805.65,278.29,33.956,78.288
809.51,278.46,33.94,78.25
813.16,277.63,34.032,78.464
817.13,277.04,34.055,78.515
819.56,276.19,34.05,78.503
822.14,276.15,34.258,78.984
822.81,276.1,34.42,79.357
823.03,276.43,34.528,79.606
822.69,276.61,34.687,79.972
820.91,276.31,34.663,79.918
816.81,276.79,34.473,79.478
815.31,278.07,34.21,78.872
813.61,280.65,34.182,78.808
807.42,284.29,34.066,78.541
800.64,284.78,34.15,78.735
784.92,273.83,34.046,78.495
784.64,273.4,34.187,78.819
785.92,273.46,34.354,79.205
788.5,277.29,34.502,79.546
789.62,284.83,34.571,79.705
777.05,293.37,34.527,79.605
766.35,302.91,34.459,79.446
750.06,317.9,34.418,79.352
740.46,323.84,34.24,78.942
739.76,324.57,34.236,78.932
756.82,319.97,34.242,78.948
766.39,318.28,34.405,79.322
778.75,315.01,34.316,79.117
790.03,315.78,34.132,78.694
800.15,318.2,33.851,78.046
816.81,319.94,33.711,77.722
852.81,329.11,33.657,77.598
877.78,335.42,33.784,77.891
895.55,338.02,33.564,77.383
904.73,336.15,33.421,77.054
909.51,318.53,33.579,77.418
906.06,315.21,33.493,77.221
902.62,317.8,33.55,77.352
900.55,321.99,34.003,78.396
903.77,336.21,33.948,78.269
904.52,340.2,33.678,77.646
904.17,338.14,33.679,77.649
889.63,323.11,33.834,78.006
874.95,309.59,33.727,77.759
856.41,299.13,33.759,77.834
881.8,293.82,33.875,78.102
869.68,303.23,34.1,78.62
860.63,307.79,34.278,79.03
853.93,308.75,34.226,78.909
846.91,308.88,34.08,78.574
839.47,310.72,34.29,79.057
839.72,311.7,34.273,79.017
838.9,311.2,34.152,78.739
832.82,308.62,34.156,78.748
825.44,304.34,34.161,78.761
815.82,295.17,34.09,78.597
812.91,285.71,34.002,78.393
809.63,274.71,33.925,78.215
803.43,265.54,33.891,78.139
791,259.21,33.637,77.553
754.14,252.7,33.473,77.173
736.84,251.51,33.321,76.823
725.75,250.82,33.308,76.795
719.94,250.78,33.301,76.778
720.55,251.53,33.139,76.404
724.77,261,33.266,76.698
727.42,268.01,33.366,76.927
732.28,273.31,33.427,77.067
737.11,275.14,33.405,77.018
743.43,277.25,33.357,76.907
758.72,273.28,33.264,76.693
766.92,266.74,33.271,76.707
776.2,268.59,33.429,77.073
781.47,277.85,33.902,78.164
788.12,297.76,34.032,78.463
792.52,307.01,33.859,78.063
808.74,310.19,34.008,78.408
823.2,313.59,33.889,78.133
834.92,315.96,33.689,77.671
842.21,314.97,33.37,76.936
845.58,310.76,33.384,76.968
849.22,311.37,33.16,76.452
856.03,313.89,32.87,75.783
864.75,318.88,32.535,75.01
872.73,326.55,32.376,74.644
875.46,337.01,32.466,74.852
870.35,341.59,32.443,74.799
861.16,342.44,32.329,74.536
851.55,342.29,32.327,74.532
843.92,339.44,32.42,74.747
836.87,333.33,32.386,74.667
835.88,330.8,32.46,74.839
836.3,328.85,32.383,74.661
836.21,326.06,32.496,74.921
835.7,323.4,32.546,75.036
830.32,310.06,32.543,75.029
829.72,299.42,32.665,75.312
831.51,291.31,32.799,75.62
834.76,289.09,32.877,75.799
838.84,289.09,32.756,75.521
842.15,295.24,32.784,75.585
843.83,301.32,32.714,75.423
843.62,310.82,32.55,75.045
840.82,322.86,32.538,75.018
831.62,330.04,32.602,75.166
800.17,333.37,32.575,75.103
786.15,331.91,32.334,74.547
778.29,327.49,32.188,74.21
776.61,323.32,32.156,74.138
776.79,321.1,32.325,74.527
784.17,318.92,32.257,74.371
783.38,319.61,32.362,74.612
776.87,319.78,32.253,74.362
767.95,320.42,32.256,74.367
760,320.25,32.199,74.236
753.9,320.04,32.231,74.311
751.23,318.78,32.373,74.638
751.89,317.93,32.498,74.926
754.81,315.7,32.648,75.271
756.05,314.1,32.663,75.306
757.33,313.41,32.569,75.091
757.52,313.35,32.592,75.143
756.55,310.86,32.742,75.489
755.44,306.6,32.908,75.872
755.12,303.84,32.89,75.83
755.1,301.24,32.825,75.679
749.5,299.17,32.568,75.087
745.85,300.23,32.213,74.27
744.68,302.16,32.035,73.859
745.59,305.93,31.993,73.762
751.53,310.75,31.966,73.7
762.47,318.29,32.049,73.891
765.2,320.85,32.229,74.307
766.94,323.07,32.191,74.217
768.63,324.42,32.083,73.968
771.4,324.86,31.954,73.673
788.87,324.86,31.608,72.873
801,324.67,31.446,72.502
813.09,324.34,31.367,72.318
824.92,324.96,31.232,72.008
836.15,323.71,31.285,72.13
848.39,318.15,31.406,72.407
848.87,315.16,31.718,73.127
846.27,313.33,31.673,73.023
841.12,312.48,31.587,72.826
835.76,312.15,31.579,72.808
828.34,308.6,31.52,72.671
826.54,305.34,31.594,72.843
825.65,302.42,31.568,72.781
825.13,297.9,31.644,72.958
825.71,294.42,32.006,73.792
828.12,288.72,32.132,74.082
828.32,286.89,32.037,73.864
829.51,286.42,31.948,73.657
830.92,286.94,31.89,73.523
829.82,287.71,31.821,73.366
822.78,289.78,31.438,72.482
819.34,291.93,31.232,72.007
815.13,294.04,30.928,71.305
811.81,295.41,30.793,70.995
809.4,296.88,30.743,70.88
805.44,298.31,30.66,70.689
804.89,297.58,30.607,70.566
807.07,295.2,30.808,71.03
810.02,293.46,30.954,71.367
811.01,290.54,31.079,71.655
809.25,288.19,31.142,71.799
804.45,286.57,31.144,71.805
799.94,286.31,31.164,71.85
796.98,284.6,31.293,72.149
792.79,283.39,31.537,72.71
803.83,276.03,31.678,73.036
801.88,275.84,31.785,73.282
801.4,273.22,31.852,73.436
800.97,272.81,31.83,73.386
804.11,272.92,31.733,73.161
802.51,274.37,31.442,72.491
803.59,275.38,31.169,71.861
806.4,273.06,31.34,72.256
806.9,268.07,31.342,72.26
806.62,261.65,31.641,72.95
805.31,255.96,31.492,72.606
804.26,253.8,31.487,72.596
803.26,253.44,31.537,72.71
801.25,253.5,31.576,72.799
796.96,253.24,31.628,72.921
792.37,253.86,31.587,72.825
792.22,254.22,31.621,72.904
797.82,254.96,31.48,72.58
804.72,254.85,31.517,72.665
813.08,256.92,31.804,73.327
826.25,259.71,31.488,72.597
831.99,261.19,31.339,72.253
837.64,262.34,31.499,72.622
842.97,262.41,31.265,72.082
847.64,264.89,31.218,71.975
855.79,271.8,31.311,72.189
859.96,275.93,31.508,72.643
862.92,278.16,31.443,72.494
867.93,280.11,31.605,72.868
871.72,281.68,31.684,73.05
879.34,281.57,31.773,73.254
881.48,279.7,32.009,73.797
884.03,277.57,32.411,74.726
884.79,274.51,32.465,74.85
885.42,272.89,32.142,74.106
887.95,267.34,31.866,73.468
888,264.68,31.64,72.948
889.85,262.6,31.545,72.73
890.96,259.03,31.563,72.77
893.67,255.8,31.524,72.681
900.88,250.9,31.448,72.504
903.79,249.36,31.533,72.701
905.85,247.72,31.64,72.948
907.07,247.45,31.614,72.887
907.99,248.19,31.588,72.827
908.57,250.34,31.736,73.168
908.95,250.89,31.673,73.023
907.85,251.59,31.769,73.244
905.94,250.19,31.854,73.442
904.81,248.33,31.957,73.678
904.68,245.97,32.137,74.093
904.76,245.06,32.2,74.24
906.62,246.51,32.223,74.291
907.46,248.45,32.126,74.068
907.58,250.13,31.827,73.379
906.86,254.2,31.426,72.455
906.68,255.18,31.294,72.149
906.1,255.32,31.408,72.412
905.88,256.57,31.391,72.373
905.73,257.64,31.527,72.688
903.71,261.46,31.507,72.641
902.73,263.54,31.414,72.427
901.96,266.23,31.406,72.408
901.46,267.88,31.4,72.394
901.4,268.83,31.408,72.413
902.69,268.89,31.511,72.65
903.74,267.55,31.585,72.82
906.13,265.84,31.819,73.36
908.69,263.79,31.742,73.182
911.26,262.54,31.798,73.312
914.59,258.98,31.82,73.364
913.96,256.92,31.836,73.4
912.27,255.2,31.867,73.472
909.45,254.49,32.024,73.833
906.98,254.13,32.154,74.132
904.68,250.63,32.087,73.979
905,248.5,32.204,74.249
906.65,246.38,32.103,74.015
907.17,242.71,32.167,74.164
908.01,240.45,32.033,73.853
907.86,236.65,31.942,73.644
907.93,236.43,31.917,73.587
907.9,236.13,31.941,73.643
909,236.22,31.904,73.556
910.24,236.17,32.054,73.902
911.72,235.27,32.193,74.223
913.07,235.72,32.14,74.101
912.86,234.86,32.147,74.116
913.03,234.41,32.142,74.105
913.47,234.24,32.002,73.782
914.33,233.47,32.171,74.173
914.64,232.15,32.189,74.214
915.12,231.88,32.223,74.292
916.12,231.5,32.27,74.401
918.58,231.84,32.176,74.184
926.76,235.42,32.206,74.253
930.4,237.33,32.305,74.481
934.53,239.9,32.238,74.327
938.12,242.42,32.429,74.767
940.29,243.75,32.219,74.284
943.19,245.97,32.655,75.288
888.42,281.39,32.982,76.041
888.31,282.46,33.189,76.519
888.81,282.96,33.59,77.443
889.81,279.33,33.502,77.24
890.32,277.64,33.631,77.538
889.88,276.06,33.821,77.975
889.61,275.33,33.934,78.236
888.73,273.16,33.712,77.725
888.96,273.61,33.731,77.77
888.7,272.32,33.794,77.913
888.32,271.59,33.861,78.067
888.83,270.76,33.779,77.88
889.83,270.67,33.804,77.936
891.11,270.84,33.762,77.84
892.67,270.81,33.501,77.238
895.48,269.65,33.551,77.354
898.23,267.81,33.189,76.519
899.25,267.93,33.516,77.274
900.08,267.04,33.588,77.439
899.38,267.07,33.765,77.848
891.99,267.44,33.789,77.902
881.2,268.68,33.899,78.157
867.71,269.69,33.843,78.028
919.92,236.77,33.477,77.183
910.66,236.42,33.389,76.98
894.62,232.51,33.351,76.893
886.76,230.15,33.061,76.224
879.83,228.03,32.814,75.654
873.9,226.5,32.705,75.403
867.38,224.83,32.465,74.85
853.66,224.46,32.3,74.47
845.45,225.6,32.435,74.78
836.64,227.81,32.515,74.965
828.29,231.72,32.499,74.928
819.42,235.41,32.431,74.771
804.51,242.21,32.126,74.069
797.5,245.48,31.957,73.678
791.51,248.11,31.876,73.491
784.83,248.3,31.896,73.538
779,248.91,31.937,73.633
770.58,249.72,31.893,73.532
768.57,252.01,31.553,72.747
766.25,255.88,31.226,71.993
765.74,260.54,30.983,71.434
766.36,265.83,30.562,70.463
767.2,271.93,30.538,70.406
767.51,272.63,30.708,70.798
768.44,272.71,30.894,71.229
769.62,272.55,31.103,71.709
772.77,272.92,31.281,72.119
779.57,274.5,31.482,72.584
783.38,276.18,31.548,72.735
786.3,277.6,31.517,72.665
788.89,278.62,31.377,72.341
791.51,279.32,31.349,72.278
796.63,276.94,31.358,72.297
798.94,274.3,31.363,72.308
802.25,271.9,31.402,72.399
805.76,270.19,31.301,72.165
808.58,268.72,31.299,72.162
815.75,267.91,31.4,72.393
820.13,268.26,31.593,72.84
824.05,268.22,31.738,73.174
827.35,267.97,31.766,73.238
830.17,268.23,31.73,73.155
834.9,268.9,31.622,72.907
835.97,268.98,31.762,73.23
836.85,268.13,31.687,73.057
838.08,267.95,31.691,73.066
838.81,266.68,31.833,73.393
838.92,264.28,31.94,73.64
839.93,263.66,32.259,74.375
840.22,262.91,32.257,74.37
840.51,262.36,32.354,74.594
840.4,261.57,32.397,74.694
841.48,262.23,32.156,74.137
842.42,263.2,31.967,73.703
843.84,265.28,31.694,73.072
844.89,266.69,31.729,73.153
846.05,268.31,31.729,73.153
850.62,270.98,31.539,72.715
851.49,271.74,31.551,72.742
853.44,272.24,31.542,72.721
855.63,272.64,31.475,72.568
858,272.6,31.499,72.623
861.47,272.64,31.455,72.522
861.86,272.26,31.488,72.597
861.91,271.77,31.445,72.499
861.86,271.09,31.739,73.175
860.81,269.75,31.965,73.697
860.99,268.64,32.16,74.146
860.43,267.56,32.216,74.277
861,267.49,32.414,74.732
860.69,266.94,32.336,74.553
860.88,266.69,32.328,74.534
861.84,266.43,32.404,74.71
862.74,266.4,32.352,74.588
863.35,266.08,32.327,74.531
863.74,265.45,32.315,74.505
864.16,264.56,32.329,74.536
864.29,262.42,32.332,74.543
864.45,261.38,32.399,74.697
864.49,260.98,32.422,74.751
864.6,260.84,32.421,74.749
864.42,260.78,32.446,74.806
863.96,260.84,32.492,74.913
864.07,261.4,32.492,74.911
864.13,261.67,32.426,74.76
863.88,261.42,32.325,74.527
864.08,261.83,32.226,74.298
864.92,262.64,32.152,74.128
864.73,262.63,32.066,73.931
864.76,262.76,32.094,73.994
864.71,262.85,32.113,74.038
864.69,262.91,32.161,74.149
864.83,262.99,32.16,74.146
865.05,263.08,32.109,74.029
865.1,263.42,32.034,73.856
865.1,263.62,32.121,74.056
865.06,263.69,32.147,74.116
865.01,263.77,32.217,74.278
865.51,264.43,32.074,73.949
865.12,264.29,32.039,73.868
865.38,264.81,32.087,73.979
865.74,265.26,32.09,73.985
865.8,265.7,32.194,74.226
866.03,266.53,32.177,74.186
865.98,266.76,32.118,74.049
865.48,266.33,32.058,73.912
865.21,266.38,32.136,74.091
864.84,266.34,32.118,74.05
864.57,266.1,32.143,74.107
864.63,266,32.065,73.929
864.6,265.66,32.113,74.039
864.57,265.54,32.098,74.003
865.2,265.2,32.28,74.424
866.75,265.77,32.255,74.365
867.64,265.9,32.264,74.387
868.7,266.04,32.183,74.201
869.25,266.15,32.197,74.232
869.93,266.17,32.2,74.238
870.64,266.13,32.108,74.027
871.18,265.14,32.28,74.424
872.68,265.5,32.305,74.48
873.9,265.26,32.398,74.695
876.22,264.81,32.342,74.566
877.34,264.57,32.388,74.673
878.34,264.06,32.436,74.782
879.16,263.37,32.446,74.805
879.78,262.53,32.47,74.861
881.55,260.98,32.617,75.2
882.15,260.16,32.556,75.06
882.95,259.91,32.691,75.371
882.98,259.54,32.457,74.832
883.16,259.42,32.387,74.67
884.27,259.55,32.351,74.586
885.4,259.83,32.303,74.476
886.96,260.56,32.282,74.428
887.95,260.62,32.293,74.453
888.5,260.63,32.255,74.366
888.4,260.08,32.361,74.61
887.49,259.42,32.243,74.338
887.74,259.71,32.232,74.312
887.48,259.78,32.221,74.288
887.28,260.23,32.268,74.395
887.84,262.46,31.994,73.765
888.72,263.68,32.132,74.083
888.96,264.67,32.127,74.071
889.38,266.13,32.106,74.023
888.81,267.54,32.144,74.109
888.19,268.58,32.269,74.398
889.72,270.46,32.402,74.704
891.69,271.46,32.331,74.541
894.38,272.87,32.364,74.617
896.11,274.27,32.333,74.545
898.3,276.51,32.34,74.561
899.02,277.56,32.308,74.487
900.6,278.44,32.344,74.57
901.46,278.27,32.407,74.715
902.78,278.08,32.435,74.78
903.9,277.82,32.504,74.939
904.87,278.11,32.551,75.049
904.73,277.85,32.59,75.138
903.74,277.32,32.566,75.083
903.09,276.45,32.408,74.719
902.19,274.76,32.419,74.743
901.73,272.38,32.383,74.661
901.01,271.73,32.248,74.348
900.52,271,32.587,75.131
899.65,270.56,32.575,75.103
898.7,270.05,32.581,75.117
897.51,268.99,32.735,75.473
896.05,267.83,32.694,75.379
895.13,267.32,32.594,75.147
894.64,267.51,32.515,74.966
893.72,267.29,32.601,75.163
892.47,268.01,32.52,74.977
891.9,269.17,32.513,74.962
891.56,270.33,32.436,74.784
890.81,270.91,32.432,74.773
890.75,271.74,32.467,74.855
891.19,272.98,32.382,74.658
890.75,273.11,32.474,74.872
890.97,273.79,32.36,74.608
890.6,273.55,32.343,74.568
890.44,273.65,32.323,74.522
890.59,273.96,32.309,74.49
890.95,274.53,32.225,74.297
891.42,274.53,32.208,74.258
892.12,274.38,32.153,74.13
892.24,273.28,32.183,74.199
893.48,273.25,32.263,74.383
894.25,273.01,32.35,74.585
894.61,272.78,32.312,74.496
895.69,273.64,32.329,74.537
895.52,273.48,32.314,74.503
896.09,273.81,32.28,74.423
896.91,274.05,32.237,74.325
897.19,274.03,32.115,74.042
896.74,273.55,32.028,73.841
896.48,273.07,32.196,74.23
896.13,273.17,32.297,74.463
895.49,272.85,32.334,74.549
894.66,272,32.474,74.87
894.78,272.31,32.422,74.751
894.12,271.65,32.466,74.853
894.11,271.96,32.499,74.928
894.28,272.37,32.465,74.849
894.54,272.73,32.518,74.972
894.88,273.65,32.382,74.659
894.37,273.45,32.375,74.642
894.17,273.73,32.285,74.435
894.78,274.06,32.332,74.543
894.35,273.61,32.264,74.387
895.01,273.88,32.266,74.39
895.3,273.85,32.253,74.362
895.72,273.91,32.186,74.207
896.09,273.99,32.097,74.002
895.7,273.39,32.115,74.042
895.89,273.32,32.156,74.138
896.04,273.34,32.095,73.998
896.68,272.87,32.278,74.418
897.81,273.04,32.22,74.286
898.03,272.87,32.204,74.247
898.2,272.75,32.269,74.398
898.35,272.73,32.226,74.298
899.03,273.17,32.263,74.383
899.79,273.8,32.193,74.222
899.96,274.29,32.171,74.172
900.11,274.77,31.92,73.593
900.31,275.33,31.729,73.152
899.87,275.28,31.765,73.236
899.41,275.29,31.598,72.851
900.13,275.69,31.581,72.812
899.91,275.3,31.591,72.835
900.54,275.48,31.595,72.844
902.01,275.18,31.71,73.109
903.28,275.37,31.566,72.778
903.83,275.04,31.432,72.469
904.68,275.38,31.458,72.529
904.99,275.05,31.435,72.475
905.38,275.13,31.523,72.679
905.05,274.14,31.664,73.003
905.13,273.74,31.793,73.301
904.47,271.94,32.135,74.088
904.26,271.33,32.174,74.18
904.14,271.42,32.155,74.135
903.39,270.88,32.101,74.011
903.28,270.89,32.065,73.927
903.24,270.84,32.137,74.093
903.07,270.81,32.08,73.963
903.07,269.96,31.874,73.488
902.68,269.23,31.794,73.302
902.48,268.5,31.849,73.429
902.27,268.27,31.744,73.188
902.18,268.05,31.656,72.985
902.89,268.42,31.69,73.062
903.29,268.5,31.597,72.848
903.52,268.59,31.579,72.806
903.4,268.25,31.588,72.827
903.56,268.1,31.626,72.914
903.72,268.29,31.906,73.561
903.73,268.38,32.164,74.155
903.15,268.04,32.223,74.292
903.62,268.69,32.105,74.021
903.16,268.17,32.167,74.163
903.27,268.09,32.191,74.219
903.96,268.32,32.256,74.368
904.22,268.15,32.332,74.544
904.1,267.56,32.424,74.756
904.57,267.6,32.42,74.747
905.63,267.61,32.446,74.807
906.63,267.63,32.38,74.654
907.56,267.68,32.107,74.024
908.34,267.25,32.24,74.331
909.83,267.72,32.032,73.851
910.87,266.89,32.142,74.104
911.89,266.78,32.254,74.362
913.41,267.72,32.142,74.105
913.88,267.65,32.099,74.007
914.7,267.74,32.199,74.237
916.89,268.09,32.259,74.375
917.94,267.98,32.275,74.411
918.86,267.99,32.108,74.028
919.02,266.79,32.467,74.855
920.02,267.07,32.53,75
920.93,267.35,32.487,74.901
922.75,267.78,32.483,74.892
924.24,268.8,32.176,74.184
925.43,269.37,31.917,73.587
926.42,269.53,32.066,73.929
927.24,268.85,32.076,73.954
928.16,268.7,31.969,73.707
929.21,268.28,32.255,74.367
930.06,267.9,32.174,74.179
931.16,266.98,32.25,74.355
934.4,265.61,32.368,74.627
935.41,264.18,32.504,74.94
937.29,264.01,32.616,75.198
938.66,263.35,32.477,74.878
940.14,262.88,32.723,75.445
942.62,261.23,33.229,76.612
946,261.68,33.829,77.995
891.45,295.69,34.331,79.151
894.19,297.75,34.568,79.697
896.58,297.21,34.88,80.417
902.01,297.98,35.303,81.393
903.62,297.4,35.471,81.781
906.43,296.79,35.479,81.8
908.36,297.86,35.564,81.995
910.02,297.71,35.316,81.423
911.9,296.97,35.338,81.474
912.79,295.33,35.199,81.154
915.21,295.25,35.333,81.463
917.78,293.91,35.413,81.647
920.22,293.6,35.657,82.209
930.99,295.22,35.845,82.642
934.85,297.21,35.801,82.541
939.3,297.85,35.467,81.772
945.99,298.27,35.058,80.827
953.12,299.96,34.852,80.354
957.55,302.03,34.924,80.519
957.5,302.95,35.187,81.126
931.95,316.78,35.153,81.046
931.9,314.58,34.628,79.838
958.86,304.05,34.754,80.126
940.2,263.42,34.069,78.548
932.83,229.15,33.602,77.471
932.36,228.81,33.227,76.607
932.09,228.61,32.968,76.011
932.05,229.05,32.543,75.03
933.22,229.56,32.248,74.35
933.69,229.9,32.228,74.303
934.21,229.75,32.333,74.545
934.1,228.86,32.488,74.903
934.34,228.27,32.693,75.376
932.91,227.05,32.741,75.485
930.01,227.2,32.522,74.98
929.43,228.06,32.465,74.849
928.97,227.95,32.447,74.808
927.89,227.95,32.351,74.587
927.41,228.29,32.294,74.456
927.7,228.96,32.525,74.988
927.78,228.93,32.611,75.185
927.57,229.28,32.72,75.438
927,229.82,32.617,75.2
927.12,230.18,32.624,75.215
925.73,230.64,32.751,75.51
925.03,230.4,32.931,75.925
924.29,229.75,32.985,76.048
923.49,229.28,32.808,75.641
923.57,228.8,32.746,75.499
920.95,226.8,32.443,74.8
920.46,225.76,32.658,75.294
919.2,225.89,32.553,75.053
918.81,226.24,32.556,75.059
918.24,226.25,32.591,75.14
917.65,226.25,32.547,75.039
918.49,226.35,32.432,74.774
919.96,226.09,32.321,74.519
922.31,226.49,32.209,74.26
925.5,226.54,32.136,74.091
931.05,225.16,32.157,74.141
933.95,224.52,32.133,74.084
937.02,225.01,31.955,73.673
939.76,225.32,31.838,73.404
941.14,225,31.973,73.714
945.83,227.22,31.93,73.617
946.69,226.98,31.849,73.429
948.79,227.32,31.569,72.784
951.41,227.53,31.398,72.39
955,227.42,31.594,72.843
958.04,227.2,32.783,75.583
960,225.88,33.37,76.936
960.97,224.47,33.965,78.307
917.24,246.42,33.693,77.68
918.13,246.02,33.487,77.205
923.55,245.26,33.346,76.88
927.45,244.47,33.212,76.571
926.95,246.02,33.236,76.628
928.52,245.63,33.331,76.846
918.01,250.23,33.075,76.257
922.04,250.03,32.901,75.855
924.92,249.01,32.951,75.969
925.73,247.43,32.871,75.786
930.07,246.99,33.113,76.343
932.01,245.56,33.172,76.481
935.82,245.68,33.04,76.175
937.14,244.79,32.811,75.647
937.97,242.1,32.871,75.786
939.56,241.94,32.757,75.523
940.69,240.98,32.567,75.084
920.89,235.53,33.329,76.841
921.64,230.75,33.605,77.478
926.52,230.41,33.617,77.505
930.99,229.12,33.947,78.266
934.57,229.13,34.254,78.973
924.77,221.34,34.571,79.706
938.46,239.04,33.838,78.016
939.53,240.59,32.984,76.047
940.22,241.61,32.36,74.608
940.55,242.56,31.544,72.727
940.62,241.43,31.158,71.836
940.46,240.73,30.884,71.205
940.3,239.25,31.023,71.525
940.67,239.03,31.025,71.529
940.67,239.92,30.921,71.29
941.12,241.03,30.863,71.157
941.71,241.92,30.854,71.135
942.88,242.81,30.879,71.193
943.92,244.07,30.946,71.349
930.8,249.85,30.77,70.941
933.64,249.05,30.889,71.216
933.31,245.31,30.778,70.96
935.66,249.22,31.002,71.476
948.61,250.55,31.076,71.647
947.42,251.31,31.103,71.71
944.64,251.12,31.08,71.656
944.1,250.78,31.183,71.893
942.63,250.23,31.257,72.066
942.64,250.15,31.356,72.293
943.87,250.8,31.424,72.449
945.81,252.32,31.527,72.688
946.68,254.36,31.506,72.64
948.25,256.06,31.821,73.366
949.26,258.58,31.962,73.689
951.02,258.44,32.319,74.514
952.87,259.36,32.158,74.142
954.69,257.21,31.836,73.399
956.04,256,31.426,72.455
940.39,259.64,31.045,71.577
918.87,272.88,31.481,72.581
921.6,297.31,31.261,72.075
924.87,295.74,31.174,71.874
928.81,294.63,31.055,71.6
933.8,293.32,31.224,71.99
929.75,323.84,31.058,71.605
938.47,325.26,30.866,71.163
943.25,323.6,30.608,70.568
945.76,326.03,30.431,70.16
944.2,343.33,30.305,69.87
941.42,338.58,29.909,68.958
941.53,333.14,30.1,69.398
942.02,333.39,30.08,69.351
941.95,333.83,30.03,69.236
942.02,333.42,30.074,69.337
936.86,334.1,29.885,68.9
940.15,333.77,29.94,69.027
935.03,333.26,29.941,69.032
941.06,334.52,29.728,68.541
940.3,334.61,29.949,69.048
937.84,339.79,29.558,68.147
941.55,340.14,29.407,67.8
942.44,341.15,29.028,66.926
944.28,341.67,29.05,66.977
945.14,340.6,28.994,66.848
943.48,338.44,29.294,67.539
942.86,336.33,29.207,67.337
939.78,335.93,29.3,67.554
943.81,333.1,29.266,67.475
944.74,333.03,29.26,67.46
946.05,332.75,29.188,67.294
943.92,332.9,29.264,67.47
951.26,332.77,29.422,67.834
955.8,332.26,29.541,68.108
955.12,332.7,29.682,68.434
944.09,333.25,29.974,69.108
943.21,331.7,30.192,69.608
952.69,329.52,30.158,69.532
944.36,328.15,30.415,70.124
953.15,325.39,30.399,70.087
956.55,323.37,30.791,70.991
960.64,322.27,30.799,71.008
961.37,321.82,30.687,70.751
959.01,321.1,30.813,71.042
961.53,321.41,30.875,71.184
960.74,320.94,31.019,71.516
963.02,321.66,30.978,71.423
963.85,322,30.968,71.398
965.29,322.5,30.949,71.355
965.92,322.84,30.878,71.192
967.44,323.33,30.998,71.467
970.1,324.41,31.099,71.701
972.09,325.21,31.308,72.183
975.26,326.17,31.297,72.156
979.13,327.67,31.16,71.84
980.54,329.23,30.797,71.005
983,331.45,30.695,70.77
984.03,332.05,30.549,70.432
941.11,332.55,30.933,71.318
940.42,331.7,30.917,71.281
940.56,331.59,30.887,71.212
942.28,330.14,31.001,71.474
945.29,328.74,30.862,71.155
938.17,298.24,30.524,70.374
917.61,282.92,31.124,71.759
910.49,240.15,31.611,72.882
912.15,238.07,32.073,73.947
912.79,236.21,32.69,75.369
914.04,234.79,32.842,75.719
915.88,234,33.052,76.203
916.14,233.68,33.299,76.773
916.21,232.2,33.857,78.058
919.75,233.58,33.837,78.013
922.09,238.27,34.225,78.907
925.07,237.78,34.137,78.705
925.58,233.22,34.687,79.973
926.54,241.62,34.685,79.968
927.85,238.35,34.494,79.527
928.38,241.8,34.417,79.351
928.24,231.15,34.895,80.451
929.76,227.37,35.567,82.003
930.52,225.45,35.888,82.741
934.6,239.62,35.559,81.982
935.17,237.44,35.633,82.153
935,237.21,35.386,81.585
935.07,237.77,35.293,81.369
932.98,239.32,35.167,81.08
929.66,234.33,35.43,81.685
929.07,230.61,35.572,82.014
928.92,232.3,35.769,82.468
928.37,232.2,35.849,82.653
928.49,233.87,35.544,81.948
926.76,234.35,34.984,80.658
926.04,234.46,34.881,80.421
925.9,234.57,34.869,80.393
925.14,236.25,34.601,79.774
925.03,237.54,34.097,78.613
923.74,238.03,33.919,78.202
923.41,237.71,33.838,78.016
923.27,237.41,33.732,77.772
924.29,238.72,33.397,76.998
924.72,238.45,33.483,77.197
925.27,238.93,33.148,76.425
926.32,240.03,33.013,76.114
926.29,239.37,32.902,75.858
926.58,239.94,32.817,75.663
926.71,238.78,33.171,76.478
925.07,236.96,33.641,77.562
923.76,233.86,34.424,79.367
923.05,233.5,34.783,80.193
922.59,231.53,35.253,81.278
921.55,230.55,35.459,81.752
920.38,230.84,35.991,82.979
919.55,230.59,36.182,83.42
919.14,230.29,36.175,83.404
919.1,230.7,36.135,83.312
919.82,231.72,35.914,82.802
921.22,232.8,35.434,81.696
922.01,233.31,35.263,81.3
921.98,233.83,35.055,80.82
921.49,234.64,34.73,80.071
920.51,235.44,34.432,79.384
919.49,236.66,34.102,78.624
919.07,238.22,33.459,77.141
918.68,239.56,33.165,76.464
917.55,241.04,32.575,75.105
916.56,242.13,31.96,73.685
915.19,242.61,31.927,73.61
914.47,243.16,31.984,73.741
914.76,243.27,31.868,73.473
914.75,243.21,31.921,73.595
915.77,244.26,31.566,72.777
915.49,245.08,31.374,72.334
916.45,247.2,31.009,71.492
918,248.8,30.705,70.791
920.18,249.28,30.626,70.61
922.46,250.1,30.151,69.516
926.63,249.66,30.341,69.953
927.36,250.61,30.757,70.911
928.29,250.5,30.961,71.382
927.71,248.63,31.439,72.484
928.09,248.52,31.571,72.79
927.92,247.18,31.932,73.62
928.91,246.64,32.058,73.911
928.9,245.71,32.168,74.166
929.25,245.16,32.347,74.577
929.02,244.21,32.396,74.691
928.34,242.25,32.434,74.779
928.72,240.66,32.755,75.519
931.44,238.92,32.834,75.701
935.2,240.49,33.093,76.297
939.15,237.33,33.41,77.028
937.05,235.93,33.482,77.194
939.46,208.18,33.276,76.719
939.27,200.5,33.4,77.006
938.64,200.86,32.819,75.667
901.06,211.61,32.586,75.129
902.48,210.1,32.309,74.491
888.54,176.1,31.815,73.351
889.61,173.33,31.342,72.261
889.37,173.24,31.208,71.953
889.76,173.67,31.081,71.659
886.88,174.34,30.588,70.521
890.5,175.15,30.333,69.935
894.51,176.43,30.131,69.469
895.76,176.66,30.006,69.18
898.24,177.77,30.076,69.341
899.77,179.47,30.054,69.29
898.65,180.06,30.134,69.475
900.49,181.84,30.32,69.904
900.49,182.55,30.074,69.336
901.14,182.83,29.917,68.975
903.52,182.42,29.656,68.373
905.52,182.34,29.544,68.115
909.09,182.81,29.295,67.541
908.92,183.72,29.259,67.458
908.98,184.34,29.079,67.044
910.51,184.41,29.053,66.982
914.17,183.14,29.135,67.173
916.22,181.61,29.399,67.78
918.29,181.35,29.402,67.788
919.07,181.06,29.393,67.768
918.57,181.2,29.373,67.72
919.12,181.22,29.284,67.516
919.44,181.93,29.285,67.519
920.4,182.04,29.375,67.725
919.79,181.98,29.407,67.8
919.97,181.85,29.499,68.011
920.28,181.77,29.575,68.186
920.38,180.98,29.618,68.286
921.12,180.72,29.364,67.7
920.85,179.44,29.256,67.451
922.12,179.63,29.203,67.328
922.33,179.79,29.254,67.446
922.35,179.09,29.197,67.314
923.61,178.8,29.23,67.391
925.46,178.73,29.19,67.299
927.81,179.22,29.24,67.414
928.74,180.26,29.149,67.204
929.16,180.49,29.209,67.342
930.94,181.45,29.079,67.042
930.91,181.91,29.086,67.059
933.31,180.81,29.395,67.772
932.8,180.08,29.724,68.53
934.91,178.76,29.894,68.921
935.89,178.36,30.152,69.517
936.32,184.14,30.353,69.98
937.02,179.85,30.238,69.716
938.62,177,30.081,69.354
940.27,180.45,29.859,68.842
939.71,178.66,29.568,68.17
941.36,180.42,29.429,67.849
941.07,180.64,29.332,67.627
940.87,181.57,29.427,67.846
940.89,181.82,29.273,67.491
941.86,182.11,29.526,68.074
941.65,182.06,29.447,67.891
941.74,181.49,29.428,67.848
942.32,180.56,29.534,68.093
942.6,181.25,29.515,68.048
940.44,181.17,29.31,67.575
941.22,180.91,29.077,67.038
939.77,180.33,28.979,66.813
942.72,181.47,28.709,66.191
940.88,181.21,28.819,66.444
942.55,180.77,28.693,66.154
940.69,181.27,28.678,66.119
948.99,181.14,29.297,67.545
946.21,180.45,29.139,67.182
931.47,179.54,28.63,66.008
931.11,181.47,28.559,65.844
930.89,180.59,28.561,65.848
928.11,180.61,28.532,65.783
935.02,182.43,28.555,65.836
935.45,181.49,28.367,65.401
938.02,183.91,28.419,65.521
951.84,182.25,28.854,66.525
952.48,181.66,28.789,66.376
952.64,183.19,29.041,66.955
952.7,182.52,28.998,66.856
952.72,183.29,29.323,67.606
953.43,182.88,29.419,67.828
951.9,183.58,29.297,67.545
952.27,183.9,29.556,68.143
952.42,183.72,29.707,68.49
949.3,183.02,29.908,68.955
943.43,182.9,29.589,68.219
951.78,183.62,29.771,68.638
951.82,183.19,29.779,68.658
952.76,183.01,30.088,69.369
953.24,182.84,30.189,69.603
953.11,182.88,30.225,69.684
