574.5,215.5,99,96
576.3,211.24,98.864,95.869
576.16,210.96,99.582,96.564
576.35,211.32,100.1,97.063
576.79,211.72,99.349,96.339
576.38,211.14,99.367,96.356
576.46,210.85,99.662,96.642
576.59,210.54,100.89,97.833
576.93,209.89,101.25,98.183
578.05,209.26,101.68,98.598
579.33,208.93,102.21,99.111
580.28,209.18,102.35,99.248
582.51,208.98,103.43,100.29
582.19,208.39,104.98,101.8
584.84,208.65,105.55,102.35
586.31,208.84,105.51,102.31
588.36,208.79,105.84,102.64
589.25,209.01,105.8,102.59
591.61,208.53,105.93,102.72
592.71,207.86,106.02,102.81
593.58,207.34,106.36,103.13
593.32,206.94,106.72,103.49
593.48,206.9,106.23,103.01
594.53,206.93,105.61,102.41
588.14,207.3,105.59,102.39
587.63,207.92,104.81,101.64
585.51,207.92,105.51,102.31
584.77,208.04,105.57,102.37
583.75,208.25,105.04,101.86
582.56,208.22,105.05,101.87
582.71,208.21,105.21,102.03
584.74,208.06,105.81,102.6
584.38,208.35,105.42,102.22
583.89,208.2,105.39,102.2
581.98,208.69,104.75,101.58
580.75,209.08,104.38,101.22
579.87,209.54,103.41,100.27
580.04,209.24,103.15,100.03
579.5,209.68,102.59,99.483
577.56,209.45,102.73,99.617
576.68,209.78,102.2,99.105
576.4,209.94,101.13,98.063
576.04,210.07,100.89,97.833
575.79,210.17,100.67,97.62
574.77,210.12,100.46,97.419
573.67,210.1,100.86,97.805
572.57,210.03,100.18,97.144
572.27,210.74,99.402,96.39
570.98,210.58,99.415,96.402
572.21,210.73,99.365,96.354
573.7,210.92,99.473,96.458
576.47,211.13,99.561,96.544
577.73,211.52,100.02,96.986
576.54,211.69,100.37,97.324
575.92,211.48,100.48,97.439
575.58,211.66,101.09,98.028
575.73,211.44,101.03,97.966
575.58,211.57,101.22,98.149
575.79,211.21,101.06,97.993
575.58,211.5,101.11,98.051
576.62,211.5,100.63,97.581
575.46,211.33,100.86,97.804
575.19,211.24,100.78,97.722
575.61,211.46,100.66,97.605
576.73,211.98,100.46,97.417
577.58,212.22,100.23,97.196
577.99,212.03,99.919,96.891
577.03,211.88,100.28,97.239
577.19,211.74,100.49,97.443
577.86,212.19,100.35,97.311
577.63,211.8,100.31,97.273
577.5,211.61,100.32,97.279
577.64,211.55,100.34,97.298
577.37,211.63,100.34,97.302
577.53,211.33,100.51,97.466
578.09,211.76,100.48,97.432
578.17,211.76,100.41,97.368
578.09,211.61,100.42,97.38
577.9,211.48,100.57,97.526
577.91,211.64,100.66,97.61
577.99,211.35,100.8,97.749
577.58,211.18,100.91,97.851
577.76,211.21,100.96,97.896
578,211.2,101.14,98.074
577.85,211.24,100.93,97.875
577.9,211.41,101.01,97.947
577.8,211.44,100.9,97.844
577.58,211.2,100.93,97.869
577.78,211.37,100.95,97.891
577.92,211.4,100.88,97.819
577.59,211.17,100.83,97.779
577.42,211.04,100.71,97.656
577.34,210.89,100.73,97.677
577.32,210.87,100.73,97.673
577.37,210.74,100.85,97.789
577.45,210.7,100.84,97.78
577.19,210.73,100.83,97.774
577.17,210.72,100.83,97.777
576.88,210.88,100.98,97.924
576.73,211.34,101.26,98.191
576.22,211,101.12,98.06
576.44,211.32,101.13,98.07
576.4,211.22,101.03,97.964
576.46,211.1,100.92,97.86
576.42,210.62,101.05,97.988
577.43,211.15,100.69,97.639
576.88,210.34,101.07,98.009
577.36,211.13,100.52,97.47
576.95,210.88,100.8,97.747
576.41,210.09,100.94,97.885
576.84,210.69,100.59,97.539
576.11,210.76,100.53,97.481
575.79,210.85,100.38,97.341
575.37,210.55,99.895,96.868
575.44,210.37,100.21,97.177
575.87,210.79,100.09,97.06
576.34,211.15,99.936,96.908
576.12,210.49,100.11,97.078
576.5,210.44,100.64,97.587
576.6,210.09,100.83,97.775
576.6,209.32,101.43,98.353
577.14,209.71,101.78,98.699
577.3,209.45,102.2,99.106
577.26,208.99,102.5,99.39
578.12,209.4,102.54,99.433
578.59,209.3,103.39,100.25
578.76,208.82,104.41,101.24
578.98,209.16,104.25,101.09
578.93,209.18,104.29,101.13
579.13,209.27,104.25,101.09
578.53,209.22,104.27,101.11
578.34,209.57,103.71,100.56
577.7,209.58,103.05,99.923
577.26,209.87,102.06,98.965
577.11,210.2,102,98.912
577.2,210.09,102.04,98.946
577.39,210.24,101.57,98.491
577.35,210.15,101.58,98.498
577.41,209.65,102.45,99.349
577.5,209.36,102.78,99.668
577.7,208.87,103.34,100.21
577.67,208.56,104.03,100.87
577.96,208.59,104.2,101.04
578.01,208.97,103.93,100.78
577.55,208.65,104.11,100.96
577,209.22,103.3,100.17
577.19,210.04,102.27,99.167
576.67,210.36,101.37,98.299
576.47,210.59,100.96,97.896
576.65,211.07,100.51,97.468
576.47,211.23,100.22,97.18
576.51,211.23,99.919,96.891
575.93,210.96,99.969,96.939
576.34,211.01,100.11,97.078
576.55,211.06,100.5,97.451
576.62,210.97,100.75,97.701
576.29,210.26,101.03,97.968
577.16,210.43,101.81,98.723
577.34,209.51,102.95,99.833
577.81,209.46,103.37,100.24
577.62,210.01,103.88,100.74
577.4,209.96,104.36,101.2
577.6,209.98,104.55,101.38
576.85,209.74,104.21,101.06
576.48,210.37,103.61,100.47
575.91,210.11,102.77,99.654
575.74,210.07,102.28,99.181
575.77,210.24,101.27,98.203
575.64,211.05,100.92,97.862
575.92,211.29,101.16,98.095
576.02,209.88,101.33,98.256
576.67,210.35,101.34,98.265
576.45,210.32,101.15,98.082
576.15,210.22,101.37,98.301
575.77,209.75,101.64,98.559
575.34,209.87,101.06,98.001
575.67,210.57,100.73,97.678
575.44,210.98,99.71,96.688
575.65,211.74,99.342,96.332
575.15,211.69,99.044,96.043
575.3,212.16,98.357,95.377
575.23,212.66,97.844,94.879
575.71,213.51,97.449,94.496
575.07,213.27,97.243,94.296
575.02,213.86,97.125,94.182
574.9,213.48,96.71,93.779
575.27,214.02,96.029,93.119
574.78,214.3,95.962,93.054
574.57,214.67,96.146,93.233
574.46,214.43,95.536,92.641
574.64,214.5,96.115,93.203
574.59,214.09,95.521,92.626
574.57,214.33,96.041,93.13
574.47,213.59,96.445,93.522
574.95,213.45,97.169,94.225
574.45,213.05,96.975,94.037
574.71,213.45,96.955,94.017
574.97,213.56,96.933,93.996
575.17,213.5,98.002,95.032
574.96,212.85,98.323,95.343
575.16,212.68,98.909,95.912
574.86,212.05,98.73,95.738
574.76,212.45,98.799,95.806
574.81,212.68,98.769,95.776
575.03,212.61,98.894,95.897
574.65,212.2,98.924,95.926
574.77,212.31,99.032,96.031
574.46,212.18,99.318,96.308
574.06,212.1,99.475,96.461
574.16,212.17,99.496,96.481
574.34,212.14,99.516,96.5
574.18,212.21,99.496,96.481
573.97,212.18,99.508,96.492
574,212.18,99.525,96.509
574.3,212.34,99.779,96.756
573.94,211.99,99.696,96.675
574.11,212.33,99.831,96.806
573.83,211.8,99.796,96.772
573.69,211.83,99.757,96.734
573.64,211.98,99.554,96.537
573.99,212.36,99.628,96.609
573.87,212.28,99.748,96.726
573.69,212.15,99.864,96.837
573.45,211.97,99.498,96.483
573.55,212.17,99.36,96.35
573.43,212.1,99.229,96.222
573.76,212.58,99.314,96.304
573.22,212.12,99.143,96.138
573.53,212.57,99.06,96.059
573.47,212.55,99.139,96.135
573.43,212.61,98.991,95.991
572.78,212.12,98.953,95.955
572.77,212.19,98.886,95.89
572.76,212.16,98.892,95.895
572.61,212.11,99.047,96.046
572.64,212.3,99.042,96.041
572.54,212.02,99.016,96.016
572.41,212.1,99.05,96.048
572.58,212.27,99.05,96.049
572.46,212.36,98.947,95.949
572.28,212.19,98.927,95.929
572.33,212.27,98.873,95.877
572.3,212.2,98.83,95.835
572.24,212.28,98.702,95.711
572.43,212.77,98.77,95.777
572.52,212.8,98.713,95.722
572.47,212.79,98.688,95.698
572.42,212.85,98.561,95.574
571.86,212.54,98.54,95.554
571.87,212.61,98.493,95.508
571.98,212.62,98.462,95.478
571.9,212.69,98.403,95.421
571.9,212.68,98.327,95.348
572.21,213.04,98.474,95.489
572,212.72,98.379,95.397
571.97,212.61,98.33,95.351
572.11,213.09,98.246,95.269
572.15,213.09,98.163,95.189
572.05,213.01,98.244,95.267
571.96,213,98.215,95.239
571.91,212.9,98.315,95.336
571.88,212.85,98.385,95.404
571.64,212.38,98.42,95.438
571.49,212.35,98.448,95.465
571.6,212.28,98.459,95.475
571.47,212.41,98.563,95.576
571.36,212.39,98.725,95.734
571.71,212.76,98.943,95.944
571.24,212.35,98.994,95.994
571.16,212.37,99.129,96.125
571.69,212.87,99.171,96.166
571.47,212.74,99.236,96.229
571.9,212.73,99.001,96.001
571.71,212.36,98.682,95.692
571.86,212.33,99.406,96.394
572.02,211.89,98.753,95.76
572.13,211.95,99.134,96.13
572.27,212.1,99.094,96.091
572.17,212.19,99.111,96.108
572.12,212.26,99.151,96.147
572.14,212.34,99.183,96.177
571.98,212.3,99.609,96.591
572.38,212.3,99.356,96.345
572.03,212.01,99.251,96.243
572.1,212.22,99.654,96.634
572.24,212.15,99.573,96.555
572.3,212.3,99.385,96.374
572.13,212.34,98.608,95.62
572.13,212.63,99.065,96.063
572.2,212.5,99.445,96.431
571.98,212.2,99.249,96.241
572.37,212.49,99.313,96.303
572.18,212.06,99.102,96.099
572.54,212.31,99.422,96.409
572.37,212.09,99.1,96.097
572.66,212.47,99.012,96.011
572.4,212.06,98.846,95.851
572.19,211.92,98.852,95.857
572.39,212.02,98.813,95.819
572.62,212.52,98.955,95.956
572.07,212.31,99.081,96.078
572.75,212.7,98.919,95.921
572.47,212.37,98.986,95.987
572.28,212.21,99.221,96.215
572.73,212.47,99.341,96.331
572.76,212.11,99.102,96.099
573.35,212.62,99.16,96.155
573.21,212.49,99.198,96.192
573.27,212.53,99.036,96.035
573.03,212.17,98.863,95.867
573.16,212.13,98.915,95.917
573.18,212.13,98.92,95.922
573.05,212.17,98.882,95.886
573.15,212.14,98.947,95.949
573.29,212.16,98.929,95.931
573.17,212.13,98.968,95.969
573.15,212.18,98.996,95.996
573.31,212.2,98.994,95.994
573.35,212.16,98.995,95.995
573.26,212.14,98.996,95.996
573.24,212.11,98.994,95.994
573.32,212.14,98.977,95.978
573.38,212.13,98.98,95.981
573.37,212.15,98.973,95.974
573.44,212.09,98.956,95.958
573.55,212.12,98.899,95.902
573.63,212.14,98.901,95.904
573.7,212.11,98.946,95.948
573.7,212.06,98.949,95.951
573.81,212.14,98.859,95.864
573.92,212.23,98.729,95.737
573.88,212.34,99.351,96.341
573.98,212.02,98.786,95.792
574.41,212.33,98.851,95.856
574,211.91,98.785,95.791
574.48,212.28,98.758,95.766
574.37,212.33,98.833,95.838
574.07,211.69,98.96,95.961
574.09,211.58,98.997,95.997
573.97,211.59,99.077,96.074
574.55,212.08,99.14,96.136
574.52,212.19,99.198,96.192
574.58,212.27,99.162,96.157
574.41,212.35,99.259,96.251
574.58,212.38,99.01,96.009
574.28,211.97,98.813,95.819
574.62,212.28,98.738,95.746
574.56,212.29,98.903,95.906
574.36,211.79,99.054,96.052
574.46,211.77,99.136,96.132
574.9,212.18,99.134,96.13
574.94,212.31,99.082,96.08
574.59,211.89,99.961,96.932
574.46,211.55,100.36,97.322
574.31,211.25,100.49,97.441
574.51,211.44,100.54,97.492
574.54,211.44,100.71,97.655
574.17,211.11,100.76,97.705
574.24,210.96,100.71,97.657
574.63,211.28,99.706,96.685
574.39,211.5,100.29,97.249
574.63,211.79,99.396,96.384
574.54,211.45,99.435,96.422
574.76,211.43,99.267,96.259
574.98,211.42,99.955,96.926
574.95,211.07,100.35,97.313
574.96,210.98,100.06,97.027
575.16,211.49,100.17,97.137
574.94,211.66,99.941,96.913
574.74,211.53,99.812,96.788
574.7,211.58,99.431,96.418
574.88,211.83,99.157,96.152
575.39,212.22,99.145,96.14
575.31,212.37,99.172,96.167
575.45,212.34,99.278,96.27
575.32,212.06,99.535,96.519
575.26,212.2,99.834,96.808
574.97,211.87,99.519,96.503
575.08,212.1,99.203,96.197
575.3,212.39,99.14,96.136
575.15,212.37,99.144,96.14
575.43,212.47,99.042,96.04
575.01,211.99,99.056,96.054
575.42,212.3,99.1,96.097
575.48,212.19,99.125,96.122
575.69,212.22,99.074,96.072
575.64,212.05,99.32,96.31
575.09,211.63,99.464,96.45
574.96,211.39,99.581,96.563
575.52,211.87,99.726,96.704
575.46,211.88,99.798,96.774
575.16,211.51,99.841,96.815
575.2,211.32,99.831,96.806
575.32,211.33,99.854,96.828
575.37,211.36,99.883,96.856
575.38,211.36,99.903,96.876
575.33,211.27,100.05,97.019
575.76,211.79,100.25,97.215
575.41,211.61,100.13,97.097
575.43,211.71,100.8,97.748
575.09,211.13,100.91,97.851
575.24,211.28,100.79,97.737
575.15,211.34,100.51,97.46
575.04,211.49,101.14,98.077
575.09,211.44,101.03,97.968
575.08,211.51,101.02,97.954
575.13,211.75,100.71,97.657
574.5,211.53,100.36,97.315
574.76,212.06,99.067,96.065
574.49,212.13,100.16,97.128
574.59,211.99,100.36,97.323
574.67,212.15,99.157,96.152
574.74,212.51,99.341,96.33
574.41,212.25,99.077,96.074
574.85,212.72,99.132,96.128
574.78,212.66,99.218,96.212
574.62,212.56,99.427,96.414
574.37,212.29,99.1,96.097
574.82,212.63,99.265,96.257
574.75,212.56,99.362,96.351
574.34,212.3,99.103,96.1
574.86,212.55,99.197,96.191
574.78,212.5,99.285,96.277
574.59,212.48,99.21,96.203
574.64,212.51,99.318,96.308
574.21,212.16,99.245,96.238
574.7,212.57,99.263,96.255
574.72,212.53,99.311,96.301
574.24,212.15,99.33,96.32
574.33,212.14,99.323,96.313
574.47,212.06,99.295,96.286
574.47,212.1,99.217,96.21
574.4,211.96,100.24,97.2
574.71,212.12,99.163,96.158
574.51,211.95,100.29,97.25
574.78,212.11,99.207,96.201
574.57,212.06,100.12,97.086
574.76,212.01,99.976,96.947
574.65,211.89,99.597,96.579
574.74,212.07,99.779,96.755
574.36,211.86,99.523,96.507
574.7,212.11,99.722,96.7
574.52,212.06,99.599,96.581
574.65,212.14,99.631,96.612
574.55,212.06,99.698,96.677
574.5,212.05,99.804,96.78
574.11,211.82,99.704,96.683
574.48,212.18,99.65,96.63
574.54,212.16,99.7,96.679
574.53,212.11,99.728,96.706
574.45,212.03,99.682,96.662
574.63,212.15,99.7,96.679
574.63,212.11,99.673,96.653
574.63,212.06,99.773,96.75
574.26,211.73,99.755,96.732
574.2,211.7,99.742,96.719
574.5,211.81,99.81,96.786
574.22,211.74,99.785,96.761
574.25,211.7,99.788,96.764
574.25,211.63,99.783,96.759
574.27,211.63,99.782,96.758
574.33,211.57,99.854,96.828
574.42,211.47,99.778,96.754
574.43,211.61,99.629,96.61
574.83,212.02,99.664,96.644
574.88,212.08,99.683,96.662
574.93,212.16,99.607,96.589
574.94,212.14,99.574,96.557
574.9,212.04,99.702,96.68
574.85,211.99,99.849,96.823
574.5,211.78,99.69,96.669
574.83,212.05,99.823,96.798
574.53,211.76,99.664,96.644
574.93,212.06,99.735,96.713
574.81,211.97,99.743,96.72
574.85,212.02,99.683,96.663
575.03,212.1,99.705,96.684
575,212.17,99.732,96.71
574.8,212.04,99.802,96.778
574.52,211.85,99.731,96.709
574.84,212.06,99.787,96.764
574.51,211.95,99.668,96.647
574.84,212.21,99.968,96.939
574.52,211.87,100.01,96.977
574.86,212,100.08,97.051
574.94,212.05,99.925,96.897
574.54,211.7,99.865,96.839
574.57,211.72,99.832,96.807
574.64,211.77,99.705,96.684
575.04,212.1,99.768,96.745
574.63,211.72,99.767,96.744
574.64,211.73,99.705,96.684
575.01,212.09,99.694,96.673
575.08,212.11,99.697,96.676
575.13,212.08,99.644,96.625
575.12,212.08,99.618,96.599
575.15,212.12,99.618,96.6
575.11,212.09,99.702,96.681
575.14,212.06,99.659,96.639
575.12,212.02,99.698,96.677
575.13,212.05,99.706,96.684
575.13,212.08,99.759,96.736
574.84,211.68,99.766,96.742
574.68,211.63,99.795,96.771
574.65,211.63,99.82,96.795
574.75,211.64,99.864,96.838
574.9,211.74,99.807,96.783
574.87,211.75,99.789,96.765
574.89,211.73,99.804,96.78
574.93,211.79,99.773,96.75
574.97,211.83,99.748,96.726
575.14,212,99.746,96.724
575.32,212.07,99.721,96.699
575.34,212.13,99.964,96.935
575.06,211.9,99.903,96.876
574.95,211.85,99.813,96.789
574.94,211.9,99.692,96.671
575.35,212.17,99.777,96.754
575.04,211.88,99.738,96.716
575.22,212.07,99.721,96.699
575.31,212.19,99.628,96.609
575.44,212.34,99.691,96.67
575.45,212.25,99.722,96.7
575.28,212.11,99.69,96.669
575.41,212.26,99.711,96.69
575.35,212.3,99.753,96.73
575.27,212.14,99.753,96.73
575.23,212.12,99.773,96.749
574.97,211.86,99.707,96.685
575.33,212.2,99.701,96.68
575.36,212.18,99.837,96.812
575.08,211.89,99.686,96.665
575.24,212.13,99.883,96.856
574.95,211.89,99.792,96.768
574.92,211.84,99.758,96.735
574.89,211.86,99.795,96.771
574.82,211.93,99.76,96.737
574.78,211.9,99.87,96.843
574.85,211.86,99.884,96.858
574.87,211.89,99.832,96.807
574.83,211.92,99.825,96.8
574.79,211.81,99.876,96.849
574.92,211.71,99.962,96.933
575.03,211.84,99.963,96.934
575.13,211.89,99.945,96.916
574.96,211.79,99.987,96.957
574.99,211.81,100.04,97.013
575.27,212.09,100.19,97.152
575.09,211.98,99.994,96.964
