389.5,141.5,15,32
388.04,142.5,14.991,31.98
386.53,142.7,15.016,32.033
384.17,143.19,15.065,32.139
381.69,143.1,15.205,32.437
379.03,143.33,15.172,32.367
376.61,143.52,15.387,32.826
374.45,144.28,15.434,32.927
371.69,144.59,15.554,33.181
369.2,145.5,15.701,33.495
366.77,145.72,15.763,33.628
364.02,145.49,15.987,34.106
362.89,146.04,16.275,34.721
360,146.51,16.339,34.856
357.23,146.63,16.528,35.26
354.83,146.93,16.726,35.683
352.67,147.34,16.592,35.396
350.62,148.62,16.536,35.277
347.59,148.49,16.429,35.049
344.18,148.62,16.594,35.399
341.87,150.08,16.763,35.762
339.44,149.8,17.127,36.537
336.76,150.19,17.334,36.979
335.07,150.93,17.409,37.14
332.26,150.97,17.394,37.107
330.38,151.69,17.544,37.427
327.51,152.51,17.649,37.651
325.68,152.57,17.856,38.093
322.54,152.93,17.869,38.12
320.64,154.1,17.965,38.325
318.16,154.43,18.101,38.615
315.46,154.52,18.053,38.514
311.6,154.99,18.161,38.744
309.99,155.64,18.33,39.104
307.46,156.69,18.579,39.636
305.28,156.94,18.605,39.69
302.54,157.33,18.839,40.189
299.35,158.05,18.945,40.417
296.9,158.75,18.995,40.523
294.52,159.12,18.997,40.527
292.11,159.6,19.101,40.75
290.04,160.06,19.151,40.855
288.29,160.91,19.228,41.019
286.83,160.96,19.048,40.635
285.33,162.55,19.153,40.86
283.46,162.98,19.284,41.139
284.88,167.24,19.301,41.176
280.22,164.23,19.433,41.457
283.55,168.03,19.279,41.128
281.47,168.07,19.493,41.584
279.7,168.7,19.608,41.831
278.48,169.84,19.69,42.005
276.88,170.11,19.828,42.301
275.87,170.6,19.982,42.628
274.92,171.62,20.085,42.849
273.17,172.11,20.237,43.173
272.14,172.41,20.468,43.666
271.08,173.2,20.615,43.979
270.56,174.04,20.793,44.359
270.09,174.88,20.948,44.69
269.49,174.47,21.152,45.124
269.22,175.36,21.358,45.564
269.7,176.68,21.412,45.679
270.02,177.63,21.496,45.857
270.74,178.24,21.665,46.219
271.93,179.54,21.71,46.314
272.43,179.61,21.781,46.466
274,181.06,21.885,46.689
276.09,182.23,21.964,46.856
277.72,183.26,22.002,46.939
279.83,184.66,22.006,46.946
280.77,185.36,22.029,46.995
282.08,186.33,22.182,47.321
283.71,187.98,22.142,47.237
284.77,188.6,22.208,47.377
286.16,190.03,22.255,47.477
287.13,190.66,22.378,47.739
287.53,191.01,22.624,48.264
288.64,192.3,22.716,48.462
289.09,192.75,22.973,49.009
289.74,193.89,23.152,49.391
291.38,196.01,23.16,49.409
291.74,197.1,23.256,49.614
292.53,198.75,23.306,49.72
291.93,199.33,23.552,50.243
292.06,201.01,23.799,50.77
291.35,201.95,24.07,51.349
290.6,203.07,24.262,51.759
290.41,204.67,24.438,52.135
289.1,206.26,24.656,52.6
288.17,207.54,24.976,53.281
287.36,208.36,25.257,53.882
286.82,209.72,25.549,54.504
285.53,211.11,25.794,55.028
284.14,212.3,26.092,55.662
283.07,213.88,26.308,56.123
281.48,215.19,26.578,56.699
279.68,216.4,27.025,57.652
278.05,217.81,27.315,58.273
277.16,219.14,27.62,58.922
275.75,220.42,28.069,59.881
275.16,221.56,28.208,60.176
274.15,223.89,28.376,60.536
272.75,224.98,28.622,61.061
272.25,226.8,28.895,61.643
271.59,228.44,29.219,62.334
270.8,230.29,29.495,62.924
270.43,232.04,29.911,63.811
269.23,233.25,30.223,64.476
268.55,235.14,30.521,65.112
268.13,237.61,30.707,65.509
267.43,239.51,30.977,66.085
266.26,240.15,31.373,66.928
265.74,242.83,31.705,67.638
264.77,244.49,31.983,68.23
263.4,246.3,32.282,68.868
262.2,248.38,32.534,69.406
260.57,250.6,32.844,70.066
259.4,252.66,33.242,70.916
258.3,255.12,33.576,71.63
257.12,257.53,33.994,72.52
256.22,259.91,34.55,73.706
255.14,262.29,34.809,74.258
254.72,265.09,35.327,75.364
254.28,267.65,35.685,76.128
253.72,270.46,36.174,77.171
254.13,273.03,36.655,78.196
253.99,275.09,37.219,79.4
254.3,278.07,37.555,80.118
254.69,280.61,37.828,80.7
255.46,283.55,38.264,81.63
256.63,287.01,38.52,82.176
257.09,290.01,38.898,82.982
258.2,294.95,39.659,84.606
259.07,298.46,40.339,86.056
259.06,301.71,40.859,87.166
259.12,305.09,41.484,88.499
258.9,308.94,42.286,90.21
258.9,313.47,42.865,91.445
258.23,316.05,43.64,93.098
258.44,321.9,44.466,94.862
257.69,326.05,45.23,96.49
257.9,330.86,45.903,97.927
257.92,335.79,46.714,99.656
257.66,340.48,47.267,100.84
257.5,346.31,48.192,102.81
257.68,351.72,49.12,104.79
