692.5,246.5,57,173
693.6,251.02,57.094,173.29
694.55,251.77,57.107,173.32
694.73,252.78,57.006,173.02
693.7,253.95,57.226,173.69
692.57,254.07,57.624,174.89
692.28,255.45,57.697,175.12
691.88,255.91,57.616,174.87
692.11,255.88,57.748,175.27
691.67,255.65,57.727,175.21
691.87,256.5,57.15,173.45
691.95,256.51,57.342,174.04
692.28,256.81,57.273,173.83
692.33,256.98,56.896,172.68
691.88,257.18,56.632,171.88
691.62,257.22,56.525,171.56
691.26,257.83,56.295,170.86
690.31,257.8,56.379,171.12
689.35,257.42,56.417,171.23
688.54,257.3,56.267,170.78
687.94,257.46,56.286,170.83
686.89,256.37,56.454,171.34
685.34,254.76,56.751,172.25
684.98,254.02,57.161,173.49
684.41,253.66,57.224,173.68
684.07,253.31,57.298,173.91
684.24,253.13,57.344,174.04
684.51,252.61,57.446,174.35
683.92,251.18,57.6,174.82
684.1,251.15,57.458,174.39
684.18,249.69,57.632,174.92
684.6,249.67,57.583,174.77
684.76,249.24,57.795,175.41
684.97,248.36,57.847,175.57
685.1,248.47,57.729,175.21
685.11,247.65,57.574,174.74
685.66,247.95,57.488,174.48
684.94,247.65,57.449,174.36
684.95,247.37,57.557,174.69
685.43,247.63,57.447,174.36
685.19,247.6,57.504,174.53
685.04,247.27,57.561,174.7
685.67,247.83,57.478,174.45
685.18,247.56,57.448,174.36
685.52,247.79,57.388,174.18
685.58,247.93,57.437,174.33
685.76,248.01,57.431,174.31
685.72,247.83,57.646,174.96
685.75,247.83,57.637,174.93
685.97,247.29,58.209,176.67
685.88,247.17,58.038,176.15
686.09,247.26,57.935,175.84
685.93,247.76,57.748,175.27
686.08,247.6,57.505,174.53
686.24,247.54,57.619,174.88
686.96,247.84,57.809,175.45
687.44,247.98,57.668,175.03
687.87,247.91,57.689,175.09
688.78,248.13,57.646,174.96
689.21,248.05,57.875,175.66
689.89,248.26,57.973,175.95
689.71,247.79,57.943,175.86
690,247.92,58.027,176.12
690.01,247.99,58.2,176.64
689.92,249,58.005,176.05
689.84,250.07,58.029,176.12
690.61,253.14,57.723,175.2
690.54,256.28,57.44,174.33
690.58,260.31,57.034,173.1
691.01,263.86,56.539,171.6
691.31,266.34,56.386,171.14
691.23,267.44,55.917,169.71
691.2,268.36,55.768,169.26
691.72,268.87,55.684,169.01
691.31,268.67,55.387,168.1
691.12,267.89,55.384,168.09
690.9,267.45,55.421,168.21
690.89,267.77,55.193,167.52
690.85,267.61,55.294,167.82
691.67,268.49,55.408,168.17
691.07,268.86,55.462,168.33
691.07,269.5,55.562,168.64
691.68,270.64,55.432,168.24
691.24,270.9,55.301,167.84
691.74,272.33,55.243,167.67
691.59,272.92,55.321,167.9
691.78,273.25,55.252,167.69
690.9,272.71,55.25,167.69
689.88,271.18,55.113,167.27
688.92,268.3,55.057,167.1
688.6,264.88,55.179,167.47
687.76,259.99,55.56,168.63
687.24,255.13,56.251,170.73
686.18,249.92,57.025,173.08
685.26,245.74,57.523,174.59
684.45,243.29,57.879,175.67
683.81,242.4,58.164,176.53
683.14,241.79,58.196,176.63
682.74,242.41,58.296,176.93
682.41,243.53,58.683,178.11
681.65,244.8,58.894,178.75
682.28,246.21,58.891,178.74
682.15,246.47,58.829,178.55
681.52,246.49,59.017,179.12
681.43,246.56,58.884,178.72
681.61,246.98,58.968,178.97
681.44,247.52,58.978,179
681.73,248.72,58.828,178.55
682.22,249.71,58.749,178.31
682.03,249.8,58.826,178.54
682.48,250.32,58.768,178.37
682.28,250.44,58.561,177.74
682.62,250.75,58.45,177.4
682.36,250.79,58.37,177.16
682.69,250.78,58.569,177.76
682.57,250.49,58.682,178.11
682.27,250.23,58.686,178.12
682.57,250.23,58.692,178.14
682.66,250.35,58.645,177.99
683.09,250.46,58.688,178.12
683.1,250.28,58.719,178.22
683.39,250,58.83,178.56
683.71,249.95,58.914,178.81
683.98,249.99,59.043,179.2
683.61,249.5,59.005,179.09
683.82,249.7,59.087,179.33
684.36,249.72,58.981,179.01
684.29,249.61,59.028,179.15
684.36,249.44,59.055,179.24
685.23,249.94,58.878,178.7
685.5,250.1,58.887,178.73
685.77,249.84,58.944,178.9
685.8,249.42,59.04,179.19
686.08,249.23,59.03,179.16
686.26,249.01,59.228,179.76
686.99,249.12,59.198,179.67
687.18,248.76,59.465,180.48
687.89,248.65,59.293,179.96
688.22,248.63,59.234,179.78
689.37,248.89,59.077,179.3
691.55,248.89,58.984,179.02
692.27,248.61,59.088,179.34
693.69,248.27,59.203,179.69
694.18,248.04,59.201,179.68
695.05,247.94,59.212,179.71
696.25,247.69,59.195,179.66
697.43,247.49,59.178,179.61
698.71,247.47,59.151,179.53
700.38,247.86,59.049,179.22
701.44,247.71,59.192,179.65
701.23,247.61,59.229,179.77
701.54,247.52,59.446,180.42
701.07,248.12,59.601,180.89
700.09,249.07,59.698,181.19
693.67,248.19,59.882,181.75
680.76,247.06,59.899,181.8
673.51,246.26,59.836,181.61
633.04,246.25,59.479,180.52
593.43,246.12,59.051,179.22
562.49,245.28,58.914,178.81
543.13,245.36,58.725,178.24
531.16,245.04,58.686,178.12
529.23,245.76,58.427,177.33
527.85,246.17,58.332,177.04
526.87,246.64,58.349,177.1
525.42,246.69,58.299,176.94
524.13,246.73,58.192,176.62
522.67,247.02,58.037,176.15
521.55,247.13,58.049,176.19
521.09,247.1,58.086,176.3
520.78,246.93,58.173,176.56
520.67,246.63,58.239,176.76
520.2,246.17,58.234,176.75
520.15,245.78,58.207,176.66
520.11,245.62,58.271,176.86
519.92,245.12,58.428,177.33
519.94,245.18,58.421,177.31
519.97,245.13,58.462,177.44
519.88,245.13,58.576,177.78
519.93,245.45,58.674,178.08
519.42,245.23,58.877,178.7
519.71,245.04,59.011,179.1
519.56,244.96,59.029,179.16
519.19,245.14,58.82,178.52
519.28,245.48,58.757,178.33
518.61,245.32,58.961,178.95
518.37,245.03,59.171,179.59
518.63,245.49,59.019,179.13
518.26,245.5,58.991,179.04
518.05,245.25,59.007,179.09
518.14,245.18,58.995,179.06
518.23,245.28,59.088,179.34
518.77,245.18,59.157,179.55
519.13,245.09,59.071,179.28
519.56,244.43,58.991,179.04
519.74,244.15,58.925,178.84
520.02,243.69,59.006,179.09
520.24,243.51,59.043,179.2
520.4,243.12,59.14,179.49
521.05,243.35,59.182,179.62
521.28,243.34,59.146,179.51
521.85,243.49,59.208,179.7
522.13,243.23,59.138,179.49
522.65,243.4,59.031,179.17
522.86,243.39,58.861,178.65
523.53,243.73,58.839,178.58
523.96,244.05,58.804,178.47
524.65,244.15,58.807,178.48
525.21,244.15,58.733,178.26
525.54,244.05,58.673,178.08
526.09,243.8,58.784,178.41
526.15,243.56,58.778,178.4
526.67,243.54,58.783,178.41
526.8,243.18,58.963,178.96
527.53,243.6,58.828,178.55
528.39,244.05,58.702,178.17
528.68,244.2,58.625,177.93
529.14,244.45,58.578,177.79
528.88,244.19,58.881,178.71
529.16,244.27,58.857,178.64
529.38,244.38,58.803,178.47
529.81,244.58,58.459,177.43
529.39,244.17,58.502,177.56
528.94,243.36,58.808,178.49
529.09,242.89,59.145,179.51
529.07,242.66,59.123,179.44
529.09,242.59,58.938,178.88
528.72,241.44,59.305,180
528.84,241.43,59.236,179.79
528.1,241.36,59.205,179.69
527.66,241.44,59.402,180.29
527.41,241.32,59.464,180.48
526.42,241.2,59.523,180.66
525.27,241.01,59.642,181.02
524.37,241.28,59.769,181.4
523.09,240.31,60.05,182.26
522.14,240.09,60.141,182.53
521.44,240.01,60.249,182.86
520.54,239.41,60.372,183.23
520.34,239.79,60.36,183.2
520.21,239.88,60.332,183.11
520.26,240.05,60.419,183.38
519.88,240.37,60.348,183.16
519.67,240.62,60.505,183.64
519.12,240.66,60.569,183.83
518.63,240.56,60.614,183.97
518.44,241.03,60.59,183.9
518.45,241.35,60.542,183.75
517.64,241.04,60.712,184.27
516.75,240.87,60.881,184.78
516.78,241.51,60.877,184.77
516.61,242,60.912,184.87
516.39,242.29,60.916,184.89
516.29,242.69,60.875,184.76
516.74,242.92,60.88,184.78
517.54,243.42,60.636,184.03
518.31,243.71,60.541,183.75
519.11,243.86,60.485,183.58
520.2,243.69,60.503,183.63
521.2,243.64,60.445,183.46
522.36,243.6,60.398,183.31
523.17,244,60.256,182.88
523.72,243.8,60.162,182.6
524.8,244.06,59.955,181.97
525.16,244.17,59.919,181.86
525.87,245.19,59.735,181.3
526.17,245.41,59.599,180.89
526.76,245.84,59.551,180.74
526.84,245.79,59.464,180.48
527.29,246.12,59.355,180.15
527.49,246.22,59.245,179.81
527.33,246.11,59.224,179.75
527.34,245.98,59.256,179.85
527.42,245.95,59.227,179.76
527.39,245.85,59.245,179.81
527.42,246.08,59.162,179.56
527.76,246.34,59.167,179.58
527.65,246.39,59.226,179.76
527.14,246,59.316,180.03
527.26,246.17,59.219,179.73
526.79,246.03,59.366,180.18
526.99,245.81,59.473,180.51
526.45,245.69,59.52,180.65
526.13,245.51,59.629,180.98
526.37,245.45,59.618,180.95
526.16,245.48,59.635,181
525.84,245.16,59.68,181.13
525.72,245.22,59.477,180.52
525.51,245.38,59.274,179.9
525.56,245.48,59.167,179.58
525.9,245.52,59.277,179.91
525.49,245.45,59.172,179.59
525.91,245.76,59.079,179.31
525.41,245.7,59.118,179.43
525.04,245.61,59.214,179.72
524.32,245.47,59.402,180.29
524.08,245.42,59.505,180.6
523.59,245.21,59.631,180.99
523.36,245.26,59.701,181.2
522.78,245.17,59.751,181.35
522.42,245.48,59.77,181.41
521.82,245.71,59.946,181.94
521.59,246.02,59.859,181.68
521.51,245.95,59.936,181.91
521.39,246.16,59.92,181.86
521.19,246.53,59.978,182.04
521.09,247.26,59.75,181.35
521.11,247.95,59.716,181.24
521.22,248.81,59.563,180.78
521.34,249.01,59.746,181.33
521.46,248.95,59.786,181.46
521.79,249.09,59.866,181.7
522.26,249.25,59.903,181.81
522.62,249.51,59.899,181.8
522.91,249.63,59.801,181.5
522.78,249.64,59.724,181.27
523.04,250,59.56,180.77
523.47,250.09,59.614,180.93
523.82,251.19,59.305,180
524.1,252.64,59.387,180.24
524.42,255.05,59.344,180.11
524.85,258.59,58.827,178.54
525.19,262.08,58.298,176.94
525.46,265.74,57.647,174.96
525.37,267.47,57.197,173.6
525.28,268.67,56.908,172.72
525.68,269.76,56.372,171.09
525.68,269.97,55.911,169.7
525.39,269.1,55.827,169.44
525.73,269.23,55.736,169.16
525.78,269.12,55.707,169.07
525.45,268.63,55.619,168.81
525.61,268.84,55.575,168.67
526.18,269.35,55.747,169.2
526.31,269.26,55.93,169.75
525.9,268.52,56.099,170.26
526.35,268.41,56.41,171.21
526.17,268.6,56.021,170.03
526.73,268.75,56.236,170.68
526.57,267.81,56.145,170.41
526.81,267.32,56.072,170.18
527.51,267.12,56.444,171.31
527.31,267.44,56.148,170.41
527.49,268.05,56.235,170.68
527.82,268.87,56.182,170.52
528.03,269.63,56.178,170.5
528.24,270.35,56.062,170.15
528.29,271.3,56.347,171.02
528.34,272.4,56.003,169.98
528.16,272.68,56.025,170.04
527.73,272.72,55.842,169.48
527.25,271.51,55.614,168.79
526.41,268.83,55.543,168.58
526.05,265.24,55.674,168.97
524.84,259.88,56.235,170.68
524.15,255.08,56.559,171.66
523.99,251.06,57.081,173.25
523.49,246.86,57.571,174.73
522.94,244.97,57.946,175.87
522.35,243.79,58.22,176.7
522.14,243.3,58.64,177.98
522.34,244.34,58.851,178.62
521.85,246.44,59.203,179.69
521.35,247.85,59.508,180.61
521.12,248.94,59.796,181.49
521.22,249.5,59.88,181.74
521.38,249.53,60.029,182.19
521.6,249.5,59.629,180.98
522.14,249.37,59.718,181.25
522.09,249.12,59.751,181.35
522.41,249.19,59.79,181.47
522.54,249.41,59.664,181.09
522.61,249.12,59.857,181.67
522.56,248.95,59.808,181.52
522.35,248.83,59.778,181.43
522.15,248.62,59.852,181.66
522.3,248.51,60.001,182.11
522.09,248.13,59.93,181.89
522.35,248.15,59.989,182.07
521.99,247.74,59.991,182.08
522.03,247.66,59.952,181.96
522.03,247.75,59.74,181.32
522.07,247.84,59.75,181.35
522.17,247.72,59.752,181.35
522.05,247.4,59.79,181.47
522.24,247.57,59.77,181.41
522.26,247.19,59.803,181.51
522.36,247.06,59.806,181.52
522.53,247,59.824,181.57
522.91,247.2,59.736,181.3
522.91,246.88,59.821,181.56
523.28,246.69,59.69,181.17
523.29,245.93,59.738,181.31
523.54,245.87,59.762,181.38
523.72,245.66,59.795,181.48
524.04,245.64,59.824,181.57
524.63,245.47,59.934,181.9
524.97,245.79,59.828,181.58
525.27,245.82,59.868,181.71
525.43,245.73,59.984,182.06
525.39,245.34,60.129,182.5
525.99,245.61,60.049,182.25
526.13,246.05,59.863,181.69
526.73,246.17,59.983,182.05
526.74,245.83,60.117,182.46
527.13,246.1,60.089,182.37
527.37,246,60.061,182.29
527.17,245.65,60.158,182.59
527.34,245.16,60.401,183.32
527.44,245.31,60.214,182.76
527.17,245.12,60.243,182.84
527.05,245.09,60.206,182.73
526.69,245.01,60.142,182.54
526.77,245.23,60.189,182.68
526.27,245.55,60.244,182.85
525.68,246.63,59.702,181.2
524.85,247.61,59.478,180.52
524.16,248.49,59.194,179.66
523.06,249.14,59.095,179.36
521.88,249.66,58.982,179.02
520.15,250,59.009,179.1
518.77,250.66,58.931,178.86
517.23,251.12,58.797,178.45
515.73,251.29,58.915,178.81
514.2,251.73,58.698,178.15
512.35,251.81,58.482,177.5
511.09,252.1,58.047,176.18
509.71,252.31,58.055,176.2
508.22,252.39,58.004,176.05
507.11,252.33,57.917,175.78
506.78,252.53,58.012,176.07
505.81,253.24,57.479,174.45
504.66,253.88,57.328,174
504.17,255.14,57.2,173.61
502.9,256.09,56.856,172.56
502.95,257.58,56.691,172.06
501.96,257.62,56.625,171.86
501.39,258.46,56.436,171.29
500.75,259.23,56.179,170.51
499.71,260.46,56.046,170.11
499.22,261.76,55.886,169.62
498.21,261.67,55.817,169.41
498.01,262.93,55.661,168.94
496.9,262.68,55.552,168.6
497.61,262.87,55.666,168.95
497.06,262.39,55.672,168.97
496.5,262.77,55.655,168.92
496.14,262.92,55.701,169.06
495.08,262.82,55.996,169.95
494.68,264.07,56.196,170.56
492.87,263.98,56.327,170.96
492.31,264.84,56.341,171
490.77,265.08,56.416,171.23
488.99,265.07,56.402,171.18
488.1,265.22,56.281,170.82
487.49,265.81,56.272,170.79
485.88,265.81,56.39,171.15
484.31,264.85,56.485,171.44
482.75,263.85,56.477,171.41
481.9,262.84,56.735,172.2
467.22,241.38,57.718,175.18
449.77,199.99,57.798,175.42
451.97,199.68,57.8,175.43
454.39,198.8,57.936,175.84
457.48,198.89,57.929,175.82
460.24,198.37,58.085,176.29
462.02,198.38,57.788,175.39
479.08,234.07,57.604,174.83
481.48,232.37,57.832,175.53
483.25,231.67,57.59,174.79
485.32,232.09,57.638,174.94
487.1,232.36,57.852,175.58
488.21,234.68,57.97,175.94
493.88,242.76,58.068,176.24
493.07,243.37,58.064,176.23
491.62,241.4,58.268,176.85
490.61,240.43,58.487,177.51
488.31,236.48,58.599,177.85
488.58,236.81,58.562,177.74
487.78,235.44,58.601,177.86
487.35,236.72,58.481,177.5
487.95,235.16,58.36,177.13
488.25,236.01,58.141,176.46
489.01,237.06,58.142,176.46
488.96,237.54,58.302,176.95
489.04,237.98,58.53,177.64
489.04,237.89,58.52,177.61
490.18,238.99,58.611,177.89
491.24,239.82,58.647,178
491.54,239.79,58.533,177.65
491.92,239.96,58.42,177.31
492.09,240.01,58.548,177.7
492.52,240.71,58.531,177.65
491.79,239.33,58.818,178.52
490.63,239.75,59.022,179.14
489.58,240.34,59.039,179.19
486.36,239.46,59.111,179.41
484.52,240.3,59.485,180.54
484.37,239.5,59.637,181
483,239.63,59.927,181.88
473.51,264.53,60.311,183.05
472.01,264.58,60.377,183.25
469.39,265.85,60.525,183.7
467.19,264.4,60.43,183.41
480.6,298.96,60.33,183.11
480.77,301.85,60.408,183.34
490.52,263.01,59.963,181.99
492.56,263.22,59.85,181.65
495.07,263.45,59.604,180.9
493.98,264.3,59.356,180.15
495.59,259.64,59.159,179.55
496.28,257.94,58.897,178.76
509.75,256.94,58.759,178.34
509.15,258.13,58.401,177.25
509.47,260.44,58.122,176.41
509.73,260.83,57.81,175.46
509.53,261.6,57.75,175.28
508.21,263.06,57.541,174.64
510.33,264.34,57.35,174.06
508.82,262.66,57.47,174.43
509.75,262.52,57.401,174.22
510.75,260.59,57.133,173.4
510.85,258.9,56.866,172.59
511.47,258.8,56.595,171.77
513.79,257.42,56.332,170.97
518.98,258.72,56.28,170.82
521.19,259.13,56.344,171.01
521.84,258.5,56.224,170.64
520.27,258.42,56.262,170.76
518.51,258.51,56.219,170.63
518.63,257.44,56.131,170.36
515.59,258.73,56.035,170.07
519.06,260.12,55.841,169.48
512.59,264.26,55.828,169.44
512.32,263.02,55.87,169.57
516.63,261.36,55.923,169.73
515.14,261.43,55.829,169.45
515.79,262.91,55.924,169.73
515.29,263.92,56.001,169.97
513.2,265.36,56.402,171.19
511.8,263.9,56.664,171.98
512.92,262.92,56.747,172.23
513.76,262.77,56.675,172.01
513.97,262.99,56.777,172.32
514.84,263.75,56.797,172.38
514.5,262.89,56.851,172.55
514.06,263.15,56.837,172.51
514.46,261.88,56.926,172.78
514.89,260.71,56.952,172.86
516.51,259.95,56.735,172.2
518.23,259.35,56.652,171.94
519.02,259.17,56.55,171.63
520.88,259.19,56.525,171.56
520.87,259.34,56.457,171.35
519.64,259.29,56.465,171.38
519.92,258.79,56.343,171
519.89,258.43,56.494,171.46
519.31,258.53,56.349,171.02
519.21,258.64,56.535,171.59
518.87,258.99,56.585,171.74
518.76,259.15,56.662,171.97
517.65,258.72,56.827,172.47
517.96,259.25,57.051,173.15
517.75,259.34,57.128,173.39
518.75,259.87,57.084,173.26
519.74,259.52,57.056,173.17
519.7,259.54,57.065,173.2
520.01,259.3,57.068,173.21
520.05,259.16,56.984,172.95
519.18,258.22,57.148,173.45
519.51,258.28,57.216,173.66
519.27,257.99,57.291,173.88
519.4,258.2,57.394,174.2
518.99,257.75,57.433,174.31
519.17,257.8,57.398,174.21
519.64,257.75,57.303,173.92
519.6,257.66,57.289,173.88
519.47,257.77,57.274,173.83
519.35,257.84,57.266,173.81
519.2,258.1,57.245,173.74
519.1,257.96,57.172,173.52
519.76,258.16,57.05,173.15
519.75,258.66,56.947,172.84
518.57,258.7,57.003,173.01
518.12,259.29,57.03,173.09
517.86,259.69,57.107,173.33
517.44,260.05,57.244,173.74
516.58,259.81,57.298,173.9
516.73,260.26,57.298,173.9
516.66,260.25,57.304,173.92
516.24,260.31,57.266,173.81
515.97,260.54,57.231,173.7
515.72,260.37,57.131,173.4
516.21,260.97,57.066,173.2
515.86,260.8,57.067,173.2
516.06,260.66,57.037,173.11
516.18,260.5,57.058,173.18
516.3,260.74,57.121,173.37
516.54,260.57,57.193,173.58
515.78,260.49,57.277,173.84
516.09,260,57.386,174.17
516.68,260.02,57.42,174.27
517.05,259.99,57.335,174.02
517.37,259.96,57.371,174.12
517.64,259.87,57.399,174.21
517.41,259.37,57.387,174.17
518.08,259.83,57.276,173.84
518.08,259.83,57.173,173.53
517.64,260.28,57.2,173.61
517.74,260.15,57.208,173.63
517.72,260.09,57.04,173.12
518.64,260.34,56.756,172.26
519.21,260.47,56.635,171.89
519.45,260.11,56.639,171.9
519.5,260.27,56.643,171.92
519.42,260.24,56.619,171.84
519.72,260.22,56.544,171.62
519.91,260.35,56.513,171.52
519.34,260.46,56.543,171.61
518.49,260.52,56.73,172.18
516.82,260.9,56.615,171.83
517.2,261.48,56.635,171.89
516.61,261.28,56.607,171.81
516.32,261.6,56.51,171.51
516.01,261.64,56.492,171.46
515.4,261.52,56.475,171.41
514.87,261.42,56.495,171.47
514.59,261.63,56.609,171.81
514.58,261.6,56.772,172.31
513.98,261.48,56.904,172.71
513.9,261.39,56.914,172.74
513.39,261.07,56.783,172.34
513.11,261.64,56.79,172.36
513.34,261.17,56.938,172.81
513.17,260.29,57.08,173.24
514.06,260.97,57.137,173.42
512.72,260.77,57.346,174.05
513.48,260.46,57.355,174.08
513.59,260.11,57.446,174.35
514.89,260.51,57.197,173.6
516.91,261.12,57.158,173.48
518.42,261.63,57.354,174.08
518.78,261.83,57.568,174.72
518.15,261.37,57.689,175.09
518.08,260.82,57.701,175.13
518.97,260.42,57.607,174.84
519.53,260.5,57.571,174.73
518.85,260.61,57.481,174.46
517.95,260.11,57.367,174.11
518.01,260.47,57.403,174.22
517.26,260.54,57.225,173.68
517.72,259.94,57.221,173.67
517.76,259.38,57.184,173.56
517.53,259.86,57.082,173.25
518.16,260.68,56.891,172.67
517.53,260.47,56.859,172.57
517.46,261.03,56.829,172.48
517.62,261.12,56.765,172.29
517.23,260.97,56.722,172.16
517.05,260.84,56.693,172.07
516.45,260.95,56.685,172.04
516.45,261.74,56.644,171.92
516.42,262.72,56.467,171.38
516.35,263.2,56.467,171.38
517.03,263.62,56.385,171.13
517.07,264.46,56.415,171.22
516.74,264.28,56.505,171.5
516.88,264.54,56.607,171.81
517.06,264.58,56.62,171.85
517.06,264.49,56.633,171.89
516.74,264.15,56.735,172.2
516.36,263.06,56.979,172.94
516.44,262.6,57.039,173.12
516.59,262.43,57.071,173.22
516.97,262.3,57.022,173.07
516.77,261.83,56.919,172.75
516.62,261.47,56.931,172.79
516.41,261.86,56.938,172.81
516.25,261.76,57.061,173.18
516.8,262.46,57.199,173.6
516.48,262.44,57.093,173.28
517.36,264.16,56.828,172.48
517.75,265.5,56.482,171.43
517.31,265.66,56.241,170.7
517.14,267.01,56.152,170.42
516.4,266.82,56.011,170
516.68,267.61,56.089,170.23
516.63,267.8,55.95,169.81
516.48,267.29,55.965,169.86
516.41,265.97,55.893,169.64
516.24,264.09,56.119,170.33
515.58,262.15,56.374,171.1
515.67,260.71,56.6,171.78
516.25,259.61,56.877,172.63
516.23,258.26,57.265,173.8
516.61,257.67,57.247,173.75
517.67,258.31,57.268,173.81
517.58,258.08,57.304,173.92
517.02,257.86,57.402,174.22
516.78,257.93,57.472,174.43
516.52,257.83,57.399,174.21
516.37,258.66,57.265,173.8
516.07,259.22,57.156,173.47
515.11,259.49,57.078,173.24
514.34,259.93,57.202,173.61
512.48,259.31,57.337,174.02
512.5,259.55,57.261,173.79
515.06,260.02,57.408,174.24
518.67,260.5,57.414,174.26
520.25,260.42,57.148,173.45
521.24,259.47,56.73,172.18
492,258.93,57.18,173.55
490.12,259.12,57.316,173.96
521.24,257.65,56.84,172.51
521.15,258.12,56.481,171.42
487.59,260.82,56.482,171.43
486.65,259.77,56.809,172.42
485.48,259.76,57.089,173.27
486.1,260.66,57.009,173.03
484.91,259.96,57.182,173.55
483.39,260.29,57.1,173.3
484.83,260.8,57.21,173.64
484.01,260.89,56.954,172.86
484.44,260.96,56.931,172.79
484.15,260.99,57.039,173.12
483.04,261.54,56.946,172.84
483.82,261.29,56.873,172.62
484.92,261.9,56.669,172
485.44,262.07,56.269,170.78
486.08,263.39,56.066,170.17
487.47,263.92,55.708,169.08
487.32,263.4,55.689,169.02
486.8,262.4,56.067,170.17
487.05,261.52,56.362,171.06
488.65,261.32,56.313,170.91
490.02,261.78,56.205,170.59
491.16,261.35,56.231,170.67
490.97,261.52,56.328,170.96
491.89,262.93,56.277,170.8
492.21,262.56,56.306,170.89
493.85,263.11,56.237,170.68
514.02,263.1,56.177,170.5
513.42,262.92,56.228,170.66
515.56,262.44,56.389,171.15
516.72,262.55,56.497,171.47
517.05,263.04,56.559,171.66
518.97,262.34,56.856,172.56
520.64,261.83,56.918,172.75
520.84,261.1,56.792,172.37
522.38,261.25,56.877,172.63
523.69,260.64,56.868,172.6
526.42,260.88,56.816,172.44
664.1,248.04,56.808,172.42
659.41,255.58,56.594,171.77
659.49,256.3,56.301,170.88
660.53,256.56,56.231,170.67
660.99,256.17,56.091,170.24
663.16,257.06,56.002,169.97
664.44,257.35,55.944,169.79
666.8,256.81,55.778,169.29
670.23,258.26,55.6,168.75
673.22,258.24,55.285,167.8
675.04,259.03,55.422,168.21
676.54,258.28,55.328,167.93
678.87,258.95,55.386,168.1
680.08,258.65,55.354,168.01
683.5,257.97,55.265,167.73
687.23,257.69,55.296,167.83
688.89,256.96,55.166,167.43
689.24,256.33,54.917,166.68
687.2,256.09,54.914,166.67
683.46,256.99,54.959,166.8
685.29,257.04,54.978,166.86
686.36,256.43,54.916,166.67
686.3,256.56,54.788,166.29
688.05,257.41,54.578,165.65
687.82,257.42,54.483,165.36
687.93,257.57,54.555,165.58
687.58,257.79,54.388,165.07
687.23,257.41,54.41,165.14
687.63,258.95,54.062,164.08
687.85,259.82,53.866,163.49
686.29,260.11,53.862,163.47
685.39,260.51,53.819,163.35
684.53,260.78,53.705,163
684.06,261.93,53.485,162.33
682.91,261.83,53.324,161.84
681.5,261.28,53.27,161.68
681.29,261.32,53.125,161.24
680.38,261.43,53.216,161.52
680.44,261.68,53.234,161.57
679.81,261.55,53.186,161.43
679.47,261.85,53.25,161.62
679.23,261.91,53.226,161.54
678.86,262.39,53.155,161.33
678.46,263.07,52.934,160.66
679.07,263.62,52.719,160.01
679.22,263.99,52.363,158.93
679.25,264.04,52.229,158.52
679.43,264.02,52.106,158.15
679.45,264.12,52.006,157.84
679.56,264.18,51.774,157.14
679.57,264.13,51.54,156.43
680.01,264.04,51.337,155.81
679.73,263.97,51.396,155.99
679.34,263.96,51.419,156.06
678.63,264.09,51.331,155.79
677.22,264.08,51.475,156.23
675.49,264.37,51.64,156.73
673.51,264.61,51.682,156.86
671.25,265.38,51.747,157.06
668.85,265.64,51.928,157.61
667.32,265.85,52.022,157.89
665.46,265.79,52.086,158.09
663.94,265.84,51.984,157.77
662.38,266.17,51.872,157.44
660.73,266.41,51.673,156.83
659.58,266.51,51.563,156.5
657.61,266.65,51.447,156.15
655.56,266.85,51.554,156.47
653.49,266.74,51.586,156.57
651.43,266.74,51.688,156.88
649.27,267.17,51.796,157.2
647.76,267.39,51.853,157.38
646.08,267.9,51.985,157.78
644.47,267.41,51.97,157.73
643.26,267.63,51.892,157.5
642.58,267.76,51.774,157.14
641.06,267.6,51.531,156.4
640.17,267.8,51.394,155.98
636.62,265.62,51.336,155.81
634.62,265.72,51.36,155.88
634.25,266.46,51.531,156.4
634.51,265.97,51.535,156.41
634.32,265.73,51.505,156.32
634.08,266.03,51.612,156.65
632.72,265.32,51.733,157.02
632.46,265.98,52.027,157.91
631.31,265.76,51.957,157.69
630.62,265.94,51.933,157.62
629.62,266.12,51.98,157.76
628.75,266.38,52.162,158.32
627.29,267.44,52.077,158.06
626.18,267.47,51.981,157.77
625.66,267.59,51.86,157.4
624.42,267.47,51.827,157.3
623.91,267.51,51.673,156.83
623.62,267.41,51.511,156.34
623.73,267.27,51.571,156.52
622.75,267.26,51.334,155.8
621.85,267.11,51.236,155.51
620.89,267.73,51.23,155.49
619.58,267.82,51.18,155.33
618.54,267.92,50.972,154.7
617.38,268.09,51.035,154.9
615.76,267.87,51.202,155.4
615,267.8,51.159,155.27
614.24,267.95,51.182,155.34
613.48,268.11,51.165,155.29
612.83,267.62,51.235,155.5
612.24,266.92,51.375,155.93
611.11,266.31,51.495,156.29
611.86,266.2,51.583,156.56
610.88,265.59,51.802,157.22
610.82,265.47,51.967,157.73
611.48,265.35,52.104,158.14
611.18,265.42,52.203,158.44
612.43,265.76,52.317,158.79
612.11,266.02,52.331,158.83
612.58,266.39,52.489,159.31
613.84,265.75,52.593,159.62
615.57,265.24,52.722,160.01
617.62,264.76,52.948,160.7
619.06,264.49,53.231,161.56
619.68,263.41,53.387,162.03
620.11,263.01,53.362,161.96
620.51,262.2,53.411,162.11
621.04,261.85,53.462,162.26
621.97,261.17,53.599,162.68
621.43,260.33,53.727,163.07
622.26,261.09,53.824,163.36
622.13,260.8,53.911,163.62
622.61,261.12,53.948,163.74
623.28,261.45,53.954,163.76
623.65,260.91,54.113,164.24
623.25,260.28,54.271,164.72
623.62,260.05,54.586,165.67
622.9,258.68,54.94,166.75
623.6,258.27,55.19,167.51
624.17,257.53,55.552,168.61
624.39,257.12,55.946,169.8
624.1,255.87,56.283,170.82
624.8,255.53,56.589,171.75
625.84,254.9,56.92,172.76
626.26,254.02,57.198,173.6
626.82,253.7,57.363,174.1
628.35,254.03,57.479,174.45
629.23,254.15,57.449,174.36
630.68,253.76,57.866,175.63
632.19,254.09,58.108,176.36
633.99,253.37,58.25,176.79
634.29,252.08,58.36,177.13
635.34,250.77,58.499,177.55
635.61,249.3,58.573,177.77
636.2,248.72,58.621,177.92
636.45,248.01,58.906,178.78
636.9,247.93,58.965,178.96
636.79,247.2,58.978,179
636.91,247.27,59.072,179.29
637.11,247.67,59.079,179.31
636.95,247.57,59.018,179.13
636.22,247.29,59.05,179.22
636.16,247.26,59.044,179.2
636.06,246.6,59.002,179.08
635.98,246.75,59.06,179.25
636.1,246.85,58.997,179.06
636.24,246.82,58.796,178.45
636.48,247,58.682,178.1
636.15,246.84,58.608,177.88
636.24,246.93,58.455,177.42
636.13,247.12,58.231,176.74
636.62,247.32,58.038,176.15
636.41,248.47,57.962,175.92
636.35,248.66,58.111,176.37
637.79,249.44,57.899,175.73
638.5,249.79,57.808,175.45
639.46,250.36,57.657,174.99
639.98,249.76,57.868,175.63
640.25,249.49,57.691,175.1
639.25,248.51,57.198,173.6
638.35,247.84,56.877,172.63
637.49,247.7,57.025,173.08
635.46,246.85,57.175,173.53
635.15,246.3,57.315,173.96
633.89,246.39,57.39,174.19
632.17,246.25,57.608,174.84
630.1,247.29,57.954,175.89
627.2,247.34,58.325,177.02
625.35,247.77,58.322,177.01
622.71,247.52,58.031,176.13
619.96,247.16,58.057,176.21
618.22,247.55,58.23,176.73
616.5,247.78,58.413,177.29
614.62,246.84,58.488,177.52
613.26,246.34,58.535,177.66
611.12,245.89,58.561,177.74
609.75,245.86,58.483,177.5
607.4,246.51,58.305,176.96
605.39,247.06,58.359,177.12
602.57,247.82,58.276,176.87
599.51,248.69,58.301,176.95
596.2,249.54,58.654,178.02
592.53,249.5,58.907,178.79
588.89,248.09,58.998,179.06
584.03,245.89,58.988,179.03
579.55,244.17,59.064,179.26
576.27,243,59.322,180.05
572.66,241.56,59.425,180.36
570.28,241.46,59.601,180.89
566.73,241.28,59.921,181.87
562.5,242.12,60.256,182.88
558.3,242.75,60.345,183.15
553.31,243.33,60.462,183.51
546.51,243.19,60.944,184.97
541.94,243.49,61.155,185.61
537.18,243.31,61.544,186.79
533.18,242.95,61.939,187.99
530.37,242.09,62.136,188.59
526.49,241.69,62.345,189.22
523.11,240.67,62.386,189.35
520.04,240.46,62.521,189.76
515.69,239.93,62.722,190.37
512.28,239.81,63.056,191.38
507.83,239.64,63.363,192.31
503.39,239.57,63.9,193.94
500.07,239.89,64.347,195.3
495.79,239.86,64.481,195.7
493.15,240.33,64.871,196.89
488.78,239.7,65.178,197.82
485.26,239.4,65.519,198.86
481.56,238.29,65.685,199.36
477.46,236.99,65.757,199.58
473.21,236.67,65.661,199.29
467.33,235.64,65.568,199.01
462.26,235.23,65.585,199.06
457.4,235.39,65.57,199.01
452.54,235.62,65.771,199.62
447.92,237.03,65.453,198.65
440.85,237.31,65.526,198.88
432.69,237.54,66.018,200.37
424.8,237.57,66.345,201.36
416.96,236.9,66.85,202.9
410.13,235.6,67.61,205.2
404.75,235.14,68.117,206.74
398.91,234.92,68.622,208.27
393.68,234.65,69.077,209.66
388.14,232.71,69.747,211.69
381.61,230.97,69.868,212.06
377.68,232.08,69.888,212.12
372.51,231.79,69.78,211.79
368.47,233.35,69.833,211.95
365.22,235.51,70.13,212.85
357.2,236.6,70.458,213.85
350.92,237.96,70.655,214.45
343.32,237.22,70.793,214.86
336.5,237.22,70.596,214.26
330.19,237.42,70.429,213.76
324.22,237.71,70.239,213.18
317.52,237.2,70.075,212.68
311.06,236.69,69.923,212.22
304.94,235.64,69.483,210.89
298.39,236.22,69.493,210.92
290.37,235.98,69.373,210.55
288.59,238,69.188,209.99
285.09,239.14,69.134,209.83
279.12,239.64,69.069,209.63
272.07,241.18,69.306,210.35
263.77,243.66,69.341,210.46
255.84,245.04,69.402,210.64
247.39,244.3,69.309,210.36
241.29,244.48,69.135,209.83
235.16,243.85,68.948,209.26
228.04,242.38,69.129,209.81
220.37,240.62,69.296,210.32
215.08,239.87,69.619,211.3
209.42,240.18,69.751,211.7
202.77,240.84,70.051,212.61
196.21,241.9,70.382,213.62
188.95,241.56,70.843,215.02
180.82,241.89,71.107,215.82
171.95,242.07,71.434,216.81
163.38,240.52,71.875,218.15
155.75,240.93,72.386,219.7
147.56,239.46,72.763,220.84
139.56,237.29,73.044,221.69
133.24,235.19,73.042,221.69
126.45,233.6,73.32,222.53
119.85,234.56,73.554,223.24
113.03,234.48,73.879,224.23
106.79,234.4,74.15,225.05
100.01,234.33,74.569,226.32
92.453,233.88,74.779,226.96
83.336,235.78,75.053,227.79
73.726,236.03,75.333,228.64
66.186,237.13,75.34,228.66
57.922,238.05,75.643,229.58
51.11,236.75,75.678,229.69
45.002,235.87,75.353,228.7
39.622,235.41,74.972,227.55
31.908,235.72,75.143,228.07
24.359,235.65,75.31,228.57
18.769,236.15,75.334,228.65
12.621,236.97,75.494,229.13
6.0403,236.97,75.549,229.3
-0.67075,237.82,75.598,229.45
-8.1028,239.29,75.628,229.54
