628.5,300.5,57,141
627.79,297.38,56.765,140.42
628.11,297.29,57.005,141.01
627.65,297.42,56.621,140.06
627.51,297,56.517,139.81
627.74,297.22,56.589,139.98
627.66,297.46,56.495,139.75
627.79,297.56,56.537,139.85
627.55,297.51,56.581,139.96
627.52,297.6,56.482,139.72
627.68,297.64,56.433,139.6
626.8,297.14,56.661,140.16
626.58,297.05,56.661,140.16
626.7,297.02,56.658,140.15
626.68,297.37,56.541,139.87
626.51,297.36,56.616,140.05
626.09,296.68,56.425,139.58
626.15,297.06,56.251,139.15
626.27,297.2,56.372,139.45
625.91,297.06,56.483,139.72
625.97,297.23,56.541,139.86
625.7,297.23,56.577,139.95
625.35,297.21,56.463,139.67
624.95,297.07,56.435,139.6
624.85,296.8,56.507,139.78
624.61,297.29,56.29,139.24
624.24,297.26,56.406,139.53
623.81,297.67,56.163,138.93
623.52,297.02,56.193,139
623.29,297.2,56.306,139.28
623.09,297.65,56.245,139.13
622.73,297.75,56.171,138.95
622.55,297.75,55.944,138.39
622.4,297.55,56.149,138.89
622.13,297.66,55.93,138.35
622.65,297.71,56.02,138.58
622.38,297.99,55.855,138.17
622.21,298.14,55.735,137.87
622.34,298.35,55.721,137.84
622.19,298.33,55.671,137.71
621.89,298.65,55.475,137.23
622.27,298.35,55.334,136.88
622.74,298.55,55.423,137.1
623.11,298.5,55.406,137.06
623.26,298.37,55.467,137.21
623.34,297.99,55.542,137.39
623.94,298.07,55.668,137.71
624.65,298.56,55.675,137.72
625.04,298.66,55.583,137.49
625.31,298.28,55.716,137.82
625.83,298.22,56.053,138.66
625.97,298.14,55.828,138.1
626.23,298.3,55.958,138.42
626.39,298.66,55.643,137.64
627.23,298.7,55.622,137.59
627.04,298.34,55.816,138.07
626.96,298.71,55.767,137.95
626.85,298.81,55.771,137.96
627.19,299.42,55.693,137.77
626.61,299.83,55.799,138.03
626.81,300.14,55.838,138.13
626.71,300.6,55.686,137.75
626.97,300.92,55.606,137.55
626.75,301.28,55.348,136.91
624.58,299.89,55.517,137.33
623.06,299.69,55.439,137.14
623.31,299.12,55.379,136.99
623.24,299.8,55.322,136.85
623.37,299.88,55.519,137.34
621.16,299.35,55.457,137.18
621.75,299.81,55.408,137.06
621.4,298.88,55.187,136.52
621.15,299.24,55.296,136.78
620.79,299.77,55.489,137.26
620.11,299.44,55.268,136.72
619.94,300.11,55.33,136.87
619.72,300.64,55.399,137.04
618.82,300.42,55.26,136.7
618.16,300.24,55.292,136.77
618.78,300.16,55.472,137.22
618.26,300.11,55.377,136.99
618.8,300.25,55.464,137.2
618.37,300.57,55.332,136.87
619.1,300.29,55.55,137.41
618.24,300.23,55.437,137.13
618.66,300.23,55.442,137.15
618.77,299.91,55.518,137.33
619.58,299.94,55.513,137.32
619.97,299.7,55.456,137.18
620.71,298.82,55.608,137.56
621.1,299.7,55.745,137.89
621.75,299.61,55.577,137.48
623.27,300.5,55.639,137.63
625.08,300.23,55.818,138.08
626.56,300.02,56.014,138.56
627.62,299.75,56.076,138.71
626.64,299.68,55.927,138.35
623.37,299.84,55.432,137.12
623.21,298.76,54.801,135.56
624,299.61,54.463,134.72
626.65,299.67,54.463,134.72
625.6,299.83,54.744,135.42
626.03,300.11,54.988,136.02
625.17,300.06,54.49,134.79
625.17,300.1,54.65,135.19
625.07,299.5,54.386,134.53
626.02,299.1,53.911,133.36
624.95,299.06,53.8,133.08
625.24,299.17,53.084,131.31
627.4,298.71,53.292,131.83
627.8,299.39,53.091,131.33
629.03,299.62,52.402,129.63
628.96,299.7,51.462,127.3
630.07,299.02,50.383,124.63
630.02,298.51,50.198,124.17
633.1,298.65,49.19,121.68
635.09,298.06,48.638,120.31
642.05,294.77,48.315,119.52
646.31,294.88,48.371,119.65
648.6,293.3,48.102,118.99
650.85,293.22,47.659,117.89
651.27,293.91,47.38,117.2
648.48,292.9,46.667,115.44
650.08,293.91,46.823,115.83
650.13,294.3,47.198,116.75
607.35,338.76,47.692,117.98
608.1,342.83,47.321,117.06
610.96,342.56,47.118,116.55
637.63,315,46.992,116.24
639.59,315.84,46.808,115.79
640.59,312.3,46.975,116.2
641.34,312.65,47.216,116.8
641.93,312.04,47.44,117.35
643.05,312.62,47.8,118.24
642.7,313.41,48.253,119.36
644.63,341.15,48.174,119.17
645.5,338.85,47.835,118.33
646.51,317.05,48.026,118.8
620.67,301.08,48.588,120.19
621.27,300.06,49.007,121.23
622.93,300.61,49.305,121.97
620.85,300.43,49.168,121.63
619.07,300.37,49.205,121.72
612.47,301.09,49.274,121.89
611.04,299.84,48.781,120.67
615.45,300.98,49.511,122.47
621.52,302.1,50.968,126.08
621.68,300.99,51.698,127.88
618.92,299.7,51.811,128.17
615.87,298.7,51.287,126.87
616.02,298.8,51.504,127.41
616.52,298.7,51.495,127.38
614.89,298.51,51.431,127.22
614.3,298.21,51.366,127.06
615.2,298.71,51.328,126.97
614.84,298.6,51.702,127.89
612.96,298.53,51.707,127.91
612.88,298.03,51.691,127.87
612.13,297.73,51.322,126.95
611.26,298.08,51.154,126.54
612.99,295.52,50.523,124.98
609.65,296.16,50.633,125.25
608.23,295.4,50.807,125.68
605.75,296.51,50.828,125.73
606.99,296.82,50.926,125.97
611.59,297.12,50.862,125.82
616.59,296.77,50.523,124.98
616.08,296.93,50.421,124.73
612.77,298.49,50.373,124.61
612.04,299.21,50.29,124.4
609.53,300.35,50.019,123.73
608.3,302.19,49.568,122.61
607.65,300.55,49.197,121.7
605.05,300.61,48.744,120.58
660.49,301.34,49.462,122.35
642.59,293.69,49.071,121.39
643.78,293.49,48.658,120.37
643.59,293.14,48.338,119.57
642.61,295.64,47.845,118.35
642.22,296.41,47.569,117.67
641.83,296.45,47.331,117.08
640.72,296.35,47.244,116.87
637.19,297.31,47.322,117.06
634.4,296.56,47.22,116.81
631.46,297.3,46.977,116.21
628.29,297.41,46.879,115.96
627.28,296.97,46.428,114.85
626.61,297.13,46.266,114.45
625.17,298.06,46.43,114.85
623.62,297.54,46.576,115.21
621.88,298.17,47.401,117.26
620.9,297.92,47.897,118.48
622.26,297.14,48.147,119.1
622.55,296.64,48.048,118.85
620.99,297.18,48.359,119.62
621.89,296.9,48.601,120.22
620.51,296.96,48.96,121.11
618.8,297.34,49.003,121.22
620.37,297.4,49.025,121.27
619.7,297.56,49.094,121.44
621.28,297.06,49.211,121.73
621.38,296.83,49.328,122.02
622.06,296.51,49.37,122.13
623,296.76,49.116,121.5
624.68,296.91,48.627,120.29
624.1,296.88,48.551,120.1
623.91,297.19,48.467,119.89
624.43,296.54,48.56,120.12
625.97,296.55,48.487,119.94
626.4,296.6,48.104,118.99
625.84,296.63,47.855,118.38
625.32,296.45,47.489,117.47
625.11,296.5,47.728,118.07
625.52,297.05,47.904,118.5
624.77,296.47,48.139,119.08
625.41,296.71,48.204,119.24
624.83,296.55,48.119,119.03
624.67,296.72,47.924,118.55
624.7,296.98,47.255,116.89
625.2,296.78,46.992,116.24
624.38,296.44,46.494,115.01
624.61,297.02,46.234,114.37
624.18,297.39,45.965,113.7
624.58,297.35,45.98,113.74
624.22,297.15,46.079,113.98
623.57,297.27,46.194,114.27
623.23,297.07,46.253,114.42
624.48,296.59,46.965,116.18
627.14,296.71,47.862,118.39
626.28,296.81,48.19,119.21
626.59,296.43,48.57,120.15
625.64,296.21,48.768,120.64
624.74,296.29,48.852,120.84
624.68,297.37,48.931,121.04
625.35,297.55,48.893,120.95
625.85,297.72,48.967,121.13
626.3,297.56,48.994,121.19
626.11,297.45,49.436,122.29
625.65,297.64,49.443,122.31
625.88,297.71,49.046,121.32
625.69,297.55,49.292,121.93
625.63,297.71,49.468,122.37
624.93,297.93,49.486,122.41
624.9,297.81,49.472,122.38
624.16,297.59,49.553,122.58
624.62,297.23,49.57,122.62
625.65,297.58,49.582,122.65
625.78,297.38,49.542,122.55
625.15,297.59,49.236,121.79
625.27,297.57,49.129,121.53
624.17,297.57,49.3,121.95
624.32,297.83,49.356,122.09
624.36,297.63,49.021,121.26
624.38,297.63,48.896,120.95
624.32,297.78,48.79,120.69
624.83,298.08,48.59,120.2
625.3,297.58,48.732,120.55
625.04,297.92,48.619,120.27
625.4,297.49,48.707,120.49
625.25,297.71,48.642,120.33
625.17,297.98,48.624,120.28
625.08,298.1,48.528,120.04
625.59,298.22,48.515,120.01
625.54,298.57,48.37,119.65
625.46,298.5,48.464,119.89
625.65,298.35,48.841,120.82
625.52,298.59,48.89,120.94
626.26,298.25,49.111,121.48
625.86,298.23,49.176,121.65
625.96,298.33,49.258,121.85
626.3,298,49.329,122.02
626.61,298.33,49.392,122.18
625.77,298.39,49.318,122
624.92,297.85,49.291,121.93
624.91,298.01,49.232,121.78
625.44,297.9,49.049,121.33
625.94,298.03,48.964,121.12
625.64,298.33,48.949,121.09
626.35,298.06,48.686,120.43
626.76,297.95,48.54,120.07
627.79,297.36,48.02,118.79
629.03,298.05,47.842,118.35
630.23,298.05,47.767,118.16
631.62,298.28,47.723,118.05
628.7,298.39,48.243,119.34
626.27,299.23,48.448,119.85
628.43,299.57,48.309,119.5
627.65,302.4,47.608,117.77
630.12,302.95,47.003,116.27
630.25,301.16,47.354,117.14
626.86,298.29,48.203,119.24
626.04,297.77,48.348,119.6
626.81,298.36,48.24,119.33
625.17,298.11,48.096,118.97
625.69,298.37,48,118.74
626.66,298.64,48.007,118.75
627.08,298.74,48.007,118.75
625.76,298.63,47.921,118.54
625.33,298.74,47.411,117.28
624.6,298.58,47.168,116.68
624.72,298.44,46.996,116.25
624.98,298.36,46.74,115.62
625.12,298.79,46.93,116.09
625.17,299,47.024,116.32
624.71,298.62,46.999,116.26
624.57,298.04,46.555,115.16
625.1,298.54,45.883,113.5
624.52,298.49,45.434,112.39
627.22,299.42,46.166,114.2
627.23,299.31,46.526,115.09
628.35,299.41,46.876,115.96
628.06,299.17,47.445,117.36
627.5,299.27,47.552,117.63
626.55,299.15,47.582,117.7
626.43,298.73,47.611,117.77
626.74,298.98,47.44,117.35
627.54,299.37,47.6,117.75
626.48,299.1,47.618,117.79
626.13,298.8,47.739,118.09
626.85,298.9,47.786,118.21
627.26,298.73,47.784,118.2
629.56,298.5,47.81,118.27
630.65,298.4,47.176,116.7
631.29,298.66,46.783,115.73
630.34,299.25,46.286,114.5
630.31,299.57,45.918,113.59
629.57,299.5,45.83,113.37
628.88,298.94,45.876,113.48
628.54,298.84,46.195,114.27
627.86,298.85,46.718,115.57
627.93,298.63,46.829,115.84
627.92,299.3,46.944,116.13
627.76,298.94,47.033,116.35
626.89,298.92,47.106,116.52
626.9,299.14,46.943,116.12
627.58,299.07,46.923,116.07
627.24,299.08,46.945,116.13
627.55,299.12,47.005,116.28
627.07,298.71,47.098,116.51
626.78,299.23,47.047,116.38
627.21,299.01,47.59,117.72
627.48,298.83,47.776,118.18
627.51,298.83,47.772,118.17
628.71,299.04,47.892,118.47
627.42,298.96,47.788,118.21
626.62,298.48,47.852,118.37
624.05,297.56,47.239,116.85
622.7,297.57,46.794,115.75
620.43,297.55,46.502,115.03
623.96,297.43,46.598,115.27
623.95,297.57,46.421,114.83
621.99,297.75,46.33,114.61
626.82,299.24,46.358,114.67
632.07,298.5,46.066,113.95
630.75,298.36,45.814,113.33
629.65,298.86,45.901,113.54
655.66,297.75,46.153,114.17
651.65,297.8,46.385,114.74
643.01,299,46.916,116.05
639.34,300.42,47.315,117.04
638.11,299.73,47.303,117.01
637.33,299.91,47,116.26
633.2,299.96,46.961,116.17
632.5,299.59,47.197,116.75
631.02,299.11,47.227,116.82
631.16,298.48,47.132,116.59
630.47,299.02,46.953,116.15
629.27,299.42,46.766,115.68
628.3,299.49,46.853,115.9
627.97,299.71,47.221,116.81
626.88,300.07,47.188,116.73
627.47,299.99,47.252,116.89
627.02,299.79,47.698,117.99
626.67,299.55,47.884,118.45
626.35,299.17,47.995,118.73
626.82,299.55,48.065,118.9
627.01,299.25,48.133,119.07
626.61,299.1,48.051,118.86
626.33,299.17,47.976,118.68
626.68,299.11,48.07,118.91
626.52,299.36,48.098,118.98
626.57,299.41,47.991,118.71
626.37,299.21,48.027,118.8
626.71,299.25,48.056,118.87
626.9,299.23,48.053,118.87
627,299.19,48.042,118.84
627.14,299.34,48.013,118.77
627.19,299.32,48.071,118.91
627.36,299.04,48.209,119.25
627.06,299.22,48.275,119.42
626.73,299.2,48.279,119.43
626.89,299.77,48.184,119.19
627.01,299.72,48.094,118.97
627.53,299.94,48.194,119.22
627.44,299.89,48.173,119.17
627.66,299.28,48.12,119.03
626.64,298.82,48.481,119.93
626.55,298.52,48.745,120.58
626.87,299.24,48.622,120.28
626.92,299.02,48.353,119.61
626.27,299.3,48.242,119.34
626.85,299.21,48.188,119.2
626.78,299.17,48.078,118.93
626.75,299.24,48.028,118.81
626.48,299.24,47.95,118.61
626.02,299.4,47.985,118.7
626.63,299.26,48.085,118.95
626.72,299.21,48.139,119.08
626.89,299.15,47.915,118.53
626.97,299.18,48.067,118.9
626.7,298.88,48.206,119.25
625.87,299.87,48.039,118.83
626.34,299.97,47.985,118.7
625.64,299.62,47.92,118.54
625.84,299.61,47.947,118.61
626.45,300.25,47.804,118.25
626.21,300.09,47.775,118.18
625.93,300.18,47.81,118.27
626.34,299.64,47.869,118.41
627.05,298.91,47.694,117.98
624.38,300.13,47.346,117.12
621.82,300.51,47.586,117.71
619.98,299.23,47.675,117.93
638.21,299.07,48.208,119.25
633.89,298.12,48.238,119.33
629.88,298.69,48.243,119.34
628.81,298.68,48.106,119
627.92,299.1,48.012,118.77
627.16,298.9,48.318,119.52
629.96,299.03,47.82,118.29
630.74,299.44,47.368,117.17
630.55,300.4,47.428,117.32
630.55,300.63,47.369,117.18
627.5,303.4,46.853,115.9
628.72,302.39,47.151,116.64
627.03,301.82,47.434,117.34
625.4,298.96,47.398,117.25
626.6,299.8,47.243,116.86
626.74,299.96,47.182,116.71
626.3,299.8,46.997,116.26
627.09,299.46,47.097,116.5
628.05,299.4,47.21,116.78
628.97,299.13,47.194,116.74
629.77,299.29,46.773,115.7
629.28,299.63,47.168,116.68
627.24,299.84,47.195,116.75
627.02,299.29,47.326,117.07
627.85,299.53,47.485,117.46
626.98,299.31,47.923,118.55
627.16,300.05,48.017,118.78
626.38,299.94,48.008,118.76
626.1,299.69,47.951,118.61
626.67,299.66,48.385,119.69
626.19,299.62,48.307,119.5
626.28,299.06,48.344,119.59
626.86,299.16,47.943,118.59
626.54,298.95,48.219,119.28
626.3,299.38,48.13,119.06
626.49,299.44,47.566,117.66
626.55,299.38,47.465,117.41
626.74,299.74,47.461,117.4
626.85,299.61,47.597,117.74
626.46,298.97,48.197,119.22
627.14,299.11,48.426,119.79
626.21,299.06,48.513,120.01
625.69,299.32,48.458,119.87
625.75,298.96,48.499,119.97
625.71,299,48.65,120.34
626.14,298.87,48.85,120.84
626.7,299.08,48.915,121
626.09,299.07,48.919,121.01
626.87,299.27,48.896,120.95
626.28,299.43,48.914,121
626.23,299.47,48.885,120.93
626.1,299.24,48.926,121.03
626.66,299.28,48.414,119.76
626.98,299.24,48.314,119.51
627.29,299.35,48.166,119.15
626.74,299.33,48.148,119.1
626.82,299.34,47.781,118.19
627.19,299.21,47.988,118.71
626.7,299.33,48.085,118.95
626.89,299.4,48.203,119.24
626.87,299.6,48.2,119.23
627.21,299.55,48.19,119.21
627.12,299.41,48.148,119.1
626.82,299.16,48.142,119.09
626.91,299.13,48.129,119.06
626.97,299.47,48.132,119.06
626.43,299.34,48.167,119.15
626.25,299.69,48.028,118.81
626.43,299.67,48.049,118.86
626.17,299.64,48.097,118.98
625.74,299.52,48.086,118.95
625.88,299.26,48.169,119.16
625.71,299.55,48.125,119.05
625.49,299.55,48.11,119.01
625.37,299.32,48.101,118.99
624.84,298.96,48.167,119.15
623.9,299.41,47.737,118.09
624.6,298.76,47.791,118.22
624.29,297.11,48.402,119.73
627.48,297.29,48.422,119.78
625.98,297.23,48.85,120.84
624.99,297.19,49.181,121.66
624.01,298.64,48.725,120.53
624.1,298.76,48.616,120.26
624.44,298.47,48.55,120.1
623.39,298.72,48.482,119.93
622.98,298.66,48.51,120
622.25,298.45,48.697,120.46
622.36,298.59,48.932,121.04
622.54,298.4,49.117,121.5
622.29,298.59,49.205,121.72
621.94,298.39,49.417,122.24
622.72,299.04,49.13,121.53
621.54,298.92,49.156,121.6
621.51,298.86,48.857,120.86
621.36,298.84,48.781,120.67
623.64,298.9,49.004,121.22
622.21,298.03,49.052,121.34
619.62,299.23,48.613,120.25
623.5,298.94,48.36,119.63
622.92,299.18,48.065,118.9
622.35,299.1,48.107,119
622.44,299.49,47.886,118.45
622.75,299.2,48.017,118.78
622.69,299.12,48.05,118.86
622.3,299.11,48.015,118.77
622.21,299.12,48.055,118.87
622.12,299.4,47.754,118.13
622.28,299.29,47.664,117.91
622.06,299.28,47.922,118.54
622.05,299.42,47.956,118.63
621.86,299.35,48.021,118.79
621.88,299.54,48,118.74
622.2,299.86,48.017,118.78
621.87,299.99,48.039,118.83
622.12,300.08,47.982,118.69
622.2,299.72,48.337,119.57
622.34,299.97,48.397,119.72
622.5,299.9,48.424,119.79
622.57,299.97,48.438,119.82
622.62,300.17,48.378,119.67
623.22,300.35,48.329,119.55
623.51,300.38,48.398,119.72
623.73,300.26,48.472,119.9
624.03,300.29,48.518,120.02
624.46,300.32,48.56,120.12
624.39,300.31,48.625,120.28
624.59,300.24,48.805,120.73
624.58,300.25,48.794,120.7
624.78,300.47,48.801,120.72
624.15,300.51,48.865,120.88
623.45,300.44,48.852,120.85
623.18,300.72,48.868,120.88
622.33,300.36,48.904,120.97
622.03,300.68,48.883,120.92
621.32,300.61,48.837,120.81
620.96,300.79,48.699,120.47
620.39,300.99,48.736,120.56
619.68,301.04,48.693,120.45
618.79,300.93,48.668,120.39
618.16,301,48.626,120.28
617.11,301.03,48.744,120.58
615.99,301.22,48.636,120.31
614.74,301.37,48.593,120.2
615.03,301.36,48.556,120.11
614.94,301.21,48.6,120.22
614.76,301.12,48.539,120.07
614.82,301.02,48.512,120
615.55,300.81,48.506,119.99
615.84,300.85,48.528,120.04
616.36,300.98,48.612,120.25
616.95,301.07,48.624,120.28
617.33,301.12,48.598,120.22
617.17,301.28,48.559,120.12
617.5,301.13,48.559,120.12
617.72,300.74,48.573,120.15
618.17,300.86,48.59,120.2
618.31,300.68,48.563,120.13
618.37,300.79,48.595,120.21
618.23,300.86,48.609,120.24
617.97,300.96,48.51,120
617.46,301.07,48.426,119.79
617.26,301,48.38,119.68
616.75,301.22,48.338,119.57
617.31,301.32,48.254,119.37
617.57,300.83,48.319,119.53
617.46,300.7,48.374,119.66
617.81,300.53,48.077,118.93
618.27,300.33,48.096,118.97
617.76,300.65,48.141,119.08
614.52,300.84,48.019,118.78
608.87,301.29,48.302,119.48
610.3,301.33,48.308,119.5
610.66,301.07,48.442,119.83
610.93,301.01,48.565,120.13
611.18,300.78,48.775,120.65
612.35,300.9,48.743,120.57
612.55,300.76,48.739,120.56
613.21,300.63,48.804,120.72
613.07,300.44,48.874,120.9
613.81,300.35,48.845,120.83
613.92,300.29,48.847,120.83
614.05,300.44,48.79,120.69
614.35,300.16,48.788,120.69
614.63,300.24,48.752,120.6
615.39,300.39,48.535,120.06
615.57,300.3,48.477,119.92
615.59,300.38,48.384,119.69
616.3,300.39,48.292,119.46
616.86,300.68,48.246,119.35
616.81,300.35,48.265,119.39
617.2,300.16,48.292,119.46
617.69,300.43,48.342,119.58
617.97,300.12,48.35,119.6
618.18,300.18,48.322,119.53
618.14,300.09,48.317,119.52
618.38,299.94,48.312,119.51
618.45,299.9,48.37,119.65
618.68,299.85,48.364,119.64
618.71,299.87,48.365,119.64
619.02,299.81,48.323,119.54
619.65,299.88,48.122,119.04
619.87,299.73,48.058,118.88
619.97,299.48,48.18,119.18
620.15,299.55,48.129,119.05
620.44,299.33,48.261,119.38
620.37,299.19,48.292,119.46
620.79,299.18,48.283,119.44
620.68,298.77,48.303,119.49
620.89,298.84,48.309,119.5
621.01,298.77,48.421,119.78
621.05,298.52,48.494,119.96
621.37,298.54,48.506,119.99
621.55,298.67,48.295,119.47
621.67,298.74,48.408,119.75
621.66,298.53,48.493,119.96
621.63,298.6,48.344,119.59
621.81,298.4,48.352,119.61
621.84,298.45,48.261,119.38
622.07,298.29,48.224,119.29
622.42,297.89,48.405,119.74
622.61,297.87,48.452,119.85
622.3,297.98,48.438,119.82
622.72,297.97,48.392,119.71
622.87,297.89,48.405,119.74
623.1,297.77,48.338,119.57
623.33,297.96,47.976,118.68
623.88,297.59,47.978,118.68
624.74,297.51,47.939,118.58
625.51,297.36,47.756,118.13
625.14,297.37,47.661,117.9
624.78,297.11,47.59,117.72
625.52,297.2,47.974,118.67
625.83,297.1,47.985,118.7
625.72,296.9,48.194,119.22
626.25,296.97,48.007,118.75
625.79,296.69,47.913,118.52
626.86,295.81,47.866,118.41
627.93,295.14,47.78,118.19
628.71,294.8,47.715,118.03
628.41,295.08,47.766,118.16
628.66,293.95,47.743,118.1
628.9,294.3,47.458,117.4
629.92,294.7,47.117,116.55
630.54,295.12,46.858,115.91
630.05,294.36,47.028,116.33
629.33,294.85,47.059,116.41
627.76,294.96,47.06,116.41
627.73,295.21,47.126,116.57
627.75,294.96,47.632,117.83
628.46,294.87,47.856,118.38
627.43,294.14,48.039,118.83
626.09,293.55,48.551,120.1
626,294.59,48.729,120.54
626.92,294.74,48.638,120.32
626.78,295.13,48.578,120.17
627.16,295.05,48.497,119.97
626.79,295.07,48.651,120.35
627.23,295.62,48.525,120.04
626.77,295.9,48.145,119.09
626.39,295.86,47.952,118.62
626.45,296.27,47.863,118.4
625.91,295.99,47.902,118.5
626.35,296.22,47.868,118.41
626.19,295.74,47.839,118.34
626.66,295.95,47.922,118.54
626.45,295.99,47.885,118.45
626.32,296.12,47.829,118.31
626.35,295.99,47.82,118.29
626.45,296.1,47.781,118.2
626.29,296.17,47.741,118.1
626.32,296.28,47.713,118.03
626.42,296.37,47.844,118.35
626.1,296.16,47.869,118.41
625.91,295.74,47.882,118.44
625.36,296.27,47.857,118.38
625.48,296.13,47.712,118.03
625.93,296.65,47.874,118.42
625.65,296.51,47.981,118.69
625.26,296.41,48.059,118.88
625.5,296.39,48.139,119.08
625.32,296.03,48.11,119.01
625.34,296.5,48.088,118.95
625.18,296.33,48.068,118.91
625.32,296.66,48.039,118.83
625.16,296.52,48.042,118.84
625.04,296.58,48.013,118.77
625.34,296.51,48.023,118.79
625.4,296.66,48.011,118.76
625.12,296.74,48.161,119.14
624.44,296.68,48.166,119.15
624.4,296.6,48.121,119.04
624.5,296.58,48.201,119.23
624.35,296.48,48.3,119.48
624.33,296.79,48.21,119.26
624.08,296.61,48.192,119.21
624.02,296.63,48.222,119.28
623.94,296.5,48.228,119.3
623.74,296.78,48.246,119.35
623.65,296.74,48.31,119.5
623.45,296.71,48.486,119.94
623.21,296.69,48.657,120.36
623.47,296.34,48.751,120.6
623.55,296.26,48.842,120.82
623.32,296.41,48.921,121.02
623.12,296.82,48.85,120.84
622.73,296.91,48.771,120.64
623.11,296.59,48.655,120.36
623.75,296.31,48.743,120.58
623.35,296.73,48.763,120.62
623.14,296.98,48.591,120.2
623.13,296.91,48.579,120.17
623.42,296.68,48.645,120.33
623.18,297.04,48.507,119.99
623.69,296.84,48.537,120.06
623.55,296.77,48.493,119.96
623.88,296.54,48.528,120.04
623.68,296.66,48.567,120.14
623.67,296.98,48.529,120.05
623.57,296.79,48.549,120.1
623.48,296.66,48.552,120.1
623.17,296.6,48.473,119.91
622.94,296.76,48.417,119.77
623.02,296.79,48.404,119.74
623.03,296.85,48.462,119.88
622.76,297.01,48.412,119.76
622.94,297.05,48.415,119.76
623.06,297.22,48.376,119.67
623.29,297.34,48.345,119.59
623.27,297.44,48.312,119.51
623.55,297.44,48.249,119.35
623.41,297.45,48.205,119.24
623.6,297.65,48.216,119.27
623.34,297.63,48.291,119.46
623.68,297.64,48.693,120.45
623.47,297.25,48.934,121.05
623.58,297.55,48.426,119.79
624.03,297.29,48.258,119.38
624.93,297.33,47.822,118.3
624.89,296.61,47.826,118.31
624.38,294.17,48.513,120.01
624.65,294.41,49.038,121.3
625.21,294.36,49.6,122.69
626.11,293.99,49.777,123.13
623.84,293.79,49.837,123.28
624.77,294.54,49.407,122.22
623.87,294.31,49.379,122.15
621.42,294.27,49.375,122.14
622.86,294.54,49.038,121.31
620.61,295.67,48.882,120.92
621.34,296.31,48.865,120.88
621.32,296.31,48.747,120.59
621.24,297.09,48.48,119.93
621.89,297.35,48.343,119.59
621.69,297.78,48.268,119.4
621.27,297.76,48.483,119.93
620.78,297.58,48.296,119.47
621.08,297.94,48.379,119.67
621.23,297.98,48.423,119.78
621.65,298,48.536,120.06
621.75,297.96,48.578,120.17
621.63,297.91,48.583,120.18
621.14,297.86,48.494,119.96
620.94,297.7,48.177,119.17
620.66,298.11,48.108,119
620.37,297.86,48.23,119.3
619.92,297.8,48.31,119.5
620.13,298.01,48.353,119.61
620.34,297.8,48.427,119.79
619.48,298,48.315,119.52
619,298.17,48.171,119.16
618.63,297.99,48.152,119.11
618.25,298.08,48.184,119.19
621.45,297.73,48.407,119.74
620.94,297.49,48.503,119.98
621.45,298.03,48.648,120.34
621.2,298.59,48.76,120.62
620.49,298.55,48.393,119.71
619.8,297.98,48.599,120.22
619.63,297.9,48.572,120.15
619.36,298.21,48.469,119.9
619.06,298.29,48.445,119.84
619.21,298.63,48.389,119.7
619.52,298.75,48.304,119.49
619.67,298.82,48.118,119.03
619.97,298.69,48.366,119.64
620.3,298.47,48.448,119.85
619.13,298,48.423,119.78
619.02,297.91,48.385,119.69
619.55,298,48.297,119.47
618.81,297.67,48.031,118.81
616.9,298.48,47.836,118.33
617.62,298.16,48.165,119.14
620.92,299.61,47.564,117.66
622.14,298.47,47.798,118.24
622.45,298.17,47.99,118.71
620.91,298.28,48.04,118.84
619.98,299.29,47.864,118.4
619.23,298.66,47.965,118.65
619.16,299,48.029,118.81
619.39,298.7,48.463,119.88
618.84,298.55,48.676,120.41
618.87,298.53,48.685,120.43
618.46,298.67,48.725,120.53
618.73,298.93,48.701,120.47
619.04,298.75,48.744,120.58
618.91,298.62,48.737,120.56
619.2,298.76,48.719,120.52
620.01,298.9,48.774,120.65
619.68,298.74,48.781,120.67
619.65,298.7,48.772,120.65
619.43,298.9,48.771,120.64
619.34,298.92,48.753,120.6
619.15,299.15,48.69,120.44
618.96,299.25,48.695,120.46
618.55,299.08,48.969,121.13
618.47,299.05,49.107,121.48
618.15,298.95,49.109,121.48
617.96,299.04,49.079,121.41
618.06,299.24,49.047,121.33
618.05,299.49,49.003,121.22
618.55,299.53,49.002,121.22
618.84,299.57,49.046,121.32
618.34,299.34,49.014,121.24
618.49,299.56,49.034,121.29
618.4,299.47,49.087,121.43
618.29,299.33,49.112,121.49
618.2,299.23,49.143,121.56
617.93,299.21,49.216,121.74
618.31,299.36,49.313,121.99
618.2,299.2,49.401,122.2
618.24,299.18,49.381,122.15
618.29,299.43,49.304,121.96
618.72,299.39,49.474,122.38
618.26,299.41,49.5,122.45
618.38,299.3,49.528,122.52
618.49,299.67,49.262,121.86
618.44,300.12,49.014,121.24
618.15,299.75,49.077,121.4
618.61,299.13,48.992,121.19
618.99,299.31,49.065,121.37
619.55,300.45,48.358,119.62
617.79,300.57,48.676,120.41
621.01,299.22,48.583,120.18
618.51,300.7,48.68,120.42
615.1,298.3,49.48,122.4
616.12,298.42,49.658,122.84
614,297.98,49.912,123.47
615.49,297.91,49.823,123.25
617.57,299.45,49.739,123.04
617.81,299.86,49.52,122.5
618.08,300.18,49.466,122.36
618.77,300.07,49.512,122.48
618.54,300.2,49.464,122.36
618.86,300.2,49.373,122.13
618.53,300.37,49.307,121.97
619.46,300.33,49.492,122.43
619.42,300.29,49.35,122.08
619.52,300.33,49.375,122.14
619.49,300.27,49.387,122.17
619.78,300.29,49.34,122.05
620.22,300.42,49.273,121.89
620.22,300.33,49.471,122.38
620.32,300.46,49.553,122.58
620.67,300.49,49.555,122.58
620.8,300.36,49.683,122.9
621.09,300.33,49.745,123.05
621.04,300.13,49.73,123.02
621.36,300.15,49.695,122.93
621.86,300.51,49.729,123.01
622.15,300.21,49.712,122.97
622.23,300.42,49.67,122.87
622.49,300.76,49.66,122.84
622.74,300.98,49.542,122.55
623.04,301.21,49.505,122.46
623.35,300.88,49.847,123.31
623.63,301.1,49.83,123.26
624,300.95,49.828,123.26
624.33,301.01,49.787,123.16
625.03,301.38,49.779,123.14
625.62,301.53,49.818,123.23
626.15,300.53,49.969,123.61
626.47,300.44,50.221,124.23
626.83,300.15,50.186,124.14
627.45,300.38,50.254,124.31
628.07,300.31,50.239,124.28
628.32,300.47,50.087,123.9
628.92,300.56,50.212,124.21
628.8,300.53,50.293,124.41
628.13,300.53,50.235,124.26
628.73,300.43,49.956,123.57
625.44,300.54,49.933,123.52
624.33,300.03,49.924,123.5
623.65,299.91,50.107,123.95
623.38,299.17,50.372,124.6
624.56,297.99,50.484,124.88
626.04,296.93,50.942,126.01
626.51,295.99,51.237,126.74
626.9,295.28,51.384,127.11
626.98,295.36,51.308,126.92
627.71,295.26,51.34,127
628.5,295.06,51.388,127.12
629.07,294.75,51.47,127.32
628.77,294.81,51.46,127.3
629.49,294.67,51.452,127.28
628.93,294.63,51.468,127.32
630.06,294.04,51.702,127.89
629.98,293.77,51.791,128.12
630.63,293.43,51.986,128.6
630.23,292.73,52.113,128.91
630.09,293.05,52.106,128.89
628.96,292.92,52.063,128.79
627.75,292.95,52.078,128.82
627.09,292.52,52.131,128.96
625.89,292.88,52.303,129.38
624.19,292.52,52.46,129.77
623.2,293.24,52.736,130.45
626.27,294.25,52.732,130.44
632.13,294.73,52.02,128.68
630.95,295.29,51.347,127.02
631.79,296.99,50.648,125.29
631.44,297.42,50.223,124.23
632.27,298.88,49.658,122.84
632.94,298.82,49.177,121.65
632.8,299.29,49.104,121.47
632.97,299.13,48.884,120.92
632.23,299.4,48.902,120.97
633.19,299.85,48.799,120.71
633.3,300.19,48.747,120.59
634.55,300,48.71,120.49
634.99,299.58,48.882,120.92
640.07,299.62,49.032,121.29
639.7,299.5,48.931,121.04
639.68,298.98,48.997,121.2
638.54,299.17,48.944,121.07
637.79,299.16,48.834,120.8
637,299.5,48.796,120.7
636.17,299.79,48.516,120.01
