9.5,341.5,65,116
10.424,344.42,65.237,116.42
14.918,343.86,64.358,114.85
18.315,342.92,64.127,114.44
21.832,339.63,64.341,114.82
23.385,338.18,64.671,115.41
29.447,338.25,65.265,116.47
33.951,335.67,65.254,116.45
38.657,334.61,65.212,116.38
42.607,331.91,65.741,117.32
45.818,331.38,65.575,117.03
48.219,332.1,65.69,117.23
50.15,329.22,65.511,116.91
54.127,326.56,65.183,116.33
56.55,326.33,64.028,114.26
59.372,325.25,63.523,113.36
63.83,325.15,62.86,112.18
67.086,322.55,62.654,111.81
69.377,320.74,62.32,111.22
71.77,320.77,62.114,110.85
74.232,320.45,61.55,109.84
75.992,318.67,61.327,109.44
78.585,317.72,60.924,108.73
79.946,316,60.722,108.37
83.682,316.9,60.307,107.63
86.942,315.04,59.999,107.07
89.939,312.77,59.771,106.67
93.086,312.5,59.602,106.37
94.986,311.66,58.625,104.62
97.066,311.68,58.002,103.51
98.51,309.77,58.269,103.99
100.32,307.51,58.075,103.64
104.34,307.99,58.058,103.61
107.91,306.02,57.839,103.22
110.76,304.74,57.563,102.73
113.97,303.65,57.563,102.73
116.02,302.41,57.268,102.2
118.9,302.81,56.378,100.61
121.29,301.44,56.137,100.18
123.16,299.28,56.278,100.43
127.04,299.24,56.117,100.15
132.15,298.13,55.743,99.48
137.55,296.15,55.359,98.794
140.11,294.26,55.057,98.256
142.29,294.6,54.572,97.389
145,294.67,54.752,97.711
147.65,292.62,54.345,96.985
151.1,290.71,54.104,96.554
153.6,291.17,53.705,95.842
156.29,290.87,53.821,96.049
160.55,290.94,53.748,95.919
163.99,288.31,53.618,95.688
167.14,286.79,53.283,95.09
170.48,287.35,52.75,94.139
171.96,286.95,52.634,93.931
173.19,284.05,52.689,94.029
177.9,281.76,52.862,94.339
182.12,281.63,53.006,94.595
184.22,281.55,53.272,95.069
186.14,279.7,53.48,95.441
190.49,278.43,53.254,95.039
193.21,278.22,52.836,94.292
195.65,278.55,53.05,94.674
198.98,278.41,53.097,94.757
200.38,276.44,52.754,94.146
202.69,275.93,52.447,93.598
205.87,277.04,52.133,93.037
208.91,275.93,51.797,92.437
211.85,274.44,51.751,92.355
214.83,274.32,51.288,91.53
216.76,272.47,50.697,90.475
220.26,272.95,50.6,90.302
222.05,271.79,50.288,89.744
224.13,270.07,50.23,89.642
227.14,270.74,50.13,89.463
231.83,268.16,50.01,89.248
234.95,267.2,49.578,88.477
237.79,266.42,49.171,87.752
240.36,265.29,48.926,87.314
243.72,266.85,48.414,86.401
246.6,265.9,48.085,85.813
248.04,264.11,47.897,85.478
250.61,264.91,47.582,84.915
254.2,264.1,47.498,84.766
259.22,264.19,47.413,84.613
262.89,262.9,47.244,84.313
265.27,261.26,47.307,84.425
267.98,261.1,47.136,84.12
271.17,260.79,46.856,83.62
273.81,258.34,46.468,82.928
276.2,258.59,46.324,82.67
277.89,257.6,46.458,82.91
281.53,257.32,46.125,82.315
284.63,257.55,46.155,82.369
287.24,255.41,46.203,82.454
290.13,254.43,45.862,81.846
293.87,255.4,45.671,81.506
295.38,253.44,45.514,81.225
298.18,253.72,45.749,81.644
299.23,252.46,46.076,82.228
301.23,251.65,46.141,82.344
304.34,252.59,45.907,81.927
307.22,251.4,45.83,81.789
309.45,249.55,45.689,81.537
312.26,249.21,45.781,81.701
314.55,248.23,45.638,81.447
317.25,248.78,45.511,81.22
319.92,246.22,45.687,81.533
321.28,246.45,45.437,81.088
325,247,45.241,80.738
327.75,245.73,45.316,80.871
330.48,245.07,45.038,80.375
332.8,244.41,45.034,80.368
334.62,244.07,44.608,79.608
337.51,245.28,44.388,79.216
339.02,243.37,44.167,78.821
341.14,242.72,43.949,78.433
342.72,243.52,43.903,78.349
346.05,242.27,43.681,77.954
347.9,241.29,43.492,77.617
349.28,240.26,43.484,77.603
350.63,240.62,43.364,77.388
351.69,240.23,43.078,76.877
352.73,238.93,43.056,76.838
353.6,238.84,42.968,76.681
354.7,238.42,42.868,76.503
356.74,238.13,42.647,76.109
358.33,237.55,42.405,75.677
359.1,235.76,42.455,75.766
359.57,236.21,42.476,75.804
360.39,235.88,42.569,75.969
360.08,234.51,42.573,75.976
360.95,233.62,42.362,75.6
362.36,232.61,42.402,75.671
363.77,232.3,42.868,76.504
365.66,232.97,43.06,76.846
329.3,230.87,43.06,76.845
329.47,230.25,42.801,76.383
332.48,230.45,42.87,76.507
333.73,229.66,42.937,76.626
334.45,229.37,42.837,76.447
336.18,228.16,42.681,76.169
336.38,227.45,42.465,75.784
338.76,229.04,42.41,75.686
340.17,227.52,42.314,75.515
340.97,226.41,41.939,74.844
342.44,226.77,41.747,74.503
343.85,226.28,41.495,74.053
345.37,226.58,41.456,73.983
346.32,224.19,41.533,74.12
347.58,224.19,41.503,74.067
349.98,225.42,41.399,73.882
390.88,224.02,41.625,74.284
424.22,220.62,41.337,73.771
438.89,218.95,40.934,73.052
438.45,218.63,40.813,72.836
440.5,220.67,40.791,72.797
440.87,218.7,40.825,72.857
442.26,218.11,40.674,72.588
443.8,218.01,40.652,72.549
446.33,217.77,40.438,72.167
448.86,217.23,40.274,71.874
449,215.78,39.96,71.314
449.97,217.43,39.836,71.091
450.54,216.82,39.779,70.99
450.79,215.8,40.089,71.543
451.85,215.88,39.79,71.01
452.53,215.32,39.819,71.062
453.38,215.15,39.455,70.411
454.96,215.68,39.464,70.429
455.48,213.71,39.556,70.592
455.6,213.45,39.476,70.45
456.15,214.12,39.334,70.196
456.79,213.24,39.223,69.998
457.4,212.89,39.088,69.758
458.2,212.09,39.126,69.825
458.85,211.96,39.058,69.703
459.97,212.91,39.028,69.651
460.85,211.31,38.893,69.41
461.18,210.89,38.523,68.748
462.13,211.69,38.559,68.812
462.18,210.61,38.482,68.675
462.81,211.29,38.542,68.783
463.5,209.09,38.381,68.495
464.19,209.06,38.309,68.366
465.27,210.06,38.368,68.473
466.04,209.23,38.499,68.706
466.41,207.86,38.252,68.265
467.13,207.63,38.186,68.148
467.46,207.43,38.229,68.224
467.63,208.07,38.039,67.885
468.12,207.64,38.08,67.959
468.42,205.77,37.933,67.696
468.83,207.37,37.816,67.486
469.34,207.22,37.705,67.289
470.03,206.62,37.603,67.107
470.7,207.26,37.249,66.476
471.22,205.59,37.246,66.47
471.46,206.17,37.079,66.171
471.87,206.5,36.775,65.63
472.32,204.94,36.497,65.133
473.22,205.05,36.098,64.421
473.63,205.34,36.125,64.47
474.45,204.51,35.905,64.077
475.53,205.43,35.634,63.594
475.86,204.04,35.558,63.457
476.09,203.31,35.518,63.386
476.17,204.3,35.567,63.473
476.07,203.89,35.415,63.202
475.89,203.69,35.386,63.15
476.22,203.64,35.214,62.843
476.18,202.77,35.128,62.689
475.96,203.64,35.137,62.707
476.05,202.39,35.006,62.472
475.99,201.4,34.756,62.026
476.39,202.22,34.678,61.886
475.81,201.45,34.843,62.182
476.21,202.32,34.787,62.082
476.13,201.35,34.56,61.677
476.23,199.75,34.355,61.31
476.66,201.03,34.356,61.312
477.25,201.55,34.272,61.162
477.98,200.15,34.014,60.702
478.24,200.42,33.701,60.143
478.55,199.37,33.563,59.897
479.19,200.3,33.482,59.752
480,200.62,33.531,59.841
480.46,198.22,33.562,59.895
481.04,198.62,33.529,59.836
482.85,199.21,33.599,59.962
483.78,198.15,33.539,59.855
485.45,198.54,33.634,60.023
485.68,197.08,33.534,59.845
486.73,197.5,33.619,59.997
488.58,198.06,33.607,59.976
489.46,197.19,33.47,59.732
490.91,196.43,33.435,59.668
492.53,196.37,33.142,59.145
493.25,196.35,33.386,59.58
495.82,196.31,33.323,59.468
495.92,194.34,33.189,59.229
497.46,194.17,33.22,59.285
498.89,196.13,33.136,59.134
499.6,195,33.242,59.323
501.61,193.84,33.259,59.355
501.49,192.9,33.305,59.436
503.82,193.71,33.466,59.723
505.82,192.59,33.416,59.635
506.7,190.87,33.491,59.769
508.47,192.34,33.543,59.861
509.46,191.01,33.597,59.958
510.41,191.39,33.645,60.044
511.32,191.81,33.676,60.099
512.76,189.25,33.651,60.054
514.38,192.01,33.845,60.4
518.06,190.75,33.929,60.55
518.8,189.86,33.868,60.442
519.96,189.67,33.879,60.461
520.78,189.58,33.907,60.51
521.88,190.28,33.858,60.424
524.04,188.32,33.823,60.362
525.1,189.35,33.994,60.666
526.25,188.44,33.99,60.66
528.01,187.39,33.866,60.438
