437.5,336.5,67,114
436.76,340.94,66.999,114
436.45,340.6,67.126,114.21
436.47,340.57,67.441,114.75
437.23,340.95,67.013,114.02
437.46,341.37,66.918,113.86
437.13,341.65,67.101,114.17
437.37,341.4,67.143,114.24
437.18,341.44,67.502,114.85
436.46,340.98,67.772,115.31
436.29,341.13,67.835,115.42
436.13,341.13,67.779,115.33
435.89,340.98,67.879,115.49
436.25,341.45,67.725,115.23
436.13,342.39,68.004,115.71
434.81,342.17,68.176,116
436.52,339.9,68.415,116.41
438.61,338.21,68.064,115.81
440.66,328.54,67.49,114.83
440.29,290.08,69.153,117.66
437.53,248.54,69.891,118.92
442.74,227.06,70.039,119.17
437.08,191.68,69.988,119.08
441.66,189.41,70.798,120.46
436.18,189.79,71.018,120.84
436.72,190.01,71.009,120.82
433.47,189.43,71.281,121.28
436.14,192.08,72.08,122.64
434.53,192.82,71.592,121.81
433.42,192.75,71.42,121.52
434.2,194.35,71.604,121.83
405.76,195.14,72.058,122.61
375.59,194.75,71.944,122.41
342.98,195.05,71.608,121.84
313.67,197.17,71.491,121.64
285.94,196,70.839,120.53
257.83,194.56,70.562,120.06
196.23,192.7,70.6,120.13
194.44,193.11,70.037,119.17
192.52,194.96,69.566,118.37
187.68,195.98,69.724,118.63
169.75,199.19,69.426,118.13
125.27,200.76,68.536,116.61
88.79,200.38,67.693,115.18
56.459,200.85,67.142,114.24
17.207,204.48,67.39,114.66
-11.318,203.24,66.618,113.35
-18.562,206.06,65.794,111.95
-24.976,203.48,65.658,111.72
-23.028,203.88,65.207,110.95
-20.915,204.81,64.864,110.36
-20.535,202.91,65.341,111.18
-20.184,204.53,65.172,110.89
-19.812,202.66,65.273,111.06
-19.012,204.13,65.334,111.17
-8.5603,201.03,64.919,110.46
-27.528,211.7,64.819,110.29
-18.514,202.56,64.707,110.1
-16.279,201.24,64.502,109.75
-15.443,202.44,64.662,110.02
-15.257,203.02,64.659,110.02
-17.171,203.27,64.692,110.07
-16.271,201.61,64.555,109.84
-17.47,199.64,64.647,110
-19.128,204.17,64.795,110.25
-19.596,202.61,64.743,110.16
-25.506,213.2,64.742,110.16
-20.189,202.18,64.778,110.22
-25.398,212.86,64.909,110.44
-12.669,223.36,64.591,109.9
-19.961,214.75,63.567,108.16
-19.518,212.17,63.644,108.29
-18.282,213.84,63.314,107.73
-17.879,214.31,63.554,108.14
-19.356,214.64,63.478,108.01
-19.014,214.47,63.252,107.62
-19.546,216.99,63.229,107.58
-19.176,216.21,63.098,107.36
-19.026,212.05,63.039,107.26
-19.576,215.74,63.028,107.24
-19.294,214.93,62.829,106.9
-18.963,216.42,62.54,106.41
-19.38,216.03,62.495,106.33
-17.594,215.53,61.804,105.16
-17.379,214.39,61.495,104.63
-17.551,217.5,61.136,104.02
-17.936,217.53,61.116,103.99
-17.779,216.73,61.307,104.31
-18.603,216.43,61.462,104.58
-18.548,217.07,61.429,104.52
-18.338,216.34,61.456,104.57
-18.12,216.24,61.227,104.18
-17.958,216.33,60.914,103.64
-18.474,216.24,60.854,103.54
-18.365,216.98,60.928,103.67
-18.149,216.87,60.788,103.43
-18.148,217.18,60.742,103.35
-17.966,216.94,60.768,103.4
-17.905,216.96,60.759,103.38
-18.006,216.74,60.438,102.84
-18.108,217.56,60.643,103.18
-18.743,216.86,60.496,102.93
-17.964,217.43,60.6,103.11
-18.482,217.2,60.626,103.16
-18.374,216.93,60.443,102.84
-17.874,217.22,60.694,103.27
-17.931,217.46,60.657,103.21
-19.262,217.04,60.812,103.47
-18.497,217.06,60.691,103.27
-18.453,216.97,60.671,103.23
-18.964,216.83,60.764,103.39
-18.699,217.04,60.754,103.37
-18.387,216.66,60.579,103.08
-18.277,216.59,60.556,103.04
-18.479,216.19,60.663,103.22
-18.472,216.37,60.516,102.97
-18.516,216.82,60.679,103.25
-18.157,216.43,60.798,103.45
-17.686,216.87,60.654,103.2
-18.671,216.55,60.903,103.63
-18.595,216.21,61.153,104.05
-18.054,216.69,61.031,103.84
-18.474,216.18,61.096,103.95
-18.13,216.48,61.179,104.1
-17.698,216.81,60.769,103.4
-18.077,216.95,61.131,104.01
-17.894,217.02,60.823,103.49
-17.588,216.86,60.803,103.46
-17.269,217.26,60.792,103.44
-17.394,216.9,60.79,103.43
-17.227,216.68,61.03,103.84
-17.26,216.35,61.081,103.93
-17.202,216.32,61.304,104.31
-16.753,216.46,60.555,103.03
-16.836,216.91,60.786,103.43
-16.48,216.66,61.111,103.98
-16.568,216.51,61.324,104.34
-16.577,216.1,61.468,104.59
-16.8,216.23,61.634,104.87
-16.651,216.04,61.405,104.48
-16.549,216.35,61.303,104.31
-16.873,216.55,61.301,104.3
-16.793,216.21,61.298,104.3
-16.841,216.39,61.391,104.46
-16.549,216.25,61.546,104.72
-15.85,217.22,60.805,103.46
-15.672,217.5,60.718,103.31
-15.713,217.46,60.669,103.23
-16.348,216.29,61.402,104.47
-15.806,217.23,61.053,103.88
-15.732,217.33,60.959,103.72
-15.771,216.72,61.104,103.97
-15.753,217.72,60.974,103.75
-16.556,216.43,61.664,104.92
-16.553,216.29,62.005,105.5
-16.762,216.35,62.011,105.51
-16.719,216.46,61.997,105.49
-16.149,216.91,61.491,104.63
-15.758,217.36,61.484,104.61
-15.66,217.31,61.69,104.97
-15.889,216.79,61.72,105.02
-16.102,216.73,62.09,105.65
-15.998,216.49,62.256,105.93
-14.89,217.42,61.783,105.12
-14.612,217.58,61.706,104.99
-15.315,217.19,61.83,105.2
-14.963,217.6,61.835,105.21
-14.866,217.34,61.968,105.44
-14.859,217.3,61.992,105.48
-14.799,217.26,62.049,105.58
-15.354,217.26,61.92,105.36
-15.402,217.51,61.837,105.22
-14.985,218.42,61.688,104.96
-15.899,217.43,62.314,106.03
-16.025,217.29,62.495,106.34
-15.39,217.56,62.135,105.72
-15.762,217.31,62.475,106.3
-15.848,217.63,62.392,106.16
-16.102,217.65,62.296,106
-15.839,218.03,62.262,105.94
-15.796,217.95,62.295,105.99
-16.018,217.34,62.428,106.22
-15.977,217.76,62.342,106.08
-16.155,217.58,62.383,106.14
-16.393,217.82,62.469,106.29
-16.543,217.64,62.696,106.68
-16.7,217.65,62.44,106.24
-16.581,217.7,62.528,106.39
-16.148,218.08,62.638,106.58
-16.453,218.07,62.517,106.37
-16.108,218.74,62.429,106.22
-16.376,218.23,62.439,106.24
-16.314,218.12,62.332,106.06
-16.528,218.51,62.344,106.08
-16.356,218.65,62.226,105.88
-15.867,218.97,62.258,105.93
-15.825,219,62.333,106.06
-16.505,218.9,62.304,106.01
-16.44,219.15,62.272,105.96
-16.517,219.12,62.195,105.82
-16.095,219.8,62.052,105.58
-16.703,218.95,62.39,106.16
-17.023,219.09,62.662,106.62
-16.859,219.06,62.606,106.52
-16.432,220.09,62.001,105.49
-16.949,219.22,62.573,106.47
-16.416,220.23,62.016,105.52
-16.881,219.55,62.298,106
-16.436,220.18,61.946,105.4
-16.292,219.94,62.061,105.6
-16.446,219.91,62.04,105.56
-16.396,219.87,62.242,105.9
-16.076,220.14,62.317,106.03
-16.021,220.31,62.36,106.1
-16.266,220.17,62.466,106.28
-16.071,220.47,62.322,106.04
-15.973,220.69,62.304,106.01
-16.23,220.47,62.051,105.58
-16.348,220.78,61.743,105.05
-15.883,221.17,61.755,105.08
-16.056,221.09,61.605,104.82
-16.018,221.06,61.294,104.29
-15.836,221.6,60.88,103.59
-16.265,220.7,61.407,104.48
-16.426,221.45,61.052,103.88
-16.493,221.12,60.98,103.76
-16.736,221.28,60.902,103.62
-16.399,221.27,60.674,103.24
-17.147,220.83,61.177,104.09
-16.349,222.03,60.376,102.73
-16.274,222.32,59.801,101.75
-16.37,222.12,59.739,101.65
-16.451,221.93,59.819,101.78
-16.758,222.14,59.666,101.52
-16.648,222.42,59.427,101.11
-16.575,222.52,59.395,101.06
-16.807,222.61,59.179,100.69
-17.366,221.88,59.38,101.03
-16.95,222.83,59.004,100.39
-17.005,222.34,59.044,100.46
-16.797,222.37,59.001,100.39
-17.342,222.12,59.494,101.23
-17.486,222.02,59.525,101.28
-17.767,221.9,59.708,101.59
-16.935,222.37,59.301,100.9
-16.787,222.57,58.679,99.841
-16.849,222.72,58.914,100.24
-17.098,222.11,59.027,100.43
-16.739,222.52,59.014,100.41
-16.455,222.69,58.45,99.452
-16.71,222.54,58.869,100.17
-16.474,222.74,58.452,99.456
-16.813,222.67,58.794,100.04
-17.451,221.89,59.699,101.58
-17.188,222.09,59.491,101.22
-17.362,221.98,59.598,101.41
-17.449,222.01,59.584,101.38
-17.326,221.83,59.649,101.49
-17.157,222.12,59.617,101.44
-17.358,221.7,59.408,101.08
-17.014,222.31,59.281,100.87
-16.748,222.61,59.125,100.6
-17.006,222.27,59.163,100.67
-16.822,222.32,59.161,100.66
-17.49,221.69,59.767,101.69
-16.967,222.56,59.234,100.79
-17.463,221.94,59.715,101.61
-17.132,222.47,59.337,100.96
-16.839,222.53,59.174,100.68
-17.532,222.37,59.514,101.26
-17.666,222.25,59.497,101.23
-17.409,222.1,59.541,101.31
-17.466,222.06,59.472,101.19
-17.13,222.29,59.341,100.97
-17.273,221.94,59.481,101.21
-17.403,222.11,59.443,101.14
-16.987,222.45,59.301,100.9
-16.828,222.18,59.248,100.81
-17.226,222.16,59.438,101.13
-16.855,222.45,59.35,100.98
-16.813,222.23,59.221,100.76
-17.452,221.93,59.641,101.48
-17.382,222.03,59.669,101.53
-17.316,222.03,59.571,101.36
-17.614,222.01,59.469,101.19
-17.231,222.08,59.402,101.07
-16.905,222.05,59.35,100.98
-17.119,222.47,59.285,100.87
-17.278,222.3,59.453,101.16
-17.23,222.02,59.224,100.77
-17.496,222.08,59.517,101.27
-17.469,222.25,59.515,101.26
-17.426,221.94,59.438,101.13
-17.284,222.31,59.364,101.01
-17.425,222.14,59.506,101.25
-17.497,221.95,59.449,101.15
-16.996,222.21,59.39,101.05
-17.098,222.32,59.351,100.98
-17.337,221.76,59.555,101.33
-17.489,222.06,59.444,101.14
-16.739,222.55,59.284,100.87
-17.024,222.32,59.289,100.88
-16.956,222.53,59.225,100.77
-17.289,221.93,59.429,101.12
-16.813,222.12,59.305,100.91
-16.799,222.27,59.186,100.7
-17.482,221.97,59.512,101.26
-17.255,222.03,59.462,101.17
-17.393,221.96,59.557,101.34
-17.513,221.94,59.38,101.03
-17.264,222.43,59.505,101.25
-17.391,222.28,59.407,101.08
-17.059,222.37,59.351,100.98
-16.905,222.24,59.317,100.93
-17.347,221.96,59.611,101.43
-17.682,221.84,59.635,101.47
-17.111,221.99,59.559,101.34
-17.468,221.95,59.494,101.23
-17.392,222.05,59.496,101.23
-17.486,222.04,59.44,101.14
