337.5,299.5,30,65
340.17,296.32,29.851,64.678
343.57,298.66,29.815,64.599
346.74,301.5,29.35,63.593
350.68,302.71,29.074,62.994
353.7,304.33,28.466,61.676
356.65,305.19,28.714,62.215
361.55,303.25,28.351,61.426
366.13,300.8,28.116,60.919
371.05,297.91,27.891,60.43
374.11,297.38,27.8,60.233
377.94,299.31,28.329,61.379
383.9,299.3,28.001,60.668
386.1,300.79,28.152,60.996
395.86,295.92,28.163,61.019
397.88,295.42,28.611,61.99
400.3,294.83,29.141,63.14
401.26,294.77,29.328,63.544
404.11,295.17,29.357,63.608
408.95,294.63,29.288,63.458
410.52,295.02,29.342,63.575
415.51,291.84,29.525,63.972
419.37,291.23,29.623,64.183
426.75,295.08,29.591,64.113
432.27,293.73,29.838,64.649
435.4,294.7,29.783,64.53
438.28,295.66,29.893,64.769
442.43,297.47,30.137,65.296
447.1,297.86,30.227,65.491
452.54,296.26,30.568,66.231
463.53,294.05,30.959,67.077
465.41,295.12,31.22,67.644
467.04,294.45,31.848,69.004
472.22,294.69,32.3,69.984
480.66,293.56,32.447,70.301
485.71,294.12,32.276,69.932
488.24,292.42,31.804,68.909
492.07,293.5,31.485,68.218
498.49,294.23,31.719,68.724
506.59,292.62,32.037,69.414
510.39,291.59,32.014,69.363
513.37,289.21,31.625,68.521
516.96,291.03,31.346,67.916
521.78,291.49,31.448,68.137
528.42,293.88,31.405,68.044
531.16,291.88,31.09,67.361
535.57,291.06,31.002,67.171
540.08,290.27,30.958,67.075
544.56,290.95,30.836,66.811
550.44,293.47,30.861,66.865
558.33,297.36,31.004,67.174
563.68,296.29,30.817,66.771
570.16,296.72,30.835,66.809
575.45,295.22,30.836,66.812
586.01,292.05,30.799,66.731
595.06,292.95,30.609,66.319
600.62,292.58,30.279,65.604
605.17,293.15,30.157,65.341
609.68,294.36,30.054,65.116
619.89,294.55,30.076,65.165
624.14,298.49,30.268,65.581
631.6,297.77,30.128,65.278
639.53,298.65,30.32,65.693
646.96,298.78,30.153,65.332
656.29,301.11,30.344,65.746
663.68,302.69,30.644,66.396
668.63,304.57,31.081,67.342
672.78,305.34,31.563,68.387
684.84,303.21,31.58,68.424
691.57,304.58,31.975,69.278
697.29,304.51,32.055,69.452
705.5,303.19,32.148,69.655
713.51,302.96,32.204,69.774
720.49,303.74,32.312,70.01
727.33,304.68,32.073,69.493
737.89,309.04,32.251,69.876
745.07,308.8,32.296,69.975
752.53,308.35,32.417,70.237
759.77,305.91,32.463,70.336
767.89,305.5,32.249,69.873
774.9,304.45,32.03,69.398
793.57,305.57,31.907,69.131
811.96,307.51,31.722,68.731
830.43,308.03,31.645,68.565
835.98,308.2,31.629,68.53
842.55,308.56,31.92,69.161
848.9,307.42,32.084,69.516
858.85,306.88,32.247,69.869
867.77,305.68,32.3,69.984
872.24,305.68,32.471,70.354
884.29,306.97,32.413,70.229
894.03,307.41,32.373,70.142
905.27,307.07,32.562,70.55
912.21,306.77,32.676,70.798
920.49,305.75,32.779,71.021
928.25,304.87,32.967,71.429
935.82,304.24,32.881,71.243
944.13,302.75,32.905,71.294
