420,20,18,45
421.66,20.082,17.988,44.97
422.94,20.892,17.834,44.584
424.22,21.813,18.172,45.431
425.68,22.359,17.885,44.712
427.91,22.762,17.945,44.862
429.38,23.179,17.499,43.747
430.69,23.896,17.549,43.873
431.65,24.214,17.877,44.693
433.19,25.184,17.969,44.923
434.39,25.514,17.934,44.835
435.27,26.156,18.088,45.22
435.9,26.568,18.106,45.264
435.83,26.686,18.078,45.195
435.04,30.695,17.928,44.819
437.79,19.377,17.689,44.221
446.44,20.775,17.789,44.472
445.01,18.122,17.948,44.869
444.95,17.167,18.229,45.572
444.6,16.588,18.503,46.258
444.86,16.732,18.529,46.322
445.79,16.177,18.311,45.776
445.19,16.382,18.43,46.074
445.63,16.933,18.397,45.993
445.66,16.557,18.651,46.626
445.83,15.924,18.507,46.266
446.39,16.353,18.489,46.223
446.07,16.399,18.502,46.255
446.53,16.842,18.456,46.141
446.6,16.395,18.446,46.116
446.91,16.379,18.328,45.819
447.05,16.587,18.126,45.315
446.69,16.48,18.153,45.384
446.96,16.237,18.204,45.51
447.07,16.319,18.097,45.242
447.51,16.372,18.128,45.319
447.23,16.271,18.243,45.608
447.68,16.38,18.565,46.412
447.56,16.133,18.77,46.926
447.56,16.056,18.739,46.848
447.8,16.657,18.753,46.882
448.15,16.133,18.641,46.602
448.72,16.442,18.589,46.471
449.03,16.768,18.605,46.513
448.83,16.732,18.637,46.594
449.34,16.738,18.637,46.593
449.27,16.386,18.726,46.815
449.06,16.195,18.754,46.886
449.3,16.201,18.593,46.483
449.13,16.467,18.598,46.494
449.62,16.445,18.762,46.906
449.08,16.325,18.819,47.046
449.67,16.333,18.833,47.082
449.9,16.044,18.892,47.23
449.63,16.3,18.942,47.354
449.9,16.423,18.957,47.391
449.9,16.044,18.971,47.428
449.91,16.475,18.993,47.483
449.87,16.254,18.991,47.477
442.95,196.12,19.104,47.76
441.66,198.75,19.233,48.082
442.67,203.11,19.231,48.076
441.91,205.48,19.178,47.945
440.1,206.99,19.421,48.554
438.42,208.74,19.382,48.455
434.65,208.95,19.369,48.423
434.75,212.74,19.492,48.731
430.79,212.99,19.59,48.975
428.48,216.47,19.553,48.882
425.61,219.14,19.617,49.042
423.01,221.3,19.824,49.56
420.05,222.1,20.054,50.136
419.42,223.69,20.022,50.054
416.49,227.57,20.252,50.629
415.24,229.15,20.465,51.164
412.54,231,20.618,51.546
409.26,233.9,20.576,51.439
406.33,235.85,20.663,51.658
401.9,239.64,20.778,51.946
397.67,240.94,20.881,52.203
392.89,243.55,21,52.501
388.94,245.92,21.234,53.084
384.79,248.15,21.411,53.527
379.06,250.49,21.431,53.577
373,252.74,21.563,53.909
365.84,257.12,21.828,54.569
358.95,260.17,21.889,54.724
352.81,262.07,22.038,55.095
344.83,264.65,22.114,55.284
339,266.96,22.172,55.431
330.79,270.61,22.323,55.808
323.96,274.74,22.486,56.215
317.85,277.61,22.62,56.551
308.89,280.57,22.773,56.932
300.67,283.36,22.868,57.17
292.06,287.98,23.175,57.937
284.8,290.14,23.508,58.77
276.68,295.67,23.812,59.53
268.18,298.68,24.214,60.535
259.35,302,24.394,60.985
250.28,305.78,24.49,61.224
239.45,309.75,24.596,61.489
228.08,313.64,24.596,61.491
217.48,319.68,24.627,61.566
209.42,321.72,24.893,62.232
197.92,325.94,25.172,62.929
184.15,331.14,25.455,63.638
172.93,334.97,25.683,64.207
160.62,339.95,25.83,64.575
149.35,342.26,25.704,64.259
134.18,350.27,26.09,65.226
120.99,355.57,26.222,65.555
