450,380,70,69
455.28,380.99,69.059,68.073
463.45,382.54,68.439,67.461
473.42,383.91,68.443,67.465
490.15,384.8,68.446,67.468
507.88,387.87,67.336,66.374
516.2,391.81,65.42,64.486
533.37,390.2,64.268,63.35
550.26,387.85,63.103,62.201
566.18,384.9,61.881,60.997
587.75,381.71,61.002,60.131
601.4,381.02,59.212,58.366
611,380.95,59.046,58.202
620.46,380.12,58.679,57.841
625.19,380.89,58.047,57.218
631.54,380.18,58.246,57.414
626.65,380.61,58.949,58.107
623.67,383.23,59.426,58.577
617.97,385.45,58.458,57.623
614.22,387,58.397,57.562
606.01,387.06,59.577,58.726
596.74,387.45,58.712,57.874
590.47,387.23,58.181,57.35
574.75,389.59,56.849,56.037
561.03,394.64,56.011,55.21
544.61,400.69,55.275,54.486
532.01,408.39,54.43,53.652
520.41,418.23,53.954,53.183
511.9,426.71,53.315,52.553
498.24,434.25,52.465,51.715
484.02,438.91,53.446,52.682
473.59,438.95,53.415,52.652
465.74,436.57,53.683,52.917
461.76,435.53,53.635,52.869
461.17,434.77,53.48,52.716
462.24,430.82,53.312,52.55
472.83,423.5,53.15,52.39
478.48,420.15,53.006,52.249
483.88,417.27,53.51,52.746
495.31,411.26,53.653,52.887
501.76,405.55,53.456,52.692
505.79,399.14,53.565,52.8
503.65,394.51,53.686,52.919
487.15,391.79,53.699,52.931
466.35,392.36,53.738,52.97
451.68,398.42,54.296,53.52
448.31,406.8,54.798,54.016
443.41,414.43,54.329,53.553
447.45,422.4,54.314,53.538
455.01,429.01,54.55,53.771
462.38,440.01,53.963,53.192
462.7,447.16,53.349,52.587
457.57,453.06,53.158,52.399
371.87,446.25,53.261,52.5
447.95,458.31,53.493,52.729
456.57,455.18,52.943,52.187
467.6,441.66,53.432,52.669
477.13,434.55,54.342,53.566
481.79,429.82,54.187,53.413
476.98,425.47,53.928,53.157
465.68,419.96,53.774,53.005
453.13,413.75,54.065,53.293
445.76,407.43,54.66,53.879
445.93,400.75,55.096,54.309
458.65,395.45,54.185,53.411
471.92,386.87,54.111,53.338
480.22,381.9,53.921,53.151
487.63,379.07,53.028,52.27
490.27,377.7,51.753,51.013
495.13,376.47,50.449,49.728
508.76,371.13,50.873,50.147
516.71,368.87,51.579,50.842
531.78,417.93,51.397,50.663
545.86,414.35,51.927,51.185
553.89,412.58,51.726,50.987
559.12,410.36,52.121,51.376
575.46,401.64,52.571,51.82
581.22,398.79,53.204,52.444
613.84,365.62,53.284,52.523
614.24,364.16,54.063,53.291
608.44,365.6,54.464,53.686
601.1,363.81,54.417,53.64
596.6,359.82,55.118,54.33
591.39,352.2,56.148,55.346
584.44,346.58,56.706,55.896
595.13,318.87,56.613,55.804
572.22,343.92,56.678,55.869
573.04,357.36,56.784,55.973
596.1,335.73,55.792,54.995
595.98,338.43,55.585,54.79
594.48,339.81,55.853,55.055
593.85,342.25,56.527,55.719
618.59,323.3,56.809,55.997
614.97,283.5,57.556,56.734
614.34,284.13,57.79,56.964
612.81,285.2,57.623,56.799
611.09,286.75,57.911,57.083
609.4,288.01,58.007,57.178
583.6,312.47,57.378,56.558
583.77,309.46,57.043,56.228
586.08,306.16,56.936,56.123
588.05,303.64,57.22,56.403
588.87,302.92,57.284,56.466
589.58,301.54,57.318,56.5
591.26,301.89,57.338,56.519
592.39,302.6,57.567,56.745
577.78,323.77,57.81,56.984
579.97,324.64,58.113,57.283
584.11,325.92,58.346,57.512
588.63,326.18,58.705,57.866
613.25,306.66,58.546,57.709
620.43,308.34,58.364,57.53
626.93,309.12,58.081,57.251
631.47,307.6,58.536,57.7
630.66,304.44,58.293,57.46
631.6,302.3,58.001,57.173
631.13,301.4,57.218,56.4
631.45,301.2,56.795,55.983
633.51,301.83,56.593,55.785
636.43,302.84,56.175,55.373
639.66,303.05,55.697,54.901
642.15,304.6,55.223,54.434
645.33,306.32,54.897,54.113
646.97,308.31,54.644,53.863
648.97,309.99,54.494,53.715
673.59,292.56,55.067,54.28
673.35,292.87,55.373,54.582
654.12,314.65,54.68,53.899
655.79,314.96,54.232,53.457
656.62,314.38,54.081,53.308
656.84,313.09,53.707,52.94
657.53,312.12,53.234,52.474
657.86,311.42,53.008,52.251
657.65,311.48,52.961,52.204
658.46,311.04,53.019,52.261
659.51,310.79,53.011,52.254
659.27,310.24,52.957,52.201
659.33,309.95,52.953,52.196
658.82,310.4,52.898,52.143
657.41,311.35,52.688,51.935
657.71,312.08,52.535,51.784
659.01,315.26,52.379,51.631
659.19,316.93,51.902,51.161
659.2,318.82,51.541,50.805
659.72,320.42,51.708,50.969
659.82,321.24,51.754,51.014
656.35,321.99,51.769,51.029
651.22,322.92,51.53,50.794
645.12,322.58,51.692,50.954
638.1,323.21,51.721,50.983
628.66,323.81,51.586,50.849
613.65,325.48,51.676,50.938
607.96,325.84,51.969,51.226
604.38,324.32,51.934,51.192
603.31,321.08,52.048,51.305
606.04,317.3,52.026,51.282
606.12,314.91,52.107,51.363
600.7,314.47,52.104,51.36
593.74,313.82,51.995,51.252
591.84,312.52,51.853,51.112
591.16,308.05,51.697,50.959
590.04,307.9,51.608,50.871
580.27,308.1,51.406,50.672
562.76,312.86,50.917,50.19
551.94,316.12,50.515,49.794
546.26,323.7,50.588,49.865
552.73,326.27,50.686,49.962
574.93,315.79,50.557,49.835
586.94,319.47,50.355,49.636
595.37,345.78,50.297,49.578
606.48,344.23,49.919,49.206
595.73,355.77,50.175,49.458
593.34,356.47,50.49,49.769
587.13,357.56,50.545,49.823
582.14,359.85,50.438,49.717
575.6,360.68,50.584,49.862
549.98,358.44,50.8,50.074
533.24,353.3,51.142,50.411
517.66,347.26,51.067,50.337
507.98,345.79,51.056,50.327
504.57,344.8,51.072,50.342
504.94,341.45,50.859,50.133
521.89,334.47,50.697,49.973
535.8,331.29,50.114,49.398
547.92,328.9,49.159,48.457
552.89,328.78,48.769,48.072
557.73,327.92,48.262,47.572
560.91,327.26,47.879,47.195
563.45,326.06,47.711,47.03
568.64,323.45,47.671,46.99
575.49,320.97,47.489,46.811
587.49,317.25,46.89,46.22
594.02,316.56,46.409,45.746
600.03,316.05,46.216,45.555
605.82,314.85,45.937,45.281
606.42,315.73,45.57,44.919
610.01,314.59,44.962,44.319
623.58,312.41,45.228,44.582
614.09,309.13,45.685,45.032
606.27,295.75,45.803,45.149
594.12,307.39,45.309,44.662
607.67,306.69,45.308,44.661
607.28,305.76,45.246,44.599
609.29,305.32,45.585,44.934
612.71,304.55,45.66,45.008
609.38,307.92,45.866,45.21
609.87,308.58,45.532,44.882
622.86,303.57,46.023,45.365
624.45,304.24,46.387,45.725
625.18,304.08,46.613,45.947
610.98,307.65,46.242,45.581
614.57,311.89,46.14,45.48
613.41,309.02,46.085,45.426
613.8,310.43,46.078,45.42
613.39,311.96,46.112,45.453
612.76,313.14,45.958,45.301
610.65,315.06,45.734,45.08
609.56,314.26,45.587,44.936
609.01,314.1,45.132,44.487
607.82,314.77,44.724,44.085
607.06,316.45,44.484,43.849
606.19,317.61,44.459,43.824
605.89,318.94,44.397,43.763
607.09,320.62,44.151,43.52
609.47,320.05,43.878,43.251
610.69,317.78,43.764,43.139
614.71,317.42,43.461,42.84
616.46,315.06,43.261,42.643
618.44,313.46,43.027,42.413
619.69,312.61,43.07,42.455
621.47,310.92,42.967,42.353
622.14,306.48,42.889,42.276
622.14,305.74,42.732,42.122
620.04,304.15,42.604,41.995
608.15,306.88,42.409,41.803
598.75,310.29,42.25,41.647
578.35,313.29,42.217,41.614
559.64,313.89,41.865,41.267
547.23,314.88,41.6,41.005
535.05,313.48,41.447,40.855
521.59,313.15,41.089,40.502
496.76,310.49,40.946,40.361
478.96,306.18,40.858,40.275
470.15,307.06,40.671,40.09
455.44,306.72,40.421,39.843
443.5,308.72,40.258,39.683
439.6,311.67,40.34,39.764
427.28,314.88,40.278,39.702
416.7,307.39,39.869,39.299
416.83,309.41,39.61,39.044
429.36,311.1,39.512,38.948
445.13,322.7,39.531,38.966
423.72,300.43,39.327,38.765
443.62,308.24,39.172,38.613
449.55,299.16,39.063,38.505
486.31,276.84,38.834,38.28
479.15,257.9,38.412,37.864
452.81,267.56,38.593,38.042
448.59,259.81,38.742,38.188
461.29,257.66,38.873,38.318
482.9,256.06,38.999,38.441
490.32,252.37,39.365,38.802
455,226.36,39.618,39.052
445.13,211.56,38.938,38.382
449.97,209.25,38.672,38.119
464.35,209.42,38.731,38.178
478.93,188.07,38.751,38.197
492.62,208.71,38.693,38.14
499.52,186.57,38.679,38.127
510.42,211.37,38.564,38.013
510.47,225.08,38.507,37.957
507.82,252.77,38.632,38.081
511.56,254.09,38.832,38.277
511.65,248.99,38.481,37.931
496.93,251.01,38.736,38.183
479.19,238.41,38.698,38.146
468.14,239.5,38.601,38.049
457.5,250.84,38.676,38.123
447.53,257.31,38.701,38.148
439.06,259.96,38.736,38.182
417.82,257.73,38.522,37.972
407.69,265.97,38.429,37.88
395.56,268.41,38.099,37.555
379.95,272.63,37.617,37.079
364.59,282.07,37.573,37.036
348.87,284.01,37.452,36.917
338.34,293.26,37.282,36.749
317.62,290.71,37.459,36.924
312.88,322.4,37.283,36.75
301.13,306.31,37.105,36.575
293.07,329.42,37.111,36.58
279.44,330.05,37.32,36.787
280.54,360.3,37.368,36.834
277.8,357.28,36.619,36.095
272.14,357.23,36.575,36.053
262.63,364.47,36.628,36.105
262.35,372.83,36.432,35.912
258.59,356.71,36.35,35.83
249.36,360.38,36.377,35.858
241.93,371.33,36.074,35.558
231.29,387.82,35.694,35.184
216.54,371.44,35.645,35.136
202.43,383.62,35.274,34.771
184.79,390.1,35.109,34.607
163.51,383.21,34.775,34.278
148.08,397.25,34.428,33.936
135.24,396.35,34.137,33.649
120.91,386.65,33.969,33.484
114.71,387.87,33.767,33.285
98.144,406.48,33.875,33.392
98.991,406.63,33.814,33.331
97.016,408.32,33.789,33.306
105.16,427.56,33.997,33.512
88.441,424.74,34.112,33.625
85.853,427.14,34.251,33.762
84.269,436.97,34.196,33.707
86.01,437.89,34.191,33.703
102.93,445.54,34.416,33.925
114.44,438.05,34.569,34.075
131.95,451.92,34.748,34.251
140.85,448.85,34.973,34.473
148.36,449.56,35.215,34.712
134.06,448.1,35.229,34.726
132.41,424.48,35.114,34.612
125.39,441.04,35.13,34.629
125.14,442.73,35.704,35.194
111.9,419.6,35.992,35.478
125.53,416.93,36.176,35.659
110.87,431.03,36.944,36.416
113.22,428.51,37.229,36.697
125.49,405.31,37.091,36.561
125.28,389.85,36.827,36.301
90.137,398.68,36.983,36.454
82.663,387.18,37.183,36.651
78.451,387.7,37.571,37.034
69.18,389,37.632,37.094
70.569,388.76,37.659,37.121
75.464,407.32,37.977,37.434
75.955,409.05,38.301,37.754
82.837,430.38,38.669,38.117
71.377,431.55,39.509,38.945
67.65,429.44,39.93,39.359
84.435,430.95,40.052,39.48
73.262,426.28,40.443,39.865
65.453,413.44,40.625,40.044
52.668,405.12,40.477,39.899
40.008,424.37,40.311,39.735
52.495,431.39,40.193,39.619
53.782,433.78,40.006,39.434
35.62,446.76,40.023,39.451
53.117,433.94,40.157,39.583
51.112,431.39,40.218,39.643
51.168,430.2,40.161,39.588
13.509,441.07,39.908,39.338
36.636,455.18,39.866,39.297
37.766,454.24,39.988,39.417
38.143,454.11,40.095,39.522
37.011,454.36,40.147,39.574
35.212,454.04,40.089,39.516
36.645,430.13,40.263,39.688
26.571,454.96,40.32,39.744
27.444,453.93,40.278,39.702
16.768,460.21,40.328,39.752
19.951,462.67,40.281,39.706
-16.837,436.25,40.337,39.761
-17.024,438.91,40.656,40.076
-19.353,443.01,40.843,40.26
-20.913,441.83,41.221,40.632
9.739,465.77,40.712,40.13
7.256,459.69,40.242,39.668
8.1727,461.36,39.977,39.406
5.8523,460.04,39.793,39.224
4.0301,456.94,39.524,38.96
0.33939,455.68,39.139,38.58
0.15147,453.95,39.085,38.527
-1.9414,451.21,39.137,38.578
-1.9757,451.45,39.068,38.51
-5.9112,450.8,38.977,38.42
1.5086,445.72,39.13,38.571
1.8674,446.35,39.231,38.67
3.8349,448.58,38.996,38.439
4.5974,448.59,38.823,38.269
6.1978,458.45,38.499,37.949
7.5828,460.33,38.284,37.737
8.3028,461.31,38.011,37.468
7.9416,460.3,38.175,37.629
7.5433,458.6,37.947,37.405
5.5969,458.19,37.873,37.332
7.301,461.57,38.009,37.466
8.4622,460.34,37.605,37.068
10.359,460,37.465,36.93
12.14,457.81,37.137,36.606
17.228,457.03,37.15,36.619
16.453,458.09,37.214,36.682
15.769,457.22,37.317,36.784
16.788,457.38,37.628,37.09
18.693,458.07,37.583,37.046
19.118,457.36,37.636,37.099
19.799,457.92,37.851,37.31
21.387,457.95,37.888,37.347
22.033,458.7,37.598,37.061
23.416,458.55,37.564,37.027
24.486,459.88,37.258,36.726
24.439,459.33,37.06,36.531
25.707,460.81,36.859,36.333
26.141,461.54,37.131,36.601
25.172,462.65,37.077,36.547
26.009,462.07,37.277,36.745
26.258,462.14,37.456,36.921
26.906,461.02,37.598,37.061
27.815,460.77,37.254,36.722
27.365,461.16,36.999,36.471
29.033,460.78,37.018,36.489
28.556,459.05,36.898,36.37
29.018,460.38,36.934,36.406
28.046,459.49,36.972,36.444
28.662,461.1,36.979,36.451
28.554,463.55,36.956,36.428
30.372,463.25,37.154,36.623
32.939,463.5,37.229,36.697
36.091,464.51,37.157,36.626
38.13,464.18,37.32,36.787
39.587,464.96,37.136,36.605
41.334,463.83,37.229,36.698
42.567,463.16,37.23,36.698
42.492,463.19,37.197,36.665
42.345,462.28,37.063,36.533
42.427,462.18,36.95,36.422
43.035,461.98,37.119,36.589
42.771,462.44,37.123,36.592
43.968,462.31,37.3,36.767
44.647,461.81,37.229,36.698
45.397,461.34,37.256,36.724
45.757,460.97,37.444,36.909
45.986,460.29,37.916,37.374
45.476,459.22,38.263,37.716
45.641,458.91,38.443,37.894
44.725,458.86,38.362,37.814
45.556,459.02,38.403,37.854
45.403,459.94,38.362,37.814
47.279,459.12,38.512,37.962
50.104,456.69,38.544,37.994
53.115,455.08,38.774,38.22
55.285,453.81,38.767,38.213
56.97,453.54,38.568,38.017
58.56,453.13,38.315,37.768
60.147,455.73,38.026,37.483
60.974,458.81,37.777,37.238
64.053,461.79,37.646,37.108
64.908,464.06,37.45,36.915
66.728,466.26,37.118,36.588
67.574,467.1,37.062,36.533
67.487,468.36,37.018,36.49
67.729,468.98,36.757,36.232
67.656,469.65,36.671,36.147
67.577,469.19,36.631,36.107
67.891,469.27,36.507,35.985
68.921,468.95,36.545,36.023
70.372,468.17,36.681,36.157
71.145,467.66,36.776,36.251
72.473,468.56,36.544,36.022
73.011,469.21,36.45,35.929
74.312,471.21,36.511,35.99
77.216,472.18,36.451,35.93
81.671,474.69,36.422,35.902
87.712,475.66,36.473,35.952
92.646,476.54,36.545,36.023
98.497,478.87,36.642,36.118
102.14,478.67,36.515,35.993
104.03,480.34,36.354,35.835
105.38,480.37,36.375,35.855
107.05,479.34,36.385,35.865
108.8,477.76,36.267,35.749
111.01,475.26,36.314,35.795
112.74,472.81,36.453,35.932
114.23,470.4,36.699,36.175
116.52,468.59,36.799,36.274
118.34,466.18,36.774,36.249
119.24,464.28,36.8,36.275
119.01,463.37,36.801,36.275
117.73,462.92,36.794,36.268
116.25,462.78,36.948,36.42
114.89,463.61,36.969,36.44
114.73,463.96,36.976,36.448
114.1,463.95,37.016,36.487
112.75,463.92,37.42,36.886
112,463.45,37.902,37.361
110.76,464.49,38.246,37.7
109.77,464.84,38.422,37.874
107.64,464.89,38.499,37.949
106.83,465.63,38.493,37.943
105.72,466.17,38.559,38.008
105.61,466.31,38.766,38.212
105.5,466.13,38.932,38.376
106.31,466,38.963,38.407
107.77,465.21,38.978,38.421
109.45,464.51,38.896,38.34
110.07,464.01,38.964,38.408
110.04,463.79,38.969,38.412
110.09,463.22,39.027,38.469
108.9,462.06,39.211,38.651
108.15,460.72,39.353,38.791
107.09,458.69,39.292,38.731
107.05,457.71,39.341,38.779
106.78,457.38,39.285,38.724
106.72,457.81,39.444,38.881
105.79,458.61,39.696,39.128
106.59,460.97,39.998,39.426
107.77,462.89,40.386,39.809
108.44,464.6,40.619,40.039
107.91,466.06,40.765,40.183
103.68,467.22,40.791,40.208
101.16,467.08,41.081,40.494
101.31,467.53,41.041,40.455
105.62,468.32,40.817,40.234
109.72,469.95,40.389,39.812
114.12,472.15,40.07,39.498
118.37,474.29,39.821,39.252
121.46,476.26,39.689,39.122
124.65,478.69,39.567,39.001
125.75,482.29,39.427,38.864
124.65,483.78,39.72,39.153
123.59,484.1,39.561,38.996
123.55,484.44,39.4,38.838
123.66,482.82,39.78,39.211
128.97,482.06,39.886,39.316
134.55,481.29,39.444,38.881
141.11,482.16,39.476,38.912
146.91,485.66,39.313,38.751
153.39,487.88,39.115,38.556
160.51,491.88,38.853,38.298
166.64,494.75,38.59,38.039
173.08,497.02,38.303,37.755
179.63,496.24,37.997,37.454
187.34,493.4,37.733,37.194
195.67,493.48,37.765,37.226
200.83,496.15,37.662,37.124
203.66,496.47,37.671,37.133
207.84,496.84,37.738,37.199
213.96,496.81,37.79,37.25
221.36,499.34,37.723,37.184
228.81,499.6,37.867,37.326
233.52,498.7,37.846,37.305
233.05,492.88,37.735,37.196
225.46,484.93,37.466,36.931
211.48,478.96,37.14,36.609
201.23,475.63,37.225,36.693
193.34,474.84,37.091,36.561
186.03,472.07,37.101,36.571
178.35,469.33,37.03,36.501
170.44,466.87,37.076,36.546
167.72,466.41,37.092,36.562
166.06,465.67,37.157,36.626
165.44,466.64,37.165,36.634
165.7,466.46,37.224,36.692
171.32,465.71,37.215,36.683
177.95,465.6,37.323,36.789
185.25,466.96,37.347,36.813
191.75,467.62,37.234,36.702
196.43,467.78,36.903,36.375
199.08,467.93,36.567,36.045
199.52,468.99,36.373,35.853
196.37,469.89,36.234,35.716
192.12,471.24,36.104,35.588
191.89,471.62,36.17,35.654
192.18,471.59,36.174,35.658
195.39,470.11,36.061,35.545
199.71,465.53,35.993,35.479
203.01,461.15,36.044,35.529
205.6,458.58,36.157,35.64
208.48,457.04,36.136,35.62
