781.5,387.5,33,93
781.11,390.82,32.911,92.75
780.39,389.85,32.73,92.24
779.06,389.51,32.57,91.788
776.8,388.24,32.699,92.153
775.84,386.55,32.927,92.793
774.46,383.46,33.445,94.254
773.75,382.85,33.296,93.833
773.51,382.47,33.48,94.352
774.61,383.74,32.915,92.76
774.64,383.24,32.867,92.625
774.64,383.46,32.86,92.605
774.27,383.99,32.603,91.881
773.72,381.96,33.06,93.169
774.06,379.38,33.465,94.31
774.49,377.58,33.329,93.927
775.18,375.14,33.377,94.062
776.51,371.17,33.298,93.84
778.73,368.69,33.041,93.117
781.68,367.63,32.438,91.416
786.09,366.06,32.039,90.293
790.57,364.77,31.609,89.081
793.38,364.41,31.481,88.719
794.67,364.3,31.228,88.006
795.58,364.46,31.21,87.956
796.92,364.71,31.485,88.73
797.14,365.62,31.449,88.628
798.3,366.86,31.487,88.736
799.05,367.26,31.525,88.843
800.09,367.79,31.442,88.61
800.77,368.12,31.474,88.7
800.79,368.03,31.36,88.377
800.01,367.41,31.424,88.558
798.82,366.64,31.504,88.784
796.42,365.21,31.33,88.293
792.77,363.98,31.333,88.302
787,361.76,31.428,88.569
781.7,360.12,31.328,88.289
775.54,358.11,31.337,88.312
772.16,356.73,31.354,88.361
769.5,355.76,31.328,88.287
764.75,354.43,31.179,87.869
759.16,353.58,31.311,88.24
754.65,353.41,31.173,87.851
751.94,353.57,31.353,88.359
746.85,352.45,31.116,87.69
741.26,349.84,31.045,87.492
733.94,346.91,31.022,87.426
729.41,345.51,30.852,86.946
726.73,344.46,30.698,86.512
725.31,344.69,30.694,86.502
723.39,342.55,30.564,86.136
720.38,340.67,30.773,86.724
718.77,340.08,30.751,86.662
717.98,339.65,30.866,86.985
717.42,338.89,30.985,87.322
716.11,337.15,31.079,87.586
715.62,335.68,30.961,87.255
715.27,333.86,31.148,87.78
716.37,333.28,31.114,87.684
717.56,331.57,31.268,88.119
719.48,330.82,31.251,88.071
722.24,331.17,31.106,87.662
724.63,331.61,30.867,86.99
726.7,331.68,30.828,86.878
728.85,331.82,30.71,86.546
731.33,331.98,30.592,86.215
735.12,331.85,30.616,86.28
737.69,331.47,30.53,86.04
738.83,330.13,30.383,85.624
740.55,329.65,30.208,85.131
740.98,327.83,30.134,84.922
743.6,326.07,29.902,84.27
744.74,324.3,29.706,83.717
745.47,323.57,29.499,83.133
746.38,323.75,29.347,82.706
746.9,323.97,29.395,82.841
746.33,323.79,29.411,82.886
745.38,325.03,29.372,82.775
743.22,326.35,29.451,82.998
741.37,327.44,29.454,83.007
740.03,328.25,29.452,83.001
738.5,329.26,29.44,82.966
737.64,329.91,29.514,83.176
737.67,330.83,29.513,83.172
737.3,330.76,29.482,83.085
735.64,329.47,29.393,82.835
733.67,328.32,29.219,82.345
733.15,327.13,29.131,82.098
732.27,325.44,29.097,82.001
729.09,323.07,29.15,82.151
727.19,321.55,29.248,82.425
725.08,320.22,29.372,82.774
722.41,318.84,29.284,82.528
720.29,318.31,29.118,82.061
717.98,316.35,28.965,81.629
717.42,316.01,28.73,80.967
716.41,315.36,28.709,80.906
718.24,315.2,28.655,80.756
719.72,314.84,28.523,80.383
722.33,315.25,28.336,79.855
723.18,315.49,28.187,79.437
723.13,317.24,28.302,79.76
723.34,317.55,28.451,80.18
724.92,318.45,28.392,80.015
725.1,318.26,28.268,79.663
722.95,317.68,28.192,79.45
712,314.62,28.25,79.613
694.19,314.49,28.2,79.473
683.38,314.81,28.261,79.646
684.3,312.91,28.237,79.578
690.52,309.57,28.24,79.585
708.23,306.28,28.439,80.147
716.76,305.42,28.725,80.952
724,305.66,28.749,81.021
731.95,305.93,28.839,81.272
736.5,306.81,28.717,80.93
740.26,308.93,28.743,81.003
741.6,310.98,28.809,81.19
742.08,312.43,28.72,80.938
742.11,312.94,28.806,81.179
741.64,313.07,28.68,80.824
741.19,312.72,28.59,80.571
743.21,312.35,28.55,80.458
747.57,311.35,28.531,80.405
749.69,309.73,28.471,80.235
748.92,309,28.39,80.008
744.52,308.09,28.187,79.437
744.23,308.64,28.098,79.187
742.66,309.32,28.078,79.128
743.71,311.16,28.076,79.122
746.13,312.85,28.026,78.982
754.72,314.85,27.869,78.539
761.71,315.08,27.778,78.283
767.16,314.92,27.752,78.211
773.13,315.22,27.708,78.087
776.6,314.88,27.745,78.19
778.23,314.45,27.651,77.926
778.81,314.39,27.609,77.807
778.09,314.57,27.573,77.706
778.32,314.66,27.704,78.074
778.16,315.18,27.735,78.163
775.3,315.07,27.768,78.254
772.74,314.21,27.781,78.293
770.65,314.21,27.795,78.33
768.99,313.82,27.935,78.726
767.83,313.59,28.115,79.234
765.16,313.31,28.143,79.313
763.36,313.57,27.984,78.865
761.52,314.1,27.714,78.104
758.84,315.79,27.423,77.284
756.74,317.69,27.339,77.045
751.89,320.91,27.228,76.735
747.67,323.96,27.166,76.56
743.08,326.39,27.215,76.696
737.78,330.13,27.223,76.72
731.47,334.61,27.397,77.209
723.18,340.36,27.443,77.34
715.78,342.8,27.554,77.652
708.59,343.7,27.382,77.167
701.28,344.98,27.248,76.791
692.67,346.67,27.204,76.667
682.73,351.07,27.172,76.577
670.18,351.97,27.248,76.791
652.2,350.88,27.15,76.514
638.23,351.51,27.087,76.335
624.72,352.02,27.033,76.184
615.75,354.58,27.187,76.617
608.89,353.34,27.401,77.22
605.03,353.68,27.376,77.152
599.9,354.61,27.301,76.938
594.08,357.12,27.306,76.953
586.99,362.57,27.4,77.217
582.69,364.76,27.502,77.506
578.34,366.24,27.374,77.144
575.23,367.05,27.473,77.423
572.45,368.8,27.518,77.551
568.12,367.82,27.722,78.127
565.18,366.88,27.828,78.424
561.44,364.36,27.966,78.814
559.72,362.3,28.03,78.995
557.9,360.14,27.877,78.564
556.97,359.03,27.794,78.329
556.81,357.91,27.584,77.738
557.65,358.47,27.605,77.796
559.19,358.83,27.414,77.259
561.34,358.91,27.357,77.097
561.09,358.05,27.045,76.217
559.2,356.4,26.898,75.802
557.15,355.07,26.898,75.802
556.4,353.82,26.952,75.955
557.42,352.13,26.953,75.958
560.4,350.31,26.898,75.804
560.82,349.89,26.904,75.819
560.92,349.63,26.913,75.845
560.75,349.98,26.912,75.842
559.75,349.82,26.933,75.901
556.76,349.97,26.628,75.043
554.84,350.18,26.722,75.308
552.84,350.09,26.714,75.285
551.64,350.52,26.602,74.969
551.06,350.97,26.704,75.257
550.06,351.2,26.55,74.823
547.63,353.47,26.442,74.518
546.29,354.8,26.233,73.929
545.32,356.09,26.05,73.413
545,356.98,25.961,73.164
544.41,357.46,25.791,72.684
544.89,358.74,25.856,72.868
542.61,359.67,26.073,73.478
540.44,360.39,26.247,73.97
538.82,360.79,26.214,73.876
536.41,360.03,26.233,73.93
534.48,361.92,26.028,73.35
533.89,361.48,26.019,73.325
533.08,361.51,25.957,73.15
531.02,361.77,26.04,73.385
529.87,361.61,26.116,73.599
530.38,360.32,26.346,74.249
529.71,360.23,26.291,74.092
529.93,360.57,26.366,74.306
529.51,361.82,26.443,74.521
527.66,362.21,26.554,74.833
525.25,363.09,26.477,74.617
523.01,363.07,26.567,74.872
521.17,362.85,26.473,74.607
520.37,363.31,26.347,74.252
519.75,363.49,26.379,74.342
519.51,363.5,26.387,74.363
519.84,363.48,26.266,74.023
519.95,363.39,26.088,73.52
520.71,363.19,25.932,73.081
520.22,362.93,25.993,73.254
520.23,362.68,25.869,72.903
520.87,362.29,25.808,72.732
522.48,362.52,25.735,72.527
525.16,363.37,25.625,72.217
525.8,363.77,25.744,72.551
526.44,363.63,25.874,72.917
525.27,363.25,26.026,73.345
523.21,364.28,26.212,73.87
520.17,365.09,26.387,74.363
517.86,365.92,26.423,74.465
516.56,366.53,26.495,74.668
515.75,367.23,26.344,74.243
515.16,367.56,26.308,74.14
514.61,367.97,26.267,74.026
513.6,367.43,26.354,74.269
513.03,367.09,26.266,74.023
513.08,367.06,26.18,73.781
513.12,366.87,25.953,73.139
512.16,367.02,25.848,72.844
509.88,367.11,25.793,72.689
512.11,366.79,25.845,72.835
512,365.1,25.817,72.757
511.97,363.39,25.884,72.945
512.42,362.26,25.913,73.028
513.15,361.03,25.813,72.745
515.73,360.51,25.707,72.446
516.66,360.16,25.559,72.029
517.52,360.67,25.4,71.582
517.58,361.05,25.407,71.601
517.49,361.55,25.347,71.432
517.99,362.27,25.408,71.606
519.07,362.91,25.733,72.519
521.24,362.41,25.932,73.081
522.4,361.85,26.059,73.439
523.31,362.12,26.089,73.524
524.65,362.66,26.078,73.493
526.1,362.89,26.178,73.774
527.38,362.71,26.098,73.55
528.76,362.97,26.084,73.509
529.38,363.15,26.079,73.495
529.12,363.08,26.035,73.371
528.44,363.07,26.032,73.363
527.34,362.79,25.95,73.133
526.38,362.72,25.95,73.131
525.94,362.33,25.97,73.188
525.99,362.22,26.019,73.326
526.17,361.88,25.983,73.224
525.55,361.86,26.116,73.599
525.32,361.8,26.03,73.357
524.8,361.91,25.916,73.035
524.23,361.72,25.773,72.633
524,362.21,25.508,71.885
523.42,362.97,25.207,71.038
522.8,364.16,24.964,70.352
521.2,365.25,24.778,69.828
519.32,367.25,24.733,69.703
518.44,368.69,24.773,69.816
518.64,370.42,24.733,69.703
520.47,371.88,24.841,70.006
522.93,374.39,25.023,70.52
526.14,377.35,25.034,70.551
527.32,378.48,25.099,70.734
528.69,379.86,25.149,70.874
529.27,380.85,25.142,70.856
529.83,381.42,25.225,71.088
531.02,381.09,25.255,71.174
532.55,380.84,25.376,71.514
534.92,380.78,25.241,71.134
535.6,379.76,25.185,70.976
536.19,378.71,25.122,70.798
534.74,377.27,24.984,70.41
533.11,375.82,24.923,70.237
530.99,374.77,24.907,70.192
529.22,373.72,24.847,70.023
528.09,373.58,24.812,69.924
526.31,373.59,24.894,70.157
525.4,373.81,24.881,70.12
524.86,373.61,24.936,70.275
524.64,373.81,24.885,70.131
524.54,374.48,24.731,69.695
524.57,375.04,24.636,69.429
523.72,375.24,24.503,69.053
523.13,374.8,24.408,68.787
522.6,374.18,24.268,68.391
522.81,373.74,24.399,68.762
522.67,371.48,24.63,69.411
522.95,369.74,24.894,70.156
523.21,369.04,24.976,70.386
523.6,368.01,24.989,70.424
524.79,367.71,25.074,70.662
526.05,367.38,25.166,70.922
526.94,367.58,25.213,71.055
527.76,367.89,25.308,71.323
528.66,368.16,25.259,71.186
529.22,368.37,25.237,71.121
529.47,368.1,25.07,70.653
530.16,367.89,25.049,70.593
530.73,367.45,25.089,70.707
531.63,366.84,25.096,70.726
532.23,366.63,25.197,71.008
532.17,365.87,25.328,71.378
532.8,365.39,25.378,71.518
533.93,365.49,25.394,71.564
534.55,364.85,25.451,71.726
535.14,364.86,25.502,71.87
535.7,364.66,25.528,71.942
536.41,364.89,25.488,71.829
537.54,365.64,25.469,71.778
539.07,365.61,25.514,71.903
540.26,365.75,25.252,71.165
541.39,365.11,25.231,71.105
542.32,365.08,25.115,70.779
543.74,364.31,25.334,71.397
545.03,363.68,25.359,71.466
546.3,363.35,25.411,71.613
547.18,362.75,25.491,71.838
547.53,362.76,25.615,72.188
547.77,363.22,25.523,71.927
548.01,363.88,25.429,71.662
548.7,364.42,25.351,71.444
550.52,364.7,25.406,71.599
551.43,364.47,25.323,71.364
552.46,364.1,25.119,70.789
552.7,363.58,25.199,71.015
552.59,362.8,25.445,71.708
552.66,361.75,25.37,71.497
553.43,361.49,25.353,71.449
