513.5,180.5,71,70
514.05,182.37,71.937,70.924
514.6,182.8,70.018,69.032
513.81,182.08,70.481,69.488
513.4,181.21,71.361,70.356
513.1,180.92,71.383,70.377
513.04,180.85,71.716,70.706
512.92,180.65,71.485,70.478
513.7,181.18,71.461,70.454
513.59,181.13,71.438,70.432
513.67,181.12,71.563,70.555
514.12,182.09,70.181,69.193
515.6,182.69,68.887,67.917
514.98,181.92,69.614,68.633
516.06,183.45,68.844,67.874
517.6,183.98,66.747,65.807
517.62,183.3,66.765,65.825
517.45,183.18,67.024,66.08
517.8,183.78,66.986,66.043
542.59,189.68,66.446,65.511
548.38,184.16,67.165,66.219
552.01,180.31,66.059,65.129
553.13,181.07,65.434,64.513
544.99,182.82,65.287,64.367
530.43,188.08,64.329,63.423
519.82,185.59,64.579,63.669
518.14,184.53,65.639,64.714
518.24,183.72,66.359,65.424
516.9,182.98,67.778,66.824
517.25,183.98,66.74,65.8
516.87,185.43,67.428,66.478
516.05,184.91,67.875,66.919
516.1,182.97,68.765,67.796
515.51,183.44,68.736,67.768
515.48,183.54,68.587,67.621
514.01,182.03,70.396,69.404
512.77,181.21,71.731,70.721
511.3,180.29,72.965,71.938
511.59,182.45,72.4,71.381
528.85,207.4,71.758,70.747
512.92,181.89,71.775,70.764
512.01,181.68,72.352,71.333
512.28,182.07,72.948,71.92
511.6,181.18,72.839,71.813
511.6,180.46,73.316,72.284
511.57,180.66,74.287,73.241
510.34,179.88,77.547,76.455
512.66,191.73,77.109,76.023
509.05,180.89,77.753,76.657
508.27,178.71,79.235,78.119
507.56,177.84,78.718,77.609
508.24,178.02,78.395,77.291
508.28,178.04,78.064,76.965
508.67,178.01,77.771,76.675
508.9,178.2,77.601,76.508
508.7,178.15,77.718,76.623
508.82,178.07,77.69,76.596
509.05,178.06,77.77,76.675
509.13,178.14,77.693,76.598
509.84,179.04,76.076,75.005
510.05,179.16,76.019,74.949
510.08,178.95,76.473,75.396
510.32,179.19,76.026,74.955
511.69,180.59,73.667,72.629
512.49,180.8,73.194,72.163
512.97,180.99,72.733,71.709
512.94,180.75,73.034,72.005
512.84,180.6,72.973,71.946
512.62,180.82,73.146,72.115
512.84,180.68,73.113,72.083
511.46,179.21,75.475,74.412
512.02,180.45,73.709,72.671
512.87,181.13,72.972,71.944
512.77,180.73,73.144,72.114
512.79,180.69,73.23,72.199
512.93,181,72.901,71.875
514.11,181.9,71.075,70.074
514.73,182.29,70.455,69.463
515.14,182.45,69.988,69.003
515.29,182.39,69.771,68.789
516.74,183.78,67.973,67.015
517.33,184.05,67.149,66.203
517.09,183.89,67.128,66.182
517.15,183.88,67.094,66.149
517.17,183.88,67.187,66.241
516.95,184.05,67.189,66.242
517.06,183.98,67.157,66.211
517.16,183.86,67.116,66.171
517.08,183.78,67.219,66.272
517.22,183.87,67.181,66.234
516.98,183.85,67.311,66.363
517.27,184.06,67.367,66.419
518.39,185.47,65.742,64.816
518.64,185.5,65.605,64.681
519.81,186.69,63.801,62.902
520.21,186.32,63.676,62.779
520.21,186.35,63.602,62.707
520.34,186.57,63.417,62.524
520.8,186.62,63.122,62.233
520.8,187.03,63.026,62.138
520.87,186.71,62.882,61.997
520.86,186.44,63.14,62.251
520.6,186.58,63.155,62.265
520.6,186.61,63.074,62.186
520.55,186.73,63.109,62.22
520.43,186.79,63.045,62.157
520.65,186.78,63.046,62.158
520.83,186.55,63.076,62.188
520.42,186.71,63.212,62.322
520.51,186.69,63.225,62.335
520.21,186.95,63.119,62.23
520.2,187.18,63.067,62.179
521.68,186.39,61.867,60.996
522.47,188.89,60.165,59.318
522.97,188.46,60.086,59.239
522.5,188.13,60.225,59.377
523,188.3,60.451,59.6
523.12,189.14,59.609,58.769
524.82,183.79,60.168,59.321
522.41,190.09,60.184,59.336
521.87,189.02,60.39,59.539
521.92,188.7,60.489,59.638
522.01,188.64,60.599,59.746
522.7,189.18,59.708,58.867
523.38,189.45,59.153,58.32
522.63,188.58,60.404,59.553
522.39,188.33,60.878,60.021
522.26,187.99,61.228,60.366
523.89,187.95,61.248,60.386
525.66,184.83,61.304,60.441
526.18,185.96,61.62,60.753
526.35,184.85,60.954,60.096
524.68,183.63,60.715,59.86
523.67,185.06,60.934,60.075
522.57,187.68,61.445,60.58
521.95,187.71,61.389,60.524
522.07,188.04,61.409,60.544
522.01,187.94,61.373,60.509
522.01,188.01,61.377,60.513
521.99,187.89,61.627,60.759
522.02,187.78,61.699,60.83
522.51,188.6,60.773,59.917
523.02,188.87,60.463,59.611
522.77,188.84,60.238,59.389
522.81,188.22,60.978,60.119
521.8,187.77,61.659,60.79
521.77,187.94,61.849,60.978
521.77,188.03,61.715,60.846
521.17,188.19,61.911,61.039
520.51,188.29,62.682,61.799
520.37,186.76,63.695,62.798
519.91,186.33,64.452,63.544
519.25,185.81,65.219,64.301
519.25,185.81,64.934,64.019
518.39,181.91,65.015,64.099
520.22,182.76,65.314,64.394
518.01,185.21,65.404,64.483
519.38,184.61,64.946,64.031
520.41,183.92,65.187,64.269
519.13,187.67,64.697,63.786
517.97,187.16,65.471,64.549
518.68,189.47,64.937,64.022
518.49,186.63,65.602,64.678
518.14,185.53,66.472,65.535
517.95,185.42,66.458,65.522
517.96,185.07,66.894,65.952
517.64,184.95,67.254,66.306
517.27,184.64,67.327,66.379
517.38,184.79,67.578,66.626
516.86,184.22,67.584,66.633
516.83,184.2,67.615,66.663
517.04,184.35,67.36,66.411
517.43,184.71,67.634,66.681
516.28,183.45,68.884,67.914
515.06,182.65,70.609,69.615
515.15,183.04,70.686,69.69
514.74,182.84,70.744,69.748
514.04,181.98,71.701,70.691
513.42,181.6,72.509,71.488
513.46,181.75,72.442,71.421
514.49,182.53,71.367,70.362
513.88,181.65,72.488,71.467
513.45,181.67,72.671,71.648
512.48,178.58,73.18,72.149
512.41,178.44,73.199,72.168
512.27,178.47,73.557,72.521
511.41,177.72,74.379,73.332
510.66,177.48,75.379,74.317
510.09,176.7,76.337,75.262
509.8,176.33,76.781,75.7
509.82,176.1,77.111,76.024
509.62,176.05,77.067,75.982
509.5,176.05,77.118,76.032
509.38,174.44,76.56,75.482
509.52,174.63,75.995,74.925
510.09,175.61,75.484,74.42
509.64,175.44,75.708,74.641
509.51,176.68,76.145,75.072
509.04,175.57,75.724,74.658
510.62,175.61,75.195,74.136
510.24,176.85,75.802,74.734
509.73,176.41,76.186,75.113
509.37,176.1,76.442,75.365
509.45,176.24,76.744,75.663
508.81,175.8,77.243,76.155
509.01,175.63,76.982,75.898
509.05,175.5,76.811,75.729
509.81,175.51,77.1,76.015
509.41,175.24,77.285,76.196
509.31,175.68,77.403,76.313
508.9,175.44,77.663,76.57
508.89,175.91,77.724,76.629
508.79,176.42,77.803,76.707
508.97,176.47,77.677,76.583
508.79,176.52,77.552,76.459
507.27,176.09,78.899,77.788
505.82,175.43,80.545,79.41
504.52,174.63,81.108,79.965
504.23,174.15,81.486,80.338
504.28,173.99,81.6,80.451
505.93,174.46,81.253,80.109
507.04,175.24,80.528,79.394
508.43,176.2,79.667,78.545
519.68,181.07,79.701,78.578
499.06,197.05,79.667,78.545
504.83,209.65,79.547,78.426
509.88,220.3,79.974,78.848
504.95,177.91,80.307,79.176
503.64,177.58,80.424,79.292
503.41,177.71,80.495,79.361
503.39,178.03,80.886,79.747
502.53,177.78,81.815,80.663
501.89,176.84,82.314,81.155
501.53,176.62,82.725,81.56
501.33,176.33,83.184,82.012
502.36,175.98,83.107,81.937
502.81,175.75,83.175,82.003
502.89,176.08,83.221,82.049
501.96,175.8,83.352,82.178
501.2,175.63,83.569,82.392
503.16,175.26,83.635,82.457
504.81,174.65,83.371,82.197
505.02,174.03,82.836,81.67
505.03,174.29,82.725,81.56
505.16,174.67,82.472,81.31
504.92,174.34,82.254,81.095
506.09,175.34,81.188,80.044
505.51,174.74,81.875,80.722
505.2,174.41,82.326,81.166
504.75,174.19,82.521,81.359
504.86,174.42,82.657,81.493
504.91,174.41,82.974,81.805
504.33,174.16,83.284,82.111
503.2,173.48,84.399,83.21
504,174.45,83.405,82.23
503.95,173.96,83.525,82.348
504.79,174.98,82.273,81.115
504.54,174.11,82.828,81.662
504.15,173.86,83.036,81.867
504.62,174.53,82.844,81.677
503.33,173.57,84.214,83.027
502.32,173.49,84.573,83.382
503.38,174.4,83.397,82.222
503.36,173.84,84.17,82.985
502.79,173.46,84.846,83.651
503.18,174.36,84.243,83.057
502.89,173.68,84.788,83.594
502.93,173.84,84.625,83.433
502.31,173.42,85.306,84.104
502.71,174,85.132,83.933
502.12,173.54,85.289,84.088
502.45,173.93,85.356,84.154
502.41,173.93,85.27,84.069
502.26,173.76,85.219,84.019
502,173.1,85.88,84.67
502.46,173.98,85.11,83.912
501.92,173.26,85.555,84.35
501.95,173.47,85.322,84.121
502.34,173.82,85.623,84.417
501.8,173.52,85.665,84.458
501.13,172.84,86.746,85.525
501.43,173.25,86.479,85.261
501,172.95,86.651,85.431
501.47,173.26,86.239,85.024
501.95,173.63,86.102,84.889
501.74,173.44,85.854,84.645
502.18,173.76,85.661,84.454
502.17,173.62,85.396,84.193
503.36,174.49,84.304,83.117
503.78,174.75,83.487,82.312
504.84,175.48,82.598,81.434
504.27,174.91,84.462,83.272
502.87,174.17,85.967,84.756
502.45,174.02,85.417,84.214
503.83,175.05,83.784,82.604
504.22,174.76,83.143,81.972
505.21,175.46,82.719,81.554
505.64,175.83,82.343,81.183
505.04,175.28,82.499,81.337
504.95,175.17,82.6,81.436
505.73,175.87,82.128,80.972
506.25,176.27,81.205,80.061
506.85,176.64,80.544,79.41
506.78,176.21,80.435,79.302
507.05,176.48,80.303,79.172
507.34,176.86,79.841,78.716
507.6,177.11,79.362,78.244
507.67,177.19,79.266,78.15
507.58,177.12,79.362,78.244
507.59,177.08,79.324,78.207
507.58,177.03,79.32,78.203
507.66,177.19,79.064,77.951
507.84,177.21,79.085,77.971
507.83,177.25,79.068,77.955
508.11,177.35,78.592,77.485
508.16,177.21,78.655,77.547
508.12,177.13,78.491,77.386
507.99,177.43,78.581,77.474
508.99,177.95,77.078,75.993
509.74,178.49,76.132,75.06
510.39,178.93,75.605,74.54
510.13,178.87,75.884,74.815
510.24,179.05,75.746,74.679
510.21,179.06,75.682,74.616
510.29,179.13,75.648,74.582
510.32,179.28,75.176,74.117
510.51,179.44,74.964,73.908
510.33,178.97,75.297,74.236
510.28,179.37,74.979,73.923
510.09,179.01,75.342,74.281
508.99,178.16,76.839,75.757
508.38,177.87,77.655,76.562
507.86,177.53,78.304,77.201
506.39,176.5,80.15,79.022
505.61,176.21,80.759,79.622
505.51,176.32,81.455,80.307
504.43,175.45,82.264,81.106
504.74,176.19,82.048,80.893
504.25,175.61,82.562,81.399
504.25,175.73,82.931,81.763
502.92,174.34,84.683,83.49
501.76,174.02,85.759,84.551
501.89,174.43,86.039,84.827
500.36,172.94,87.919,86.68
499.09,172.57,89.004,87.751
499.4,173.23,88.643,87.395
498.87,172.73,88.918,87.666
498.21,171.92,90.337,89.064
497.6,171.54,91.159,89.875
497.1,171.11,91.913,90.619
497.05,170.97,92.101,90.804
496.93,170.72,92.323,91.023
497.06,170.92,92.389,91.088
496.89,170.78,92.674,91.369
496.69,170.48,92.819,91.512
497.15,170.59,92.567,91.264
498.44,171.34,90.899,89.619
498.98,171.68,90.183,88.912
499.55,172.26,89.326,88.068
499.74,172.09,89.491,88.23
499.27,171.67,89.984,88.717
499.22,171.63,90.06,88.791
499.29,171.72,90.025,88.757
499.13,171.55,90.197,88.927
499.19,171.43,90.203,88.933
499.11,171.38,90.147,88.877
498.85,170.96,90.326,89.054
499.13,171.46,89.992,88.725
499.27,171.58,89.875,88.609
499.35,171.39,89.745,88.481
499.29,171.3,89.98,88.713
499.09,171.12,90.094,88.825
499.11,171.25,89.979,88.711
498.99,171.28,90.065,88.797
498.92,171.29,90.016,88.748
498.96,171.34,89.961,88.694
498.96,171.36,89.952,88.685
498.74,171.52,89.88,88.614
498.85,171.46,89.863,88.597
498.85,171.6,89.817,88.552
499.03,171.67,89.672,88.409
498.87,171.76,89.686,88.423
498.12,170.79,90.648,89.372
498.71,171.45,89.955,88.688
498.89,171.71,89.792,88.527
498.86,171.48,89.901,88.634
498.74,171.3,89.959,88.692
498.55,171.35,90.171,88.901
497.87,170.81,91.232,89.947
497.23,170.36,91.825,90.532
495.51,169.47,93.885,92.562
493.97,168.58,95.246,93.904
494.98,169.02,94.544,93.213
496.38,169.65,93.59,92.272
498.34,171.02,90.59,89.314
501.19,172.63,87.702,86.467
501.89,173.01,86.753,85.531
503.88,174.89,84.371,83.183
502.14,174.22,85.694,84.487
504.33,174.93,83.641,82.463
505.06,175.44,82.791,81.625
504.53,175.15,82.444,81.283
504.31,174.31,83.406,82.231
506.05,175.15,83.228,82.056
523,184.99,83.233,82.061
499.32,175.76,82.467,81.306
503.94,175.83,81.718,80.567
504.77,176.79,80.716,79.58
505.23,176.35,80.905,79.765
505.09,176.15,81.251,80.107
505.77,177.01,80.125,78.997
504.08,175.2,82.805,81.639
501.16,181.85,84.177,82.991
502.5,173.87,85.833,84.624
502.4,174.58,85.06,83.861
502.55,174.71,84.686,83.493
502.54,174.36,85.06,83.861
502.54,174.43,84.675,83.483
502.61,174.42,84.742,83.548
502.56,174.33,85.184,83.984
502.48,174.73,85.157,83.958
502.2,174.81,85.356,84.154
502.68,174.86,85.592,84.386
502.11,174.05,85.96,84.749
502.64,174.55,85.546,84.341
502.15,173.83,86.085,84.872
502.12,173.44,86.44,85.223
502.22,173.79,86.077,84.864
503.32,174.56,84.63,83.438
503.97,174.77,84.047,82.863
504.87,175.18,84.201,83.015
504.64,175.14,83.604,82.426
505.92,177.28,84.879,83.684
505.82,175.2,85.426,84.223
503.05,175.21,84.448,83.259
504.47,175.28,83.095,81.924
505.16,175.93,82.577,81.414
505.01,176.65,81.783,80.631
504.6,176.94,81.356,80.21
504.27,176.41,81.434,80.287
501.74,172.38,81.466,80.318
503.71,173.72,82.692,81.527
504.86,175.58,82.441,81.28
504.38,175.15,82.483,81.321
504.54,175.19,82.294,81.135
504.99,175.74,81.985,80.83
504.2,176.2,82.117,80.96
504.5,175.38,82.675,81.511
505.04,175.22,82.866,81.698
504.85,174.91,83.234,82.061
504.81,175.54,82.648,81.484
505.65,177.25,81.211,80.067
506.02,177.06,81.113,79.971
505.42,176.73,81.405,80.258
505.18,176.54,81.642,80.493
505.2,176.4,81.728,80.577
505.6,176.6,81.745,80.594
505.57,176.55,81.759,80.608
505.67,176.56,81.741,80.589
505.94,176.79,81.499,80.351
505.39,176.22,81.857,80.704
505.95,176.72,81.235,80.091
506.43,177.34,80.652,79.516
506.64,177.36,80.164,79.035
506.77,177.55,79.7,78.577
506.89,177.38,79.524,78.404
507.32,177.68,79.254,78.137
506.99,177.52,79.209,78.093
507.26,177.54,79.005,77.892
507.79,177.98,78.845,77.734
507.4,177.6,79.165,78.05
507.49,177.63,79.093,77.98
507.7,177.86,78.808,77.698
507.51,177.8,79.172,78.057
507.66,177.88,78.876,77.766
507.51,177.87,79.152,78.037
507.54,177.69,79.027,77.914
507.75,178.03,79.207,78.092
507.17,177.09,79.512,78.392
507.23,177.68,79.294,78.177
507.31,177.74,79.3,78.183
507.24,177.55,79.197,78.082
507.04,177.23,79.374,78.256
507.21,177.46,79.21,78.095
506.74,176.89,79.615,78.494
506.67,176.85,80.168,79.038
505.27,175.57,81.67,80.52
504.76,175.58,82.787,81.621
502.84,174.34,84.917,83.721
502.27,174.1,86.109,84.896
501.18,173.22,86.998,85.773
500.01,172.32,88.74,87.49
499.63,172.58,88.732,87.482
499.56,172.75,88.695,87.445
499.48,172.43,89.648,88.385
498.98,172.66,89.858,88.592
498.98,172.76,89.809,88.544
499.12,172.82,90.075,88.807
498.76,172.77,89.953,88.686
499.02,172.92,89.629,88.367
499.12,172.81,89.784,88.52
499.05,172.66,89.822,88.557
499.01,172.44,89.922,88.656
498.96,173.05,89.751,88.487
498.67,172.7,89.916,88.65
498.97,172.88,89.76,88.496
499.04,172.78,89.707,88.443
498.89,172.81,89.639,88.376
498.94,172.57,90.02,88.752
496.84,185.08,90.584,89.308
503.46,185.19,90.551,89.275
499.31,173.02,90.772,89.494
499.14,172.78,90.336,89.063
499.17,172.67,90.333,89.06
498.61,172.72,90.307,89.035
498.66,172.68,90.378,89.105
499.64,173.67,89.313,88.055
499.3,172.76,90.17,88.9
499.04,172.95,89.798,88.534
497.67,172.29,91.169,89.885
496.9,173.21,89.857,88.591
497.44,171.26,90.799,89.52
497.24,171.48,90.801,89.522
498.21,171.82,90.326,89.054
499.39,171.92,90.193,88.922
501.52,172.66,90.192,88.922
497.89,171.36,89.107,87.851
504.35,150.65,89.002,87.748
476.19,150.08,89.527,88.266
510.48,123.24,89.551,88.29
463.3,110.56,89.318,88.06
498.49,171.96,90.724,89.446
500.27,173,88.913,87.66
500.49,172.73,88.746,87.496
499.61,172.29,89.513,88.252
498.87,171.84,90.766,89.488
498.53,171.81,90.545,89.269
498.64,171.8,90.503,89.229
498.69,171.98,90.171,88.901
498.52,171.89,90.389,89.116
498.48,171.83,90.467,89.193
498.33,171.84,90.733,89.455
498.12,171.69,90.911,89.631
498.63,171.87,90.658,89.381
499.83,172.36,89.448,88.188
500.02,175.31,88.057,86.816
502.65,171.62,88.173,86.931
499.49,172.49,89.087,87.832
498.94,172.13,90.108,88.839
497.32,171.56,91.659,90.368
496.65,171.44,92.109,90.811
496.68,171.61,92.03,90.734
497.23,171.81,91.765,90.472
498.43,172.46,90.296,89.025
499.36,172.95,89.382,88.123
499.72,173.04,89.413,88.153
499.59,173.01,89.413,88.154
499.45,173.09,89.266,88.009
499.24,173.25,89.136,87.88
499,172.86,89.541,88.279
498.18,172.39,90.622,89.346
498.4,171.92,90.235,88.964
497.3,171.96,89.646,88.384
498.93,174.21,88.032,86.793
501.72,173.88,86.625,85.405
502.29,174.41,86.011,84.799
501.18,173.44,86.803,85.581
501.84,174.25,86.163,84.95
500.98,199.18,86.343,85.127
503.49,200.68,86.23,85.015
502.57,175.12,85.548,84.343
502.13,173.77,85.866,84.657
503.38,174.91,84.434,83.245
502.93,175.2,84.937,83.74
502.69,175.14,85.59,84.385
500.44,173.78,86.615,85.395
499.53,174.71,86.734,85.512
517.35,140.17,87.279,86.05
501.13,172.99,87.608,86.374
502.18,174.45,86.239,85.024
504.38,173.22,85.4,84.197
503.04,173.1,85.697,84.49
502.68,174.08,85.649,84.442
501.03,172.8,87.014,85.788
501.09,173.16,86.896,85.672
501.51,173.84,86.573,85.354
501.42,173.45,86.81,85.588
501.95,174.06,86.224,85.009
502.42,174.35,85.858,84.648
502.99,174.47,85.087,83.889
502.61,173.99,85.083,83.885
502.45,173.78,85.342,84.14
502.68,174.17,85.561,84.356
501.86,173.61,86.092,84.879
501.65,173.2,86.528,85.309
500.73,172.88,86.887,85.663
500.27,173.8,85.856,84.647
499.71,175.62,85.333,84.131
504.73,171.77,85.362,84.159
504.05,174.73,84.108,82.924
504.56,174.69,83.759,82.579
503.97,174.58,83.485,82.309
504.24,174.86,83.584,82.407
504.74,175.86,82.833,81.667
504.18,174.95,82.793,81.627
504.62,174.89,82.896,81.729
504.3,174.96,83.066,81.896
506.72,174.15,81.866,80.713
506.41,174.39,82.143,80.986
506.81,176.06,80.82,79.682
507.1,176.18,80.707,79.57
505.38,175.76,81.727,80.576
504.97,175.44,82.968,81.799
505.93,176.36,81.58,80.431
509.46,171.81,82.197,81.039
505.19,175.36,82.454,81.292
504.83,175.26,82.144,80.987
506.65,176.6,80.515,79.381
507.13,176.85,79.935,78.809
507.19,177.11,79.837,78.713
506.82,176.96,79.782,78.658
506.87,177.47,79.339,78.221
507.06,177.17,79.554,78.434
506.78,177.15,79.613,78.492
507.12,176.96,79.73,78.607
507.18,176.73,79.614,78.493
506.85,176.79,79.565,78.445
505.69,176.31,80.969,79.828
501.93,231.84,80.794,79.656
490.96,230.23,80.488,79.354
488.26,222.67,80.779,79.641
488.23,220.46,80.881,79.742
495.88,219.45,80.991,79.85
519.06,219.41,81.525,80.377
504.69,175.45,82.557,81.394
504.45,175.53,82.667,81.503
504.37,175.63,82.685,81.52
504.62,175.66,82.667,81.503
504.94,175.62,82.647,81.483
504.78,176.01,82.238,81.08
506.15,176.67,80.815,79.677
544.59,213.77,80.25,79.12
522.34,201.99,80.005,78.878
506.65,176.75,80.002,78.876
507.02,177.21,79.544,78.424
507.02,177.01,79.492,78.373
506.81,176.97,79.678,78.555
505.48,175.72,81.641,80.492
504.65,175.13,82.859,81.692
504.14,174.79,82.946,81.778
504.35,174.97,82.921,81.753
506.07,175.71,80.868,79.729
508.36,174.61,83.591,82.413
513.09,177.17,83.771,82.591
506.19,174.9,82.066,80.911
505.67,174.7,82.246,81.088
506.46,175.96,80.87,79.731
507.12,176.74,80.114,78.985
507.26,177.12,78.849,77.738
507.76,177.42,78.245,77.143
508.15,177.53,78.361,77.258
508.05,177.46,78.456,77.351
507.77,177.42,78.559,77.453
507.43,177.5,78.705,77.596
505.73,176.27,81.259,80.114
505.64,176.78,81.042,79.9
505.1,176.04,81.448,80.301
504.65,175.44,82.485,81.323
504.66,175.61,82.252,81.094
505.72,176.71,80.835,79.697
506.35,177.02,80.101,78.972
505.57,175.99,81.232,80.088
505.41,176.09,81.931,80.777
504.57,175.37,82.415,81.254
504.52,175.5,82.143,80.986
504.71,175.61,82.792,81.626
504.17,175.14,82.802,81.636
504.19,175.08,82.745,81.579
504.74,175.52,82.463,81.302
505,175.65,82.069,80.913
505.39,176.26,81.743,80.592
505.5,176.25,82.248,81.09
505.82,176.69,81.046,79.904
505.19,176.12,81.267,80.122
506.09,177.07,80.55,79.415
505.15,175.98,81.708,80.557
505.92,176.77,81.093,79.951
505.41,176.15,81.509,80.361
505.3,175.52,82.268,81.109
506.41,176.72,80.764,79.626
506.83,177.01,80.811,79.673
507.68,177.35,80.12,78.991
508.56,177.3,77.896,76.799
509.91,178.54,76.504,75.427
510.48,178.94,76.223,75.149
510.66,179.28,75.415,74.353
510.18,179.13,75.443,74.38
509.96,178.89,75.479,74.416
509.94,178.81,75.563,74.499
509.91,178.94,76.071,75
509.67,178.39,76.861,75.778
509.16,177.94,77.38,76.29
508.98,177.82,77.847,76.751
508.85,178.15,77.317,76.228
509.5,178.57,76.756,75.675
510.01,178.87,76.013,74.943
510.1,178.68,76.154,75.081
510.02,178.83,75.637,74.572
509.96,178.89,75.789,74.721
509.79,178.5,75.939,74.869
510.31,178.72,75.777,74.71
509.87,178.67,76.05,74.978
509.59,178.84,75.902,74.833
509.78,178.98,75.777,74.71
509.87,178.81,75.918,74.848
509.87,178.87,75.877,74.808
509.83,178.82,75.752,74.685
509.77,178.89,75.852,74.784
508.49,177.92,77.503,76.411
507.59,177.31,78.763,77.654
507.48,177.33,78.445,77.34
507.74,177.6,78.559,77.453
507.96,177.8,78.482,77.377
507.89,177.56,78.437,77.332
508.03,177.65,78.429,77.324
507.86,177.57,78.525,77.419
508.08,178.03,78.199,77.098
507.67,177.69,78.49,77.384
507.73,177.45,78.658,77.55
507.82,177.55,78.645,77.538
507.88,177.6,78.631,77.524
507.72,177.54,78.694,77.586
507.72,177.51,78.749,77.639
507.41,177.37,78.678,77.57
508.01,177.61,78.489,77.383
509.2,178.6,76.628,75.549
510.09,178.95,75.712,74.645
510.39,178.95,75.528,74.464
510.09,179.05,75.51,74.446
510.15,178.81,75.779,74.711
510.09,179.03,75.747,74.68
510.02,179.02,75.681,74.616
509.75,178.74,75.705,74.638
509.84,178.4,75.733,74.666
510.35,178.49,75.955,74.885
510.78,179.29,75.024,73.967
512.61,180.44,72.569,71.547
514.3,181.01,70.843,69.845
502.62,159.53,71.608,70.6
449.55,134.49,72.604,71.582
459.58,149.28,73.684,72.646
467.42,160.18,74.638,73.587
469.45,169.91,73.551,72.515
479.4,174.92,72.991,71.963
476.03,177.33,73.132,72.102
493.73,182.77,72.803,71.778
515.83,196.43,72.11,71.094
533.46,213.96,72.217,71.2
548.29,238.83,73.154,72.124
556.16,230.38,73.772,72.733
513.03,180.17,73.54,72.505
512.06,179.62,73.94,72.899
512.33,179.43,73.517,72.481
513.44,179.57,72.557,71.535
513.89,178.65,72.511,71.489
513.12,178.21,73.223,72.191
513.26,177.88,73.211,72.18
511.28,147.02,72.644,71.62
512.73,146.85,72.186,71.169
513.94,177.84,72.47,71.45
511.68,177.5,72.714,71.689
514.37,176.98,71.885,70.872
479.17,159.61,72.928,71.9
555.31,463.32,73.386,72.352
488.71,451.73,73.097,72.068
489.1,441.36,73.195,72.164
477.56,431.86,73.457,72.422
480.15,418.22,73.792,72.753
490.56,403.99,73.838,72.798
507.74,383.81,73.646,72.609
521,368.47,74.041,72.999
529.46,348.73,74.471,73.423
546,346.92,74.61,73.559
554.26,337.88,74.892,73.837
567.84,323.23,75.461,74.399
575.95,320.89,75.357,74.296
574.37,313.24,75.686,74.62
574.52,307.9,75.527,74.463
575.29,308.45,75.095,74.037
598.33,325.87,74.875,73.821
602.88,330.4,74.625,73.574
602.55,332.58,74.515,73.466
582.63,330.04,74.78,73.727
587.04,336.44,74.954,73.898
577.74,349,75.465,74.402
574.26,353.6,75.778,74.71
566.89,360.25,76.183,75.11
649.13,319.16,75.741,74.674
616.44,322.91,75.364,74.303
561.77,330.1,75.534,74.47
533.48,333.54,75.049,73.992
469.16,356.17,74.591,73.54
449.25,352.16,74.207,73.162
431.95,346.25,74.102,73.059
402.39,335.95,74.102,73.059
389.59,326.59,74.351,73.303
380.98,313.45,74.907,73.852
371.9,298.78,75.539,74.475
367.05,280.7,76.218,75.144
366.77,258.14,76.582,75.503
365.6,241.21,77.336,76.246
308.37,221.82,78.463,77.358
312.44,240.33,78.936,77.825
326.87,260.23,79.059,77.945
341.89,280.11,78.367,77.264
275.4,337.78,78.472,77.367
276.35,336.3,78.614,77.506
272.27,331.3,78.77,77.661
271.64,327.44,78.788,77.678
232.69,302.28,79.056,77.943
229.72,300.93,79.597,78.476
510.96,175.02,80.083,78.955
507.28,177.03,79.197,78.082
507.35,177.07,78.859,77.748
507.97,177.64,78.627,77.52
507.71,177.18,79.056,77.943
507.85,177.25,79.112,77.997
509.66,178.32,77.075,75.99
510.95,179.14,75.487,74.424
511.77,179.73,73.952,72.91
510.16,179.07,74.339,73.292
509.78,179.69,74.548,73.498
510.61,180.44,74.532,73.483
510.75,180.71,74.246,73.2
448.35,208.34,74.328,73.281
426.51,211.17,75.04,73.983
422.7,205.86,75.537,74.473
424.05,196.84,75.733,74.666
447.94,260.24,75.426,74.364
451.98,234.18,74.74,73.687
450.64,215.33,74.3,73.253
447.32,193.95,74.48,73.431
450.28,182.55,74.245,73.199
456.01,172.39,74.374,73.327
462.78,158.05,74.481,73.432
458.2,134.86,74.386,73.338
463.66,137.12,74.541,73.491
513.02,179.73,74.126,73.082
511.72,180,73.709,72.671
512.49,180.5,73.322,72.289
499.39,200.23,73.029,72.001
502.26,211.43,72.785,71.76
503.9,224.55,72.412,71.392
503.21,235.29,72.281,71.263
492.12,259.14,71.512,70.504
487.31,270.97,70.744,69.748
479.46,278.98,69.834,68.851
528.66,244.64,68.678,67.711
515.74,182.43,68.397,67.434
515.8,182.13,68.201,67.241
515.91,182.34,68.104,67.145
515.91,182.25,67.856,66.901
516.08,182.63,67.996,67.038
515.43,182.21,68.172,67.212
470.37,168.42,68.069,67.11
491.35,168.08,67.734,66.78
514.23,180.83,67.808,66.853
515.54,182.64,68.01,67.053
515.51,182.06,68.159,67.199
515.52,182.08,68.28,67.319
515.66,182.58,68.263,67.301
515.44,182.55,68.447,67.483
514.6,181.77,68.948,67.977
513.95,181.42,69.795,68.812
513.64,181.23,70.241,69.252
513.48,181.11,70.354,69.363
513.55,181.07,70.489,69.496
514.09,181.64,70.176,69.187
514.21,181.61,70.291,69.301
513.59,181.24,70.127,69.139
513.93,181.41,70.572,69.578
512.3,181.29,70.569,69.576
514.69,182.71,71.003,70.002
484.92,178.82,70.913,69.914
513.6,181.37,70.458,69.465
516.81,181.31,70.329,69.339
517.83,179.27,70.426,69.434
519.53,179.53,70.623,69.628
444.2,175.95,71.053,70.052
445.86,172.41,71.609,70.6
456.29,151.18,72.157,71.14
459.5,149.26,71.375,70.37
464.79,147.74,71.071,70.07
470.89,144.47,70.305,69.314
491.55,180.67,70.359,69.368
489.1,174.42,70.087,69.1
489.41,171.83,70.008,69.022
488.62,170.07,69.543,68.563
488.72,169.82,68.994,68.022
488.49,168.31,68.97,67.999
488.84,168.62,68.855,67.885
486.56,167.3,68.974,68.003
486.56,166.83,69.219,68.244
485.75,164.34,69.047,68.074
483.52,162.36,69.46,68.481
477.1,158.79,69.756,68.774
475.39,158.49,69.929,68.944
471.75,156.16,69.946,68.961
453.3,152.8,70.066,69.079
441.36,152.56,70.057,69.07
408.15,147.02,70.027,69.04
408.32,147.08,70.101,69.114
380.21,145.74,70.123,69.135
379.76,143.03,70.043,69.056
364.21,142.82,69.85,68.867
298.01,142.01,69.708,68.726
282.33,142.34,69.712,68.73
263.91,103.38,69.172,68.198
255.95,107.98,69.36,68.383
246.3,143.37,70.128,69.14
515.34,179.34,71.33,70.325
512.85,180.64,71.573,70.564
512.92,180.84,71.697,70.687
512.77,180.47,72.069,71.054
512.82,180.74,72.075,71.059
512.96,180.63,72.173,71.157
512.79,180.59,71.996,70.982
513.32,180.97,71.948,70.935
513.34,181.04,71.929,70.916
513.1,180.85,72.455,71.434
482.67,171.61,72.782,71.757
505.24,179.6,70.959,69.96
518.65,183.37,72.141,71.125
511.54,181.18,71.016,70.016
512.5,181.06,70.966,69.967
512.63,180.98,71.311,70.307
512.8,180.56,70.72,69.724
512.31,180.35,71.384,70.378
511.99,180.27,72.179,71.163
511.6,179.88,72.388,71.369
511.7,180.05,73.098,72.069
511.3,179.74,73.054,72.025
511.62,179.56,73.091,72.062
511.74,179.67,73.12,72.09
512.44,179.49,73.281,72.249
511.99,180.01,72.73,71.705
491.93,236.52,72.726,71.702
487.67,232.86,72.766,71.741
457.17,246.2,71.98,70.967
460.37,245.22,71.768,70.758
461.49,244.39,71.051,70.05
462.93,247.49,70.665,69.67
462.53,248.88,70.09,69.103
463.56,249.66,69.585,68.605
464.91,249.96,69.027,68.054
464.87,248.5,69.004,68.032
458.23,220.24,69.251,68.276
416.45,222.96,68.658,67.691
379.4,224.6,69.107,68.133
334.46,227.1,69.438,68.46
287.05,192.2,69.364,68.387
264.36,199.49,69.505,68.526
245.34,201.83,69.486,68.508
233.75,206.16,69.63,68.649
227.92,210.7,69.44,68.462
222.42,217.6,68.994,68.022
226.4,219.53,69.115,68.141
230.64,222.25,69.334,68.358
516.34,180.33,69.318,68.342
514.12,181.46,70.407,69.415
513.86,181.25,70.389,69.398
513.66,181.28,70.45,69.457
513.7,181.49,70.503,69.51
514.34,182.06,70.098,69.11
514.42,181.91,70.216,69.227
514.43,182.02,69.98,68.994
513.83,181.35,70.558,69.564
514.31,181.81,70.441,69.449
513.81,181.41,70.42,69.429
513.71,181.3,70.47,69.477
513.92,181.65,70.657,69.662
514.12,181.98,70.458,69.466
513.7,181.32,70.73,69.734
513.47,180.91,71.078,70.077
515.68,183.26,69.837,68.853
557.93,168.75,69.011,68.039
561.04,173.77,69.077,68.104
561.43,177.99,68.955,67.983
558.13,182.04,69.482,68.504
509.16,171.42,69.31,68.334
498.19,178.03,69.561,68.581
494,180.48,69.817,68.833
490.36,180.65,69.83,68.847
487.49,180.7,70.431,69.439
484.61,177.73,71.003,70.003
519.55,182.75,70.663,69.668
514.58,181.35,70.976,69.976
514.36,181.32,70.99,69.99
514.19,181.38,70.744,69.748
513.34,180.73,71.051,70.05
513.27,181.08,71.275,70.271
512.24,180.28,72.266,71.248
512.32,180.44,72.292,71.274
512.62,180.7,71.854,70.842
512.74,180.8,71.685,70.675
512.14,180.08,72.681,71.658
511.78,179.93,72.997,71.969
512.47,180.45,72.207,71.19
513.09,180.12,72.258,71.241
514.79,180.53,71.938,70.925
517.1,180.95,71.833,70.821
518.03,180.01,72.757,71.732
519.08,180.83,71.643,70.634
522.66,181.53,71.315,70.311
518.91,146.63,71.432,70.426
518.58,180.74,71.561,70.553
515.98,180.96,71.764,70.753
513.98,180.34,71.866,70.853
514.06,181.05,71.315,70.311
513.2,180.66,71.261,70.257
513.15,180.9,70.993,69.993
513.65,181.23,71.061,70.06
513.7,181.28,70.976,69.977
513.74,181.18,70.993,69.993
513.71,181.33,71.018,70.018
513.86,181.32,71.12,70.118
513.86,181.24,71.103,70.102
514.08,181.37,70.893,69.894
513.12,180.82,71.258,70.255
512.87,180.72,71.376,70.37
513.12,180.8,71.492,70.485
513.33,181.21,71.403,70.397
513.3,181.14,71.489,70.482
513.1,181.06,71.599,70.591
512.74,180.84,71.674,70.664
511.82,179.93,73.241,72.209
511.45,179.83,73.454,72.419
511.34,179.79,73.724,72.686
512.35,180.7,72.3,71.282
512,180.35,72.68,71.657
511.7,180.08,73.003,71.975
511.9,180.19,73.154,72.124
511.7,180.07,73.188,72.157
511.65,179.9,73.405,72.371
511.74,180.03,73.475,72.441
511.36,179.74,73.497,72.462
511.39,179.6,73.473,72.439
511.6,179.98,73.419,72.385
511.51,179.9,73.763,72.724
511.44,179.97,74.196,73.151
511.68,180.24,73.628,72.591
511.4,179.82,73.922,72.881
511.29,179.61,74.159,73.115
511.03,179.43,74.157,73.112
511.05,179.54,74.111,73.068
511.29,179.55,73.972,72.93
511.04,179.31,74.022,72.98
511.06,179.28,73.991,72.949
511.01,179.33,74,72.957
511.01,179.31,73.964,72.922
511.04,179.31,74.03,72.987
510.96,179.39,73.928,72.887
511.26,179.55,73.962,72.921
511.07,179.23,74.07,73.027
512.17,179.45,73.835,72.795
513.53,179.49,73.212,72.18
514.6,179.6,73.01,71.982
515.41,179.46,72.543,71.521
516.09,179.38,72.14,71.124
516.24,179.61,71.76,70.75
517.29,180.41,70.97,69.97
518.36,181.04,70.617,69.623
519.35,183.53,69.863,68.879
519.21,185.5,68.645,67.678
519.61,181.8,69.305,68.329
517.15,186.73,67.975,67.017
362.52,506.5,67.951,66.994
297.58,535.65,68.326,67.364
293.25,535.92,68.38,67.417
294.11,535.95,67.968,67.011
293.77,535.8,67.666,66.713
291.96,535.97,67.408,66.459
294.39,536.47,67.196,66.25
294.31,535.86,67.411,66.462
294.68,535.99,67.857,66.901
295.43,535.81,68.058,67.099
293.36,535.49,67.882,66.926
294.65,536.1,67.588,66.636
292.89,535.9,67.642,66.689
290.95,535.96,67.674,66.721
290.99,535.87,67.447,66.497
288.55,536.22,67.055,66.111
288.03,536,66.93,65.987
289.14,536.42,66.419,65.484
290.33,536.32,66.171,65.239
289.99,536.49,66.083,65.152
284.53,537.57,65.722,64.796
284.68,538.55,64.73,63.819
291.55,539.52,64.282,63.377
295.44,538.43,64.175,63.271
292.48,539.46,63.12,62.231
284.41,537.58,63.313,62.421
281.02,537.09,63.171,62.281
278.77,537.29,62.45,61.571
274.02,537.06,62.829,61.944
272.05,536.99,62.607,61.725
269.86,539.2,61.86,60.989
270.33,538.22,62.06,61.186
270.12,538.33,62.253,61.376
270.19,538.13,62.103,61.228
269.19,538.28,62.246,61.37
268.18,537.81,62.295,61.417
266.74,538.34,62.365,61.486
266.14,538.34,62.264,61.387
267.34,537.71,62.066,61.192
267.46,536.62,61.986,61.113
267.12,536.52,61.775,60.905
266.13,536.35,61.326,60.463
266.11,536.84,61.015,60.156
266.65,537.45,60.399,59.548
266.43,537.73,60.55,59.697
265.25,537.82,60.732,59.876
264.64,537.91,60.546,59.693
263.74,537.69,60.532,59.68
517.62,185.04,60.77,59.914
521.41,186.63,61.021,60.162
520.68,185.86,61.55,60.683
520.84,186.09,61.734,60.864
520.59,185.96,61.984,61.111
520.6,186.03,62.021,61.147
520.6,186.16,61.949,61.076
520.55,186.03,61.983,61.11
520.2,185.73,62.584,61.703
520.19,185.79,62.567,61.686
519.94,185.56,62.822,61.938
519.86,185.52,62.831,61.946
519.74,185.33,62.599,61.717
520.22,186.04,62.623,61.741
519.94,185.59,62.901,62.015
519.72,185.47,63.19,62.3
519.55,185.38,63.342,62.45
519.59,185.4,63.37,62.478
519.41,185.41,63.298,62.407
519.59,185.46,63.312,62.42
520.42,185.85,62.707,61.823
489.49,187.03,63.263,62.372
516.81,184.4,63.509,62.615
517.82,184.82,63.621,62.725
517.77,185.48,63.492,62.597
518.52,185.56,63.828,62.929
519.14,185.65,63.561,62.666
519.43,185.51,63.372,62.479
519.54,185.37,63.482,62.588
519.55,185.19,63.637,62.741
519.65,185.35,63.232,62.342
519.82,185.37,63.146,62.256
519.62,185.45,63.225,62.335
519.49,185.53,63.367,62.474
519.59,185.44,63.462,62.568
519.38,185.54,63.346,62.454
519.29,185.28,63.474,62.58
519.69,185.66,63.2,62.31
519.45,185.35,63.423,62.53
519.7,185.39,63.26,62.369
519.69,185.37,63.192,62.302
519.58,185.19,63.464,62.57
519.68,185.5,63.116,62.227
519.35,185.18,63.248,62.357
520.16,185.53,63.143,62.254
520.13,184.42,64.334,63.427
520.53,188.76,62.892,62.006
524.1,189.13,61.782,60.912
520.1,185.53,61.13,60.269
520.32,185.69,62.181,61.306
519.82,185.46,62.749,61.866
519.78,185.37,63.016,62.129
519.6,185.29,63.098,62.209
518.05,184.29,62.825,61.94
519.06,184.91,61.762,60.892
503.88,195.43,61.655,60.786
501.28,188.05,62.568,61.687
494.73,213.51,62.831,61.947
521.64,187.55,61.98,61.107
520.8,186.52,62.386,61.508
520.65,186.41,62.199,61.323
520.55,186.29,62.047,61.173
520.66,186.18,62.128,61.253
520.68,186.14,62.145,61.27
520.85,186.27,62.162,61.286
520.55,186.11,62.326,61.448
520.94,186.2,62.309,61.432
520.28,189.86,61.761,60.891
515.45,184.28,60.904,60.046
520.39,186.32,61.134,60.273
520.92,186.34,61.721,60.852
520.33,185.86,62.241,61.364
520.11,185.44,62.919,62.033
519.78,185.29,63.349,62.457
519.52,185.03,63.665,62.768
519.3,185,63.635,62.739
519.16,184.97,63.798,62.899
518.86,184.93,63.615,62.719
519.09,184.56,63.706,62.809
520.9,185.59,62.891,62.006
520.98,185.3,63.252,62.362
521.35,184.81,63.555,62.66
521.92,186.65,62.831,61.946
521.93,188.11,62.36,61.482
522.33,188.61,61.66,60.792
523.58,189.93,60.75,59.895
523.88,190.23,60.593,59.739
523.01,190.84,59.996,59.151
523.67,191.82,58.808,57.979
524.28,191.72,58.177,57.357
524.32,192.41,57.819,57.005
524.25,192.32,57.376,56.568
527.04,188.84,57.913,57.097
526.81,188.27,58.011,57.194
526.58,188.45,58.158,57.339
525.62,187.95,58.579,57.754
524.96,187.87,58.672,57.845
524.21,187.67,58.781,57.953
523.73,187.54,59.09,58.258
523.7,187.6,59.201,58.367
523.25,187.36,59.323,58.487
523.45,187.64,59.347,58.511
523.61,187.67,59.335,58.5
523.42,187.66,59.411,58.574
523.52,187.8,59.377,58.54
523.55,187.75,59.453,58.616
523.44,187.85,59.494,58.656
523.16,187.66,59.66,58.82
522.85,187.48,59.876,59.033
523.43,188.3,59.416,58.579
523.35,188.34,59.065,58.233
522.61,187.69,59.549,58.71
522.4,187.47,59.727,58.885
522.5,187.61,59.573,58.734
522.66,187.65,59.251,58.416
522.7,187.86,59.228,58.394
522.37,187.42,59.138,58.305
522.32,187.51,59.12,58.287
522.47,187.64,59.129,58.296
522.37,187.46,59.236,58.402
523.1,190.3,58.273,57.453
525.11,190.51,57.925,57.109
526.61,191.32,58.378,57.556
525.34,191.02,58.536,57.712
525.79,191.36,58.409,57.586
526.15,191.34,57.925,57.109
526.6,191.79,56.956,56.154
526.52,191.67,57.165,56.36
527.07,192.59,56.778,55.978
527.6,192.22,56.734,55.935
526.5,191.83,57.048,56.245
527.09,191.86,57.114,56.31
527.09,191.78,57.118,56.313
521.57,222.27,57.124,56.319
478.1,192.44,57.48,56.671
476.57,189.12,58.285,57.464
482.86,185.81,59.31,58.475
479.01,186.19,61.044,60.184
473.7,235.84,62.439,61.56
453.89,254.43,64.044,63.142
416.17,242.38,64.703,63.792
393.03,245.47,64.507,63.599
393.03,258.11,63.664,62.768
392.01,257.29,62.562,61.681
373.66,274.91,61.184,60.323
424.12,272.78,61.426,60.561
417.91,254.74,61.973,61.1
391.29,262.12,61.473,60.607
389.8,259.14,60.864,60.007
386.57,240.99,60.231,59.383
376.08,269.06,59.799,58.957
375.89,267.59,59.285,58.45
379.44,309.59,58.81,57.982
377.66,314.65,58.266,57.445
376.21,317.9,58.036,57.219
376.29,335.09,57.6,56.789
522.22,186.13,57.559,56.749
523.64,188.37,56.967,56.164
523.42,188.08,56.675,55.877
523.54,188.18,57.45,56.641
522.68,187.75,57.476,56.666
523.06,188.2,57.071,56.267
523.55,188.34,56.856,56.056
523.17,187.89,56.951,56.149
523.15,188.05,56.908,56.106
522.76,187.81,57.386,56.578
522.74,187.63,57.464,56.655
523.35,188.42,56.588,55.791
523.31,188.77,56.957,56.155
521.53,190.73,56.735,55.936
488.86,178.66,56.741,55.942
472.13,169.4,57.226,56.42
470.78,169.66,57.317,56.509
470.19,165.12,57.493,56.684
473.39,159.55,57.857,57.042
521.4,187.6,58.466,57.643
522.04,187.68,58.616,57.79
521.8,186.97,58.745,57.918
521.66,187.13,58.537,57.712
522.26,187.46,58.356,57.534
522.05,187.35,58.178,57.359
522.28,187.37,57.872,57.057
522.54,187.71,57.492,56.682
523.33,188.21,56.642,55.844
523.04,188.44,57.047,56.244
523.13,188.44,57.082,56.278
522.58,188.18,57.513,56.703
524.55,188.54,57.481,56.671
520.77,188.14,57.48,56.671
522.11,188.38,57.371,56.563
520.45,149.21,57.378,56.57
520.88,144.71,57.564,56.754
549.22,124.51,57.398,56.589
570.74,116.59,57.697,56.884
535.44,90.042,57.152,56.347
535.89,95.189,57.314,56.507
546.3,118.31,57.547,56.736
570.72,147.7,57.152,56.347
528.37,188.51,56.683,55.885
528.1,188.68,56.659,55.861
527.37,188.99,56.299,55.506
527.17,189.05,56.082,55.292
526.38,188.6,56.192,55.4
525.83,190.16,56.126,55.335
525.5,190.46,56.209,55.417
524.75,189.35,56.64,55.842
524.15,188.83,56.717,55.919
523.28,188.25,57.402,56.594
522.45,187.61,57.371,56.563
522.3,187.28,57.285,56.478
522.34,187.45,56.965,56.163
522.91,187.57,56.559,55.762
523.31,187.64,56.313,55.52
523.95,188.13,55.914,55.126
523.57,187.8,55.567,54.784
523.7,187.97,55.302,54.523
524.23,188.59,55.018,54.243
523.73,188.08,54.959,54.185
524.45,188.59,54.843,54.071
524.56,188.7,54.782,54.011
524.61,188.56,54.729,53.958
524.01,188.26,54.966,54.192
524.31,188.5,54.891,54.118
524.66,188.65,54.825,54.052
524.78,188.6,54.994,54.22
524.07,188.04,55.265,54.487
524.18,188.32,55.419,54.638
524.09,188.41,55.471,54.689
524.05,188.25,55.121,54.345
524.18,188.28,54.89,54.117
524.64,188.82,54.847,54.075
524.77,188.83,54.942,54.169
524.68,188.69,54.945,54.171
524.7,188.75,54.968,54.193
524.45,188.49,54.908,54.134
524.67,188.74,54.934,54.161
524.72,188.71,54.966,54.192
524.45,188.66,54.855,54.082
524.74,188.88,54.828,54.056
524.77,188.76,54.996,54.221
524.22,188.2,55.053,54.278
524.11,188.26,55.099,54.323
524.1,188.31,55.157,54.38
524.18,188.39,54.996,54.221
524.13,188.49,55.065,54.289
524.26,188.55,54.976,54.202
524.4,188.71,55.051,54.275
524.25,188.48,54.967,54.192
524.36,188.7,55.012,54.237
524.19,188.24,55.146,54.37
524.28,188.43,54.924,54.15
524.84,188.88,54.989,54.215
524.42,188.62,55.019,54.244
524.29,188.36,54.901,54.128
524.64,188.81,54.955,54.181
524.74,188.81,54.982,54.207
524.41,188.77,54.889,54.116
524.6,188.96,54.893,54.12
524.74,189.01,54.812,54.04
524.57,188.94,54.958,54.184
524.83,188.98,54.866,54.093
524.89,188.89,54.828,54.056
524.99,188.93,54.941,54.167
526.28,190.74,53.104,52.356
482.94,188.77,52.969,52.223
461.43,175.67,52.858,52.113
458.64,173.39,52.447,51.708
457.46,174.08,52.976,52.23
456.6,174.99,53.148,52.4
456.23,169.81,54.168,53.405
459.75,164.13,54.611,53.842
463.54,158.28,54.837,54.065
459.87,136.77,54.808,54.036
461.49,130.45,54.542,53.774
461.57,128.15,54.248,53.484
477.3,119.82,54.335,53.57
466.2,103.59,54.7,53.93
466.4,101.29,54.613,53.844
474.5,102.66,54.826,54.053
480.75,106.56,55.449,54.668
488.26,109.11,54.954,54.18
497.24,114.4,54.491,53.724
505.92,118.45,55.234,54.456
512.65,121.3,55.429,54.648
526.79,125.91,55.587,54.804
535.29,130.02,55.872,55.085
547.47,134.96,56.527,55.73
545.74,125.53,56.45,55.655
530.28,91.523,56.811,56.01
540.19,95.568,57.793,56.979
542.27,95.997,59.062,58.23
549.33,112.44,58.988,58.157
549.5,106.73,59.204,58.37
550.63,94.044,58.835,58.006
582.7,113.22,58.177,57.358
578.67,117.54,58.172,57.353
570.19,123.09,58.055,57.238
522.86,186.21,58.287,57.466
521.89,185.89,58.291,57.47
522.16,186.12,58.084,57.266
522.9,186.93,57.628,56.817
523.17,187.2,57.373,56.565
522.96,186.83,57.092,56.287
523.53,187.3,57.003,56.2
523.35,186.91,56.846,56.045
522.97,186.82,56.963,56.16
523.19,186.92,56.791,55.991
523.62,187.03,56.806,56.006
523.66,187.15,56.768,55.968
523.95,187.36,56.915,56.114
523.48,186.93,56.858,56.057
523.29,187.08,56.768,55.969
523.73,187.53,56.871,56.07
523.35,187.19,56.734,55.935
524.24,187.99,56.317,55.524
524.51,188.14,55.715,54.931
524.83,188.03,55.362,54.582
525.14,188.27,55.111,54.335
524.4,187.66,55.972,55.184
524.3,187.1,56.268,55.476
525.56,185.3,56.569,55.772
523.35,184.75,56.953,56.151
523.22,186.61,57.131,56.326
523.35,187.31,57.143,56.338
523.28,187.26,57.257,56.45
523.06,187.16,57.202,56.397
523.03,186.84,57.544,56.734
522.61,186.05,57.918,57.103
523.97,186.27,57.36,56.553
523.59,186.62,57.185,56.38
523.66,187.14,57.118,56.313
523.57,187.09,57.236,56.43
523.4,187.07,57.022,56.219
523.23,187.09,56.986,56.184
523,186.86,57.01,56.207
523.2,186.98,57.028,56.225
523.01,186.95,57.128,56.323
523.74,187.5,56.806,56.006
523.87,187.12,56.984,56.181
523.66,186.78,57.143,56.338
524.3,187.11,57.215,56.409
525.28,187.75,56.164,55.373
525.52,187.9,55.726,54.941
525.54,187.43,55.95,55.162
524.72,187.41,55.814,55.028
524.73,187.76,55.749,54.964
524.46,188,55.923,55.135
523.76,187.42,56.196,55.405
524.26,188.09,55.916,55.128
523.73,187.45,56.188,55.396
524.08,188.01,56.052,55.262
523.78,187.37,56.314,55.521
524.08,187.99,56.128,55.337
524.45,188.1,55.971,55.183
523.61,187.38,56.336,55.543
524,187.97,56.138,55.347
524.05,187.98,55.889,55.102
523.57,187.25,56.62,55.823
524.46,187.91,56.503,55.708
523.94,187.16,57.153,56.348
524.25,187.48,57.061,56.258
523.78,187.11,57.49,56.68
523.1,186.8,57.822,57.008
522.68,186.65,57.765,56.951
522.59,186.74,57.84,57.025
522.49,186.61,57.994,57.178
523.18,187.41,57.362,56.554
522.84,186.75,57.51,56.7
523.39,187.32,57.221,56.415
523.53,187.45,57.049,56.245
523.56,187.25,57.306,56.499
523.01,186.7,57.405,56.597
522.45,186.29,57.905,57.089
522.54,186.7,57.819,57.004
522.01,186.44,57.918,57.103
521.92,186.02,57.842,57.027
523.13,185.05,58.566,57.742
523.6,186.6,57.911,57.095
522.65,186.84,57.597,56.785
523.2,187.11,57.447,56.638
522.87,186.75,57.464,56.655
522.84,186.78,57.634,56.823
523.02,186.92,57.769,56.955
522.45,186.5,57.912,57.097
523.12,187.04,57.487,56.677
523.83,188.18,56.58,55.783
524.1,187.51,57.288,56.482
523.05,184.1,57.728,56.915
523.34,187.32,57.378,56.57
522.93,186.74,57.83,57.016
522.41,186.48,58.003,57.186
523.33,187.32,57.259,56.453
523.08,187.02,57.53,56.72
523.3,187.41,57.262,56.455
522.91,186.9,57.712,56.899
522.83,186.77,57.775,56.961
522.46,186.4,57.945,57.129
522.66,186.55,57.867,57.051
522.56,186.49,57.844,57.029
522.64,186.46,57.767,56.953
522.59,186.36,57.898,57.083
522.71,186.38,57.775,56.961
522.72,186.4,57.798,56.983
522.78,186.39,57.784,56.97
522.71,186.46,57.749,56.936
522.72,186.49,57.785,56.971
522.68,186.42,57.886,57.07
522.62,186.45,57.761,56.947
522.42,186.41,58.031,57.214
522.92,186.94,57.923,57.108
522.78,186.8,57.808,56.994
522.43,186.4,58.123,57.305
523.01,186.95,57.835,57.02
522.68,186.53,57.775,56.961
522.5,186.75,58.184,57.364
523.49,188.33,56.957,56.155
524.88,189.37,55.899,55.112
526.06,189.04,55.46,54.679
526.72,188.2,55.733,54.948
527.67,188.38,55.696,54.912
527.14,187.56,56.325,55.532
526.52,187.11,56.693,55.895
525.43,186.48,57.156,56.351
523.53,184.81,58.909,58.079
522.46,183.84,60.082,59.236
521.67,182.46,60.995,60.136
523.2,184.36,61.06,60.2
523.31,185.52,59.925,59.081
522.39,186.12,59.051,58.22
522.49,186.18,59.006,58.175
523.07,187.02,59.5,58.662
523.13,186.51,58.709,57.882
524.12,186.71,57.956,57.14
524.42,187.06,57.73,56.916
523.9,186.84,57.699,56.886
523.45,187,57.52,56.71
523.52,187.33,57.437,56.628
523.01,186.7,57.617,56.805
523.35,187.31,57.316,56.508
522.89,186.63,57.619,56.808
523.19,187.22,57.461,56.652
522.95,186.98,57.465,56.656
522.9,186.87,57.628,56.817
523.17,187.41,57.147,56.342
523.17,187.06,57.621,56.81
523.43,187.43,56.967,56.165
522.82,186.73,57.591,56.78
523.17,187.3,57.44,56.631
522.38,186.42,58.155,57.336
522.25,186.47,58.502,57.678
522.63,186.9,58.199,57.379
522.61,186.69,57.95,57.133
522.81,186.8,57.737,56.923
522.96,186.95,57.505,56.695
522.89,186.93,57.693,56.88
522.96,187.11,57.551,56.741
523.4,187.49,57.208,56.402
523.62,187.42,57.122,56.317
523.63,187.42,57.087,56.283
523.65,187.4,57.092,56.288
523.68,187.47,57.069,56.266
523.69,187.52,57.1,56.296
523.68,187.57,56.932,56.13
523.03,186.96,57.331,56.524
523,186.95,57.276,56.469
523,186.94,57.285,56.478
523.04,186.91,57.269,56.462
523.26,187.17,57.219,56.413
523.54,187.46,57.092,56.288
523.72,187.44,57.051,56.248
523.74,187.48,56.97,56.168
523.19,186.86,57.319,56.511
523.07,186.91,57.21,56.405
523.55,187.47,57.205,56.399
523.58,187.44,57.31,56.503
523.07,186.93,57.214,56.408
523.47,187.4,57.319,56.512
523.02,186.89,57.205,56.399
523.54,187.46,57.237,56.431
523.41,187.23,57.108,56.303
523.55,187.53,57.214,56.408
523.61,187.61,56.91,56.108
522.93,186.84,57.398,56.589
522.83,186.89,57.371,56.563
522.92,186.89,57.326,56.518
522.89,186.83,57.362,56.554
522.96,186.95,57.338,56.53
522.87,186.92,57.343,56.536
522.97,186.87,57.334,56.526
522.98,186.91,57.345,56.538
522.93,186.92,57.378,56.57
522.98,186.91,57.353,56.545
523.04,186.92,57.296,56.489
522.9,186.91,57.417,56.609
523.6,188.28,57.505,56.695
522.54,185.06,57.703,56.89
523.55,186.48,57.615,56.804
523.15,187.03,57.66,56.848
523.13,186.8,57.774,56.96
522.48,185.8,58.043,57.225
522.91,185.83,58.167,57.348
523.25,188.96,57.361,56.553
523.14,187.69,56.985,56.182
523.38,187.52,56.831,56.03
523.21,187.12,57.258,56.452
523.14,187.2,57.394,56.586
522.82,186.9,57.456,56.646
522.73,186.81,57.629,56.817
524.25,188.51,56.569,55.773
524.77,189.5,55.885,55.098
525.64,190.69,54.885,54.112
526.82,191.61,54.047,53.286
526.63,190.99,53.352,52.6
526.28,190.42,53.456,52.703
525.88,189.62,54.199,53.435
525.3,196.18,53.975,53.215
539.86,192.89,54.571,53.803
536.06,193.19,54.939,54.166
528.7,171.39,55.739,54.954
499.38,103.79,56.001,55.213
500.87,105.09,56.517,55.721
501.52,109.11,57.464,56.655
509.48,96.645,59.202,58.368
507.99,123.91,59.162,58.329
507.99,127.75,58.821,57.993
533.87,124.34,59.502,58.664
498.28,144.36,60.686,59.832
496.02,145.22,61.439,60.574
496.05,139.62,61.712,60.843
496.64,130.93,62.204,61.328
498.2,120.86,62.465,61.585
501.57,107.4,62.659,61.777
496.45,93.151,63.232,62.342
497.79,70.981,62.563,61.682
498.41,50.268,62.166,61.291
500.92,39.345,62.16,61.285
506.29,34.049,62.412,61.533
534.35,11.063,62.655,61.773
549.93,36.661,62.525,61.644
555.31,39.508,62.409,61.53
519.85,183.79,62.305,61.427
519.41,185.31,61.637,60.769
520.31,186.11,60.614,59.76
520.71,186.3,60.18,59.332
520.96,186.37,59.944,59.1
521.04,186.4,59.71,58.869
521.26,186.56,59.466,58.629
521.59,186.7,59.506,58.668
521.2,186.46,59.599,58.76
521.12,186.18,59.503,58.665
521.18,186.42,59.487,58.649
521.3,186.53,59.44,58.602
521.71,186.68,59.508,58.669
521.26,186.46,59.523,58.685
521.32,186.36,59.589,58.75
521.09,186.26,59.414,58.578
520.56,188.57,60.042,59.197
522.56,166.49,59.94,59.096
508.2,172.5,59.99,59.145
521.04,185.81,59.628,58.788
521.61,186.68,59.004,58.173
522.28,187.07,59.125,58.292
521.33,187.02,59.149,58.316
522.78,185.48,59.144,58.311
519.17,188.26,59.477,58.639
528.32,186.87,59.541,58.703
535.94,184.74,59.29,58.455
518.42,183.62,58.706,57.879
520.79,186.31,58.326,57.504
520.87,186.08,58.208,57.388
532.51,165.64,58.354,57.532
548.47,179.33,58.579,57.754
535.02,183.58,58.538,57.713
506.59,183.23,57.58,56.769
495.38,185.57,57.021,56.217
494.74,174.3,57.824,57.01
495.03,184.31,57.173,56.367
502.67,184.78,56.821,56.021
514.02,181.69,56.605,55.808
512.85,185.66,55.668,54.884
524.03,188.33,56.309,55.516
524.28,187.89,56.785,55.985
523.78,187.27,57.307,56.5
523.56,187,57.206,56.4
523.76,187.53,57.496,56.687
523.59,187.17,57.588,56.777
523.53,187.61,57.377,56.569
522.47,187.57,57.493,56.684
522.85,187.92,57.091,56.286
523.96,187.21,57.04,56.236
523.72,187.45,56.84,56.04
523.34,187.33,57.227,56.421
523.62,187.68,57.365,56.557
523.07,187.2,57.561,56.75
523.36,187.34,57.721,56.908
523.49,186.61,57.671,56.859
523.2,187.01,57.805,56.991
521.63,187.43,58.179,57.36
523.92,188.12,57.557,56.746
523.52,187.92,57.334,56.527
523.21,187.21,57.4,56.591
523.17,186.87,57.598,56.787
523.49,187.4,57.494,56.684
523.51,187.02,57.465,56.656
523.51,187.2,57.412,56.603
523.27,186.96,57.348,56.54
523.26,187.03,57.338,56.531
523.28,187,57.389,56.58
523.24,187.03,57.426,56.617
523.14,187.01,57.422,56.613
523.13,186.8,57.583,56.772
523.5,187.42,57.456,56.646
523.16,186.8,57.618,56.806
523.55,187.3,57.578,56.767
523.64,187.28,57.589,56.778
523.53,187.26,57.654,56.842
523.43,187.25,57.714,56.901
523.19,187.09,57.62,56.809
523.58,187.38,57.552,56.742
523.53,187.33,57.513,56.703
523.55,187.26,57.487,56.677
523.46,187.12,57.307,56.5
523.37,187.07,57.133,56.328
523.51,187.3,57.516,56.706
523.42,187.21,57.609,56.797
523.43,187.18,57.768,56.954
523.13,186.99,57.42,56.612
523.24,187.09,57.133,56.328
523.37,187.3,57.568,56.758
523.38,187.22,57.75,56.937
523.02,186.89,57.541,56.73
523.11,187.19,57.886,57.07
522.97,187.03,57.505,56.696
523,187.12,57.862,57.047
522.95,187.03,57.56,56.749
523.21,187.32,58.018,57.201
523.11,187.02,58.42,57.597
522.69,186.6,58.743,57.916
522.61,186.7,58.088,57.27
523.02,187.1,58.334,57.512
522.99,186.85,57.726,56.913
523.2,187.17,57.976,57.159
523.14,187.25,58.212,57.392
522.73,186.69,58.158,57.339
524.91,186.39,59.162,58.329
525.91,186.01,58.45,57.627
526.29,186.31,57.823,57.009
525.9,184.98,57.373,56.565
527.55,186.32,56.904,56.103
525.64,184.11,57.057,56.253
515.12,178.18,58.004,57.187
452.43,116.96,57.651,56.839
450.76,117.9,57.722,56.909
449.54,116.68,58.041,57.224
449.19,117.27,57.915,57.099
447.35,116.57,58.078,57.26
446.4,119.14,58.373,57.551
444.24,117.08,58.64,57.814
444.92,119.16,58.884,58.055
441.86,113.63,59.583,58.744
433.62,96.489,59.517,58.679
433.31,96.681,59.652,58.812
436.55,95.385,59.954,59.11
443.92,97.374,60.204,59.356
480.53,124.14,60.268,59.419
492.04,122.26,60.443,59.592
501.55,121.75,60.825,59.968
508.25,119.97,61.186,60.324
508.8,116.13,61.376,60.511
493.71,77.638,61.395,60.53
495.3,79.615,61.772,60.902
496.81,83.846,61.796,60.926
496.7,90.476,62.137,61.262
507.13,133.04,62.172,61.296
520.05,184.87,62.094,61.219
520.21,185.05,62.094,61.219
520.24,185.12,62.179,61.304
520.18,185,62.164,61.288
520.14,185.14,61.871,61
520.47,185.17,61.545,60.678
520.64,185.33,61.43,60.565
520.55,185.4,61.292,60.429
