350.5,298.5,189,173
356.79,292.72,183.09,167.59
371.29,289.22,179.09,163.93
388.6,283.23,175.19,160.36
401.71,277.62,171,156.53
412.84,268.15,170.69,156.24
425.63,265.21,167.79,153.59
434.63,260.67,165.23,151.25
440.38,259.32,162.07,148.35
451.05,257,158.87,145.42
454.48,249.36,158.13,144.75
465.92,247.13,157.85,144.49
472.87,247.81,152.84,139.9
472.92,244,150.73,137.97
479.64,241.93,147.16,134.7
475.72,239.54,143.33,131.2
484.07,237.57,141.48,129.5
483.12,236.99,141.5,129.52
484.44,233.25,140.29,128.42
482.32,232.34,137.72,126.07
485.96,230.57,136.01,124.5
484.46,227.7,137.55,125.91
485.28,226.52,135.19,123.75
480.24,223.97,135.35,123.89
483.53,221.98,134.68,123.28
482.78,221.71,134.93,123.51
479.58,219.39,136.17,124.64
478.01,216.75,136.81,125.23
477.46,217.1,135.02,123.59
475.82,216.45,133.23,121.95
474.15,213.33,131.53,120.4
470.72,213.55,130.41,119.37
469.13,212.49,129.58,118.61
462.56,207.15,128.56,117.68
455.34,201.56,127.66,116.85
454.31,200.44,126.1,115.43
452.33,198.1,125.44,114.82
451.45,197.66,124.79,114.23
447.48,194.97,124.26,113.74
444.35,194.27,122.55,112.18
434.45,192.25,120.32,110.14
432.14,196.91,118.52,108.49
433.64,195.36,117.96,107.97
430.09,195.32,118.85,108.79
426.27,193.72,118.04,108.04
422.61,192.64,117.82,107.85
421.13,194.66,117.87,107.89
413.8,189.02,117.14,107.23
404.65,183.67,116.72,106.84
407.68,188.01,115.16,105.41
405.14,186.24,113.95,104.3
403.33,185.6,113.08,103.51
401.16,184.84,112.54,103.01
401.72,185.19,111.97,102.49
397.39,185.05,111.32,101.9
398.05,184.86,110.42,101.07
391.3,186.56,110.47,101.11
390.66,185.68,110.05,100.73
387.7,185.98,109.73,100.44
384.79,182.84,110.13,100.8
382.98,182.35,109.94,100.63
383.84,181.91,109.75,100.46
378.99,179.61,109.62,100.34
377.78,178.66,109.03,99.798
376.47,179.41,108.23,99.064
374.58,178.84,108.2,99.042
372.53,177.55,107.79,98.668
371.27,177.8,107.38,98.292
371.05,178.24,107.04,97.98
369.37,177.23,106.52,97.504
368.57,177.18,105.94,96.975
366.93,177.27,105.29,96.376
365.57,175.67,105.29,96.381
363.79,175.69,105.12,96.222
360.87,174.79,105.22,96.311
360.11,174.72,105.31,96.391
358.61,175.08,104.98,96.093
356.74,172.61,104.96,96.074
355.58,171.96,105.37,96.453
356.01,170.87,106.58,97.561
351.66,170.54,106.24,97.25
350.97,171,105.72,96.771
347.48,169.54,105.08,96.185
348.04,168.51,104.88,96.005
344.12,168.74,105.05,96.154
347.28,170.13,104.6,95.742
345.54,169.13,104.18,95.36
344.5,169.91,103.48,94.72
343.48,170.02,103.1,94.375
344.34,170.14,103.18,94.449
339,168.75,102.69,93.992
341.25,169.6,102.44,93.772
340.32,169.84,102.01,93.375
339.74,169.98,101.76,93.146
337.85,168.72,101.62,93.014
338.55,170.39,101.93,93.297
342.25,168.74,101.34,92.76
336.67,169.2,100.57,92.054
340.29,169.67,100.78,92.25
329.7,168.07,100.16,91.677
327.57,168.7,99.632,91.198
327.14,167.62,99.78,91.333
326.15,167,100.08,91.609
325.27,167.14,99.502,91.079
325.74,165.41,100.59,92.077
323.6,166.74,99.932,91.473
322.05,166.1,99.465,91.045
318.91,166.54,98.927,90.552
318.52,166.02,98.839,90.471
317.27,165.98,98.281,89.961
317.08,166.26,97.83,89.548
315.92,165.88,97.367,89.124
313.17,166.84,96.909,88.705
312.89,166.4,96.908,88.705
312.96,166.6,97.37,89.127
312.68,164.88,97.024,88.811
309.54,165.87,96.702,88.515
309.98,165.53,95.879,87.762
308.98,165.33,95.573,87.482
307.54,165.38,95.001,86.959
306.91,164.1,94.628,86.617
306.32,165.08,94.414,86.421
305.05,163.88,94.13,86.161
303.66,162.97,94.602,86.593
304.35,163.55,94.432,86.438
303.78,163.42,94.446,86.45
296.25,159.99,94.678,86.663
298.79,161.1,94.816,86.79
303.16,161.16,95.278,87.212
304.84,161.06,95.654,87.556
296.37,160.73,95.35,87.278
288.58,155.77,95.488,87.404
291.95,155.58,95.478,87.395
311.05,166.7,95.573,87.482
309.5,166.45,95.513,87.428
310.81,168,95.341,87.27
308.37,165.64,95.078,87.029
285.09,156.27,95.27,87.204
281.98,154.46,95.863,87.748
278.84,154.77,96.022,87.893
276.59,155.67,95.854,87.739
277.99,156.46,95.996,87.87
274.66,155.97,95.996,87.87
275.7,155.22,96.262,88.113
274.71,154.56,95.99,87.864
273.67,154.04,95.921,87.801
274.66,155.1,95.739,87.634
274.56,154.25,95.745,87.639
273.75,153.1,95.334,87.263
272.98,154.47,95.165,87.109
274.57,153.42,95.33,87.259
273.47,154.03,95.019,86.975
