48.5,345.5,57,148
52.052,336.58,57.467,149.21
58.747,334.08,57.293,148.76
65.549,332.29,57.161,148.42
74.162,330.5,57.366,148.95
76.902,330.31,57.076,148.2
79.077,330.99,56.938,147.84
82.063,332.41,56.917,147.78
84.646,333.67,57.005,148.01
88.861,335.09,56.934,147.83
91.448,335.97,56.509,146.72
94.136,334.66,57.359,148.93
94.835,334.55,56.98,147.95
95.267,333.11,57.13,148.34
97.583,327.72,57.477,149.24
99.115,324.57,57.708,149.84
99.125,325.19,57.52,149.35
101.33,318.72,58.456,151.78
97.881,315.41,58.758,152.57
99.26,314.91,58.812,152.7
103.03,314.7,58.811,152.7
107.21,331.84,58.234,151.2
104.24,319.44,58.146,150.97
103.5,321.79,58.129,150.93
103.19,323.7,58.223,151.18
104.38,325.3,57.73,149.9
105.81,325.99,58.181,151.07
106.62,326.99,58.497,151.89
105.71,327.19,58.242,151.23
106.36,320.23,59.501,154.49
109.49,317.46,60.036,155.88
110.69,315.18,60.613,157.38
112.23,313.14,61.351,159.3
112.96,312.03,61.489,159.66
114.78,313.12,62.132,161.32
116.86,315.31,62.223,161.56
118.58,316.9,62.094,161.23
119.43,317.43,62.474,162.21
121.97,315.79,62.524,162.34
125.1,312.48,61.589,159.92
129.41,311.78,61.601,159.95
132.17,311.62,61.426,159.49
134.88,311.34,61.936,160.82
135.67,311.36,62.305,161.77
137.01,311.69,62.597,162.53
139.27,311.34,62.667,162.71
140.83,310.42,62.822,163.12
143.06,309.85,62.749,162.93
144.63,309.19,62.724,162.86
145.86,308.6,62.761,162.96
149.24,307.78,62.676,162.74
150.64,307.4,62.39,162
152.81,307.13,62.3,161.76
155.33,307.78,62.467,162.19
157.47,307.93,62.445,162.14
161.27,308.24,62.49,162.25
164.03,308.7,62.726,162.87
165.85,308.12,63.314,164.4
168.53,307.57,63.988,166.15
170.72,306.16,64.704,168
174.25,304.18,65.035,168.86
176.25,303.15,65.099,169.03
178.18,303.04,65.092,169.01
180.42,303.2,64.926,168.58
182.71,303.97,64.934,168.6
186.61,305.87,64.819,168.3
189.31,306.38,65.044,168.89
191.51,307,65.08,168.98
194.36,306.6,65.49,170.04
196.45,306.23,65.654,170.47
199.8,304.63,66.18,171.84
200.83,304.1,66.94,173.81
201.71,303.9,67.344,174.86
201.7,302.44,67.686,175.74
202.56,302.12,68.115,176.86
204.76,301.8,68.157,176.97
206.02,301.74,68.272,177.27
208.56,302.99,68.325,177.4
210.8,303.37,68.472,177.79
212.53,302.82,68.67,178.3
216.93,302.49,69.055,179.3
217.84,300.26,69.559,180.61
212.33,293.56,69.826,181.3
215.1,292.08,70.163,182.18
218.28,291,70.81,183.86
222.6,289.83,71.395,185.38
224.5,288.81,72.115,187.25
228.82,287.59,72.148,187.33
231.57,285.79,72.183,187.42
247.17,290.04,72.632,188.59
253.38,290.7,73.741,191.47
256.61,291.36,74.32,192.97
262.28,291.54,75.058,194.89
265.56,289.64,75.292,195.5
267.71,287.35,75.215,195.29
275.21,286.58,74.945,194.6
280.88,288.26,75.249,195.38
285.51,287.49,75.207,195.27
288.2,280.96,74.993,194.72
293.01,278.56,74.865,194.39
298.72,279.72,74.837,194.31
306.87,283.65,74.94,194.58
316.18,289.7,75.255,195.4
324.28,288.85,75.811,196.84
331.34,289.5,76.108,197.61
337.59,288.64,76.045,197.45
336.19,288.93,76.045,197.45
341.83,288.87,76.035,197.42
338.67,282.21,75.706,196.57
344.88,282.4,75.523,196.09
367.85,282.68,75.348,195.64
377.11,281.49,75.269,195.43
383.15,280.86,75.636,196.39
388.39,278.62,76.276,198.05
394.14,277.79,77.238,200.55
400.64,277.57,78.19,203.02
405.84,276,78.329,203.38
414.12,275.4,79.038,205.22
423.28,277.89,79.817,207.25
432.02,278.83,80.603,209.29
412.92,274.49,80.205,208.25
441.69,278.52,80.074,207.91
450.66,279.82,80.298,208.49
459.04,279.65,80.925,210.12
463.01,276.62,80.923,210.11
468.29,273.99,80.641,209.38
473.28,271.73,79.833,207.29
479.59,271.36,79.528,206.49
485.4,271.04,79.171,205.57
488.36,269.97,78.625,204.15
499.69,272.22,79.192,205.62
508.87,272.84,80.296,208.49
516.09,270.81,80.932,210.14
520.18,269.27,80.65,209.41
525.53,270.83,80.65,209.41
533.32,270.72,80.21,208.27
540.4,271.97,79.673,206.87
547.76,271.19,79.155,205.52
557.04,270.48,78.996,205.11
560.42,269.92,79.018,205.17
567.06,267.95,78.601,204.09
572.61,267.05,78.295,203.29
576.3,266.44,77.57,201.41
578.6,264.69,77.087,200.16
582.98,265.04,76.679,199.1
585.94,264.89,76.294,198.1
593.76,265.92,76.129,197.67
597.81,266.48,75.465,195.94
606.52,267.77,74.952,194.61
614.89,269.84,74.316,192.96
627.2,270.67,74.069,192.32
636.11,270.83,73.796,191.61
644.06,271.29,73.15,189.93
652.8,270.92,72.987,189.51
660.81,270.97,72.705,188.78
669.58,269.95,72.49,188.22
688.41,268.24,72.791,189
698.06,268.44,72.918,189.33
708.36,268.69,73.008,189.56
718.04,268.39,73.376,190.52
734.16,270.28,73.267,190.24
747.21,271.64,73.025,189.61
761.63,271.5,72.737,188.86
774.56,272.47,72.319,187.77
785.24,272.22,72.193,187.45
796.77,272.39,72.128,187.28
800.08,272.01,71.963,186.85
803.3,271.35,71.745,186.29
807.53,269.7,71.54,185.75
814.15,268.2,71.316,185.17
821.43,267.56,71.034,184.44
835.99,266.45,70.956,184.24
845.08,266.67,70.731,183.65
850.75,267.05,70.591,183.29
855.89,268.11,70.227,182.34
860.36,269.6,69.805,181.25
863.57,270.14,69.532,180.54
869.14,271.22,69.237,179.77
