121.5,216.5,298,237
148.63,213.33,288.65,229.57
183.36,199.14,276.11,219.59
214.65,188.43,263.31,209.41
241.25,180.44,250.6,199.3
255.11,167.82,251,199.62
277.57,157.17,247.39,196.75
295.01,148.27,238.81,189.92
313.84,141.88,232.86,185.19
329.29,136.52,229.13,182.23
347.08,125.84,225.82,179.59
356.02,119.85,223.91,178.08
367.27,110.86,226.25,179.94
375.96,103.4,221.85,176.44
383.12,99.266,220.83,175.63
387.18,95.011,216.91,172.51
395.73,91.252,216.74,172.37
400.06,88.914,215.82,171.64
406.28,82.217,214.56,170.64
404.56,76.343,214.02,170.21
410.59,71.487,211.8,168.44
414.41,65.393,210.89,167.72
416.6,62.257,210.8,167.65
418.87,59.753,210.13,167.12
417.79,55.395,210.42,167.35
417.86,55.392,207.5,165.02
417.84,51.975,206.65,164.35
418.13,49.242,205.46,163.4
418.41,49.144,201.73,160.44
418.83,47.434,199.59,158.73
415.53,45.253,199.13,158.37
414.22,45.467,199.62,158.76
410.32,41.668,198.73,158.05
406.01,37.611,198.65,157.99
397.2,34.144,197.26,156.88
397.23,35.324,195.12,155.18
389.13,31.717,195.31,155.33
385.96,30.348,194.37,154.58
382.1,28.887,192.93,153.44
377.68,27.573,192.64,153.2
373.78,28.119,190.65,151.62
369.22,27.707,189.14,150.42
366.05,28.355,187.1,148.8
363.8,27.347,186.95,148.68
361.16,25.495,186.32,148.18
357.74,23.968,186.12,148.02
355.87,24.934,185.56,147.58
351.07,21.336,186.03,147.95
347.05,22.163,185.46,147.5
343.93,20.169,185.56,147.58
338.66,17.181,185.29,147.36
334.26,19.131,182.81,145.39
327.92,18.172,181.55,144.39
321.95,16.093,180.77,143.76
318.42,17.855,179.76,142.96
315.29,16.119,179.53,142.78
311.13,15.471,178.9,142.28
306.11,15.509,178.51,141.97
300.96,13.971,178.18,141.71
297.07,16.196,177.93,141.51
292.28,15.701,178.31,141.81
288.59,13.129,178.58,142.03
285.48,12.794,177.8,141.4
280.4,13.381,176.95,140.73
278.91,13.687,176.19,140.12
274.17,13.144,175.23,139.36
270.77,13.056,173.58,138.05
270.26,12.215,172.73,137.37
267.42,11.375,171.76,136.6
266.07,11.499,170.55,135.64
264.57,10.371,169.17,134.54
262.19,9.4667,167.26,133.03
261.34,10.934,166.8,132.66
259.63,11.043,166.46,132.39
259.45,10.82,166.15,132.14
259.7,10.903,166.02,132.04
257.99,10.399,164.81,131.07
255.3,9.0884,162.76,129.44
256.24,8.6373,161.22,128.22
257.16,10.701,160.17,127.39
254.15,9.9576,158.88,126.36
254.37,9.1524,157.91,125.58
252.21,9.2735,156.82,124.72
250.56,9.1679,155.36,123.56
248.57,9.1019,154.48,122.86
249.15,9.2446,154.28,122.7
247.62,9.2688,153.27,121.89
246.55,9.0079,153.08,121.75
244.77,9.1588,152.13,120.99
241.34,9.7052,151.96,120.85
240.9,9.3308,151.07,120.14
239.48,9.199,149.97,119.28
238.64,9.2658,148.9,118.42
236.41,9.062,148.14,117.82
234.55,8.878,147.44,117.26
