276.5,253.5,113,227
269.7,253.85,113.26,227.51
266.95,255.1,113.22,227.44
263.59,256.26,113.13,227.26
260.12,256.71,113.27,227.54
258.31,257,113.63,228.27
253.86,256.17,113.68,228.37
251.87,256.12,113.17,227.34
250.2,256.77,113.11,227.21
248.63,256.48,112.85,226.69
246.83,256.59,112.69,226.37
247.03,257.66,112.39,225.77
245.34,257.5,112.42,225.83
244.79,257.78,111.86,224.72
243.51,256.98,112.14,225.27
242.12,254.61,112.94,226.87
239.38,251.63,114.07,229.16
236.06,252.6,113.78,228.57
233.41,252.99,113.7,228.4
229.73,253.87,113.39,227.78
227.57,253.77,113.44,227.89
227.46,253.32,113.33,227.66
227.59,251.4,113.37,227.74
228.27,251.16,113.42,227.84
228.47,251.53,113.28,227.56
230.34,252.5,113.03,227.06
230.02,253.08,112.86,226.73
229.34,254.45,112.42,225.84
231.48,256.1,112.1,225.19
234.41,255.54,112.18,225.35
235.91,254.66,112.38,225.76
236.92,254.2,112.56,226.12
238.73,253.4,112.48,225.96
240,250.8,112.36,225.71
242.47,248.28,112.22,225.43
242.23,247.34,111.91,224.81
245.2,249.52,111.28,223.55
246.8,250.5,110.68,222.33
249.07,250.94,110.19,221.36
251.3,251.3,109.59,220.15
253.94,252.13,109.2,219.36
257.64,251.13,108.83,218.62
264.04,249.76,108.81,218.57
268.1,250.07,108.7,218.36
272.28,250.39,108.48,217.93
274.62,250.28,108.55,218.07
276.31,250.01,108.69,218.34
278.14,248.87,108.3,217.55
280.06,249.14,107.54,216.03
281.83,248.59,107.21,215.37
285.37,249.01,106.57,214.09
288.7,249.59,106.11,213.16
293.89,250.21,105.69,212.32
298.42,249.95,105.51,211.96
305.14,249.78,104.9,210.73
309.06,249.9,104.58,210.08
314.49,251.78,103.96,208.84
318.24,252.11,104.16,209.24
319.91,252.64,103.75,208.41
322.51,254.66,103.27,207.45
325.92,256.06,103.04,206.98
329.06,256.99,102.46,205.83
334.58,258.41,101.86,204.63
338.8,260.3,101.29,203.47
341.78,262.47,100.45,201.78
343.73,264.06,99.891,200.67
344.43,265.45,99.742,200.37
344.28,268.56,99.245,199.37
343.88,270.05,98.974,198.82
344.39,272.74,99.002,198.88
345.16,273.94,98.761,198.4
345.83,274.03,98.739,198.35
349.38,274.72,98.496,197.86
351.26,275.19,98.307,197.48
354.67,277.98,98.194,197.26
355.48,279.08,98.393,197.66
357.61,280.01,98.061,196.99
357.09,279.64,97.742,196.35
358.15,280.64,97.679,196.22
357.68,280.82,97.764,196.39
356.92,280.83,97.77,196.41
357.86,281.5,97.654,196.17
360.9,283.72,97.491,195.84
363.09,284.78,97.328,195.52
363.65,284.25,96.627,194.11
364.49,285.83,96.284,193.42
365.95,287.13,96.321,193.49
366.41,287.36,96.057,192.96
365.73,286.92,95.798,192.44
367.4,288.61,95.497,191.84
367.28,289.08,95.216,191.28
368.39,289.56,94.415,189.66
370.34,290.76,94.225,189.28
370.51,289.27,94.015,188.86
370.95,288.03,94.194,189.22
372.7,288.5,93.813,188.46
374.34,288.5,93.85,188.53
377.06,288.03,93.523,187.87
378.88,286.38,93.12,187.06
381.36,287.3,93.032,186.89
380.38,286.22,92.937,186.7
379.95,285,92.793,186.41
378.99,283.5,92.468,185.75
379.93,284.01,92.66,186.14
381.55,284.33,92.465,185.75
383.28,284.87,92.466,185.75
385.05,284.9,92.354,185.53
388.5,284.67,92.189,185.19
393.83,285.6,91.886,184.58
397.53,285.17,91.914,184.64
403.53,285.84,91.611,184.03
410.34,286.22,91.348,183.5
416.34,284.09,91.041,182.89
419.26,282.87,91.124,183.05
422.45,282.03,90.922,182.65
426.2,280.07,90.902,182.61
429.72,278.54,90.783,182.37
433.96,276.51,90.324,181.45
436.42,275.59,90.308,181.42
440.77,274.92,90.069,180.94
444.27,273.37,89.811,180.42
445.89,270.74,89.759,180.31
447.98,267.22,89.27,179.33
448.99,267.32,88.789,178.36
450.51,266.88,88.754,178.29
454.07,270.04,88.459,177.7
457.9,272.99,88.011,176.8
464.6,275.27,87.916,176.61
468.81,274.27,88.514,177.81
472.57,271.25,88.826,178.44
476.24,267.78,89.079,178.95
480.38,266.32,89.376,179.54
483.95,265.62,89.461,179.71
487.27,265.42,89.201,179.19
488.88,264.72,89.226,179.24
491.87,263.92,89.069,178.93
492,264.24,89.085,178.96
494.8,263.59,89.678,180.15
497.14,264.27,89.495,179.78
498.85,265.27,89.635,180.06
501.44,266.54,89.622,180.04
503.74,266.95,89.572,179.94
506.22,265.93,89.81,180.41
506.84,263.61,89.963,180.72
507.05,260.28,90.131,181.06
505.69,255.55,89.782,180.36
506.42,254.41,89.316,179.42
509.23,253.71,89.391,179.57
510.1,252.66,89.173,179.14
510.95,252.88,89.234,179.26
512.68,253.82,89.37,179.53
515.48,254.35,89.375,179.54
519.97,253.81,89.656,180.11
523.95,253,89.962,180.72
528.14,251.54,90.725,182.25
532.24,250.54,90.852,182.51
537.82,251.39,90.434,181.67
544.1,250.94,90.138,181.07
548.56,252.03,89.673,180.14
552.78,252.71,89.774,180.34
555.48,252.89,90.066,180.93
557.99,252.07,90.178,181.15
561.33,249.94,90.885,182.57
564.42,249.12,91.192,183.19
568.71,247.8,91.439,183.69
574.46,248.15,91.462,183.73
580.92,247.29,91.27,183.35
586.71,246.59,91.116,183.04
595.2,244.97,90.979,182.76
599.47,243.17,90.68,182.16
605.04,241.15,90.481,181.76
612.44,239.25,90.252,181.3
621.63,238.94,90.205,181.21
626.88,238.45,90.31,181.42
632.64,239.66,90.583,181.97
637.89,240.25,90.441,181.68
642.12,240.42,90.213,181.22
650.61,242.35,90.287,181.37
655.46,244.83,90.49,181.78
657.53,246.03,90.721,182.24
659.47,245.93,90.912,182.63
661.95,246.53,90.971,182.75
664.68,246.21,91.401,183.61
667,245.74,91.599,184.01
670.28,246.16,91.562,183.93
675.88,246.09,91.559,183.93
680.58,246.89,91.754,184.32
683.72,247.13,91.788,184.39
686.06,247.61,91.73,184.27
690.02,245.56,91.147,183.1
694.29,244.77,91.052,182.91
698.6,245.75,91.202,183.21
713.91,244.9,92.273,185.36
708.05,244.3,93.731,188.29
713.55,247.46,93.749,188.33
719.97,248.14,93.646,188.12
723.82,249.09,93.142,187.11
726.83,250.71,92.617,186.05
728.25,249.97,92.715,186.25
728.78,249.15,92.905,186.63
729.22,249.16,93.005,186.83
730.22,249.8,92.887,186.6
730.59,250.21,93.266,187.36
733.57,252.1,93.464,187.76
733.47,252.04,93.449,187.72
733.91,251.98,93.584,188
735.41,252.28,93.605,188.04
736.08,251.73,94.011,188.85
736.14,251.17,94.193,189.22
735.8,251.67,94.1,189.03
734.06,250.96,94.317,189.47
733.4,252.12,94.457,189.75
732.84,252.49,94.621,190.08
732.88,253.14,94.566,189.97
734.62,253.2,94.524,189.88
738.36,253.23,94.452,189.74
743.22,253.18,94.498,189.83
746.89,253.06,94.367,189.57
751.87,252.96,93.823,188.48
753.91,252.56,94.004,188.84
753.53,250.88,94.391,189.62
756.11,252.63,94.429,189.69
755.87,253.25,94.485,189.81
754.81,253.38,94.756,190.35
753.02,251.68,95.246,191.34
754.07,251.39,95.419,191.68
754.78,250.79,95.687,192.22
756.78,250.9,95.905,192.66
756.95,249.25,96.017,192.88
758.74,248.7,95.907,192.66
761.45,248.82,95.587,192.02
762.86,248.57,95.729,192.3
763.44,248.31,95.19,191.22
764.05,248.53,94.913,190.67
764.69,248.51,95.076,190.99
766.18,248.37,95.452,191.75
766.39,247.83,95.326,191.5
767.77,247.23,95.311,191.46
769.39,248.06,95.364,191.57
772.97,246.43,94.973,190.79
776.35,247.68,94.593,190.02
777.96,247.92,94.287,189.41
777.38,248.8,93.902,188.64
776.12,249.72,94.596,190.03
775.79,251.99,95.605,192.06
774.58,252.27,97.262,195.39
773.17,252.52,97.961,196.79
771.99,252.11,97.74,196.34
768.27,253.95,97.735,196.34
764.64,254.51,98,196.87
760.67,254.04,97.9,196.67
759.99,253.98,98.25,197.37
759.72,254.9,98.683,198.24
757.32,254.54,98.917,198.71
758.37,255.92,98.873,198.62
758.35,257.06,98.913,198.7
758.55,256.74,99.501,199.88
760.28,256.13,99.602,200.09
761.2,255.75,99.616,200.11
761.71,255.36,99.675,200.23
760.94,255.24,99.66,200.2
760.04,255.28,100.13,201.14
760.66,255.98,100.48,201.85
759.32,255.48,100.69,202.27
759.11,256.98,100.94,202.77
758.88,256.48,100.94,202.77
759.52,256.19,100.99,202.87
758.36,258.26,101.15,203.19
780.38,271.13,100.51,201.91
777.71,270.8,99.109,199.1
774.55,265.82,98.721,198.32
773.73,258.08,99.893,200.67
775.96,254.83,100.94,202.77
771.16,253.07,101.85,204.6
770.41,253.18,102.47,205.85
769.81,252.33,102.65,206.2
772,253.3,102.99,206.89
772.2,251.93,103.3,207.51
773.95,252.68,103.71,208.34
774.48,251.81,103.85,208.62
776.15,252.03,104.04,209
776.12,252.11,104.45,209.82
777.35,251.85,104.7,210.34
777.34,251.63,104.68,210.29
778.45,251.76,104.66,210.25
779.21,251.91,105.13,211.19
778.13,251.5,105.39,211.72
775.53,251.43,105.51,211.95
774.42,251.01,105.83,212.59
772.55,250.76,106.11,213.16
771.89,250.11,106.45,213.85
769.99,250.35,106.51,213.97
767.8,250.74,106.99,214.92
766.4,250.98,106.74,214.43
763.91,251.17,106.58,214.1
760.81,250.61,106.68,214.3
757.74,250.29,106.5,213.94
754.31,250.28,106.73,214.41
748.81,250.18,106.97,214.89
743.72,250.68,107.6,216.15
741.02,251.56,108.08,217.13
738.71,251.83,108.35,217.65
736.2,252.13,108.87,218.7
731.98,252.16,109.53,220.04
728.06,251.9,110.39,221.76
723.92,250.69,110.95,222.88
719.71,249.55,111.2,223.39
715.78,249.3,111.46,223.9
710.29,248.04,112.28,225.56
707,247.42,112.26,225.51
704.93,247.75,112.05,225.1
703.65,248.09,112.64,226.28
701.81,248.42,113.04,227.09
699.28,247.69,113.22,227.44
697.5,247.33,114.37,229.75
695.75,247.26,114.59,230.19
694.04,247.22,115.01,231.03
691.81,247.28,114.64,230.29
689.25,245.25,115.29,231.6
686.78,244.06,115.85,232.72
684.36,242.81,117.29,235.62
681.6,241.13,117.83,236.7
680.69,241.22,118.52,238.08
677.68,241.33,118.6,238.26
675.16,241.85,119.23,239.51
670.97,243,119.76,240.57
667.21,243.42,120.48,242.02
665.37,242.16,120.42,241.91
665.94,240.47,119.81,240.69
665.71,237.66,121.37,243.81
667.62,235.83,121.27,243.61
668.1,232.84,121.85,244.78
670.02,230.35,122.57,246.22
672.44,228.25,123.14,247.38
674.38,228.92,122.79,246.66
675.84,231.79,122.11,245.3
674.4,233.45,122.27,245.62
670.9,234.34,121.99,245.05
666.36,234.5,122.48,246.04
664.93,232.93,123.14,247.37
664.98,231.62,123.95,249
665.35,229.72,125.4,251.91
666.12,229.18,126.12,253.35
666.26,229.63,126.34,253.8
666.93,229.3,126.89,254.91
666.37,228.28,127.5,256.12
664.32,226.61,128.45,258.04
659.35,225.16,128.34,257.81
655.28,224.64,127.74,256.61
646.16,223.69,127.43,256
639.7,222.89,126.37,253.87
636.83,222.9,124.96,251.03
635.48,222.32,123.65,248.4
634.52,222.25,123.12,247.33
631.66,225.4,122.63,246.34
629.69,228.07,122.42,245.92
623.83,229.58,122.3,245.69
616.51,228.86,122.9,246.89
609.07,229.19,123.68,248.46
596.99,228.77,125.15,251.42
591.89,224.42,126.43,253.98
588.3,220.31,127.87,256.87
586.33,219.34,129.01,259.16
582.95,219.01,130.22,261.59
576.88,220.04,131.55,264.26
572.11,218.71,133.09,267.37
568,215.52,134.05,269.29
565.52,213.67,135.42,272.03
562.18,210.58,135.96,273.12
559,206.81,136.33,273.86
556.62,203.4,136.43,274.06
556.23,203.16,136.43,274.07
554.39,203.5,136.59,274.39
552.37,205.13,136.85,274.91
547.87,205.41,138.16,277.54
543.23,203.58,139.99,281.21
537.89,199.92,142.37,286.01
533.22,195.61,144.37,290.02
529.65,191.92,145.75,292.79
522.54,188.62,145.81,292.9
518.96,189.47,146.27,293.84
515.5,193.67,146.83,294.95
508.58,194.77,147.47,296.25
504.75,197.46,148.74,298.8
494.99,195.63,149.63,300.58
491.63,193.7,150.73,302.79
487.06,190.26,152.01,305.37
485.26,188.69,152.87,307.09
481.71,185.14,153.88,309.12
476.02,182.74,154.47,310.31
472.46,182.36,154.04,309.44
471.45,184.2,154.02,309.4
468.25,186.29,153.87,309.1
462.19,188,154.69,310.74
454.25,188.82,156.15,313.68
448.28,188.44,156.72,314.82
444.6,187.37,157.36,316.11
442.49,185.84,157.76,316.92
441.64,186.52,157.91,317.21
442.43,186.16,158.48,318.36
440.29,184.92,158.7,318.8
440.74,185.44,159.06,319.53
439.77,187.32,159.36,320.13
437.03,187.88,160.21,321.84
432.34,188.31,160.82,323.06
427.06,187.58,162.13,325.69
422.07,187.09,163.09,327.62
416.46,187.02,163.26,327.97
411,187.97,163.64,328.73
404.49,188.35,164.02,329.49
401.33,189.57,164.4,330.26
395.94,189.56,164.57,330.59
388.35,188.14,165.14,331.74
381.56,189.55,165.22,331.9
371.89,190.52,165.3,332.07
365.06,192.3,166.01,333.5
360.49,193.13,166.45,334.38
354.75,191.64,166.82,335.12
349.8,189.73,166.67,334.81
341.84,189.13,166.78,335.03
338.45,189.38,166.05,333.57
335.62,191.48,165.26,331.98
331.94,193.09,164.5,330.46
329.77,196.19,164.14,329.74
328.25,202.09,163.67,328.78
325.73,203.59,163.44,328.32
321.77,205.9,163.07,327.58
316.17,208.03,162.49,326.43
310.5,209.17,162.3,326.04
302.29,210.38,162.08,325.6
295.95,211.54,162,325.43
291.6,210.45,161.6,324.62
286.61,210.55,161.48,324.39
279.74,212.97,161.23,323.9
271.44,214.78,160.89,323.21
267.66,218.22,160.5,322.42
263.34,220.64,159.87,321.15
258.61,219.45,159.57,320.56
255.01,219.36,158.82,319.06
250.91,219.87,158.37,318.14
246.6,219.46,157.41,316.21
243.68,221.22,156.55,314.49
241.12,224.45,155.57,312.51
236.38,225.77,154.81,310.99
232.72,228.79,154.17,309.7
231.34,229.82,153.61,308.59
229.64,227.1,153.13,307.62
231.3,227.06,152.7,306.76
232.24,224.04,151.64,304.62
234.44,225.53,150.64,302.62
235.48,227.2,150,301.32
237.75,231.24,148.35,298.01
238.35,235.61,147.4,296.1
235.85,238.47,147.05,295.39
231.02,240.38,146.38,294.05
230.95,243.53,145.75,292.79
228.59,242.04,145.71,292.71
229.07,241.03,145.39,292.07
231.26,240.35,145.15,291.59
231.63,237.5,144.62,290.51
234.45,239.57,144.14,289.56
235.05,240.93,143.4,288.07
238.4,245.8,142.88,287.03
239.4,249.03,142.37,285.99
241.42,251.5,141.84,284.93
242.33,250.99,141.85,284.96
243.49,249.9,141.41,284.07
245.07,248.41,140.94,283.13
247.03,247.18,140.35,281.93
247.93,248.52,140.03,281.31
248.77,249.73,139.33,279.89
249.56,250.62,138.81,278.86
253.43,255.47,138.25,277.71
254.16,256.22,137.93,277.09
258.64,257.78,137.13,275.47
262.33,257.56,136.45,274.1
266.95,258.27,135.87,272.94
271.31,257.65,135.44,272.07
276.22,255.87,135.23,271.65
287.36,257.08,134.82,270.84
292,256.65,134.61,270.42
298.47,258.4,134.27,269.72
305.4,259.63,133.34,267.85
313.15,261.87,133.19,267.55
318.69,261.67,133.26,267.7
324.04,263.66,132.77,266.71
328.13,263.77,132.55,266.27
329.1,263.5,131.84,264.85
331.19,263.11,131.6,264.36
334.4,262.62,131.32,263.81
334.97,262.16,131.27,263.7
336.32,261.86,131.1,263.35
337.3,260.88,130.89,262.93
337.42,260.25,130.81,262.78
339.05,261.33,130.65,262.46
338.53,261.08,130.38,261.92
339.74,261.62,130.1,261.35
341,262.58,130.13,261.4
341.5,263.63,129.51,260.16
341.79,263.36,128.95,259.03
341.03,262.86,128.59,258.31
341.27,262.87,128.6,258.34
341.98,262.27,128.51,258.15
342.11,261.32,128.64,258.42
341.65,260.78,128.61,258.35
342.04,259.34,128.25,257.64
342.6,258.06,128.02,257.16
342.46,257.37,127.44,256.01
342.57,256.6,127.26,255.65
341.74,255.61,127.1,255.32
340.85,254.07,127.53,256.2
339.66,254.18,127.6,256.34
339.14,252.24,128.04,257.21
339.57,249.79,128.25,257.64
344.51,247.87,128.07,257.27
347.55,248.12,127.24,255.61
350.41,248.38,126.93,254.99
352.46,248.74,126.84,254.81
355.32,250.01,126.13,253.38
357.66,250.24,125.74,252.6
359.86,250.28,125.02,251.15
363.85,247.81,124.82,250.75
370.91,247.9,124.61,250.32
377.1,248.39,124.2,249.5
385.97,250.02,123.2,247.5
390.62,250.52,122.7,246.48
393.87,251.34,122.45,245.98
394.48,251.82,122.57,246.23
395.62,253.52,122.51,246.1
395.12,253.31,122.73,246.55
396.97,254.36,122.81,246.71
398.21,253.7,122.94,246.97
399.14,252.47,123.06,247.2
399.56,251.48,122.92,246.92
399.93,250.75,123.09,247.28
397.73,249.02,122.98,247.06
398.13,248.16,123.25,247.6
397.76,245.91,123.48,248.05
396.56,244.49,123.84,248.77
393.56,243.54,123.75,248.61
384.41,243.38,123.59,248.27
380.53,244.18,123.68,248.45
378.19,245.35,123.65,248.39
375.66,246.61,123.34,247.78
372.97,246.6,123.61,248.31
370.09,245.18,124.4,249.9
368.08,243.17,125.06,251.22
367.67,242.03,125.22,251.54
367.87,241.91,125.6,252.32
367.37,242.01,125.49,252.09
364.35,241.88,125.02,251.16
361.12,240.38,125.38,251.86
361.31,240.75,125.43,251.97
359.68,240.04,125.59,252.29
359.43,239.34,125.77,252.65
359.44,239.01,125.77,252.66
360.77,238.95,125.74,252.59
362.22,238.58,125.86,252.84
366.17,237.7,126.18,253.48
370.28,236.79,126.43,253.97
374.44,234.94,126.12,253.36
375.68,231.78,126.04,253.2
375.73,230.02,125.97,253.05
376.95,228.85,125.72,252.55
376.68,228.26,125.53,252.16
377.51,229.02,125.23,251.57
378.39,230.59,124.81,250.72
380.92,232.2,124.76,250.62
383.79,232.58,124.64,250.39
386.55,232.49,124.75,250.6
389.96,233.59,124.46,250.02
390.87,232.98,124.57,250.24
393.85,233.15,124.81,250.72
397.93,233.98,124.54,250.18
402.45,234.21,124.13,249.37
407.73,233.48,124.2,249.51
411.97,233.12,124.13,249.36
415.59,232.95,124.11,249.33
418.59,233.26,123.77,248.64
419.85,232.26,123.65,248.39
421.28,232.71,123.22,247.53
420.04,232.68,123.01,247.1
417.93,233.23,122.66,246.4
415.53,233.94,122.25,245.58
413.87,235.57,122.12,245.32
413.11,237.75,121.39,243.86
412.04,238.68,120.58,242.24
411.02,240.19,119.87,240.8
411.28,242.01,118.57,238.2
410.83,244.71,117.65,236.34
411.15,246.33,117.26,235.56
409.33,245.58,117,235.03
408.45,247.58,116.53,234.09
407.19,248.88,116.09,233.2
405.73,248.75,116.23,233.49
406.14,251.91,116.08,233.18
405.51,253.56,116.22,233.47
405.1,254.04,116.59,234.22
406.13,254.6,116.78,234.6
406.5,254.37,116.92,234.88
410.45,255.59,116.6,234.24
410.74,255.03,115.89,232.8
413.93,257.69,115.2,231.41
414.74,257.61,114.65,230.32
415.89,256.16,114.53,230.08
418.38,256.36,113.92,228.85
419.48,255.99,113.9,228.82
420.4,255.44,114.16,229.33
421.21,254.64,113.97,228.95
423.14,254.97,114.01,229.03
426.71,255.77,114.28,229.56
427.7,254.94,113.92,228.85
431.38,255.06,113.62,228.25
431.64,252.52,113.29,227.57
433.44,254.45,113.08,227.15
434.62,252.54,113.31,227.63
435.82,253.01,113.21,227.42
439.08,253.26,113.26,227.53
441.02,254.16,113.35,227.7
439.7,254.22,113.42,227.84
440.92,254.11,113.6,228.21
441.19,253.67,113.61,228.23
443,253.49,113.53,228.07
446.41,253.05,113.15,227.29
449.04,252.18,112.95,226.89
449.52,251.86,113.43,227.86
451.05,251.72,113.68,228.37
452.99,253.59,113.31,227.62
454.65,253.98,113.56,228.12
456,253.17,113.41,227.82
461.17,252.88,113.02,227.04
462.52,254.43,112.76,226.52
464.17,253.81,112.5,225.99
465.52,255.4,112.02,225.03
468.23,255.38,111.57,224.13
471.42,253.76,111.96,224.92
475.31,254.49,112.08,225.15
477.47,252.92,111.95,224.9
482.05,253.22,112,224.98
486.48,252.83,112.27,225.54
492.36,252.39,112.45,225.9
497.51,254.84,112.48,225.95
502.11,254.86,112.73,226.46
505.33,254.69,112.87,226.73
507.65,253.76,112.96,226.92
510.88,252.67,112.95,226.9
511.49,252.48,112.87,226.74
511.51,252.2,112.71,226.42
512.13,251.65,112.56,226.12
513.66,252.8,112.22,225.43
513.57,252.48,112.21,225.42
515.57,253.71,112.32,225.64
518.53,254.36,112.54,226.08
525.7,256.81,111.79,224.57
530.56,257.31,111.53,224.05
533.7,257.22,110.7,222.38
535.48,256.93,110.15,221.27
536.12,254.93,110.11,221.19
536.12,254.78,110.17,221.31
535.65,255.22,109.99,220.94
533.91,257.3,109.71,220.39
532.27,257.01,109.62,220.22
532.48,257.79,109.68,220.33
533.93,259.12,109.64,220.26
536.04,260.23,109.55,220.07
539.12,262.15,109.37,219.7
541.29,263.91,109.16,219.28
543.03,265.28,108.88,218.71
544.15,265.42,108.87,218.69
545.87,266.25,108.97,218.9
548.44,267.78,108.94,218.84
551.17,270.78,108.18,217.31
554.22,272.75,107.83,216.61
551.85,273.36,106.91,214.77
571.3,275.02,106.26,213.47
648.61,343.7,107.55,216.05
592.04,338.75,107.78,216.51
616.99,408.8,109.18,219.32
582.81,399.5,109.36,219.69
581.93,404.53,109.59,220.16
522.35,297.34,109.44,219.86
501.59,304.47,110.15,221.28
480.72,307.74,110.22,221.41
590.34,266.72,110.37,221.72
593.67,266.76,109.48,219.94
597.44,268.63,108.52,218
600.62,269.33,108.19,217.34
601.99,268.84,107.97,216.91
604.63,268.28,107.63,216.21
606.11,267.47,106.9,214.75
606.34,267.39,106.15,213.24
605.76,267.7,105.87,212.67
606.82,268.44,105.61,212.16
606.11,268.85,105.3,211.53
605.52,270.61,105.21,211.36
603.77,271.26,105.19,211.31
603.38,272.29,104.99,210.9
603.81,272.83,104.85,210.62
604.97,273.67,104.77,210.47
606.1,274.26,104.61,210.15
607.35,275.87,104.44,209.81
607.92,276.28,104.19,209.29
609.71,277.41,104.04,209
610.82,279.13,103.96,208.84
612.93,279.76,103.58,208.07
614.59,279.75,103.74,208.4
618.3,279.8,103.7,208.31
620.65,279.09,103.88,208.68
624.41,279.22,103.74,208.41
627.37,278.93,103.78,208.47
631.5,278.57,104.08,209.08
638.21,278.1,103.98,208.88
642.72,278.55,104.08,209.08
644.75,277.73,104.41,209.75
646.12,277.39,104.49,209.9
648.6,278.5,104.05,209.02
657.56,279.78,104.49,209.89
663.09,280.89,105.29,211.52
670.41,277.81,106.37,213.68
672.81,272.69,107.73,216.41
672.68,273.09,109.39,219.76
679.68,271.66,109.85,220.67
684.43,270.87,109.65,220.27
692.67,271.79,109.59,220.16
695.09,271.87,109.18,219.33
693.91,273.05,108.97,218.9
688.63,275.12,108.82,218.6
683.43,275.32,108.75,218.46
680.21,276.18,108.54,218.04
677.34,276.15,108.58,218.12
675.32,275.45,108.72,218.41
674.91,274.69,108.97,218.9
674.02,274,109.18,219.32
672.71,274.02,109.39,219.74
671.88,274.34,109.74,220.45
669.95,273.45,109.37,219.71
670.19,273.81,109.84,220.66
670.38,273.78,109.91,220.78
670.88,272.68,110.45,221.88
671.94,271.43,110.94,222.87
674.62,269.96,110.91,222.81
679.36,268.59,111.06,223.1
682.9,268.3,110.96,222.89
685.85,268.13,110.39,221.76
688.63,269.21,110.17,221.31
690.1,269.22,110.41,221.79
691.79,269.69,110.82,222.63
692.94,269.6,111.21,223.41
692.86,268.79,111.57,224.13
692.93,268.33,111.95,224.88
692.92,268.48,112.15,225.29
692.16,268.51,111.82,224.62
691.31,268.66,111.68,224.35
689.18,266.91,112.05,225.1
687.9,266.03,112.17,225.34
687.25,265.18,112.84,226.68
683.24,264.24,113.18,227.36
682.08,265.4,113.48,227.97
679.18,265.15,113.7,228.4
677.1,264.43,114.23,229.47
674.21,263.24,114.18,229.38
671.5,261.29,114.54,230.1
671.2,261.33,115.52,232.06
668.53,259.58,115.68,232.39
667.6,259.04,116.15,233.33
665.71,257.35,116.3,233.64
665.14,257.44,117,235.04
664.46,256.3,117.46,235.96
662.25,254.36,117.9,236.84
662.76,253.78,118.59,238.23
667.78,253.36,119.33,239.72
669.61,252.68,119.16,239.38
664.22,253.49,118.52,238.1
673.96,255.5,119.06,239.17
669.85,255.77,118.68,238.42
683.33,254.86,118.5,238.06
653.78,257.25,118.24,237.52
651.05,254.11,118.67,238.38
653.77,250.97,119.74,240.54
653.45,249.48,120.5,242.07
653.48,248.06,121.19,243.46
651.99,247.66,121.58,244.24
650.24,247.92,122.04,245.15
646.75,246.22,123.2,247.5
642.97,245.72,123.22,247.53
640.41,245.17,123.26,247.62
637.43,244.62,123.29,247.66
637.19,245.35,122.87,246.83
636.83,245.64,122.82,246.72
634.39,244.74,122.93,246.94
630.26,243.66,122.87,246.82
624.36,244.11,122.7,246.49
619.83,243.97,123.02,247.12
616.02,245.43,122.85,246.78
614.35,246.41,122.75,246.59
611.24,245.76,123.31,247.7
606.35,244.21,123.09,247.27
600.7,242.96,123.05,247.18
598.17,243.26,122.88,246.85
595.39,243.19,122.34,245.77
593.91,243.33,122.4,245.88
591.33,244.9,122.24,245.56
587.14,245.98,122.13,245.34
578.55,246.55,121.98,245.04
570.52,246.78,121.21,243.5
564.41,246.91,121.36,243.8
559.07,245.98,121.64,244.36
554.65,245.36,122.1,245.29
551.45,243.59,122.39,245.87
547.95,242.52,122.84,246.77
544.58,243.1,123.08,247.24
538.8,241.9,123.72,248.54
534.94,242.31,123.88,248.85
531.02,242,124.08,249.27
527.66,243.35,123.55,248.19
523.91,243.35,123.26,247.61
520.54,244.24,123.28,247.66
517.5,245.5,122.99,247.06
512.85,246.09,123.4,247.9
508.71,246.56,123.68,248.44
502.32,243.84,124.28,249.66
494.74,242.02,124.67,250.43
490.22,239.94,125.17,251.44
486.33,239.13,125.13,251.37
482.5,238.74,125.28,251.67
477.66,238.84,124.99,251.09
469.77,240.02,124.84,250.78
464.04,240.1,125.02,251.14
458.58,239.28,125.3,251.71
454.68,239.67,125.64,252.39
451.74,238.7,125.93,252.98
446.43,236.98,126.15,253.42
443.06,235.99,125.93,252.97
440,234.82,126.22,253.55
437.77,234.86,125.72,252.55
436.03,233.93,125.95,253
434.32,233.14,126.29,253.69
431.05,232.93,126.43,253.97
426.71,231.93,126.7,254.52
421.49,231.83,126.77,254.67
416.4,230.65,127.1,255.33
409.66,229.4,127.36,255.85
405.96,229.39,127.79,256.72
402.21,229.14,127.87,256.88
398.77,229.31,127.75,256.64
395.63,228.31,128.25,257.63
394.58,227.94,128.45,258.03
394.08,227.38,128.2,257.54
393.34,226.11,128.69,258.51
392.99,224.56,129.33,259.81
392.15,224.08,129.46,260.06
389.05,223.43,129.47,260.08
386.18,224,129.2,259.54
383.82,223.33,129.17,259.49
380.88,223.58,129.27,259.69
379.71,224.67,129,259.14
380.47,225.91,128.57,258.27
380.71,225.72,128.43,258
380.6,224.27,128.54,258.21
380.11,221.99,128.71,258.57
380.53,221.15,128.87,258.88
378.56,221.26,128.61,258.36
374.92,221,128.24,257.62
369,221.49,128.51,258.17
363.16,222.1,128.54,258.22
357.99,222.88,128.65,258.43
353.73,224.77,128.53,258.2
353.31,224,128.31,257.76
353.8,224.15,128.51,258.16
354.42,223.2,128.97,259.09
354.7,222.41,129.32,259.78
355.92,221.74,129.74,260.64
355.04,221.03,129.92,260.99
355.22,220.24,130.22,261.58
354.57,220.57,130.37,261.9
354.91,221.59,129.98,261.1
355.22,221.84,129.91,260.97
356.36,222.64,130.11,261.37
358.09,223.45,129.99,261.14
358,223.16,129.92,260.99
358.54,220.93,130.65,262.46
359.54,219.78,130.78,262.72
363.53,218.25,131.49,264.14
365.94,216.2,132.18,265.52
368.33,215.98,132.51,266.2
371.51,214.7,132.99,267.15
372.5,213.42,133.82,268.82
376.97,211.07,135.23,271.67
378.18,210.57,135.92,273.04
380.54,209.46,136.36,273.93
381.61,210.09,136.32,273.86
382.77,209.51,136.66,274.53
385.78,211.26,136.85,274.92
386.65,211.54,137.22,275.66
386.04,209.53,138,277.23
387.58,207.97,138.55,278.32
389.61,207.49,138.66,278.55
394.09,207.54,138.77,278.76
395.2,207.07,139.19,279.61
395.84,205.75,140.18,281.6
397.65,205.4,140.67,282.58
401.42,205.4,141.43,284.1
403.27,204.05,141.74,284.73
406.1,201.71,142.14,285.53
407.25,198.72,142.65,286.56
411.85,197.94,143.69,288.66
415.6,196.49,145.05,291.39
418.33,197.15,145.36,292.01
421.64,199.54,145.91,293.1
421.05,199.06,146.36,294.02
423.01,200.73,146.44,294.19
422.24,200.21,146.88,295.06
420.58,195.14,147.67,296.65
421.97,193.05,148.39,298.09
424.87,192.98,149.64,300.6
424.83,190.1,150.88,303.1
426.83,189.86,151.92,305.19
431.25,191.49,152.63,306.61
431.89,193.43,153.11,307.57
435.75,196.67,153.82,309
436.66,196.23,154.52,310.41
438.09,195.53,155.75,312.87
439.66,194.65,156.98,315.35
439.22,191.59,158.84,319.1
438.45,186.96,160.78,322.98
436.35,183.6,162.14,325.72
434.02,182.78,162.92,327.27
431.02,184.03,164.02,329.5
427.88,184.34,164.74,330.95
425.45,185.83,165.43,332.32
425.25,186.46,166.69,334.85
426.32,187.08,168.01,337.5
428.18,187.68,168.66,338.82
427.09,185.67,170.46,342.43
425.12,182.15,171.98,345.48
424.16,179.76,173.6,348.73
423.25,177.78,175.39,352.34
421.33,175.95,176.69,354.94
420.89,174.85,177.96,357.49
420.93,173.33,178.8,359.19
423.27,173.49,180.25,362.09
427.55,174.55,181.73,365.08
432.6,170.79,182.7,367.03
434.91,169.58,183.26,368.14
436.21,166.1,183.87,369.37
436.56,163.66,184.12,369.87
436.13,160.2,185.16,371.97
433.69,158.5,186.11,373.86
431.19,158.47,186.27,374.18
430.17,161.14,186.56,374.78
428.27,159.58,187.17,375.99
427.04,160.14,187.76,377.18
428.19,158.77,187.97,377.6
428.56,159.12,188.29,378.26
431.13,155.87,189.18,380.03
431.43,157.51,188.78,379.22
432.12,157.33,188.75,379.18
428.15,159.35,188.11,377.88
432.31,155.84,188.44,378.55
411.72,164.67,188.34,378.35
406.52,165.73,188.4,378.47
408.02,163.21,188.72,379.12
410.23,164.77,188.69,379.05
411.43,164.68,189.11,379.89
414.95,163.16,189.8,381.27
422.2,160.34,189.39,380.45
427.05,156.65,188.72,379.12
439.56,155.3,187.93,377.53
442.03,153.58,186.82,375.3
443.6,150.4,186.64,374.93
449.22,152.65,186.09,373.83
457.58,151.98,185.68,373.01
464.02,153.2,185.71,373.06
466.09,154.17,186.27,374.18
474.19,154.49,187.57,376.81
479.48,152.81,188.03,377.73
484.08,147.94,187.95,377.56
491.52,145.94,188.39,378.44
496.87,144.02,188.68,379.04
501.6,144.23,189.2,380.07
504.88,142.28,189.64,380.96
506.71,141.67,189.26,380.19
509.21,143.81,189.5,380.67
509.26,143.28,189.59,380.85
509.28,142.52,189.62,380.93
511.59,143.84,189.08,379.83
515.82,144.33,189.3,380.27
516.62,142.69,189.34,380.36
519.19,143.84,188.87,379.4
525.72,147.52,189.49,380.65
529.81,145.54,189.73,381.14
535.15,147.62,189.85,381.38
541.29,147.49,188.98,379.63
547.75,149.99,187.38,376.42
552.36,149.62,186.7,375.05
552.17,148.9,186.2,374.05
553.94,152.08,186.91,375.48
556.67,147.99,186.59,374.83
560.52,147.67,186.5,374.65
563.02,147,185.59,372.82
560.83,147.54,185.36,372.37
558.89,149.71,184.99,371.62
556.48,151.73,185.79,373.22
550.84,150.77,185.57,372.78
546.96,149.78,185.27,372.18
545.11,149.25,184.87,371.38
547.11,149.35,184.33,370.28
541.17,147.56,182.73,367.07
542.17,146.59,180.79,363.18
542.01,146.63,180,361.59
541.22,146.22,179.08,359.74
539.24,147.44,177.88,357.33
536.71,149.59,176.48,354.52
536.26,154.29,175.68,352.92
533.38,159.11,174.52,350.58
531.52,159.88,173.33,348.19
526.95,160.62,172.53,346.59
525.7,161.26,171.89,345.3
524.57,161.69,171.46,344.44
524.06,159.95,171.02,343.55
523.61,159.28,170.08,341.67
526.19,160.48,169.35,340.21
527.65,160.66,168.27,338.04
528.63,162.16,167.66,336.81
527.09,164.04,166.51,334.49
524.57,164.88,165.79,333.05
523.98,167,165.48,332.43
520.63,167.79,164.85,331.16
517.26,171.09,164.51,330.47
513.47,172.27,164.32,330.1
510.2,173.7,163.61,328.68
508.31,173.58,163.45,328.34
506.7,173.67,163.19,327.82
503.75,173.49,162.67,326.79
499.4,173.5,162.38,326.21
496.34,174.62,161.68,324.78
489.02,176.01,160.81,323.05
479.91,177.72,160.08,321.57
473.7,178.84,159.17,319.74
470.15,178.7,158.58,318.57
466.02,178.38,157.76,316.92
465.46,178.07,157.25,315.88
465.2,177.61,156.28,313.93
463.73,177.24,155.8,312.98
464.08,178.43,154.52,310.4
462.76,180.53,153.7,308.76
461.86,183.51,152.56,306.46
460.65,186.04,151.11,303.56
460.2,189.38,150.79,302.92
457.93,189.08,150.69,302.71
457.45,189.74,150.15,301.63
458.51,190.97,149.91,301.14
457.1,189.81,149.61,300.55
458.85,190.09,149.09,299.5
462.4,189.94,149.47,300.27
465.01,188.73,148.68,298.68
467.27,187.19,148.09,297.49
471.4,188.06,147.71,296.73
475.22,187.45,147.04,295.38
479.17,188.63,146.49,294.27
485.51,191.89,145.57,292.42
490.42,193.62,144.65,290.57
495.88,194.22,143.76,288.8
503.58,193.06,142.92,287.11
511.32,194.44,141.95,285.15
520.82,198.09,140.65,282.54
533.44,202.81,140.19,281.62
539.97,203.18,139.77,280.78
549.39,207,138.86,278.95
553.84,206.76,138.92,279.07
559.12,206.93,138.84,278.91
565.42,208.38,138.09,277.41
567.29,207.04,137.82,276.87
570.19,207.61,137.66,276.54
570.66,206.29,137.22,275.65
571.4,205.68,136.68,274.58
573.79,204.87,136.39,273.99
577.59,203.09,135.92,273.04
581.09,201.71,135.15,271.5
582.4,201.83,134.25,269.68
582.18,201.68,133.38,267.94
583.21,204.35,132.44,266.05
582.5,205.89,131.4,263.96
582.12,210.37,130.35,261.85
577.16,212.21,129.66,260.46
573.18,214.14,129.18,259.5
568.68,214.58,128.83,258.79
566.54,215.96,128.63,258.39
562.83,216,128.22,257.57
560.08,216.29,127.86,256.86
555.16,214.3,127.79,256.72
552.62,211.84,127.54,256.21
552.08,209.79,127.26,255.64
553.07,210.76,126.71,254.53
552.9,213.14,126.36,253.84
551.96,214.57,125.62,252.36
550.34,216.8,124.9,250.91
548.88,217.7,124.83,250.77
548.07,218.8,124.37,249.85
546.93,218.67,123.84,248.78
546.02,219.28,123.47,248.03
547.41,219.07,122.98,247.05
549.58,217.94,122.83,246.76
558.76,217.07,122.39,245.87
569.18,216.34,121.31,243.69
581.17,216.43,120.67,242.4
592.05,216.42,120.53,242.12
600.74,217.16,120.04,241.15
605.13,216.92,119.89,240.84
605.1,217.97,119.05,239.16
600.79,219.83,118.24,237.53
593.22,221.55,117.65,236.33
583.85,223.02,117.03,235.09
574.5,224,116.47,233.97
572.03,224.45,115.64,232.29
570.71,224.6,115.23,231.49
572.86,225.55,114.67,230.36
578.37,225.9,114.15,229.31
587.46,225.49,113.92,228.85
595.6,226.14,113.94,228.88
599.43,225.82,113.85,228.7
601.17,225.34,113.71,228.44
600.62,225.05,113.93,228.86
594.66,226.22,113.51,228.02
586.2,225.21,113.49,227.98
579.37,226.6,112.82,226.63
574.6,228.59,111.62,224.23
572.14,228.73,110.9,222.78
571.52,230.3,110.02,221.02
572.67,231.44,109.13,219.24
577.88,231.26,108.6,218.16
582.2,231.37,108.42,217.8
585.85,231.08,108.37,217.69
588.37,231.17,108.06,217.07
588.88,230.9,108.2,217.37
588.91,230.7,107.98,216.91
587.05,231.76,107.73,216.41
582.76,232.69,107.74,216.44
577.07,234.54,106.99,214.93
575,234.88,107,214.95
574.44,235.03,106.83,214.6
576.55,236.1,106.59,214.13
581.83,235.47,105.58,212.09
590.78,233.9,105.39,211.7
595.2,233.24,105.59,212.11
604.05,232.52,105.06,211.04
603.74,230.04,105.01,210.95
609.82,234.23,103.78,208.49
601.8,236.96,103.55,208.01
597.76,237.33,103.75,208.41
593.09,238.62,103.46,207.84
595.66,236.96,104.04,209
595.61,241.48,103.47,207.85
594.16,240.74,104.41,209.75
591.85,235.35,104.97,210.86
588.08,233.64,104.16,209.23
587.93,235.06,103.35,207.61
587.25,236.09,102.47,205.84
583.67,235.94,101.78,204.46
582.51,237.04,101.18,203.26
581.87,237.68,100.8,202.49
582.39,239.69,100.36,201.62
581.2,239.91,100.15,201.19
583.61,240.41,99.805,200.49
584.49,239.01,99.944,200.77
586.69,238.52,99.817,200.52
588.33,238.13,99.821,200.53
589.55,238.07,99.759,200.4
590.58,238.17,99.664,200.21
592.37,239.15,99.369,199.62
592.83,239.55,99.236,199.35
592.65,239.58,99.282,199.44
593.43,239.85,99.214,199.31
595.6,239.03,99.417,199.71
597.52,240,99.279,199.44
598.83,239.01,99.18,199.24
601.2,238.34,98.856,198.59
604.53,238.86,98.762,198.4
606.59,238.86,98.728,198.33
607.76,238.57,98.759,198.39
610.25,238.96,98.975,198.83
611.53,239.4,98.686,198.25
612.18,238.67,98.984,198.84
615.44,239.87,98.83,198.54
617.69,240.76,98.686,198.25
618.63,240.62,98.746,198.37
622.86,241.23,98.847,198.57
625.66,241.15,98.915,198.71
630.63,240.79,99.004,198.89
633.38,241.13,98.867,198.61
636.34,241.12,98.692,198.26
637,240.38,98.708,198.29
639.51,240.58,98.831,198.54
642.12,240.39,98.793,198.46
641.7,241.06,99.268,199.41
640.78,240.77,99.385,199.65
642.8,241.58,99.055,198.99
642.07,241.04,99.32,199.52
641.85,241.14,98.802,198.48
642.57,241.15,99.14,199.16
641.97,241,99.011,198.9
640.47,242.85,99.496,199.87
635.95,243.5,99.613,200.11
631.01,244.18,99.648,200.18
629.41,244.2,99.968,200.82
626.91,241.92,100.1,201.1
623.77,241.76,100.46,201.82
615.88,240.69,100.31,201.5
610.37,241.1,100.1,201.08
604.09,242.23,99.914,200.71
597.12,243.09,100.02,200.92
589.28,245.58,99.762,200.41
577.37,246.04,99.629,200.14
566.84,245.92,99.323,199.52
551.25,243.96,99.785,200.45
541.72,242.2,100.03,200.95
536.45,242.89,100.43,201.75
531.89,241.36,100.55,202
531.45,240.13,100.49,201.87
534.6,237.59,100.76,202.4
539.18,237.64,101.06,203.01
541.58,236.66,100.94,202.76
543.6,237.05,100.67,202.23
544.68,237.46,100.85,202.58
546.66,237.37,101.15,203.2
547.28,235.99,101.61,204.13
548.15,235.75,102.24,205.39
549.71,235.3,102.96,206.83
550.79,234.74,103.42,207.75
555.5,234.39,103.84,208.61
559.09,233.64,104.05,209.01
564.48,232.67,104.6,210.13
571.59,231.54,105.37,211.66
578.04,229.9,106.08,213.1
586.4,230.19,106.77,214.48
592.64,229.67,107.5,215.96
597.31,230.26,107.81,216.58
600.85,230.52,108.29,217.54
605.55,229.88,109.01,218.99
615.2,229.5,109.86,220.7
624.59,228.04,110.66,222.3
634.06,227.19,111.04,223.07
641.75,227.03,111.39,223.77
648.07,229.65,111.92,224.84
654.65,234.29,112.01,225
658.9,238.77,112.33,225.64
661.04,242.42,112.63,226.25
663.07,246.89,113.37,227.74
662,247.87,113.97,228.94
661.9,249.06,114.62,230.26
660.17,248.13,115.22,231.46
659.22,248.66,115.72,232.47
656.7,249.66,116.07,233.17
652.48,251.35,116.29,233.62
643.62,255.96,116.81,234.65
634.86,257.35,117.32,235.68
626.35,259.57,117.62,236.29
614.55,262.06,118.07,237.19
599.01,257.85,118.61,238.27
572.51,252.79,119.2,239.46
558.24,249.38,119.75,240.56
545.48,247.57,120.51,242.08
531.83,245.28,120.74,242.54
519.92,244.95,120.63,242.33
504.05,241.98,120.12,241.31
496.09,240.45,119.99,241.04
487.28,239.05,120.16,241.39
478.66,239.72,120.15,241.36
466.09,238.32,120.22,241.51
442.87,235.8,120.57,242.22
426.12,231.76,121.47,244.01
413.97,231.86,121.8,244.68
402.91,229.81,122.86,246.8
393.22,229.21,123.83,248.76
381.9,226.16,124.65,250.41
378.81,225.03,125.11,251.33
377.3,223.63,125.55,252.22
377.66,220.54,126.55,254.22
378.48,217.42,127.65,256.43
380.45,215.82,127.64,256.41
381.36,215.34,128.17,257.47
382.85,215.17,128.59,258.31
383.83,216.27,129.17,259.47
390.74,215.68,129.63,260.4
409.5,217.15,130.04,261.22
417.92,216.09,130.58,262.32
424.44,213.17,131.81,264.79
425.96,210.72,132.61,266.39
426.74,209.72,133.41,267.99
428.62,206.84,134.74,270.67
429.32,206.73,135.41,272.03
432.11,208.61,135.6,272.41
435.75,209.95,135.91,273.02
442.12,211.07,136.7,274.61
457.54,210.94,137.67,276.56
463.49,210.93,138.21,277.65
469.27,209.53,139.11,279.45
476.44,209.23,139.73,280.69
482.38,209.8,140.35,281.94
484.93,209.07,140.97,283.19
484.46,208.53,141.52,284.28
482.76,209.2,142.59,286.44
480.12,210.98,143.27,287.82
478.97,213.06,143.77,288.81
481.25,218.57,144.72,290.72
481.74,220.5,146.4,294.1
482.82,220.89,147.76,296.83
481.11,218.74,148.93,299.17
480.02,216.8,149.78,300.88
481.08,212.8,151.05,303.44
484.87,211.42,151,303.34
486.41,208.42,151.39,304.12
488.67,207.4,151.32,303.98
489.33,207.19,152.07,305.49
485.38,208.85,152.53,306.42
480.35,209.54,152.28,305.91
480.12,213.33,152.36,306.08
476.57,214.91,152.84,307.04
474.38,216.03,153.97,309.3
474.51,216.87,155.26,311.89
472.45,216.44,156.62,314.63
470.79,211.97,158.2,317.81
467.93,207.95,159.22,319.85
467.17,205.4,159.7,320.81
464.97,202.73,160.52,322.45
461.39,199.88,161.58,324.58
458.48,200.28,162.17,325.78
454.02,199.23,163.45,328.35
451.01,198.4,164.29,330.03
445.04,197.15,165.56,332.58
440.46,195.6,166.69,334.86
438.36,194.34,167.75,336.99
435.81,191.98,169.2,339.89
433.46,189.54,170.18,341.87
430.05,186.54,171.15,343.81
425.69,183.44,171.4,344.31
422.91,182.83,170.95,343.41
420.71,180.57,171.69,344.89
418.85,178.66,172.43,346.39
415.89,175.6,173.08,347.69
415.6,174.35,173.53,348.59
415.83,175.28,175.5,352.55
415.36,175.42,176.87,355.31
413.59,173.44,178.26,358.09
413.61,173.38,180.24,362.08
410.81,170.07,182.32,366.26
405.84,166.08,183.66,368.94
402.45,162.38,185.5,372.63
396.2,157,186.78,375.21
386.49,154.55,188.24,378.14
379.05,154.14,189.15,379.97
373.23,155.58,191.31,384.32
366.93,156.55,193.39,388.48
360.04,154.41,195.39,392.5
356.96,153.87,198.17,398.1
352.34,150.31,199.85,401.47
350.21,148.08,201.2,404.18
350.15,145.88,202.58,406.95
348.35,143.95,203.94,409.68
345.51,140.38,204.93,411.67
339.93,137.22,205.62,413.06
334.66,137.37,206.37,414.57
327.73,135.38,208.17,418.18
322.06,135.16,210.24,422.33
308.29,129.79,213.07,428.02
300.93,125.21,214.85,431.6
287.67,124.01,216.85,435.63
279.85,119.99,218.81,439.56
272.85,112.52,221.97,445.91
259.98,102.98,223.77,449.52
252.58,100.42,226.54,455.08
244.35,96.497,229.34,460.72
233.64,92.61,231.86,465.78
222.58,90.857,234.42,470.92
207.86,91.469,237.4,476.9
195.98,86.982,240.22,482.57
184.21,76.611,243.8,489.75
177.48,72.364,248.56,499.32
168.28,64.488,252.73,507.7
156.36,48.331,255.27,512.81
152.14,46.442,258.21,518.71
145.07,41.392,260.89,524.09
134.81,39.056,261.64,525.59
127.25,37.288,262.57,527.46
109.23,34.642,263.12,528.56
96.371,36.155,264.43,531.19
78.384,29.517,266.39,535.13
64.023,23.19,268.17,538.72
43.609,20.571,269.73,541.85
15.675,15.706,269.52,541.43
8.0502,6.8788,269.71,541.81
-4.1629,-4.2433,270,542.39
-14.644,-14.063,267.59,537.55
-35.093,-9.0816,263.8,529.94
-45.149,-18.448,257.96,518.21
-79.701,-21.665,254.65,511.56
-88.965,-23.083,250.49,503.21
-98.044,-10.194,248.9,499.99
-102.72,-12.982,249.62,501.44
