879.5,325.5,78,189
881.66,327.93,77.614,188.07
880.82,323.46,78.199,189.48
876.02,318.63,78.527,190.28
872.16,317.94,77.205,187.07
868.44,317.4,77.002,186.58
866.08,319.75,76.49,185.34
864.74,321.72,76.759,185.99
865.54,323.08,76.693,185.83
866.26,321.24,77.127,186.88
866.55,316.63,77.753,188.4
866.44,309.5,78.348,189.84
863.13,300.61,79.229,191.98
860.76,296.14,79.153,191.79
860.16,294.97,79.735,193.2
861.09,294.2,79.871,193.53
864.83,291.2,79.669,193.04
867.28,285.47,79.376,192.33
868.61,280.7,77.966,188.92
865.44,276.89,78.354,189.86
865.55,276.71,78.046,189.11
867.08,277.81,77.847,188.63
871.08,279.26,77.944,188.86
873.01,280.96,77.201,187.06
871.5,282.3,77.443,187.65
866.16,284.56,77.606,188.04
860.46,289.05,77.493,187.77
858.17,294.39,77.273,187.24
858.72,301.06,77.034,186.66
856.21,307.16,76.429,185.19
849.48,311.57,76.349,185
841.63,314.09,76.056,184.29
834.52,315.66,76.111,184.42
829.02,317.93,76.028,184.22
824.08,323.17,76.071,184.33
824.04,327.78,77.24,187.16
827.01,333.42,77.559,187.93
827.74,339.79,77.997,188.99
831.97,349.08,78.364,189.88
843.28,362.99,77.584,187.99
850.62,370.15,77.642,188.13
851.91,374.57,77.616,188.07
851.88,378.9,77.477,187.73
850.78,383.03,77.071,186.75
846.33,390.46,75.859,183.81
845.27,393.35,75.633,183.27
844.31,396.69,75.973,184.09
843.47,400,76.05,184.27
842.01,401.18,76.375,185.06
839.05,403.97,76.021,184.2
836.17,404.52,75.605,183.2
832.8,405.16,75.499,182.94
829.2,405.34,75.417,182.74
825.85,407.21,75.121,182.02
818.9,413.72,74.441,180.38
815.47,418.92,73.724,178.64
812.71,421.21,73.313,177.64
810.84,421.59,73.028,176.95
806.41,421.11,72.786,176.37
798.09,421.07,72.857,176.54
792.83,421.11,72.927,176.71
790.69,421.8,72.719,176.2
790.98,422.09,73.202,177.37
791.72,422.2,73.389,177.83
793.69,421.05,74.184,179.75
795.86,419.33,75.08,181.92
800.98,419.53,74.941,181.59
806.77,421.27,74.658,180.9
815.36,428.78,74.425,180.34
826.69,438.29,74.104,179.56
832.18,440.1,74.313,180.07
832.63,440.27,74.868,181.41
832.85,440.24,75.37,182.63
831.03,440.21,75.609,183.21
825.59,439.18,75.504,182.95
820.02,438.18,75.192,182.2
815.09,437.53,74.906,181.5
808.97,436.97,74.138,179.64
802.44,434.21,72.963,176.79
793.26,427.29,72.096,174.69
788.22,420.84,71.695,173.72
783.07,414.76,71.799,173.97
776.78,409.16,71.451,173.13
773.96,404.49,70.695,171.3
773.2,396.56,70.543,170.93
773.37,390.55,69.935,169.46
772.92,389.7,69.433,168.24
772.01,390.21,68.479,165.93
770.46,390.29,68.137,165.1
773.36,388.25,67.997,164.76
776.75,384.29,67.65,163.92
781.29,378.12,67.526,163.62
784.43,371.13,67.583,163.76
785.92,364.1,67.632,163.88
789.78,355.33,67.697,164.04
792.98,351.74,67.302,163.08
796.57,349.32,66.794,161.85
799.92,346.72,66.686,161.59
804.72,343.3,66.523,161.19
811.76,334.48,67.038,162.44
814.41,327.8,67.047,162.46
818.5,323.42,66.765,161.78
822.51,320.31,66.541,161.23
821.81,318.3,66.382,160.85
825.22,315.7,65.79,159.41
825.65,314.22,65.364,158.38
825.01,312.5,65.317,158.27
823.36,309.83,64.581,156.48
819.44,306.28,64.234,155.64
815.11,300.08,64.245,155.67
814.58,297.31,64.109,155.34
813.38,294.55,64.02,155.13
813.32,291.42,63.831,154.67
813.34,288.96,63.387,153.59
810.97,284.98,62.968,152.58
809.69,283.3,62.847,152.28
808.96,282.32,62.043,150.33
809.07,281.99,61.324,148.59
808.6,281.18,60.841,147.42
807.68,279.19,60.792,147.3
810.03,277.54,60.516,146.63
811.65,276.45,60.281,146.07
814.39,275.62,59.956,145.28
819.6,275.41,60.353,146.24
825.31,276.23,60.844,147.43
827.82,277.59,61.003,147.81
829.92,278.33,61.433,148.86
830.87,278.87,61.382,148.73
830.86,279.4,61.328,148.6
827.7,280.37,61.1,148.05
824.26,279.89,60.682,147.04
821.52,279.95,60.565,146.75
819.04,279.27,60.577,146.78
819.43,279.9,60.188,145.84
820.98,283.45,59.552,144.3
823.47,286.16,59.02,143.01
825.75,287.56,58.059,140.68
827.17,287.73,57.093,138.34
825.32,286.38,56.193,136.16
820.96,283.55,55.404,134.25
816.36,281.71,54.411,131.84
811.09,280.89,53.46,129.54
804.98,279.43,52.47,127.14
802.03,278.21,51.817,125.56
797.6,276.48,51.492,124.77
795.63,275.4,51.06,123.72
794.73,274.58,51.167,123.98
795.08,274,51.124,123.88
796.08,273.26,50.898,123.33
794.52,271.95,51.184,124.02
790.7,271.37,51.785,125.48
789.61,270.05,52.439,127.06
789.02,270.04,52.83,128.01
787.16,269.26,53.108,128.68
785.51,268.91,53.029,128.49
783.89,268.67,53.193,128.89
779.26,267.39,53.198,128.9
774.77,266.1,53.157,128.8
769.88,264.39,53.088,128.64
763.68,261.22,52.491,127.19
760.2,260.45,51.849,125.63
758.85,260.17,51.298,124.3
756.74,260.83,50.769,123.02
754.19,262.38,50.44,122.22
752.59,264.15,50.187,121.61
752.44,264.79,49.719,120.47
751.54,264.87,49.62,120.23
749.25,264.97,49.484,119.9
744.26,264.75,49.553,120.07
736.04,265.45,49.521,119.99
730.87,265.71,50.214,121.67
727.03,267.44,50.13,121.47
723.18,269.44,49.974,121.09
717.11,271.67,49.692,120.41
711.36,274.64,49.36,119.6
703.92,277.06,49.115,119.01
699.5,278.6,48.233,116.87
691.82,278.52,47.61,115.36
686.01,279.13,47.618,115.38
677.81,281.66,47.517,115.14
670.89,282.41,47.587,115.31
669.08,282.93,47.547,115.21
666.17,283.98,47.659,115.48
647.2,270.71,48.256,116.93
645.03,271.59,48.323,117.09
643.5,271.74,48.258,116.93
642.41,272.71,48.241,116.89
641.2,274.4,47.785,115.79
639.92,275.83,47.2,114.37
639.12,278.45,46.988,113.86
639.87,282.06,48.285,117
643.77,283.22,48.313,117.07
648.84,285.6,48.304,117.05
653.76,286.01,48.588,117.73
656.61,285.64,48.992,118.71
658.78,284.94,49.419,119.75
660.26,283.78,49.735,120.51
660.71,282.36,49.987,121.12
660.69,281.51,50.109,121.42
661.31,281.04,49.835,120.75
663.1,281.23,49.965,121.07
664.74,282.18,49.744,120.53
665.48,283.12,49.746,120.54
665.48,283.14,49.883,120.87
665.46,284.16,49.804,120.68
665.01,285.93,49.924,120.97
664.02,286.82,50.191,121.62
663.57,288.24,50.116,121.44
662.44,289.73,50.195,121.63
661.47,291.2,49.974,121.09
660.21,292.3,49.879,120.86
658.07,292.85,49.77,120.6
656.86,293.25,49.463,119.85
655.16,294.61,49.497,119.93
654.64,295.89,49.251,119.34
655.43,298.66,49.092,118.95
656.32,299.34,49.237,119.3
657.98,299.45,49.643,120.29
658.48,298.61,49.916,120.95
657.25,297.69,49.985,121.12
653.82,297.51,50.036,121.24
651.92,298.78,49.983,121.11
649.28,300.02,50.808,123.11
648.43,301.47,50.871,123.26
647.66,302.51,50.823,123.15
643.74,304.47,50.657,122.75
641.13,307.3,50.504,122.37
638.13,308.48,50.463,122.27
636.95,309.74,50.275,121.82
636.7,310.83,50.232,121.72
635.64,311.99,49.832,120.75
633.38,313.37,49.587,120.15
632.1,315.13,49.474,119.88
632.17,316.92,49.301,119.46
633.19,319.82,48.82,118.29
638,326.46,48.918,118.53
639.47,330.01,48.537,117.61
640.31,334.41,47.922,116.12
640.29,337.05,47.718,115.62
640.11,339.08,47.275,114.55
645.61,341.55,47.213,114.4
648.03,341.84,47.271,114.54
650.29,342.75,47.398,114.85
653.15,342.65,47.614,115.37
656.23,342.25,48.27,116.96
659.98,340.62,48.344,117.14
661.89,339.23,48.375,117.22
664.09,338.39,48.498,117.51
666.28,337.68,48.515,117.56
667.32,336.56,48.748,118.12
669.46,337.05,48.903,118.5
670.24,337.81,49.311,119.48
671.11,339.49,49.486,119.91
670.99,339.73,49.799,120.67
670.87,340.91,50.217,121.68
667.69,342.23,50.672,122.78
667.94,343.11,50.917,123.38
669.48,343.42,51.022,123.63
671.07,344.05,51.268,124.23
671.6,344.42,51.523,124.85
673.16,346.24,51.721,125.32
674.61,346.64,51.37,124.47
677.97,346.69,51.363,124.46
681.04,347.25,51.642,125.13
680.65,347.62,51.668,125.2
676.03,348.38,51.641,125.13
673.64,348.71,51.497,124.78
671.4,348.82,51.406,124.56
669.17,348.68,51.297,124.3
667.49,349,51.132,123.9
665.05,349.81,50.642,122.71
662.81,350.5,50.685,122.81
660.37,351.78,51.02,123.63
657.54,353.77,50.743,122.96
654.76,355.79,50.589,122.58
651.64,358.27,50.347,121.99
650.09,358.42,50.43,122.2
648.42,358.45,50.097,121.39
647.54,357.73,49.925,120.97
646.88,356.04,50.094,121.38
646.53,354.46,50.447,122.24
645.98,353.53,50.649,122.73
646.09,353.21,50.558,122.51
645.92,352.74,50.983,123.54
644.09,353.55,51.227,124.13
640.32,354.74,51.071,123.75
639.66,355.46,50.91,123.36
639.13,358.62,50.448,122.24
640.79,357.55,50.257,121.78
641.06,357.71,50.563,122.52
637.75,358.73,50.818,123.14
636.18,358.77,51.073,123.75
635.69,357.95,51.627,125.1
616.22,389.49,51.459,124.69
582.48,386.63,51.947,125.87
556.43,447.4,51.997,125.99
555.92,447.39,52.117,126.28
556.23,446.73,52.188,126.46
557.87,451.23,52.38,126.92
559.27,449.55,52.562,127.36
605.59,493.63,52.607,127.47
603.63,494.11,52.786,127.9
585.89,518.11,52.134,126.33
590.77,520.3,51.571,124.96
590.81,520.09,51.326,124.37
590.19,522.52,51.079,123.77
571.07,511.31,51.107,123.84
591.87,523.07,50.755,122.98
570.32,514.03,50.704,122.86
571.48,516.5,51.007,123.59
572.42,516.09,50.908,123.35
572.35,516.1,50.923,123.39
575.97,515.94,50.222,121.69
575.25,515.19,49.999,121.15
576.62,516.73,49.967,121.07
573.13,516.33,49.881,120.87
573.73,517.49,49.775,120.61
568.76,516.12,50.044,121.26
564.01,512.21,50.135,121.48
573.84,521.01,50.43,122.19
568.27,512.85,50.008,121.17
568.88,516.47,50.169,121.56
567.14,516.64,50.176,121.58
565.74,513.43,50.719,122.9
564.4,511.9,50.907,123.35
563.6,510.96,50.974,123.51
564.43,512.12,51.219,124.11
563.29,512.18,51.327,124.37
563.84,512.68,51.302,124.31
