475.5,286.5,44,104
471.3,281.71,43.4,102.58
462.22,279.51,43.567,102.98
456.22,279.53,43.555,102.95
449.71,277.51,43.57,102.98
442.77,275.48,43.88,103.72
436.83,274.49,43.791,103.51
430.73,274.46,43.619,103.1
423.57,272.91,43.547,102.93
418.47,272.6,43.067,101.79
410.67,270.24,42.614,100.72
406.79,270.66,42.157,99.644
400.59,268.68,42.294,99.968
394.28,267.04,42.579,100.64
389.27,265.81,42.466,100.37
382.87,263.84,41.973,99.209
377.92,262.29,41.975,99.215
372.55,261.09,41.892,99.017
364.77,259.1,41.85,98.919
360.54,258.47,41.912,99.064
353.9,256.65,41.769,98.726
350.33,256.78,41.154,97.274
346.16,255.66,41.007,96.926
341.66,254.93,40.932,96.748
338.45,254.44,41.092,97.126
332.24,253.26,41.078,97.093
326.88,251.92,41.466,98.009
321.04,251.53,41.388,97.827
314.85,250.8,41.062,97.056
310.24,251.11,40.52,95.775
303.68,250.07,40.302,95.259
300.28,249.39,39.989,94.52
295.3,247.47,40.171,94.951
290.55,245.89,40.125,94.842
286.38,245.45,40.232,95.093
281.89,243.99,40.282,95.213
277.25,242.99,39.948,94.422
272.84,242.59,39.609,93.622
267.37,241.66,39.364,93.042
264.26,241.34,39.484,93.327
259.92,239.38,39.6,93.6
256.17,238.22,39.514,93.396
254.21,236.81,39.293,92.875
252.27,235.74,39.257,92.79
251.88,235.13,39.234,92.734
249.19,233.71,39.197,92.648
248.46,232.45,39.259,92.794
247.7,230.76,39.268,92.816
247.51,229.3,38.917,91.986
245.47,228.33,39.065,92.335
243.46,227.66,38.727,91.536
240.08,226.76,38.796,91.699
236.29,225.67,38.798,91.705
232.57,225.36,38.521,91.049
228.75,224.49,38.507,91.017
223.56,223.48,38.261,90.436
219.63,222.33,38.325,90.586
217.67,222.22,38.211,90.317
211.62,220.47,38.181,90.246
208.55,220.2,37.904,89.591
204.66,218.66,37.776,89.288
202.01,218.55,37.646,88.982
198.6,217.38,37.33,88.233
195.55,217.11,37.162,87.838
191.47,216.7,37.063,87.603
186.58,215.3,36.9,87.219
182.72,215.15,36.899,87.216
178.47,214.45,36.821,87.031
174.13,213.19,36.845,87.089
170.6,212.51,36.801,86.985
164.71,210.81,36.599,86.508
160.9,210.42,36.428,86.102
155.67,208.65,36.398,86.032
150.95,207.69,36.413,86.067
144.83,207.56,36.334,85.879
139.53,206.55,36.334,85.879
133.47,205.9,36.277,85.747
128.1,204.83,36.29,85.776
124.66,203.96,36.515,86.309
119.62,204.05,36.763,86.893
113.02,203.02,37.132,87.766
106.9,200.62,37.195,87.916
99.715,200.16,37.227,87.992
89.492,199.54,37.048,87.567
78.663,199.66,36.675,86.686
70.13,199.22,36.405,86.049
63.031,200.63,36.1,85.327
55.322,200.1,35.94,84.95
