322.5,216.5,35,22
323.81,216.2,35.015,22.009
325.04,216.46,35.086,22.054
326.9,216.74,34.706,21.815
327.88,217.16,35.164,22.103
329.14,217.19,35.514,22.323
330.9,217.79,35.757,22.476
331.45,217.84,36.113,22.7
332.04,217.85,36.835,23.153
334.07,218.79,36.503,22.945
334.71,218.96,36.455,22.915
335.39,219.25,36.686,23.06
335.8,219.71,37.022,23.271
335.78,212.41,37.389,23.501
352.55,204.06,37.858,23.796
353.75,203.25,37.71,23.703
353.95,203.39,37.684,23.687
353.76,203.07,37.841,23.786
353.56,202.92,38.118,23.96
354.16,203.01,37.827,23.777
353.66,202.96,38.05,23.917
354.3,203.9,37.843,23.787
353.87,203.36,37.79,23.754
354.07,203.41,37.739,23.722
353.77,203.16,37.652,23.667
353.86,203.25,37.541,23.597
354.07,203.36,37.34,23.471
353.86,203.32,37.421,23.522
353.74,203.16,37.446,23.537
354.12,203.24,37.173,23.366
354.21,203.54,37.097,23.318
354.19,203.52,37.003,23.259
354.21,203.55,36.97,23.238
354.24,203.84,36.855,23.166
354.43,203.99,37.011,23.264
354.16,203.8,37.028,23.275
354.06,203.84,36.949,23.225
354.27,203.69,36.992,23.252
354.45,203.65,36.762,23.108
354.33,204.02,36.723,23.083
354.45,204.13,36.647,23.035
354.16,203.75,36.788,23.124
354.47,203.91,36.882,23.183
354.55,203.87,36.827,23.149
354.45,203.99,36.836,23.154
354.4,203.96,37.01,23.264
354.16,203.78,37.012,23.265
354.31,203.7,36.931,23.214
354.18,203.71,36.881,23.182
354.26,203.91,37.091,23.314
354.06,203.78,37.055,23.292
354.06,203.85,36.773,23.114
354.29,203.94,36.887,23.186
354.28,203.9,36.822,23.145
354.28,203.9,36.978,23.243
354.12,203.66,36.887,23.186
354.29,203.88,37.077,23.306
354.16,203.7,36.932,23.214
354.15,203.59,36.91,23.201
354.09,203.71,36.97,23.238
354.06,203.66,36.826,23.148
354.32,203.85,36.881,23.182
354.45,203.83,36.869,23.175
354.43,203.9,36.849,23.162
354.49,203.84,36.885,23.185
354.44,203.84,36.824,23.147
354.41,203.82,36.843,23.158
354.36,203.87,36.947,23.224
354.13,203.65,37.007,23.261
354.1,203.63,37.04,23.282
354,203.53,37.114,23.329
354.05,203.78,37.031,23.277
354.08,203.67,37.029,23.275
354.09,203.67,37.061,23.295
354.11,203.74,37.012,23.265
354.02,203.55,37.071,23.302
354.09,203.69,36.726,23.085
354.33,203.79,36.829,23.15
354.26,203.94,36.989,23.25
354.16,203.71,36.883,23.184
354.37,203.84,36.84,23.156
354.25,203.93,36.954,23.228
354.07,203.69,36.973,23.24
354.18,203.69,36.959,23.232
354.15,203.69,36.921,23.208
354.07,203.58,36.919,23.206
354.21,203.78,36.806,23.135
354.24,203.87,36.894,23.19
354.28,203.82,37.004,23.26
354.09,203.58,37.007,23.261
354.1,203.65,37.03,23.276
354.11,203.68,37.122,23.334
354.09,203.57,37.067,23.299
354.09,203.74,37.08,23.307
354.08,203.68,36.987,23.249
354.1,203.79,37.03,23.276
354.09,203.73,37.035,23.279
354.12,203.67,37.028,23.275
354.11,203.63,37.08,23.308
354.04,203.74,37.051,23.289
354.3,203.67,36.926,23.211
354.17,203.81,36.789,23.125
354.29,204.05,36.879,23.181
354.14,203.85,37.241,23.408
353.98,203.73,37.181,23.371
353.95,203.61,37.19,23.376
354.04,203.68,37.084,23.31
354.06,203.65,37.075,23.304
354.04,203.56,37.151,23.352
354.14,203.55,37.047,23.287
354.09,203.53,37.051,23.289
354.01,203.48,37.154,23.354
354.19,203.53,37.176,23.368
354.17,203.55,37.231,23.402
354.11,203.62,37.268,23.426
354.13,203.52,37.284,23.435
354.3,203.57,37.137,23.343
354.27,203.59,37.084,23.31
354.44,203.64,36.99,23.251
354.51,203.59,36.985,23.248
354.42,203.69,36.822,23.145
354.78,203.93,36.765,23.109
354.77,203.85,36.751,23.1
354.8,203.95,36.761,23.107
354.83,203.97,36.707,23.073
354.72,203.89,36.904,23.197
354.67,203.92,37.004,23.26
354.53,203.6,36.976,23.242
354.52,203.64,36.938,23.218
354.46,203.54,36.963,23.234
