110.5,244.5,29,61
111.95,244.38,29.11,61.231
111.36,244.2,29.288,61.607
110.93,245.35,29.143,61.302
110.57,246.14,28.863,60.713
109.04,245.18,29.009,61.018
109.19,245.54,29.267,61.562
109.26,246.47,29.297,61.624
109.63,246.77,29.281,61.591
110.32,247.13,29.353,61.742
110.51,246.73,29.374,61.787
109.92,247.02,29.6,62.262
108.36,248.17,29.604,62.271
106.98,248.03,29.802,62.687
106.44,248.32,30.118,63.353
105.06,248.01,30.31,63.757
105.99,249.59,30.199,63.522
105.31,249.39,30.352,63.845
106.16,249.83,30.299,63.733
106.5,250.45,29.998,63.1
105.35,251.24,30.052,63.212
105.2,251.71,30.279,63.691
104.77,251.99,30.093,63.299
104.55,251.81,30.13,63.376
105.35,252.64,30.294,63.722
105.68,252.9,30.358,63.857
106.02,252.41,30.647,64.465
106.3,252.81,30.773,64.73
105.44,253,30.933,65.067
105.44,254.78,31.112,65.442
103.67,254.03,31.105,65.427
102.85,253.69,31.307,65.853
102.54,254.94,31.193,65.612
101.59,255.57,31.23,65.691
101.36,256.61,31.272,65.778
100.04,256.11,31.213,65.655
98.007,256.32,31.279,65.793
97.141,258.22,31.228,65.687
95.153,258.18,31.344,65.929
94.659,258.68,31.683,66.643
93.248,258.7,31.577,66.422
93.453,259.41,31.532,66.326
92.981,259.44,31.589,66.446
93.147,259.79,31.637,66.547
93.621,260.6,31.757,66.799
92.059,259.97,31.759,66.804
91.711,260.9,31.763,66.812
90.619,261.18,31.728,66.737
89.959,261.45,31.767,66.821
90.601,262.56,31.798,66.886
89.949,262.86,31.785,66.858
89.887,262.88,31.761,66.807
89.903,262.94,31.729,66.741
89.354,263.52,31.669,66.613
88.635,265.63,31.729,66.741
86.18,265.13,31.829,66.952
83.983,264.82,31.846,66.987
83.05,265.08,31.654,66.582
82.637,266.56,31.783,66.854
82.543,267.43,31.915,67.131
82.026,266.83,32.108,67.538
81.487,266.72,31.964,67.235
80.465,267.97,32.121,67.565
79.354,269,31.973,67.254
78.514,270.37,31.973,67.253
78.018,269.5,32.086,67.492
77.14,269.78,32.142,67.608
76.622,269.71,32.351,68.049
77.518,270.49,32.203,67.737
77.413,271.66,32.174,67.677
76.407,273.03,32.107,67.535
85.519,273.71,32.002,67.315
83.666,274.39,31.869,67.036
84.001,274.57,31.86,67.016
84.049,276.45,31.901,67.102
84.6,276.53,31.63,66.532
83.401,277.09,31.323,65.886
69.464,276.4,31.508,66.275
69.568,275.99,31.864,67.024
82.649,278.66,31.702,66.683
82.611,279.02,31.622,66.514
83.835,282.52,31.111,65.44
63.992,279.44,31.786,66.859
63.144,279.46,32.049,67.414
64.828,279.48,32.345,68.036
64.143,279.84,32.505,68.372
63.879,280.37,32.578,68.527
63.54,280.12,32.921,69.248
62.767,280.78,33.314,70.075
61.668,281.09,33.665,70.812
59.96,281.37,33.97,71.454
60.466,281.23,34.259,72.062
60.319,281.65,34.235,72.011
60.475,282.31,34.505,72.58
60.667,282.54,34.666,72.917
60.057,282.26,34.806,73.213
59.692,282.98,34.95,73.516
58.386,284.25,35.054,73.733
56.856,284.01,35.292,74.236
55.303,285.28,35.394,74.449
54.362,284.91,35.421,74.506
54.229,285.75,35.483,74.636
54.137,286.1,35.598,74.878
53.834,286.26,35.648,74.984
53.629,287.41,35.742,75.181
51.253,287.95,35.854,75.417
48.566,288.37,35.994,75.712
47.252,289.03,36.09,75.913
45.777,288.34,36.075,75.881
45.434,290.5,36.131,76
44.274,290.83,36.186,76.114
43.739,290.53,36.168,76.078
43.259,290.24,36.249,76.248
42.211,291.13,36.411,76.588
40.249,293.11,36.503,76.782
38.128,293.16,36.423,76.614
36.596,294.04,36.665,77.123
36.943,294.65,36.73,77.26
36.756,295.21,36.878,77.57
37.48,296.54,37.039,77.91
37.55,296.43,37.161,78.167
37.377,296.44,37.354,78.571
36.928,297.71,37.472,78.82
36.01,298.01,37.536,78.955
36.248,299.06,37.504,78.887
34.631,298.81,37.607,79.104
35.926,300.64,37.838,79.59
36.576,300.5,38.157,80.261
37.907,300.34,38.308,80.578
39.333,301.68,38.335,80.635
38.807,301.27,38.637,81.271
38.159,302.52,38.9,81.824
37.037,303.41,39.007,82.05
36.055,303.95,39.031,82.1
37.455,306.39,39.089,82.222
37.082,305.95,39.195,82.444
38.754,306.3,39.228,82.514
39.307,307.18,39.319,82.705
38.539,308.56,39.44,82.96
37.733,309.42,39.533,83.156
36.912,309.66,39.777,83.669
35.047,309.71,39.796,83.71
34.942,310.53,39.923,83.975
35.834,312.97,40.059,84.262
36.338,313.59,40.325,84.821
36.146,312.98,40.529,85.251
35.92,314.16,40.631,85.466
35.293,315.49,40.695,85.601
34.109,315.38,40.872,85.972
34.037,316.96,40.926,86.086
33.11,316.32,40.958,86.153
33.867,317.34,41.002,86.245
35.057,318.1,41.128,86.51
35.907,318.6,41.372,87.024
36.194,318.74,41.613,87.53
35.378,319.42,41.825,87.977
33.748,320.77,41.988,88.32
31.931,321.71,41.993,88.329
29.994,322.18,42.041,88.431
30.405,324.63,42.19,88.745
28.935,324.88,42.404,89.196
26.834,324.9,42.531,89.462
24.634,326.16,42.766,89.956
21.806,327.96,43.173,90.813
19.323,328.9,43.355,91.194
17.634,329.2,43.378,91.243
16.235,329.83,43.583,91.675
15.047,332.38,43.866,92.269
14.307,332.58,44.035,92.625
13.433,332.58,44.134,92.834
11.297,332.42,44.554,93.716
9.1159,334.54,44.764,94.158
6.0444,335.58,44.907,94.46
3.3482,336.99,44.715,94.056
2.1315,337.45,44.737,94.102
24.621,337.36,45.09,94.844
69.875,336.88,45.233,95.144
102.53,337.07,45.27,95.222
133.86,336.28,45.827,96.396
161.53,338.69,45.934,96.62
158.24,339.48,46.122,97.014
153.66,339.18,46.078,96.923
151.94,340.23,46.012,96.784
149.19,341.15,46.202,97.183
149.24,343.57,46.523,97.859
146.73,343.88,46.9,98.653
143.52,344.55,46.879,98.608
139.44,346.1,46.946,98.748
134.79,347.8,47.075,99.019
129.48,349.53,47.037,98.94
124.61,348.57,46.904,98.66
120.44,349.92,46.896,98.643
116.98,353.99,46.785,98.41
114.01,356.83,46.737,98.31
107.79,362.68,46.418,97.637
102.41,362.47,46.161,97.097
96.433,362.55,45.812,96.362
90.198,365.1,45.716,96.161
98.987,406.88,45.706,96.14
99.189,407.02,45.623,95.965
102.73,410.22,45.589,95.894
82.354,405.88,45.749,96.231
55.789,370.61,45.985,96.727
49.566,369.56,46.171,97.119
66.335,369.77,46.33,97.453
95.73,368.32,46.6,98.021
118.22,369.27,46.858,98.563
141.32,367.89,46.791,98.423
164.7,366.21,46.651,98.128
188.64,368.37,46.714,98.261
211.57,367.32,46.875,98.599
239.98,364.61,46.903,98.659
243.86,371.67,47.013,98.89
237.44,371.92,47.03,98.924
222.54,374.65,46.923,98.701
216.12,375.3,46.987,98.834
201.43,373.14,47.265,99.42
197.15,373.32,47.252,99.392
187.69,375.25,47.186,99.253
177.44,375.44,47.124,99.123
165.2,374.68,47.304,99.501
162.67,374.95,47.374,99.648
149.6,374.46,47.308,99.51
138.4,374.15,47.327,99.55
130.42,373.4,47.165,99.21
121.61,373.23,47.347,99.593
109.95,374.43,47.281,99.452
97.306,383.38,47.447,99.803
83.66,416.45,47.614,100.15
83.159,416.85,47.683,100.3
71.448,374.52,47.5,99.914
64.267,376.47,47.731,100.4
75.373,374.31,47.92,100.8
99.856,372.16,47.978,100.92
123.61,373.75,47.778,100.5
146.91,373.31,47.487,99.886
174.67,372.73,47.384,99.669
199.54,371,47.371,99.642
223.52,370.3,47.304,99.501
249.45,371.47,47.097,99.066
275.22,370.89,47.163,99.204
300.28,370.84,47.308,99.51
311.92,367.79,47.458,99.825
305.18,359.18,47.291,99.474
299.45,361.46,47.107,99.086
290.44,360.37,47.162,99.202
282.81,359.95,47.209,99.302
272.78,360.02,46.947,98.751
264.52,360.33,46.911,98.675
256.44,360.43,47.129,99.134
249.44,359.29,47.205,99.294
242.88,359.86,47.137,99.15
235.8,360.18,47.117,99.108
226.27,360.14,46.905,98.662
218.52,359.6,46.969,98.797
207.99,358,46.649,98.125
200.46,359,46.466,97.74
192.01,359.07,46.433,97.67
186.15,358.65,46.433,97.67
180.25,359.1,46.498,97.805
172.41,358.79,46.626,98.074
164.04,358.93,46.662,98.151
153.35,357.1,46.645,98.115
145.59,357.36,46.748,98.332
138.21,358.52,46.575,97.968
131.21,359.68,46.501,97.813
122.94,359.39,46.74,98.316
137.3,358.34,46.8,98.442
147.33,358.92,46.727,98.288
133.62,360.32,46.764,98.365
130.87,365.28,46.835,98.515
160.83,367.65,46.88,98.611
183.41,367.07,46.807,98.457
214.21,366.54,46.69,98.21
255.66,364.4,46.685,98.2
289.16,361.42,46.583,97.985
325.38,356.68,46.448,97.702
354.3,361.17,46.282,97.353
392.95,355.75,46.451,97.707
421.32,359.75,46.352,97.5
453.33,359.97,46.453,97.711
486.77,359.79,46.465,97.736
520.48,357.62,46.578,97.973
553.95,358.79,46.574,97.965
586.16,363.41,46.676,98.18
605.37,351.87,46.57,97.959
609.1,347.9,46.608,98.038
608.02,346.62,46.46,97.726
606.95,349.73,46.289,97.366
608.4,348.41,46.201,97.182
607.87,346.48,46.114,96.998
605.74,349.43,45.682,96.09
606.58,349.39,45.506,95.719
605.09,351.79,45.207,95.092
603.55,351.78,44.899,94.443
606.14,352.54,44.739,94.107
607.26,351.09,44.822,94.281
606.91,352.49,44.657,93.935
609.09,349.7,44.577,93.766
609.22,350.65,44.55,93.709
608.38,349.01,44.583,93.778
608.16,352.87,44.334,93.254
606.89,349.96,44.218,93.011
606.66,351.92,43.919,92.38
606.57,350.38,43.855,92.246
606.97,351.31,43.727,91.978
607.05,350.94,43.73,91.984
606.74,352.15,43.458,91.412
607.04,351.57,43.333,91.148
607.34,352.43,43.326,91.135
608,352.31,43.36,91.206
607.63,350.77,43.365,91.216
607.82,349.98,43.601,91.712
607.26,350.56,43.606,91.723
608.18,350.59,43.648,91.812
607.85,350.1,43.749,92.024
607.24,349.23,43.788,92.106
606.64,350.11,43.525,91.552
608.15,349.46,43.815,92.162
606.66,379.55,43.687,91.893
607.69,356.33,43.299,91.076
606.21,360.55,43.526,91.554
602.5,414.04,43.535,91.573
603.79,383.21,43.403,91.297
603.27,387.29,43.458,91.412
605.04,386.02,43.384,91.256
603.57,346.82,43.543,91.59
607.25,330.74,43.525,91.553
603.54,371.63,43.564,91.634
605.27,417.3,43.456,91.408
604.18,428.75,43.409,91.309
603.57,444.09,43.546,91.597
611.88,380.06,43.348,91.181
605.05,365.55,43.395,91.278
605.67,366.58,43.66,91.837
606.39,390.05,43.69,91.901
605.49,392.84,43.604,91.72
607.16,391.28,43.691,91.902
607.33,392.06,43.479,91.456
607.36,389.48,43.282,91.041
607.38,389.81,43.365,91.216
606.97,389.47,43.403,91.296
605.97,391.38,43.394,91.277
607.45,390.61,43.475,91.448
606.25,390.75,43.504,91.508
606.29,389.44,43.532,91.566
606.93,392.39,43.571,91.65
608.02,389.27,43.71,91.941
608.22,379.77,43.699,91.919
607.23,392.21,43.54,91.584
608.11,385.59,43.899,92.338
607.88,376.43,44.24,93.056
605.36,384.84,44.336,93.259
602.98,401.89,44.399,93.391
607.25,377.69,44.505,93.615
604.36,402.37,44.576,93.764
603.23,400.32,44.641,93.899
608.48,372.86,44.826,94.29
607.09,373.29,44.918,94.482
606.43,374.53,45.139,94.948
600.89,400.51,45.387,95.469
601.36,399.9,45.404,95.505
603.36,402.45,45.275,95.233
602.98,392.83,45.036,94.731
605.96,373.59,45.078,94.819
602.71,391.46,45.275,95.234
607.6,376.76,45.274,95.233
606.52,372.46,45.262,95.206
607.25,383.12,45.37,95.433
608.34,378.83,45.329,95.346
609.69,372.92,45.164,95
608.1,375.11,45.097,94.859
608.15,376.28,45.017,94.691
607.19,378.67,44.926,94.498
608.54,379.75,44.93,94.507
608.56,374.82,45.001,94.658
608.42,374.15,45.198,95.071
607.02,378.56,44.871,94.383
608.05,379.13,44.678,93.979
607.66,378.02,44.67,93.961
607,380.09,44.351,93.291
607.87,377.53,44.412,93.419
608.39,378.42,44.675,93.971
607.22,379.43,44.27,93.121
608.7,378.59,44.6,93.813
609.24,376.35,45.068,94.799
608.64,376.65,45.027,94.711
608.78,375.63,45.221,95.12
608.52,377.94,45.193,95.061
608.49,379.16,45.015,94.686
608.37,378.15,45.002,94.66
608.4,378.29,44.905,94.456
608.8,378.95,44.698,94.02
609.04,376.76,45.183,95.04
