260.5,89.5,27,28
251.89,91.723,26.875,27.871
245.42,96.166,26.791,27.783
241.95,105.29,26.876,27.872
238.44,116.15,26.855,27.85
234.04,128.01,26.863,27.858
228.94,141.14,27.01,28.011
223.91,155.24,26.969,27.967
219.68,171.19,28.061,29.101
203.58,166.1,28.501,29.557
190.03,158.55,29.382,30.47
189.59,159.88,30.096,31.21
191.28,162.37,30.728,31.866
190.03,162.15,31.625,32.796
190.41,163.45,32.623,33.832
189.46,163.19,33.088,34.313
190.42,165.3,33.706,34.955
192.09,169.41,34.457,35.733
190.03,169.9,35.333,36.642
188.7,172.19,35.82,37.146
188.36,177.41,36.289,37.633
188.36,180.58,36.287,37.631
191.22,183.55,36.362,37.709
191.14,184.55,37.226,38.605
191.94,185.49,37.278,38.658
198.01,187.72,37.654,39.049
193.73,184.41,37.987,39.394
192.36,183.02,38.405,39.828
190.92,181.32,38.587,40.016
190.29,180.34,38.862,40.301
188.57,179.18,38.824,40.262
186.65,178.27,38.744,40.179
183.81,178.33,38.816,40.254
180.48,178.36,39.19,40.641
175.99,178.69,39.421,40.881
170.73,178.91,39.889,41.366
166.14,180.36,40.234,41.724
161.79,182.53,40.426,41.923
160.21,186,40.474,41.973
160.7,189.34,40.694,42.202
162.12,191.48,40.793,42.304
162.77,192.39,40.931,42.447
163.91,193.27,40.85,42.362
165.13,192.85,41.146,42.67
166.19,191.54,41.275,42.803
169.44,191.52,41.656,43.198
168.95,190.87,41.998,43.553
170.36,191.52,42.456,44.029
172.08,192.42,42.648,44.227
173.56,193.36,42.586,44.163
174.6,193.32,42.417,43.988
175.29,193.25,42.576,44.153
174.12,192.27,42.802,44.387
173.26,192.1,43.259,44.861
172.42,192.41,43.671,45.289
171.52,193.57,43.857,45.481
170.84,194.95,43.702,45.32
171.57,196.55,43.775,45.396
172.3,196.88,43.958,45.586
172.49,196.44,43.775,45.396
173.66,196.34,43.737,45.357
174.67,195.61,43.741,45.361
175.43,195.11,43.852,45.476
175.6,194.69,44.094,45.727
175.54,195.46,44.448,46.094
174.71,195.83,44.618,46.27
175.68,197.89,44.813,46.473
174.7,199.09,44.961,46.627
174.12,200.59,45.174,46.847
173.55,201.36,45.323,47.002
173.56,201.78,45.247,46.922
173.73,201.98,45.203,46.877
174.15,201.4,45.605,47.294
177.03,201.31,45.876,47.575
181,201.32,46.046,47.751
184.91,201.19,45.871,47.569
188.95,201.68,45.969,47.672
192.83,202.3,46.091,47.798
196.03,202.09,46.221,47.933
198.93,201.66,46.297,48.012
202.23,201.81,46.413,48.132
205.63,201.41,46.793,48.527
209.2,200.85,46.688,48.417
212.76,200.06,46.417,48.136
217.98,200.35,46.263,47.977
222.15,199.13,46.229,47.941
225.56,198.43,46.603,48.329
229.37,198.42,46.313,48.028
233.31,198.46,46.173,47.883
236.41,198.2,46.054,47.76
239.84,198.45,46.442,48.162
243.1,199.4,46.204,47.916
246.52,199.55,45.907,47.607
249.94,200.18,46.079,47.786
253.42,200.41,46.491,48.212
254.57,200.78,46.598,48.324
255.5,200.37,46.439,48.159
257,200.39,46.37,48.087
257.84,200.31,46.241,47.954
258,200.21,46.132,47.841
258.11,200.91,46.194,47.905
257.03,201.54,46.373,48.09
256.37,203.05,46.368,48.086
256.01,204.25,46.184,47.894
255.91,205.56,45.733,47.427
256.28,206.98,45.727,47.421
256.56,208.48,45.443,47.126
257.31,210.3,45.706,47.399
257.16,210.99,45.812,47.509
257.49,211.98,45.906,47.606
257.94,213.03,46.068,47.775
257.52,213.67,46.383,48.101
257.26,214.25,46.828,48.563
256.84,215.23,46.621,48.348
256.37,215.56,46.712,48.442
256.02,216.36,46.795,48.528
256.08,217.87,46.567,48.292
256.03,218.7,46.377,48.095
255.49,219,46.307,48.022
254.33,219.14,46.158,47.868
248.18,219.84,46.032,47.737
242.7,219.25,46.002,47.705
241.93,218.09,46.095,47.802
242.5,216.28,45.975,47.677
242.61,214.36,46.049,47.754
241.41,211.53,46.322,48.037
241.57,210.66,45.825,47.523
244.67,207.86,45.391,47.072
250.03,205.63,45.274,46.95
252.49,206.58,45.16,46.833
254.88,207.16,45.013,46.681
256.34,205.91,45.657,47.348
255.74,203.52,45.887,47.587
254.69,201.31,46.096,47.803
254.57,199.71,46.194,47.905
253.68,195.15,46.127,47.835
252.69,192.61,45.71,47.403
251.83,190.94,45.699,47.391
249.55,189.75,45.821,47.518
249.71,195.73,45.401,47.083
250.87,200.88,45.318,46.997
250.9,202.84,45.079,46.748
251.49,205.05,45.101,46.771
252.7,206.84,45.195,46.868
254.36,209.1,45.029,46.697
257,213.25,45.213,46.887
259.61,216.9,44.979,46.645
263.2,220.77,44.892,46.554
264.34,221.81,44.642,46.295
266.01,222.75,44.955,46.62
265.77,221.07,45.381,47.062
264.91,218.67,45.479,47.163
263.07,216.8,45.609,47.298
258.92,215.62,45.582,47.27
256.11,215.74,45.596,47.285
253.66,216.77,45.444,47.127
252.94,220,45.703,47.395
251.1,223.18,45.408,47.09
251.6,227.07,44.827,46.487
254.09,228.99,44.398,46.042
257.19,229.64,44.657,46.311
259.33,228.8,44.796,46.455
258.23,225.91,44.892,46.554
256.63,222.11,45.188,46.862
255.6,220.13,45.65,47.341
255.84,219.86,45.515,47.201
259.55,220.96,45.315,46.993
261.76,221.66,45.279,46.956
262.6,222.54,45.182,46.856
262.07,223.59,45.291,46.969
259.3,224.45,45.202,46.877
257.93,225.38,45.319,46.997
256.5,226.71,45.248,46.924
900.36,294.02,45.283,46.96
898.49,304.56,45.461,47.145
896.25,305.77,46.04,47.746
889.91,296.56,46.171,47.881
884.37,306.03,46.477,48.199
882.9,306.4,47.111,48.856
877.99,306.42,47.063,48.806
877.43,307.97,46.939,48.677
876.1,309.06,46.927,48.665
874.85,309.74,47.091,48.835
873.11,309.09,46.768,48.5
870.72,308.64,46.578,48.304
868.94,308.16,46.176,47.886
866.8,307.22,45.922,47.623
865.5,306.87,46.117,47.825
863.6,306.18,46.146,47.855
860.22,306.08,46.257,47.971
858.19,305.55,46.565,48.29
856.85,305.97,46.729,48.46
855.92,307.63,47.042,48.784
854.66,309.58,47.373,49.127
853.43,313.12,47.951,49.727
852.18,316.52,48.191,49.976
852.02,320.71,48.273,50.061
851.62,323.67,48.347,50.137
849.83,325.31,48.292,50.081
849.18,325.78,48.274,50.062
848.68,325.6,47.83,49.601
848.27,324.37,47.671,49.437
847.93,324.51,47.44,49.197
847.9,326.95,47.732,49.499
849.08,332.77,47.955,49.731
848.81,337.1,48.074,49.855
848.08,340.77,48.201,49.986
847.57,346.17,48.251,50.038
844.95,350.01,48.44,50.234
841.01,353.97,48.347,50.138
835.42,357.59,48.56,50.358
829.57,361.94,48.52,50.318
820.71,364.62,48.202,49.988
814.93,367.72,48.19,49.975
799.69,371.59,47.855,49.628
789.89,374.36,47.879,49.652
777.59,375.76,48.118,49.9
763.22,377.4,48.498,50.295
755.24,376.76,47.986,49.763
746.02,375.31,47.59,49.353
738.91,373.04,47.53,49.29
733.2,370.66,47.388,49.143
728.67,367.88,47.563,49.325
723.64,363.85,47.372,49.127
719.54,359.01,47.51,49.269
716.1,353.81,47.381,49.136
714.88,348.47,47.517,49.277
710.52,344.62,48.366,50.158
712.11,338.45,48.517,50.314
710.91,334.45,48.554,50.352
709.3,334.32,48.517,50.314
709.19,334.08,48.211,49.997
709.59,335.8,48.184,49.968
710.98,338.81,48.267,50.055
712.15,342.86,48.298,50.087
713.82,347.43,48.861,50.671
714.9,350.84,48.805,50.613
716.48,345.07,48.964,50.777
720.14,336.17,48.975,50.789
724.91,327.03,49.497,51.33
730.22,324.28,49.654,51.493
736.27,322.67,49.76,51.603
741.1,320.32,49.803,51.648
747.44,318.66,49.793,51.637
753.07,316.8,50.455,52.324
748.08,312.14,51.028,52.918
738.94,295,50.926,52.812
740.21,311.95,50.707,52.585
736.62,315.12,50.35,52.214
732.89,318.82,49.929,51.778
730.11,320.74,50.194,52.053
726.14,321.37,50.119,51.976
721.07,318.92,50.275,52.137
715.99,315.34,50.322,52.186
709.46,312.45,50.135,51.992
702.65,310.02,50.019,51.872
694.88,308.38,50.765,52.645
686.23,307.21,50.593,52.467
677.21,305.5,50.541,52.413
670.64,303.8,50.803,52.684
668.99,300.46,51.013,52.902
669.79,296.31,51.403,53.306
668.7,293.43,51.639,53.551
655.66,291.73,52.045,53.973
642.9,292.29,51.741,53.657
642.87,292.19,51.836,53.756
642.57,291.99,51.951,53.875
642.64,291.61,52.013,53.939
642.93,291.42,51.764,53.681
643.03,291.12,52.05,53.978
642.58,290.16,52.187,54.12
641,289.26,51.998,53.924
638.92,287.12,51.958,53.883
638.24,286.39,51.606,53.518
638.79,287.73,51.94,53.863
641.91,292.57,52.295,54.232
646.88,298.6,51.597,53.508
652.47,304.44,51.445,53.35
658.3,310.05,51.78,53.698
663.86,313.23,51.881,53.802
668.58,315.33,51.69,53.605
673.98,316.74,51.995,53.92
679.01,318.26,51.776,53.694
684.92,319.53,51.806,53.725
691.09,321.55,51.76,53.677
697.77,325.66,51.633,53.545
703.72,329.55,51.381,53.284
708.74,332.54,51.143,53.037
711.62,333.54,50.904,52.789
713.1,332.14,50.628,52.503
713.54,329.39,50.383,52.249
715.65,328.43,50.092,51.947
717.83,328.95,49.873,51.72
719.32,330.07,49.991,51.843
720.83,331.32,49.888,51.735
720.38,330.88,50.015,51.868
720.08,330.3,49.937,51.786
719.89,328.99,50.042,51.895
720.39,328.6,50.283,52.146
721.75,328.6,50.287,52.149
723.76,329.42,50.186,52.045
727.49,329.52,50.336,52.2
733.34,329.32,49.94,51.79
738.67,329.61,49.725,51.567
743.04,329.58,49.673,51.513
747.39,329.37,49.647,51.485
752.83,330.06,49.602,51.439
758.59,331.14,49.582,51.418
764.41,333.1,49.373,51.202
769.93,335.27,49.051,50.867
774.88,337.79,48.688,50.492
779.04,339.38,48.27,50.057
782.64,340.33,48.056,49.836
786.3,340.57,47.802,49.573
791.57,341.23,47.588,49.35
795.42,341.11,47.556,49.318
799.48,341.76,47.793,49.563
802.32,341.34,47.518,49.278
804.51,338.05,47.633,49.397
807.16,334.6,47.247,48.997
811.72,331.2,47.149,48.895
816.55,328.66,46.75,48.481
821.27,328.19,46.35,48.067
825.15,329.08,46.091,47.798
830.49,330.54,45.815,47.512
835.47,333.01,45.661,47.352
838.75,337.16,45.492,47.177
840.44,341.12,45.469,47.153
840.55,344.18,45.397,47.078
840.29,346.99,45.464,47.148
839.8,349.34,45.379,47.06
838.01,350.43,45.399,47.081
836.53,350.19,45.39,47.071
846.51,349.06,45.411,47.092
857.37,347.52,45.359,47.039
868.5,344.63,45.126,46.797
882.06,343.6,45.082,46.752
885.45,342.35,45.149,46.821
889.09,342.98,44.929,46.593
894.11,344.38,44.535,46.184
898.98,346.28,44.307,45.948
903.77,347.55,44.09,45.723
908.98,349.85,44.058,45.69
913.27,352.12,43.998,45.628
916.94,353.34,43.843,45.467
920.54,354.54,43.833,45.456
923.51,354.78,44.017,45.647
926.22,354.42,43.874,45.499
928.38,352.63,43.736,45.356
931.46,350.85,44.245,45.883
934.52,349.22,44.078,45.711
936.73,348.24,44.114,45.748
905.46,363.28,44.166,45.802
905.97,363.15,44.326,45.967
906.57,362.75,44.567,46.217
908.97,363.71,44.865,46.527
911.27,363.5,45.285,46.963
912.42,361.7,45.55,47.238
874.94,368.42,45.897,47.597
870.95,368.77,45.771,47.466
861.67,368.46,45.433,47.116
861.02,368.74,45.042,46.711
859.07,369.74,44.451,46.098
856.96,370.25,44.087,45.72
855.72,371.33,43.83,45.453
850.58,371.34,43.61,45.225
847.92,371.65,43.339,44.944
845.18,371.57,42.962,44.553
841.5,371.86,42.684,44.265
837.9,373.3,42.451,44.023
834.45,372.84,42.117,43.677
831.83,373.09,41.907,43.459
826.16,373.44,41.42,42.954
824.44,375.09,41.001,42.519
823.1,377.27,40.824,42.335
818.53,378.39,40.602,42.106
818.54,381.51,40.837,42.349
793.54,343.99,41.746,43.293
795.76,344.24,42.164,43.726
796.67,343.35,42.732,44.314
797.91,342.99,43.417,45.025
798.16,341.29,43.726,45.345
798.64,340.65,44.228,45.866
798.69,339.71,44.568,46.218
798.85,340.02,44.786,46.445
798.22,340.6,44.989,46.656
798.75,343,44.929,46.593
799,345.51,45.041,46.709
799.49,347.63,45.508,47.193
800.62,348.67,45.856,47.555
806.08,349.2,45.993,47.697
812.01,349.88,46.269,47.983
818.23,349.69,46.121,47.83
823.67,350.26,45.927,47.628
830.02,350.67,45.784,47.479
835.26,350.73,45.72,47.414
841.3,352.44,45.351,47.03
841.91,355.3,44.846,46.507
840.58,357.26,44.611,46.263
839.7,358.12,44.442,46.088
838.08,358.2,43.998,45.627
836.78,357.02,43.905,45.531
835.18,355.47,43.625,45.241
833.37,354.93,43.587,45.201
830.76,354.65,43.437,45.046
826.76,355.33,43.31,44.914
822.39,356.85,43.178,44.777
816.49,356.99,43.417,45.025
809.62,356.65,43.25,44.852
801.81,357.09,43.252,44.854
793.9,356.63,43.283,44.886
785.59,355.47,43.257,44.859
777.59,354.28,43.441,45.05
770.43,352.62,43.259,44.861
764.01,352.13,43.097,44.693
756.66,350.81,42.953,44.544
749.82,349.17,42.676,44.256
743.56,347.34,43.095,44.691
737.27,345.34,43.248,44.85
732.17,344.48,43.431,45.04
727.38,344.1,43.4,45.007
723.7,344.81,43.134,44.732
719.92,346.85,42.98,44.572
715.41,347.52,42.922,44.511
710.93,348.01,42.76,44.344
705.08,347.31,42.849,44.436
698.27,345.78,42.913,44.503
692.39,344.32,42.716,44.299
687.31,344.35,42.54,44.115
681.06,343.96,42.556,44.132
674.3,343.92,42.543,44.118
666.48,343.94,42.576,44.153
658.66,344.56,42.64,44.22
651.06,346.27,42.588,44.165
643.06,347.61,42.675,44.255
635.25,348.37,42.518,44.092
625.66,346.83,42.759,44.343
616.84,344.33,43.064,44.659
607.14,340.91,42.985,44.577
598.38,337.53,43.172,44.771
591.69,333.97,43.345,44.951
582.32,332.25,43.556,45.169
580.59,332.76,43.817,45.439
579.97,332.2,43.836,45.459
579.66,332.36,43.82,45.443
579.19,332.5,43.808,45.43
578.37,332.94,43.614,45.23
578.89,334.68,43.464,45.074
578.19,333.91,43.46,45.069
557.27,335.71,43.196,44.796
557.35,336.23,43.16,44.759
554.79,337.17,42.938,44.528
564.78,340.22,42.742,44.325
553.46,339.67,43.384,44.991
553.44,338.62,43.659,45.276
554.67,338.45,44.149,45.784
554.24,338.68,44.541,46.19
554.1,338.73,44.761,46.419
552.23,338.67,44.895,46.558
551.72,338.76,44.932,46.596
551.01,339.18,44.924,46.588
555.81,342.54,45.414,47.096
555.54,342.69,45.921,47.622
551.69,342.95,46.304,48.019
549.95,343.08,46.258,47.971
550.11,343.25,46.776,48.509
550,343.13,47.003,48.744
546.52,344.16,46.74,48.471
547.13,344.27,46.596,48.321
546.61,344.21,46.848,48.583
546.29,344.39,46.495,48.217
545.4,344.9,46.553,48.277
545.53,344.72,46.687,48.416
545.94,344.54,46.641,48.369
545.47,344.74,46.594,48.319
545.22,344.98,46.617,48.343
544.86,345.16,46.679,48.408
544.62,345.23,46.494,48.216
543.39,345.6,46.708,48.438
542.79,345.78,46.638,48.365
542.42,345.78,46.548,48.272
542.83,346.14,46.47,48.191
542.07,346.51,46.778,48.511
542.07,346.18,47.014,48.755
541.52,346.88,46.975,48.715
540.99,347.24,47.16,48.906
540.37,347.1,47.28,49.031
540.24,347.32,47.22,48.969
540.57,347.27,47.187,48.935
540.64,347.35,46.556,48.28
542.85,346.92,45.876,47.575
541.55,347.28,45.518,47.203
541.62,347.85,44.944,46.608
541.42,348.05,44.442,46.089
541.36,347.98,44.045,45.677
542.18,350.6,44.134,45.768
543.49,352.76,44.34,45.982
542.92,355.69,44.467,46.114
543.26,356.54,44.577,46.228
542.3,357.73,44.846,46.507
542.59,357,45.082,46.752
542.69,356.85,45.345,47.025
540.95,352.84,45.462,47.146
540.85,352.67,45.863,47.562
539.66,351.2,45.869,47.568
539.59,351.48,46.01,47.715
539.89,352.21,46.14,47.849
538.86,352.68,46.227,47.939
539.53,352.53,46.376,48.094
540.15,353.28,46.993,48.734
539.53,352.57,47.15,48.896
538.96,352.89,47.362,49.116
538.6,352.59,47.489,49.248
537.72,352.32,47.589,49.351
537.66,352.1,47.873,49.646
537.74,352.36,48.039,49.818
537.51,352.44,48.394,50.187
537.48,352.66,48.287,50.076
537.84,352.61,48.3,50.088
537.62,353.13,48.182,49.967
537.12,353.05,48.224,50.01
537.06,353.7,48.629,50.43
537.14,352.53,48.46,50.254
537.22,352.8,47.43,49.186
536.97,353.22,47.82,49.591
537.71,354.38,48.56,50.359
538.03,353.32,48.709,50.513
539.11,353.57,48.662,50.464
538.61,354.22,48.184,49.968
538.71,354.62,47.717,49.484
538.29,354.9,47.382,49.137
537.52,355.39,47.65,49.415
538.08,354.94,47.918,49.692
537.67,354.67,47.588,49.351
537.32,354.57,47.444,49.201
537.42,354.88,47.422,49.178
537.01,354.35,47.597,49.36
536.64,353.86,46.858,48.593
537.7,354.32,46.538,48.261
537.18,353.76,46.564,48.288
537.36,353.48,45.995,47.699
537.61,353.79,46.575,48.3
537.79,353.38,46.829,48.564
538.51,353.43,47.221,48.97
538.52,353.13,46.823,48.557
538.58,352.68,46.888,48.625
538.36,352.08,47.118,48.863
537.41,351.22,47.174,48.922
539,351.92,46.748,48.479
538.84,352.94,46.822,48.556
540.2,353.01,46.478,48.2
541.32,353.25,46.039,47.745
541.14,353.39,46.82,48.554
540.26,353.37,46.364,48.081
541.06,352.35,46.68,48.409
540.51,352.96,46.852,48.588
539.78,352.14,46.185,47.895
539.62,351.56,46.292,48.007
539.49,351.91,46.325,48.041
539.19,352.24,46.877,48.613
538.68,352.37,47.011,48.752
537.39,352.38,47.205,48.954
537.49,352.91,47.356,49.11
536.66,350.62,48.096,49.878
535.15,348.28,47.829,49.601
533.08,344.36,47.806,49.577
531.89,339.91,47.273,49.024
531.28,334.01,47.052,48.795
531.46,327.32,46.758,48.49
532.57,327.57,46.363,48.08
534.9,328.51,46.35,48.066
537.54,331.47,46.406,48.125
540.35,335.27,46.302,48.017
542.9,338.6,46.342,48.058
543.11,338.7,46.592,48.318
544.06,339.1,46.158,47.867
545.18,339.7,45.753,47.448
545.81,340.25,45.987,47.69
544.22,339.92,46.477,48.199
540.24,337.97,46.544,48.268
535.07,335.67,46.834,48.569
531.2,334.23,46.676,48.404
525.53,333.6,46.808,48.542
519.68,339.2,46.871,48.607
522.28,345.86,46.852,48.587
528.72,352.12,47.15,48.897
536.15,356.22,47.311,49.063
541.92,357.41,47.122,48.867
544.66,349.42,47.339,49.092
543.24,342.63,47.596,49.359
553.08,330.21,47.791,49.561
527.57,326.65,47.683,49.45
503.24,322.95,48.197,49.982
479.85,318.11,48.159,49.943
459.28,315.98,47.999,49.777
435.29,311.15,47.839,49.611
408.06,308.18,47.946,49.721
381.84,313.58,48.048,49.828
362.86,318.75,47.898,49.672
345.66,315.44,47.837,49.608
399.31,308.26,47.438,49.194
387.76,306.78,47.157,48.904
372.93,305.81,46.855,48.59
357.27,306.38,46.724,48.454
341.72,307.78,46.188,47.899
329.66,302.45,46.042,47.747
324.76,298.42,46.398,48.117
321.17,300.17,46.335,48.051
281.49,302.19,45.757,47.452
281.33,305.92,45.514,47.2
287.93,308.82,45.173,46.846
275.26,302.16,44.756,46.414
271.54,302.29,44.765,46.423
275.28,295.43,44.631,46.284
275.59,294.23,44.714,46.371
278.7,294.3,44.739,46.396
287.97,298.32,44.715,46.371
290.33,300.94,44.613,46.266
291.55,301.56,44.46,46.106
291.3,300.72,44.147,45.782
292.24,298.85,44.005,45.635
291,294.1,43.859,45.484
291.14,290.95,43.824,45.447
285.93,288.11,43.802,45.424
281.27,285.09,43.812,45.435
278.43,283.02,43.765,45.386
274.39,282.74,43.63,45.245
271.48,284.37,43.807,45.429
265.17,282.84,43.584,45.198
262.4,284.5,43.423,45.031
259.11,284.42,43.296,44.9
258.42,287.58,43.089,44.685
256.95,290.27,42.794,44.379
259.73,294.5,42.648,44.228
261.77,307.03,42.576,44.153
261.55,307.38,42.869,44.457
256.61,305.48,42.569,44.146
256.98,305.02,42.523,44.098
257.29,304.92,42.656,44.236
257.83,306.35,42.823,44.409
258.76,309.07,42.982,44.574
260.04,311.13,43.17,44.769
262.3,313.56,43.3,44.904
263.45,314.57,43.367,44.974
265.93,313.59,43.309,44.914
267.08,312.22,43.572,45.186
267.4,309.64,43.548,45.161
267.6,307.01,43.762,45.383
269.2,306.14,43.974,45.602
270.03,304.69,44.191,45.828
272.6,305.48,44.478,46.125
273.91,306,44.56,46.211
276.76,307.28,44.52,46.169
278.21,307.81,44.56,46.21
280.73,308.17,44.43,46.075
282.48,307.07,44.099,45.732
284.89,307.17,43.934,45.561
286.34,306.27,43.772,45.393
289.48,307.1,43.817,45.44
292.65,306.87,43.737,45.357
298.89,306.95,43.675,45.293
302.79,305.6,43.537,45.15
305.01,303.74,43.296,44.899
307.28,302.21,43.236,44.837
309.87,301.37,43.24,44.842
312.8,301.21,43.516,45.127
315.2,301.71,43.624,45.24
318.07,303.52,43.711,45.33
319.57,304.66,43.737,45.357
319.9,304.67,43.62,45.236
320.59,303.9,43.492,45.103
320.25,300.64,43.387,44.994
319.78,297.62,43.276,44.879
319.67,295.71,43.453,45.062
318.06,293.74,43.429,45.037
316.9,293.15,43.436,45.044
314.86,294.41,43.153,44.751
312.92,296.16,43.053,44.648
310.9,296.26,42.729,44.311
310.34,296.7,42.75,44.333
308.87,296.9,42.713,44.295
307.58,296.02,42.823,44.409
307.4,294.31,42.91,44.499
307.32,292.99,42.788,44.372
308.36,292.94,42.7,44.282
308.68,292.6,42.663,44.243
309.34,293.34,42.682,44.263
310.4,294.74,42.863,44.45
310.69,295.43,42.9,44.489
311.15,295.85,42.66,44.24
312.22,296.1,42.735,44.318
312.69,295.44,42.89,44.479
313.04,294.32,42.958,44.549
314.41,294.07,42.861,44.449
316.04,294.22,42.945,44.536
317.28,295.59,42.92,44.51
319.05,297.61,42.961,44.553
320.63,300.34,42.643,44.222
322.91,302.32,42.498,44.072
324.23,303.95,42.365,43.934
326,305.27,42.458,44.031
326.91,305.14,42.553,44.129
328.36,303.77,42.74,44.323
330.23,301.88,43.014,44.608
330.75,299.05,43.046,44.64
330.97,296.45,43.353,44.959
331.07,294.67,43.476,45.086
331.82,293.66,43.666,45.283
332.84,294.11,43.954,45.582
333.05,294.79,43.656,45.273
333.92,296.44,43.665,45.282
334.89,297.72,43.688,45.306
335.61,298.24,43.891,45.516
336.56,298.21,43.579,45.193
338.31,298.63,43.678,45.296
339.6,298.71,43.58,45.194
341.33,298.87,43.762,45.382
343.45,299.39,43.659,45.276
344.99,300,43.81,45.433
346.05,299.95,43.763,45.384
347.46,300.63,43.595,45.21
347.93,299.67,43.65,45.267
348.19,298.4,43.735,45.354
348.64,297.83,43.871,45.496
348.92,297.13,43.923,45.55
350.15,297.37,43.845,45.469
351.46,297.73,43.918,45.544
353.12,298.16,43.775,45.397
355.02,298.91,43.981,45.61
355.98,298.52,43.834,45.457
357.08,298.6,43.898,45.524
358.33,299,43.867,45.492
359.59,299.95,43.918,45.544
360.68,301.25,43.924,45.55
361.96,303.26,43.974,45.602
363.63,305.74,43.777,45.399
374.35,308.06,43.864,45.488
383.12,308.9,43.753,45.373
393.15,309.82,43.579,45.193
392.58,309.92,43.413,45.021
390.94,309.56,43.067,44.662
389.88,310.02,42.887,44.475
388.47,310.47,42.948,44.539
385.97,310.56,42.894,44.483
383.28,309.88,43.091,44.687
381.49,309.02,43.032,44.626
379.7,308.61,42.907,44.496
378.12,308.28,43.099,44.696
377.3,308.56,43.198,44.798
379.02,308.69,43.256,44.858
380.62,308.33,43.434,45.043
381.83,307.93,43.488,45.099
383.5,308.42,43.345,44.95
385.26,308.4,43.353,44.958
387.03,308.51,43.294,44.898
389.37,309.26,43.464,45.074
389.66,310.42,43.368,44.975
388.4,313.9,42.833,44.419
388.79,318.5,42.76,44.344
389.21,321.18,42.524,44.099
388.92,321.56,42.481,44.055
389.19,321.13,42.449,44.021
387.71,319.13,42.585,44.162
386.96,317.53,42.712,44.294
387.33,317.79,42.911,44.5
387.14,317.51,42.902,44.491
387.06,319.13,42.773,44.357
386.89,321.29,42.755,44.339
385.89,322.65,42.642,44.221
384.42,323.82,42.799,44.384
383.55,326.15,42.816,44.401
382.52,327.9,42.965,44.557
381.77,328.43,42.79,44.374
382.35,329.29,43.09,44.686
382.77,327.46,43.136,44.734
383.59,325.87,43.176,44.775
383.89,324.23,43.207,44.807
384.41,323.61,43.189,44.789
385.24,323.91,43.193,44.793
386.26,324.98,43.553,45.166
386.81,326.62,43.304,44.908
386.64,328.46,43.476,45.087
385.47,329.04,43.242,44.843
384.91,330.11,43.427,45.036
383.74,329.87,43.21,44.81
383.62,329.99,43.199,44.799
382.78,328.77,43.503,45.114
382.18,327.67,43.51,45.121
382.17,327.21,43.555,45.169
382.56,327.12,43.552,45.165
382.41,326.95,43.535,45.147
382.85,327.29,43.493,45.104
384.64,328.37,43.306,44.909
387.26,329.37,43.34,44.945
388.88,329.14,42.91,44.499
390.15,328.34,42.559,44.135
390.93,326.51,42.479,44.053
392.1,323.92,42.293,43.859
393.93,321.85,42.513,44.088
394.54,319.57,42.507,44.081
395.81,318.81,42.366,43.935
397.87,319.75,42.511,44.086
400.28,321.73,42.149,43.71
403.55,325.04,42.159,43.72
407.3,327.96,42.234,43.799
411.43,330.56,42.217,43.78
414.68,331.83,42.38,43.95
418.65,332.45,42.284,43.85
423.27,332.99,42.297,43.863
427.58,333.53,42.258,43.824
431.51,334.5,42.242,43.806
435.26,335.46,42.147,43.708
438.32,336.58,41.903,43.455
440.35,337.97,41.993,43.548
441.73,338.62,41.842,43.392
443.29,339.43,42.014,43.57
443.61,338.64,42.009,43.565
443.85,337.55,41.89,43.441
443.94,337.53,42.079,43.637
443.4,336.87,42.285,43.851
444.59,337.67,42.461,44.034
445.18,337.98,42.287,43.853
446.14,338.9,42.398,43.968
446.3,338.7,42.545,44.12
446.24,337.79,42.719,44.302
446.93,338,42.765,44.349
447.26,337.8,43.002,44.594
447.04,338.12,42.917,44.507
448.57,339.87,42.68,44.261
451.48,343.21,42.781,44.365
455.65,344.22,42.56,44.137
459.22,344.06,42.206,43.769
463.71,345.23,41.992,43.548
467.96,346.84,41.97,43.524
472.03,349.15,41.975,43.53
475.35,350.27,41.801,43.349
479.53,352.89,42.085,43.644
484.86,354.66,42.173,43.735
490.46,356.82,42.362,43.931
486.38,353.31,42.108,43.668
480.68,345,42.107,43.666
476.21,336.35,41.91,43.463
476.29,330.37,41.937,43.49
477.64,322.6,42.072,43.631
477.51,313.57,41.887,43.438
469.98,300.49,42.12,43.68
461.5,285.7,41.851,43.401
465.86,274.21,42.093,43.652
468.98,263.84,42.16,43.721
