492.5,351.5,18,41
493.46,350.9,18.084,41.191
492.39,350.76,18.214,41.488
493.88,350.72,18.25,41.569
494.34,350.64,18.315,41.718
494.58,349.59,18.195,41.444
492.09,349.35,18.124,41.283
492.6,349.99,18.01,41.024
493.7,350.66,17.79,40.521
493.77,351.62,17.457,39.764
491.8,351.39,17.402,39.638
491.72,351.9,17.423,39.687
491.51,352.15,17.481,39.817
491.33,352.35,17.458,39.765
491.76,352.59,17.486,39.829
490.88,352.52,17.441,39.727
490.3,352.45,17.431,39.705
490.8,352.52,17.629,40.155
490.45,352.7,17.806,40.557
489.6,352.74,17.793,40.528
488.65,352.26,17.613,40.119
487.64,352.12,17.729,40.382
486.67,351.09,17.647,40.195
486.37,350.66,17.559,39.995
486.88,350.36,17.242,39.274
485.97,349.87,17.119,38.994
484.94,349.53,17.099,38.947
484.14,349.28,17.065,38.871
483.62,349.05,17.268,39.332
483.21,350.48,17.577,40.037
481.9,349.83,17.579,40.041
482.32,349.62,17.63,40.157
482.65,349.86,17.711,40.342
481.97,349.58,17.811,40.569
482.73,349.52,17.544,39.962
482.14,349.18,17.354,39.53
481.34,349.45,17.272,39.342
481.63,349.24,17.267,39.329
481.82,349.76,17.205,39.189
482.41,349.44,17.172,39.114
481.09,348.94,17.025,38.779
481.79,348.94,16.95,38.608
481.68,348.14,17.009,38.743
482.14,348.31,17.159,39.083
482.38,348.36,17.243,39.275
482.53,347.88,17.132,39.024
482.8,347.46,17.075,38.893
483.33,347.69,16.987,38.693
483.2,347.88,16.911,38.519
483.53,348.2,16.943,38.593
482.98,347.8,16.909,38.514
483.02,347.81,16.902,38.5
482.84,347.69,16.84,38.357
482.8,347.25,16.788,38.24
483.06,348.27,16.889,38.47
482.75,347.61,16.951,38.612
483.01,347.46,17.054,38.844
483.21,347.91,17.175,39.122
482.31,347.56,17.204,39.186
483.33,348.25,17.342,39.501
482.62,348.41,17.34,39.497
482.49,347.99,17.469,39.791
481.81,347.61,17.532,39.934
481.82,347.86,17.608,40.107
482.67,348.4,17.652,40.207
481.63,348.1,17.722,40.366
481.66,348.13,17.74,40.409
481.38,348.14,17.815,40.578
481.39,347.84,17.831,40.615
481.61,347.75,17.777,40.491
480.67,347.1,17.521,39.91
481.07,347.46,17.378,39.583
481.53,347.59,17.259,39.313
481.95,347.59,17.21,39.201
482.89,347.88,17.228,39.242
482.42,347.34,17.236,39.26
482.83,347.27,17.218,39.219
483.02,347.21,17.227,39.239
482.9,347.25,17.269,39.336
483.35,347.8,17.297,39.4
483.24,347.68,17.423,39.685
482.95,347.6,17.545,39.963
482.38,347.47,17.611,40.115
482.51,347.63,17.615,40.123
483.2,348.46,17.596,40.08
482.16,347.57,17.598,40.084
482.24,348.06,17.56,39.998
482.18,348.39,17.456,39.76
481.79,348.77,17.455,39.758
482.29,349.66,17.424,39.689
481.78,349.38,17.436,39.714
480.92,349.17,17.397,39.628
478.82,348.8,17.393,39.618
478.11,348.75,17.217,39.216
478.46,349.54,17.088,38.924
477.76,349.35,17.126,39.01
477.32,349.3,17.123,39.003
477.05,349.99,17.143,39.047
476.71,350.36,17.097,38.942
477.46,351.54,17.083,38.912
476.22,350.34,17.13,39.017
475.16,349.53,17.093,38.933
475.39,349.8,17.074,38.891
475.49,349.92,17.024,38.777
475.45,350.52,17.103,38.957
474.97,350.43,17.123,39.003
474.68,350.34,17.179,39.131
474.86,350.28,17.191,39.158
474.73,350,17.312,39.433
475.29,350.66,17.417,39.673
474.85,349.94,17.473,39.799
474.64,349.62,17.408,39.652
475.16,349.66,17.332,39.478
475.11,349.71,17.287,39.377
475.35,350.29,17.302,39.411
475.3,349.87,17.447,39.741
474.76,349.37,17.501,39.863
475.27,349.8,17.535,39.94
474.77,349.88,17.506,39.874
474.74,350.05,17.515,39.895
473.83,349.74,17.541,39.954
474.4,349.56,17.484,39.824
474.59,349.84,17.46,39.769
474.35,350.11,17.431,39.705
475.3,351.18,17.403,39.64
475.02,350.9,17.426,39.693
474.78,350.59,17.354,39.528
474.57,350.31,17.314,39.438
474.25,350.06,17.305,39.417
473.89,350.38,17.229,39.245
471.81,350.03,17.188,39.15
470.6,349.75,17.084,38.914
469.59,350.01,16.971,38.656
468.79,350.82,16.867,38.419
468.56,351.28,16.875,38.438
467.34,350.55,16.918,38.535
467.54,350.71,16.888,38.467
467.52,350.37,16.916,38.531
467.35,350.53,16.944,38.594
468.52,351.18,16.962,38.636
467.52,350.82,16.928,38.558
467.53,350.99,16.925,38.552
467.5,351.29,16.957,38.623
467.41,351.2,16.968,38.65
467.52,351.68,16.961,38.633
467.15,351.08,16.866,38.418
466.71,350.98,16.774,38.206
467.15,351.37,16.682,37.997
467.45,351.63,16.684,38.003
468.16,352.5,16.679,37.991
467.5,351.72,16.63,37.879
467.47,351.32,16.559,37.717
467.38,351.3,16.496,37.575
467.46,351.21,16.474,37.525
468.27,351.76,16.454,37.479
467.43,351.46,16.436,37.437
467.41,351.73,16.388,37.328
467.79,352.29,16.349,37.24
467.84,352.45,16.352,37.246
468.35,353.43,16.309,37.148
468.03,352.32,16.217,36.938
467.86,352.08,16.159,36.806
468.14,352.78,16.137,36.756
467.94,353.82,16.137,36.758
467.41,355.58,16.171,36.834
466.64,355.06,16.213,36.929
466.05,354.45,16.298,37.123
466.07,352.83,16.243,36.997
465.72,350.46,16.236,36.983
466.36,350.46,16.275,37.072
465.97,350.04,16.286,37.095
466.07,350.89,16.347,37.234
466,351.48,16.432,37.428
465.8,351.56,16.42,37.4
466.29,351.79,16.427,37.417
465.94,351.08,16.369,37.285
466.2,350.73,16.306,37.142
465.66,350,16.281,37.083
465.55,350.09,16.269,37.058
466.37,350.48,16.26,37.037
465.1,350.23,16.245,37.002
465.15,349.93,16.247,37.006
465.14,349.73,16.26,37.037
465.43,349.83,16.267,37.052
465.88,350.49,16.249,37.012
465.14,349.85,16.268,37.055
465.25,350.05,16.325,37.184
465.19,350,16.366,37.278
465.48,350.28,16.351,37.245
466.34,350.91,16.326,37.187
465.51,350.52,16.34,37.219
465.42,350.55,16.334,37.205
465.35,350.48,16.307,37.143
465.03,350.43,16.26,37.038
465.37,350.48,16.259,37.033
465.03,350.49,16.285,37.094
465.35,350.81,16.322,37.178
465.48,350.98,16.363,37.271
465.44,351.3,16.388,37.329
466.29,351.81,16.415,37.39
465.55,351.44,16.393,37.339
465.69,351.69,16.372,37.291
466.14,351.87,16.416,37.393
465.19,351.59,16.384,37.318
464.82,352.37,16.355,37.252
464.24,351.81,16.354,37.25
464.65,351.78,16.441,37.448
464.74,351.13,16.415,37.391
464.26,350.74,16.481,37.54
463.27,351.25,16.461,37.496
460.82,350.66,16.429,37.421
460.9,350.74,16.383,37.317
460.63,350.92,16.426,37.415
459.98,350.84,16.394,37.343
459.8,351.31,16.41,37.378
458.54,350.92,16.439,37.445
457.68,350.71,16.326,37.188
457.12,350.89,16.282,37.087
456,350.75,16.201,36.902
455.4,351.55,16.202,36.906
455.1,350.86,16.205,36.911
454.91,350.81,16.202,36.905
454.96,350.83,16.17,36.832
455.05,350.65,16.171,36.833
455.43,351.13,16.133,36.747
455.19,350.64,16.118,36.714
455.15,350.47,16.125,36.73
455.21,350.42,16.136,36.754
455.09,350.47,16.128,36.736
455.43,350.62,16.136,36.754
455.13,350.13,16.135,36.752
455.09,350.05,16.129,36.738
455.1,350,16.113,36.703
455.12,349.9,16.117,36.71
455.41,350.08,16.174,36.84
454.66,349.21,16.228,36.965
454.73,349.07,16.272,37.063
454.87,349.23,16.282,37.086
454.88,349.3,16.301,37.131
455.35,349.94,16.299,37.125
454.67,349.74,16.301,37.129
454.62,349.9,16.299,37.124
454.2,349.94,16.267,37.053
453.9,349.9,16.226,36.958
454.38,350.5,16.248,37.009
453.35,349.39,16.265,37.048
453.44,349.47,16.213,36.93
453.33,349.26,16.205,36.91
453.17,349.47,16.238,36.986
453.35,350.43,16.308,37.147
453.18,350.21,16.348,37.237
453.39,350.57,16.35,37.241
453.35,350.68,16.333,37.204
453.33,350.67,16.337,37.211
453.84,351.42,16.318,37.168
452.94,350.41,16.318,37.169
452.94,350.54,16.296,37.12
452.85,350.78,16.309,37.149
452.88,350.85,16.335,37.207
453.79,351.81,16.413,37.386
453.02,351.22,16.408,37.373
453.13,351.49,16.42,37.401
452.85,351.59,16.42,37.401
452.86,351.79,16.461,37.494
453.24,352.18,16.526,37.642
452.5,351.55,16.479,37.535
452.7,351.96,16.5,37.584
452.47,351.88,16.509,37.603
452.47,352.48,16.527,37.645
452.74,353.7,16.51,37.607
452.32,353.97,16.507,37.599
452.34,354.52,16.484,37.546
452.42,355.54,16.466,37.505
452.09,356.19,16.484,37.547
451.76,356.74,16.475,37.527
450.58,356.61,16.481,37.54
449.79,356.49,16.492,37.565
449.33,356.05,16.496,37.574
449.11,355.94,16.517,37.621
449.73,356.66,16.543,37.681
449.07,356.17,16.523,37.635
448.99,356.25,16.486,37.552
448.97,356.38,16.44,37.446
449.16,356.88,16.441,37.45
449.78,357.28,16.435,37.435
449.21,356.88,16.452,37.473
449.18,356.87,16.452,37.475
449.04,356.94,16.456,37.483
448.98,357.04,16.448,37.466
449.28,357.79,16.432,37.428
448.91,357.24,16.412,37.382
449.01,357.4,16.366,37.278
448.75,357.71,16.254,37.024
447.42,357.56,16.246,37.004
446.36,358.47,16.27,37.06
445.17,357.92,16.24,36.992
444.64,357.87,16.214,36.933
444.47,358.01,16.196,36.891
444.44,358.02,16.246,37.004
444.86,358.46,16.276,37.074
444.44,358.15,16.264,37.045
444.37,358.29,16.253,37.02
444.17,358.18,16.287,37.099
444.38,358.52,16.302,37.133
444.83,359.39,16.343,37.226
444.61,359.19,16.342,37.223
444.59,359.18,16.352,37.246
444.54,359.21,16.368,37.282
444.51,359.33,16.349,37.24
445.33,359.88,16.349,37.24
444.63,359.49,16.38,37.309
444.64,359.52,16.367,37.281
444.56,359.65,16.356,37.255
444.51,359.8,16.434,37.433
444.79,360.31,16.413,37.384
444.26,359.99,16.39,37.333
444.3,360.37,16.349,37.24
444.29,360.54,16.331,37.199
444.34,360.84,16.326,37.187
444.83,361.39,16.343,37.225
444.23,361.4,16.364,37.275
443.9,361.79,16.444,37.455
443.74,362.32,16.43,37.423
443.33,362.97,16.465,37.504
443.77,364.25,16.467,37.508
443.32,363.62,16.491,37.563
442.93,363.24,16.536,37.666
442.99,362.95,16.6,37.811
443.25,362.38,16.556,37.712
443.68,361.55,16.635,37.89
443.41,360.63,16.55,37.698
443.43,359.54,16.598,37.806
443.68,358.72,16.608,37.83
443.66,358.33,16.513,37.613
444.28,358.77,16.449,37.467
443.91,358.67,16.361,37.266
444.11,358.89,16.294,37.113
443.82,358.42,16.281,37.085
443.84,358.06,16.341,37.222
444.33,358.39,16.344,37.227
444.1,358.34,16.374,37.297
444.05,358.32,16.365,37.275
444.12,358.32,16.384,37.319
444.1,358.2,16.38,37.31
444.81,358.35,16.378,37.305
444.16,358.2,16.383,37.316
444.12,358.16,16.382,37.315
444.12,358.11,16.373,37.294
444.09,358.12,16.376,37.301
444.31,358.35,16.38,37.309
444.07,358.16,16.381,37.313
444.05,358.13,16.389,37.331
444.08,358.14,16.391,37.336
444.06,358.18,16.39,37.332
444.31,358.33,16.39,37.332
444.09,358.2,16.383,37.316
444.03,358.16,16.397,37.349
444.02,358.1,16.413,37.386
443.88,357.91,16.411,37.381
444.29,358.29,16.425,37.413
443.88,357.86,16.432,37.429
443.85,357.85,16.424,37.41
443.77,357.81,16.445,37.457
443.73,357.83,16.455,37.481
444.27,358.25,16.465,37.504
443.74,357.86,16.455,37.481
443.69,357.85,16.466,37.507
443.62,357.79,16.477,37.53
443.63,357.73,16.493,37.567
443.77,357.76,16.45,37.47
443.58,357.74,16.478,37.533
443.57,357.78,16.423,37.408
443.51,357.82,16.394,37.342
443.69,357.89,16.45,37.47
443.78,358.28,16.437,37.441
443.48,357.79,16.408,37.374
443.68,357.95,16.431,37.426
443.45,357.76,16.462,37.496
443.46,357.75,16.441,37.448
443.8,358.32,16.401,37.359
443.69,357.9,16.449,37.467
443.47,357.8,16.404,37.365
443.61,357.87,16.444,37.455
443.51,357.81,16.399,37.353
444.26,358.24,16.474,37.524
443.39,357.77,16.499,37.58
443.14,357.54,16.396,37.347
443.6,358.03,16.416,37.392
443.38,357.88,16.428,37.42
443.78,358.27,16.442,37.451
443.33,357.95,16.449,37.468
443.36,357.9,16.472,37.519
443.31,357.89,16.486,37.551
442.99,357.58,16.426,37.414
443.77,358.26,16.455,37.48
443.23,357.9,16.456,37.484
443.26,357.86,16.46,37.492
443.26,357.86,16.473,37.522
443.25,357.83,16.47,37.515
443.76,358.23,16.48,37.537
443.11,357.86,16.471,37.518
443.2,357.86,16.451,37.472
443.19,357.86,16.451,37.472
443.19,357.87,16.439,37.445
443.78,358.28,16.436,37.438
443.03,357.93,16.447,37.464
443.09,357.87,16.458,37.489
443.01,357.9,16.451,37.473
443,357.89,16.45,37.468
443.26,358.23,16.477,37.53
442.91,357.9,16.487,37.553
442.59,357.65,16.427,37.417
442.88,358.05,16.433,37.431
442.87,358.06,16.412,37.382
443.8,358.82,16.404,37.364
443.11,358.36,16.421,37.403
442.91,358.15,16.428,37.42
442.88,358.1,16.422,37.406
442.91,358.08,16.431,37.427
443.3,358.32,16.399,37.354
443.22,358.39,16.413,37.386
442.95,358.22,16.426,37.416
442.83,358.1,16.47,37.516
442.73,358.11,16.467,37.508
443.26,358.74,16.47,37.515
442.69,358.09,16.496,37.574
442.41,357.74,16.42,37.401
442.74,358.09,16.438,37.442
442.68,358.1,16.442,37.45
443.28,358.27,16.448,37.465
442.69,358.15,16.439,37.444
442.65,358.18,16.425,37.412
442.65,358.16,16.439,37.444
442.6,358.18,16.423,37.409
443.28,358.79,16.43,37.424
442.54,358.06,16.469,37.513
442.57,358.08,16.48,37.537
442.49,358.02,16.494,37.57
442.28,357.72,16.443,37.453
443.29,358.8,16.424,37.41
442.72,358.08,16.445,37.458
442.67,358.16,16.442,37.451
442.79,358.14,16.447,37.462
442.89,358.18,16.419,37.4
443.27,358.75,16.463,37.499
442.83,358.19,16.461,37.493
442.78,358.21,16.471,37.518
442.75,358.1,16.504,37.593
442.39,357.77,16.56,37.72
442.69,358.57,16.619,37.854
442.62,357.84,16.673,37.979
443.05,358.13,16.674,37.979
442.91,358.03,16.705,38.051
442.97,357.89,16.732,38.111
443.61,357.88,16.788,38.239
442.74,357.32,16.876,38.44
442.67,357.16,16.777,38.215
442.67,357.49,16.814,38.298
442.32,357.15,16.742,38.134
443.6,358.37,16.799,38.264
442.65,357.71,16.807,38.284
442.29,357.31,16.828,38.331
442.26,357.25,16.932,38.568
442.29,357.4,16.948,38.604
442.5,357.65,16.993,38.707
442.36,357.57,17.099,38.947
442.06,357.28,17.148,39.059
441.65,356.96,17.146,39.055
441.74,356.94,17.162,39.091
442.42,357.45,17.168,39.106
441.65,356.91,17.25,39.291
441.93,356.98,17.286,39.373
442.15,357.32,17.323,39.458
442.08,357.3,17.339,39.495
442.32,357.73,17.361,39.546
442.06,356.83,17.451,39.75
441.86,356.58,17.411,39.659
442.3,356.99,17.441,39.726
442.34,356.98,17.478,39.811
442.27,357.6,17.47,39.793
441.94,356.8,17.459,39.767
441.93,356.71,17.486,39.83
442.08,357.01,17.48,39.817
441.99,356.93,17.5,39.861
442.26,357.6,17.476,39.807
441.72,356.94,17.445,39.736
441.92,356.95,17.434,39.712
442.23,357.22,17.415,39.668
444.29,357.06,17.435,39.714
444.8,357.67,17.409,39.654
444.53,357.08,17.385,39.6
444.49,357.11,17.356,39.534
444.54,357.16,17.362,39.546
444.4,357.26,17.373,39.572
444.81,357.71,17.372,39.571
444.44,357.08,17.358,39.537
444.56,357.12,17.343,39.503
444.45,357.24,17.313,39.434
444.52,357.48,17.299,39.403
445.36,358.33,17.273,39.343
444.05,356.99,17.257,39.307
444.18,357.07,17.199,39.176
444.2,357.01,17.157,39.08
444.13,356.98,17.075,38.894
445.49,357.61,17.024,38.778
444.66,357.26,17.016,38.759
444.77,357.39,17.002,38.726
444.75,357.31,16.991,38.701
444.75,357.33,17.001,38.725
445.52,357.67,16.968,38.65
444.59,357.77,16.89,38.472
444.32,357.56,16.85,38.381
444.09,357.56,16.791,38.245
444.35,357.78,16.821,38.314
444.59,357.85,16.813,38.296
443.89,357.49,16.808,38.284
443.87,357.44,16.802,38.272
444.1,357.89,16.778,38.217
444.12,357.92,16.758,38.171
444.62,358.41,16.758,38.17
444.1,357.9,16.76,38.176
444.03,357.84,16.766,38.19
444.06,357.82,16.762,38.18
444.12,357.88,16.736,38.121
444.64,358.45,16.726,38.098
444.06,357.97,16.682,37.998
444.29,358.01,16.706,38.053
444.23,357.97,16.717,38.078
444.16,357.96,16.736,38.121
444.63,358.43,16.748,38.148
443.95,357.81,16.755,38.164
443.95,357.83,16.759,38.174
443.94,357.82,16.744,38.14
443.93,357.8,16.745,38.141
444.62,358.42,16.753,38.16
444.05,357.75,16.746,38.144
444.02,357.88,16.75,38.153
443.97,357.93,16.784,38.23
443.94,358.01,16.78,38.222
444.61,358.39,16.782,38.226
443.99,357.75,16.76,38.177
443.94,357.78,16.739,38.129
443.95,357.9,16.723,38.091
443.93,358.02,16.701,38.042
444.63,358.44,16.733,38.114
444.04,357.21,16.724,38.094
444.07,357.09,16.725,38.095
444.16,357.5,16.648,37.921
444.3,358.02,16.637,37.896
444.69,358.57,16.618,37.852
443.9,357.45,16.657,37.94
444.3,357.31,16.745,38.143
444.11,357.5,16.719,38.082
444.1,357.98,16.629,37.876
444.72,358.65,16.553,37.705
443.93,358.59,16.54,37.674
443.86,358.77,16.588,37.784
444.09,358.86,16.673,37.977
444.16,359.4,16.787,38.237
444.13,360.43,16.746,38.144
443.75,360.66,16.725,38.095
443.55,361.43,16.681,37.994
443.65,361.89,16.709,38.059
