531.5,199.5,34,93
531.14,196.37,33.728,92.257
530.71,196.08,33.577,91.844
531.16,195.44,33.679,92.122
531.32,196.37,33.366,91.266
530.88,196.43,33.355,91.234
531.12,196.61,33.569,91.821
531.79,196.96,33.286,91.048
531.86,197.03,33.43,91.441
532.32,196.88,33.36,91.25
530.31,196.46,33.434,91.451
528.45,196.39,32.972,90.188
525.67,195.31,32.84,89.827
525.65,196.22,32.512,88.929
523.39,197.44,32.218,88.126
521.55,196.58,31.956,87.409
506.78,196.87,31.859,87.144
494.08,197.38,32.253,88.221
475.53,197.97,32.307,88.368
458.79,198.66,32.42,88.677
439.96,201.44,32.807,89.737
417.76,196.75,32.975,90.195
398,197.05,32.734,89.537
381.59,198.12,32.919,90.044
356.25,196.56,32.497,88.889
341.03,198.27,32.027,87.604
339.24,200.24,31.718,86.757
339.14,200.77,31.358,85.774
337.87,199.84,30.909,84.546
337.32,200.47,30.364,83.055
337.43,199.5,30.272,82.802
336.64,199.38,29.875,81.718
337.62,199.88,29.936,81.885
337.85,199.25,29.795,81.499
338.26,199.67,29.485,80.651
337.06,199.72,29.823,81.576
336.01,200.21,29.899,81.783
336.02,200.72,29.802,81.519
335.53,199.83,29.794,81.496
334.63,200.81,29.749,81.372
335.18,200.33,29.797,81.502
335.69,200.03,29.788,81.478
336.22,200.51,29.796,81.5
335.98,200.34,29.639,81.071
336.63,201.34,29.731,81.322
335.82,200.2,29.683,81.191
336.66,200.88,29.677,81.176
337.19,201.16,29.726,81.311
337.17,200.74,29.644,81.086
338.2,201.51,29.602,80.971
337.59,201.16,29.834,81.606
337.22,200.54,29.703,81.245
337.97,200.84,29.835,81.607
338.04,200.64,29.792,81.49
339.5,200.97,29.998,82.055
338.62,201.03,30.047,82.189
339.64,200.8,30.082,82.282
339.53,200.34,30.138,82.435
340.26,201.15,30.162,82.503
340.38,201.65,30.235,82.701
339.51,200.81,30.32,82.935
339.23,200.4,30.266,82.786
338.02,200.06,30.385,83.113
337.06,199.97,30.357,83.035
334.52,200.51,29.968,81.972
329.98,201.19,29.607,80.984
323.68,202.3,29.421,80.476
318.91,201.04,29.067,79.507
314.66,200.26,28.947,79.178
313.19,200.86,28.618,78.277
311.42,200.33,28.357,77.564
310.86,200.36,28.147,76.991
310.3,200.62,28.02,76.644
309.71,200.96,27.988,76.556
309.51,201.24,27.972,76.511
308.93,201.7,28.215,77.175
308.9,201.09,28.263,77.309
308.57,201.45,28.269,77.323
308.5,200.83,28.118,76.911
308.51,201.74,27.973,76.514
308.47,201.39,28.195,77.122
307.05,201.38,28.24,77.244
307.85,201.15,28.337,77.509
306.39,200.73,28.452,77.825
308.28,201.6,28.442,77.798
307.59,201.25,28.428,77.758
308.24,201.42,28.471,77.877
309.76,201.53,28.461,77.85
311.53,201.72,28.334,77.501
314.91,202.45,28.184,77.091
320.19,202.3,27.904,76.326
325.67,202.63,27.686,75.73
331.49,201.95,28.233,77.225
337.96,202.79,28.612,78.261
340.56,203.5,28.883,79.003
343.38,202.54,29.248,80.002
348.28,202.04,29.241,79.983
353.4,201.27,29.544,80.813
357.83,201.75,29.576,80.9
363.6,202.74,29.8,81.511
368.61,202.32,30.139,82.44
375.22,201.71,30.318,82.929
378.47,200.74,30.415,83.193
382.09,200.7,30.389,83.124
385.7,201.65,30.6,83.701
386.52,200.11,30.625,83.768
387.29,199.93,30.631,83.784
389.3,199.55,30.778,84.188
391.16,199.58,30.96,84.685
393.48,200.55,31.042,84.909
392.57,199.59,31.124,85.132
392.48,199.2,31.101,85.069
392,199.01,30.8,84.247
392.07,199.2,30.948,84.652
392.5,199.6,31.002,84.799
392.18,199.61,31.025,84.862
392.09,199.1,31.037,84.896
392.36,199.25,31.093,85.048
392.68,199.33,31.098,85.063
393.43,199.41,31.14,85.177
392.89,198.92,31.184,85.297
393.17,199.17,30.948,84.653
393.62,199.5,31.044,84.916
394.08,199.44,31.113,85.103
393.9,199.82,31.206,85.358
393.71,199.08,31.175,85.273
393.64,199.01,30.906,84.536
393.74,199.35,30.724,84.04
394.44,199.47,30.847,84.376
394.65,199.51,30.7,83.975
394.53,199.72,30.87,84.438
394,199.39,30.724,84.039
394.98,199.73,30.817,84.293
394.53,199.4,30.697,83.965
395.56,200.27,30.874,84.45
394.8,199.64,30.836,84.345
394.85,199.4,30.844,84.368
395.35,199.39,30.876,84.456
395.45,199.51,30.827,84.321
395.54,199.7,30.929,84.599
395.12,200.04,30.829,84.325
394.24,200.3,30.705,83.988
393.62,200.7,30.791,84.222
392.22,200.38,30.792,84.226
391.67,200.56,30.668,83.886
389.74,200.45,30.642,83.814
388.57,200.41,30.604,83.71
388.28,200.49,30.745,84.096
388.68,201.4,30.65,83.838
388.63,201.47,30.73,84.057
387.45,201.2,30.936,84.618
386.8,200.96,31.12,85.123
386.51,200.86,31.069,84.982
385.91,201.66,31.216,85.385
385.47,202.53,31.054,84.942
382.67,203.02,31.22,85.397
379.67,202.82,31.146,85.193
377.84,202.15,31.203,85.349
376.39,202.35,31.212,85.375
374.82,203.62,31.354,85.762
374.04,203.65,31.31,85.642
373.46,202.29,30.967,84.704
373.57,202.73,30.513,83.462
372.81,203.26,30.466,83.333
372.62,203.93,30.764,84.148
371.44,203.04,30.818,84.295
370.48,202.66,30.855,84.398
369.59,203.35,31.03,84.875
368.77,203.66,31.365,85.792
367.38,205.76,31.25,85.477
365.18,209.76,31.054,84.942
362.84,211.6,31.005,84.807
361.2,211.13,31.09,85.039
360.78,210.72,31.087,85.032
360.29,212.52,31.428,85.965
359.75,213.71,31.446,86.015
359.6,216.3,31.191,85.317
359.47,217.59,30.959,84.683
359.77,217.88,30.9,84.522
359.54,218.22,30.911,84.551
358.1,217.58,30.954,84.668
356.41,218.82,30.901,84.522
354.86,221.42,30.68,83.918
353.03,225.29,30.511,83.457
353.32,226.47,30.367,83.063
350.6,225.29,30.161,82.498
350.75,225.99,30.08,82.278
350.27,227.54,29.738,81.342
350.97,231.16,29.346,80.27
352.4,234.06,29.206,79.886
351.69,233.71,29.129,79.676
351.75,233.23,28.948,79.182
350.77,234.1,28.579,78.172
349.57,235.25,28.395,77.67
347.9,239.43,28.199,77.133
347.57,241.62,27.883,76.268
344.55,241.13,27.505,75.234
345.7,241.37,27.189,74.37
344.15,241.45,27.199,74.396
428.91,89.831,27.178,74.338
429.9,90.948,27.197,74.393
429.25,90.482,27.021,73.91
425.15,86.859,27.141,74.238
427.38,88.297,27.051,73.992
430.46,91.47,27.076,74.06
429.43,90.483,27.178,74.341
429.76,90.121,27.076,74.06
430.25,90.35,27.038,73.957
426.6,87.475,27.098,74.122
430.46,91.453,27.088,74.093
424.91,85.097,27.234,74.492
427.87,87.6,27.195,74.388
430.68,91.054,27.207,74.419
430.37,90.574,27.199,74.396
429.47,89.982,27.067,74.037
429.59,89.947,26.81,73.334
428.58,89.693,26.755,73.184
429.05,90.365,26.759,73.195
430.18,90.212,26.621,72.818
430.64,91.456,26.72,73.087
428.83,90.168,26.777,73.244
428.98,90.34,26.748,73.164
429.01,90.529,26.773,73.233
429.83,90.688,26.722,73.091
429.12,89.412,26.752,73.176
429.64,90.374,26.759,73.193
429.2,90.404,26.693,73.014
429.9,90.489,26.731,73.117
429.52,90.364,26.701,73.034
430.64,91.459,26.718,73.083
428.79,90.211,26.738,73.135
429.6,90.57,26.724,73.098
429.91,90.734,26.707,73.053
428.29,89.979,26.751,73.173
430.67,91.54,26.659,72.919
429.74,90.319,26.637,72.86
429.84,90.565,26.713,73.067
429.78,90.603,26.73,73.114
429.6,90.096,26.771,73.225
430.65,91.48,26.702,73.039
429.42,90.047,26.699,73.028
429.98,90.455,26.665,72.938
429.92,90.554,26.686,72.993
429.75,90.764,26.729,73.113
430.6,90.861,26.79,73.279
429.63,90.548,26.758,73.191
429.72,90.616,26.739,73.139
429.7,90.503,26.75,73.168
429.46,90.301,26.676,72.966
430.17,90.545,26.655,72.909
429.91,90.528,26.764,73.207
429.61,90.772,26.7,73.033
429.41,90.798,26.671,72.954
429.53,90.453,26.683,72.986
429.68,91.053,26.65,72.895
429.68,90.952,26.778,73.245
428.6,90.471,26.771,73.227
428.6,90.385,26.693,73.013
429.21,90.57,26.659,72.919
429.18,91.06,26.644,72.88
429.67,90.767,26.614,72.796
429.98,90.76,26.566,72.667
429.63,90.705,26.574,72.687
429.62,90.687,26.61,72.785
430.68,91.56,26.645,72.881
429.9,90.946,26.634,72.851
429.73,90.874,26.589,72.729
429.9,90.846,26.599,72.757
429.91,90.783,26.593,72.739
430.7,91.619,26.601,72.762
430.15,90.812,26.692,73.012
429.78,90.605,26.646,72.884
429.9,90.767,26.665,72.936
429.9,90.707,26.652,72.9
430.17,91.527,26.668,72.946
430.02,90.594,26.618,72.809
429.57,90.905,26.529,72.564
429.84,90.846,26.515,72.526
429.86,90.832,26.523,72.547
430.25,91.248,26.507,72.504
429.72,90.605,26.586,72.719
429.74,90.579,26.638,72.862
430.09,90.688,26.627,72.833
429.96,90.74,26.672,72.955
430.14,91.453,26.723,73.095
429.88,90.495,26.745,73.157
430.02,90.699,26.605,72.773
429.87,90.572,26.662,72.928
428.63,90.55,26.782,73.256
429.6,90.837,26.807,73.326
428.95,90.212,26.762,73.202
429.01,90.448,26.69,73.004
428.83,90.609,26.707,73.052
428.72,90.783,26.716,73.076
429.59,90.832,26.811,73.336
429.11,90.452,26.91,73.605
429.08,90.162,26.933,73.67
430.17,90.302,26.911,73.61
429.87,90.433,26.848,73.438
430.62,90.915,26.75,73.17
429.81,90.442,26.73,73.113
430.09,90.455,26.766,73.213
430.11,90.495,26.758,73.19
430.08,90.561,26.738,73.137
430.58,90.805,26.831,73.391
430.09,90.37,26.79,73.278
430.05,90.327,26.962,73.75
429.86,90.372,26.854,73.453
429.89,90.293,26.807,73.324
430.61,90.381,26.775,73.239
430.06,90.09,27.002,73.858
429.74,90.314,26.774,73.234
429.95,90.342,26.782,73.257
429.92,90.408,26.749,73.167
430.64,90.95,26.725,73.1
429.95,90.449,26.686,72.993
429.89,90.412,26.729,73.111
429.87,90.415,26.691,73.007
429.63,90.482,26.685,72.991
429.67,90.536,26.662,72.928
429,90.566,26.745,73.154
429.06,90.493,26.711,73.063
429.12,90.378,26.866,73.487
429.93,90.433,26.809,73.332
430.61,90.864,26.788,73.272
430.02,90.323,26.784,73.261
430.09,90.417,26.735,73.129
430.13,90.462,26.682,72.983
430.06,90.654,26.648,72.89
430.69,91.594,26.619,72.812
430.16,90.458,26.673,72.958
429.99,90.591,26.66,72.922
429.97,90.641,26.656,72.911
430.17,90.484,26.799,73.304
430.62,90.906,26.757,73.188
430.18,90.496,26.876,73.514
430.02,90.382,26.795,73.292
430.04,90.343,26.84,73.415
430.26,90.286,27.023,73.916
430.48,90.515,27.043,73.97
429.91,90.461,26.761,73.2
430.02,90.494,26.714,73.072
429.94,90.447,26.705,73.046
430.02,90.568,26.677,72.969
430.68,90.557,26.647,72.887
429.93,90.681,26.693,73.014
429.92,90.59,26.669,72.947
429.88,90.627,26.682,72.983
429.95,90.706,26.638,72.862
430.69,91.584,26.627,72.833
430.04,90.774,26.626,72.831
429.98,90.749,26.663,72.93
430.01,90.79,26.645,72.881
429.81,90.746,26.689,73.003
430.64,91.467,26.713,73.067
430.08,90.414,26.744,73.152
430.06,90.423,26.72,73.086
430.03,90.48,26.768,73.217
430.02,90.515,26.789,73.276
430.6,91.353,26.795,73.294
430.11,90.479,26.767,73.216
429.93,90.709,26.759,73.193
430.08,90.568,26.762,73.203
429.94,90.647,26.675,72.965
430.64,91.452,26.724,73.097
430,90.577,26.73,73.115
429.93,90.709,26.684,72.988
430.07,90.674,26.633,72.85
429.95,90.687,26.63,72.841
430.65,90.982,26.701,73.035
429.61,90.241,26.718,73.082
429.81,90.589,26.652,72.902
430.01,90.769,26.66,72.922
429.89,90.494,26.707,73.053
430.12,90.892,26.767,73.216
429.83,90.535,26.651,72.899
429.95,90.531,26.681,72.98
430,90.518,26.682,72.983
429.92,90.481,26.675,72.963
430.66,91.511,26.68,72.979
430.15,90.506,26.703,73.04
429.82,90.162,26.734,73.124
429.97,90.484,26.703,73.041
429.78,90.222,26.725,73.101
430.63,90.94,26.732,73.12
429.84,90.407,26.768,73.217
429.89,90.32,26.709,73.057
429.93,90.413,26.757,73.188
429.88,90.636,26.693,73.014
430.62,90.406,26.757,73.188
430.09,90.264,26.903,73.589
429.95,90.285,26.882,73.529
429.74,89.941,26.978,73.793
429.04,83.049,27.067,74.036
429.43,73.388,27.136,74.224
429.34,62.383,27.122,74.187
429.18,51.606,27.018,73.903
428.84,41.581,26.988,73.819
428.71,29.563,27.181,74.348
429.57,20.766,26.859,73.468
428.78,9.4506,26.998,73.847
428.38,-1.6404,26.732,73.121
428.88,-11.59,26.667,72.941
428.97,-22.101,26.56,72.649
429.2,-32.882,26.602,72.763
429.63,-40.145,26.978,73.794
428.93,-54.055,27.457,75.102
427.1,-57.002,27.808,76.062
395.36,-0.019226,27.495,75.206
403.69,15.713,27.629,75.574
401.85,22.535,27.112,74.159
398.16,44.044,26.924,73.644
404.88,35.267,26.814,73.345
401.74,26.337,26.437,72.312
405.38,28.621,26.234,71.758
405.19,28.722,25.912,70.876
405.66,29.147,25.644,70.143
405.84,28.457,25.41,69.505
405.82,28.674,25.266,69.109
405.35,28.908,25.293,69.184
406.29,30.32,25.144,68.775
406.01,29.602,25.074,68.583
406.1,29.052,24.999,68.38
405.6,28.89,24.978,68.321
405.49,29.29,25.014,68.421
405.66,29.29,24.935,68.204
405.52,29.76,24.961,68.275
405.13,28.925,24.935,68.205
405.34,29.285,25.007,68.4
406.46,29.686,25.09,68.628
405.79,29.276,25.061,68.549
405.93,28.661,24.962,68.277
406.01,28.974,25.012,68.416
406.93,29.203,24.972,68.305
391.12,27.644,24.755,67.712
374.31,27.931,24.488,66.982
349.77,28.348,24.467,66.925
330.36,29.626,24.546,67.14
312.91,28.117,24.536,67.114
297.32,29.19,24.355,66.619
272.44,29.056,24.256,66.346
262.67,29.181,24.228,66.271
249.88,26.34,24.174,66.122
227.67,29.458,24.088,65.888
208.48,32.626,24.037,65.749
192.03,29.326,24.067,65.832
172.51,29.5,24.089,65.889
156.46,29.104,24.168,66.107
143.47,30.32,24.126,65.992
123.4,30.901,24.201,66.197
103.63,31.631,24.157,66.078
88.215,31.702,24.137,66.021
81.229,40.416,24.251,66.333
80.073,40.277,24.388,66.707
81.295,40.616,24.41,66.767
80.089,40.052,24.568,67.2
79.988,39.804,24.655,67.439
79.908,39.922,24.741,67.675
80.457,40.23,24.664,67.464
80.684,40.313,24.632,67.375
79.709,39.851,24.755,67.712
80.011,39.975,24.765,67.741
79.891,40.168,24.76,67.726
79.831,40.193,24.755,67.711
105.15,250.23,24.691,67.537
112.07,250.4,24.613,67.324
110,244,24.672,67.485
110.79,247.41,24.89,68.082
110.67,249.06,24.995,68.367
111.52,248.37,24.955,68.26
111.25,247.95,24.978,68.321
111.44,247.67,24.941,68.222
111.27,250.98,24.853,67.98
110.48,251.41,24.816,67.878
110.52,253.36,24.959,68.271
110.34,253.41,25.002,68.388
109.98,251.89,25.061,68.55
109.72,253.97,25.09,68.629
110,255.6,25.029,68.461
111.52,259.85,24.967,68.293
111.52,260.85,24.998,68.376
111.96,260.05,25.194,68.912
112.08,260.49,25.143,68.774
113.59,264.96,25.236,69.029
119.89,287.5,25.228,69.006
142.33,290.42,25.161,68.823
140.79,290.36,25.104,68.666
141.71,290.33,25.16,68.819
141.2,290.4,25.271,69.123
141.31,291.79,25.379,69.419
140.5,290.32,25.388,69.444
138.77,290.18,25.412,69.508
139.67,289.62,25.344,69.323
140.25,290.74,25.419,69.528
140.3,290.76,25.399,69.475
140.09,291.13,25.499,69.748
140.62,289.75,25.601,70.026
140.58,290.31,25.609,70.048
140.17,290.44,25.683,70.252
140.73,290.57,25.542,69.865
140.66,290.4,25.69,70.27
140.46,290.02,25.643,70.141
140.54,290.35,25.77,70.49
139.43,290.28,25.759,70.458
141.19,290.47,25.613,70.06
139.85,290.27,25.532,69.838
140.06,290.02,25.581,69.971
140.66,289.91,25.608,70.046
140.6,289.27,25.448,69.609
140.33,289.33,25.35,69.339
139,289.82,25.287,69.167
139.61,289.6,25.353,69.349
140.85,289.75,25.504,69.76
141.17,289.64,25.477,69.688
141.75,290.63,25.497,69.743
141.22,289.76,25.578,69.964
141.59,290.12,25.532,69.838
141.55,289.38,25.677,70.233
141.2,289.37,25.756,70.451
141.58,288.67,25.832,70.659
140.89,288.85,25.934,70.937
140.73,289.11,25.922,70.904
140.47,288.06,25.948,70.976
139.96,289.04,25.908,70.866
140.63,289.79,25.743,70.416
140.25,290.26,25.564,69.926
141.4,287.63,25.381,69.425
140.82,277.08,25.089,68.626
140.35,263.81,24.973,68.308
141.48,252.75,25.046,68.507
140.63,239.19,25.107,68.674
140.37,229.06,25.163,68.827
140.53,216.82,25.117,68.701
139.89,203.11,25.305,69.218
140.28,192.71,25.438,69.579
139.8,183.66,25.44,69.587
139.52,173.15,25.486,69.712
139.59,163.2,25.663,70.195
139.37,151.45,25.71,70.324
139.61,141.24,25.781,70.518
138.4,131.12,25.89,70.816
138.38,119.51,25.792,70.547
138.83,108.77,25.778,70.511
138.58,98.401,25.746,70.423
133.68,90.924,25.647,70.152
132.73,90.463,25.505,69.763
132.94,90.081,25.462,69.645
132.84,90.038,25.428,69.553
132.97,90.269,25.401,69.479
133.32,90.307,25.367,69.385
133,90.277,25.391,69.451
132.95,90.323,25.378,69.416
132.83,90.461,25.422,69.537
132.84,90.382,25.426,69.548
133.29,90.724,25.428,69.552
132.69,89.973,25.451,69.617
132.29,89.949,25.396,69.465
132.85,90.148,25.411,69.508
132.65,90.056,25.38,69.423
133.32,90.327,25.352,69.346
132.88,89.91,25.392,69.454
132.8,89.825,25.455,69.626
132.44,89.701,25.449,69.611
132.46,89.934,25.464,69.652
133.26,90.164,25.471,69.671
132.67,90.095,25.492,69.728
132.87,90.089,25.465,69.655
132.52,89.688,25.373,69.402
132.57,90.174,25.402,69.482
133.26,90.651,25.481,69.699
132.78,90.013,25.513,69.785
132.55,89.706,25.491,69.726
146.29,89.889,25.452,69.618
164.05,88.993,25.369,69.391
180.4,89.529,25.204,68.942
200.02,88.929,25.297,69.195
215.86,89.162,25.355,69.353
233.83,87.926,25.307,69.221
257.7,87.906,25.278,69.144
273.87,88.461,25.254,69.078
291.49,87.17,25.23,69.011
302.7,87.299,25.388,69.444
325.25,86.891,25.581,69.972
343.29,86.812,25.584,69.981
357.16,85.371,25.686,70.259
356.82,84.26,25.654,70.171
356.68,84.475,25.598,70.018
357.08,84.545,25.624,70.089
356.81,84.364,25.561,69.917
357.74,84.61,25.511,69.78
357.02,84.493,25.54,69.86
357.22,84.214,25.564,69.924
356.8,84.328,25.738,70.4
356.66,83.967,25.59,69.995
357.67,85.411,25.656,70.178
356.86,84.273,25.657,70.178
356.96,84.456,25.61,70.05
356.82,84.367,25.817,70.618
356.84,84.177,25.699,70.295
357.67,84.417,25.652,70.165
356.91,84.057,25.585,69.982
357.03,84.364,25.606,70.04
356.66,84.39,25.51,69.777
356.89,84.422,25.522,69.811
357.24,84.586,25.528,69.828
356.93,84.385,25.629,70.103
356.86,84.303,25.57,69.942
356.86,84.228,25.607,70.043
356.96,84.412,25.583,69.978
357.63,84.786,25.748,70.428
356.75,84.105,25.728,70.373
356.68,84.163,25.569,69.94
357.21,84.303,25.558,69.91
356.95,84.366,25.581,69.97
357.66,85.372,25.685,70.257
356.86,84.404,25.627,70.098
356.88,84.307,25.581,69.972
357.2,84.477,25.704,70.309
356.76,84.119,25.654,70.17
357.18,84.443,25.633,70.114
356.77,84.435,25.435,69.572
356.69,84.412,25.416,69.519
356.83,84.594,25.485,69.708
356.78,84.524,25.597,70.015
357.68,85.422,25.648,70.155
356.9,84.287,25.615,70.064
356.76,84.215,25.6,70.023
357.17,84.454,25.661,70.19
356.86,84.204,25.634,70.118
357.2,84.477,25.608,70.047
356.78,84.263,25.569,69.939
356.89,84.323,25.542,69.864
356.83,84.2,25.565,69.929
357.06,84.284,25.62,70.077
357.19,84.473,25.611,70.054
356.78,84.38,25.55,69.887
356.89,84.438,25.611,70.054
356.68,84.525,25.462,69.645
356.58,84.234,25.435,69.571
357.33,84.834,25.347,69.332
356.85,84.659,25.393,69.458
356.76,84.7,25.384,69.433
356.8,84.645,25.391,69.453
356.95,84.243,25.482,69.701
571.23,334.08,25.531,69.836
566.31,339.5,25.712,70.329
558.69,338.72,25.782,70.522
547.17,344.24,25.835,70.665
537.21,351.22,25.541,69.862
527.28,361.22,25.432,69.564
513.15,361.88,25.168,68.841
499.97,362.95,24.95,68.246
493.13,367.48,24.918,68.159
475.83,372.95,24.663,67.46
470.77,378.54,24.463,66.913
449.31,378.17,24.516,67.058
431.88,377.42,24.639,67.394
415.82,376.8,24.719,67.615
396.71,377.4,24.713,67.596
385.15,371.71,24.706,67.578
365.45,375.76,24.735,67.659
360.14,397.54,24.733,67.651
355,405.17,24.572,67.212
349.81,385.06,24.455,66.891
340.34,373.75,24.314,66.506
325.59,371.48,24.298,66.461
319.96,373.4,24.177,66.13
312.96,378.11,24.123,65.984
307.65,379.87,24.02,65.703
299.54,385.77,23.93,65.454
290.65,392.62,23.842,65.214
283.14,401.05,23.849,65.235
269.84,431.65,23.461,64.171
257.76,429.22,23.373,63.933
254.38,431.7,23.248,63.59
246.63,432.38,23.024,62.976
239.65,432.97,22.824,62.43
227.68,427.81,22.484,61.501
225.84,422.38,22.263,60.896
209.89,415.6,22.225,60.792
215.68,406.32,22.161,60.616
219.25,397.04,22.097,60.443
212.06,395.65,21.958,60.061
216.66,393.79,21.855,59.781
213.53,391.51,21.931,59.989
209.02,386.51,21.869,59.818
224.99,392.45,21.799,59.627
222.56,386.34,21.684,59.311
221.17,387.6,21.509,58.833
224.3,388.73,21.404,58.545
238,377.79,21.389,58.507
253.83,374.64,21.429,58.615
253.04,375.58,21.51,58.838
257.35,369.58,21.494,58.792
259.82,365.79,21.359,58.424
256.82,362.9,21.328,58.337
255.36,360.79,21.282,58.212
249.74,352.22,21.19,57.961
248.31,345.4,21.126,57.785
252.51,335.82,20.974,57.37
251.67,332.58,21.048,57.572
255.7,332.29,21.113,57.749
253.06,322.76,21.205,58.003
244.78,324.27,21.241,58.101
225.37,324.92,21.262,58.159
203.27,316.22,21.254,58.137
184.91,311.29,21.314,58.301
170.21,297.51,21.273,58.189
167.72,306.17,21.311,58.293
165.89,276.98,21.22,58.043
170.62,289.38,21.211,58.018
174.37,292.05,21.142,57.83
179.17,291.88,20.921,57.226
184.22,300.48,20.863,57.067
187.57,311.46,20.865,57.071
188,321.89,20.773,56.82
188.9,327.52,20.806,56.909
190.17,336.96,20.723,56.683
192.68,345.51,20.698,56.616
199.15,383.2,20.695,56.607
213.93,389.02,20.649,56.481
226.14,396.48,20.608,56.368
248.55,405.32,20.577,56.285
275,406.3,20.49,56.046
296.37,417.28,20.265,55.432
308.77,440.1,20.214,55.292
324.33,439.9,19.989,54.676
328.17,440.77,19.803,54.168
322.86,441.13,19.63,53.695
311.74,441.31,19.513,53.373
303.41,441.63,19.365,52.969
293.82,441.4,19.232,52.606
292.71,442.21,19.112,52.278
287.16,442.18,19.257,52.674
287.36,443.14,19.274,52.721
293.05,442.25,19.201,52.519
285.7,442.88,19.238,52.621
280.97,442.09,19.262,52.688
288.57,442.83,19.243,52.636
294.35,443.12,19.292,52.769
292.39,442.12,19.253,52.663
297.02,442.59,19.248,52.648
277.78,441.63,19.132,52.331
278.67,441.07,19.108,52.265
287.42,442.3,19.154,52.391
286.42,441.82,19.27,52.71
280.85,441.62,19.35,52.927
291.9,441.08,19.382,53.016
286.07,441.6,19.45,53.2
282.8,442.46,19.408,53.088
273.26,442.41,19.284,52.746
