258.5,184.5,15,31
258.13,185.55,14.898,30.789
256.96,185.38,14.778,30.542
257.2,185.82,14.832,30.654
257.01,185.73,15.045,31.093
256.37,185.52,14.899,30.792
256.08,185.68,14.956,30.91
255.26,186.04,14.848,30.686
255.14,186.11,14.755,30.493
254.87,186.15,14.827,30.643
254.3,186.19,14.742,30.467
254.67,186.68,14.87,30.732
253.74,186.19,14.732,30.445
254.07,186.26,14.838,30.666
253.75,186.13,14.744,30.471
253.6,186.6,14.833,30.654
252.56,186.99,14.909,30.812
251.49,186.38,14.922,30.839
250.78,186.27,14.878,30.748
250.43,186.25,14.951,30.898
249.92,186.67,14.829,30.646
250.04,187.12,14.817,30.623
249.7,187.09,14.812,30.611
249.53,187.07,14.828,30.645
249.04,187.18,14.891,30.775
248.06,187.33,14.846,30.683
247.68,187.97,14.804,30.594
246.91,187.73,14.834,30.656
246.43,187.47,14.89,30.773
245.74,187.41,14.857,30.704
245.13,187.55,14.885,30.762
245.11,187.43,14.939,30.875
244.95,187.57,14.879,30.749
244.73,187.61,14.826,30.641
244.5,188.21,14.867,30.724
243.14,188.18,14.879,30.749
242.51,188.05,14.863,30.717
242.08,187.98,14.835,30.66
242.04,188.28,14.903,30.8
241.6,188.15,14.949,30.895
241.34,188.31,14.958,30.914
241.45,188.2,14.958,30.912
241.18,188.05,14.97,30.938
240.86,188.31,15.015,31.031
240.54,189.01,14.897,30.787
239.57,188.98,14.868,30.728
238.92,188.61,14.928,30.85
238.52,188.62,14.887,30.767
237.99,188.85,14.877,30.747
237.51,189.26,14.897,30.786
237.07,189.2,14.945,30.887
236.63,189.12,14.956,30.909
236.17,189.23,14.975,30.949
235.08,189.74,14.971,30.941
233.93,189.86,14.964,30.926
233.1,189.7,14.99,30.979
232.28,189.57,15.017,31.035
231.88,190.02,14.999,30.999
231.07,189.99,15.021,31.044
230.9,190.33,14.953,30.903
229.93,190.19,15.017,31.035
229.44,190.36,14.992,30.984
228.34,190.61,14.952,30.901
227.08,190.73,14.982,30.964
226.46,190.78,15.007,31.014
226.09,190.67,15.007,31.015
225.59,190.94,14.985,30.969
225.01,191.03,14.948,30.893
224.54,191.13,14.981,30.96
224.13,190.98,15,31
223.69,191.2,15.027,31.056
223.19,191.64,15.014,31.028
222.66,192.05,15.039,31.081
221.87,191.85,15.025,31.051
221.45,191.59,14.981,30.96
220.75,191.47,15.023,31.048
220.76,192.01,14.989,30.977
220.25,192.06,14.998,30.995
220,191.84,15.038,31.078
219.7,192.1,15.068,31.14
219.27,192.24,15.107,31.22
218.55,192.74,15.12,31.249
218.13,193.07,15.127,31.262
217.47,192.85,15.142,31.294
217.28,192.95,15.044,31.091
216.44,192.91,15.005,31.011
216.31,193.17,14.988,30.974
215.93,192.91,14.94,30.876
215.72,193.06,14.917,30.828
215.43,192.96,14.909,30.812
215.04,193.3,14.909,30.812
214.15,193.48,14.984,30.967
213.45,193.1,15.069,31.143
213.25,193.04,15.114,31.236
212.87,193.36,15.081,31.168
212.77,193.58,15.059,31.123
212.44,193.62,15.095,31.195
211.43,193.58,15.127,31.262
211.26,193.73,15.189,31.39
210.55,193.99,15.251,31.519
209.27,194.62,15.225,31.465
208.1,194.48,15.239,31.493
207.67,194.6,15.244,31.504
207.25,194.7,15.178,31.368
206.85,194.93,15.181,31.375
206.54,195.27,15.115,31.237
205.99,194.8,15.22,31.455
205.95,194.97,15.188,31.389
205.53,195.18,15.167,31.345
205.03,195.55,15.227,31.469
204.09,195.78,15.188,31.389
203.45,195.57,15.225,31.466
202.88,195.27,15.198,31.409
202.53,195.27,15.191,31.396
201.95,195.72,15.159,31.328
201.66,195.89,15.1,31.206
200.93,195.32,15.213,31.441
200.91,195.89,15.287,31.593
200.1,195.99,15.335,31.692
199.28,196.4,15.266,31.551
198.13,196.28,15.295,31.61
197.53,196.02,15.266,31.551
197.19,195.93,15.222,31.46
196.74,196.47,15.185,31.383
196.18,196.84,15.139,31.286
195.7,196.88,15.212,31.437
195.06,196.9,15.253,31.524
194.4,197.19,15.284,31.587
193.3,197.46,15.317,31.655
192.25,197.65,15.252,31.52
191.64,197.51,15.247,31.511
190.9,197.04,15.221,31.456
190.27,197.43,15.187,31.387
189.9,197.91,15.196,31.404
189.11,197.77,15.228,31.471
188.62,197.64,15.204,31.422
187.85,197.87,15.319,31.659
186.57,198.08,15.357,31.738
185.5,198.66,15.315,31.65
184.71,198.31,15.259,31.535
184.32,198.03,15.243,31.502
184.12,198.44,15.236,31.488
183.75,199.12,15.208,31.431
183.33,198.9,15.205,31.423
182.88,198.88,15.237,31.489
182.62,198.88,15.276,31.571
181.58,199.27,15.327,31.676
180.74,199.6,15.401,31.829
179.38,199.26,15.387,31.8
178.46,198.61,15.343,31.709
178.39,199.1,15.35,31.723
177.86,199.69,15.281,31.581
177.55,199.87,15.272,31.562
177.38,199.73,15.301,31.622
176.98,199.76,15.336,31.694
176.38,200.25,15.369,31.762
176.15,200.6,15.459,31.948
174.86,200.31,15.448,31.926
174.41,199.78,15.463,31.956
173.88,199.79,15.483,31.999
172.83,200.69,15.481,31.994
173.44,200.45,15.346,31.714
173.21,200.84,15.36,31.744
172.75,200.91,15.434,31.897
171.75,200.96,15.375,31.775
170.95,201.6,15.489,32.011
169.88,201.34,15.402,31.832
169.23,200.97,15.359,31.742
169.05,201.19,15.395,31.816
168.26,201.51,15.343,31.71
168.11,202.11,15.34,31.703
167.46,202.16,15.344,31.712
166.56,201.75,15.413,31.853
165.48,202.09,15.358,31.741
164.59,202.77,15.444,31.918
163.18,202.54,15.511,32.055
162.26,202.45,15.457,31.945
161.33,201.9,15.435,31.899
160.85,202.28,15.358,31.739
160.62,203.14,15.378,31.782
160.51,203.33,15.347,31.717
159.87,203.23,15.343,31.71
159.79,203.29,15.308,31.638
159.11,203.8,15.36,31.743
158.44,204.49,15.303,31.625
157.79,204.25,15.316,31.654
157.07,203.99,15.36,31.745
156.86,203.92,15.319,31.66
156.51,204.57,15.211,31.436
156.59,204.86,15.25,31.517
156.46,204.89,15.298,31.616
156.46,204.7,15.281,31.58
156.24,204.85,15.405,31.837
155.51,204.84,15.433,31.895
155.2,204.62,15.511,32.057
155.03,204.22,15.525,32.084
154.79,204.44,15.623,32.289
154.17,205.15,15.579,32.196
153.89,205.44,15.622,32.285
153.33,205.34,15.567,32.173
153.01,205.37,15.545,32.126
152.86,205.39,15.654,32.351
152.74,206.31,15.688,32.421
152.28,206.29,15.689,32.425
151.72,205.87,15.726,32.501
151.46,205.75,15.627,32.295
150.78,205.97,15.58,32.2
150.59,206.46,15.572,32.182
150.42,206.51,15.577,32.192
150.18,206.33,15.552,32.14
150.1,206.49,15.662,32.368
149.66,207.26,15.779,32.61
148.97,207.1,15.738,32.525
148.83,206.94,15.661,32.365
148.61,206.94,15.654,32.352
148.47,207.14,15.658,32.36
148.31,207.62,15.695,32.436
148.55,207.74,15.706,32.46
148.42,207.61,15.771,32.593
148.34,207.59,15.761,32.574
147.92,208.31,15.828,32.711
147.01,208.53,15.881,32.82
146.07,208.18,15.925,32.911
145.39,207.42,15.886,32.831
145.18,208.01,15.717,32.482
145.04,208.71,15.735,32.518
144.32,209,15.735,32.518
143.83,208.87,15.72,32.488
142.97,208.98,15.748,32.546
142.35,209.29,15.888,32.835
141.23,209.78,15.95,32.964
139.7,209.45,15.928,32.919
138.68,208.98,15.867,32.791
138.41,209.41,15.902,32.863
137.9,210.06,15.843,32.743
137.05,210.34,15.833,32.721
136.33,210.22,15.851,32.76
135.76,210.04,15.992,33.051
134.89,209.93,16.046,33.162
134.03,210.52,16.021,33.109
132.53,210.71,15.985,33.036
131.44,210.41,15.913,32.886
130.98,210.37,15.931,32.924
129.68,210.56,15.858,32.773
129.37,211.39,15.83,32.715
128.62,211.35,15.839,32.735
128.07,211.48,15.872,32.802
127.72,211.68,15.888,32.836
126.94,212.31,15.976,33.017
125.76,212.4,15.982,33.03
124.95,212.23,16.062,33.195
124.35,211.9,16.124,33.324
123.78,212.09,16.039,33.146
123.48,212.73,15.948,32.96
122.88,212.74,15.887,32.834
123.2,213.02,15.889,32.837
122.28,213.08,16.001,33.069
121.34,213.58,16.017,33.101
120.62,213.81,16.187,33.452
119.65,213.99,16.361,33.812
118.48,213.27,16.331,33.75
117.81,213.62,16.204,33.488
117,214.18,16.23,33.542
116.23,214.38,16.142,33.36
114.8,214.22,16.182,33.443
113.89,214.25,16.223,33.528
112.81,215.02,16.343,33.777
110.8,215.37,16.324,33.736
109.16,214.96,16.28,33.645
108.06,214.71,16.19,33.458
107.05,215.07,16.273,33.63
106.19,215.55,16.159,33.394
104.56,215.66,16.078,33.228
103.71,215.79,16.059,33.188
102.95,215.85,16.062,33.195
101.85,216.04,16.132,33.339
100.53,216.44,16.15,33.377
99.078,216.35,16.2,33.481
98.355,216.31,16.198,33.476
97.663,216.23,16.297,33.68
96.824,216.39,16.221,33.523
96.702,217.23,16.214,33.51
96.365,217.14,16.291,33.669
95.542,216.74,16.455,34.007
94.678,216.89,16.496,34.093
94.206,217.47,16.538,34.179
93.279,217.52,16.649,34.408
92.526,217.47,16.718,34.55
92.007,217.05,16.609,34.326
91.484,217.28,16.708,34.529
91.167,217.99,16.61,34.327
91.053,218.07,16.591,34.288
90.698,217.86,16.665,34.442
90.163,218.07,16.639,34.387
89.706,218.55,16.706,34.526
89.132,219.09,16.652,34.414
88.077,219.1,16.943,35.015
87.558,218.74,17.025,35.185
86.647,218.28,17.104,35.349
86.121,218.74,17.141,35.425
86.14,219.33,17.027,35.189
85.68,219.38,16.95,35.03
85.701,219.59,17.043,35.222
84.564,219.49,16.942,35.014
84.316,220.14,16.975,35.081
83.014,220.28,17.067,35.271
82.004,219.66,17.021,35.178
81.267,219.58,16.922,34.972
80.963,220.03,16.753,34.622
80.929,220.62,16.723,34.561
80.405,221.21,16.692,34.498
79.688,220.56,16.744,34.605
78.976,221.21,16.843,34.81
77.781,221.41,16.864,34.852
76.165,221.82,16.871,34.866
74.538,221.45,16.883,34.891
73.265,221.23,16.859,34.842
72.332,221.55,16.798,34.717
71.83,221.69,16.777,34.672
71.543,222.44,16.727,34.569
70.856,222.4,16.76,34.637
70.356,222.42,16.848,34.819
69.074,222.78,16.836,34.794
68.033,223.18,16.958,35.046
66.605,223.27,16.984,35.101
65.639,222.83,17.114,35.369
64.603,222.63,17.055,35.248
64.019,223.21,16.976,35.083
63.431,223.9,16.926,34.98
62.847,223.77,16.864,34.852
62.518,223.83,16.88,34.886
61.898,224.1,16.927,34.983
61.061,224.72,16.998,35.129
59.716,224.84,16.986,35.105
59.112,224.89,17,35.133
58.204,224.16,16.999,35.13
57.358,224.52,16.883,34.891
57.226,225.41,16.905,34.936
56.683,225.66,16.92,34.967
56.213,225.67,16.954,35.039
55.353,225.76,16.994,35.122
54.447,226.02,17.057,35.251
53.524,226.7,17.042,35.221
52.604,226.5,17.011,35.155
51.653,226.07,17.094,35.327
51.503,226.32,17.042,35.22
51.026,226.88,16.929,34.986
51.233,227.61,16.91,34.948
50.88,226.94,16.853,34.829
50.527,227.61,16.878,34.881
49.257,227.86,16.85,34.824
48.597,228.38,16.823,34.768
47.668,228.7,16.816,34.753
46.9,228.45,16.954,35.039
45.97,228.61,16.941,35.011
44.68,228.92,17.059,35.256
44.107,229,16.864,34.852
43.607,229.36,16.849,34.822
43.975,229.31,16.941,35.011
43.25,229.26,17.022,35.178
41.967,229.78,17.026,35.187
40.478,229.79,17.159,35.461
39.904,229.62,17.231,35.61
38.998,229.26,17.291,35.735
38.96,230.35,17.369,35.896
37.792,230.58,17.309,35.772
37.504,231.35,17.235,35.62
36.747,230.66,17.197,35.541
36.154,230.7,17.371,35.899
35.498,231.29,17.339,35.833
33.799,232.25,17.28,35.713
32.529,232.66,17.36,35.878
30.682,231.72,17.4,35.96
29.526,231.89,17.491,36.148
28.431,232.39,17.451,36.065
27.563,232.81,17.385,35.928
26.893,232.53,17.328,35.811
25.926,232.55,17.348,35.852
25.265,233.11,17.428,36.019
24.045,233.76,17.594,36.361
22.042,234.04,17.631,36.438
20.292,233.37,17.737,36.657
19.047,233.25,17.799,36.785
18.521,234.08,17.886,36.964
17.588,234.63,17.854,36.898
16.773,234.67,17.803,36.792
15.954,234.57,17.814,36.815
15.04,235.04,17.997,37.194
14.14,235.2,18.107,37.42
12.03,235.46,18.078,37.36
10.441,235.47,18.04,37.283
9.9958,235.08,18.082,37.369
9.2716,235.22,18.048,37.299
9.057,236.21,18.063,37.329
8.8875,236.17,18.032,37.267
9.2433,236.28,17.989,37.178
8.6237,236.33,18.012,37.225
8.1572,237.23,18.105,37.416
6.7281,237.61,18.077,37.359
5.8225,237.6,18.118,37.443
5.5876,237.01,18.218,37.65
5.1419,237.09,18.224,37.663
5.5643,237.64,18.202,37.618
6.0625,238.34,18.17,37.551
6.2231,238.29,18.135,37.479
6.7244,237.95,18.187,37.586
6.3305,238.57,18.16,37.531
6.0485,239.44,18.204,37.622
5.3811,239.54,18.289,37.796
4.505,238.85,18.438,38.106
4.515,238.71,18.5,38.233
4.2651,239.09,18.42,38.068
3.7788,239.93,18.448,38.127
3.7162,239.86,18.475,38.182
3.4549,239.58,18.559,38.356
2.6973,239.96,18.626,38.495
2.1392,240.46,18.758,38.766
