892.5,109.5,63,177
889.07,105.37,62.967,176.91
888.71,105.57,62.795,176.43
888.19,106.39,62.519,175.65
887.48,106.95,62.737,176.26
886.22,106.35,63.466,178.31
885.84,106.37,63.788,179.21
885.54,107.08,63.521,178.46
885.14,107.66,63.221,177.62
884.03,108.01,62.888,176.69
883.16,108.49,62.669,176.07
882.28,108.44,62.837,176.54
881.08,108.35,62.982,176.95
880.49,109.18,63.038,177.11
878.99,109.74,62.717,176.21
877.68,110.98,62.499,175.59
876.57,112.95,62.168,174.66
875.55,113.43,62.213,174.79
874.23,112.45,62.732,176.25
871.23,111.84,62.537,175.7
870.15,112.04,62.396,175.3
870.26,111.35,61.692,173.33
870.31,110.71,60.946,171.23
868.34,111.63,61.892,173.89
866.4,109.91,62.514,175.64
865.58,109.06,62.293,175.01
864.91,108.59,62.549,175.73
863.92,107.74,63.01,177.03
860.78,107.85,62.521,175.66
856.05,106.17,62.983,176.95
862.51,105.6,63.287,177.81
868.13,108.62,62.852,176.58
867.72,110.01,62.769,176.35
867.29,111.78,62.01,174.22
864.46,113.71,61.644,173.19
861.39,116.26,60.918,171.15
861.07,117.69,60.401,169.7
859.89,115.89,60.355,169.57
859.3,114.84,60.47,169.89
861.65,113.27,60.888,171.07
860.53,112.95,60.955,171.25
862.07,112.82,61.186,171.9
859.89,112.38,61.26,172.11
859.56,112.43,61.119,171.71
890.75,112.26,60.717,170.59
888.26,111.71,60.754,170.69
886.67,110.5,60.689,170.51
885.2,110.36,60.572,170.18
882.68,109.39,60.749,170.67
873.89,110.18,60.667,170.45
871.16,109.31,60.664,170.44
868.42,109.26,60.928,171.18
864.18,108.82,60.844,170.94
865.4,108.59,60.558,170.14
873.83,109.15,60.769,170.73
872.2,109.16,60.717,170.59
870.75,109.06,61.023,171.45
869.39,108.68,61.034,171.48
867.19,108.38,61.149,171.8
865.79,108.08,60.95,171.24
863.45,109.44,60.748,170.67
862.36,109.13,60.669,170.45
860.62,109.51,60.365,169.6
858.43,109.13,59.994,168.55
858.86,109.43,59.534,167.26
859.03,109.68,59.332,166.7
857.77,110.91,58.882,165.43
857.61,109.58,58.481,164.3
857.8,111.32,58.233,163.61
856.75,111.01,57.941,162.79
854.83,114.62,57.853,162.54
855.16,113.93,57.711,162.14
858.71,114.27,57.474,161.48
860.11,116.14,57.483,161.5
856.71,116.79,57.563,161.72
856.72,115.79,57.982,162.9
860.24,115.58,58.124,163.3
860.71,115.23,58.374,164
857.22,113.4,58.285,163.75
857,113.17,58.127,163.31
857.35,112.73,57.926,162.74
858.35,112.35,58.13,163.32
858.63,111.1,58.444,164.2
859.17,110.22,58.356,163.95
859.3,111.6,58.351,163.94
859.57,111.04,58.602,164.64
858.6,111.96,58.511,164.39
857.31,112.49,58.389,164.05
858.55,110.06,57.995,162.94
861.1,109.81,57.672,162.03
862.02,110.04,57.085,160.38
861.52,110.73,56.736,159.4
863.18,109.76,56.31,158.2
862.88,109.35,55.678,156.43
861.67,110.53,55.279,155.31
861.58,112.41,55.696,156.48
863.76,111.73,55.92,157.11
866.96,114.96,56.657,159.18
863.99,117.53,57.424,161.33
867.55,110.61,57.208,160.73
866.96,110.54,56.821,159.64
864.95,110.02,56.23,157.98
862.6,111.05,55.823,156.84
864.29,111.79,56.222,157.96
864.74,113.1,56.433,158.55
864.08,112.93,57.019,160.2
862.34,111.9,57.183,160.66
862.3,111.66,57.668,162.02
861.55,111.31,57.846,162.52
860.9,111.09,57.783,162.34
860.8,111.24,57.745,162.24
860.63,111.4,57.718,162.16
860.04,111.47,57.895,162.66
859.29,110.24,57.904,162.68
858.71,110.23,57.985,162.91
858.87,110.71,58.282,163.74
857.96,110.89,58.252,163.66
857.32,110.58,58.388,164.04
856.28,110.5,58.202,163.52
856.35,111.02,58.274,163.72
855.91,111.08,58.362,163.97
855.02,110.38,58.389,164.05
854.57,110.65,58.433,164.17
853.94,110.51,58.449,164.21
853.64,110.1,58.403,164.09
852.45,110.09,58.44,164.19
851.94,110.08,58.529,164.44
852.7,110.39,58.58,164.58
852.56,110.27,58.601,164.64
852.46,110.54,58.327,163.87
852.17,110.55,58.436,164.18
851.9,110.41,58.315,163.84
851.81,110.81,58.32,163.85
851.71,110.57,58.276,163.73
851.37,110.44,58.436,164.18
851.07,110.14,58.314,163.83
851.25,110.39,58.265,163.7
851.32,110.22,58.315,163.84
851.26,110.39,58.28,163.74
850.07,109.83,58.25,163.66
849.7,109.57,58.304,163.81
849.68,109.22,58.354,163.95
848.87,108.65,58.404,164.09
848.33,108.9,58.307,163.81
848.23,109.5,58.213,163.55
848.01,109.72,58.2,163.51
847.38,109.61,58.372,164
846.57,109.83,58.012,162.99
845.98,109.93,58.147,163.37
844.74,109.77,58.209,163.54
844.55,109.89,58.271,163.71
844.58,109.75,58.066,163.14
842.92,109.41,57.715,162.15
842.45,109.63,57.692,162.09
841.83,109.9,57.611,161.86
841.19,109.61,57.343,161.11
841,110.25,57.358,161.15
841.08,110.76,57.279,160.93
840.99,111.63,57.454,161.42
840.67,112.04,57.701,162.11
839.21,111.72,57.918,162.72
838.18,110.95,58.147,163.37
837.91,110.82,58.083,163.18
838.23,110.53,58.187,163.48
837.15,110.58,58.209,163.54
837.32,110.34,58.261,163.69
836.42,110.61,58.331,163.88
836.9,110.32,58.234,163.61
839.22,110.97,58.344,163.92
840.43,110.98,58.382,164.03
841.93,111.42,58.337,163.9
843.2,111.9,58.471,164.28
845.81,112.77,58.395,164.06
846.8,112.26,58.417,164.12
848.12,112.54,58.459,164.24
848.24,112.89,58.373,164
849.11,112.28,58.578,164.58
850.37,112.94,58.847,165.33
851.16,112.87,59.001,165.77
851.64,112.92,59.035,165.86
853.18,113.87,58.968,165.67
853.75,114.18,58.728,165
854.44,114.21,58.821,165.26
855.7,115.97,58.944,165.6
855.43,114.28,58.749,165.06
855.12,115.09,58.861,165.37
855.43,115.19,58.808,165.22
855.37,115.76,58.889,165.45
855.04,115.47,58.888,165.45
854.95,115.68,58.992,165.74
854.82,115.74,59.13,166.13
855.03,115.67,59.173,166.25
854.19,115.19,59.305,166.62
854.18,115.76,59.361,166.77
854.04,115.98,59.53,167.25
853.61,115.82,59.259,166.49
852.89,116.37,59.193,166.3
853.64,116.26,59.328,166.68
854.7,117.01,59.234,166.42
854.7,117.07,59.112,166.08
855.42,117.35,59.237,166.43
855.09,117.02,59.272,166.53
855.35,117.31,59.21,166.35
855.86,116.74,59.125,166.11
856.87,117.06,59.112,166.08
853.03,117.18,59.076,165.98
853.24,116.5,59.257,166.48
853.43,116.45,59.179,166.27
854.46,116.17,59.126,166.12
855.8,116.58,59.189,166.29
855.52,116.58,59.297,166.6
856.35,117.45,59.363,166.78
856.41,117.84,59.362,166.78
856.71,118.29,59.502,167.17
856.43,118.01,59.496,167.16
856.56,118.63,59.383,166.84
857.88,119.73,59.49,167.14
857.91,119.71,59.46,167.05
857.77,119.84,59.369,166.8
