142.5,280.5,60,120
142.08,281.32,60.226,120.45
145.51,280.69,60.548,121.1
147.51,280.51,60.959,121.92
148.11,280.43,60.681,121.36
147.88,279.46,60.82,121.64
146.76,277.38,61.383,122.77
145.18,274.33,61.976,123.95
146.85,274.76,60.718,121.44
147.98,273.15,60.305,120.61
150.6,273.09,59.687,119.37
153.34,272.37,59.504,119.01
162.01,270.93,59.407,118.81
167.99,270.28,59.335,118.67
174.39,269.62,59.053,118.11
179.42,268.1,58.682,117.36
183.38,265.27,58.399,116.8
187.81,258.17,59.275,118.55
192.27,254.28,58.933,117.87
196.56,251.27,58.942,117.88
203.5,249.51,58.774,117.55
210.94,247,58.981,117.96
228.1,247.24,58.876,117.75
239,245.21,58.943,117.89
251.77,244.57,58.784,117.57
263.84,242.65,58.73,117.46
274.43,239.89,58.96,117.92
281.99,237.4,59.144,118.29
284.2,236.63,59.128,118.26
283.52,236.62,59.416,118.83
282.88,237.3,59.677,119.35
279.89,238.39,59.545,119.09
274.29,236.56,59.265,118.53
267.92,235.56,58.905,117.81
260.84,234.68,58.642,117.28
254.36,232.11,58.565,117.13
249.39,227.29,58.699,117.4
248.04,222.98,59.06,118.12
248.3,220.66,58.966,117.93
250.55,218.72,58.854,117.71
253.79,217.29,58.837,117.67
259.81,215.67,58.626,117.25
267.72,215.18,58.71,117.42
274.41,213.52,58.753,117.51
280.49,210.63,58.812,117.62
285.93,207.52,58.682,117.36
290.1,203.55,58.563,117.13
292.99,195.53,58.917,117.83
294.59,191.94,59.058,118.12
294.68,189.49,58.925,117.85
294.44,188.03,59.11,118.22
293.32,187.48,59.381,118.76
293.61,188.36,59.298,118.6
293.79,189.14,59.207,118.41
293,189.01,59.124,118.25
292.69,189.37,59.288,118.58
292.83,191.06,59.184,118.37
291.87,191.75,59.162,118.32
291.36,192.76,59.039,118.08
290.81,194.47,58.934,117.87
290.07,195.49,58.973,117.95
289.62,196.4,58.995,117.99
288.32,197.23,59.018,118.04
288.04,199.17,58.718,117.44
287.53,200.71,58.488,116.98
287.13,201.95,58.42,116.84
286.51,202.68,58.505,117.01
286.03,204.75,58.323,116.65
287.08,207.21,57.592,115.18
286.65,207.2,57.637,115.27
288,209.33,57.27,114.54
288.29,209.73,57.204,114.41
290.35,211.1,57.36,114.72
292.55,212.54,57.098,114.2
294.55,213.67,56.931,113.86
295.19,213.82,57.125,114.25
296.49,214.68,57.373,114.75
297.06,215.77,57.382,114.76
297.08,216.26,57.435,114.87
296.8,216.84,57.427,114.85
296.07,217.23,57.352,114.7
295.15,217.46,57.555,115.11
292.31,217.65,57.737,115.47
291.44,219.02,57.494,114.99
289.27,219,57.86,115.72
288.26,219.88,57.881,115.76
286.71,220.21,57.935,115.87
286.42,220.92,57.606,115.21
286.26,220.3,57.801,115.6
286.01,220.26,57.667,115.33
287.24,220.45,57.631,115.26
287.98,220.65,57.344,114.69
291,220.22,57.308,114.62
292.31,218.99,57.547,115.09
292.54,218.01,57.873,115.75
293.31,217.04,58.257,116.51
294.08,216.93,58.134,116.27
293.07,213.71,58.22,116.44
291.95,212.28,58.465,116.93
289.68,211.83,58.871,117.74
280.98,208.88,58.803,117.61
276.55,209.06,58.633,117.27
268.26,209.03,58.715,117.43
262.91,211.24,58.614,117.23
259.38,213.37,58.658,117.32
258.72,215.86,58.839,117.68
259.45,217.49,58.894,117.79
265.3,220.67,57.917,115.83
269.2,221.42,57.694,115.39
271.99,222.7,57.733,115.47
272.85,223.43,57.917,115.83
272.1,222.93,58.374,116.75
272.35,221.17,59.276,118.55
273.83,222.7,59.215,118.43
273.73,222,59.421,118.84
273.34,222.18,59.398,118.8
273.08,222.42,59.533,119.07
273.22,223.43,59.153,118.31
272.31,223.44,59.264,118.53
271.74,224.78,59.075,118.15
268.66,224.86,59.295,118.59
267.26,226.67,58.64,117.28
263.05,224.81,58.646,117.29
260.67,223.74,58.69,117.38
258.55,222.74,58.663,117.33
256.85,222.22,58.522,117.04
255.88,222.11,58.469,116.94
256.04,222.3,58.426,116.85
256.82,222.87,58.477,116.95
257.71,222.96,58.541,117.08
259.75,223.56,58.349,116.7
262.87,224.8,58.222,116.44
265.99,224.44,58.224,116.45
268.16,225.14,58.346,116.69
271.2,227.64,58.104,116.21
272.4,228.65,58.193,116.39
273.64,229.51,58.347,116.69
276.11,231.18,58.379,116.76
277.47,231.69,58.472,116.94
278.57,231.37,58.614,117.23
280.72,231.32,58.577,117.15
282.68,230.71,58.454,116.91
284.29,229.26,58.613,117.23
288.83,228.52,58.665,117.33
291.81,228.02,58.475,116.95
293.83,226.59,58.608,117.22
297.33,226.77,58.498,117
299.76,225.49,58.769,117.54
303.44,224.72,58.803,117.61
305.46,224.24,58.851,117.7
307.14,223.32,58.843,117.69
307.78,222.07,58.925,117.85
308.65,221.59,58.761,117.52
308.2,219.61,58.697,117.39
307.74,219.51,58.685,117.37
306.87,220.27,58.607,117.21
305.34,220.81,58.531,117.06
303.05,221.67,58.584,117.17
299.63,224.48,58.522,117.04
296.21,226.53,58.533,117.07
292.86,228.68,58.691,117.38
290.13,231.45,58.605,117.21
286.66,232.78,58.633,117.27
282.34,233.82,58.635,117.27
279.84,234.06,58.756,117.51
276.65,234.02,58.829,117.66
274.59,235.08,58.895,117.79
272.52,235.82,59.367,118.73
271.18,239.19,59.248,118.5
269.99,240.33,59.329,118.66
269.72,240.92,59.533,119.07
269.08,240.85,59.347,118.69
269.43,241.1,59.167,118.33
270.79,239.06,59.287,118.57
275.96,238.71,58.457,116.91
281.17,234.92,58.397,116.79
287.71,234.68,58.103,116.21
287.83,234.27,58.236,116.47
356.26,229.64,59.389,118.78
359.07,230.55,59.504,119.01
358.51,228.53,59.752,119.5
358.28,225.85,60.212,120.42
356.9,224,60.422,120.84
356.66,222.91,60.377,120.75
355.87,221.56,60.051,120.1
356.26,221.12,60.158,120.32
354.94,221.49,60.147,120.29
356.59,222.59,60.018,120.04
358.51,223.96,59.548,119.1
358.07,224.12,59.195,118.39
358.5,223.04,58.708,117.42
358.44,220.47,58.179,116.36
356.94,216.49,58.11,116.22
353.72,212.5,58.336,116.67
353.26,215.56,58.097,116.19
348.51,216.83,58.309,116.62
353.08,235.58,57.683,115.37
344.53,234.69,57.274,114.55
335.37,228.88,56.934,113.87
331.89,225,57.087,114.17
330.74,226.24,57.433,114.87
325.34,230.56,58.065,116.13
322.11,237.82,57.696,115.39
319,244.1,56.526,113.05
318.01,244.77,55.346,110.69
317.95,243.75,54.911,109.82
318.76,244.51,54.521,109.04
315.66,242.77,54.571,109.14
320.25,243.26,54.242,108.48
330.3,248.11,53.605,107.21
283.78,241.95,54.595,109.19
278.49,240.61,55.684,111.37
270.1,241.75,55.756,111.51
269.77,237.16,57.153,114.31
265.69,234.89,58.582,117.16
251.33,234.23,59.16,118.32
249.87,232.43,58.929,117.86
246.65,233.51,58.8,117.6
242.04,237.02,58.579,117.16
241.91,236.94,58.465,116.93
240.04,236.94,58.602,117.2
240.32,244.05,57.732,115.46
238.57,242.79,57.533,115.07
237.6,238.55,58.356,116.71
236.31,239.4,58.853,117.71
236.01,239.16,58.979,117.96
236.46,239.35,58.967,117.93
236.26,237.68,59.215,118.43
236.21,236.11,59.506,119.01
236.38,236.07,59.488,118.98
236.21,235.52,59.883,119.77
236.88,236.27,59.561,119.12
236.61,236.73,59.485,118.97
235.56,236.27,59.68,119.36
235.68,237.33,59.394,118.79
234.68,236.87,59.593,119.19
235.08,237.73,59.182,118.36
233.52,237,59.48,118.96
233.22,237.38,59.185,118.37
233.23,237.77,59.096,118.19
233.21,237.97,59.149,118.3
233.05,238.83,59.03,118.06
233.63,239.7,58.973,117.95
233.63,240.71,59.1,118.2
233.16,240.03,59.453,118.91
233.15,240.5,59.36,118.72
233.63,241.3,59.279,118.56
233.38,241.2,59.15,118.3
232.03,240.21,59.151,118.3
230.65,239.6,59.393,118.79
229.67,239.33,59.419,118.84
228.32,239.4,59.393,118.79
226.79,239.34,59.406,118.81
225.19,239.34,59.331,118.66
224.43,239.74,59.295,118.59
223.26,239.74,59.263,118.53
221.91,239.57,59.247,118.49
220.29,238.77,59.46,118.92
218,237.64,59.744,119.49
217.38,237.17,59.557,119.11
216.98,237.59,59.504,119.01
215.22,237.48,59.568,119.14
215.17,238.89,59.455,118.91
212.99,239.52,59.478,118.96
212.18,240.33,59.514,119.03
211.43,240.88,59.58,119.16
211.59,241.44,59.462,118.92
210.9,240.59,59.558,119.12
211.68,240.9,59.357,118.71
212.25,240.75,59.254,118.51
212.8,241.02,59.213,118.43
213.55,241.55,59.302,118.6
215.68,243.92,59.169,118.34
217.4,246.48,59.492,118.98
218.13,248.47,59.66,119.32
218.92,249.56,59.737,119.47
218.86,248.67,59.584,119.17
219.15,248.08,59.301,118.6
219.22,245.85,58.872,117.74
219.26,243.38,58.792,117.58
220.11,241.12,58.841,117.68
221.4,238.85,58.979,117.96
224.51,237.83,58.823,117.65
229.07,236.93,58.687,117.37
233.87,236.66,58.983,117.97
237.35,236.24,59.218,118.44
240.92,236.05,59.244,118.49
245.08,236.35,59.112,118.22
248.37,235.77,59.298,118.6
250.05,236.66,59.301,118.6
250.04,236.48,59.272,118.54
249.23,236.29,59.183,118.37
247.38,235.65,58.955,117.91
244.48,234.82,58.819,117.64
240.31,234.02,58.729,117.46
238.15,234.11,58.691,117.38
235.46,234.46,58.781,117.56
232.67,234.66,58.895,117.79
230.19,236.51,59.143,118.29
227.88,238.53,59.078,118.16
225.62,239.45,59.229,118.46
224.81,240.34,59.287,118.57
223.63,239.85,59.507,119.01
223.2,238.69,59.649,119.3
224.81,237.88,59.841,119.68
225.47,236.19,59.927,119.85
228.95,236.02,59.895,119.79
231.26,235.27,59.851,119.7
234.82,233.87,59.755,119.51
237.47,233.37,59.53,119.06
240.2,233.3,59.587,119.17
244.06,233.94,59.651,119.3
246.6,234.51,59.719,119.44
248.42,234.77,59.712,119.42
251.25,236.62,59.59,119.18
253.47,238.42,59.642,119.28
255.79,240.14,59.645,119.29
257.31,241.63,59.792,119.58
258.73,242.54,59.869,119.74
261.25,245.75,59.693,119.39
263.19,247.98,59.599,119.2
265.88,250.36,59.571,119.14
268.32,251.8,59.478,118.96
270.44,252.76,59.531,119.06
274.34,254.38,59.384,118.77
278.12,255.46,59.088,118.18
281.81,255.16,59.182,118.36
285.58,254.82,59.18,118.36
289.12,254.34,59.347,118.69
291.92,254.48,59.283,118.57
293.66,254.02,59.134,118.27
294.07,253.18,58.948,117.9
294.88,252.54,58.791,117.58
293.78,250.67,58.689,117.38
293.06,249.4,58.687,117.37
291.37,247.99,58.638,117.28
290.26,247.38,58.341,116.68
288.56,247.46,58.278,116.56
285.28,247.19,57.968,115.94
279.87,247.63,57.85,115.7
272.98,246.96,57.684,115.37
265.91,246.21,57.637,115.27
257.67,244.47,57.252,114.5
247.55,242.41,57.133,114.27
241.01,241.06,57.263,114.53
234.02,240.52,57.559,115.12
227.31,242.06,58.042,116.08
221.24,244.95,58.201,116.4
213.59,248.11,58.345,116.69
204.34,253.78,58.212,116.42
195.25,256.37,58.057,116.11
185.27,259.58,57.815,115.63
175.05,260.08,57.289,114.58
184.25,261.45,58.036,116.07
162.46,262.16,58.135,116.27
163.61,260.58,58.088,116.18
163.95,260.59,57.594,115.19
164.68,259.8,57.639,115.28
166.87,261.03,57.548,115.1
189.63,260.23,57.628,115.26
197.35,261.66,57.591,115.18
202.64,261.19,57.855,115.71
210.21,261.44,58.056,116.11
218.64,261.45,58.393,116.79
233.49,261.7,58.545,117.09
241.29,262.63,58.692,117.38
251.81,263.21,58.908,117.82
260.58,262.91,59.149,118.3
269.57,262.2,59.385,118.77
284.48,260.33,59.421,118.84
292.93,260.74,59.327,118.65
299.65,261.54,59.653,119.31
305.39,261.72,59.735,119.47
309.58,261.29,59.679,119.36
311.15,260.27,59.55,119.1
310.65,258.49,59.475,118.95
309.16,255.32,59.388,118.78
306.94,253.44,59.296,118.59
304.99,251.77,59.242,118.48
301.77,248.73,59.415,118.83
299.86,247.52,59.492,118.98
299.34,248.26,59.68,119.36
299.77,251.46,59.694,119.39
300.03,254.32,59.773,119.55
300.07,258.21,59.822,119.64
302.34,259.75,59.528,119.06
303.16,259.23,59.394,118.79
305.41,256.34,59.065,118.13
308.37,251.62,58.402,116.8
312.61,242.91,58.404,116.81
315.85,237.98,58.164,116.33
318.61,233.39,58.408,116.82
322.06,232.94,58.489,116.98
323.91,231.77,58.485,116.97
325.83,229.49,58.713,117.43
327.44,228.15,58.313,116.63
327.93,226.3,57.908,115.82
326.81,222.93,57.89,115.78
326.98,219.98,57.754,115.51
325.83,217.51,57.729,115.46
323.74,215.97,57.424,114.85
321.61,215.22,57.176,114.35
319.14,214.19,57.255,114.51
317.76,214.82,56.68,113.36
316.54,214.85,56.435,112.87
316.92,214.55,56.142,112.28
317.82,213.76,55.91,111.82
319.58,212.31,55.637,111.27
322.63,210.2,55.3,110.6
329.46,206.34,55.396,110.79
334.4,204.3,55.384,110.77
339.26,202.95,55.573,111.15
343.82,203.15,55.739,111.48
347.73,205.15,55.771,111.54
354.26,207.44,56.117,112.23
357.84,209.02,56.595,113.19
357.07,208.78,57.648,115.3
355.91,209.52,57.748,115.5
352.26,209.59,57.536,115.07
341.2,206.02,57.146,114.29
331.53,200.26,56.761,113.52
318.95,193.63,55.879,111.76
304.33,185.05,56.289,112.58
288.37,178.24,56.525,113.05
268.47,174.72,56.107,112.21
254.48,172.79,55.963,111.93
239.87,169.89,56.334,112.67
228.06,167.81,56.627,113.25
217.43,166.28,56.759,113.52
208.41,165.33,56.882,113.76
203.31,163.37,57.133,114.27
201.68,161.96,56.966,113.93
201.11,158.11,56.901,113.8
200.27,152.96,56.853,113.71
201.76,145.64,56.483,112.97
202.42,138.67,56.403,112.81
202.03,132.76,56.545,113.09
201.06,125.08,57.16,114.32
199.38,120.27,57.072,114.14
197.75,114.8,56.767,113.53
195.59,111.19,56.963,113.93
193.13,109.4,57.348,114.7
189.34,110.64,57.299,114.6
184.42,111.51,57.387,114.77
178.67,112.84,57.287,114.57
174.36,113.15,57.345,114.69
170.89,113.84,57.322,114.64
167.55,113.62,57.376,114.75
165.5,113.61,57.434,114.87
164.64,113.55,57.497,114.99
164.23,113.66,57.743,115.49
165.69,116.01,57.6,115.2
167.39,118.73,57.651,115.3
170.63,121.2,57.442,114.88
173.04,121.06,57.274,114.55
175.35,120.34,57.074,114.15
177.75,119.54,56.967,113.93
179.77,117.69,57.24,114.48
181.91,117.2,57.221,114.44
185.18,117.32,57.271,114.54
189.36,118.42,57.005,114.01
193.57,118.84,56.968,113.94
195.98,118.84,57.086,114.17
198.6,118.99,57.013,114.03
199.91,118.08,57.191,114.38
199.64,117.56,57.382,114.76
200.66,118.65,57.322,114.64
201.89,120.18,57.155,114.31
203.83,123.04,56.932,113.86
206.13,126.76,57.011,114.02
208.6,130.3,56.922,113.84
210.83,132.65,56.766,113.53
214.47,134.7,56.361,112.72
216.52,134.55,56.358,112.72
218.99,134.43,56.383,112.77
221.34,134.72,56.408,112.82
223.2,135.77,56.442,112.88
224.92,137.15,56.436,112.87
226.31,138.73,56.454,112.91
228.01,140.54,56.529,113.06
229.89,141.68,56.559,113.12
231.5,142.9,56.581,113.16
234.03,144.4,56.522,113.04
237,146.43,56.218,112.44
240.75,146.58,56.625,113.25
243.29,147.24,56.491,112.98
246.15,146.98,56.658,113.32
248.07,147.56,56.794,113.59
250,147.89,56.778,113.56
250.93,149.23,56.753,113.51
251.02,150.07,56.677,113.35
250.35,150.06,56.638,113.28
249.18,149.52,56.836,113.67
247.89,149.27,56.75,113.5
246.69,148.72,56.523,113.05
244.18,146.77,56.537,113.07
241.94,145.53,56.563,113.13
239.39,144.1,56.663,113.33
237.19,143.6,56.888,113.78
235.44,143.04,56.961,113.92
234.35,143.2,56.92,113.84
232.67,142.75,56.944,113.89
230.73,141.5,56.954,113.91
230.87,141.22,56.541,113.08
234.03,141.52,56.125,112.25
233.13,140.95,55.945,111.89
233.13,139.62,55.545,111.09
233.81,138.57,55.404,110.81
234.01,136.69,55.212,110.42
234.27,136.08,55.636,111.27
234.22,136.04,55.688,111.38
237.79,137.02,54.584,109.17
240.03,136.4,54.415,108.83
240.11,135.03,55.266,110.53
240.76,133.93,55.709,111.42
244.06,133.26,55.836,111.67
245.88,132.55,55.735,111.47
249.64,131.91,55.821,111.64
251.98,130.98,55.844,111.69
253.86,130.88,56.054,112.11
259.08,131.69,56.012,112.02
262.21,132.14,56.176,112.35
264.67,133.13,56.318,112.64
269.01,133.64,56.203,112.41
272.43,133.85,56.059,112.12
274.21,133.44,56.047,112.09
274.9,133.06,55.929,111.86
275.04,131.48,55.95,111.9
274.87,130.55,56.081,112.16
274.33,130.46,56.191,112.38
272.85,130.84,56.359,112.72
271.28,130.92,56.583,113.17
269.02,130.84,56.579,113.16
267.53,131.87,56.523,113.05
266.31,131.63,56.308,112.62
266.18,131.63,56.133,112.27
266.38,132.49,55.941,111.88
268.08,131.17,55.903,111.81
269.24,131.23,55.922,111.84
270.06,131.34,55.977,111.95
272.92,131.98,56.178,112.36
275.38,132.19,56.113,112.23
278.62,132.15,56.283,112.57
279.88,131.98,56.158,112.32
282.03,132.41,56.402,112.8
283.67,132.44,56.61,113.22
284.5,132.09,56.324,112.65
285.95,132.17,56.289,112.58
286.35,131.94,56.306,112.61
287.23,132.22,56.565,113.13
287.55,132.16,56.685,113.37
288.93,133.46,56.783,113.57
290.73,135.17,56.881,113.76
293.02,137.26,56.931,113.86
293.6,139.11,57.175,114.35
297.55,142.93,56.774,113.55
300.54,145.56,56.893,113.79
303.58,147.56,56.863,113.73
305.72,148.98,56.788,113.58
306.87,149.49,56.805,113.61
308.11,150.37,56.671,113.34
309.79,150.77,56.553,113.11
310.09,150.5,56.664,113.33
311.42,150.71,56.666,113.33
312.76,150.62,56.682,113.36
313.52,150.82,56.594,113.19
314.14,150.61,56.565,113.13
313.89,150.22,56.533,113.07
314.28,150.06,56.388,112.78
314.62,148.97,56.325,112.65
314.43,147.49,56.161,112.32
314.01,146.71,56.026,112.05
313.05,145.2,56.294,112.59
311.84,143.8,56.246,112.49
311.08,142.43,56.287,112.57
309.7,140.56,56.1,112.2
310.05,139.62,56.118,112.24
309.94,138.46,56.008,112.02
310.39,137.24,56.16,112.32
310.82,136.58,56.235,112.47
312.48,136.19,56.314,112.63
314.52,136.12,56.409,112.82
316.61,136.33,56.535,113.07
318.8,136.2,56.611,113.22
320.81,136.56,56.593,113.19
325,138.32,56.404,112.81
329.35,140.06,56.331,112.66
332.61,140.75,56.549,113.1
337.01,142.67,56.132,112.26
341.02,145.02,56.213,112.43
343.44,147.39,56.545,113.09
345.15,148.37,56.794,113.59
347.79,149.49,57.307,114.61
351.56,150.3,57.699,115.4
355.06,151.51,57.522,115.04
357.14,151.91,57.654,115.31
359.33,153,57.791,115.58
360.08,153.25,58.005,116.01
361.31,153.93,58.169,116.34
360,153.87,58.525,117.05
358.94,153.8,58.571,117.14
357.89,153.69,58.36,116.72
356.26,153.19,58.228,116.46
352.89,151.13,58.238,116.48
349.01,148.7,58.239,116.48
343.71,145.78,57.777,115.55
338.97,144.06,57.644,115.29
334.53,142.59,57.874,115.75
328.4,141.23,58.176,116.35
322.03,141.14,58.358,116.72
313.83,142.01,58.143,116.29
306.66,141.32,58.144,116.29
301.02,140.78,58.005,116.01
296.97,140.59,57.715,115.43
292.1,139,57.606,115.21
285.93,136.74,57.251,114.5
281.73,134.76,57.177,114.35
278.01,133.71,57.44,114.88
275.08,133.59,57.664,115.33
273.06,134.58,57.794,115.59
269.86,136.04,58.244,116.49
268.32,137.79,58.368,116.74
267.86,140.55,58.246,116.49
267.37,141.83,58.279,116.56
267.82,143.81,58.305,116.61
269.04,145.17,58.555,117.11
269.97,145.63,58.598,117.2
272.54,147.52,58.436,116.87
274.97,148.38,58.373,116.75
278.72,150.17,58.36,116.72
282.63,150.96,58.462,116.92
285.13,151,58.556,117.11
288.19,151.14,58.477,116.95
289.62,150.26,58.453,116.91
290.46,148.68,58.424,116.85
291.17,147.25,58.362,116.72
290.27,146.03,58.505,117.01
288.95,144.97,58.563,117.13
288.5,145.61,58.561,117.12
287.85,146.07,58.526,117.05
287.89,146.01,58.114,116.23
288.09,146.36,56.935,113.87
288.69,146.46,55.211,110.42
289.57,147.83,53.706,107.41
290.92,148.08,52.71,105.42
292.62,147.54,51.253,102.51
294.09,141.79,51.175,102.35
294.74,134.92,51.374,102.75
289.44,154.17,53.543,107.09
288.26,153.78,55.666,111.33
290.01,149.7,57.732,115.46
292.42,147.67,58.835,117.67
292.15,146.91,59.11,118.22
292.98,148.11,59.55,119.1
297.73,150.55,59.218,118.44
299.71,150.43,58.916,117.83
303.45,149.23,59.067,118.13
303.07,148.6,58.967,117.93
303.86,147.19,58.582,117.16
304,143.96,58.386,116.77
304.62,142.1,57.886,115.77
301.56,136.57,57.873,115.75
298.78,133.87,57.991,115.98
295.41,133.96,57.984,115.97
292.68,132.85,57.984,115.97
290.11,131.93,58.2,116.4
285.76,133.62,58.015,116.03
285.23,134.62,57.939,115.88
283.91,133.73,58.223,116.45
282.53,132.8,58.369,116.74
282.39,130.86,58.34,116.68
281.93,125.44,57.969,115.94
281.57,120.78,58.138,116.28
280.25,116.62,58.084,116.17
279.27,114.16,58.039,116.08
277.58,110.38,58.067,116.13
276.17,105.8,57.891,115.78
274.84,102.76,57.787,115.57
274.43,101.35,58.046,116.09
274.73,101.16,58.149,116.3
274.24,99.907,58.313,116.63
274.42,100.13,58.201,116.4
274.11,99.217,58.226,116.45
274.14,98.542,58.343,116.69
275.17,98.455,58.362,116.72
275.61,98.741,58.242,116.48
276.86,99.671,58.195,116.39
277.97,101.2,58.194,116.39
279.16,102.72,58.254,116.51
279.96,104.86,58.127,116.25
280.09,106.13,58.314,116.63
281.44,109.81,57.822,115.64
280.72,112.21,57.862,115.72
280.14,115.01,58.041,116.08
280.3,118.88,57.832,115.66
279.13,121.49,57.909,115.82
276.9,124.79,58.004,116.01
275.43,126.65,57.956,115.91
272.5,128.24,57.982,115.96
268.94,130.1,57.891,115.78
264.89,131.74,57.806,115.61
259.1,135.84,57.803,115.61
255.32,140.05,57.729,115.46
251.38,145.38,57.602,115.2
247.59,149.32,57.87,115.74
245.49,153.92,57.598,115.2
243.3,158.1,57.804,115.61
242.06,159.51,57.924,115.85
241.94,160.33,57.354,114.71
241.16,159.85,57.402,114.8
240.4,160.02,57.438,114.88
238.58,160.61,57.469,114.94
237.33,162.34,57.457,114.91
175.13,162.27,57.733,115.47
234.12,167.35,57.515,115.03
230.95,168.46,57.418,114.84
226.71,168.93,57.192,114.38
222.36,166.76,57.396,114.79
218.28,166.03,57.484,114.97
213.34,165.47,57.808,115.62
208.65,166.71,57.867,115.73
203.81,172.09,57.912,115.82
200.31,175.88,58.018,116.04
198.86,177.91,58.106,116.21
198.76,177.44,58.101,116.2
200.93,175.14,57.873,115.75
203.91,173.02,57.792,115.58
209.67,171.56,57.907,115.81
215.19,170.95,58.294,116.59
223.56,172.53,58.038,116.08
231.7,174.66,58.083,116.17
242.14,178.43,58.273,116.55
251.57,182.61,58.212,116.42
259.55,183.65,58.445,116.89
265.83,181.8,58.896,117.79
270.27,178.41,58.746,117.49
272.26,172.96,58.928,117.86
272.49,170.83,58.946,117.89
271.63,167.86,59.016,118.03
270.41,164.35,59.117,118.23
268.36,161.45,59.521,119.04
267.21,160.14,59.471,118.94
266.25,159.28,59.665,119.33
265.71,159.13,59.66,119.32
264.97,158.41,59.688,119.38
263.2,157.07,59.591,119.18
259.32,155.31,59.815,119.63
254.01,152.46,59.862,119.72
250.45,149.54,59.65,119.3
247.93,147.09,59.26,118.52
245.18,145.34,58.813,117.63
234.72,142.57,58.991,117.98
228,143.12,59.055,118.11
223.77,144.99,58.665,117.33
219.54,146.3,58.865,117.73
214.41,147.05,58.795,117.59
207.7,148.13,58.823,117.65
204.14,149.22,58.776,117.55
200.39,150.19,59.231,118.46
197.04,152.7,59.015,118.03
192.59,155.75,58.915,117.83
186.89,160.06,59.27,118.54
184.82,164.55,59.505,119.01
182.98,170.1,59.373,118.75
183.05,175.11,59.244,118.49
184.76,179.04,58.948,117.9
189.01,181.33,58.879,117.76
192.44,181.38,58.927,117.85
196.44,181.07,58.827,117.65
199.52,178.35,59.12,118.24
203.2,175.68,58.967,117.93
208.95,171.06,58.851,117.7
211.84,167.1,59.002,118
215.77,165.45,59.022,118.04
218.75,164.6,59.151,118.3
221.11,164.39,59.351,118.7
226.19,166.79,59.103,118.21
228.55,166.67,59.253,118.51
231.95,166.16,59.187,118.37
234.6,163.45,59.321,118.64
237.74,161.2,59.091,118.18
240.79,155.05,59.2,118.4
241.78,151.79,59.231,118.46
241.37,149.87,59.248,118.5
239.33,149.36,59.202,118.4
233.62,151.11,58.538,117.08
215.1,152.14,58.674,117.35
203.71,152.81,58.873,117.75
190.69,152.79,58.889,117.78
178.84,153.67,59.111,118.22
167.39,153.8,59.457,118.91
152.83,153.59,59.736,119.47
145.55,153.16,60.075,120.15
139.42,152.99,60.223,120.45
134.01,153.12,60.33,120.66
128.63,152.65,60.553,121.11
121.37,154.23,60.411,120.82
114.16,154.52,60.713,121.43
106.19,156.65,60.697,121.39
99.505,158.55,60.627,121.25
94.909,161.87,60.301,120.6
90.054,166,59.015,118.03
90.687,167.5,57.727,115.45
93.812,169.19,56.535,113.07
100.05,168.53,55.952,111.9
105.42,166.26,55.646,111.29
114.98,156.24,57.695,115.39
122.62,153.11,59.173,118.35
125.62,149.52,60.345,120.69
131.74,148.18,61.233,122.47
137.75,149.05,60.647,121.29
141.19,147.31,60.683,121.37
143.34,143.77,60.756,121.51
143.82,144,60.339,120.68
145.56,147.64,59.053,118.11
146.1,145.81,59.004,118.01
145.69,150.82,58.255,116.51
146.13,154.2,57.565,115.13
143.56,154.71,58.384,116.77
142.71,157.21,58.537,117.07
139.84,158.08,59.046,118.09
137.61,161.33,58.277,116.55
135.24,160.9,58.531,117.06
131.84,159.74,58.957,117.91
130.32,161.5,58.612,117.22
129.74,161.05,58.715,117.43
129.69,162.64,58.43,116.86
130.04,162.22,58.786,117.57
131.88,160.22,58.943,117.89
135.37,160.19,58.905,117.81
138.95,157.97,59.202,118.4
145.06,153.57,59.655,119.31
150.39,152.35,59.543,119.09
156.75,153.69,59.051,118.1
163.08,153.79,58.778,117.56
166.29,155.18,58.751,117.5
171.61,156.31,59.16,118.32
173.08,157.51,59.492,118.98
172.99,159.35,59.723,119.45
171.08,159.97,59.772,119.54
168.03,159.16,59.66,119.32
164.52,160.19,59.509,119.02
155.16,157.18,60.296,120.59
148.24,158.99,59.947,119.89
143.11,157.38,60.086,120.17
139.02,156.4,60.107,120.21
129.76,157.48,59.869,119.74
126.51,157.16,59.2,118.4
124.89,154.14,60.026,120.05
124.45,152.1,60.633,121.27
124.5,151.8,61.342,122.68
129.77,153.49,61.254,122.51
137.08,156.19,61.007,122.01
144.17,157.91,60.769,121.54
151.28,159.38,61.128,122.26
158.25,162.79,60.797,121.59
164.66,164.74,60.922,121.84
172.1,168.16,61.105,122.21
176.69,170.52,61.275,122.55
179.97,172.32,61.531,123.06
182.95,172.36,61.551,123.1
184.91,168.55,61.745,123.49
186.5,163.76,61.987,123.97
187.51,158.96,62.08,124.16
189.11,154.13,62.104,124.21
189.71,150.31,61.887,123.77
189.62,145.62,61.999,124
188.25,142.75,62.473,124.95
187.61,141.75,62.546,125.09
185.87,141.28,62.434,124.87
184.22,141.64,62.464,124.93
182.93,141.81,62.274,124.55
181.25,143.55,61.964,123.93
180.75,143.35,62.452,124.9
180.25,142.63,62.622,125.24
181.06,140.75,62.62,125.24
181.46,137.61,62.617,125.23
181.89,133.86,62.693,125.39
180.62,130.96,62.563,125.13
179,129.13,62.464,124.93
176.08,128.03,62.642,125.28
171.82,128.42,62.927,125.85
169.68,131.07,62.633,125.27
168.13,132.32,62.767,125.53
167.75,132.91,62.8,125.6
168.68,132.67,62.705,125.41
170.54,132.36,62.441,124.88
173.89,132.87,62.494,124.99
177.52,134.23,62.389,124.78
180.36,134.72,62.368,124.74
183.47,134.71,62.145,124.29
186.94,134.88,61.803,123.61
189.82,136.13,61.97,123.94
192.57,139.74,61.791,123.58
194.58,144.2,62.156,124.31
196.01,147.84,62.1,124.2
195.98,149.49,62.206,124.41
195.97,150.87,61.929,123.86
196.04,151.87,61.983,123.97
196.07,153.44,62.213,124.43
196.09,154.86,62.513,125.03
197.07,156.92,62.63,125.26
197.93,157.26,63,126
199.19,157.33,62.833,125.67
200.81,156.05,62.945,125.89
202.59,156,62.872,125.74
204.58,156.31,62.725,125.45
206.49,157.31,62.907,125.81
207.65,158.38,62.851,125.7
208.13,159.06,63.018,126.04
208.33,158.89,62.681,125.36
207.93,157.25,62.612,125.22
206.45,150.99,62.795,125.59
204.96,144.6,62.77,125.54
203.47,138.63,62.713,125.43
201.84,134.06,62.755,125.51
200.03,133.53,62.971,125.94
196.43,136.54,62.823,125.65
194.34,140.43,62.814,125.63
192.31,142.95,63.106,126.21
190.23,143.44,63.056,126.11
188.22,143.08,63.034,126.07
185.78,141.89,63.024,126.05
183.44,141.69,63.084,126.17
181.95,142.04,63.219,126.44
179.82,143.12,63.287,126.57
177.55,144.37,63.436,126.87
175.93,146.79,63.486,126.97
175.31,147.93,63.693,127.39
175.39,148.69,63.974,127.95
175.6,148.22,64.192,128.38
176.12,148.03,64.243,128.49
177.71,146.58,64.377,128.75
177.87,145.47,64.608,129.22
178.34,144.14,64.596,129.19
178.7,142.56,64.577,129.15
178.88,141.35,64.706,129.41
177.8,139.99,65.022,130.04
177.23,141.34,64.903,129.81
175.82,142.28,65.09,130.18
173.8,143.33,65.222,130.44
171.08,143.65,65.838,131.68
166.7,144.6,66.008,132.02
161.87,143.51,66.835,133.67
158.3,144.58,66.809,133.62
154.24,144.81,66.757,133.51
149.92,145.32,66.773,133.55
145.79,146.39,66.815,133.63
142.33,146.2,67.042,134.08
139.69,145.69,67.051,134.1
137.15,144.98,67.218,134.44
134.89,143.76,67.321,134.64
131.38,141.49,67.948,135.9
128.51,139.97,68.055,136.11
126.41,139.58,68.034,136.07
123.12,138.9,68.285,136.57
120.01,137.53,68.726,137.45
118.4,137.5,68.481,136.96
117.29,136.12,68.515,137.03
115.8,133.38,68.967,137.93
115.77,131.92,68.979,137.96
116.4,131.09,69.083,138.17
116.79,130.68,69.096,138.19
117.46,131.62,68.949,137.9
116.37,131.42,69.381,138.76
117.24,134.6,68.96,137.92
116.72,135.82,69.342,138.68
116.6,137.26,69.159,138.32
116.03,136.94,69.156,138.31
114.18,137.91,68.634,137.27
112.92,137.12,69.244,138.49
111.98,137.71,69.367,138.73
109.26,138.21,69.743,139.49
105.64,139,70.3,140.6
100.96,141.64,70.462,140.92
95.516,143.11,70.665,141.33
90.573,145.58,70.484,140.97
84.905,146.16,70.636,141.27
81.162,147.99,70.236,140.47
78.198,149.26,69.494,138.99
76.966,148.93,69.369,138.74
77.193,150.42,68.427,136.85
78.305,152.08,67.433,134.87
78.149,152.6,67.621,135.24
78.004,153.28,67.471,134.94
78.273,154.94,67.384,134.77
76.45,155.49,67.724,135.45
73.235,156.63,67.872,135.74
69.59,154.08,68.609,137.22
66.053,153.51,68.984,137.97
62.93,152.88,68.633,137.27
59.019,149.91,69.182,138.36
58.79,150.75,68.543,137.09
59.966,151.83,67.143,134.29
62.244,151.22,66.694,133.39
63.984,149.75,66.812,133.62
69.146,148.2,66.528,133.06
76.42,144.01,66.368,132.74
84.742,138.15,66.156,132.31
95.561,133.77,65.731,131.46
105.69,129.65,65.648,131.3
117.03,128.13,65.404,130.81
130.28,129.1,65.381,130.76
139.74,130.87,65.222,130.44
148.43,134.68,64.744,129.49
154.79,137.09,64.511,129.02
159.95,139.68,64.151,128.3
292.73,142.45,63.549,127.1
257.61,142.98,63.76,127.52
164.3,151.43,63.338,126.68
291.72,150.94,63.557,127.11
254.73,151.02,63.915,127.83
157.39,155.37,63.765,127.53
152.89,154.39,63.409,126.82
150.1,151.78,63.399,126.8
147.61,151.36,63.331,126.66
145.76,152.84,63.211,126.42
144.24,156.67,63.075,126.15
143.35,164.67,62.519,125.04
143.07,169.36,62.688,125.38
142.96,173.3,63.096,126.19
143.7,175,63.492,126.98
144.92,175.67,63.272,126.54
145.76,175.95,63.124,126.25
147.14,178.23,62.644,125.29
146.63,180.91,62.85,125.7
147.44,188.71,62.881,125.76
148.29,195.47,62.972,125.94
148.26,198.31,63.196,126.39
148.71,197.39,63.852,127.7
149.44,196.3,63.284,126.57
151.24,193.05,62.769,125.54
153.34,188.42,62.425,124.85
155.98,183.01,62.513,125.03
158.62,179.78,62.162,124.32
161.08,175.44,62.394,124.79
163.36,172.04,62.501,125
165.59,170.98,62.717,125.43
165.71,170.4,62.897,125.79
165.54,170.74,62.918,125.84
164.54,170.16,62.982,125.96
164.29,168.36,63.129,126.26
163.99,167.54,62.755,125.51
162.74,164.43,62.978,125.96
161.51,162.61,62.99,125.98
161.81,161.57,63.034,126.07
162.11,160.61,63.021,126.04
162.94,158.62,62.995,125.99
163.81,156.53,62.887,125.77
166.16,153.8,62.656,125.31
168.14,151.64,62.498,125
169.7,150.74,62.996,125.99
170.14,150.01,62.781,125.56
170.25,149.36,62.594,125.19
170.29,148.87,62.478,124.96
168.8,148.25,62.773,125.55
167.04,148.06,62.684,125.37
165.07,148.65,62.727,125.45
162.29,149.95,62.628,125.26
159.46,151.34,62.665,125.33
155.91,152.35,62.609,125.22
152.11,152.93,62.564,125.13
148.39,153.28,62.451,124.9
144.78,153.09,62.596,125.19
142.39,153.58,62.54,125.08
140.51,153.98,62.594,125.19
139.9,154.43,62.292,124.58
140.15,154.32,62.111,124.22
140.61,154.08,61.895,123.79
142.22,152.89,61.813,123.63
144.15,151.92,61.576,123.15
145.91,150.75,61.454,122.91
147.46,149.7,61.617,123.23
149.57,149.4,61.803,123.61
151.2,149.54,61.872,123.74
153.43,151.09,61.401,122.8
155.87,151.44,61.349,122.7
158.33,152.11,61.234,122.47
162.27,154.09,60.904,121.81
164.6,155.76,60.884,121.77
166.9,157.9,60.796,121.59
167.79,160.42,60.595,121.19
168.96,163.57,60.756,121.51
168.82,167.49,60.626,121.25
169.26,171.45,60.381,120.76
167.94,173.38,60.544,121.09
168.01,175.93,60.457,120.91
166.8,175.16,60.473,120.95
166.48,174.84,60.453,120.91
166.6,173.03,60.409,120.82
167.47,171.52,60.106,120.21
168.63,170,59.936,119.87
170.32,168.46,59.746,119.49
171.08,166.15,59.607,119.21
172.36,165.2,59.83,119.66
172.66,164.71,59.628,119.26
173.63,165.19,59.751,119.5
173.47,166.23,59.742,119.48
174.35,167.67,59.607,119.21
175.62,168.06,59.363,118.73
176.19,167.33,59.078,118.16
176.04,164.17,58.765,117.53
175.77,160.69,58.475,116.95
175.17,156.35,58.498,117
173.82,153.56,58.766,117.53
172.11,152.78,58.886,117.77
169.54,152.38,59.019,118.04
166.83,153.02,58.892,117.78
161.27,151.89,58.854,117.71
155.21,151.33,58.776,117.55
149.59,150.3,58.773,117.55
143.97,149.36,59.059,118.12
139.9,150.33,59.121,118.24
134.91,153.85,59.041,118.08
132.22,159.85,58.393,116.79
130.12,166.27,57.904,115.81
128.01,171.9,57.945,115.89
127.22,178.08,58.22,116.44
127.09,182.61,58.429,116.86
127.54,185.01,58.559,117.12
128.65,186.01,58.719,117.44
130.69,186.76,58.477,116.95
132.02,186.21,58.335,116.67
135.43,186.38,58.206,116.41
137.11,186.61,58.488,116.98
139.52,187.76,58.675,117.35
143.22,188.1,58.771,117.54
147.33,187.55,58.279,116.56
153.62,187.42,58.61,117.22
159.63,187.81,58.907,117.81
203.87,187.75,58.251,116.5
171.72,187.86,58.341,116.68
175.54,186.35,58.057,116.11
217.25,182.75,58.004,116.01
184.35,180.33,57.963,115.93
188.07,177.94,57.714,115.43
191.63,176.21,57.293,114.59
194.41,173.93,57.604,115.21
196.42,171.3,58.089,116.18
199.24,169.42,57.772,115.54
202.36,168.15,57.875,115.75
203.78,168.43,57.643,115.29
205.32,166.42,57.957,115.91
204.86,164.56,57.848,115.7
204.3,162.53,57.662,115.32
204.69,161.75,57.418,114.84
205.83,161.49,57.055,114.11
206.36,160.78,57.589,115.18
208.66,160.56,57.896,115.79
211.42,161.3,57.768,115.54
217.6,161.56,57.602,115.2
226.02,161.46,57.797,115.59
234.37,161.93,57.402,114.8
241.45,161.23,57.528,115.06
242.89,157.99,58.285,116.57
244.14,157.56,58.827,117.65
245.01,156.33,59.143,118.29
245.23,155.53,59.359,118.72
247.46,155.41,59.439,118.88
248.09,154.29,60.116,120.23
249.56,154.67,59.896,119.79
251.81,156.42,59.364,118.73
253.13,156.64,59.749,119.5
253.4,158.29,59.919,119.84
254.76,160.99,59.161,118.32
254.16,160.65,59.128,118.26
254.2,160.74,59.002,118
254.64,161.46,58.471,116.94
253.52,159.79,58.514,117.03
253.3,159.29,58.299,116.6
253.93,159.95,58.017,116.03
254.33,160.17,58.01,116.02
255.01,161.33,57.784,115.57
255.5,162.51,57.887,115.77
255.86,163.91,57.708,115.42
256.69,164.71,57.527,115.05
255.42,164.23,57.409,114.82
254.82,164.53,57.139,114.28
252.4,163,57.226,114.45
248.46,162.09,57.146,114.29
245.63,162.3,56.849,113.7
242.34,162.35,56.632,113.26
239.33,161.45,56.881,113.76
235.7,160.08,56.939,113.88
232.42,155.68,57.47,114.94
229.53,150.25,57.932,115.86
227.66,146.02,57.542,115.08
226.81,144.34,56.48,112.96
227.11,144.7,56.112,112.22
227.85,147.93,55.86,111.72
228.67,152.16,55.958,111.92
230.04,154.78,56.095,112.19
233.83,157.38,56.029,112.06
237.3,159.04,56.003,112.01
242.59,161.8,56.149,112.3
248.47,165.8,56.028,112.06
253.26,170,55.936,111.87
258.6,173.21,55.87,111.74
264.94,174.43,55.679,111.36
271.4,173.3,55.754,111.51
278.47,171.57,55.06,110.12
284,166.86,55.185,110.37
290.82,162.32,55.333,110.67
296.27,158.85,55.461,110.92
301.45,155.5,55.195,110.39
304.53,152.46,55.11,110.22
305.64,149.03,55.336,110.67
305.94,146.98,55.123,110.25
305.71,145.38,55.409,110.82
304.38,145.19,55.606,111.21
302.6,145.25,56.077,112.15
300.92,148.14,56.117,112.23
299.07,150.61,56.022,112.04
297.12,152.75,56.194,112.39
294.99,155.58,56.241,112.48
293.6,156.78,56.471,112.94
293.3,158.67,56.712,113.42
293.18,161.34,56.62,113.24
292.63,162.43,56.957,113.91
293,166.42,57.055,114.11
293.82,169.23,56.978,113.96
293.13,172.33,56.847,113.69
292.82,173.86,57.121,114.24
292.47,176.06,57.157,114.31
291.75,177.85,57.281,114.56
291.68,179.44,57.355,114.71
292.29,181.51,57.312,114.62
292.2,183.32,57.267,114.53
292.66,184.5,57.476,114.95
293.58,185.46,57.463,114.93
293.65,185.58,57.369,114.74
294.1,185.49,57.053,114.11
293.71,183.67,56.849,113.7
292.26,181.12,56.638,113.28
289.34,176.68,56.746,113.49
286.48,173.66,56.396,112.79
282.86,170.58,56.379,112.76
277.43,167.64,56.315,112.63
271.9,165.03,56.551,113.1
263.7,163.2,56.928,113.86
256.99,163.09,56.875,113.75
250.87,163.09,56.719,113.44
245.32,162.93,56.74,113.48
240.06,162.54,56.818,113.64
234.79,161.71,56.726,113.45
231.35,161.1,56.794,113.59
228.38,159.86,56.702,113.4
225.69,159.88,56.88,113.76
222.75,159.66,56.931,113.86
221.26,160.53,56.659,113.32
219.5,161.62,56.992,113.98
217.74,163,57.228,114.46
216.19,165.06,57.234,114.47
214.63,167.87,57.203,114.41
213.22,170.61,57.127,114.25
212.3,171.87,57.294,114.59
211.16,172.75,57.052,114.1
210.31,172.48,56.893,113.79
208.78,170.96,56.889,113.78
206.91,168.92,56.8,113.6
205.67,168,56.699,113.4
203.34,167.38,56.924,113.85
199.79,166.93,57.168,114.34
195.41,167.92,57.301,114.6
187.32,168.87,57.247,114.49
179.76,168.65,57.595,115.19
173.01,169.21,57.358,114.72
167.71,169.26,57.28,114.56
162.57,168.23,57.242,114.48
159.46,164.32,57.876,115.75
160.25,162.41,57.501,115
162.57,160.68,57.548,115.1
167.14,160.33,57.617,115.23
173.27,161.13,57.574,115.15
183.8,163.48,57.241,114.48
191.68,165.49,57.124,114.25
200.35,168.25,56.304,112.61
208.84,168.77,56.306,112.61
216.66,169.74,56.259,112.52
227.24,169.88,56.485,112.97
236.07,170.08,56.699,113.4
245.13,172.48,56.59,113.18
254.53,174.61,56.772,113.54
266.41,178.02,56.403,112.81
285.17,180.61,56.32,112.64
298.7,181.82,56.462,112.92
311.18,182.73,56.356,112.71
323.85,182.57,55.946,111.89
335.91,180.17,56.23,112.46
352.15,177.82,56.373,112.75
362.61,175.95,56.238,112.48
372.78,173.42,56.188,112.38
382.94,171.39,56.105,112.21
392.37,170,56.03,112.06
407.22,168.38,55.933,111.87
415.97,165.79,56.25,112.5
420.54,161.6,56.908,113.82
414.84,159.82,57.198,114.4
412.84,158.72,56.518,113.04
409.73,157.85,55.923,111.85
402.06,157.62,55.644,111.29
395.35,159.55,55.056,110.11
385.64,161.32,54.953,109.91
375.87,163.24,54.475,108.95
359.65,164.67,53.852,107.7
350.73,163.51,53.577,107.15
339.85,160.81,52.993,105.99
329.6,157.56,52.558,105.12
319.62,153.48,52.313,104.63
304.24,151.67,52.429,104.86
296.11,151.78,51.943,103.89
289.31,150.68,52.133,104.27
282.56,150.53,52.119,104.24
275.6,150.07,52.032,104.06
266.55,148.78,52.547,105.09
262.06,149.83,52.215,104.43
257.91,150.63,52.434,104.87
252.81,155.63,51.982,103.96
246.21,161.73,51.78,103.56
235.92,179.05,51.474,102.95
230.64,185.53,51.287,102.57
224.76,189.47,51.941,103.88
220.33,192.58,52.294,104.59
216.87,193.6,52.756,105.51
209.79,193.79,52.11,104.22
204.97,192.79,51.835,103.67
199.65,191.66,51.887,103.77
194.28,191.54,51.982,103.96
190.54,191.66,52.617,105.23
178.04,194.29,52.578,105.16
171.33,195.33,52.704,105.41
166.32,196.78,52.755,105.51
162.06,198.15,52.39,104.78
158.23,197.52,53.162,106.32
148.57,198.85,52.987,105.97
144.02,198.3,53.039,106.08
139.92,197.89,53.173,106.35
135.9,197.92,53.377,106.75
133.16,198.37,53.405,106.81
128.81,200.3,53.415,106.83
124.52,203.36,53.468,106.94
121.5,206.54,53.53,107.06
117.6,209.77,53.58,107.16
111.98,211.71,53.81,107.62
105.78,212.23,54.14,108.28
99.97,213.16,54.024,108.05
95.743,212.1,54.01,108.02
91.191,211.96,54.001,108
86.232,212.99,54.231,108.46
81.645,214.69,54.118,108.24
75.91,216.9,54.071,108.14
72.368,217.61,54.015,108.03
70.948,216.9,54.048,108.1
71.095,215.15,53.751,107.5
71.773,210.21,53.941,107.88
74.447,207.25,53.48,106.96
80.073,204.5,53.27,106.54
87.048,204.06,53.77,107.54
96.501,206.34,53.866,107.73
110.36,208.68,54.217,108.43
143.24,211.17,54.142,108.28
167.18,213.17,53.706,107.41
199.75,213.63,53.518,107.04
229.1,211.95,53.501,107
267.06,210.13,53.082,106.16
315.99,206.1,53.202,106.4
345.35,203.14,53.8,107.6
370.42,195.79,53.742,107.48
395.22,190.08,53.389,106.78
420.1,191.3,52.322,104.64
447.65,188.09,54.366,108.73
466.27,193.46,54.922,109.84
477.75,198.24,54.542,109.08
486.56,200.1,55.121,110.24
493.4,202.11,54.776,109.55
497.31,201.33,54.804,109.61
499.9,197.86,54.931,109.86
501.9,192.77,54.827,109.65
502.3,187.28,54.752,109.5
502.71,182.05,54.67,109.34
502.93,178,54.998,110
502.42,176.12,55.009,110.02
499.99,173.97,54.67,109.34
493.37,170.33,54.497,108.99
485.3,166.25,54.356,108.71
474.78,161.26,54.186,108.37
462.83,156.51,53.968,107.94
449.7,151.41,53.678,107.36
436.65,147.45,53.615,107.23
423.75,145.56,53.925,107.85
408.45,147,53.55,107.1
395.3,148.75,53.554,107.11
382.77,151.8,53.542,107.08
370.54,155.33,53.189,106.38
359.16,159.26,53.406,106.81
345.4,163.54,53.442,106.88
335.6,166.45,53.176,106.35
325.92,167.73,53.438,106.88
318.31,169,53.192,106.38
311.97,169.07,53.134,106.27
305.19,169.08,53.016,106.03
300.59,169.04,53.006,106.01
296.8,169.16,53.014,106.03
293.15,169.63,53.025,106.05
291.2,169.04,53.028,106.06
288.46,168.11,52.963,105.93
287.3,166.95,53.066,106.13
286.05,166.02,52.998,106
285.25,164.84,52.942,105.88
284.17,164.42,52.928,105.86
282.15,164.21,52.968,105.94
