391.5,192.5,110,316
391.37,199.61,110.19,316.55
391.12,198.95,110.61,317.74
391.75,199.56,110.35,317.02
391.98,199.63,110.26,316.73
392.15,199.59,110.25,316.72
392.26,199.22,110.39,317.11
392.95,199.85,110.11,316.31
392.82,199.4,110.25,316.71
392.97,199.34,110.29,316.85
393.16,199.1,110.47,317.35
393.65,199.46,110.38,317.09
393.91,199.63,110.34,316.98
393.87,199.13,110.5,317.43
394.03,199.15,110.5,317.43
394.28,199.2,110.47,317.34
394.67,199.34,110.42,317.22
394.91,199.43,110.45,317.29
395.22,199.43,110.5,317.42
395.27,199.23,110.53,317.53
396.18,199.75,110.19,316.53
397.21,199.17,109.85,315.57
399.11,200.45,108.89,312.82
400.49,201.03,108.24,310.96
400.96,200.38,108.83,312.63
402.54,200.89,108.6,311.99
402.77,200.2,109.15,313.55
404.01,199.84,109.19,313.67
405.3,199.36,109.12,313.48
406.49,198.87,109.3,313.98
407.37,198.53,109.56,314.73
407.89,197.6,110.04,316.1
407.89,196.09,111.15,319.31
408.84,196.04,111.05,319.03
409.95,194.92,111.75,321.02
411.64,192.86,112.58,323.4
413.29,192.61,112.96,324.49
414.73,191.81,113.47,325.97
417.61,191.16,113.04,324.72
419.51,190.62,113.65,326.48
421.96,189.25,114.25,328.2
419.62,188.84,115.25,331.07
421.31,187.11,115.97,333.15
430.92,180.28,116.82,335.59
443.5,178.4,117.13,336.47
451.88,180.23,116.27,334.02
467.18,192.39,114.83,329.88
472.58,194.4,113.2,325.19
477.12,195.69,111.86,321.35
474.94,198.97,110.78,318.25
475.49,202.67,110.15,316.43
475.27,203.81,110.1,316.28
478.4,204.75,109.73,315.23
481.27,205.04,109.6,314.84
483.37,205.98,108.89,312.81
481.18,205.51,108.91,312.88
480.19,205.6,108.57,311.89
479.28,205.79,108.52,311.75
478.55,205.83,108.55,311.84
477.41,204.9,109.04,313.23
477.24,204.22,109.13,313.5
476.23,201.91,109.91,315.75
476.78,201.76,109.82,315.49
476.9,201.71,109.56,314.74
476.57,201.48,109.45,314.41
476.21,200.55,109.92,315.78
476.42,200.48,109.85,315.56
476.07,200.25,109.66,315.01
475.9,200.13,108.79,312.52
476.23,200.09,108.6,311.97
475.47,199.32,108.8,312.56
474.53,199.27,108.81,312.58
473.84,199.91,108.55,311.85
473.64,200.08,108.47,311.61
474.04,199.68,108.78,312.49
474.22,200.04,108.78,312.5
474.8,199.8,108.98,313.06
474.76,199.5,109.29,313.97
474.77,198.83,109.53,314.64
474.74,199.3,109.94,315.84
473.42,199.1,110.22,316.62
466.96,196.21,110.5,317.43
464.03,194.19,111.15,319.3
452.48,189.94,111.43,320.12
447.32,188.41,111.87,321.37
444.77,188.41,112.34,322.72
442.24,189.56,112.88,324.26
443.07,191.49,113.51,326.1
444.08,193.84,114.11,327.81
451.9,195.44,114.23,328.16
456.38,197.37,114.3,328.35
451.32,197.55,113.71,326.66
453.12,198.76,113.08,324.86
455.82,200.27,112.22,322.37
457.76,201.41,111.74,321
459.16,201.37,111.37,319.92
459.98,200.95,111.37,319.92
460.19,200.16,111.67,320.8
461.32,199.58,111.67,320.8
462.07,198.98,111.81,321.2
463.19,197.65,111.9,321.46
464.56,197.38,112.19,322.3
466.06,197.01,112.17,322.23
467.08,196.8,112.57,323.38
468.21,196.1,112.78,323.98
468.86,195.55,112.65,323.62
470.16,195.64,112.74,323.87
470.15,194.96,112.85,324.18
470.73,194.37,113.16,325.06
472.5,194.32,113.1,324.92
473.47,193.31,113.65,326.49
474.79,192.13,114.23,328.16
476.12,190.32,114.9,330.09
476.62,187.9,115.78,332.6
477.35,187.11,116.25,333.96
476.8,186.09,117.02,336.17
475.95,185.81,117.32,337.03
474.68,186.64,117.73,338.2
471.46,187.95,117.24,336.78
468.29,189.59,116.66,335.14
465.39,190.28,116.4,334.38
462.67,190.8,116.12,333.57
459.74,190.76,116.01,333.28
457.5,191.19,115.77,332.58
454.96,191.7,115.74,332.49
452.15,191.62,115.65,332.22
449.99,191.68,115.29,331.19
447.94,192.18,115.1,330.65
446.01,192.88,114.62,329.28
444.01,194.13,114.26,328.25
441.76,194.74,113.93,327.3
439.49,194.81,113.55,326.2
437.62,195.95,113.33,325.56
435.12,195.68,113.39,325.73
434.48,195.76,113.22,325.25
432.53,196.43,113.36,325.66
429.18,197.61,113.34,325.6
425.71,200.88,113.19,325.16
423.81,204.99,113.15,325.05
427,205.38,112.91,324.37
432.95,204.01,112.47,323.08
434.8,204.43,112.33,322.68
435.59,204.93,111.81,321.19
437.18,204.75,111.52,320.38
438.56,205.15,111.64,320.72
439.09,203.94,111.95,321.59
441.62,203.73,111.67,320.8
442.03,202.4,111.28,319.67
442.38,200.89,111.21,319.48
442.33,199.48,111.1,319.16
441.77,200.47,111,318.88
442.06,199.8,111.49,320.29
443.11,200.14,111.83,321.26
443.28,200.44,112.06,321.92
444.28,201.82,112.32,322.68
444.56,201.09,112.59,323.45
445.19,201.87,113.04,324.73
446.37,203.97,112.98,324.57
446.26,206.32,112.99,324.6
446.4,209.55,112.74,323.87
446.65,212.83,112.32,322.66
448.23,217.76,111.63,320.69
444.56,215.66,111.2,319.45
444.26,216.42,110.72,318.06
443.23,216.76,109.67,315.05
442.15,216.32,109.15,313.55
443.12,217.63,109.01,313.15
442.89,218.01,108.89,312.8
443.05,218.08,108.95,312.98
441.27,217.25,108.55,311.84
439.76,215.86,108.4,311.41
439.91,215.39,108.13,310.64
438.3,213.89,108.13,310.63
437.19,213.66,108.27,311.03
435.15,213.67,108.28,311.05
433.24,213.52,108.07,310.47
429.57,212.32,108.27,311.03
426.08,210.84,108.5,311.68
421.19,210.38,108.8,312.56
415.87,211.47,108.89,312.8
380.01,207.41,109.21,313.74
379.51,207.24,109.39,314.25
380.32,207.88,109.58,314.8
379.06,206.49,109.68,315.08
378.08,205.29,109.94,315.81
378.74,205.62,110.17,316.49
374.85,204.14,109.58,314.79
378.49,206.47,109.53,314.64
379.3,207.01,109.6,314.84
377.26,205.7,109.64,314.96
376.96,206.18,109.5,314.55
375.92,206.57,109.32,314.04
375.85,206.95,109.32,314.06
376.78,207.74,109.19,313.66
377.19,207.53,109.04,313.23
377.64,207.87,108.92,312.91
377.92,206.7,109,313.12
378.15,205.85,109.25,313.86
378.11,204.64,109.37,314.2
378.68,203.6,109.49,314.54
378.78,201.96,109.69,315.1
379.25,201.06,109.77,315.33
379.23,199.83,109.88,315.65
379.98,198.98,109.76,315.32
379.9,197.36,110.17,316.49
379.95,195.46,110.58,317.66
380.43,193.82,110.83,318.39
381.14,192.39,111.08,319.1
382.04,190.61,111.01,318.91
382.76,192.35,111.34,319.84
381.95,195.4,111.64,320.7
381.43,197.99,111.91,321.47
381.78,199.73,112.11,322.05
383.34,202.04,112.14,322.15
388.1,205.78,112.33,322.7
395.3,208.23,112.63,323.54
403.83,212.05,112.54,323.31
403.59,209.12,112.56,323.36
400.75,206.78,112.15,322.18
401.47,205.36,112.19,322.29
401.61,204.11,112.58,323.41
402.97,202.97,112.63,323.55
403.5,200.55,112.74,323.86
402.51,198.39,113.05,324.77
402.53,198.65,113,324.62
401.76,198.85,112.97,324.54
401.53,200.69,113.02,324.67
401.97,203.06,113.04,324.72
402.23,205.4,112.88,324.28
402.29,207.04,113.07,324.82
403.21,209.33,113.09,324.88
403.93,210.96,113.19,325.18
404.73,212.96,113.12,324.95
405.25,213.12,113.18,325.13
405.41,213.44,113.13,325
404.99,213.09,113.11,324.93
404.92,212.18,113.35,325.63
404.4,211.02,113.34,325.59
404.27,210.57,113.33,325.58
404.56,209.78,113.3,325.47
404.6,208.96,113.31,325.5
404.51,208.25,113.33,325.57
404.64,207.95,113.27,325.38
405.07,207.45,113.23,325.29
405.59,207.4,113.21,325.23
406.12,206.7,113.18,325.14
406.85,206.88,113.2,325.19
407.38,206.4,113.25,325.32
407.3,205.4,113.19,325.16
407.66,205.23,113.12,324.98
407.89,204.71,113,324.62
407.85,203.97,113.05,324.78
408.07,203.62,112.92,324.39
407.27,202.62,113.07,324.82
407.43,202.14,113.34,325.6
406.98,200.85,113.49,326.02
407.14,200.19,113.68,326.58
407.5,200.06,113.55,326.19
407.71,199.23,113.71,326.66
407.83,199.05,113.84,327.02
407.59,198.91,113.84,327.02
407.25,199.49,113.91,327.23
407.49,200.18,113.79,326.88
407.4,200.49,113.99,327.47
407.52,200.89,113.96,327.37
407.67,200.89,113.99,327.45
407.73,200.96,114.01,327.53
407.82,201.15,114.07,327.69
408.24,201.64,114.1,327.78
408.46,202.34,114.08,327.71
408.53,202.4,114.12,327.84
408.86,202.66,114.12,327.84
409.03,202.87,114.13,327.85
409.06,203.12,114.13,327.85
409.17,203.27,114.14,327.9
409.35,203.47,114.25,328.21
409.37,203.59,114.34,328.46
408.99,203.19,114.23,328.15
409.6,204.21,114.18,328.02
409.88,204.62,114.09,327.74
409.63,204.65,114.23,328.14
409.76,205.02,114.24,328.19
409.81,205.25,114.27,328.26
409.84,205.16,114.47,328.84
409.17,204.69,114.45,328.78
409.44,205.4,114.22,328.14
410.08,205.96,114.35,328.5
409.81,205.8,114.22,328.12
410.58,206.6,114.07,327.7
410.55,206.94,114.16,327.95
410.66,207.59,113.94,327.33
409.88,207.75,113.74,326.76
409.59,208.66,113.39,325.73
408.74,208.96,113.17,325.12
408.67,209.9,112.93,324.4
408.23,210.05,112.9,324.32
408.72,210.77,112.61,323.51
413.78,214.23,111.15,319.31
415.89,215.48,110.74,318.12
420.82,218.13,109.96,315.88
422.54,219.57,109.49,314.55
429.71,221.61,109.17,313.61
420.57,223.23,108.2,310.84
422.72,224.14,107.48,308.77
428.51,228.1,106.83,306.9
430.69,232.46,106.45,305.81
430.66,238.21,105.13,302
437.41,246.12,102.59,294.73
438.69,252.07,100.47,288.61
442.89,256.26,98.703,283.55
443.37,259.65,97.16,279.11
495.47,225.05,97.589,280.35
502.62,228.1,97.565,280.28
502.9,233.86,96.624,277.57
474.71,230.72,96.765,277.98
473.15,233.41,96.336,276.75
473.62,227.64,96.189,276.32
470.08,224.5,95.846,275.34
467.94,224.11,95.811,275.24
469.06,223.2,96.343,276.77
467.73,221.59,96.678,277.73
467.85,221.07,96.581,277.45
466.56,221.13,96.628,277.59
464.73,222.33,96.439,277.04
464.57,223.46,96.304,276.65
465.07,223.61,96.173,276.28
464.71,223.07,96.215,276.4
462.59,222.63,96.377,276.87
462.76,221.4,96.801,278.08
463.31,220.12,96.899,278.36
464.88,219.7,96.617,277.56
462.79,219.76,96.433,277.02
462.24,220.28,96.13,276.15
462.48,221.01,95.799,275.21
461.98,221.43,95.703,274.93
461.99,221.01,95.739,275.03
461.59,220.85,95.696,274.91
460.65,220.19,95.813,275.25
459.85,219.72,95.695,274.9
459.41,219.9,95.619,274.69
459.4,219.1,95.6,274.63
459.55,219.09,95.557,274.51
458.87,218.62,95.584,274.59
458.6,218.79,95.729,275
458.25,218.34,96.049,275.92
457.06,217.18,96.62,277.56
456.98,216.89,96.809,278.11
456.95,217.01,97.129,279.02
456.18,216.1,97.449,279.95
456.13,216.23,97.862,281.13
455.63,215.54,98.355,282.55
455.74,215.22,98.797,283.82
455.36,213.7,99.366,285.45
455.25,213.67,99.674,286.34
455.32,212.73,99.998,287.27
456.03,213.16,100.13,287.65
456.59,212.99,100.19,287.8
457.55,213.18,100.12,287.61
458.11,213.33,100.17,287.77
458.42,212.85,100.45,288.56
459.27,212.36,100.74,289.41
459.81,212.2,100.86,289.73
459.86,212.03,101.27,290.92
460.64,211.98,101.5,291.59
460.71,211.13,101.97,292.93
461.23,210.72,102.35,294.02
461.75,210.81,102.71,295.05
462.31,210.54,103.22,296.54
462.75,210.28,103.41,297.07
463.45,209.54,103.69,297.88
463.1,209.41,103.83,298.28
463.55,209.63,103.94,298.6
464.22,209.51,104,298.75
464.57,208.91,104.06,298.94
464.87,209.05,104.1,299.05
465.35,209.28,104.05,298.9
465.64,209.51,104.01,298.78
466.25,209.65,103.99,298.73
467.09,209.62,104.03,298.84
467.07,209.4,104.13,299.13
467.23,209.46,104.18,299.29
467.81,209.15,104.21,299.37
468.6,209.19,104.15,299.19
469,209.17,104.11,299.09
469.65,209.3,104.14,299.16
469.25,209.03,104.1,299.06
469.3,208.59,104.21,299.35
469.67,208.72,104.31,299.65
469.8,208.53,104.43,300
469.38,208.44,104.44,300.02
469.97,208.44,104.3,299.62
470.21,209.05,103.96,298.66
470.21,208.87,103.97,298.68
469.91,208.94,103.82,298.25
470.24,209.1,103.68,297.83
470.46,209.36,103.55,297.48
470.08,209.02,103.67,297.82
470.11,209.15,103.67,297.83
470.12,209.43,103.56,297.5
470.09,209.77,103.4,297.04
470.17,210.33,103.23,296.55
470.44,210.97,103.05,296.04
470.14,210.68,102.87,295.52
470.34,211.04,102.65,294.88
470.34,211.97,102.14,293.43
470.33,212.33,101.79,292.42
470.41,211.84,101.9,292.73
469.83,211.85,101.65,292.01
470.56,212.41,101.49,291.55
470.47,212.22,101.25,290.85
470.28,212.33,101.11,290.46
470.71,212.42,100.96,290.02
470.14,212.32,100.81,289.6
470.18,211.8,100.64,289.11
470.26,209.57,101.08,290.39
469.66,205.81,102.01,293.03
469.24,202.88,102.02,293.08
467.07,210.04,102.1,293.3
466.1,211.38,101.93,292.82
463.67,211,102.09,293.28
462.32,214.7,101.42,291.34
461,216.67,101.21,290.75
459.87,217.52,101.45,291.43
459.29,219.11,100.79,289.55
458.34,216.84,100.62,289.06
458,214.97,100.28,288.08
457.07,213.07,100.34,288.25
456.93,212.62,100.21,287.88
456.42,211.43,100.62,289.04
456.45,210.97,100.88,289.79
455.77,210.26,100.85,289.71
455.7,210.25,100.73,289.37
455.62,210.21,100.52,288.76
456.23,210.81,100.23,287.95
455.77,210.54,100.01,287.3
456.28,210.9,99.914,287.03
456.11,210.35,99.758,286.58
456.13,209.61,99.797,286.69
456.42,209.45,99.61,286.15
456.75,209.37,99.654,286.28
456.84,208.8,99.555,285.99
457.28,208.99,99.521,285.9
457.38,208.27,99.633,286.22
457.32,207.41,99.64,286.24
457.23,206.76,99.914,287.03
457.13,206.04,100.2,287.85
456.92,205.09,100.53,288.8
457.41,204.65,100.91,289.88
456.8,203.45,101.17,290.65
457.34,202.93,101.59,291.85
457.41,201.87,102.22,293.66
457.52,201.68,102.22,293.66
457.66,200.99,102.51,294.48
457.25,201.22,102.46,294.34
456.95,201.39,102.32,293.94
457.24,202.58,102.08,293.26
457.32,203.89,101.64,291.99
457.3,204.56,101.44,291.41
457.11,205.35,101.16,290.6
457.62,206.1,101,290.16
457.87,206.27,100.94,289.98
457.85,206.15,101.1,290.44
458.35,206.24,101.47,291.5
458.65,205.98,101.87,292.65
459.24,206.39,101.78,292.37
459.81,207.03,101.6,291.86
460.52,207.74,101.4,291.28
460.65,207.84,101.19,290.68
461.19,209.02,100.9,289.85
461.61,208.93,100.83,289.66
461.54,209.02,100.98,290.08
461.88,209.55,101.09,290.41
461.8,209.73,101.28,290.95
461.45,209.55,101.38,291.25
461.45,209.73,101.47,291.49
461.64,210.31,101.29,290.99
461.53,210.19,101.27,290.92
461.34,210.62,101.26,290.89
461.92,210.67,101.48,291.52
461.71,210.35,101.67,292.06
462.21,210.86,101.67,292.08
462.38,210.85,101.68,292.09
462.33,211.06,101.77,292.37
462.48,210.54,101.82,292.51
462.32,210.68,101.86,292.61
462.57,210.84,101.73,292.25
462.6,210.72,102.02,293.08
462.79,210.5,102.26,293.77
462.7,210.64,102.34,293.99
462.51,210.79,102.2,293.61
462.78,211.22,102.25,293.73
462.6,211.35,102.03,293.1
462.53,211.33,101.99,292.99
462.68,211.24,102.02,293.07
462.69,211.91,101.57,291.77
463.06,212.17,101.87,292.64
462.66,211.95,101.95,292.87
462.67,212.97,101.6,291.88
463.08,214.06,101.43,291.38
462.34,214.16,101.31,291.04
462.48,214.48,101.27,290.93
462.14,214.67,101.4,291.28
462.59,215.09,101.33,291.1
463.59,215.5,101.32,291.07
464.09,215.38,101.67,292.08
464.57,216.28,101.8,292.43
464.04,215.63,102.3,293.87
464.2,216.07,102.31,293.92
464.1,216.3,102.56,294.62
463.34,216.19,102.86,295.5
463.06,216.55,103.2,296.46
462.94,216.72,103.61,297.64
461.99,216.38,103.7,297.89
461.33,217.47,103.44,297.15
452.41,218.08,103.3,296.75
453.38,215.84,103.52,297.38
455.5,214.46,103.13,296.27
457.21,213.76,102.54,294.57
457.93,212.9,101.72,292.22
456.3,212.83,101.35,291.16
453.13,211.64,101.23,290.8
451.58,210.12,101.21,290.76
449.52,208.51,101.29,290.98
447.25,207.19,101.61,291.88
445.78,206.66,101.85,292.58
444.21,203.67,102.63,294.83
443.96,202.32,103.15,296.32
443.72,200.68,103.34,296.86
453.06,196.89,103.03,295.98
447.85,198.07,103.38,296.98
449.75,194.28,104.54,300.31
451.92,191.41,104.92,301.42
454.73,188.88,105.49,303.04
456.75,185.95,105.78,303.88
457.43,180.97,106.55,306.09
454.52,174.48,108.03,310.34
454.11,168.31,109.67,315.04
452.36,160.45,111.42,320.09
441.74,189.39,110.62,317.79
443.89,184.34,109.89,315.69
443.55,172.92,109.45,314.42
444.17,164.61,109.91,315.73
435.27,204.14,109.95,315.87
430.02,201.07,110.06,316.16
432.54,204.01,111.13,319.25
429.19,211.2,111.46,320.2
427.66,215.74,111.88,321.4
425.38,217.6,112.7,323.77
425.51,220.25,112.79,324.01
425.47,220.31,112.83,324.13
426.25,219.84,112.74,323.87
427.01,218.98,112.55,323.33
426.4,219.38,112.39,322.87
427.26,217,112.35,322.74
419.68,215.73,111.72,320.95
382.22,219.08,112.64,323.59
382.85,220.99,113.77,326.82
384.01,219.06,115.06,330.54
383.55,219.09,115.6,332.09
383.56,220.16,115.75,332.53
383.89,221.43,115.77,332.56
383.37,222.35,115.63,332.18
381.93,222.53,115.75,332.52
379.81,222.2,115.88,332.88
380.04,221.89,115.76,332.56
378.83,222.24,115.5,331.81
376.95,222.01,115.61,332.11
375.72,222.48,115.39,331.48
374.47,222.87,114.99,330.34
374.75,223.77,114.63,329.3
378.21,225.1,113.7,326.63
378.2,224.12,113.46,325.93
377.67,223.05,113.54,326.17
377.46,222.27,113.83,326.99
376.1,220.98,114.08,327.72
376.72,219.8,114.32,328.42
376.78,218.77,114.49,328.91
376.75,217.63,114.73,329.58
377.03,217.14,114.57,329.13
377.03,216.04,114.8,329.79
376.84,216.12,114.86,329.95
376.97,214.77,115.21,330.96
376.77,215.12,115.64,332.2
377.65,215.28,115.93,333.04
378.52,216.2,116.1,333.51
378.66,217.02,116.32,334.15
377.58,217.66,116.24,333.93
377.36,218.12,115.87,332.85
377.36,219.23,115.67,332.29
380.34,219.39,115.37,331.42
373.81,218.83,114.86,329.97
370.36,218.02,114.67,329.41
368.76,218.72,114.86,329.95
369.71,218.35,114.47,328.85
372.39,219.18,113.64,326.46
375.65,221.01,113.09,324.89
376.4,221.64,113.1,324.91
377.61,222.12,113.08,324.85
378.18,221.76,113.08,324.84
379.54,221.8,113.11,324.94
380.18,221.5,113.26,325.36
380.37,220.83,113.3,325.49
381.05,220.69,113.08,324.85
381.66,220.61,113.28,325.42
381.59,219.93,113.6,326.33
382.83,219.65,114.13,327.87
382.84,218.19,114.57,329.13
383.45,216.42,114.99,330.34
383.15,214.75,115.26,331.11
385.34,213.4,115.77,332.58
385.51,212.63,116.43,334.46
386.08,210.41,116.74,335.36
387.77,208.51,117.24,336.79
390.54,207.68,117.35,337.12
395.6,206.24,117.75,338.26
398.64,206.39,117.89,338.67
399.51,207.18,118.13,339.34
398.96,204.66,118.5,340.43
399.77,204.13,119.07,342.05
400.97,202.88,119.42,343.05
400.59,203.91,119.49,343.26
399.74,203.5,119.62,343.63
397.95,203.27,119.71,343.91
396.02,199.89,120.05,344.87
390.1,203.05,119.92,344.5
388.5,203.9,119.55,343.44
386.99,205.14,119.21,342.45
386.2,206.01,118.66,340.88
385.98,207.61,118.01,339.01
386.77,209,117.26,336.85
388.23,209.49,116.9,335.82
389.9,209.58,116.83,335.62
390.98,210.38,116.8,335.54
391.46,210.63,116.92,335.87
391.74,210.77,116.83,335.63
392.32,211.3,116.61,334.99
392.05,211.28,116.51,334.69
392.28,211.49,116.41,334.43
392.2,211.8,116.37,334.29
392.25,211.62,116.69,335.22
391.73,210.96,116.85,335.68
391.98,211.37,116.8,335.53
391.93,211.39,116.8,335.54
391.99,210.96,116.91,335.85
391.87,210.91,117.11,336.42
391.26,210.22,117.18,336.63
391.24,210.11,117.37,337.16
391.78,210.74,117.46,337.43
391.39,209.59,117.6,337.83
391.08,209.32,117.82,338.47
391.36,210.07,117.82,338.48
391.14,209.88,118.17,339.47
390.5,209.28,117.85,338.56
391.11,210.1,118.09,339.25
390.25,209.56,117.98,338.91
390.6,209.97,118.04,339.09
390.81,210.33,117.74,338.24
390.64,210.16,117.9,338.71
390.74,209.51,118.36,340.01
390.34,208.2,118.69,340.96
389.31,206.17,119.28,342.67
388.36,204.45,119.68,343.82
387.82,204.44,119.72,343.92
386.94,204.58,119.31,342.73
385.85,205.42,118.68,340.93
384.6,206.49,117.9,338.7
383.94,207.82,117.45,337.42
382.78,209.88,116.77,335.44
384.32,212.84,115.75,332.53
381.35,215.39,114.55,329.06
378.73,217.7,113.99,327.46
377.57,219.04,113.52,326.1
376.71,219.96,113.52,326.11
376.11,220.2,113.73,326.71
375.79,219.79,114.04,327.61
375.73,219.9,114.39,328.61
374.5,219,114.53,329.01
374.55,218.81,114.67,329.43
374.52,218.6,114.77,329.7
374.42,218.61,114.81,329.83
373.89,218.7,114.82,329.84
373.58,219.06,114.58,329.17
372.89,219.43,114.32,328.41
371.85,218.88,114.03,327.57
370.95,220.05,113.8,326.92
369.77,220.24,113.28,325.43
369.6,220.8,113.12,324.96
369.11,221.31,113.09,324.88
367.78,221.32,113.15,325.06
366.33,220.96,113.41,325.81
364.11,219.96,113.34,325.6
363.52,220.87,113.3,325.48
363.33,221.1,113.06,324.8
363.48,222.12,112.82,324.11
360.27,221.58,112.57,323.38
359.37,222.51,112.54,323.3
359.04,222.82,112.51,323.21
358.55,222.8,112.45,323.05
358.41,223.16,112.17,322.23
358.21,224.11,111.84,321.29
357.41,224.69,111.42,320.07
358.11,225.82,111.19,319.41
357.9,225.84,110.76,318.18
358.02,226.17,110.43,317.24
359.29,227.6,109.99,315.97
359,227.8,109.68,315.07
358.27,227.38,109.61,314.89
358.35,227.16,109.61,314.87
358.55,227.36,109.42,314.34
358.66,227.51,109.44,314.4
358.52,227.05,109.6,314.85
358.22,226.38,109.6,314.86
357.96,225.75,109.7,315.15
358.99,225.92,110.08,316.22
360.94,224.01,111.04,318.98
361.27,223.14,111.86,321.33
361.23,223.08,112.27,322.51
361.86,222.23,112.62,323.52
363.02,222.28,113.24,325.3
364.11,221.02,113.55,326.21
365.41,221.07,113.49,326.02
366.91,221.76,113.02,324.68
368.4,222.35,112.96,324.51
369.3,221.62,113,324.63
371.2,220.79,113.38,325.72
372.52,219.88,113.57,326.24
374.84,220.35,113.53,326.15
376.37,220.6,113.61,326.37
377.42,220.55,113.78,326.85
380.17,219.01,114.19,328.03
383,218.99,114.39,328.61
383.9,217.64,114.5,328.93
384.25,217.14,114.65,329.35
385.01,215.39,114.69,329.47
383.79,215.33,115.03,330.46
390.21,211.16,115.93,333.03
392.68,212.12,116.25,333.95
398.65,212.8,116.42,334.45
400.21,212.65,116.48,334.6
401.26,212.06,116.49,334.64
403.87,211.94,116.86,335.71
408.14,210.59,116.74,335.35
410.51,210.27,116.88,335.77
413.08,210.27,117.17,336.6
413.44,209.21,117.37,337.18
413.54,209.36,117.6,337.84
414.5,209.46,117.55,337.69
415.62,210.38,117.49,337.53
418.38,210.26,117.89,338.66
419.24,209.93,117.81,338.43
420.03,208.54,117.68,338.05
418,208.04,117.67,338.05
415.94,207.13,117.74,338.22
414.26,207.92,118.18,339.5
412.69,206.82,118.49,340.4
412.35,206.95,118.89,341.55
411.72,206.3,119.09,342.11
413.94,206.53,119.36,342.9
413.39,206.16,119.41,343.04
414.94,206.14,119.77,344.07
416.16,206.22,119.92,344.51
416.68,206.14,120.25,345.45
416.84,205.29,120.25,345.44
417.7,205.82,120.5,346.16
418.15,205.87,120.38,345.82
418.26,205.67,120.14,345.13
417.71,205.71,120.19,345.27
416.82,205.56,120.62,346.51
414.96,204.29,120.88,347.25
412.19,205.24,120.47,346.08
408.46,206.22,120.15,345.16
406,207.29,119.66,343.75
401.66,207.89,119.25,342.59
397.88,206.63,119.5,343.29
395.49,207.62,119.18,342.37
393.28,207.84,119.13,342.23
392.3,208.25,119.32,342.78
390.63,208.35,119.5,343.29
389.89,208.43,119.46,343.18
388.86,208.19,119.59,343.56
389.04,208.43,119.46,343.17
389.22,208.15,119.43,343.08
389.13,208.27,119.36,342.9
388.65,208.13,119.57,343.49
387.79,207.51,119.78,344.09
387.07,207.08,119.91,344.48
387.11,206.88,120.16,345.2
386.2,206.53,120.28,345.52
385.52,206.41,120.32,345.64
385.12,206.52,120.24,345.41
386.63,207.05,120.47,346.07
386.18,207.41,120.4,345.89
385.78,207.57,120.26,345.48
385.77,207.77,120.03,344.81
387.46,209.24,119.59,343.56
389.03,209.87,119.2,342.43
389.26,209.77,118.69,340.96
389.13,210.18,118.62,340.77
387.65,209.31,118.65,340.84
386.82,208.9,118.71,341.03
387.02,208.88,118.7,340.99
386.47,208.69,118.89,341.53
385.75,208.79,118.85,341.41
385.28,208.5,118.93,341.65
384.99,208.99,118.93,341.66
384.39,209.21,118.99,341.84
384.09,209.38,119.06,342.02
383.96,209.4,119.1,342.15
383.73,209.35,119.16,342.31
383.67,209.39,119.24,342.54
384.28,208.99,119.36,342.89
384.27,209.02,119.39,342.99
384.37,208.93,119.35,342.86
384.51,208.12,119.37,342.92
384.81,208.12,119.26,342.59
385.4,207.66,119.33,342.81
386.37,207.66,119.43,343.09
386.93,207.35,119.47,343.2
387.5,207.81,119.52,343.36
387.38,207.98,119.43,343.09
387.38,207.61,119.36,342.9
387.61,207.25,119.34,342.84
388.27,207.4,118.97,341.78
389.93,208.06,119.02,341.92
390.81,208.12,119.02,341.91
392.63,208.8,118.76,341.17
394.08,208.74,118.69,340.95
396.05,209.09,118.61,340.72
398.82,210.18,118.24,339.67
400.26,210.71,118.07,339.19
400.79,210.38,118.23,339.65
400.77,209.53,118.59,340.68
401.66,209.63,118.75,341.12
401.61,208.7,119.09,342.11
402.44,208.39,119.38,342.95
402.49,208.13,119.69,343.84
402.97,207.49,120.03,344.82
402.55,206.69,120.51,346.19
402.43,206.12,120.56,346.34
402.86,206.3,120.69,346.72
403.56,205.73,120.71,346.76
403.91,205.63,120.85,347.17
404.5,204.97,120.88,347.24
405.06,204.55,120.92,347.36
407.03,204.67,120.87,347.21
408.46,203.9,120.84,347.14
409.32,203.59,120.73,346.83
408.54,203.7,120.65,346.59
409.55,203.58,120.65,346.6
408.82,203.68,120.72,346.8
406.7,202.95,120.91,347.34
405.35,201.43,121.27,348.39
405.82,200.39,121.4,348.75
405.49,199.15,121.8,349.9
405.08,199.76,121.7,349.62
404.25,198.91,121.64,349.43
404.19,199.19,121.65,349.48
403.37,199.65,121.47,348.94
402.53,200.76,121.35,348.6
400.95,200.58,121.11,347.9
398.92,201.71,120.55,346.31
397.02,202.83,120.3,345.58
396.83,203.66,119.87,344.36
396.1,203.8,119.77,344.08
395.98,203.72,119.66,343.75
396.47,204.14,119.23,342.53
396.31,204.08,118.98,341.81
395.43,204.78,118.83,341.37
394.4,205.01,118.79,341.25
393.59,204.84,118.83,341.38
393.67,205.22,118.54,340.54
392.52,205.31,118.6,340.71
392.15,205.47,118.5,340.41
391.62,205.71,118.45,340.28
391.4,205.83,118.34,339.95
390.42,206.29,117.93,338.78
391.17,207.39,117.54,337.65
391.08,207.55,117.27,336.89
390.85,208.33,116.92,335.87
390.82,208.76,116.61,335
390.43,208.14,116.61,335
390.27,208.83,116.31,334.12
390.35,209.67,116.37,334.29
390.37,210.13,116.24,333.94
390.1,210.56,115.95,333.08
389.32,210.61,115.85,332.8
389.65,211.05,115.9,332.94
390.26,211.34,115.69,332.34
391.51,211.63,115.64,332.21
393.03,211.76,115.51,331.83
395.11,212.13,115.39,331.48
395.82,212.1,115.23,331.01
397.69,212.85,115.15,330.78
399.35,212.94,115.11,330.69
400.93,213.21,115.13,330.73
403.01,213.43,115.09,330.64
404.02,213.15,115.24,331.05
405.9,213.26,115.31,331.26
407.31,212.94,115.66,332.26
408.61,212.64,115.92,333
409.67,211.71,116.29,334.07
410.41,211.55,116.49,334.65
410.9,210.58,116.67,335.15
411.84,210.66,116.73,335.33
412.8,210.31,116.86,335.72
413.78,210.74,116.89,335.79
415.28,211.08,117.24,336.8
415.08,210.47,117.48,337.48
415.32,211.07,117.59,337.82
415.86,210.16,117.74,338.24
418.5,210.77,117.97,338.88
422.18,211.14,118.36,340.01
435.5,210.12,118.07,339.17
442.21,209.78,117.17,336.6
447.32,209.03,116.45,334.52
453.63,208.57,115.24,331.04
466.45,208.97,113.63,326.44
475.15,212.2,112.92,324.38
479.78,214.26,112.39,322.86
482.69,215.53,112.13,322.11
488.92,214.74,111.46,320.18
493.49,215.52,110.58,317.68
497.1,215.25,110.33,316.96
501.95,215.62,109.68,315.09
504.45,213.77,109.41,314.31
506.2,213.87,109.13,313.51
506.79,213.49,108.78,312.5
508.39,212.93,108.5,311.69
508.5,214.32,108.4,311.39
509.24,214.13,108.37,311.31
507.53,213.89,108.24,310.94
506.65,214.09,107.95,310.12
506.23,214.51,107.78,309.63
505.91,214.89,107.59,309.08
506.58,215.22,107.39,308.5
508.28,216.03,107.12,307.73
509.55,215.82,106.94,307.22
510.27,217.33,106.53,306.02
510.93,217.64,106.43,305.76
511.66,218.38,106.21,305.13
511.05,218.74,106.03,304.59
510.62,218.89,106.03,304.6
510.87,219.29,106.09,304.78
510.92,219.2,105.88,304.16
511.53,218.64,105.81,303.97
513.43,217.87,105.66,303.53
516.47,217.9,104.6,300.48
518.47,217.53,104.13,299.14
519.78,216.52,103.76,298.07
521.24,216.2,103.99,298.73
520.92,216.12,103.98,298.72
520.61,216.62,103.95,298.61
521.41,217.19,104.14,299.17
521.07,217.42,104.37,299.83
521.13,217.47,104.69,300.75
520.93,217.85,105.07,301.83
521.41,219.15,104.58,300.43
521.63,220.03,104.02,298.82
521.97,220.83,103.75,298.03
523.9,222.61,103.53,297.42
523.82,222.97,103.15,296.32
526.31,223.28,102.88,295.56
527.26,224.09,102.8,295.33
528.37,224.07,102.85,295.46
529.55,224.45,102.85,295.45
530.54,224.46,102.87,295.52
530.6,223.44,103.19,296.43
530.79,223.18,103.29,296.73
531.27,222.72,103.39,297.01
532.04,221.69,103.73,297.98
534.14,221.68,104.05,298.92
536.37,221.21,104.1,299.04
538.3,220.9,104.6,300.49
541.55,220.33,105.13,302
544.01,219.47,105.43,302.86
548.71,218.94,105.65,303.51
552.9,218.22,105.5,303.06
556.01,217.91,105.55,303.22
558.63,217.51,105.37,302.7
562.05,218.62,104.28,299.56
565.52,218.79,103.97,298.69
570.77,219.48,103.71,297.92
576.53,219.79,103.58,297.56
579.9,219.14,102.72,295.1
580.71,218.84,102.23,293.68
580.02,219.59,101.47,291.51
582.27,219.39,101.77,292.37
582.95,219.34,101.8,292.44
583.36,219.12,101.58,291.8
583.53,219.25,101.42,291.36
583.09,218.49,101.27,290.93
582.86,218.93,101.04,290.26
583.36,219.18,101.31,291.04
582.87,219.09,101.18,290.66
582.81,219.09,101.23,290.8
582.69,219.16,101.35,291.14
582.57,218.89,101.48,291.54
582.52,219.16,101.76,292.34
581.96,218.89,101.92,292.79
581.31,218.6,102,293.01
580.92,218.72,102.1,293.32
580.92,218.65,102.33,293.97
580.35,218.04,102.33,293.97
580.1,218.13,102.29,293.84
579.82,218.04,102.27,293.81
582.91,218.28,102.21,293.63
586.56,218.82,102,293.03
588.88,218.48,101.9,292.74
590.58,218.13,101.8,292.45
591.24,217.96,101.89,292.71
591.61,217.84,101.82,292.5
593.45,217.89,101.9,292.72
595.34,217.6,101.94,292.83
595.64,217.64,101.88,292.69
595.73,217.59,101.84,292.55
596.65,218.11,101.67,292.07
597.41,218.44,101.74,292.28
597.49,218.06,102.05,293.16
598.06,218.3,102,293.01
598.71,218.79,101.86,292.61
599.26,218.49,101.58,291.82
599.79,218.68,101.9,292.72
599.82,217.43,101.9,292.73
599.65,216.92,101.85,292.6
595.92,214.94,102.12,293.36
592.07,212.8,101.96,292.9
586.08,212.89,101.34,291.12
581.5,210.09,100.47,288.61
578.27,210.12,100.27,288.06
573.76,209.72,99.862,286.88
571.96,211.37,99.964,287.17
569.94,211.14,99.88,286.93
569.34,210.64,99.656,286.29
569.92,212.07,99.321,285.32
575.69,214.26,99.111,284.72
577.36,214.33,99.114,284.73
577.2,214.07,98.945,284.24
582.66,216.24,98.523,283.03
583.77,218.06,98.134,281.91
581.51,218.55,97.541,280.21
581.23,219.6,97.022,278.72
580.48,220.41,96.655,277.66
579.76,221.11,96.33,276.73
579.81,221.89,96.127,276.15
579.8,221.95,95.861,275.38
578.11,221.52,95.814,275.25
575.37,221.19,95.418,274.11
573.76,219.3,95.289,273.74
572,218.61,95.273,273.69
568.44,219.26,95.519,274.4
565.84,219.06,96.342,276.76
567.52,219.59,96.658,277.67
568.17,219.45,96.439,277.04
567.95,219.5,96.479,277.16
569.68,218.21,96.438,277.04
573.68,217.67,96.772,278
577.59,214.14,96.43,277.02
576.78,215.31,96.611,277.54
576.22,216.81,96.196,276.35
577.23,219.12,96.348,276.78
578.99,219.58,96.481,277.17
580.26,218.92,96.589,277.47
581.69,219.2,96.464,277.11
580.94,218.57,96.656,277.67
581.41,218.76,96.568,277.41
581.82,218.77,96.52,277.28
582.31,220.02,96.329,276.73
582.71,220.13,96.464,277.11
582.6,220.08,96.359,276.81
583.91,219.7,96.361,276.82
584.67,219.39,96.437,277.04
585.41,218.95,96.386,276.89
586.67,219.38,96.196,276.34
588.49,220.3,95.46,274.23
589.1,220.09,95.264,273.67
590.02,220.37,95.204,273.5
591.8,220.44,95.107,273.22
593.16,221.11,95.116,273.24
594.25,221.56,95.344,273.9
595.23,223.52,95.819,275.26
592.73,220.42,95.447,274.19
592.91,216.18,93.7,269.17
594.76,214.46,93.349,268.17
598.25,218.24,93.345,268.15
608.52,220.58,93.981,269.98
614.75,219.94,94.271,270.81
626.27,216.48,93.664,269.07
633.26,218.88,93.511,268.63
645.15,219.35,93.675,269.1
651.32,219.57,93.917,269.8
649.81,217.32,94.077,270.26
652.14,217.88,93.807,269.48
651.52,218.75,93.341,268.14
650.46,219.19,93.102,267.46
649.84,219.67,92.85,266.73
647.25,218.75,92.893,266.86
645.07,218.88,92.993,267.14
645.77,218.27,92.948,267.01
644.63,217.85,93.091,267.43
643.26,218.12,93.333,268.12
639.52,217.24,93.546,268.73
635.4,217.23,93.805,269.48
631.33,217.13,94.181,270.56
633.32,217.05,94.291,270.87
636.92,216.35,94.346,271.03
640.14,216.16,94.524,271.54
640.3,215.3,94.495,271.46
640.59,215.76,94.1,270.32
643.46,216.4,93.948,269.89
644.63,215.85,94.05,270.18
647.03,216.09,94.064,270.22
649.07,216.18,93.951,269.9
652.11,216.35,93.899,269.75
654.33,215.96,93.839,269.57
657.19,215.9,93.793,269.44
659.94,216.28,93.845,269.59
659.37,215.84,93.743,269.3
658.15,215.71,93.827,269.54
657.02,215.14,93.755,269.33
655.89,215,93.845,269.59
655.51,214.76,93.923,269.82
654.7,215.03,93.523,268.67
654.62,214.99,93.545,268.73
654.93,214.74,94.012,270.07
655.37,214.85,94.309,270.92
656.25,214.56,94.458,271.35
655.97,213.6,94.652,271.91
656.62,213.83,94.923,272.69
655.17,212.75,94.773,272.26
655.61,212.97,94.811,272.37
655.56,213.2,94.755,272.21
655.3,213.18,94.949,272.76
654.69,212.88,94.712,272.08
654.79,213.21,94.705,272.06
654.66,213.45,94.708,272.07
654.38,212.98,94.797,272.33
653.95,212.74,94.708,272.07
653.23,212.73,94.802,272.34
652.89,212.72,94.797,272.33
652.57,212.53,94.741,272.17
652.18,212.52,94.864,272.52
651.48,212.65,94.95,272.77
650.34,212.34,95.045,273.04
649.36,212.26,94.942,272.74
648.13,212.5,94.841,272.45
647.08,213.29,94.671,271.96
645.19,213.58,94.456,271.35
642.8,214.55,94.129,270.41
641.17,216.35,93.998,270.03
637.53,216.35,93.978,269.97
633.38,216.26,93.739,269.29
629.82,216.61,93.416,268.36
625.44,218.32,92.713,266.34
619.23,218.76,91.853,263.87
612.48,219.15,91.006,261.44
606.41,220.09,90.881,261.08
600.32,222.3,91.037,261.52
594.02,225.7,92.061,264.47
590.77,227.64,93.519,268.66
591.09,227.27,94.552,271.62
591.98,226.32,94.998,272.9
591.33,226.3,94.821,272.39
589.66,226.19,95.101,273.2
588.09,226.49,95.182,273.43
587.14,225.91,95.124,273.27
587.35,226.13,94.153,270.48
587.49,226.46,93.842,269.58
587.36,224.96,93.238,267.85
589.72,223.92,93.054,267.32
590.87,223.09,93.03,267.25
590.88,221.27,92.704,266.31
592.09,219.57,92.36,265.33
592.49,216.9,92.47,265.64
592.47,215.66,92.654,266.17
591.4,214.49,92.726,266.38
590.57,213.15,93.058,267.33
589.11,211.93,93.142,267.57
583.41,211.6,93.241,267.86
577.52,211.76,93.37,268.23
571.45,212.6,93.366,268.21
564.91,213.45,93.572,268.81
558.6,214.25,93.989,270
551.87,214.34,94.534,271.57
546.21,215.79,94.949,272.76
543.75,216.68,95.058,273.07
541.44,217.37,95.168,273.39
541.46,220.44,95.477,274.28
545.92,222.52,95.442,274.18
549.88,224.6,95.358,273.94
550.48,227.8,95.386,274.02
543.48,228.01,95.375,273.99
539.98,227.26,95.653,274.79
539.31,228.96,96.102,276.08
540.41,228.68,96.332,276.74
542.1,228.59,96.333,276.74
543.36,228.43,95.959,275.67
544.19,227.35,95.738,275.03
547.25,227.29,95.662,274.81
548.07,227.07,95.46,274.23
549.7,226.62,95.247,273.62
553.41,226.43,95.415,274.1
552.57,225.85,95.469,274.26
550.3,225.64,95.569,274.54
548.24,225.65,95.565,274.53
545.8,225.47,95.7,274.92
544.14,225.82,95.929,275.58
541.46,225.24,96.012,275.82
539.11,225.56,96.011,275.81
536.74,225.31,96.239,276.47
535.12,225.43,96.401,276.93
533.34,224.87,96.694,277.78
532.19,224.39,97.083,278.89
530.8,224.36,97.06,278.83
529.42,224.53,96.972,278.58
526.15,224.68,97.078,278.88
521.41,224.05,97.188,279.2
521.37,223.98,97.18,279.17
522.15,224.12,97.127,279.02
527.69,224.08,97.081,278.89
532.92,224.23,97.103,278.95
538.25,224.19,97.131,279.03
542.87,224.43,97.132,279.03
545.57,224.67,97.018,278.71
