204.5,68.5,27,38
213.07,71.067,26.488,37.28
202.79,70.29,26.236,36.925
201.77,70.069,26.094,36.725
200.35,70.766,26.477,37.265
200.95,70.962,26.07,36.691
219.95,69.493,25.892,36.441
200.55,70.475,26.175,36.839
201.52,70.339,26.144,36.796
202.23,70.401,26.008,36.604
200.49,70.722,26.15,36.804
203.01,70.775,25.991,36.579
199.75,70.331,26.586,37.418
203.57,70.138,26.904,37.865
203.48,69.986,26.681,37.551
203.25,69.518,26.55,37.367
203.31,70.004,26.267,36.969
202.82,69.888,26.495,37.29
202.61,69.704,26.536,37.346
202.51,70.337,26.204,36.879
202.05,70.114,26.038,36.646
201.98,70.308,26.215,36.895
201.77,70.096,26.119,36.76
202.54,70.822,25.884,36.429
202.58,70.568,26.096,36.727
201.43,70.241,26.232,36.918
202.64,70.571,25.952,36.525
201.9,70.301,25.79,36.297
201.75,70.967,25.73,36.212
201.58,70.791,25.656,36.108
201.38,70.444,25.504,35.895
201.33,70.483,25.557,35.969
201.23,70.316,25.566,35.981
201.38,70.417,25.326,35.644
201.76,70.912,25.161,35.411
200.93,70.78,24.874,35.008
201.93,70.933,24.888,35.028
201.82,70.76,24.987,35.167
202.4,71.017,25.071,35.285
201.9,70.547,25.157,35.406
202.02,70.588,25.138,35.38
201.61,70.858,25.215,35.487
200.89,70.376,25.353,35.682
200.93,70.902,25.355,35.685
200.68,70.933,25.475,35.853
200.35,70.578,25.432,35.794
200.18,70.573,25.562,35.977
199.77,70.602,25.396,35.743
200.04,70.721,25.755,36.247
199.87,70.722,25.885,36.431
199.54,70.332,26.069,36.69
199.64,70.193,26.335,37.064
199.2,69.984,26.268,36.969
199.55,69.942,26.333,37.061
197.95,69.57,26.303,37.02
166.06,71.18,26.324,37.048
168.24,71.314,26.278,36.983
167.63,71.407,26.302,37.017
168.06,71.298,26.295,37.008
167.74,71.216,26.322,37.046
168.49,71.218,26.365,37.106
168.67,71.308,26.344,37.077
168.88,71.292,26.3,37.015
169.34,71.653,26.232,36.919
169.1,71.771,26.277,36.983
168.67,71.506,26.238,36.927
169.01,71.665,26.214,36.894
168.86,71.747,26.225,36.91
