55.5,316.5,23,54
57.282,315.5,23.113,54.266
57.61,315.28,22.76,53.437
57.405,315.3,22.966,53.92
55.274,315.11,22.928,53.83
52.47,314.95,22.823,53.584
51.223,315.1,22.802,53.535
50.403,315.14,22.827,53.593
50.038,315.11,22.777,53.476
50.612,315.74,22.555,52.956
50.288,314.97,22.659,53.201
50.936,315.03,22.715,53.33
51.453,314.7,22.85,53.648
51.823,313.63,22.491,52.805
51.729,314,22.169,52.049
49.793,314.5,21.911,51.444
48.593,314.36,21.561,50.621
47.55,314.6,21.45,50.36
47.529,315.12,21.335,50.09
47.91,315.52,21.166,49.694
49.613,315.53,21.513,50.508
52.091,314.74,21.646,50.821
56.039,314.22,21.619,50.758
59.739,313.78,21.616,50.751
60.968,313.8,21.521,50.528
62.647,314.33,21.595,50.701
63.081,314.25,21.478,50.427
65.971,315.16,21.208,49.792
69.222,315.11,21.186,49.741
71.098,314.78,21.409,50.264
71.678,314.5,21.242,49.872
72.435,314.72,21.401,50.246
72.75,314.6,21.143,49.64
75.097,315.79,21.028,49.37
75.802,315.58,20.958,49.206
76.797,315.72,20.992,49.285
77.573,315.29,21.063,49.452
79.272,314.85,20.996,49.294
80.682,314.47,21.022,49.356
81.391,313.67,21.198,49.769
82.81,313.13,21.378,50.191
83.929,311.45,21.366,50.163
85.115,310.57,21.341,50.106
85.746,310.81,21.127,49.604
86.732,311.28,21.079,49.489
88.555,311.53,20.985,49.27
91.329,311.26,21.069,49.467
94.435,311.27,21,49.304
99.531,312.96,20.945,49.176
102.91,314.74,20.854,48.962
106.25,315.76,20.763,48.747
108.68,315.35,20.748,48.713
110.42,315.09,20.82,48.881
112.32,314.73,20.79,48.81
113.12,314.63,20.851,48.955
114.17,314.91,20.887,49.038
114.62,315.06,21.033,49.382
114.37,314.9,20.854,48.962
115.08,315.69,20.849,48.95
115.42,316.11,20.83,48.906
115.53,316.78,20.706,48.614
115.43,317.35,20.525,48.19
115.92,318.67,20.397,47.888
117.22,319.93,20.301,47.664
119.04,320.48,20.616,48.403
119.95,320.61,20.647,48.475
121.41,320.17,20.449,48.012
122.85,319.07,20.428,47.962
126.37,317.68,20.404,47.904
127.81,317.26,20.27,47.591
129.84,316.09,20.356,47.793
131.68,314.1,20.416,47.934
132.92,312.31,20.404,47.904
134.4,310.75,20.369,47.824
134.89,310.75,20.425,47.955
133.33,311,20.348,47.773
133.03,312.38,20.313,47.69
133.37,313.82,20.315,47.695
134.74,315.5,20.126,47.253
135.91,315.83,19.967,46.879
140.36,316.7,19.919,46.765
144.65,316.16,19.832,46.562
150.07,315.63,19.789,46.462
155.16,314.89,19.732,46.326
161.15,313.11,19.949,46.837
163.59,312.59,20.131,47.263
164.52,312.03,20.285,47.625
165.68,312.63,20.551,48.25
166.07,313.08,20.608,48.385
167.19,314.61,20.67,48.53
169.42,315.71,20.77,48.764
171.44,315.99,20.706,48.614
174.2,316.17,20.847,48.944
177.44,316.75,20.93,49.141
182.09,315.45,21.043,49.406
182.88,314.13,21.171,49.707
184.51,313.74,21.267,49.93
185.14,312.77,21.261,49.917
184.83,312.14,21.272,49.943
180.57,315.02,21.119,49.585
179.59,317.62,20.787,48.803
179.73,320.34,20.556,48.261
180.95,322.65,20.568,48.291
182.56,323.63,20.639,48.457
190.53,323.59,20.712,48.629
194.67,323.13,20.601,48.367
200.08,323.5,20.662,48.51
205.15,322.97,20.562,48.277
210.38,323.05,20.542,48.228
216.4,323.69,20.567,48.288
217.64,323.87,20.475,48.073
218.65,324.32,20.412,47.923
219.78,324.91,20.382,47.854
221.04,326.1,20.355,47.79
220.82,328.23,20.281,47.616
221.43,330.16,20.268,47.587
224.33,330.53,20.364,47.812
228.07,330.46,20.587,48.335
231.62,329.74,20.72,48.646
236.48,328.67,20.897,49.062
237.67,328.7,21.05,49.421
238,327.8,21.226,49.835
238.83,328.31,21.369,50.17
238.76,327.78,21.368,50.168
238.86,327.9,21.397,50.235
238.57,328.12,21.332,50.084
239.66,328.83,21.305,50.019
241.62,329.45,21.211,49.8
244.99,329.92,21.319,50.052
246.87,329.71,21.355,50.138
248.83,329.3,21.342,50.106
251.46,329.01,21.259,49.912
252.25,329.03,21.301,50.012
252.68,328.67,21.253,49.898
253.97,329.93,21.304,50.018
257.32,331.41,21.102,49.543
263.27,334.99,20.942,49.169
267.99,337.2,20.898,49.066
272.79,338.77,20.613,48.396
279.82,338.01,20.483,48.091
282.78,336.88,20.494,48.115
286.26,335.94,20.53,48.2
288.88,335.27,20.584,48.328
289.87,334.52,20.568,48.291
289.81,333.99,20.565,48.282
289.48,334.03,20.592,48.346
289.47,334.06,20.625,48.423
289.91,333.99,20.74,48.695
289.51,333.2,20.903,49.077
291.29,333.16,21.055,49.434
293.52,332.59,21.107,49.556
297.51,332.01,21.165,49.693
301.28,331.23,21.12,49.586
303.07,330.59,21.053,49.428
305.03,331.24,20.784,48.798
305.61,331.89,20.769,48.763
305.71,332.55,20.648,48.478
306.56,333.63,20.622,48.416
307.19,334.02,20.698,48.596
311.18,336.73,20.589,48.339
312.72,338.37,20.608,48.385
314.09,338.45,20.644,48.468
315.68,338.75,20.599,48.362
318.2,338.72,20.598,48.36
327.12,338.76,20.627,48.427
334.24,338.75,20.717,48.641
341.97,335.04,20.741,48.697
350.98,339.42,20.603,48.373
358.96,338.65,20.393,47.879
371.79,331.37,20.535,48.214
377.13,330.65,20.6,48.365
380.9,329.85,20.593,48.35
384.05,329.52,20.551,48.25
385.99,329.89,20.546,48.239
387.83,329.37,20.613,48.395
388.19,329.09,20.708,48.619
387.31,328.16,20.822,48.887
387.06,328.32,20.937,49.156
387,328.59,20.966,49.224
384.33,327.48,21.031,49.377
381.87,326.55,21.164,49.689
379.7,326.88,21.196,49.765
376.75,327.43,21.245,49.881
372.88,327.91,21.311,50.034
363.31,329.72,21.172,49.709
359.95,331.75,21.326,50.07
356.86,331.45,21.392,50.224
354.3,331.32,21.411,50.268
351.75,330.4,21.565,50.631
349.51,329.84,21.759,51.085
348.77,329.08,21.999,51.649
348.28,327.98,22.149,52.002
349.12,328.05,22.145,51.992
349.23,327.71,22.228,52.188
348.86,327.45,22.173,52.058
349.51,327.53,22.186,52.088
349.22,327.02,22.119,51.931
349.26,327.27,22.088,51.858
347.87,327.08,22.089,51.861
344.6,326.13,22.116,51.926
343.98,324.88,22.305,52.369
343.8,322.69,22.275,52.298
345.12,321.03,22.112,51.915
346.99,319.58,22.119,51.932
350.19,314.8,21.879,51.369
350.37,312.85,21.702,50.953
348.2,309.55,21.521,50.528
345.06,308.62,21.473,50.416
341.6,308.22,21.451,50.363
337.47,308.25,21.418,50.286
336.82,308.14,21.388,50.214
336.6,308.29,21.258,49.909
336.52,308.46,21.333,50.086
334.81,307.17,21.245,49.879
332.25,305.72,21.32,50.056
331.31,304.94,21.247,49.884
331.39,304.21,21.313,50.039
330.11,302.48,21.287,49.979
330.24,301.81,21.317,50.048
327.25,310.56,21.217,49.814
326.5,316.58,21.279,49.959
326.27,319.18,21.179,49.724
329.83,319.59,21.126,49.601
331.76,316.04,21.082,49.498
331.34,308.81,21.072,49.474
329.98,307.6,21.049,49.42
328.68,306.5,21.031,49.378
328.95,301.69,21.107,49.556
330.51,290.35,21.119,49.583
321.25,277.38,20.965,49.222
317.52,277.86,20.884,49.032
319.43,278.35,20.886,49.036
324.6,278.17,20.871,49.001
327.12,277.27,20.86,48.975
328.63,272.23,21.037,49.392
327.89,271.3,21.101,49.541
328.3,274.7,20.969,49.232
341.04,278.23,20.634,48.446
363.13,277.92,20.369,47.823
400.17,277.73,20.332,47.736
413.89,279.54,20.341,47.758
425.99,281.4,20.564,48.281
438.83,281.32,20.406,47.91
451.25,278.05,20.382,47.854
463.95,272.24,20.333,47.737
493.79,256.59,20.33,47.731
510.16,252.83,20.392,47.877
526.06,253.81,20.287,47.631
541.27,258.97,20.318,47.702
565.97,262.4,20.347,47.771
581.82,259.47,20.193,47.41
571.16,251.28,19.911,46.748
570.72,250.39,19.668,46.178
574.82,249.51,19.436,45.631
579.38,252.09,19.406,45.562
589.88,247.72,19.266,45.232
612.12,250.65,19.358,45.45
612.1,250.38,19.424,45.605
615.53,251.37,19.493,45.765
623.36,251.93,19.46,45.689
635.63,247.27,19.168,45.004
670.45,242.85,19.426,45.61
671.61,237.6,19.823,46.542
660.53,234.27,19.586,45.984
655.72,232.15,19.525,45.841
650.12,246.51,19.481,45.737
622.23,255.03,19.204,45.088
623.1,260.61,18.917,44.415
625.41,261.36,18.781,44.093
628.23,260.72,18.672,43.838
628.34,256.44,18.529,43.502
625.25,256.49,18.467,43.358
624.86,255.59,18.286,42.933
630.62,253.23,18.25,42.848
640.95,252.3,18.119,42.541
653.77,249.59,18.031,42.333
658.02,249.06,17.821,41.841
660.22,249.48,17.666,41.478
663.03,249.29,17.464,41.002
662.34,249.52,17.331,40.69
663.77,249.76,17.275,40.559
663.88,248.85,17.214,40.416
663.08,247.74,17.127,40.212
660.67,247.5,17.054,40.041
660.12,247.67,17.036,39.997
648.86,248.62,17.2,40.383
644.18,248.95,17.275,40.558
635.78,252.12,17.37,40.782
629.32,252.39,17.368,40.777
620.84,254.5,17.469,41.013
605.5,253.53,17.308,40.635
601.22,253.51,17.244,40.486
599.26,251.27,17.156,40.279
599.19,246.84,17.094,40.134
600.34,242.4,17.039,40.005
606.3,230.88,16.904,39.687
605.68,225.33,16.776,39.387
601.07,219.59,16.713,39.239
592.52,215.13,16.727,39.273
581.53,211.26,16.759,39.348
565.97,204.46,16.763,39.357
554.54,201.24,16.926,39.739
545.8,197.5,16.919,39.724
532.83,196.01,16.982,39.872
519.66,195.56,17.14,40.241
504.19,196.69,17.1,40.148
495.23,197.95,17.146,40.256
487.85,198.1,17.203,40.39
478.77,197.68,17.146,40.256
467.93,196.78,17.165,40.3
450.04,198.43,17.304,40.627
440.48,201.05,17.408,40.871
434.06,202.3,17.544,41.19
428.97,203.71,17.919,42.072
426.61,205.32,17.996,42.25
427.49,206.71,18.17,42.66
431.05,207.25,18.425,43.258
434.61,207.14,18.689,43.88
436.23,207.27,18.621,43.719
437.32,208.55,18.848,44.252
440.16,211.88,19.031,44.682
442.46,213.07,19.281,45.268
444.03,213.96,19.321,45.363
444.31,214.9,19.182,45.037
441.89,217.55,19.228,45.144
432.88,222.06,19.185,45.044
429.58,222.4,19.062,44.755
428.42,223.34,19.077,44.789
427.61,223.4,18.987,44.577
428.52,223.21,18.774,44.078
439.75,223.7,18.789,44.114
447.24,222.12,18.808,44.158
453.84,220.31,18.825,44.197
458,218.88,18.806,44.154
461.3,218.69,18.881,44.33
469.08,219.78,18.896,44.366
472.93,220.42,18.835,44.222
477.98,222.48,18.757,44.038
481.15,223.87,18.752,44.027
484.77,225.44,18.829,44.207
486.79,225.63,18.792,44.121
487.15,225.46,18.651,43.79
486.96,225.82,18.548,43.547
487.6,227.81,18.713,43.936
486.95,228.76,18.72,43.95
486.02,229.47,18.674,43.844
485.1,229.15,18.709,43.926
485.21,228.43,18.832,44.215
489.33,230.68,18.953,44.498
489.48,229.15,19.227,45.141
491.04,229.74,19.518,45.824
491.59,230.44,19.747,46.363
492.45,231.13,19.875,46.662
495.51,227.61,19.582,45.976
494.79,229.89,19.724,46.307
506.85,225.98,19.475,45.725
509.99,225.85,19.426,45.608
512.65,226.27,19.346,45.422
514.45,227.21,19.192,45.06
515.02,227.56,19.079,44.793
513.53,229.76,18.956,44.506
513.38,230.18,18.793,44.122
515.1,230.28,18.727,43.967
519.55,230.46,18.724,43.96
522.42,230.1,18.808,44.159
526.36,226.85,18.879,44.325
527.17,225.11,18.873,44.311
528.45,224.31,18.922,44.425
528.78,223.9,18.9,44.373
528,223.72,18.865,44.291
527.04,223.9,18.909,44.396
525.7,224.19,18.847,44.25
526.1,225.61,18.908,44.392
525.96,226.39,18.985,44.573
525.8,227.33,18.873,44.311
525.33,226.23,19.069,44.77
526.67,224.47,19.264,45.229
527.77,222.51,19.409,45.57
529.32,222.25,19.542,45.882
530.56,222.22,19.473,45.718
535.51,224.37,19.608,46.036
538.1,224.29,19.57,45.948
540.09,223.59,19.761,46.395
541.54,222.35,19.802,46.492
543.05,221.56,19.724,46.309
547.18,222.26,19.65,46.136
548.96,222.73,19.731,46.326
550.94,222.48,19.587,45.988
551.87,223.07,19.523,45.837
552.61,223.28,19.537,45.869
553.1,223.82,19.577,45.963
553.2,223.42,19.559,45.922
553.5,223.65,19.4,45.547
553.54,223.73,19.452,45.669
577.78,206.61,19.292,45.295
576.5,204.83,18.992,44.59
574.63,204.45,18.771,44.07
572.11,204.66,18.598,43.666
570.81,204.06,18.474,43.373
568.3,204.17,18.412,43.229
564.56,203.08,18.189,42.704
563.93,203.05,18.146,42.605
562.92,202.28,18.147,42.606
562.01,201.66,18.11,42.519
560.94,200.77,18.092,42.476
558.98,199.35,17.966,42.181
558.78,198.96,17.944,42.129
557.81,198.5,17.955,42.154
557.15,198.13,17.904,42.034
555.81,197.41,17.856,41.922
555.54,196.01,17.839,41.884
556.08,195.26,17.812,41.819
557.15,194.76,17.653,41.447
558.64,194.65,17.653,41.447
558.72,193.68,17.788,41.763
556.7,191.72,17.789,41.765
554.77,191.53,17.742,41.655
552.37,191.68,17.754,41.683
549.64,191.83,17.759,41.695
547.09,191.64,17.846,41.899
545.31,191.47,17.862,41.936
540.43,191.1,17.906,42.04
538.73,191.16,17.898,42.022
539.11,190.73,18.071,42.427
537.53,189.89,18.046,42.368
523.56,191.12,18.035,42.344
522.56,190.73,18.221,42.779
522.53,190.02,18.241,42.826
522.24,188.93,18.247,42.842
521.77,188.14,18.368,43.125
521.73,187.2,18.372,43.135
523,186.55,18.339,43.056
524.02,186.16,18.403,43.208
525.09,185.77,18.237,42.818
525.82,185.6,18.215,42.766
525.74,185.33,18.216,42.768
524,186.14,18.184,42.693
522.49,186.64,18.186,42.696
521.17,187.11,18.108,42.515
520,186.99,18.046,42.37
519.1,187.14,17.994,42.246
514.87,187.33,17.991,42.24
513.12,187.21,18.002,42.265
511.2,187.29,17.977,42.207
509.09,186.98,18.058,42.397
507.39,186.72,18.072,42.43
504.3,186.36,18.07,42.425
502.97,186.3,18.097,42.488
501.56,186.45,18.117,42.535
500.26,186.6,18.147,42.607
499.23,187.16,18.299,42.962
495.72,187.87,18.254,42.857
494.39,188.28,18.387,43.169
492.83,188.21,18.444,43.304
491.49,188.5,18.426,43.261
490.63,188.1,18.59,43.646
489.93,186.64,18.446,43.308
489.97,186.53,18.433,43.278
488.09,186.13,18.554,43.561
484.64,185.66,18.715,43.94
481.55,185.5,18.524,43.492
475.17,186.08,18.596,43.659
471.73,186.05,18.624,43.726
468.93,185.93,18.65,43.787
466.07,185.62,18.676,43.848
463.43,185.37,18.582,43.626
457.83,184.16,18.534,43.514
455.55,183.64,18.667,43.827
452.06,182.69,18.507,43.451
448.62,181.88,18.652,43.792
445.02,180.77,18.729,43.972
438.54,180.51,18.855,44.268
435.31,180.5,18.838,44.229
432.7,181.03,18.829,44.207
430.35,181.82,18.76,44.044
427.94,182.5,18.641,43.767
422.71,182.36,18.644,43.772
420.47,182.16,18.655,43.799
418.24,181.81,18.696,43.894
416.14,181.53,18.6,43.671
414.25,181.37,18.616,43.706
411.22,180.82,18.721,43.953
410.29,180.51,18.694,43.89
409.57,180.37,18.689,43.878
409.06,180.33,18.711,43.93
408.58,180.29,18.737,43.992
408.62,180.4,18.786,44.106
408.31,180.21,18.836,44.224
408.21,180.18,19.05,44.727
407.51,180.57,19.116,44.881
406.5,180.6,19.149,44.959
405.55,180.56,19.177,45.024
404.42,180.36,19.145,44.949
403.11,180.54,19.25,45.196
401.15,180.24,19.256,45.209
399.69,180.15,19.206,45.093
397.09,179.82,19.112,44.872
396.29,179.85,19.056,44.74
394.98,179.48,19.162,44.989
393.67,178.84,19.069,44.77
392.99,178.19,18.956,44.505
391.29,176.55,19.003,44.616
390.47,176.16,18.803,44.145
388.91,175.91,18.845,44.244
387.13,175.51,18.898,44.37
385.13,175.09,18.826,44.2
382.24,175.18,18.941,44.469
379.75,174.85,18.976,44.553
376.85,174.64,19.1,44.844
374.05,175.02,19.093,44.826
370.74,175.2,18.993,44.592
365.36,174.56,19.022,44.661
362.99,174.28,18.835,44.221
360.26,173.87,18.962,44.52
357.69,173.11,19.011,44.635
355.44,172.5,19.057,44.744
351.08,172.13,19.276,45.257
348.73,171.77,19.15,44.96
346.33,171.72,19.196,45.07
343.08,170.96,19.279,45.263
340.13,170.71,19.193,45.062
333.38,168.15,19.222,45.129
329.47,166.81,19.405,45.561
325.33,165.68,19.646,46.126
320.74,164.7,19.774,46.425
315.33,163.61,19.699,46.251
304.55,160.75,19.658,46.154
296.35,159.29,19.702,46.257
287.72,157.2,19.938,46.811
280.57,156.26,20.166,47.347
274.45,155.27,20.253,47.551
266.68,155.52,20.599,48.362
260.69,155.42,20.689,48.574
253.04,155.23,20.488,48.103
246.15,155.78,20.573,48.302
240.23,156.3,20.537,48.218
233.86,156.07,20.571,48.297
231.82,155.75,20.692,48.58
229.5,154.85,20.717,48.639
227.34,154.1,20.675,48.542
225.86,154.15,20.65,48.483
223.85,156.04,20.867,48.992
222.98,158.01,20.842,48.934
221.49,159.9,21.092,49.521
218.81,161.22,21.027,49.369
216.15,163.18,21.042,49.403
210.91,166.35,21.218,49.816
207.97,167.13,21.471,50.41
203.28,167.3,21.618,50.756
198.42,166.38,21.604,50.722
195.02,165.3,21.614,50.747
194.47,162.21,21.669,50.875
197.37,161.5,21.624,50.768
200.47,161.18,21.724,51.005
201.49,160.96,21.727,51.011
201.51,159.96,21.678,50.896
201.62,159.59,21.639,50.806
202.77,160.87,21.531,50.551
204.2,163.78,21.467,50.401
203.77,165.99,21.361,50.152
202.59,166.98,21.153,49.663
202.91,168.17,21.301,50.012
204.2,169.39,21.139,49.631
206.05,170.3,21.421,50.294
207.54,170.34,21.457,50.377
208.42,171.32,21.519,50.523
201.57,173.53,21.648,50.826
196.73,174.03,21.757,51.082
193.51,174.86,21.915,51.452
190.31,174.83,21.751,51.067
189.54,175.26,21.729,51.015
190.77,175.17,21.83,51.252
193.28,175.49,21.897,51.41
196.91,173.98,22.053,51.778
205.15,171.9,22.159,52.025
214.6,169.44,22.167,52.045
227.56,166.69,21.984,51.615
229.94,164.65,22.127,51.951
234.79,165.25,21.963,51.564
240.69,168.67,22.176,52.065
245.62,175.4,22.069,51.815
542.96,53.576,22.083,51.847
535.59,48.627,22.328,52.423
529.58,49.006,22.926,53.827
502.32,56.461,23.047,54.111
505.31,41.411,23.426,55.001
521.45,41.539,23.877,56.06
510.48,46.854,24.196,56.807
522.18,43.252,24.583,57.716
521.81,44.738,25.01,58.72
524.34,44.683,25.287,59.368
531.13,44.634,25.553,59.995
537.89,44.131,25.926,60.869
531.16,46.844,26.215,61.547
532,48.859,26.477,62.163
524.91,54.651,26.835,63.004
519.91,61.002,26.969,63.319
515.26,65.26,27.009,63.413
511.7,67.931,27.104,63.635
506.15,69.879,27.089,63.599
505.13,69.471,27.182,63.82
506.09,65.355,27.345,64.2
505.97,62.859,27.445,64.436
505.27,62.855,27.409,64.351
504.93,61.109,27.458,64.467
511.38,57.299,27.665,64.954
501.09,59.473,27.514,64.599
498.98,60.091,27.394,64.317
497.86,60.031,27.365,64.248
498.03,59.583,27.351,64.215
499.15,57.996,27.423,64.384
501.42,55.75,27.425,64.389
503.27,54.048,27.404,64.34
504.7,51.917,27.424,64.387
504.07,50.245,27.482,64.524
503.21,48.397,27.441,64.427
496.91,47.229,27.366,64.251
485.32,44.411,27.384,64.293
482.63,43.808,27.399,64.328
480.45,43.785,27.448,64.444
478.56,44.342,27.5,64.566
477.54,44.683,27.393,64.315
476.58,44.856,27.423,64.385
476.87,45.711,27.504,64.574
478.03,46.463,27.48,64.517
478.31,46.908,27.535,64.647
479.03,46.865,27.539,64.656
479.4,45.803,27.541,64.661
478.65,44.21,27.516,64.602
477.79,42.249,27.611,64.826
476.74,39.794,27.672,64.968
477.36,37.778,27.694,65.02
477.06,35.369,27.653,64.924
475.9,33.66,27.655,64.928
473.69,33.206,27.443,64.432
471.44,33.26,27.447,64.44
468.96,34.308,27.458,64.465
463.43,36.728,27.531,64.638
460.18,38.062,27.496,64.556
457.75,38.766,27.527,64.628
456.72,39.1,27.56,64.705
455.63,39.445,27.538,64.654
455.73,38.882,27.606,64.815
454.83,37.064,27.53,64.636
452.85,36.06,27.321,64.144
449.36,35.112,27.168,63.786
446.47,35.807,27.085,63.591
441.16,36.277,27.315,64.13
439.2,36.367,27.322,64.148
438.58,36.445,27.351,64.215
437.94,36.33,27.39,64.308
437.77,36.61,27.462,64.477
439.76,37.556,27.496,64.556
441.36,38.321,27.425,64.389
441.81,38.321,27.382,64.288
442.51,38.778,27.341,64.193
442.39,38.645,27.381,64.286
442.45,39.458,27.441,64.427
442.54,41.026,27.549,64.681
442.37,42.945,27.75,65.152
442.79,43.51,27.905,65.516
441.99,42.75,27.955,65.633
440.19,38.355,27.764,65.184
438.22,36.855,27.536,64.65
434.41,35.271,27.434,64.41
432.01,35.015,27.33,64.167
430.34,35.049,27.4,64.332
429.97,36.448,27.362,64.24
429.65,36.788,27.328,64.162
430.16,36.56,27.322,64.146
431.32,36.4,27.291,64.075
432.78,36.43,27.258,63.996
425.67,36.162,27.263,64.01
417.7,36.485,27.383,64.291
409.82,37.22,27.491,64.544
403.17,38.998,27.488,64.538
399.47,39.282,27.429,64.398
392.54,39.964,27.531,64.638
392.46,39.991,27.539,64.657
392.9,39.728,27.56,64.705
394.18,39.481,27.544,64.67
394.98,39.078,27.539,64.658
394.9,39.297,27.536,64.65
394.46,40.367,27.594,64.786
394.16,40.951,27.74,65.129
395.01,41.56,27.917,65.545
397.06,41.525,28.024,65.796
399.86,41.185,28.034,65.819
400.55,40.499,27.894,65.49
400.07,39.589,27.776,65.213
398.6,39.047,27.667,64.957
396.52,38.153,27.363,64.244
390.99,36.081,27.171,63.792
388.48,35.774,27.109,63.648
384.34,35.061,27.083,63.587
380.4,34.939,27.076,63.571
376.94,35.026,27.058,63.528
368.38,33.207,27.311,64.121
361.08,30.445,27.391,64.309
356.2,27.833,27.35,64.214
353.94,26.475,27.266,64.016
351.85,27.047,27.109,63.647
348.21,28.023,27.42,64.377
345.55,29.144,27.5,64.566
343.73,30.063,27.517,64.606
341.5,31.794,27.636,64.884
340.06,33.105,27.738,65.125
341.44,35.941,27.932,65.579
341.81,36.039,28.015,65.774
342.99,36.322,27.972,65.674
342.44,35.802,27.911,65.531
338.82,35.492,27.742,65.134
320.03,37.877,27.829,65.338
309.2,40.324,27.833,65.348
303.93,40.685,27.977,65.686
301.11,40.735,27.979,65.689
300.89,41.159,28.022,65.79
299.72,41.914,28.044,65.842
298.96,41.853,28.037,65.826
298.89,40.6,27.991,65.717
299.09,38.191,27.94,65.599
299.45,35.572,27.739,65.126
302.59,23.713,27.701,65.038
302.15,16.942,27.689,65.009
299.92,12.748,27.777,65.215
298.35,11.617,27.783,65.229
297.03,11.601,27.625,64.86
293.33,12.672,27.753,65.159
291.7,14.707,27.881,65.459
290.55,15.052,27.904,65.514
289.2,15.307,28.024,65.795
289.38,16.209,27.95,65.622
303.82,23.006,27.784,65.231
311.75,27.573,27.533,64.643
315.87,30.729,27.432,64.405
317.2,31.489,27.501,64.568
317.83,31.099,27.45,64.449
323.71,21.343,27.584,64.762
328.3,18.545,27.513,64.595
334.29,16.943,27.584,64.763
352.47,17.262,27.963,65.653
365.9,19.719,28.258,66.344
378.17,25.929,28.018,65.782
378.64,26.326,27.843,65.371
378.17,26.166,27.637,64.888
375.16,24.088,27.521,64.615
373.02,23.29,27.499,64.563
375.08,20.139,27.503,64.572
377.07,18.746,27.492,64.548
387.97,16.496,27.471,64.497
411.02,13.504,27.558,64.702
427.9,11.917,27.716,65.073
455.03,13.886,27.697,65.027
462.42,15.549,27.607,64.815
463.48,15.797,27.501,64.567
463.96,16.624,27.379,64.281
460.62,15.973,27.399,64.327
456.48,16.386,27.476,64.508
448.89,18.856,27.729,65.103
447.62,19.391,27.755,65.163
447.72,20.307,27.825,65.329
447.52,20.084,27.952,65.626
440.69,17.111,27.845,65.376
438.39,17.318,27.697,65.028
433.48,16.855,27.752,65.157
429.51,17.629,27.672,64.969
425.46,17.546,27.756,65.165
419.78,19.99,27.773,65.205
418.39,20.837,27.694,65.021
417.48,20.783,27.767,65.191
417.98,21.412,27.749,65.151
419.94,20.741,27.748,65.146
431.02,11.768,27.952,65.625
433.5,7.3207,28.039,65.832
434.35,5.2944,28.112,66.002
434.3,3.9496,27.937,65.59
432.78,2.3266,27.818,65.313
432.7,2.3801,27.781,65.224
429.18,7.0563,27.882,65.461
426.89,8.5213,28.011,65.765
425,9.0956,27.898,65.5
422.28,6.2307,27.726,65.097
420.64,2.4646,27.538,64.654
409.85,-1.4941,27.519,64.61
403.66,-3.5051,27.567,64.723
393.01,-6.5185,27.625,64.86
384.61,-8.419,27.733,65.113
378.59,-8.9425,27.738,65.124
373.9,-10.841,27.583,64.759
373.7,-11.012,27.678,64.982
377.88,-8.7421,27.52,64.613
391.87,-3.6155,27.383,64.29
405.64,0.61741,27.265,64.014
432.54,8.7094,27.449,64.445
447.61,14.189,27.644,64.903
462.51,17.67,27.803,65.277
479.94,18.247,27.96,65.645
493.75,13.971,27.959,65.642
510.84,-7.738,27.764,65.184
503.09,-16.198,27.299,64.093
499.87,-27.276,27.766,65.189
491.6,-25.26,27.672,64.968
528.51,-0.62726,27.67,64.964
530.24,5.3605,27.521,64.613
521.99,24.409,27.684,64.997
516.7,23.392,28.018,65.781
509.34,21.303,28.003,65.747
489.56,63.047,28.312,66.471
486.33,65.584,28.317,66.483
489.86,63.064,28.428,66.744
486.08,63.605,28.408,66.698
473.98,65.861,28.533,66.989
461.77,67.226,28.367,66.601
458.7,67.704,28.522,66.964
451.41,71.268,28.665,67.301
443.77,73.893,28.69,67.36
435.7,77.189,28.809,67.638
408.46,74.004,28.699,67.379
409.73,72.869,28.572,67.082
405.62,72.187,28.405,66.691
404.19,73.604,28.417,66.719
403.67,74.462,28.521,66.962
422.52,74.235,28.236,66.293
413.98,70.011,28.207,66.225
386.95,65.879,28.319,66.488
385.08,66.082,28.538,67.002
382.9,68.874,28.559,67.051
380.44,72.77,28.774,67.556
374.8,80.179,28.783,67.578
371.56,83.159,28.697,67.375
367.66,86.057,28.709,67.404
365.68,89.667,28.825,67.676
363.28,90.882,29.017,68.127
363.19,94.016,29.149,68.437
363.69,95.182,29.25,68.675
369.08,97.065,29.198,68.552
373.5,95.623,29.303,68.797
381.72,95.699,29.362,68.937
395.24,91.972,29.308,68.81
399.98,89.369,29.206,68.571
404.24,87.61,29.172,68.491
408.4,87.137,29.318,68.833
413.09,87.529,29.212,68.585
418.47,86.762,29.289,68.765
420.1,87.2,29.339,68.883
421.33,86.89,29.349,68.905
422.69,86.281,29.36,68.933
424.1,85.76,29.417,69.067
424.33,84.122,29.481,69.216
423.82,83.834,29.433,69.103
421.36,84.282,29.433,69.103
417.21,85.098,29.337,68.877
413.79,86.543,29.27,68.721
404.65,87.554,29.27,68.721
402.11,88.265,29.393,69.009
400.03,89.02,29.46,69.168
397.43,89.787,29.412,69.054
396.38,90.47,29.432,69.102
397.29,90.514,29.32,68.839
411.6,89.355,29.387,68.995
422.1,88.045,29.427,69.089
433.41,87.032,29.401,69.028
445.36,87.189,29.24,68.65
466.93,86.825,29.111,68.347
477.88,87.36,29.115,68.357
487.44,88.066,29.185,68.521
494.82,89.033,29.196,68.547
501.6,90.736,29.156,68.454
512.17,92.693,29.549,69.377
516.64,93.781,29.594,69.482
521.17,94.424,29.453,69.15
524.57,93.188,29.433,69.103
528.66,91.645,29.475,69.202
534.76,88.448,29.431,69.098
535.68,87.609,29.373,68.962
536.07,87.252,29.332,68.866
534.07,86.849,29.231,68.629
528.19,86.747,29.21,68.58
513.37,89.089,29.13,68.393
504.1,89.841,29.064,68.238
494.89,90.227,29.141,68.418
484.06,89.514,29.167,68.479
474.58,89.722,29.191,68.536
459.61,90.035,29.176,68.501
453.67,89.663,29.239,68.647
450.58,89.683,29.227,68.621
449.05,89.093,29.314,68.824
448.71,88.48,29.304,68.8
450.11,86.957,29.318,68.834
452.5,86.33,29.388,68.998
457.32,85.683,29.472,69.195
463.17,84.282,29.453,69.149
471.42,83.046,29.489,69.235
489.66,80.723,29.465,69.178
497.76,78.975,29.573,69.432
504.6,78.347,29.536,69.346
508.06,77.398,29.325,68.85
510.33,77.8,29.252,68.678
510.3,77.519,29.235,68.639
504.54,77.828,29.082,68.279
495.44,78.498,29.149,68.437
483.08,78.24,29.239,68.648
471.02,78.227,29.26,68.698
451.15,77.635,29.25,68.674
442.02,77.462,29.277,68.737
434.96,78.223,29.247,68.668
429.79,78.989,29.141,68.418
429.97,80.677,29.15,68.438
441.04,84.802,29.139,68.414
453.1,87.117,29.079,68.273
466.23,89.215,28.966,68.007
480.61,89.737,28.863,67.766
492.06,88.429,29.018,68.13
515.44,84.463,29.026,68.149
523.89,82.69,29.063,68.234
529.15,79.287,29.43,69.097
528.1,75.053,29.726,69.792
523.45,72.923,29.466,69.182
499.08,70.937,29.225,68.615
484.32,71.922,29.154,68.449
467.18,72.914,29.204,68.566
447.1,74.806,29.091,68.3
425.86,77.187,28.873,67.788
383.78,76.893,28.82,67.664
368.4,77.224,28.874,67.791
363.16,77.765,28.922,67.905
364.74,78.776,29.029,68.156
372.31,80.571,28.894,67.839
400.31,80.942,28.987,68.055
419.43,82.008,28.935,67.935
437.16,81.541,28.947,67.963
454.04,80.835,28.985,68.051
469.26,80.287,29.104,68.331
482.47,78.635,29.3,68.792
486.23,78.592,29.376,68.969
486.85,78.682,29.381,68.982
481.44,80.078,29.299,68.789
472.88,81.362,29.215,68.592
449.05,82.072,29.021,68.136
437.04,82.968,29.034,68.167
425.68,83.129,29.122,68.374
460.32,155.05,29.35,68.91
451.14,176.88,29.29,68.769
445.8,175.02,29.118,68.365
456.21,173.39,28.863,67.766
470.15,171.9,28.7,67.382
482.52,173.4,28.645,67.254
491.53,172.36,28.505,66.924
498.26,172.14,28.228,66.274
505.19,173.54,28.152,66.096
504.65,176.5,28.108,65.992
496.85,180.69,27.991,65.717
488.12,173.15,28.401,66.681
474.91,172.53,28.636,67.233
452.43,175.84,28.547,67.023
435.35,176.66,28.504,66.922
418.3,175.08,28.703,67.389
414.67,178.19,28.757,67.517
415.74,180.34,28.642,67.246
437.2,178.62,28.837,67.705
454.18,179.09,28.812,67.646
465.44,176.54,28.763,67.53
478.57,177.1,28.738,67.473
489.7,177.47,28.694,67.368
504.55,179.13,28.409,66.7
507.55,180.59,28.292,66.424
507.26,181.38,28.129,66.041
501.09,180.95,27.988,65.712
491.55,180.19,27.887,65.473
474.34,182.54,27.734,65.116
464.73,183.64,27.609,64.821
457.1,184.96,27.482,64.522
452.45,187.04,27.474,64.503
452.3,187.77,27.435,64.413
465.69,186.56,27.507,64.582
482.35,186.48,27.645,64.905
499.11,185.54,27.677,64.981
514.93,184.18,27.851,65.389
526.66,183.31,27.88,65.458
553.56,181.8,27.892,65.486
561.27,180.19,27.979,65.689
561.52,178.5,27.953,65.628
556.67,175.43,27.793,65.252
547.6,175.68,27.517,64.606
524.77,175.7,27.47,64.494
513.63,176.25,27.339,64.186
502.18,175.58,27.159,63.764
493.14,176.52,26.971,63.323
484.09,177.26,27.047,63.502
479.12,185.39,27.3,64.095
481.95,186.05,27.51,64.589
491.42,189.82,27.439,64.421
500.75,191.19,27.343,64.197
511.27,191.85,27.333,64.173
534,191.72,27.55,64.683
546.33,193.2,27.67,64.963
555.2,194.58,27.696,65.026
562.8,196.81,27.74,65.128
566.15,197.83,27.84,65.363
567.11,198.69,27.922,65.556
564.81,196.99,28.033,65.817
561.78,195.84,28.15,66.091
559.46,195.08,28.257,66.343
557.47,193.22,28.438,66.767
560.63,191.97,28.491,66.892
565.42,191.02,28.617,67.187
572.33,190.63,28.636,67.232
581.5,191.42,28.648,67.26
592.52,193.06,28.513,66.943
609.54,195.09,28.509,66.933
614.77,197.18,28.416,66.715
619.02,199.56,28.347,66.553
619.36,199.89,28.368,66.603
618.15,202.45,27.96,65.646
606.24,204.85,28.119,66.019
598.24,205.23,28.047,65.849
585.32,203.29,27.935,65.586
573.1,203.46,27.692,65.015
563.72,205.07,27.529,64.633
549.25,205.86,27.416,64.367
544.36,205.95,27.326,64.157
542.58,207.78,27.014,63.424
542.78,209.55,26.982,63.35
546.01,211.91,27.081,63.58
563.07,214.03,26.906,63.17
576.72,214.34,26.802,62.928
590.52,214.37,26.833,63
601.15,213.34,26.935,63.24
611.47,212.51,27.02,63.438
627.87,210.56,26.777,62.868
631.11,212.78,26.804,62.93
621.12,211.12,26.715,62.722
621.85,211.69,26.454,62.11
610.73,211.58,26.179,61.464
589.87,213.17,26.179,61.464
579.41,213.56,25.977,60.989
570.73,214.61,25.892,60.79
564.28,215.67,25.825,60.634
560.96,215.76,25.766,60.494
560.22,215.9,25.869,60.736
560.33,215.96,25.915,60.843
564.39,216.01,26.155,61.408
569.84,216.29,26.33,61.818
576.54,215.42,26.465,62.134
588.47,214.26,26.359,61.887
593.15,213.22,26.42,62.031
594.69,211.15,26.512,62.245
595.25,209.25,26.714,62.72
595.16,207.79,26.626,62.514
592.48,207.07,26.581,62.408
588.91,206.78,26.392,61.963
584.3,206.69,26.369,61.909
578.31,205.12,26.141,61.374
572.01,204.55,26.139,61.37
566.18,204.16,26.291,61.726
566.17,203.69,26.236,61.598
566.64,202.64,26.16,61.418
569.65,201.86,26.327,61.81
572.86,199.96,26.532,62.292
581.05,197.13,26.475,62.159
586.09,196.76,26.337,61.834
591.39,199.73,26.028,61.108
594.26,202.49,25.8,60.574
594.18,203.96,25.521,59.918
584.73,206.17,25.416,59.671
576.79,207.33,25.254,59.292
567.83,208.44,25.216,59.203
559.57,210.09,25.028,58.761
551.8,212.04,24.817,58.266
539.02,214.44,24.874,58.401
536.37,215.06,24.813,58.257
536.87,215.02,24.917,58.502
542.61,214.47,25.047,58.805
551.67,214.1,25.016,58.732
566.3,211.03,25.008,58.715
574.53,209.06,25.079,58.881
582.73,206.86,25.012,58.724
589.16,205.72,24.799,58.224
592.93,203.87,24.853,58.351
595.84,203.49,24.741,58.087
598.38,200.86,24.817,58.265
597.46,199.19,24.812,58.255
593.59,196.67,24.891,58.439
587.42,193.75,24.887,58.431
572.95,190.99,25.06,58.837
565.61,190.07,25.186,59.131
558.36,190.1,25.255,59.293
550.87,190.32,25.226,59.225
544.59,191.38,25.14,59.025
533.08,193.5,25.139,59.022
527.01,194.19,25.201,59.168
519.04,194.39,25.271,59.332
511.68,195.05,25.359,59.538
503.94,196.02,25.45,59.753
487.73,198.52,25.592,60.085
480.38,201.84,25.537,59.957
475.19,205.41,25.285,59.364
470.8,206.68,25.206,59.178
465.94,206.21,25.329,59.467
457.21,206.6,25.281,59.355
455.33,206.48,25.364,59.55
452.86,205.96,25.59,60.082
450.19,205.75,25.747,60.449
449.1,207.15,25.95,60.927
447.53,210.1,25.855,60.703
446.77,210.16,25.843,60.675
447.3,210.78,25.775,60.516
449.11,211.22,25.679,60.29
450.3,211.35,25.652,60.225
449.97,212.29,25.465,59.787
447.61,214.33,25.291,59.379
445.45,215.5,25.074,58.87
443.95,216.36,25.146,59.037
441.92,216.94,25.069,58.857
439.61,217.68,25.05,58.812
438.86,218.82,25.057,58.83
438.11,219.63,25.098,58.925
437.73,219.95,25.226,59.226
436.95,219.99,25.371,59.568
435.78,219.39,25.494,59.856
434.15,218.7,25.602,60.109
432.41,217.8,25.752,60.462
429.96,217.29,25.865,60.726
427.74,217.06,25.905,60.82
424.06,217.37,25.876,60.753
416.67,217.27,25.909,60.829
412.5,217.02,25.962,60.954
407.91,217.28,25.933,60.886
403.84,216.92,25.807,60.591
400.54,217.19,25.615,60.14
397.68,217.75,25.434,59.716
395.96,218.3,25.156,59.062
394.82,219.06,25.135,59.013
394.78,220.09,25.159,59.068
394.87,220.89,25.24,59.258
394.58,221.4,25.26,59.306
395.9,221.47,25.254,59.291
399.29,222.17,25.401,59.637
401.1,221.92,25.495,59.859
401.62,221.91,25.475,59.811
398.67,220.6,25.547,59.98
396.17,220.39,25.653,60.229
394.21,221.9,25.747,60.449
392.26,223.71,25.892,60.789
390.39,224.36,26.183,61.472
388.2,225.2,26.401,61.985
388.68,224.27,26.528,62.283
390.14,223.11,26.645,62.557
389.71,222.07,26.856,63.054
389.88,222.11,26.926,63.217
393.15,222.5,26.908,63.175
392.19,222.51,26.801,62.924
391.99,222.88,27.089,63.599
394.31,222.39,27.074,63.565
404.61,218.8,26.947,63.267
398.04,217.92,26.88,63.11
403.92,216.91,26.723,62.74
407.35,215.07,26.799,62.919
408.97,215.13,26.706,62.702
411.96,214.27,26.655,62.581
415.53,216.61,26.513,62.247
415.38,218.03,26.528,62.283
414.88,219.79,26.559,62.357
415.74,221.17,26.8,62.921
416.67,221.31,26.979,63.343
425.61,221.57,26.949,63.271
429.37,222.99,26.984,63.353
430.93,224.63,26.992,63.372
432.14,226.29,27.145,63.732
433.67,228.44,27.221,63.91
436.93,229.77,27.232,63.935
440.22,229.14,27.38,64.285
441.98,228.54,27.526,64.626
444.67,228.86,27.344,64.198
444.95,231.31,27.648,64.914
461,238.81,27.518,64.608
463.34,241.31,27.537,64.653
463.2,242.02,27.439,64.422
460.14,240.62,27.409,64.351
456.19,240.03,27.335,64.177
453.15,237.64,27.376,64.273
454.01,236.88,27.402,64.334
458.47,236.13,27.374,64.268
461.77,234.7,27.445,64.435
463.51,234.21,27.486,64.533
463.33,231.73,27.593,64.785
461.78,229.87,27.804,65.279
459.66,229.5,27.934,65.585
456.63,227.73,28.001,65.741
454.66,228.48,27.92,65.552
449.58,230.07,27.512,64.593
447.55,230.52,27.456,64.463
446.92,229.78,27.391,64.31
446.22,228.18,27.443,64.432
448.47,227.53,27.349,64.21
457.62,225.83,27.248,63.974
464.67,224.89,27.059,63.53
471.68,223.35,26.687,62.656
478.64,222.4,26.442,62.082
483.91,220.47,26.443,62.083
495.18,221.93,26.5,62.218
499.73,222.63,26.751,62.808
502.79,224.23,26.748,62.801
504.64,225.76,26.957,63.289
506.54,228.16,26.967,63.314
509.2,230.29,26.995,63.379
512.61,230.85,26.962,63.303
517.73,230.41,27.053,63.516
522.52,230.35,27.052,63.514
526.96,230.83,26.898,63.153
530.71,231.26,26.793,62.905
531.14,230.59,26.698,62.683
531.64,230.19,26.445,62.087
530.97,229.57,26.425,62.042
529.03,228.74,26.515,62.252
523.07,227.75,26.767,62.844
520.96,227.48,26.934,63.237
519.05,226.96,27.157,63.761
516.07,226.54,27.497,64.558
512.47,226.21,27.68,64.987
505.92,225.88,27.796,65.259
500.94,225.15,27.837,65.356
498.11,224.51,27.818,65.312
497.27,224.27,27.759,65.173
498.3,222.69,27.698,65.031
504.68,217.46,27.739,65.126
507.03,214.98,27.757,65.169
508.91,213.65,27.658,64.936
509.05,212.19,27.68,64.989
508.7,212.03,27.736,65.12
505.49,214.02,27.566,64.721
502.55,213.32,27.574,64.739
496.98,212.2,27.598,64.796
490.84,209.95,27.641,64.896
484.61,207.34,27.675,64.976
475.26,203.51,27.697,65.028
474.36,202.64,27.766,65.189
473.91,201.7,27.749,65.15
473.23,200.81,27.924,65.561
470.73,199.08,27.938,65.594
463.25,198.2,28.049,65.855
461.26,199.09,28.185,66.174
460.38,199.05,28.275,66.384
460.71,198.28,28.392,66.661
463.35,197.13,28.458,66.815
466.67,197.52,28.378,66.628
468.22,198.4,28.513,66.943
468.33,198.09,28.61,67.171
468.36,198.27,28.638,67.237
468.89,198.34,28.64,67.241
473.22,199.66,28.412,66.707
476.63,203.08,28.184,66.171
478.75,204.51,28.049,65.854
481.02,205.16,28.059,65.877
482.88,203.75,27.968,65.664
485.36,198.57,27.89,65.481
486.06,196.71,27.835,65.351
486.53,195.69,28.067,65.897
485.84,195.02,28.179,66.159
484.09,194.5,28.286,66.41
482.2,196.51,28.237,66.294
481.96,198.21,28.174,66.147
482.12,199.63,28.093,65.958
482.64,200.39,28.028,65.804
482.42,200.42,28.086,65.941
483.02,201.79,28.006,65.753
482.41,203.33,27.971,65.67
482.02,205.36,28.017,65.78
482.32,207.55,28.034,65.82
484.05,209.04,28.145,66.079
488.81,209.4,28.136,66.058
494.8,205.87,28.141,66.071
498.01,204.33,28.156,66.104
502.11,203.85,28.122,66.026
508.06,204.93,27.967,65.661
518.46,205.91,27.863,65.418
525.1,206.4,27.616,64.837
529.12,205.4,27.258,63.997
532.16,203.52,27.208,63.88
535.2,201.04,27.358,64.233
539.63,197.72,27.709,65.057
542.4,198.21,27.846,65.379
544.33,198.99,27.994,65.726
544.59,198.95,28.111,65.999
545.39,199.42,28.189,66.184
545.92,200,28.057,65.874
546.25,201.16,28.123,66.027
544.7,201.74,27.957,65.638
540.54,199.92,28.042,65.837
538.15,199.56,28.218,66.251
537.18,200.55,28.145,66.079
537.77,201.95,28.099,65.971
538.26,202.83,27.91,65.527
538.33,202.45,27.963,65.652
538.69,202.67,28.162,66.118
539.19,204.16,28.231,66.282
539.17,206.32,28.296,66.434
539.75,207.43,28.056,65.87
541.12,208.57,28.129,66.043
542.42,209.04,28.125,66.032
544.44,209.54,27.929,65.572
546.89,209.97,27.835,65.352
549.53,210.9,27.736,65.12
551.75,212.07,27.543,64.667
554.97,213.27,27.437,64.417
557.78,213.65,27.534,64.646
561.48,213.36,27.746,65.144
564.61,212.78,27.875,65.446
565.9,213.13,27.915,65.539
566.56,213.15,28.03,65.81
569,213.17,28.231,66.281
575.31,208.49,28.621,67.197
577.1,210.62,28.991,68.067
578.69,211.65,29.233,68.634
578.52,210.22,29.509,69.283
581.87,203.98,29.663,69.643
588.86,205.8,29.852,70.086
581.04,200.41,29.197,68.548
599.81,184.05,29.058,68.223
599.23,186.46,28.675,67.323
598.42,186.76,28.656,67.279
596.67,188.08,28.767,67.539
595.46,187.68,28.822,67.669
593.54,188.87,28.945,67.957
592.18,188.3,29.069,68.249
591.6,174.54,29.33,68.862
591.01,174.36,29.262,68.702
591.94,177.23,29.381,68.982
594.01,177.81,29.519,69.305
596.28,178.88,29.66,69.636
574.12,189.39,29.627,69.56
573.52,190.21,29.458,69.163
572.63,190.46,29.375,68.967
573.4,192.35,29.344,68.894
572.57,192.79,29.284,68.753
573.28,192.98,29.443,69.126
572.62,193.5,29.289,68.766
573.68,194.43,28.979,68.039
576.4,195.88,28.902,67.858
582.48,196.34,29.046,68.194
588.36,197.72,29.304,68.8
590.68,196.81,29.166,68.476
592.34,196.32,28.968,68.012
593.63,197.5,28.744,67.486
593.82,196.56,28.597,67.14
593.02,195.12,28.714,67.416
587.39,195.02,28.883,67.813
579.38,195,28.86,67.759
572.64,192.39,28.879,67.803
565.41,192.51,28.858,67.753
560.5,192.67,28.672,67.316
546.89,194.31,28.698,67.379
536.69,194.33,28.552,67.036
530.8,194.72,28.589,67.121
518.8,194.21,28.726,67.444
512.13,194.7,28.752,67.505
505.57,195.31,28.774,67.556
496.54,195.92,28.699,67.381
486.52,195.49,28.798,67.613
478.99,194.44,28.833,67.695
472.88,194.2,28.835,67.698
466.53,194.97,28.674,67.322
461.51,195.57,28.802,67.622
455.86,194.38,28.66,67.29
451.21,194.17,28.713,67.412
446.55,194.49,28.699,67.381
443.13,194.67,28.712,67.411
441.13,195.06,28.563,67.061
434.34,195.05,28.625,67.206
429.58,194.96,28.697,67.375
426.12,195.29,28.482,66.872
421.09,194.77,28.441,66.775
417.43,195.61,28.396,66.668
412.41,197.18,28.362,66.59
404.94,198.59,28.393,66.663
399.4,202.31,28.374,66.618
391.4,204.45,28.312,66.472
383.13,205.49,28.734,67.463
374.3,207.4,29.037,68.174
367.2,207.52,29.202,68.56
363.4,207.96,29.301,68.793
361.83,208.96,29.211,68.583
360.13,208.67,29.271,68.723
361.68,209.56,29.128,68.388
364.68,208.19,29.005,68.099
368.99,208.35,28.975,68.027
372.53,205.39,28.795,67.605
374.81,204.62,28.604,67.156
374.96,203.98,28.507,66.929
374.91,204.59,28.32,66.491
372.76,205.41,28.413,66.709
369.2,206.05,28.582,67.105
360.57,205.79,28.633,67.225
357.93,207.38,28.671,67.314
351.52,208.94,28.836,67.701
343.49,209.04,29.096,68.312
334.97,209.46,29.401,69.029
327.25,209.41,29.554,69.387
323.08,210.25,29.447,69.136
318.61,210.75,29.503,69.268
314.89,211.42,29.642,69.593
313.67,212.5,29.507,69.278
312.89,211.7,29.508,69.28
313.02,211.59,29.605,69.507
314.21,212.53,29.498,69.256
314.08,213.1,29.423,69.079
315.31,214.13,29.299,68.789
316.15,213.83,29.35,68.909
324.86,215.62,29.198,68.551
328.38,215.2,29.106,68.336
332.46,214.45,28.896,67.843
334.95,212.56,28.77,67.548
336.38,211.72,28.617,67.188
335.47,210.97,28.689,67.356
334.29,209.89,28.797,67.61
332.95,208.53,28.802,67.621
322.14,204.42,28.65,67.264
316.32,204.65,28.617,67.188
305.95,201.5,28.618,67.189
298.35,200.29,28.669,67.309
291.39,200.75,28.694,67.368
284.03,200.5,28.569,67.074
276.24,200.81,28.535,66.994
268.86,200.95,28.7,67.382
260.91,201.67,28.813,67.647
253.59,201.67,28.962,67.997
247.92,204.32,28.927,67.916
242.64,205.13,29.035,68.169
240.77,206.11,29.005,68.098
238.63,206.59,28.971,68.018
237.79,206.48,28.746,67.491
237.35,206.97,28.65,67.265
236.87,207.34,28.52,66.961
235.92,206.37,28.418,66.72
237.06,206.81,28.414,66.712
236.45,207.03,28.379,66.628
236.05,206.89,28.396,66.668
235.32,206.55,28.462,66.823
234.37,206.41,28.494,66.899
232.27,205.68,28.676,67.326
230.44,206.69,28.646,67.256
228.82,206.51,28.682,67.34
227.2,207.08,28.88,67.805
225.44,206.58,29.003,68.094
224.43,207.06,29.065,68.24
223.9,206.88,29.228,68.621
220.12,207.86,29.252,68.678
218.59,208.48,29.221,68.606
216.7,209.76,29.169,68.483
214.87,210.02,29.252,68.678
212.32,211.49,29.183,68.516
209.01,212.69,29.143,68.423
205.78,214.54,29.08,68.275
202.73,216.29,29.057,68.221
198.85,217.96,29.339,68.882
193.56,219.61,29.321,68.841
188.67,220.99,29.304,68.8
184.59,222.4,29.316,68.829
182.33,223.33,29.261,68.7
180.71,224.2,29.149,68.437
179.55,224.12,29.12,68.369
178.65,224.97,29.192,68.537
177.56,225.24,29.168,68.481
177.19,226.1,29.44,69.121
176.88,226.96,29.531,69.335
176.7,227.56,29.66,69.636
177.01,228.29,29.791,69.945
176.96,229.86,29.934,70.28
177.91,229.72,30.017,70.475
178.6,229.18,29.74,69.825
172.01,223.17,29.646,69.604
167.17,220.72,29.374,68.966
149.06,217.48,29.411,69.053
138,216.06,29.547,69.372
135.61,216.32,29.556,69.393
139.39,220.97,29.253,68.682
147.17,225.29,28.732,67.457
154.56,230.14,28.532,66.989
155.59,231.58,28.601,67.151
152.92,233.56,28.813,67.649
150.08,236.66,28.87,67.782
154.62,245.34,28.648,67.26
154.44,253.66,28.413,66.708
150.97,260.15,28.33,66.514
149.5,265.03,28.534,66.993
149.31,266.44,28.857,67.75
150.93,270.31,28.967,68.01
150.71,271.77,29.026,68.147
148.71,273.17,28.757,67.516
134.04,268.74,28.493,66.897
119.09,261.9,28.411,66.704
109.09,259.16,28.573,67.085
92.408,257.19,28.629,67.215
78.664,257.25,28.621,67.197
65.916,256.08,28.802,67.621
50.122,251.79,29.156,68.453
45.882,252.8,29.239,68.648
32.09,251.65,29.493,69.244
11.762,252.09,29.493,69.243
-1.2329,251.43,29.413,69.057
-7.3469,261.21,29.703,69.737
-9.326,269.27,29.545,69.367
-1.4415,253.34,29.545,69.367
-9.6804,247.93,29.674,69.67
-12.191,229.68,29.771,69.897
21.851,230.28,30.006,70.448
20.154,229.85,30.264,71.054
19.782,228.67,30.402,71.378
21.427,229.15,30.523,71.662
26.987,228.02,30.571,71.774
28.673,225.6,30.608,71.863
26.49,224.01,30.547,71.718
20.725,221.83,30.379,71.325
-2.2793,210.19,30.124,70.726
-3.6575,211.95,29.748,69.843
0.81802,176.3,29.936,70.284
0.8764,174.89,30.252,71.026
-1.766,177.33,30.106,70.683
-5.0919,188.95,30.008,70.454
-4.488,195.01,29.924,70.256
-3.9925,196.45,29.8,69.966
-6.0745,195.58,29.714,69.763
23.019,213.69,29.563,69.408
9.6847,213.06,29.507,69.276
-2.4403,213.36,29.345,68.898
-9.8228,214.57,29.013,68.118
1.3814,195.63,29.061,68.231
-5.3394,197.26,28.988,68.059
-8.4877,198,28.874,67.791
-12.713,195.62,29.082,68.28
-0.020532,205.23,29.078,68.269
-4.165,201.72,28.588,67.12
-6.3122,198.07,28.392,66.66
-7.9448,195.45,28.399,66.675
-6.2108,211.12,28.302,66.448
-4.5306,226.66,28.064,65.889
-4.3013,226.45,28.005,65.751
-6.8627,225.19,28.05,65.856
-3.2207,222.04,28.188,66.182
-5.2237,225.65,28.172,66.144
-8.0782,230.05,28.093,65.957
0.66961,217.03,28.314,66.477
-3.5008,216.86,28.242,66.307
-5.6034,216.3,28.347,66.554
-4.71,217.41,28.361,66.586
-3.2871,218.52,28.358,66.579
-1.9885,221.96,28.22,66.255
-5.0674,220.25,28.138,66.063
8.4948,224.38,28.413,66.709
13.109,223.35,28.557,67.048
14.564,222.23,28.59,67.124
16.596,222.11,28.555,67.043
18.824,220.73,28.514,66.945
19.658,222.49,28.668,67.307
21.036,222.94,28.81,67.641
21.517,222.56,28.805,67.629
21.742,222.23,28.924,67.909
21.571,221.68,29.11,68.344
18.944,222.89,28.992,68.067
15.574,228.7,28.971,68.018
13.313,235.78,28.898,67.848
9.9999,239.17,28.842,67.717
8.8434,239.3,28.719,67.427
7.7321,235.68,28.859,67.756
5.9265,232.02,28.978,68.036
4.9545,228.35,29.108,68.34
4.4833,227.01,29.082,68.279
9.1555,225.48,28.892,67.833
11.496,224.59,28.937,67.939
12.689,223.88,29.075,68.263
12.887,222.5,29.391,69.004
10.003,218.8,29.415,69.06
6.2005,214.94,29.548,69.374
3.5076,211.71,29.579,69.445
2.472,209.57,29.616,69.533
1.1944,206.86,29.721,69.779
-0.85154,205.12,29.7,69.73
-2.2814,203.66,29.705,69.742
-3.5691,202.98,29.651,69.615
-4.6775,202.12,29.647,69.607
-8.8703,200.26,29.49,69.237
-6.8199,202.05,29.509,69.282
27.108,190.09,29.3,68.792
33.67,199.51,29.01,68.111
12.882,193.44,28.946,67.96
8.7813,193.68,28.863,67.766
7.7793,193.69,28.851,67.736
7.6063,194.35,28.834,67.697
7.5848,193.61,28.876,67.795
7.6488,191.57,28.935,67.934
7.0283,189.73,29.059,68.225
7.047,188.86,28.959,67.992
7.2776,188.08,28.968,68.012
15,193.42,28.815,67.653
12.883,193.38,28.631,67.222
-5.0016,187.93,28.732,67.458
-8.3447,187.72,28.778,67.567
-7.4057,189.38,28.716,67.42
-4.8613,190.34,28.405,66.689
-6.074,191.96,28.299,66.441
33.667,191,28.115,66.008
28.94,190.57,28.097,65.966
23.802,190.84,28.025,65.799
18.033,191.08,28.01,65.763
10.61,189.52,28.094,65.96
5.3077,189.27,28.025,65.799
2.1575,189.17,28.075,65.916
0.26148,189.82,28.022,65.791
-0.9758,189.98,28.018,65.781
-1.0812,191.02,27.978,65.689
-0.14083,191.06,28.032,65.814
3.3706,191.35,28.046,65.847
4.9432,187.2,28.352,66.565
4.8114,185.53,28.479,66.864
4.2852,184.06,28.636,67.233
4.4669,184.06,28.758,67.519
4.9669,184.16,28.863,67.764
5.3552,182.83,29.176,68.5
6.3501,181.94,29.378,68.975
7.231,182.2,29.314,68.824
7.7515,181.52,29.395,69.013
8.0677,181.77,29.274,68.73
8.7613,182.47,29.107,68.339
9.5922,182.82,29.024,68.143
11.611,184.2,28.937,67.938
13.113,183.97,29.007,68.104
15.643,185.31,28.981,68.042
17.301,186.05,28.816,67.654
18.068,186.15,28.763,67.53
20.475,186.96,28.674,67.322
22.08,186.99,28.56,67.054
23.774,185.57,28.652,67.269
26.343,186.05,28.732,67.457
30.34,186.21,28.695,67.37
35.488,185.88,28.707,67.398
40.754,186.28,28.637,67.235
46.528,186.31,28.723,67.436
50.687,187.12,28.595,67.137
52.261,187.43,28.657,67.281
54.347,189.73,28.758,67.518
55.34,191.32,28.793,67.601
53.96,192.45,28.853,67.741
52.175,193.84,28.976,68.03
50.417,196.44,28.966,68.008
48.441,198.13,28.807,67.634
46.189,199.27,28.807,67.634
44.931,201.28,28.727,67.447
44.565,203.97,28.662,67.292
43.945,205.5,28.553,67.037
43.067,205.49,28.673,67.32
43.487,206.04,28.709,67.404
43.526,205.87,28.67,67.313
43.372,205.61,28.75,67.501
41.856,205.52,28.813,67.649
37.479,205.88,28.787,67.586
33.605,207.98,28.739,67.474
30.209,209.82,28.693,67.367
27.585,211.56,28.83,67.687
24.383,212.4,28.851,67.737
23.056,213.04,28.814,67.651
21.906,213.44,28.789,67.591
22.164,213.48,28.902,67.856
22.306,214.19,28.912,67.88
23.977,216.36,28.865,67.77
25.768,217.43,28.761,67.525
28.018,218.39,28.704,67.392
30.402,218.38,28.735,67.465
33.754,218.22,28.656,67.28
36.962,217.73,28.707,67.398
39.733,217.58,28.729,67.451
42.643,217.82,28.73,67.454
44.76,218.08,28.697,67.375
45.966,218.19,28.76,67.524
47.258,218.24,28.766,67.538
48.931,218.67,28.792,67.598
50.836,218.63,28.761,67.527
