545.5,184.5,29,75
542.43,186.31,29.148,75.384
537.42,185.79,29.165,75.426
531.93,186.33,29.132,75.342
532.54,187.6,28.921,74.797
543.79,189,29.113,75.293
544.9,189.05,29.077,75.2
545.52,188.56,29.519,76.341
544.51,188.17,29.876,77.266
545.55,188.84,29.9,77.329
544.46,188.59,29.621,76.607
543.83,189.39,29.494,76.278
542.1,190.44,29.333,75.861
543.12,190.43,29.452,76.168
543.79,191.45,29.428,76.108
543.53,191.06,29.621,76.605
543.08,190.85,29.976,77.524
542.99,191.34,29.977,77.526
542.99,192.46,29.82,77.122
542.66,193.12,29.682,76.765
542.89,193.62,29.635,76.643
542.98,193.08,29.897,77.32
542.92,193.61,30.142,77.953
542.09,193.67,30.189,78.076
543.52,194.25,29.967,77.501
542.75,194.98,29.766,76.981
543.58,194.76,29.517,76.337
543.52,195.4,29.699,76.807
545.11,195.24,29.812,77.1
546.29,195.46,29.418,76.082
545.32,196.58,29.499,76.29
543.96,197.36,29.84,77.172
543.69,195.6,29.985,77.548
553.79,194.2,30.438,78.719
547.19,194.4,30.627,79.209
544.58,194.41,30.21,78.13
544.78,195.2,29.887,77.293
543.5,194.12,29.716,76.853
544.05,195.46,29.848,77.193
543.6,195.46,29.806,77.085
543.67,193.99,29.84,77.173
541.38,192.61,29.945,77.444
543.6,193.06,29.997,77.578
544.86,193.22,30.028,77.659
544.6,193.47,29.8,77.069
543.81,191.76,29.675,76.746
544.14,191.62,29.657,76.698
543.77,190.84,29.653,76.69
544.12,190.19,29.622,76.608
544.67,190.14,29.669,76.729
544.1,189.92,29.688,76.779
544.62,190.48,29.722,76.867
544.52,191.13,29.655,76.694
544.18,191.49,29.684,76.768
544.59,192.43,29.827,77.139
544,191.7,29.744,76.924
544.09,192.36,29.704,76.82
544.39,192.77,29.753,76.948
544.66,192.98,29.805,77.083
544.65,194.1,29.698,76.806
544.56,193.68,29.744,76.925
544.38,193.94,29.743,76.922
544.49,194.1,29.779,77.014
545.03,194.64,29.646,76.671
545.67,195.15,29.658,76.703
545.11,195.09,29.635,76.643
545.26,195.66,29.702,76.817
545.76,196.06,29.698,76.805
545.8,196.25,29.719,76.86
546.19,197.71,29.612,76.582
544.93,196.14,29.687,76.776
544.65,195.81,29.654,76.692
543.85,195.08,29.613,76.586
543.19,194.62,29.649,76.677
543.65,195.08,29.709,76.835
543.03,194.86,29.739,76.91
542.52,194.97,29.683,76.766
542.6,195.25,29.853,77.205
542.17,195.21,29.747,76.932
542.66,196.62,29.68,76.759
542.55,196.19,29.784,77.029
543.05,195.78,29.731,76.89
542.86,195.01,29.691,76.787
542.86,194.41,29.732,76.894
543.12,194.52,29.761,76.967
542.33,192.88,29.726,76.878
541.95,192.21,29.891,77.303
542.27,192.62,29.801,77.071
542.44,193.36,29.763,76.974
543.13,194.53,29.747,76.933
543.08,194.69,29.73,76.887
543.38,195.45,29.672,76.739
543.39,195.24,29.703,76.818
543.14,194.93,29.7,76.809
543.62,194.51,29.766,76.981
542.61,194.15,29.801,77.07
542.56,194.24,29.712,76.843
542.53,194.57,29.791,77.045
542.52,194.64,29.7,76.812
542.64,195.56,29.725,76.874
542.32,195,29.853,77.207
541.76,194.56,29.82,77.12
541.73,194.82,29.707,76.828
541.97,194.66,29.834,77.156
542.64,194.56,29.729,76.884
542.28,194.07,29.805,77.082
542.05,193.83,29.685,76.772
542.23,193.83,29.687,76.776
542.17,193.59,29.719,76.861
542.61,193.49,29.784,77.029
542.13,193.03,29.708,76.83
542.43,192.74,29.737,76.905
543.06,192.08,29.765,76.978
542.97,193.05,29.684,76.77
542.66,194.13,29.674,76.744
531.4,189.06,29.785,77.031
499.73,189.04,29.721,76.864
464.89,189.82,29.808,77.09
428.08,189.63,29.781,77.02
414.68,191.17,29.643,76.663
407.3,195.98,29.517,76.337
406.27,195.68,29.515,76.333
407.52,195.62,29.51,76.319
408.67,196.26,29.514,76.328
409.27,196.41,29.455,76.177
408.82,196.16,29.65,76.68
409.17,195.9,29.659,76.705
409.25,195.86,29.56,76.448
409.65,196.14,29.436,76.128
410.73,197.31,29.533,76.377
410.06,195.96,29.493,76.274
410.56,196.43,29.525,76.358
410.49,196.2,29.412,76.065
411.19,196.41,29.526,76.36
411.75,196.35,29.503,76.3
411.86,196.24,29.498,76.287
411.82,196.24,29.519,76.343
412.42,196.18,29.41,76.061
412.74,196.34,29.398,76.029
413.82,196.53,29.36,75.931
412.92,196.01,29.476,76.231
413.02,196.06,29.527,76.364
413.21,195.61,29.535,76.384
