517.5,303.5,55,93
514.95,304.76,55.375,93.635
514.14,304.22,55.262,93.443
512.71,303.86,55.332,93.561
511.22,303.44,55.703,94.188
510.39,303.54,55.745,94.26
510.31,303.7,55.634,94.072
509.69,303.32,55.372,93.628
509.73,303.32,55.164,93.276
509.83,302.65,55.518,93.876
511.02,303.16,54.98,92.967
510.78,301.79,55.193,93.326
510.42,300.15,55.904,94.528
510.06,298.54,56.644,95.779
510.25,297.79,56.843,96.116
509.39,296.47,57.13,96.601
509.38,295.85,57.36,96.991
509.26,295.25,57.429,97.108
508.59,293.69,57.694,97.556
508.64,293.03,57.508,97.24
508.55,292.35,57.739,97.632
508.69,292.68,57.504,97.234
508.52,292.89,57.298,96.886
508.37,294.23,56.518,95.567
508.45,295.95,55.613,94.037
508.31,296.5,55.021,93.035
509.04,298.51,53.725,90.844
508.38,298.25,53.493,90.452
508.02,299.24,52.527,88.818
508.04,299.65,51.992,87.913
507.08,298.87,52.667,89.055
506.22,297.83,53.173,89.911
505.58,296.75,53.408,90.308
506.03,296.69,53.597,90.628
506.34,296.53,53.822,91.009
506.48,296.21,54.599,92.322
507.58,296.03,54.882,92.8
508.74,296.23,54.815,92.687
509.54,296.29,54.789,92.643
509.32,296.11,54.881,92.798
509.96,296.83,54.784,92.635
509.94,296.84,54.842,92.732
510.49,297.28,54.998,92.997
510.19,296.79,55.279,93.472
510.16,296.64,55.343,93.581
509.98,296.47,54.992,92.987
509.23,295.66,55.138,93.234
508.8,295.26,55.478,93.809
508.87,295.64,55.245,93.414
508.39,295.43,55.317,93.535
508.64,295.53,55.278,93.47
508.85,295.15,55.567,93.959
508.64,294.61,55.291,93.492
508.6,293.87,55.192,93.324
507.89,292.74,55.182,93.307
507.89,292.31,55.106,93.18
509.62,293.12,54.96,92.933
511.16,294.57,54.998,92.997
512.6,296.19,55.3,93.508
513.34,296.79,55.258,93.435
513.28,296.63,55.288,93.486
513.86,296.42,55.124,93.209
515.23,296.43,55.056,93.094
518.07,296.28,55.107,93.181
520.87,296.74,55.188,93.317
522.39,296.55,55.291,93.492
523.05,296.98,55.355,93.599
522.73,297.05,55.253,93.428
522.19,297.11,55.206,93.348
521,296.72,55.26,93.44
520.49,296.92,55.289,93.489
520.23,297.32,55.129,93.218
519.12,297.56,55.346,93.585
517.45,298.31,55.145,93.246
515.73,298.35,55.077,93.131
514.64,298.53,55.15,93.254
512.16,297.93,55.078,93.131
510.67,297.92,54.945,92.906
507.59,297.17,55.139,93.235
505.82,297.14,55.222,93.375
504.38,297.13,55.148,93.25
503.08,296.78,55.164,93.276
502.24,296.44,55.153,93.26
501.23,295.36,55.222,93.375
500.61,294.66,55.102,93.172
499.34,293.9,55.161,93.273
497.09,293.01,55.007,93.012
495.65,292.9,55.027,93.046
493.64,292.83,55.077,93.131
490.85,292.32,55.055,93.094
487.59,291.79,54.965,92.941
483.88,291.16,54.772,92.614
479.58,290.22,54.778,92.625
473.95,289.31,54.841,92.731
467.92,288.86,54.789,92.644
462.46,287.8,54.856,92.756
458.35,286.65,54.943,92.904
452.36,284.15,54.904,92.838
447.84,282.57,54.723,92.531
442.91,280.74,54.561,92.258
438.15,279.87,54.529,92.204
434.19,279.55,54.436,92.046
432.74,279.99,54.349,91.899
430.4,279.68,54.276,91.776
428.82,278.89,54.257,91.744
428.11,278.17,54.307,91.828
426.21,277.15,54.121,91.514
423.86,276.04,54.157,91.574
420.35,274.99,54.397,91.981
418.4,274.38,54.27,91.765
417.43,274.42,54.119,91.511
417.02,274.94,54.164,91.586
416.04,274.94,54.045,91.384
414.55,274.16,54.039,91.375
412.67,273.84,54.103,91.484
411.31,273.76,54.409,92.001
410.62,273.43,54.651,92.409
410.46,271.79,55.414,93.701
409.45,269.52,56.304,95.204
408.28,269.42,56.107,94.873
407.25,270.14,55.992,94.677
406.17,271.23,55.86,94.454
403.99,271.44,55.753,94.272
403.16,272.36,55.49,93.828
399.95,271.9,55.518,93.876
400.11,269.65,56.034,94.749
398.45,268.53,56.145,94.935
395.9,268.16,55.814,94.377
393.92,269.13,55.732,94.238
390.93,270.47,55.081,93.137
388.69,271.49,54.926,92.874
386.03,270.86,55,93
384.05,270.33,55.184,93.311
382.74,270.13,54.854,92.753
382.06,270.21,54.73,92.544
380.3,269.9,54.752,92.581
379.34,270.07,54.684,92.466
378.02,269.96,54.438,92.05
377.46,270.11,54.475,92.112
376.74,270.08,54.372,91.938
376.23,270.09,54.459,92.085
374.69,269.72,54.438,92.049
373.21,269.23,54.582,92.294
371.96,269.08,54.579,92.288
370.32,268.44,54.57,92.273
367.71,267.73,54.457,92.081
363.34,266.57,54.483,92.126
359.83,265.92,54.461,92.089
355.92,265.43,54.437,92.048
353.36,265.11,54.641,92.393
351.41,264.42,54.652,92.412
350.73,263.92,54.373,91.939
350.34,263.14,54.405,91.993
350.4,263.11,54.192,91.633
349.42,262.4,54.528,92.201
347.34,262.1,54.756,92.588
345.21,262.05,54.835,92.721
348.52,262.06,54.826,92.707
351.02,261.68,54.655,92.417
341.5,261.19,54.592,92.309
343.42,261.45,54.598,92.32
344.72,261.44,54.37,91.936
345.93,261.23,54.15,91.564
344.78,261.01,54.131,91.53
345.33,261.3,53.843,91.043
345.5,260.91,54.025,91.351
348.34,260.88,53.858,91.068
352.68,261.11,53.79,90.954
358.52,262.29,53.624,90.674
366.15,264.16,53.707,90.814
375.4,266.35,53.945,91.216
383.4,268.94,53.873,91.095
394.05,272.27,53.834,91.028
407.44,276.04,53.717,90.83
423.19,278.12,53.955,91.232
438.91,281.29,54.127,91.524
455.39,285.28,53.924,91.181
472.37,288.66,54.022,91.346
492.33,291.08,53.973,91.264
514.15,293.99,54.408,92
534.09,295.84,54.682,92.462
550.96,297.81,54.968,92.945
564.78,300.92,55.283,93.479
577.25,305.01,55.628,94.062
588.29,309.33,55.905,94.53
598.81,313.81,56.237,95.092
607.78,316.65,56.292,95.184
614.39,318.2,56.465,95.477
622.17,320.39,56.551,95.623
629.89,320.88,56.725,95.917
638.52,322.36,57.386,97.034
643.94,323.15,57.728,97.613
647.7,323.48,57.763,97.672
651.04,324.8,57.698,97.562
653.72,325.39,57.562,97.332
655.93,326.29,57.383,97.029
657.17,325.68,57.471,97.178
657.16,324.97,57.511,97.245
657.8,324.8,57.397,97.053
658.67,324.88,57.23,96.77
658.61,324.43,57.127,96.596
660.25,324.41,57.078,96.514
660.9,324.18,57.145,96.627
661.37,323.66,57.23,96.771
660.97,322.91,57.254,96.811
661.13,322.3,57.192,96.706
661.58,321.52,57.397,97.052
662.39,320.94,57.349,96.972
662.7,319.84,57.338,96.954
663.28,318.8,57.429,97.108
663.03,317.5,57.349,96.972
661.39,315.79,57.389,97.039
658.21,314.92,57.421,97.094
655.6,313.59,57.473,97.182
653.08,312.65,57.296,96.883
649.66,311.22,57.251,96.807
645.51,309.98,57.294,96.879
640.48,308.43,57.398,97.054
635.02,308.35,57.293,96.878
628.36,307.09,57.212,96.74
622.11,306.1,57.184,96.692
616.45,305.63,57.083,96.523
611.73,305.02,57.085,96.525
606.88,304.63,57.145,96.627
602.63,303.86,56.914,96.236
597.8,302.54,56.894,96.203
592.66,301.91,56.905,96.221
587.16,300.76,56.817,96.072
581.46,298.6,56.833,96.099
576.25,297.39,56.587,95.684
570.11,296.18,56.548,95.618
564.6,295.87,56.182,94.999
560.15,295.8,56.209,95.044
555.4,294.04,56.258,95.127
550.51,291.94,56.257,95.125
544.96,289.36,56.273,95.153
539.57,286.74,56.313,95.219
534.15,284.26,56.418,95.398
529.27,283.06,56.381,95.334
523.14,281.75,56.034,94.749
518.14,280.43,56.194,95.019
512.14,277.95,56.16,94.961
504.97,275.19,55.966,94.633
497.41,273.31,55.919,94.553
490.55,271.21,55.646,94.092
485.14,269.47,55.503,93.851
480.9,268.52,55.408,93.69
476.38,266.77,55.228,93.385
472.16,265.74,55.13,93.219
468.29,265.12,55.068,93.115
465.67,263.51,55.262,93.442
463.88,261.98,55.159,93.268
460.63,259.23,55.159,93.269
457.61,257.19,54.982,92.97
455.4,255.76,55.187,93.316
454.41,255.22,54.961,92.933
453.33,254.59,54.928,92.879
451.35,253.5,54.746,92.57
449.77,252.09,54.735,92.552
447.87,250.52,54.967,92.944
445.69,249.24,54.993,92.988
444.57,248.56,55.065,93.11
443.84,248.39,55.22,93.372
443.11,247.79,55.065,93.111
442.87,247.51,54.976,92.96
441.84,246.75,55.005,93.008
441.55,246.41,55.028,93.048
442.17,246.33,55.027,93.046
442.76,246.26,55.053,93.089
444.45,246.77,54.749,92.576
447.58,246.78,54.752,92.58
450.75,246.75,54.669,92.44
454.04,246.77,54.72,92.526
456.81,246.52,54.727,92.538
459.57,246.9,54.544,92.229
462.54,247.47,54.595,92.315
466.05,248.72,54.478,92.117
469.56,248.82,54.397,91.981
473.99,249.64,54.26,91.748
478.06,249.92,54.229,91.697
482.1,250.12,54.349,91.898
485.86,251.5,54.269,91.764
487.76,250.99,54.612,92.345
490.36,250.07,54.704,92.499
491.88,248.65,54.749,92.575
494.8,248.55,54.567,92.269
496.56,248.55,54.332,91.871
495.34,249.37,53.97,91.259
496.71,250.14,53.613,90.654
499.72,249.39,53.192,89.942
503.82,248.19,53.007,89.63
505.11,246.22,52.873,89.403
504.83,244.21,52.698,89.108
503.88,242.59,52.753,89.201
503.99,242.18,52.638,89.006
502.43,240.72,52.839,89.347
501.03,239.99,53.385,90.268
497.95,238.87,53.895,91.132
496.43,238.58,54.314,91.841
492.79,237.05,54.832,92.716
489.21,236.73,54.848,92.743
485.83,235.55,54.949,92.914
482.83,234.46,54.827,92.707
481.6,234.23,54.784,92.635
480.29,233.55,54.788,92.642
478.81,233.28,54.668,92.438
478.59,234.12,54.602,92.327
478.3,235.04,54.537,92.217
478.03,235.45,54.381,91.953
478.36,236.43,54.214,91.671
478.3,237.28,54.155,91.572
478.42,238.15,54.023,91.348
477.97,238.26,53.98,91.275
477.41,239.21,54.047,91.389
476.12,239.79,53.713,90.824
475.09,240.22,53.814,90.995
473.7,239.99,53.904,91.147
471.51,239.48,54.077,91.44
469.17,239.22,54.125,91.521
466.98,239.31,53.989,91.291
464.06,238.86,54.004,91.316
461.5,238.1,54.048,91.389
459.14,237.69,54.025,91.351
456.63,236.87,54.091,91.462
454.24,236.21,54.017,91.338
451.27,235.34,54.04,91.376
449.12,234.8,53.885,91.114
448.1,234.62,53.944,91.215
446.95,234.22,54.021,91.345
446.55,233.73,54.138,91.543
446.74,234,54.1,91.478
446.74,233.72,53.925,91.183
447.04,233.85,54.076,91.437
447.07,233.84,54.082,91.448
447.91,234.02,54.049,91.392
448.79,234.27,54.011,91.328
449.55,234.43,53.795,90.963
451.34,235.37,53.727,90.847
452.75,235.81,54.052,91.397
453.56,235.88,54.099,91.476
454.86,236.19,54.057,91.406
455.5,236.48,54.018,91.339
455.86,236.91,54.046,91.386
456.16,237.46,53.955,91.233
456.12,237.83,54.104,91.486
455.41,238.18,53.946,91.217
453.33,238.92,54.01,91.326
450.43,239.96,53.768,90.918
445.99,241.46,53.869,91.087
439.92,242.91,54.023,91.348
433.65,243.42,54.078,91.44
428.5,243.89,53.869,91.088
423.53,243.48,54.197,91.643
417.98,242.96,54.236,91.708
411.16,242.05,54.138,91.543
404.13,241.42,54.093,91.466
394.39,240.06,54.247,91.728
384.31,238.34,54.204,91.654
375.63,237.02,54.08,91.444
367.47,234.99,53.637,90.696
359.38,232.58,53.799,90.968
349.67,230.36,54.004,91.316
339.91,228.67,53.886,91.116
331.37,228.61,53.915,91.165
322.74,228.13,54.002,91.313
315.92,227.92,53.686,90.778
312.04,228.11,53.864,91.079
309.47,228.32,53.765,90.911
308.55,228.38,54.059,91.408
309.95,229.73,53.464,90.404
315.03,231.68,53.472,90.416
319.56,230.77,53.943,91.213
323.29,228.78,53.917,91.17
325.55,225.21,54.364,91.924
327.87,223.46,54.133,91.534
329.5,223.33,53.557,90.561
330.52,224.74,53.292,90.112
333.2,227.42,53.425,90.336
338.93,229.02,53.613,90.655
345.34,229.9,53.301,90.126
349.92,234.06,53.335,90.185
357.4,239.66,53.067,89.732
364.71,246.43,52.954,89.54
372.99,248.31,53.141,89.856
385.68,243.42,53.355,90.218
388.78,241.87,53.641,90.702
390.37,238.73,53.852,91.058
395.49,233.73,53.991,91.295
393.94,229.13,54.027,91.355
389.49,226.86,54.115,91.503
372.77,225.54,53.996,91.302
375.24,222.15,54.106,91.489
382.23,217.94,54.175,91.606
389.04,215.75,54.245,91.723
401.01,214.15,54.37,91.934
396.19,213.97,54.585,92.298
384.91,217.28,54.557,92.25
379.32,220.4,54.34,91.884
375.07,222.55,54.166,91.589
369.41,217.69,54.648,92.405
357.64,209.8,54.84,92.729
346.18,207.01,55.242,93.41
335.63,206.19,55.266,93.45
327.03,204.03,55.412,93.697
316.98,201.59,55.216,93.364
319.23,197.36,54.871,92.783
325.26,193.74,54.411,92.004
328.42,191.2,53.714,90.826
329.24,190.54,53.327,90.171
331.93,192.87,53.256,90.051
335.76,196.76,53.839,91.037
336.31,199.87,53.731,90.855
339.12,203.17,54.168,91.593
337.28,206.68,54.181,91.615
335.58,206.78,53.7,90.803
332.92,210.55,53.95,91.225
330.73,209.17,53.88,91.106
331.65,207.32,53.862,91.075
333.8,208.3,53.735,90.861
336.85,209.99,53.828,91.018
339.61,207.96,53.908,91.154
343.71,205.44,53.971,91.26
348.23,202.72,53.799,90.969
352.69,201.26,53.233,90.013
354.66,199.49,54.002,91.312
355.48,200.85,53.647,90.712
355.22,200.82,54.137,91.541
351.85,197.01,54.55,92.239
349.47,195.29,54.284,91.789
348.28,194.42,53.531,90.515
350.62,193.92,53.055,89.711
354,192.27,52.75,89.196
357.29,191.4,52.957,89.545
358.31,189.42,52.716,89.138
358.58,189.03,52.215,88.291
362.14,188.42,52.154,88.188
368.55,191.14,52.336,88.495
375.47,191.14,52.6,88.941
382.84,189.12,52.866,89.392
388.42,187.97,53.192,89.943
394.11,186.08,53.012,89.639
400.82,187.31,52.787,89.258
406.02,193.82,52.522,88.81
407.79,198.84,52.376,88.563
408.41,204.84,52.036,87.988
409.61,210.01,51.477,87.042
411.54,219.66,51.363,86.851
410.74,226.14,50.847,85.978
410.03,238.11,50.167,84.827
406.11,250.4,49.318,83.393
399.85,269.14,49.159,83.124
391.43,280.71,49.309,83.377
386.81,290.94,49.478,83.662
391.43,307.91,49.122,83.06
385.29,311.91,48.793,82.504
369.13,292.32,49.109,83.038
354.89,285.08,49.607,83.882
348.56,291.61,49.665,83.978
343.98,283.24,50.062,84.65
345.96,282.88,49.508,83.714
333.65,276.7,49.328,83.41
307.05,260.09,49.624,83.909
299.8,271.44,49.888,84.356
289.24,262.12,49.879,84.341
286.49,261.39,49.823,84.247
278.16,263.08,49.719,84.071
273.82,263.05,49.334,83.419
275.46,263.37,49.161,83.126
277.22,262.46,49.149,83.107
277.68,259.61,49.323,83.401
282.81,258.31,49.962,84.481
291.82,255.73,49.861,84.31
304.82,255.56,50.065,84.656
316.72,253.48,49.949,84.459
330.74,250.65,49.709,84.053
346.35,249.58,49.438,83.596
371.07,249.04,49.562,83.804
387.4,250.66,49.678,84.001
403.5,249.71,49.632,83.923
418.95,251.24,49.902,84.38
434.62,253.91,49.926,84.42
451.69,257.04,50.315,85.078
468.99,260.18,50.534,85.448
484.34,262.28,50.632,85.614
500,262.47,50.535,85.45
510.16,263.99,50.567,85.505
515.23,264.32,51.211,86.593
518.6,264.51,51.417,86.941
519.82,264.93,51.679,87.384
519.51,266.23,51.696,87.413
517.56,266.09,51.648,87.332
500.88,267.56,51.783,87.56
494.75,267.98,51.342,86.815
487.97,268.24,51.331,86.796
481.01,269.15,51.283,86.715
473.2,270.25,50.947,86.146
467.95,270.57,50.931,86.12
465.12,270.94,50.635,85.619
462.11,270.8,50.404,85.229
458.66,272.69,50.367,85.166
454.56,273.88,50.546,85.469
454.62,275.26,50.58,85.525
457.17,274.89,50.64,85.628
461.89,273.73,50.484,85.363
469.75,272.38,50.758,85.827
478.99,271.01,50.651,85.646
490.81,270.6,50.468,85.337
504.06,271.25,50.412,85.242
518.16,270.58,50.265,84.994
535.27,270.92,50.783,85.87
553.13,271.88,50.922,86.104
572.22,273.73,50.965,86.177
592.99,275.72,51.256,86.669
612.47,277.2,51.312,86.763
629.52,277.92,51.502,87.085
644.87,280.29,51.484,87.054
662.76,283.28,51.562,87.187
681.43,284.88,52.087,88.074
701.37,286.87,52.393,88.591
720.4,289.44,52.91,89.465
738.49,292.26,53.016,89.646
756.94,296.02,53.352,90.213
774.38,301.1,53.568,90.579
791.05,307.11,53.652,90.721
806.86,315.98,53.746,90.88
821.16,325.61,54.285,91.792
831.8,337.64,54.558,92.252
840.17,351.46,54.41,92.003
839.53,363.67,54.83,92.712
837.67,376.05,55.177,93.299
836.47,385.79,55.135,93.229
836.92,395.14,55.185,93.313
836.47,401.59,55.328,93.554
833.07,402.13,55.625,94.057
832.01,400.57,55.685,94.159
832.99,398.68,55.796,94.346
831.18,397.27,55.778,94.316
827.44,394.98,55.894,94.511
823.07,390.88,55.831,94.405
818.19,386.51,55.939,94.588
813.11,380.89,56.047,94.77
807.48,373,55.799,94.351
803.52,361.13,55.939,94.588
796.78,349.98,56.219,95.061
787.9,337.05,55.997,94.687
779.81,323.55,55.853,94.442
767.87,306.11,55.613,94.037
756.7,290.57,55.549,93.929
743.88,276.5,55.377,93.638
733.12,262.7,54.807,92.674
722.99,250.83,54.711,92.512
709.59,238.38,54.646,92.401
696.75,229.95,54.306,91.826
683.55,222.72,53.697,90.796
675.54,216.88,53.365,90.236
666.58,211.65,53.165,89.897
633.97,207.9,52.703,89.117
612.86,204.89,52.396,88.596
612.38,203.45,52.335,88.493
593.1,201.64,51.822,87.627
573.07,201.08,51.322,86.781
540.83,199.69,51.184,86.548
528.53,201.57,51.03,86.287
515.97,201.52,50.759,85.828
509.7,203.42,50.74,85.796
496.06,203.48,50.892,86.053
473.12,206.1,50.622,85.597
467.11,208.24,50.204,84.89
464,210.29,50.073,84.669
458.51,213.99,49.947,84.456
455.74,215.33,49.598,83.866
455.72,218.25,49.614,83.893
456.7,221.4,49.351,83.449
459.94,222.87,49.482,83.67
464.51,226,49.384,83.504
472.47,228.29,49.193,83.181
479.87,229.89,49.353,83.451
487.44,232.6,49.259,83.293
494.36,234.26,49.149,83.107
503.38,235.99,49.304,83.369
511.37,235.83,49.432,83.584
518.82,235.68,49.696,84.031
525.56,235.79,49.66,83.97
532.57,237.18,49.856,84.303
539.02,238.7,50.154,84.806
544.1,240.15,50.147,84.794
550.1,242.14,50.159,84.814
557.33,244.39,49.745,84.114
567.08,246.08,50.265,84.993
577.15,248.82,50.54,85.459
587.21,251.51,50.511,85.409
599.18,255.66,50.54,85.458
614.32,258.44,50.932,86.121
629.35,260.08,50.963,86.173
646.14,263.59,51.142,86.476
664.95,265.59,51.288,86.723
696.71,269.33,51.517,87.111
720.87,271.61,51.882,87.728
746.28,273.08,52.667,89.056
773.06,274.56,53.13,89.838
802.36,275.81,53.518,90.494
842.56,276.82,53.855,91.064
881.39,277.98,54.252,91.736
905.19,279.15,54.45,92.069
924.8,280.35,53.762,90.906
945.93,282.26,53.466,90.406
923.99,273.73,53.724,90.842
943.04,275.17,53.734,90.86
922.16,270.93,52.997,89.614
904.59,276.25,52.307,88.447
923.02,273.14,51.729,87.469
880.63,277.29,52.35,88.519
852.43,288,52.407,88.616
863.58,286.69,52.306,88.445
876.98,286.67,51.807,87.601
888.75,286.47,51.787,87.566
895.02,288.14,52.179,88.23
901.06,288.84,52.027,87.973
914.15,288.64,51.975,87.885
919.52,288.35,51.826,87.634
924.07,286.45,51.786,87.566
926.86,284.77,51.582,87.221
924.55,281.61,51.524,87.122
927.57,279.95,51.673,87.374
932.14,279.94,52.061,88.03
935.53,275.5,52.503,88.778
920.37,281.45,52.53,88.823
922.83,278.24,52.785,89.254
924,274.7,52.821,89.316
898.37,292.33,52.306,88.445
928.07,273.97,52.559,88.873
930.94,273.89,52.731,89.163
931.48,272.99,52.85,89.365
932.27,273.79,52.884,89.422
937.06,273,53.599,90.63
913.68,289.78,53.141,89.857
916.36,291.98,52.705,89.119
920.6,291.66,52.217,88.294
921.55,293.72,51.553,87.172
928.14,289.36,51.64,87.318
932.55,288.49,51.931,87.81
935.22,288.38,51.889,87.74
852.57,304.85,51.574,87.207
857.38,303.55,51.157,86.502
858.89,303.36,50.436,85.283
863.37,303.84,50.247,84.963
869.05,304.45,50.063,84.652
871.45,304.32,49.966,84.488
872.17,304.95,49.917,84.405
873.47,305.56,49.691,84.023
875.68,304.43,49.525,83.742
876.36,301.38,49.366,83.473
878.97,301.46,49.367,83.475
880.68,300.4,49.251,83.278
884.81,301.35,49.096,83.017
889.75,301.16,48.913,82.707
895.27,301.1,48.912,82.706
900.83,301.41,48.845,82.592
