330.5,244.5,41,104
329.98,242.41,40.645,103.1
329.78,242.75,40.704,103.25
329.42,242.58,40.997,103.99
328.84,242.35,41.066,104.17
328.88,242.76,40.921,103.8
328.48,243.62,40.65,103.11
328.32,244.2,40.616,103.02
328.29,244.69,40.356,102.37
327.67,245.8,40.212,102
327.49,246.34,40.009,101.49
326.78,246.81,39.956,101.35
326.07,246.38,40.172,101.9
325.68,246.34,40.095,101.7
325.16,246.13,40.625,103.05
324.85,245.9,40.925,103.81
324.47,246.04,41.014,104.03
323.91,246.65,40.838,103.59
323.8,246.49,41.368,104.93
323.56,247.13,41.452,105.15
323.67,247.4,41.608,105.54
323.27,247,41.827,106.1
323.32,247.32,41.634,105.61
323.43,248.11,41.274,104.7
323.18,247.83,41.379,104.96
323.2,248.14,41.259,104.66
322.77,248.52,41.335,104.85
322.57,248.52,41.466,105.18
322.38,248.69,41.762,105.93
321.46,249.55,41.831,106.11
320.37,249.38,41.914,106.32
320.2,249.74,41.895,106.27
318.76,249.51,42.127,106.86
318.39,249.75,41.945,106.4
317.97,249.33,42.395,107.54
317.14,249.83,42.207,107.06
316.91,249.83,42.151,106.92
316,249.97,42.041,106.64
315.53,250.54,42.26,107.2
315.36,250.93,42.242,107.15
314.65,251.82,42.152,106.92
314.34,251.88,42.137,106.88
314.07,251.89,42.132,106.87
313.32,251.73,42.41,107.58
313,251.78,42.539,107.9
313.22,252.33,42.505,107.82
312.35,252.03,42.563,107.97
312.5,252.29,42.632,108.14
312.1,252.38,42.672,108.24
311.14,252.22,42.621,108.11
311.19,252.71,42.717,108.36
310.19,252.66,42.647,108.18
310.13,253.39,42.701,108.32
309.35,253.7,42.621,108.11
309.43,254.76,42.538,107.9
308.96,255.22,42.591,108.04
308.22,255.31,42.752,108.44
307.21,254.84,42.871,108.75
306.91,255.12,42.955,108.96
306.01,254.52,43.202,109.59
305.91,254.67,43.51,110.37
305.37,254.74,43.406,110.1
305.34,255.04,43.53,110.42
304.6,254.6,43.433,110.17
304.57,255.17,43.435,110.18
303.98,255.35,43.52,110.39
302.89,255.21,43.651,110.73
303.11,255.96,43.665,110.76
302.73,256.54,43.662,110.75
302.43,256.66,43.737,110.94
302.3,257.29,43.571,110.52
301.5,256.95,43.646,110.71
301.66,257.54,43.68,110.8
301.29,257.45,43.756,110.99
300.68,257.31,44.029,111.68
300.41,257.22,44.179,112.06
299.43,256.53,44.371,112.55
299.13,256.45,44.345,112.48
299.03,256.7,44.315,112.41
299.12,257.13,44.243,112.23
298.48,257.14,44.483,112.84
298.08,257.56,44.334,112.46
298.12,258.34,44.251,112.25
297.68,258.73,44.3,112.37
297.38,259.7,44.117,111.91
296.49,259.52,44.211,112.14
296.41,260.07,44.38,112.57
295.46,260.17,44.468,112.8
295.07,260.04,44.518,112.92
295.13,260.2,44.741,113.49
294.28,259.75,44.719,113.43
294.1,259.82,44.779,113.59
293.91,260.1,44.754,113.52
293.38,259.84,44.763,113.55
293.35,260.15,44.866,113.81
292.96,260.36,45.103,114.41
292.52,260.83,45.123,114.46
292.12,261.25,45.08,114.35
291.57,261.52,45.11,114.42
291.49,261.82,45.201,114.66
290.93,262.26,45.129,114.47
290.83,262.48,45.461,115.32
290.23,262.39,45.562,115.57
289.71,262.37,45.661,115.82
289.69,262.61,45.765,116.09
289.38,262.52,45.868,116.35
288.71,262.09,45.953,116.56
288.7,262.54,46.088,116.91
287.98,262.1,46.185,117.15
287.5,262.14,46.173,117.12
287.18,262.15,46.148,117.06
286.51,262.23,46.136,117.03
286.28,262.65,46.209,117.21
286.25,263.39,46.117,116.98
285.72,263.72,45.964,116.59
285.92,264.85,45.827,116.24
284.56,264.95,45.877,116.37
284.15,265.6,45.947,116.55
283.39,265.82,46.023,116.74
282.7,266.07,46.04,116.79
282.14,266.07,46.178,117.13
281.56,266.08,46.304,117.45
281.17,266.03,46.199,117.19
280.65,266.09,46.259,117.34
280.3,266.42,46.24,117.29
279.77,266.61,46.179,117.14
278.81,267.2,45.954,116.57
278.77,267.9,45.892,116.41
277.76,268.05,45.844,116.29
277.15,268.45,45.731,116
277.21,269.3,45.744,116.03
276.5,269.67,45.611,115.7
276.23,269.9,45.651,115.8
275.75,270.17,45.661,115.82
275.17,269.99,45.949,116.55
274.71,270.1,46.128,117.01
273.93,269.7,46.386,117.66
273.69,269.47,46.575,118.14
273.39,269.6,46.702,118.46
272.4,269.56,46.693,118.44
271.94,269.62,46.647,118.32
271.61,270.07,46.668,118.38
270.99,270.37,46.747,118.58
270.67,270.53,46.814,118.75
270.17,270.88,46.875,118.9
269.68,271.33,46.9,118.97
234.64,268.25,46.716,118.5
268.25,272.7,46.753,118.59
267.5,273.08,46.706,118.47
266.65,273.22,46.571,118.13
266.16,273.52,46.683,118.42
264.84,273.15,46.572,118.13
264.65,273.59,46.668,118.38
263.94,273.5,46.705,118.47
263.1,273.33,46.54,118.05
262.8,274.25,46.532,118.03
262.18,274.52,46.422,117.75
260.87,274.32,46.352,117.57
260.35,274.71,46.555,118.09
260.12,275.64,46.676,118.4
258.88,275.66,46.673,118.39
258.64,275.99,46.718,118.5
258.07,276.91,46.777,118.65
257.62,277.06,46.817,118.76
257.27,277.31,47.095,119.46
256.4,277.17,47.227,119.79
255.64,277.06,47.409,120.26
255.73,277.01,47.634,120.83
254.82,276.96,47.694,120.98
254.45,276.99,47.656,120.88
215.08,284.83,47.839,121.35
253.07,277.55,47.704,121.01
252.92,277.94,47.63,120.82
252.34,278.25,47.718,121.04
251.91,278.74,47.61,120.77
251.36,279.38,47.618,120.79
250.95,280.19,47.593,120.72
250.26,280.41,47.667,120.91
249.47,280.92,47.562,120.64
248.81,281.12,47.492,120.47
248.22,281.33,47.41,120.26
247.78,281.72,47.423,120.29
246.8,281.53,47.55,120.62
246.28,281.49,47.598,120.74
245.85,281.57,47.654,120.88
245.2,282.02,47.632,120.82
244.62,282.31,47.546,120.6
243.64,282.23,47.626,120.81
243.39,282.72,47.747,121.12
242.49,282.91,47.84,121.35
242.13,283.53,47.984,121.72
241.54,283.82,48.045,121.87
241.09,283.96,48.332,122.6
240.64,284.01,48.54,123.13
239.74,283.73,48.755,123.67
239.29,284.14,48.899,124.04
238.89,284.24,48.989,124.26
238.25,284.18,49.142,124.65
237.73,283.93,49.212,124.83
237.36,284.37,48.968,124.21
237.02,284.98,48.781,123.74
235.97,285.53,48.489,123
235.78,286.35,48.178,122.21
235.35,287.01,47.992,121.74
234.57,287.54,47.946,121.62
233.74,288.04,47.924,121.56
232.85,288.52,48.092,121.99
231.78,288.77,48.264,122.43
230.61,288.92,48.46,122.92
229.05,288.93,48.52,123.07
227.68,288.73,48.677,123.47
227,288.52,48.856,123.93
225.67,288.12,49.204,124.81
224.8,288.37,49.4,125.31
223.68,288.34,49.521,125.61
223.42,288.74,49.663,125.97
221.87,288.67,49.787,126.29
221.67,289.16,49.899,126.57
220.57,289.16,50.04,126.93
220,289.56,50.078,127.03
219.64,290.13,50.128,127.15
219.21,290.57,50.212,127.37
218.4,290.55,50.328,127.66
217.9,290.57,50.555,128.24
216.93,290.33,50.809,128.88
216.22,290.4,50.936,129.2
215.97,290.37,51.404,130.39
215.4,290,51.369,130.3
214.92,290.12,51.26,130.03
214.83,290.66,51.299,130.13
213.86,290.71,51.191,129.85
213.36,291.19,51.165,129.78
212.43,291.7,51.065,129.53
211.46,291.93,51.002,129.37
211.08,292.75,51.135,129.71
210.16,293.21,51.066,129.53
209.35,294.28,50.95,129.24
208.89,295.18,51.007,129.38
207.65,295.02,51.194,129.86
206.71,295.32,51.276,130.07
205.86,295.42,51.35,130.25
204.33,294.86,51.526,130.7
204.06,295.47,51.577,130.83
203.48,295.38,51.656,131.03
202.32,294.97,51.546,130.75
201.8,295.66,51.646,131
200.52,295.4,51.69,131.12
199.88,295.93,51.595,130.87
199.31,296.67,51.694,131.13
198.33,297.24,51.7,131.14
197.61,297.75,51.733,131.23
197.3,298.36,51.892,131.63
196.79,298.37,52.002,131.91
196.16,298.7,52.114,132.19
195.95,299.2,52.223,132.47
194.75,298.89,52.349,132.79
194.49,299.31,52.532,133.25
193.55,298.62,52.616,133.46
193.2,299.01,52.83,134.01
191.81,298.83,52.792,133.91
190.89,298.74,52.869,134.11
190,299.24,52.784,133.89
189.33,299.38,52.69,133.65
189.04,300.53,52.673,133.61
188.21,300.87,52.71,133.7
187.15,301.73,52.739,133.78
185.94,302.12,52.605,133.44
185.07,303.16,52.602,133.43
183.61,302.96,52.804,133.94
182.2,302.71,52.86,134.08
181.25,302.91,53.009,134.46
180.27,303.05,53.052,134.57
179.02,303.05,53.169,134.87
178.56,303.27,53.427,135.52
177.47,303.42,53.507,135.73
176.48,303.87,53.576,135.9
175.65,303.54,53.634,136.05
174.67,303.82,53.41,135.48
173.89,304.7,53.263,135.11
173.81,305.84,53.179,134.89
173.24,306.06,53.403,135.46
172.25,306.14,53.382,135.41
171.72,306.65,53.436,135.54
171.29,307.21,53.573,135.89
170.61,307.23,53.951,136.85
169.72,307.15,54.085,137.19
169.44,307.8,54.164,137.39
168.67,307.69,54.283,137.69
168.03,307.56,54.363,137.9
167.63,308.07,54.435,138.08
166.92,308.5,54.275,137.67
166.07,308.62,54.271,137.66
165.47,308.97,54.162,137.39
165.09,310.16,53.862,136.63
164.29,310.62,53.897,136.71
163.52,311.55,53.787,136.44
163.29,312.93,53.8,136.47
162.41,313.56,53.812,136.5
161.51,314.18,53.745,136.33
160.34,314.61,53.776,136.41
159.26,314.61,53.781,136.42
158.61,315.01,53.794,136.45
158.12,315.32,53.797,136.46
157.55,315.24,54.036,137.07
157.05,315.47,54.04,137.08
156.2,315.49,54.048,137.1
155.44,315.97,54.015,137.01
154.58,315.9,54.037,137.07
154.6,316.94,53.854,136.6
154.04,317.24,53.876,136.66
153.88,317.81,53.913,136.75
153.35,318.22,54.001,136.98
153.42,318.75,54.058,137.12
153.31,319.3,54.091,137.21
152.93,319.43,54.198,137.48
152.31,319.18,54.207,137.5
152.22,319.07,54.334,137.82
152.62,319.33,54.67,138.67
152.33,319.59,54.865,139.17
151.46,319.81,54.848,139.13
151.31,319.81,54.78,138.95
150.86,319.94,54.791,138.98
150.07,320.47,54.819,139.05
149.85,321.31,54.838,139.1
149.29,322.35,54.754,138.89
148.09,323.08,54.652,138.63
147.94,324.12,54.92,139.31
147.2,324.77,55.099,139.76
146.01,325.07,55.071,139.69
145.06,325.46,55.093,139.75
144.58,325.73,55.22,140.07
144.24,326.21,55.295,140.26
143.16,326.08,55.434,140.61
142.6,326.05,55.443,140.64
141.98,325.94,55.468,140.7
141.32,326.12,55.515,140.82
140.72,326.28,55.564,140.94
139.95,326.87,55.519,140.83
139.64,327.26,55.469,140.7
139.22,327.93,55.362,140.43
138.44,328.49,55.375,140.46
138.27,329.27,55.589,141.01
137.62,329.48,55.85,141.67
137.39,330,55.976,141.99
136.79,329.99,56.255,142.7
136.51,330.14,56.41,143.09
136.5,330.4,56.631,143.65
136.13,330.25,56.751,143.95
136.07,330.27,56.865,144.24
135.35,330.58,56.63,143.65
134.59,330.74,56.889,144.3
133.87,330.96,57.052,144.72
133.35,331.95,57.018,144.63
132.58,332.62,56.969,144.51
131.87,333.36,57.05,144.71
131.08,334.31,57.231,145.17
130.24,334.67,57.28,145.3
129.58,335.25,57.343,145.46
128.88,335.89,57.444,145.71
127.79,335.96,57.424,145.66
127.19,336.21,57.324,145.41
126.47,336.17,57.496,145.84
125.78,336.25,57.655,146.25
125.15,336.38,57.687,146.33
124.4,336.3,57.782,146.57
124.02,336.01,57.969,147.04
123.52,336.17,58.145,147.49
122.92,336.6,58.118,147.42
122.68,336.94,58.202,147.63
122.44,337.6,58.28,147.83
122.05,338.07,58.308,147.9
121.46,337.95,58.701,148.9
121.6,338.32,58.971,149.58
121.49,338.6,59.24,150.27
121.52,339.17,59.456,150.81
121.13,338.85,59.824,151.75
121.84,338.99,60.046,152.31
121.59,339.18,60.187,152.67
121.99,339.69,60.21,152.73
121.4,339.42,60.39,153.18
120.87,339.24,60.586,153.68
120.29,339.01,60.673,153.9
120.47,339.64,60.792,154.21
120.26,340.66,60.769,154.15
119.95,341.16,60.79,154.2
119.93,341.8,60.762,154.13
119.46,342.78,60.795,154.21
119.23,343.92,60.754,154.11
118.91,344.62,60.707,153.99
118.15,345.71,60.735,154.06
117.43,346.14,60.982,154.69
116.87,346.4,61.161,155.14
115.99,345.44,61.362,155.65
115.67,345.89,61.446,155.86
114.82,345.46,61.649,156.38
114.67,346.34,61.757,156.65
113.77,345.94,61.856,156.9
113.74,346.54,61.774,156.7
112.73,346.73,61.848,156.88
112.43,347.82,61.789,156.73
111.95,347.72,61.853,156.9
112.02,348.88,61.934,157.1
111.56,350.09,61.767,156.68
110.82,350.33,61.802,156.77
110.84,351.14,61.97,157.19
110.31,351.7,61.78,156.71
110.11,352.31,61.693,156.49
109.42,352.6,61.848,156.88
109.49,353.03,62.075,157.46
108.83,352.44,62.12,157.57
108.8,352.93,62.215,157.81
108.09,352.96,62.349,158.15
107.24,352.79,62.383,158.24
106.55,353.31,62.52,158.59
106.15,353.8,62.587,158.76
105.38,354.19,62.643,158.9
104.7,355.16,62.721,159.1
104.11,355.96,63.029,159.88
103.17,356.87,63.199,160.31
48.363,375.25,63.274,160.5
101.26,357.69,63.328,160.64
100.31,357.89,63.587,161.29
48.155,374.72,63.689,161.55
98.299,358.33,63.638,161.42
97.317,358.86,63.749,161.7
96.663,358.62,63.9,162.09
96.458,359.23,63.84,161.94
95.498,359.13,64.173,162.78
95.114,359.45,64.157,162.74
95.277,360.07,64.204,162.86
94.872,360.49,64.197,162.84
94.451,360.91,64.248,162.97
94.797,361.84,64.353,163.24
94.885,362.85,64.247,162.97
94.899,363.3,64.283,163.06
94.902,363.25,64.312,163.13
95.33,364.3,64.24,162.95
95.31,364.18,64.473,163.54
95.335,364.44,64.59,163.84
95.418,364.61,64.649,163.99
95.216,365.2,64.647,163.98
95.049,365.58,64.826,164.44
94.806,366.11,64.812,164.4
94.464,366.45,64.824,164.43
93.894,367.03,64.699,164.11
93.692,367.68,64.699,164.12
93.194,368.52,64.555,163.75
92.79,369.23,64.71,164.14
92.066,370.31,64.976,164.82
90.961,371.57,64.64,163.97
90.185,372.8,64.392,163.34
89.252,372.89,64.641,163.97
88.292,373.73,64.709,164.14
87.951,374.07,64.657,164.01
86.801,374.35,64.551,163.74
86.257,374.53,64.613,163.9
85.933,374.79,64.618,163.91
85.85,375.1,64.632,163.94
85.457,375.83,64.546,163.73
84.814,376.17,64.349,163.23
84.684,377.12,64.303,163.11
84.1,377.89,63.995,162.33
84.346,378.99,63.779,161.78
84.311,380.28,63.687,161.55
84.315,380.99,63.595,161.31
84.679,381.97,63.418,160.87
84.203,382.1,63.233,160.4
84.716,382.9,63.156,160.2
84.646,382.78,63.154,160.2
84.778,382.89,63.041,159.91
85.799,383.73,63.249,160.44
85.406,384.01,63.285,160.53
85.47,384.79,63.366,160.73
85.543,385.53,63.171,160.24
85.796,385.67,63.048,159.93
86.468,387.13,62.934,159.64
86.402,387.7,62.803,159.31
86.567,388.27,62.639,158.89
86.983,389.68,62.553,158.67
87.048,390.42,62.467,158.45
87.895,391.72,62.581,158.74
87.748,392.08,62.721,159.1
88.133,392.82,63.059,159.95
88.157,392.32,63.393,160.8
88.659,392.38,63.363,160.73
89.288,392.24,63.572,161.26
90.183,392.49,63.575,161.26
90.826,392.67,63.688,161.55
90.759,392.49,63.89,162.06
91.3,392.65,63.73,161.66
91.723,393.03,63.531,161.15
92.105,394.09,63.266,160.48
92.86,395.04,63.47,161
93.069,395.97,63.195,160.3
93.904,397.11,63.013,159.84
95.084,398.01,63.41,160.84
95.252,397.68,63.791,161.81
95.697,398.1,64.121,162.65
96.267,398.66,64.174,162.78
96.728,398.53,64.231,162.93
97.222,399.1,63.925,162.15
97.922,399.09,63.934,162.17
98.085,399.33,64.167,162.76
98.238,399.4,64.384,163.31
97.675,399.63,64.494,163.6
97.379,399.7,64.741,164.22
97.345,400.27,64.753,164.25
97.312,400.49,65.006,164.89
96.974,401.2,65.301,165.64
96.255,402.04,65.411,165.92
95.826,402.84,65.614,166.43
94.72,403.55,65.766,166.82
93.741,403.82,66.068,167.59
93.078,404.28,66.113,167.7
92.139,404.5,66.424,168.49
91.132,404.46,66.376,168.37
91.034,405.57,66.329,168.25
90.573,405.89,66.454,168.57
90.116,406.3,66.376,168.37
89.533,406.69,66.477,168.62
89.46,406.83,66.645,169.05
88.886,407.24,66.586,168.9
88.573,407.8,66.48,168.63
88.262,408.44,66.612,168.97
88.137,409.17,66.457,168.57
88.057,410.17,66.401,168.43
87.763,411.36,66.306,168.19
87.717,412.7,66.327,168.24
87.377,413.29,66.574,168.87
87.549,413.45,66.801,169.45
87.081,413.47,67.36,170.86
86.608,413.5,67.911,172.26
86.298,413.63,68.149,172.86
85.848,413.96,68.394,173.49
85.494,413.85,68.59,173.98
85.507,414.21,68.667,174.18
84.453,414.67,68.704,174.27
84.298,415.26,68.428,173.57
84.294,416.13,68.509,173.78
84.56,417.3,68.667,174.18
83.486,418.57,68.622,174.07
83.125,420.52,68.442,173.61
83.066,421.42,68.43,173.58
82.707,422.83,68.317,173.29
82.099,423.11,68.909,174.79
81.508,423.68,69.291,175.76
80.288,423.56,69.461,176.19
80.403,424.19,69.414,176.07
80.169,424.14,69.445,176.15
79.896,424.3,69.799,177.05
79.435,423.75,69.693,176.78
79.656,424.02,69.807,177.07
79.401,424.4,69.92,177.36
79.327,425.29,70.189,178.04
78.906,426.2,70.145,177.93
78.541,426.57,70.097,177.81
79.074,427.13,70.079,177.76
78.745,428.65,69.873,177.24
78.912,428.71,70.179,178.01
79.734,429.44,70.112,177.84
79.421,429.55,70.409,178.6
79.617,429.9,70.482,178.78
80.181,430.91,70.61,179.11
80.334,430.6,70.734,179.42
80.076,429.87,70.975,180.04
79.778,430.84,71.183,180.56
80.021,430.81,71.403,181.12
79.92,430.75,71.466,181.28
79.432,431.36,71.569,181.54
79.033,432.39,71.859,182.28
79.088,433.63,71.529,181.44
78.561,434.74,71.563,181.53
77.881,436.14,71.722,181.93
77.726,437.56,71.489,181.34
77.028,438.19,71.512,181.4
76.104,439.02,71.312,180.89
76.108,439.65,71.314,180.89
75.669,440.18,71.34,180.96
74.789,441.01,71.295,180.85
74.021,441.28,71.342,180.97
74.037,441.41,71.513,181.4
73.569,442.1,71.559,181.52
73.926,441.89,71.742,181.98
