823.5,244.5,113,241
821.05,248.03,113.09,241.19
814.25,250.34,112.62,240.2
803.68,252.63,110.76,236.23
797.64,255.14,108.89,232.24
792.23,256.54,108.37,231.12
784.82,255.98,108.49,231.39
780.09,256.28,107.93,230.19
771.23,255.07,108.17,230.7
763.78,252.76,107.67,229.64
757.43,252.02,108.11,230.57
751.31,252.53,108.33,231.05
744.6,252.48,107.91,230.15
737.52,255.87,107.36,228.97
727.59,257.35,107.28,228.8
721.18,259.57,106.56,227.26
714.41,262.46,105.02,223.98
706.94,262.4,104.99,223.92
699.53,261.9,105.1,224.15
690.42,261.3,103.96,221.73
684.49,261.25,103.28,220.27
678.62,260.23,104.01,221.82
673.11,258.21,105.17,224.3
664.97,257.39,104.54,222.96
658.28,258.82,103.62,221
653.63,259.9,103.55,220.84
648.14,261.03,103.02,219.71
643.55,262.68,102.26,218.09
639.07,264.79,101.39,216.25
631.5,265.87,100.91,215.22
627.96,267.51,100.39,214.1
622.92,267.02,100.04,213.36
617.91,265.89,99.487,212.18
613.15,265.96,98.892,210.91
607.76,264.8,99.074,211.3
602.62,263.25,99.316,211.82
597,261.68,99.245,211.66
593.95,263.08,98.631,210.35
588.5,263.81,98.033,209.08
581.47,265.76,96.784,206.42
575.74,266.64,96.423,205.64
570.42,268.14,96.241,205.26
563.7,269.19,95.87,204.47
559.51,270.51,95.81,204.34
550.64,270.09,95.548,203.78
545.27,269.54,94.982,202.57
538.96,268.83,94.988,202.59
533.89,267,95.273,203.19
530.96,266.42,95.574,203.83
524.08,264.2,95.319,203.29
521.44,266.06,94.751,202.08
516.46,266.97,94.76,202.1
512.03,268.16,93.778,200
507.24,268.74,93.163,198.69
500.48,272.17,92.392,197.05
496.97,273.21,91.596,195.35
493.42,275.32,90.709,193.46
489.26,275.08,89.978,191.9
486.26,274.75,89.808,191.54
480.3,274.36,90.187,192.35
476.09,273.19,90.503,193.02
472.43,272.02,90.479,192.97
467.86,271.47,90.133,192.23
463.31,272.34,89.816,191.55
458.25,274.21,89.363,190.59
454.84,275.8,88.382,188.5
450.03,277.6,87.896,187.46
446.84,279.55,87.389,186.38
442.65,280.35,87.027,185.61
436.61,281.33,86.424,184.32
432.91,281.29,86.315,184.09
427.17,280.84,86.169,183.78
422.38,279.6,85.784,182.96
418.33,279.75,85.45,182.24
411.09,278.05,85.849,183.09
406.93,276.42,85.608,182.58
403.65,276.21,84.994,181.27
400.89,276.95,84.639,180.51
397.7,278.72,84.513,180.24
394.5,280.7,84.505,180.23
391.28,282.17,84.206,179.59
388.13,282.93,83.999,179.15
384.49,284.16,83.154,177.35
380.92,284.54,82.709,176.4
376.25,284.91,82.313,175.55
373.88,284.29,81.995,174.87
371.01,284.21,81.689,174.22
367.54,283.66,81.702,174.25
364.76,282.89,81.655,174.15
359.46,282.9,81.676,174.19
355.81,282.75,81.4,173.6
352.33,284.63,80.965,172.68
348.82,285.49,80.593,171.88
345.11,286.99,79.753,170.09
339.67,288.93,79.746,170.08
335.21,289.56,79.597,169.76
330.45,288.98,79.522,169.6
327.01,289.33,79.405,169.35
323.53,289.01,79.294,169.11
317.83,288.06,78.992,168.47
315.02,287.5,78.552,167.53
312.23,287.11,78.076,166.52
308.73,287.54,77.691,165.7
305.07,287.06,77.806,165.94
301.78,288.27,78.102,166.57
298.71,288.81,77.861,166.06
296.3,290.1,77.915,166.17
293.34,291,77.91,166.16
291.3,291.98,77.576,165.45
287.99,292.81,77.37,165.01
284.92,292.22,76.868,163.94
281.76,292.74,76.94,164.09
279.12,291.53,77.242,164.74
277.05,290.94,76.416,162.98
273.69,290.13,76.171,162.45
270.37,289.66,75.892,161.86
268.03,289.92,75.778,161.62
265.97,290.05,75.572,161.18
263.28,290.84,75.089,160.15
258.66,292.58,74.792,159.51
256.45,293.21,74.875,159.69
253.45,293.5,74.698,159.31
251.23,293.27,74.646,159.2
247.63,292.89,74.521,158.93
244.19,292.47,74.155,158.15
242.89,292.48,73.754,157.3
240.92,291.96,73.505,156.77
238.68,292.51,73.253,156.23
236.2,291.55,73.087,155.88
235.78,291.97,72.869,155.41
236.27,292.07,72.623,154.89
234.28,292.66,72.582,154.8
234.12,293.81,72.247,154.08
233.49,294,72.025,153.61
231.68,294.5,71.894,153.33
231.13,295.25,71.712,152.94
229.62,295.52,71.55,152.6
228.34,296.26,71.349,152.17
226.84,296.75,71.208,151.87
226.01,296.35,71.176,151.8
224.29,296.08,71.036,151.5
223.03,295.83,71.076,151.59
221.04,295.76,70.964,151.35
219.05,296.08,70.661,150.7
216.21,296.39,70.299,149.93
214.45,295.62,70.112,149.53
212.63,295.11,69.865,149.01
210.58,295.75,69.403,148.02
208.63,295.48,69.171,147.52
204.58,296.06,68.626,146.36
202.59,296.79,68.196,145.44
200.56,297.54,67.721,144.43
198.15,298.23,67.327,143.59
196.39,297.91,67.158,143.23
197.57,297.65,67.032,142.96
195.42,296.98,67.075,143.05
191.05,297.31,66.461,141.74
188.57,298.8,65.741,140.21
185.22,299.23,65.204,139.06
181.37,300.76,64.826,138.26
180.14,299.04,64.319,137.18
207.03,285.9,65.351,139.38
202.46,289.79,66.708,142.27
196.76,290.09,67.607,144.19
193.07,294.01,67.823,144.65
192.34,293.82,68.18,145.41
190.93,292.65,68.601,146.31
189.58,292.03,69.001,147.16
189.38,291.87,69.365,147.94
188.37,291.44,69.677,148.6
188.16,291.6,69.818,148.9
187.12,290.59,70.157,149.63
186.01,290.93,70.173,149.66
186.11,291.02,70.104,149.51
184.75,290.03,70.333,150
183.98,290.08,70.314,149.96
183.2,289.88,70.352,150.04
181.7,289.63,70.301,149.93
181.55,288.93,70.343,150.02
181.64,288.32,70.335,150.01
182.38,290.06,69.723,148.7
182.38,291,69.467,148.16
178.47,291.5,69.568,148.37
172.01,293.68,69.244,147.68
172.01,293.94,68.983,147.12
163.96,295.07,68.18,145.41
165.04,296.04,67.892,144.8
165.23,296.7,67.475,143.91
165.71,296.83,67.324,143.59
163.91,296.77,67.019,142.93
163.89,296.99,66.965,142.82
161.74,297.78,66.748,142.36
161.83,298.17,66.563,141.96
161.86,299.47,66.238,141.27
162.26,299.72,66.012,140.79
161.87,299.54,65.893,140.53
161.99,300.24,65.779,140.29
161.24,300.04,65.428,139.54
161.19,300.53,65.198,139.05
161.72,300.26,65.17,138.99
161.76,300.26,64.903,138.42
162.13,300,64.988,138.6
162.89,300.29,65.106,138.86
162.82,299.43,65.466,139.62
162.88,299.35,65.468,139.63
162.92,299.97,64.999,138.63
163.72,300.48,65.081,138.8
163.22,300.37,65.109,138.86
163.07,300.11,65.091,138.82
163.21,300.56,64.943,138.51
163.2,300.55,64.87,138.35
163.19,300.48,64.658,137.9
164.14,300.84,64.526,137.62
164.04,300.7,64.319,137.18
164.75,300.61,64.497,137.56
164.67,300.79,64.387,137.32
165.14,301.07,64.409,137.37
165.13,300.96,64.376,137.3
165.13,300.86,64.376,137.3
165,300.73,64.395,137.34
164.69,300.74,64.429,137.41
164.77,300.92,64.408,137.37
164.36,300.44,64.533,137.63
163.62,300.71,64.019,136.54
163.77,301.06,63.86,136.2
163.57,301.48,63.529,135.49
163.15,301.53,63.372,135.16
162.96,301.55,63.359,135.13
162.72,301.27,63.514,135.46
162.4,301.41,63.503,135.44
162.05,301.41,63.518,135.47
161.6,301.38,63.483,135.39
161.67,301.87,63.447,135.32
161.35,302.16,63.462,135.35
160.98,302.08,63.617,135.68
159.75,302.19,63.122,134.62
159.3,302.78,62.945,134.24
158.71,303.1,62.934,134.22
157.97,303.09,62.941,134.24
156.59,303.2,62.728,133.78
155.13,303.42,62.592,133.49
154.37,303.51,62.502,133.3
153.93,303.65,62.308,132.89
153.14,303.71,62.258,132.78
152.24,303.65,62.204,132.66
150.92,303.61,62.119,132.48
149.66,303.64,61.91,132.04
148.92,304.1,61.775,131.75
147.66,304.39,61.763,131.72
146.51,304.67,61.628,131.44
144.81,305.21,61.563,131.3
143.68,305.32,61.414,130.98
142.96,305.37,61.333,130.81
141.69,304.91,61.603,131.38
140.17,304.6,61.571,131.31
138.95,304.67,61.519,131.2
137.54,304.89,61.43,131.01
136.37,305.09,61.445,131.05
134.9,305.7,61.354,130.85
133.47,306.45,60.844,129.76
131.19,307.62,60.522,129.08
129.11,307.85,60.245,128.49
126.71,308.15,60.093,128.16
124.71,308.3,59.973,127.91
123.04,308.67,59.69,127.3
120.8,308.9,59.519,126.94
118.67,308.45,59.543,126.99
117.32,307.67,59.676,127.27
115.9,306.8,60.032,128.03
114.46,306.5,59.772,127.48
112.71,306.58,59.657,127.23
111.77,306.84,59.621,127.16
110.24,307.34,59.555,127.02
109.26,307.8,59.222,126.31
107.64,308.48,59.119,126.08
105.19,309.86,58.574,124.92
103.36,310.62,58.494,124.75
101.5,310.85,58.262,124.26
99.661,311.4,58.053,123.81
98.611,311.47,58.094,123.9
96.168,310.71,58.418,124.59
94.04,309.36,58.559,124.89
92.629,308.49,58.588,124.95
91.831,308.54,58.59,124.96
90.794,308.37,58.605,124.99
88.984,308.86,58.284,124.3
87.462,309.66,58.011,123.72
86.687,311.07,57.71,123.08
85.583,312.09,57.314,122.24
83.727,312.35,56.982,121.53
82.11,313.25,56.498,120.5
80.981,314.14,56.32,120.12
79.245,313.68,56.256,119.98
78.516,313.69,55.982,119.4
77.45,312.7,55.776,118.96
76.019,312.07,55.782,118.97
75.097,312.06,55.632,118.65
74.348,311.99,55.549,118.47
73.712,312.14,55.601,118.58
72.872,312.48,55.556,118.49
71.795,313.48,55.479,118.32
70.522,314.08,55.34,118.03
69.447,314.81,54.961,117.22
68.67,315.75,54.706,116.67
67.277,315.97,54.614,116.48
65.786,315.96,54.768,116.81
64.633,315.16,54.508,116.25
63.745,314.5,54.476,116.18
63.117,314.27,54.305,115.82
62.993,314.57,54.244,115.69
61.9,314.48,54.157,115.5
60.7,314.45,54.114,115.41
60.399,314.93,54.103,115.39
59.69,315.51,54.022,115.21
59.319,316.56,53.899,114.95
57.677,316.99,53.654,114.43
56.756,317.71,53.424,113.94
55.946,318.13,53.041,113.12
55.071,318.13,52.939,112.91
54.06,317.56,52.766,112.54
53.611,317.19,52.831,112.67
52.827,316.79,52.599,112.18
52.247,316.15,52.515,112
51.585,315.94,52.59,112.16
51.063,315.91,52.658,112.31
50.589,316.69,52.472,111.91
49.929,317.64,52.452,111.87
49.154,317.97,52.38,111.71
48.918,318.7,52.063,111.04
48.05,319.08,51.987,110.88
46.693,319.39,51.722,110.31
45.925,319.22,51.657,110.17
44.972,319.03,51.531,109.9
44.016,318.35,51.452,109.73
43.482,318.22,51.563,109.97
42.601,317.4,51.853,110.59
41.694,317.29,51.512,109.86
41.746,317.67,51.632,110.12
41.127,317.98,51.466,109.76
40.674,318.61,51.537,109.92
39.38,319.13,51.451,109.73
38.891,319.64,51.589,110.03
38.171,319.82,51.587,110.02
37.355,320.06,51.494,109.82
36.796,319.93,51.507,109.85
36.103,319.61,51.291,109.39
35.452,319.26,50.761,108.26
35.25,319.53,50.507,107.72
34.636,319.32,50.341,107.36
34.148,319.18,50.269,107.21
33.505,319.33,50.103,106.86
33.112,319.85,49.983,106.6
32.283,320.67,49.844,106.3
32.435,321.46,49.87,106.36
32.016,321.68,49.961,106.55
31.123,321.57,49.878,106.38
30.796,322.15,49.79,106.19
29.437,321.35,49.935,106.5
29.06,320.94,49.901,106.43
28.656,320.58,49.843,106.3
28.437,320.15,50.056,106.76
27.706,319.94,49.836,106.29
27.424,320.23,49.75,106.1
26.842,320.3,49.586,105.75
26.127,320.65,49.691,105.98
25.513,320.87,49.559,105.7
24.931,322.2,49.501,105.57
24.363,322.86,49.297,105.14
23.448,322.83,49.223,104.98
22.607,322.7,49.195,104.92
21.837,322.23,49.222,104.98
21.141,321.45,48.796,104.07
20.034,320.79,48.565,103.58
19.806,320.78,48.9,104.29
19.227,320.92,48.911,104.31
18.576,320.93,48.889,104.27
