147.5,218.5,20,48
146.53,220.44,19.942,47.862
146.06,221.32,19.965,47.916
146.59,220.39,20.031,48.074
146.62,221.54,19.712,47.309
146.5,222.69,19.411,46.587
146.23,223.33,19.07,45.767
145.7,223.09,18.836,45.206
145.88,223.77,18.572,44.574
144.58,223.55,19.171,46.011
144.18,223.62,19.473,46.736
143.56,223.69,19.892,47.742
142.78,223.29,20.218,48.523
141.76,223.35,20.7,49.68
142.05,223.99,20.54,49.297
141.37,224.11,20.722,49.732
140.7,224.55,20.949,50.277
140.96,224.33,21.049,50.516
140.89,224.64,21.236,50.965
140.93,225.5,21.59,51.816
140.6,225.17,21.631,51.913
140.31,226.08,21.521,51.651
140.3,226.39,21.896,52.551
140.2,225.91,22.001,52.803
139.96,226.25,21.748,52.195
140.09,227.75,21.279,51.07
140.93,228.86,21.254,51.009
140.87,228.5,21.196,50.87
140.61,228.74,21.141,50.738
140.08,229.88,21.012,50.429
140.26,230.37,21.32,51.169
139.93,229.37,21.893,52.543
139.8,229.98,21.86,52.465
139.12,231.38,21.861,52.466
139.19,231.84,21.999,52.797
138.18,230.94,22.109,53.061
138.53,231.18,22.222,53.333
138.39,232.1,22.601,54.242
137.41,231.45,22.764,54.633
137.48,231.56,22.924,55.017
136.61,232.57,22.829,54.789
136.5,233.49,22.858,54.858
135.4,232.88,23.175,55.62
135.08,233.58,23.169,55.605
134.6,234.57,23.389,56.134
134.57,234.79,23.446,56.27
133.92,234.15,23.358,56.059
133.57,235.87,23.461,56.307
132.78,236.29,23.49,56.376
131.88,236.09,23.398,56.156
132,236.79,23.51,56.423
130.98,237.21,23.688,56.851
131.13,238.02,23.675,56.819
130.33,237.84,23.625,56.699
129.26,239.16,23.44,56.256
128.45,239.97,23.375,56.1
127.5,240.26,23.683,56.84
127.2,240.32,23.91,57.383
126.22,240.68,24.197,58.072
125.5,241.34,24.404,58.57
124.43,241.26,24.556,58.936
123.92,242.18,24.599,59.037
123.09,243.4,24.483,58.76
122.12,243.67,24.483,58.76
122.21,244.23,24.278,58.267
121.72,245.38,24.183,58.039
121.06,246.01,24.254,58.21
120.15,246.29,24.02,57.647
119.13,247.91,23.954,57.489
117.47,249.02,24.002,57.604
116.84,249.07,24.147,57.953
115.63,248.81,24.242,58.181
115.34,250.15,24.316,58.359
114.45,250.63,24.528,58.866
113.3,249.87,24.77,59.448
112.05,250.77,25.01,60.024
110.63,251.85,25.012,60.03
109.71,252.34,24.915,59.797
108.86,252.8,24.641,59.139
107.73,254.03,24.39,58.536
106.26,255.18,24.15,57.96
104.32,255.92,23.931,57.434
102.86,257.67,23.521,56.449
101.13,259.11,23.237,55.768
99.794,259.41,22.984,55.163
98.987,261,22.693,54.463
97.194,262.04,22.622,54.293
94.879,263.07,22.503,54.008
93.986,263.38,22.345,53.627
91.561,264.01,22.156,53.174
89.992,264.7,22.498,53.994
87.857,264.79,22.91,54.984
85.856,264.68,23.077,55.384
84.044,265.24,23.457,56.297
82.179,264.18,23.6,56.641
80.467,264.5,23.935,57.445
77.925,265.14,24.44,58.656
76.203,265.15,24.95,59.879
75.137,264.85,25.409,60.981
73.193,264.58,25.865,62.076
70.776,265.66,26.288,63.092
68.964,265.82,26.645,63.949
66.658,265.56,26.704,64.089
64.38,267.21,26.639,63.933
63.054,268.01,26.734,64.162
61.527,267.75,26.742,64.18
60.456,269.03,26.599,63.837
59.445,270.35,26.666,63.999
57.301,270.13,26.755,64.212
55.735,270.24,26.598,63.834
53.393,272.58,26.778,64.268
51.111,273.02,26.866,64.48
49.948,273.45,26.781,64.275
47.98,274.24,26.512,63.63
46.156,275.69,26.375,63.301
43.737,276.3,26.44,63.456
41.669,275.91,26.353,63.247
39.783,277.45,26.227,62.946
37.225,278.9,26.157,62.778
35.226,279.32,26.298,63.115
32.868,279.81,26.352,63.244
30.302,280.82,26.61,63.865
27.313,281.94,27.067,64.96
24.074,281.1,27.232,65.357
21.553,281.58,27.258,65.42
18.873,283.51,27.293,65.504
15.758,284.21,27.395,65.748
13.505,284.9,27.35,65.641
11.283,286.24,27.232,65.358
9.1706,288.01,27.032,64.876
6.7607,287.37,26.856,64.454
5.4375,288.43,26.821,64.371
2.2519,290.36,26.981,64.754
-0.76313,291.62,27.144,65.147
-2.5772,291.62,27.147,65.154
