2.5,176.5,325,115
0.73224,181.36,327.84,116
-0.35069,182.75,325.9,115.32
0.41748,183.6,324.42,114.79
2.9985,185.22,324.07,114.67
3.2013,186.51,324.87,114.96
3.0339,187.99,325.97,115.34
3.8771,187.77,328.76,116.33
-5.5407,191.82,322.24,114.02
-37.128,198.73,316.99,112.17
-75.353,204.44,317.13,112.21
-93.068,198.55,322.71,114.19
-95.646,200.95,321.97,113.93
-96.155,201.6,327.52,115.89
-96.924,201.5,329.21,116.49
-96.038,201.84,327.74,115.97
-97.581,204.11,330.79,117.05
-100.47,204.39,336.75,119.16
-103.37,204.81,340.73,120.57
-103.37,204.93,340.17,120.37
-105.12,205.37,342.71,121.27
-106.41,205.17,343.93,121.7
-106.24,207.33,344.19,121.79
-106.87,211.41,342.82,121.3
-107.74,212.59,344.25,121.81
-109.34,212.77,345.77,122.35
-113.26,213.77,352.09,124.59
-116.9,214.43,358.63,126.9
-120.64,212.9,363.98,128.79
-120.85,210.48,366.24,129.59
-120.23,211.6,367.18,129.93
-120.9,214.3,369.59,130.78
-119.81,214.05,368.77,130.49
-124.52,219.28,367.57,130.06
-151.86,223.5,364.51,128.98
-157.7,227.32,365.63,129.38
-159.26,232.18,364.41,128.95
-160.18,230.97,367.26,129.95
-160.21,231.22,369.49,130.74
-161.21,231.78,371.36,131.4
-161.86,238.37,372.34,131.75
-160.71,241.18,373.95,132.32
-160.23,242.94,374.79,132.62
-162.22,242.24,380.23,134.54
-164.63,243.51,383.04,135.54
-163.58,248.1,383.32,135.63
-163.47,251.57,386.03,136.59
-164.15,252.25,389.1,137.68
-163.47,253.23,392.07,138.73
-162.34,254.86,393.9,139.38
-161.64,257.71,395.64,139.99
-159.2,260.69,394.99,139.77
-156.47,263.58,393.9,139.38
-155.84,284.6,391.98,138.7
-153.52,318.84,392.43,138.86
-155.3,316.47,392.15,138.76
-151.65,318.36,392.8,138.99
-147.73,320.68,395.07,139.8
-142.59,323.26,393.16,139.12
-138.87,327.04,392.83,139
-135.36,329.28,392.8,138.99
-134.74,329.6,395.56,139.97
-133.43,331.09,396.21,140.2
-131.11,332.2,396.24,140.21
-129.57,334.57,395.72,140.02
-126.87,338.71,394.67,139.65
-122.45,342.14,394.9,139.73
-119.16,345.01,395.79,140.05
-111.72,347.15,393.31,139.17
-107.13,348.58,392.81,138.99
-102.84,354.04,387.95,137.27
-97.023,357.19,381.86,135.12
-95.138,361.86,379.57,134.31
-92.354,363.68,377.58,133.61
-90.833,366.35,378.42,133.9
-88.795,367.35,379.43,134.26
-80.865,371.13,375.18,132.75
-75.41,373.98,374.13,132.39
-69.704,374.19,372.01,131.63
-65.135,376.62,370.97,131.27
-66.619,377.27,373.79,132.26
-67.023,381.17,373.27,132.08
-66.498,383.45,374.93,132.67
-65.596,383.97,376.61,133.26
-65.253,385.45,380.19,134.53
-60.209,393.03,382,135.17
-52.525,402.54,383.46,135.69
12.175,370.83,385.91,136.55
17.484,367.9,385.41,136.38
21.336,377.53,385.5,136.41
22.177,379.52,387.03,136.95
23.48,384.5,387.7,137.19
22.636,385.42,388.33,137.41
22.151,386.17,389.36,137.77
29.485,385.08,390.64,138.23
31.973,383.45,392.45,138.87
35.251,375.95,393.67,139.3
30.881,376.64,395.68,140.01
27.658,376.63,395.99,140.12
25.273,376.45,394.02,139.42
23.491,376.31,392.69,138.95
19.115,376.13,389.93,137.98
17.225,376.19,387.41,137.08
20.436,375.4,384.57,136.08
25.739,374.95,384.09,135.91
26.032,372.4,381.09,134.85
24.548,366.54,383.67,135.76
23.174,367.9,384.46,136.04
20.936,363.48,382.41,135.31
19.978,366.4,380.89,134.78
18.436,367.33,381.46,134.98
6.7302,350.65,373.99,132.33
0.9321,348.2,368.61,130.43
-5.5614,343.47,363.39,128.58
-61.892,353.1,361.22,127.82
-67.319,352.88,359.46,127.19
-74.726,350.9,360.38,127.52
-61.587,359.98,358.94,127.01
-58.636,345.32,358.63,126.9
-60.037,343.16,359.82,127.32
-102.94,332.81,363.02,128.45
-71.153,337.17,363.71,128.7
-89.445,338.54,364.13,128.85
-93.084,337.56,364.32,128.91
-116.62,332.2,365.08,129.18
-115.42,334.57,368.05,130.23
