665.5,178.5,25,43
656.62,178.71,24.75,42.571
649.67,180.29,24.668,42.429
641.54,178.57,24.916,42.855
634.49,177.48,25.028,43.047
627.69,177.73,25.248,43.427
620.7,178.56,25.309,43.532
615.57,178.08,25.269,43.463
607.82,176.66,25.313,43.538
599.87,172.28,25.254,43.437
594.37,178.2,25.112,43.193
589.16,178.58,25.071,43.122
580.51,173.2,24.918,42.858
576.6,178.25,24.659,42.413
567.81,174.53,24.381,41.936
560.61,173.83,24.148,41.535
534.33,164.67,23.904,41.114
534.79,163.69,24.066,41.393
536.09,157.22,24.21,41.641
535.33,154.57,24.332,41.851
535.5,161.96,24.726,42.529
533.48,163.53,24.393,41.956
514.11,178.03,24.513,42.162
508.96,188.01,25.013,43.022
507.96,188.43,25.08,43.137
496.21,183.05,24.956,42.924
489.95,184.02,24.781,42.623
483.72,184.05,24.778,42.618
478.72,182.67,24.71,42.501
473.28,181.98,24.446,42.047
466.28,184.64,24.327,41.843
459.64,185.34,24.179,41.588
453.52,182.94,24.29,41.78
452.35,188.63,24.088,41.432
449.57,187.47,23.869,41.054
445.16,186.01,23.765,40.876
439.67,184.97,23.869,41.055
436.9,185.82,23.709,40.78
434.08,186.83,23.615,40.618
433.2,186.71,23.596,40.585
431.34,187.52,23.287,40.053
433.15,190.56,23.174,39.859
432.19,190.61,23.089,39.713
432.01,189.17,23.098,39.729
432.58,189.35,22.849,39.3
431.52,190.55,22.915,39.414
430.58,191.68,22.93,39.44
429.99,191.86,23.036,39.623
429.71,191.02,23.055,39.654
430.48,191.68,23.045,39.637
429.7,193.55,22.961,39.493
430.16,194.36,23,39.559
429.84,193.84,23.05,39.645
428.13,194.31,22.853,39.307
428.55,196.81,22.891,39.373
427.47,195.14,22.805,39.225
428.07,194.9,22.812,39.237
428.23,196.64,22.894,39.377
429.6,199.06,22.991,39.545
431.48,199.69,23.039,39.627
431,197.85,23.258,40.004
431.22,198.25,23.282,40.044
431.96,200.66,23.376,40.207
432.17,200.06,23.36,40.18
433.75,200.29,23.495,40.411
434.1,200.52,23.636,40.654
435.45,202.47,23.74,40.833
437.52,201.93,23.929,41.159
438.86,201.48,23.966,41.221
440.5,203.35,24.008,41.294
440.84,204.69,24.066,41.394
441.82,204.36,24.157,41.55
442.93,203.42,24.158,41.552
443.79,205.28,24.293,41.783
446.29,207.5,24.414,41.992
447.5,207.07,24.48,42.106
448.36,205.85,24.606,42.323
449.25,206.87,24.568,42.256
450.08,209.04,24.635,42.373
451.71,210.36,24.582,42.282
451.86,208.84,24.666,42.425
453.15,210.25,24.695,42.475
455.17,213.28,24.59,42.294
456.66,214.43,24.591,42.297
458.71,214.85,24.588,42.291
458.69,215.93,24.661,42.417
460.07,218.42,24.532,42.195
460.68,217.78,24.538,42.205
461.68,216.89,24.61,42.33
463.66,219.27,24.682,42.453
464.96,220.48,24.842,42.728
465.92,219.97,25.001,43.001
466.84,219.53,25.16,43.275
467.67,222.96,25.19,43.327
468.4,223.83,25.203,43.349
468.96,221.96,25.326,43.561
470.06,221.98,25.441,43.758
472.12,224.98,25.513,43.882
474.57,226.18,25.703,44.209
476.59,225.29,25.824,44.417
478.8,224.15,25.876,44.506
480.91,226.12,25.79,44.358
484.49,227.61,25.666,44.146
487.47,226.44,25.64,44.102
493.63,228.36,25.74,44.272
497.41,229.68,25.883,44.518
503.56,229.85,26.144,44.968
507.98,228.79,26.366,45.35
512.65,228.12,26.414,45.432
518.25,230.2,26.507,45.593
523.72,230.63,26.685,45.899
528.19,229.31,26.633,45.81
534.1,229.34,26.666,45.865
538.7,231.11,26.807,46.108
549.46,232.22,27.073,46.566
554.49,230.56,27.295,46.947
561.5,229.9,27.484,47.272
567.39,230.68,27.461,47.234
574.3,231.93,27.318,46.986
585.24,232.34,27.514,47.325
590.78,230.88,27.757,47.742
598.06,232.53,28.11,48.349
606.3,232.26,28.345,48.753
613.99,231.91,28.56,49.124
622.28,230.54,28.442,48.92
627.44,233.11,28.558,49.119
632.04,234.01,28.529,49.07
640.04,233.08,28.594,49.182
647.64,232.57,28.65,49.278
655.65,234.32,28.702,49.368
666.24,234.59,28.738,49.43
672.83,234.82,28.562,49.126
678.52,233.69,28.289,48.657
687.11,236.35,28.198,48.501
676.82,233.61,28.356,48.772
661.55,234.67,28.291,48.661
631.76,235.44,28.374,48.804
623.8,237.56,28.543,49.095
630.09,234.98,28.578,49.154
637.24,236.47,28.529,49.069
644.9,236.58,28.425,48.89
650.3,239.11,28.432,48.903
663.26,237.45,28.374,48.803
