174.5,178.5,60,41
169.11,177.96,61.046,41.715
163.19,180,59.997,40.998
157.45,181.99,59.044,40.346
153.26,183.68,58.497,39.973
148.78,184.86,59.526,40.676
143.7,186.32,59.363,40.564
139.28,188.17,59.521,40.673
134.32,190.18,60.219,41.149
128.98,190.94,61.014,41.693
123.89,193.17,62.137,42.461
118.3,194.81,62.819,42.926
113.16,197.63,62.595,42.773
108.89,199.78,63.433,43.346
103.05,200.27,65.05,44.451
98.137,202.16,66.155,45.206
93.153,203.41,67.338,46.014
88.139,204.51,67.803,46.332
86.765,206.95,67.837,46.355
82.717,209.01,68.53,46.829
79.957,210.02,69.234,47.31
77.65,212.57,69.056,47.188
76.384,215.97,68.272,46.653
73.903,218.08,69.194,47.283
71.258,218.92,69.294,47.351
72.047,221.37,69.168,47.265
71.552,223.48,69.525,47.509
71.439,225.37,69.83,47.717
70.403,226.24,71.21,48.66
70.643,231.53,70.348,48.071
70.648,233.64,70.742,48.34
70.95,235.73,70.745,48.342
72.169,238.13,71.073,48.567
72.392,240.99,71.661,48.968
72.488,242.95,72.321,49.419
74.926,246.63,72.008,49.205
75.399,250.54,72.036,49.225
76.723,253.52,72.457,49.512
78.836,255.7,72.752,49.714
79.019,261.09,73.402,50.158
80.089,262.44,74.652,51.012
80.442,262.58,75.537,51.617
81.649,265.33,75.966,51.91
83.306,268.76,77.533,52.981
85.335,275.27,77.445,52.921
85.452,274.91,78.469,53.621
85.615,280.63,78.595,53.706
89.264,284.04,79.028,54.003
88.734,284.69,78.812,53.855
90.546,288.4,79.302,54.19
93.095,290.96,79.493,54.32
94.036,294.32,80.506,55.012
95.499,297.49,81.085,55.408
97.283,301.55,81.427,55.642
96.903,303.23,82.195,56.167
98.88,306.82,82.86,56.621
98.242,308.23,84.195,57.533
98.292,309.51,84.056,57.438
98.562,311.63,84.642,57.839
98.434,311.84,85.7,58.562
98.472,314.91,86.139,58.861
99.782,314.64,86.21,58.91
100.73,314.08,85.978,58.751
97.413,314.73,85.508,58.431
98.584,315.22,85.524,58.441
99.379,315.04,85.191,58.214
100.1,315.02,84.637,57.835
100.92,314.35,84.03,57.42
100.19,314.79,83.117,56.797
102.03,315.76,83.264,56.897
123.77,315.31,82.857,56.619
151.34,313.99,82.483,56.363
187.38,310.59,82.023,56.049
194.98,311.22,81.584,55.749
188.19,309.09,81.528,55.711
190.89,307.3,81.487,55.683
191.46,306.69,80.799,55.212
183.41,317.83,81.623,55.776
189.27,317.48,82.109,56.108
187.17,319.8,82.726,56.529
190.05,321.08,82.835,56.604
186.31,319.76,83.802,57.265
188.56,320.87,84.568,57.788
191.25,321.75,84.743,57.908
191.34,322.26,85.242,58.249
191.59,321.63,86.071,58.815
191.44,322.34,86.345,59.002
191.98,322.74,86.761,59.286
192.35,323.33,86.927,59.4
193.23,324.31,86.856,59.351
194.58,324.03,87.598,59.859
195.09,324.91,87.26,59.628
196.9,324.83,87.55,59.826
199.56,326.39,88.076,60.185
204.17,328.44,87.054,59.487
209.43,330.48,85.94,58.725
210.93,330.48,87.147,59.55
213.9,332.05,88.161,60.243
217.87,333.44,89.114,60.895
223.8,336.41,88.783,60.669
230.19,339.86,89.973,61.482
235.02,341.64,89.529,61.178
240.38,344.13,91.167,62.297
249.18,347.79,92.63,63.297
253.35,350.64,94.125,64.319
267.45,355.93,92.797,63.411
269.65,357.74,93.754,64.065
281.6,362.5,93.482,63.879
287.46,365.16,94.295,64.435
299.94,370.62,94.205,64.373
300.08,372.44,94.395,64.503
310.61,378.8,94.451,64.542
333.8,388.17,95.291,65.115
353.99,398.51,95.908,65.537
359.72,398.7,95.997,65.598
364.16,400.85,96.264,65.78
397.4,419.29,97.067,66.329
