509.5,207.5,142,56
512.14,205.56,141.71,55.887
511.5,205.5,142,56.001
509.75,205.4,142.5,56.198
507.73,205.89,142.54,56.213
503.79,204.87,143.39,56.548
500.77,205.18,143.3,56.515
496.84,205.22,143.43,56.563
493.37,205.44,143.09,56.43
490.53,206.32,142.93,56.368
489.49,205.67,141,55.605
486.57,205.72,141.17,55.671
484.47,205.4,141.47,55.789
481.78,205.61,142.01,56.006
479.15,206.36,142.7,56.278
475.18,205.99,143.12,56.441
472.63,205.92,143.67,56.66
470.02,206,142.66,56.262
467.13,205.66,142.63,56.25
465.44,206.48,142.12,56.047
462.14,205.79,141.61,55.848
460.07,205.42,139.94,55.188
456.78,205.86,139.21,54.9
453.76,205.62,139.24,54.912
451.94,206.26,138.13,54.473
449.53,205.71,134.95,53.22
446.28,206.27,135.18,53.311
444.75,206.27,135.16,53.303
441.79,206.45,134.98,53.233
439.73,206.77,135.53,53.45
435.42,206.33,135.31,53.361
431.49,206.38,135.51,53.439
430.29,206.51,135.62,53.482
427.67,206.74,136.61,53.874
426.58,207.21,135.84,53.571
424.98,206.73,134.7,53.12
419.98,206.1,134.71,53.124
418.68,206.18,134,52.844
415.23,206.25,133.89,52.803
413.86,206.72,133.28,52.562
411.04,206.74,133.15,52.51
407.04,206.58,133.33,52.581
404.76,206.51,133.13,52.504
402.88,206.89,132.63,52.305
401.53,207.48,131.93,52.03
398.83,207.23,131.6,51.899
396.16,206.47,132.16,52.121
392.72,206.69,131.8,51.978
388.55,206.05,130.86,51.605
387.38,207.32,130.24,51.363
384.67,206.12,129.33,51.004
381.98,207.05,129.06,50.897
379.41,206.69,129.01,50.877
376.73,206.03,129.08,50.903
374.71,206.95,129.58,51.102
370.29,205.66,130.12,51.313
368.33,206.7,130.47,51.455
366.08,206.57,130.66,51.529
362.84,206.63,132.52,52.263
360.64,207.33,132.71,52.338
357.24,207.21,134.34,52.977
354.79,207.2,135.5,53.438
351.79,206.64,136.22,53.719
348.8,206.7,136.07,53.66
346.27,206.49,134.46,53.026
344.03,206.88,133.49,52.644
342.72,207.44,133.72,52.737
340.78,207.37,133.37,52.598
339.53,207.85,133.7,52.725
336.58,208.61,133.83,52.779
333.35,207.61,134.34,52.977
332.13,208.11,135.77,53.545
329.03,208.02,137.28,54.14
326.45,207.92,137.72,54.312
324.44,208.26,138.13,54.473
322.07,207.52,138.16,54.486
318.45,207.57,137.93,54.394
317.36,208.11,137.42,54.193
314.84,207.76,137.62,54.271
312.75,208.19,138.5,54.62
312.01,208.19,138,54.422
311.26,207.68,137.87,54.371
309.72,208.24,137.53,54.236
307.43,207.87,136.8,53.949
306.37,208.63,136.26,53.738
304.59,208.43,135.09,53.276
303.76,208.72,134.28,52.955
300.69,208.67,134,52.844
298.74,208.3,132.23,52.149
297.38,209.43,132.24,52.149
293.84,208.66,132.36,52.197
291.66,208.58,130.93,51.634
288.7,208.66,131.11,51.706
287.46,208.91,131.39,51.815
285.71,210.05,131.59,51.893
282.46,208.95,131.49,51.856
280.49,209.62,132.11,52.101
279.12,209.8,131.98,52.048
276.94,209.78,131.64,51.916
274.64,209.72,130.72,51.553
271.51,209.53,130.31,51.39
268.36,209.59,129.17,50.94
266.57,209.88,128.46,50.662
263.09,210.2,127.75,50.382
261.42,210.73,128.17,50.544
258.05,210.3,128.02,50.488
255.3,210.14,127.36,50.225
253.69,210.43,126.61,49.931
251.47,210.17,126.32,49.815
250.56,210.48,126.87,50.034
246.58,210.33,126.75,49.984
243.7,210.02,126.47,49.876
241.37,209.79,126.02,49.7
238.9,209.91,125.75,49.591
237.26,210.76,125.48,49.486
235.01,210.74,125.15,49.355
231.89,210.57,124.62,49.148
229.8,210.72,124.35,49.04
227.54,210.56,124.18,48.972
226.23,211.44,124.55,49.118
222.94,210.51,124.69,49.175
221.3,211.1,124.67,49.165
218.46,210.96,124.59,49.133
215.64,210.54,123.95,48.883
213.27,211.46,124.45,49.08
210.51,211.06,122.77,48.416
208.44,211.51,122.98,48.498
207.4,211.55,122.69,48.385
205.73,212.04,122.11,48.155
205.63,212.5,121.74,48.01
222.97,210.49,122.59,48.346
265.66,210.12,122.45,48.29
295.36,209.31,121.92,48.082
326.27,210.39,121.47,47.902
366.4,209.4,122.2,48.193
372.12,205.87,121.43,47.889
371.08,206.21,120.89,47.677
369.54,206.61,120.17,47.39
368.02,206.6,119.41,47.09
366.94,207.51,119.12,46.976
364.43,206.49,118.92,46.898
363.75,206.62,118.63,46.784
362.97,206.74,117.68,46.41
362,206.46,116.85,46.084
363.36,206.57,116.28,45.855
362.86,206.55,115.68,45.62
362.95,206.67,116.66,46.005
362.58,206.74,117.29,46.254
362.8,207.02,117.46,46.32
363.15,208.09,118.7,46.812
362.67,207.29,119.72,47.214
363.35,206.92,118.95,46.912
363.5,207.15,118.37,46.68
364.6,207.2,117.59,46.375
365.55,207.45,116.9,46.102
341.95,207.59,117.59,46.375
339.86,207.85,117.82,46.464
338.31,207.71,117.73,46.43
336.8,207.15,116.4,45.905
336.49,208.42,117.02,46.151
334.45,207.38,117.43,46.311
334.59,207.27,115.76,45.653
332.3,206.97,115.66,45.613
331.54,207.12,115.41,45.515
330.32,208.25,115.37,45.497
329.67,207.29,115.01,45.355
329.3,207.17,114.73,45.244
327.92,207.36,114.87,45.302
327.09,207.39,114.9,45.311
326.55,207.84,114.9,45.313
325.74,206.9,115.17,45.419
326.62,207.71,116.42,45.911
325.93,207.51,116.06,45.77
326.08,207.57,117.05,46.16
326.29,207.54,116.42,45.912
325.52,207.62,117.41,46.301
325.18,207.39,117.76,46.442
325.58,207.2,116.43,45.915
326.38,207.55,116.02,45.753
326.6,207.67,115.8,45.668
325.46,207.43,117.07,46.17
324.28,207.54,117.84,46.471
325.28,207.54,116.41,45.906
325.58,207.42,116.03,45.756
326.63,208.48,116.75,46.042
326.24,207.68,117.28,46.253
326.57,208.01,117.43,46.311
326.4,207.76,117.2,46.219
325.87,207.52,117.27,46.248
326.4,208.39,117.2,46.222
325.63,207.68,117.66,46.401
326.17,207.5,117.34,46.277
326.57,207.55,117.59,46.374
327.12,207.64,117.02,46.149
328.72,208.52,116.56,45.967
328.55,207.84,116.51,45.947
329.17,207.8,116.37,45.892
330.03,207.95,115.89,45.702
330.72,208.43,115.92,45.713
331.51,208.63,115.99,45.741
330.93,208.22,115.52,45.558
331.08,208.23,115.32,45.476
331.76,208.73,115.53,45.562
331.62,208.08,115.11,45.397
331.53,208.84,114.94,45.328
330.39,208.36,114.78,45.264
329.99,208.35,114.73,45.246
327.99,208.73,115.12,45.401
328.46,209.55,115.37,45.497
328.46,210.61,116.09,45.781
326.97,209.37,116.01,45.752
327.28,209.91,116.05,45.768
326,209.55,116.45,45.922
326,209.63,116.66,46.008
326.77,210.54,116.46,45.926
326.42,210.07,116.21,45.828
326.39,209.79,116.04,45.764
328.66,209.82,114.77,45.26
328.12,210.32,114.56,45.179
330.47,210.21,113.05,44.583
329.4,210.03,112.24,44.265
330.48,210.42,112.23,44.259
330.16,210.02,111.11,43.819
330.57,210.42,109.8,43.303
331.43,211.28,110.13,43.433
333.58,213.29,109.97,43.37
334.29,212.61,110.02,43.39
331.49,213.8,110.52,43.586
332.16,212.24,110.67,43.645
333.37,212.26,110.25,43.48
335.19,212.15,109.43,43.155
338.66,212.62,108.41,42.754
338.89,213.07,107.26,42.298
336.51,213.26,107.91,42.557
334.42,213.47,109.16,43.05
331.53,212.53,109.19,43.063
328.79,212.9,109.31,43.108
326.74,213.21,109.76,43.287
329.5,211.61,110.58,43.609
331.68,212.18,110.64,43.633
332.39,212.19,110.42,43.547
330.46,211.95,111.23,43.867
329.51,212.41,112.07,44.198
327.79,212.73,113.29,44.68
325.37,212.77,115.26,45.456
324.8,211.71,116.25,45.847
281.56,218.01,116.6,45.982
277.81,218.45,116.89,46.099
274.22,218.58,117.19,46.215
272.26,218.33,117.49,46.333
268.25,218.16,116.93,46.112
264.21,218.24,115.96,45.731
261.66,219.21,115.51,45.554
259.88,219.27,115,45.353
257.79,219.44,114.41,45.12
255.36,219.95,113.47,44.75
254.12,219.99,112.89,44.521
252.91,221.01,113.18,44.634
250.4,221.43,114.38,45.107
246.45,222.61,116.1,45.787
243.05,221.5,114.76,45.259
242.84,221.88,113.75,44.858
236.86,222.81,115.31,45.475
237.36,223,116.47,45.931
233.77,223.84,117.45,46.319
231.85,223.49,115.71,45.631
229.17,223.72,116.65,46.003
226.9,224.43,117.9,46.494
224.53,224.66,117.76,46.439
224.89,225.89,117.22,46.226
223.19,225.6,116.05,45.767
221.34,226.22,118.65,46.79
219.43,226.76,119.91,47.289
218.33,225.72,120.97,47.705
216.28,227.36,122.43,48.283
215.53,226.78,122.4,48.271
216.69,226.59,120.19,47.398
214.73,226.93,121.15,47.778
214.09,227.25,121.39,47.872
213.29,228.36,122.42,48.277
214.03,227.4,121.14,47.774
211.88,227.53,122.99,48.501
211.47,228.25,122.77,48.417
209.56,228.17,124.28,49.012
210.74,227.64,123.53,48.716
208.96,228.03,124.52,49.108
207.68,228.01,124.97,49.285
206.67,228.39,125.12,49.343
204.62,228.54,126.63,49.94
205.61,229.4,124.78,49.208
206.03,228.44,123.99,48.896
203.11,228.88,125.01,49.298
202.41,229.15,125.45,49.473
201.24,229.51,125.48,49.484
200.1,229.89,124.8,49.218
197.87,229.71,125.96,49.672
196.71,229.96,126.44,49.862
195.96,229.77,125.93,49.661
193.55,230.33,124.79,49.212
191.7,231.23,125.6,49.534
188.7,231.44,127.61,50.327
188.38,231.77,124.66,49.162
214.45,231.14,122.84,48.443
233.2,231.84,123.07,48.535
264.32,233.48,124.35,49.041
276.89,232.63,125.93,49.661
274.45,233.04,126.17,49.758
274.46,232.37,126.71,49.969
271.87,232.93,126.98,50.076
270.35,234.4,127.3,50.202
267.49,233.91,126.94,50.061
266.19,234.37,127.15,50.145
263.84,234.87,127.1,50.122
263.67,235.45,127.34,50.217
261.55,236.48,126.91,50.048
260.79,236.63,127.1,50.122
260.53,236.57,126.09,49.726
258.37,236.77,126.29,49.806
256.71,237.58,126.9,50.044
255.36,238.6,126.29,49.803
253.97,239.39,126.87,50.033
252.5,239.22,126.46,49.872
249.83,240.19,127.29,50.198
249.4,240.22,126.71,49.968
247.33,240.89,127.34,50.217
243.92,241.59,127.52,50.288
244.6,242.73,127.96,50.462
243.89,243.83,128.7,50.754
243.97,243.99,129.47,51.059
246.39,244.52,129.21,50.957
245.82,245.37,129.21,50.958
247.43,245.9,130.06,51.293
249.91,246.35,131.13,51.713
250.63,248.39,131.89,52.011
249.74,248.76,130.52,51.471
247.01,250.47,133.19,52.525
245.85,250.99,133.83,52.778
246.16,250.64,132.81,52.375
246.89,253.13,132.32,52.182
245.64,252.42,129.72,51.158
233.76,254.89,126.51,49.892
231.22,256.88,124.4,49.059
234.7,257.18,121.21,47.803
229.66,257.64,117.45,46.317
232.88,257.28,115.24,45.445
236.27,258.73,113.28,44.674
239.67,259.94,111.44,43.948
240.91,262.3,109.74,43.276
239.63,262.25,108.89,42.941
240.78,263.62,108.45,42.768
240.01,266.2,107.35,42.333
242.32,269.17,106.27,41.911
242.7,271.12,105.47,41.596
241.34,271.1,103.53,40.83
246.33,272.62,103.34,40.752
248.89,274.59,103.17,40.688
250.46,276.65,103.02,40.629
251.37,279.92,103.71,40.898
249.84,280.89,102.93,40.594
253.66,283.75,102.68,40.493
256.24,283.47,102.13,40.276
258.87,285.78,101.59,40.062
263.38,288.22,101.61,40.072
267.01,290.47,101.58,40.06
272.47,293.38,102.06,40.248
277.03,294.02,103.48,40.808
277.98,298.06,104.08,41.045
282.59,300.94,104.25,41.113
287.78,303.51,104.24,41.11
297.69,307.37,104.62,41.26
301.02,311.59,106.32,41.927
305.08,314.72,107.03,42.209
311.15,318.34,108.1,42.63
313.84,321.27,108.78,42.899
321.48,325.5,109.03,42.998
328.38,327.41,108.95,42.965
333.44,330.71,108.42,42.756
330.6,333.43,108.39,42.746
335.05,340.79,108.06,42.616
338.45,346.49,109.1,43.025
348.3,349.88,110.46,43.563
354.92,354.39,111.2,43.852
374.82,384.58,109.88,43.332
389.61,391.51,109.44,43.158
406.13,396.56,108.74,42.884
415.4,403.26,108.33,42.723
425.61,382.75,107.67,42.461
443.09,390.94,106.94,42.174
461,400.15,106.76,42.104
478.46,411.58,106.08,41.835
506.35,420.47,106.08,41.833
524.19,429.03,106.5,42
