64.5,354.5,55,79
67.399,351.65,55.871,80.25
71.26,351.31,54.586,78.405
70.17,349.95,54.459,78.223
69.502,349.57,53.63,77.032
64.091,349.53,53.567,76.942
60.54,350.06,54.243,77.913
57.047,350.41,54.83,78.756
97.75,349.84,55.759,80.091
99.861,349.29,55.058,79.083
103.14,348.9,54.665,78.519
107.43,349.21,53.953,77.496
111.17,348.59,53.72,77.161
113.79,349.99,53.874,77.383
116.17,349.51,54.969,78.955
118.12,347.7,55.844,80.212
121.72,345.82,55.076,79.109
123.09,345.16,54.152,77.782
117.16,346.42,52.9,75.983
139.73,346.38,52.538,75.464
147.75,346.54,52.8,75.84
151.73,346.48,52.897,75.979
161.47,347.07,52.549,75.479
169.02,347.36,52.41,75.28
180.71,341.54,52.465,75.359
192.03,340.68,53.514,76.865
197.22,340.28,53.898,77.417
204.64,345.99,54.243,77.913
225.44,348.95,54.437,78.191
223.3,345.83,55.346,79.498
224.13,345.64,55.442,79.635
225.07,345.13,55.585,79.841
227.5,345.52,55.562,79.807
256.35,348.89,55.467,79.671
255.8,349.96,55.276,79.396
253.33,349.55,55.264,79.38
272.06,357.19,55.508,79.729
316.29,348.45,55.358,79.515
329.22,350,54.941,78.915
338.94,352.11,54.994,78.991
354.8,351.42,55.102,79.146
365.38,353.82,55.122,79.175
378.56,353.79,55.04,79.058
385.47,358.12,54.657,78.507
393.81,362.79,55.4,79.575
401.4,360.62,56.045,80.501
408.64,359.93,56.126,80.617
419.04,360.47,56.552,81.229
427.38,362.81,56.98,81.845
438.48,364.69,57.102,82.02
449.15,365.92,56.907,81.739
457.59,361.24,57.03,81.915
465.72,361.96,56.879,81.699
471.61,363.26,57.273,82.265
480.81,352.31,57.893,83.156
487.81,364.24,57.886,83.145
496.29,365.57,57.947,83.233
502.63,366.02,58.069,83.408
511.86,367.33,57.997,83.304
520.07,367.36,57.738,82.933
526.8,367.46,57.538,82.646
530.59,366.79,57.914,83.185
536.46,369.23,58.256,83.676
538.96,366.79,58.521,84.057
543.98,370.64,58.802,84.461
538.62,360.26,59.056,84.826
538.78,356.05,59.45,85.392
537.83,354.45,59.671,85.709
537.9,354.55,59.767,85.848
537.24,352.9,59.868,85.992
536.66,353.14,60.471,86.859
536.03,354.67,60.452,86.831
535.78,358.6,60.374,86.719
535.72,359.46,60.162,86.415
533.79,361.12,60.279,86.582
531.83,363.07,59.894,86.03
530.14,362.87,59.896,86.032
524.9,358.24,60.551,86.974
518.43,354.57,60.675,87.152
514.57,355.42,60.621,87.074
509.89,354.78,60.597,87.04
505.99,355.88,60.296,86.607
509.53,360.42,59.968,86.136
507.9,363.62,59.903,86.042
510.75,362.38,59.839,85.951
512.33,362.36,60.476,86.866
510.04,358.85,60.951,87.548
505.13,356.07,61.008,87.629
502.36,354.53,61.177,87.873
498.74,353.63,61.239,87.961
492.26,353.36,60.953,87.551
489.37,358.08,61.01,87.632
482.74,359.89,61.409,88.205
473.98,363.68,61.896,88.905
460.24,362.5,62.697,90.056
448.42,362.8,63.226,90.816
442,360.68,63.552,91.284
437.9,352.96,63.528,91.249
430.57,354.73,63.429,91.108
421.99,356.79,63.815,91.662
415.83,355.17,63.771,91.598
409.76,352.74,63.834,91.689
405.87,351.59,63.571,91.31
401.72,350.44,63.815,91.662
396.24,348.74,64.166,92.166
391.11,348.55,64.539,92.701
386.74,347.83,64.705,92.94
382.08,348.78,64.889,93.204
378.2,350.06,65.34,93.852
374.9,349.58,65.852,94.587
371.04,349.36,66.088,94.926
367.02,348.07,65.958,94.74
362.8,346.53,65.998,94.797
357.55,346.21,66.272,95.191
354.24,347.83,66.263,95.178
348.7,348.93,66.009,94.813
342.86,350.08,65.888,94.64
338.17,349.2,65.938,94.711
335.13,348.51,65.248,93.72
332.49,346.53,64.854,93.154
328.68,344.85,64.512,92.662
324.53,344.39,64.065,92.021
321.06,344.39,63.667,91.449
319.41,345.24,63.528,91.249
317.93,347.44,63.413,91.084
315.01,347.71,63.072,90.594
310.22,346.08,62.593,89.906
305.75,346.27,62.684,90.038
300.62,345.59,62.771,90.163
296.38,346.38,62.686,90.04
292.06,349.1,62.638,89.972
286.64,348.48,62.313,89.504
281.83,349.6,62.322,89.517
280.26,347.6,62.364,89.577
279.64,349.12,62.513,89.791
278.01,349.59,62.222,89.374
276.08,350.05,62.462,89.718
273.19,348.58,62.725,90.095
272.39,348.03,62.454,89.707
271.2,348.12,62.349,89.556
272.33,347.35,62.222,89.374
276.49,347.88,62.22,89.371
279.87,348.81,61.792,88.756
280.58,349.29,61.775,88.731
281.89,349.86,61.572,88.44
284.4,349.43,61.481,88.309
286.44,349.41,61.321,88.079
286.19,349.22,61.327,88.088
287.24,350.17,61.072,87.722
288.89,351.83,60.878,87.443
289.74,352.25,60.477,86.867
290.8,353.04,60.456,86.837
291.84,352.75,60.521,86.93
293.55,352.11,60.513,86.919
296.67,350.96,60.078,86.294
301.93,350.65,59.893,86.028
305.83,351.33,59.725,85.787
310.17,352.96,59.62,85.636
315.1,355.56,59.899,86.037
319.54,356.74,59.531,85.508
322.47,359.61,59.141,84.948
327.49,360.28,59.014,84.765
334.1,360.28,58.475,83.991
340.51,360.98,58.398,83.881
347.81,360.77,58.289,83.724
355.76,360.37,58.238,83.651
364.83,360.7,57.994,83.301
373.93,361.94,57.555,82.67
382.3,363.48,57.45,82.519
389.46,365.94,57.189,82.144
396.53,367.96,57.054,81.95
404.27,368.78,56.963,81.819
412.69,370.09,56.711,81.458
418.49,370.62,56.906,81.737
423.89,373.26,56.877,81.696
428.93,374,56.854,81.663
433.34,375.14,56.924,81.763
438.33,375.55,57.268,82.257
445.09,377.12,57.427,82.486
454.16,377.11,57.269,82.259
461.87,378.17,57.364,82.396
469.02,379.94,57.343,82.365
475.43,381.6,57.47,82.548
477.34,381.58,57.491,82.578
479.88,383.08,57.773,82.983
480.74,384.13,57.76,82.964
479.08,384.68,57.447,82.515
473.64,384.35,57.411,82.463
470.22,384.05,57.251,82.233
466.79,382.57,57.271,82.262
463.92,380.73,57.145,82.081
460.05,379.12,56.835,81.636
457.87,378.65,56.471,81.113
455.94,379.26,56.312,80.885
453.72,379.06,56.321,80.897
452.08,379.25,56.335,80.918
450.64,379.32,56.263,80.815
449.84,380.03,56.24,80.781
449.28,380.13,56.144,80.644
448.38,379.21,56.165,80.673
445.34,378.78,56.279,80.838
443.51,377.57,56.124,80.614
443.62,376.33,56.102,80.582
443.3,375.99,56.239,80.779
443.81,377.05,56.488,81.137
443.1,377.74,56.505,81.161
443.39,377.87,56.286,80.847
443.76,377.84,56.233,80.771
444.46,377.85,56.364,80.96
444.12,377.3,56.437,81.063
444.36,377.09,56.503,81.158
444.59,377.21,56.592,81.286
444.76,377.04,56.726,81.48
445.09,376.4,56.604,81.304
446.72,376.06,56.859,81.67
447.33,375.63,56.965,81.822
447.58,375.64,57.142,82.077
447.19,375.5,56.854,81.664
447.64,375.61,56.755,81.521
447.92,375.3,56.701,81.444
448.72,375.05,56.916,81.752
449.66,375.39,57.046,81.938
450.53,375.31,57.378,82.415
451.19,375.47,57.381,82.42
452.49,375.65,57.4,82.447
453.56,375.66,57.417,82.472
455.19,375.66,57.422,82.479
455.83,375.38,57.444,82.51
456.45,375.08,57.302,82.307
458.06,375.01,57.196,82.155
459.32,374.35,56.81,81.6
461.38,374.43,56.423,81.044
462.25,374.27,56.459,81.096
463.74,374.52,56.358,80.95
464.58,375.15,56.298,80.865
466.29,375.95,56.295,80.86
468,376.44,56.293,80.858
469.73,376.86,55.911,80.308
471.33,376.86,55.878,80.261
473.12,377.22,55.797,80.144
473.8,377.29,55.643,79.924
473.09,376.25,55.811,80.164
473.74,376.07,55.927,80.332
473.6,375.79,55.815,80.171
475.5,375.97,55.792,80.138
477.47,376.29,55.699,80.005
479.32,376.35,55.249,79.358
481.77,376.95,54.964,78.948
485.04,378.57,54.874,78.819
487.43,379.89,54.789,78.697
489.72,380.76,54.479,78.252
490.52,381,54.403,78.142
491.38,380.26,54.238,77.905
491.18,379.31,54.327,78.034
492.12,379.21,54.209,77.864
492.36,378.71,54.196,77.845
491.95,378.96,54.209,77.863
488.06,379.16,54.205,77.858
484.7,378.98,54.167,77.804
483.66,378.9,53.976,77.529
483.39,378.84,53.883,77.395
483.53,378.95,53.828,77.317
483.71,379.33,53.56,76.932
485.1,379.85,53.34,76.615
484.8,379.7,53.307,76.568
484.07,379.36,53.13,76.314
484,379.53,53.05,76.199
486.23,379.65,53.205,76.422
487.12,378.12,53.016,76.151
420.05,371.38,52.84,75.898
419.24,373,52.868,75.937
419.93,373.54,52.958,76.066
419.97,375.37,53.095,76.263
419.96,377.38,53.024,76.162
420.92,377.87,53.133,76.319
426.74,377.61,53.186,76.395
433.44,377,53.078,76.239
436.66,375.92,53.028,76.168
439.09,374.49,52.913,76.002
443.68,373.6,52.745,75.76
447.74,373.76,52.701,75.698
451.12,374.71,52.663,75.643
453.43,375.37,52.725,75.733
456.57,375.99,52.875,75.947
460.88,376.64,52.885,75.963
509.18,381.81,52.916,76.007
511.03,381.78,53.081,76.244
513.78,381.92,53.159,76.356
516.75,381.82,53.244,76.478
518.66,381.68,53.42,76.73
521.44,381.97,53.566,76.94
524.92,382.27,53.396,76.695
526.37,381.38,53.53,76.889
528.47,380.23,53.424,76.736
530.82,380.1,53.31,76.573
531.64,379.98,53.113,76.29
533.46,380.57,52.94,76.041
535.34,380.82,52.989,76.112
539.7,380.68,52.947,76.051
510.79,378.24,52.745,75.761
513.78,379.56,52.627,75.591
516.35,379.93,52.703,75.7
519.4,379.68,52.631,75.598
522.19,379.61,52.555,75.488
524.81,379.26,52.755,75.776
528.37,379.68,52.689,75.68
532.16,379.65,52.661,75.641
536.63,379.96,52.739,75.753
541.18,380.62,52.937,76.037
545.33,380.54,53.044,76.191
550.16,381.74,53.158,76.354
553.97,382.51,53.301,76.56
558.26,382,53.438,76.756
561.95,381.75,53.926,77.457
565.81,381.73,54.219,77.879
569.5,381.2,54.393,78.129
571.46,380.83,54.594,78.417
573.47,380.71,54.741,78.628
575.07,380.95,54.796,78.706
576.41,381.06,54.975,78.964
578.25,381.25,55.028,79.04
581.2,381.85,54.947,78.924
583.96,381.8,55.012,79.017
586.44,381.94,54.883,78.832
588.58,381.86,54.927,78.895
590.66,381.27,55.436,79.626
593.59,381.02,55.832,80.194
596.31,381.44,55.943,80.354
598.07,380.74,55.807,80.159
599.89,380.61,55.67,79.962
601.6,380.03,55.214,79.307
603.59,380.3,55.19,79.273
605.83,380.62,55.223,79.32
609.51,381.3,55.45,79.646
613.3,382.62,55.399,79.573
616.12,382.87,55.607,79.872
618.79,382.46,55.636,79.914
620.6,382.2,55.968,80.39
622.67,382.02,56.287,80.848
625.16,381.63,56.406,81.02
626.74,381.48,56.374,80.973
628.22,381.46,56.356,80.948
629.91,381.59,56.204,80.73
632.36,382.23,56.12,80.608
634.58,382.67,55.986,80.416
637.27,382.63,55.987,80.418
639.7,383.41,55.771,80.107
665.57,387.25,55.415,79.597
669.23,388.06,55.097,79.14
650.61,385.02,55.31,79.445
653.9,384.86,55.447,79.643
657.56,386,55.421,79.605
659.75,386.65,55.247,79.355
662.05,386.61,54.956,78.937
666.4,386.66,54.789,78.696
670.36,386.06,54.736,78.621
675.19,386.64,54.668,78.523
678.24,387.3,54.502,78.284
681.47,387.67,54.072,77.668
684.39,388.07,54.164,77.799
686.52,388.78,54.138,77.762
687.56,388.73,54.2,77.851
690.29,389.56,54.304,78
695.12,390.69,54.2,77.852
697.35,391.01,54.079,77.678
699.31,391.24,53.965,77.513
700.62,391.29,54.347,78.062
700.15,390.33,54.659,78.511
699.86,389.84,54.797,78.708
700.16,389.22,54.872,78.816
701.88,389.2,55.063,79.091
704.46,390.06,54.877,78.823
705.34,389.49,55.114,79.164
707.27,388.89,55.187,79.269
710.03,387.81,55.039,79.056
714.24,387.61,54.72,78.598
717.35,388.65,54.888,78.839
719.44,388.01,55.307,79.441
722.24,387.47,55.421,79.605
725.13,387.7,55.433,79.622
727.13,387.89,55.661,79.95
726.43,387.18,55.904,80.299
723.35,386.88,55.974,80.399
716.85,386.22,56.272,80.827
709.53,385.71,56.517,81.179
704.94,384.6,57.116,82.039
703.88,383.8,57.667,82.831
703.99,383.86,58.231,83.641
703.34,383.79,58.459,83.968
702.06,385.36,58.482,84.001
703.29,386.39,58.381,83.857
705.85,386.39,58.256,83.677
709.1,385.76,58.071,83.411
710.09,385.05,58.013,83.327
713.14,383.55,57.682,82.853
715.15,382.36,57.325,82.339
715.86,381.83,57.058,81.955
715.2,381.23,56.866,81.68
716.77,381.63,56.645,81.363
718.71,381.91,56.497,81.15
721.08,382.36,55.988,80.419
721.49,382.42,55.929,80.335
721.62,383.59,55.973,80.397
724.23,384.03,55.969,80.392
728.61,384.1,55.961,80.38
732.99,383.93,55.785,80.127
739.57,384.29,55.759,80.09
744.96,384.55,55.882,80.267
723.35,383.45,55.575,79.825
726.23,384.03,56.025,80.473
730.01,383.65,56.582,81.272
736.14,383.98,56.73,81.484
739.59,382.65,56.956,81.809
742.24,382.64,56.874,81.692
744.81,382.16,56.66,81.384
749.04,383.17,56.34,80.925
753.9,384.54,56.282,80.842
757.06,386.05,56.083,80.556
759.18,387.1,55.952,80.368
760.5,387.78,55.773,80.11
762.71,388.37,55.611,79.877
766.07,388.06,55.862,80.238
770.47,388.51,55.773,80.11
772.71,388.68,55.598,79.859
774.34,388.18,55.496,79.712
776.86,389.48,55.246,79.353
778.29,389.72,54.948,78.925
781.12,390.64,54.997,78.995
785.43,392.15,54.631,78.471
791.07,396.1,54.698,78.567
795.58,398.75,54.725,78.606
796.14,400.24,55.108,79.155
795.7,400.91,55.093,79.134
787.06,401.36,55.056,79.08
779.82,400.23,55.109,79.156
783.71,395.28,54.99,78.985
792.36,390.67,54.626,78.463
799.55,390.79,54.595,78.419
804.75,391.02,54.184,77.827
807.06,391.6,53.969,77.519
810.53,392.97,53.667,77.085
814.62,392.88,53.192,76.403
819.06,394.72,52.576,75.518
822.23,396.02,52.329,75.164
825.78,397.91,52.284,75.099
828.97,398.93,52.435,75.316
831.58,400.7,52.699,75.695
836.45,402.81,53.05,76.2
894.2,409.98,53.367,76.655
901.83,410.27,53.664,77.081
907.24,409.43,54.019,77.59
912.9,409.4,54.164,77.799
920.15,409.91,54.071,77.665
925.42,410.14,53.933,77.467
924.67,408.42,53.42,76.73
926.19,411.6,53.335,76.609
928.76,410.08,53.387,76.684
931.44,409.98,53.458,76.785
935.77,410.29,53.562,76.934
911.31,397.16,53.019,76.155
924.26,412.11,52.988,76.11
943.49,411.41,52.999,76.126
942.52,411.86,53.09,76.257
942.87,410.9,52.93,76.026
888.17,403.66,52.973,76.089
887.02,404.75,53.216,76.438
886.75,404.64,53.323,76.591
885.92,404.03,53.203,76.419
885.72,404.43,53.401,76.703
884.2,403.75,53.608,77
882.52,403.69,53.482,76.819
882.11,403.21,53.558,76.929
882.1,402.88,53.273,76.52
882.84,402.8,53.204,76.421
883.68,403.19,53.479,76.815
884.22,403.42,53.759,77.217
883.82,403.55,53.739,77.189
883.88,403.76,53.785,77.255
884.67,404.33,53.998,77.561
885.53,404.43,54.503,78.285
886.44,404.1,54.68,78.541
887.13,404.5,54.781,78.686
885.88,403.92,54.649,78.496
885.36,403.61,54.596,78.42
884.43,403.42,54.31,78.009
883.68,403.4,54.144,77.771
881.71,402.68,54.333,78.042
880.93,402.42,54.169,77.806
879.14,401.11,54.041,77.623
877.27,399.68,54.138,77.762
875.42,398.64,54.089,77.691
874.21,397.9,54.022,77.596
873.12,396.8,54.028,77.604
873.58,396.6,53.739,77.189
873.97,396.79,53.416,76.725
873.65,397.79,53.538,76.9
874.82,398.38,53.284,76.535
875.44,398.59,53.341,76.617
876.14,399.05,53.241,76.473
876.56,399.17,53.47,76.802
877.93,399.64,53.615,77.011
878.69,399.95,53.76,77.22
879.35,400.23,53.87,77.378
880.75,400.5,53.956,77.5
882.11,400.55,54.341,78.053
883.1,400.5,54.639,78.481
883.92,400.35,54.617,78.45
884.12,400.51,54.77,78.669
885.81,401.02,54.723,78.602
887.08,401.19,54.829,78.754
887.73,401.15,55.041,79.06
888.46,401.56,55.049,79.071
888.86,401.99,55.087,79.125
888.37,400.85,54.633,78.473
886.71,401.23,54.983,78.975
886.3,401.09,55.124,79.177
884.94,402.11,55.376,79.54
883.36,401.75,55.85,80.221
882.43,403.08,56.069,80.535
894.53,403.27,56.21,80.738
881.67,403.43,56.499,81.153
893.09,404.57,56.509,81.167
893.94,404.31,56.262,80.812
894.06,405.05,55.996,80.431
894.73,404.7,55.853,80.225
893.75,405.25,55.765,80.099
895.36,405.47,55.667,79.958
898.51,405.44,55.629,79.903
894.14,405.3,55.475,79.682
900.92,407.32,55.668,79.96
903.14,407.53,55.721,80.035
903.17,408.05,55.588,79.845
894.12,407.19,55.756,80.086
905.19,408.38,55.684,79.982
904.74,408.16,55.817,80.174
905.47,408.12,55.834,80.198
905.87,408.25,56.186,80.703
906.18,408.77,56.468,81.108
905.48,408.76,56.683,81.417
905.41,408.63,56.961,81.817
905.56,408.82,57.127,82.055
905.67,408.47,56.865,81.679
906.51,408.97,56.985,81.851
906.58,408.78,57.075,81.981
906.97,408.82,57.085,81.994
859.27,400.04,56.893,81.719
859.17,400.83,56.465,81.104
858.2,401.14,56.108,80.591
857.34,401.38,55.854,80.227
855.69,401.4,55.731,80.05
854.6,401.07,55.623,79.895
853.32,400.67,55.341,79.49
853.29,401.47,55.167,79.24
852.37,400.24,55.051,79.073
852.85,400.12,54.682,78.543
852.33,400.52,54.558,78.365
851.44,399.75,54.555,78.361
850.3,399.09,54.415,78.16
849.66,398.66,53.969,77.519
849.67,398.73,53.727,77.172
849.55,397.9,53.582,76.964
850.33,398.06,53.394,76.693
849.94,397.58,53.399,76.7
850.87,398.18,53.472,76.805
851.84,398.23,53.548,76.915
853.53,397.81,53.917,77.445
854.56,397.32,53.981,77.536
854.34,396.77,53.771,77.234
854.47,396.35,53.698,77.129
854.5,395.88,53.858,77.36
854.86,395.39,54.169,77.806
854.81,394.75,54.354,78.073
853.7,393.63,54.585,78.404
853.19,392.48,54.713,78.587
852.71,391.79,54.336,78.047
852.32,391.36,54.053,77.64
851.72,390.53,53.975,77.527
851.88,389.73,54.118,77.733
852.6,389.48,53.916,77.443
854.55,390.71,54.053,77.639
855.85,391.06,54.221,77.882
858.44,391.67,54.597,78.422
861.75,392.09,54.484,78.259
863.35,391.94,54.61,78.439
866.54,392.39,54.66,78.512
869.37,392.98,54.774,78.676
869.05,393.08,54.891,78.843
873.83,394.01,54.761,78.657
876.33,393.82,54.44,78.196
911.75,398.95,54.567,78.378
912.88,401.93,54.893,78.847
912.73,401.04,55.308,79.443
911.69,401.76,55.548,79.787
911.95,402.29,55.718,80.031
911.31,402.82,56.023,80.47
910.92,402.88,56.119,80.607
908.17,402.33,56.209,80.736
903.24,400.13,56.262,80.812
901.89,399.47,56.132,80.626
901.34,398.8,55.695,79.998
900.64,400.69,55.89,80.279
900.69,400.96,55.997,80.432
900.4,400.35,56.159,80.665
900.25,401.19,56.074,80.543
900,401.03,56.146,80.646
901.7,401.9,56.3,80.867
902.77,402.95,56.464,81.103
905.25,404.79,56.357,80.95
905.56,405,56.161,80.667
906.68,405.9,55.961,80.38
907.79,406.01,55.969,80.392
909.6,405.53,56.091,80.567
911.74,406.3,56.22,80.753
913.75,406.99,56.507,81.165
915.52,407.23,56.366,80.962
916.89,407.76,56.243,80.785
918.61,408.19,55.985,80.415
919.44,407.99,55.688,79.988
920.06,408.3,55.398,79.571
921.09,409.8,55.264,79.38
922.15,410.46,55.258,79.37
925.14,411.07,55.118,79.169
926.06,413.45,54.691,78.556
925.22,414.63,54.66,78.512
920.83,413.3,54.481,78.255
917.82,412.94,54.407,78.148
911.63,412.09,54.761,78.657
911.25,412.01,55.3,79.431
908.71,409.87,55.179,79.257
906.76,409.07,55.257,79.369
906.06,408.73,55.245,79.352
909.59,409.06,55.614,79.882
910.33,409.69,56.079,80.55
917.94,405.47,56.269,80.823
904.62,409.96,56.261,80.812
899.26,409.98,56.523,81.188
844.9,396.57,55.58,79.834
840.13,397.06,55.338,79.486
835.53,397.47,55.167,79.24
830.55,396.14,54.889,78.84
826.38,395.78,54.511,78.298
822,395.26,54.144,77.77
817.66,394.44,54.095,77.701
813.3,393.95,54.106,77.716
808.17,393.46,53.999,77.562
803.28,393.94,54.006,77.572
798.39,393.39,54.135,77.757
793,392.85,53.66,77.075
787.38,392.69,53.44,76.759
782.34,392.94,53.363,76.649
775.39,392.09,53.552,76.92
768.18,391.67,53.632,77.035
760.2,390.52,53.709,77.145
753.28,389.52,54.034,77.612
747.14,388.5,53.953,77.496
740.73,387.78,54.019,77.591
735.47,386.35,53.975,77.527
730.96,386.07,54.126,77.745
726.3,384.59,54.222,77.882
719.23,383.17,54.212,77.869
708.89,381.77,54.227,77.89
697.45,379.66,54.327,78.033
686.64,378.56,54.498,78.279
675.1,377.18,54.432,78.185
665.28,375.71,54.323,78.028
655.68,374.35,54.186,77.831
644.75,372.42,54.135,77.758
632.46,370.55,54.321,78.025
621.21,368.72,54.47,78.238
610.66,365.22,54.164,77.799
603.44,363.82,53.516,76.869
601.05,365.45,53.631,77.034
599.72,364.41,53.675,77.097
595.95,364.15,54.042,77.624
591.43,364.69,54.484,78.258
589.06,363.75,54.683,78.545
594.06,363.08,54.768,78.666
610.22,362.75,54.769,78.669
594.52,363.68,54.876,78.822
600.31,362.91,54.731,78.614
600.14,361.53,54.366,78.09
597.87,360.63,54.267,77.946
594.39,359.51,54.04,77.621
587.78,358.57,54.111,77.723
580.23,355.4,54.221,77.881
571.52,353.18,54.241,77.909
563.4,352,54.127,77.746
555.19,350.36,54.016,77.586
547.61,350.63,53.966,77.515
539.19,350.21,53.793,77.267
528.88,349.47,53.702,77.135
518.01,348.36,53.573,76.951
508.2,346.6,53.509,76.858
496.33,344.23,53.584,76.966
483.74,343.45,53.434,76.75
470.4,343.19,53.558,76.929
458.5,343.72,53.173,76.375
447.74,343.26,53.26,76.501
439.95,342.45,52.998,76.124
432.84,341.09,52.873,75.945
426.35,339.99,52.852,75.914
421.43,339.05,52.688,75.68
419.44,338.5,52.67,75.653
418.65,337.49,52.539,75.465
417.24,336.72,52.365,75.215
416.99,335.94,52.345,75.187
416.02,335.11,52.26,75.064
415.23,334.03,52.081,74.807
414.67,333.53,51.998,74.688
414.81,332.34,52.159,74.919
414.56,331.82,52.157,74.916
412.86,331.07,52.477,75.375
415.01,333.82,52.754,75.774
417.44,335.79,53.036,76.18
419.51,336.99,53.349,76.628
420.88,337.01,53.838,77.33
424.57,337.08,53.786,77.256
428.89,338.23,53.568,76.943
432.6,340.01,53.427,76.74
438.78,340.73,53.149,76.342
445.7,340.55,52.712,75.713
453.34,340.9,52.513,75.428
460.36,340.82,52.538,75.464
466.49,341.04,52.649,75.623
470.39,342.32,52.758,75.78
474.77,342.32,52.999,76.126
481.83,341.23,53.021,76.157
486.74,341.51,53.142,76.331
488.23,342.13,52.78,75.811
489.81,343.31,52.404,75.271
490.91,344.02,51.965,74.641
491.35,343.53,51.658,74.2
493.62,342.39,51.383,73.804
492.81,341.6,50.929,73.152
490.7,340.22,50.577,72.647
489.46,338.58,50.542,72.597
486.62,336.69,50.73,72.866
484.45,336.07,50.526,72.574
480.7,335.35,50.388,72.375
477.97,335.67,50.405,72.4
476.02,336.37,50.43,72.436
472.77,336.96,50.606,72.688
469.61,337.35,50.638,72.734
466.7,338.4,50.528,72.577
463.08,338.68,50.226,72.142
459.76,339.75,50.245,72.17
456.5,340.59,50.366,72.344
454.22,340.79,50.424,72.428
451.5,340.75,50.625,72.717
448.7,340.94,50.925,73.147
444.39,340.17,51.025,73.291
440.06,341.24,50.998,73.252
435.85,340.58,51.177,73.509
433.04,343.1,51.411,73.845
433.83,343.65,51.773,74.364
432.79,341.92,51.717,74.284
429.32,339.71,51.729,74.302
425.09,339.32,52.073,74.796
421.8,338.11,52.383,75.241
415.88,336.12,52.53,75.452
411.85,334.71,52.763,75.787
407.41,333.43,52.827,75.878
403.03,331.32,53.006,76.135
397.96,330.23,53.049,76.197
393.02,330.56,52.89,75.969
388.03,330.76,52.752,75.772
380.74,330.04,52.451,75.339
373.32,331.23,52.189,74.962
367.58,332.91,51.917,74.572
362.14,333.92,51.809,74.416
356.32,335.32,51.689,74.244
351.64,338.09,51.385,73.808
347.42,339.38,51.428,73.869
345.77,340.09,51.424,73.864
345.19,339.63,51.406,73.837
343.67,339.38,51.465,73.923
343.99,338.42,51.339,73.741
345.63,337.3,51.04,73.312
368.86,330.35,50.442,72.453
367.44,330.42,50.044,71.881
367.37,332.37,49.977,71.785
369.02,334.36,49.878,71.643
372.81,336.16,49.946,71.74
363.35,332.08,49.91,71.69
377.84,338.27,50.042,71.879
363.65,331.6,50.365,72.342
364.57,332.38,50.528,72.576
366.6,332.19,50.551,72.609
368.23,333.77,50.564,72.629
369.63,333.47,50.783,72.943
369.1,334.82,50.727,72.863
368.34,334.86,50.785,72.945
368.48,335.84,50.98,73.225
368.85,336.53,51.132,73.444
368.71,337.49,51.141,73.457
366.39,337.95,51.22,73.57
363.19,339.07,50.894,73.102
362.14,338.19,50.536,72.588
363.22,334.85,49.917,71.699
367.01,334.47,49.25,70.741
370.69,334.94,48.82,70.124
372.6,335.96,48.686,69.931
376.09,335.69,48.267,69.329
380.8,332.85,47.707,68.524
333.59,331.59,47.814,68.679
329.72,329.37,48.048,69.015
324.78,328.43,48.333,69.424
321.87,326.89,48.727,69.989
319.07,326.28,49.266,70.764
316.13,326.79,49.526,71.138
311.73,326.36,49.728,71.427
307.87,325.55,50.143,72.024
305.9,325.24,50.473,72.498
304.1,325.88,50.577,72.648
302.45,326.49,50.984,73.231
302.31,328.13,51.066,73.349
302.73,328.9,51.36,73.772
303.4,329.99,51.36,73.771
305.28,330.11,51.357,73.767
306.33,331.33,51.389,73.813
312.73,330.09,51.263,73.632
315.68,329.33,51.016,73.278
321.63,330.52,50.917,73.135
327.19,329.37,50.647,72.748
332.29,329.36,50.544,72.599
316.23,331.86,50.558,72.619
322.14,332,50.442,72.453
327.81,332.4,50.29,72.235
332.87,332.66,50.244,72.168
338.69,332.81,49.984,71.796
344.13,334.04,49.8,71.531
348.3,333.92,49.83,71.575
353.1,335.59,49.722,71.419
357.4,335.85,49.728,71.428
360.32,337.36,49.684,71.364
362.34,337.37,49.843,71.592
364.36,338.56,49.938,71.729
365.61,338.8,50.072,71.922
367.46,339.34,50.144,72.025
367.82,339.56,50.144,72.024
368.57,339.65,50.274,72.212
368.27,338.66,50.501,72.537
370.45,338.41,50.923,73.144
371.82,337.42,51.271,73.644
374.13,337.74,51.527,74.011
378.02,337.36,51.595,74.109
382.62,336.52,51.673,74.222
385.41,337.12,51.706,74.269
391.14,338.23,51.767,74.356
394.94,338.29,51.952,74.621
398.55,338.81,52.004,74.697
401.83,338.8,52.09,74.82
404.91,338.71,52.307,75.132
