463.5,16.5,76,46
462.92,14.619,74.954,45.367
460.9,12.846,74.932,45.353
459.9,12.328,75.439,45.66
458.12,11.224,76.938,46.568
457.04,9.6307,76.328,46.199
456.06,9.8856,75.302,45.578
454.58,8.7043,74.07,44.832
453.05,7.8742,74.542,45.117
451.54,7.1133,73.561,44.524
449.59,6.1386,73.174,44.29
449.03,6.632,72.311,43.767
448.45,5.6454,71.047,43.002
447.08,4.7678,71.158,43.069
446.22,5.0804,71.304,43.157
444.5,3.0524,70.823,42.866
442.8,2.7146,71.061,43.011
442.44,2.9566,69.651,42.157
441.73,1.7418,68.61,41.527
440.05,2.068,69.174,41.868
439.99,1.389,67.885,41.088
468.37,-0.36174,67.93,41.115
504.18,0.073826,66.86,40.468
508.73,-1.7599,67.193,40.669
506.75,-2.7825,67.669,40.958
505.01,-3.5992,68.773,41.625
504.76,-4.1058,68.185,41.27
503.98,-3.7282,67.555,40.889
502.73,-4.0593,66.869,40.473
501.13,-4.8168,66.249,40.098
499.93,-4.7922,65.74,39.79
498.82,-5.7617,64.849,39.251
496.6,-6.6207,65.001,39.343
495.45,-6.2307,64.533,39.059
493.57,9.3994,63.288,38.306
492.41,43.386,63.156,38.226
490.45,42.472,63.932,38.696
487.86,40.332,64.425,38.994
485.98,40.193,64.554,39.072
484.25,39.623,64.333,38.938
481.62,38.365,64.433,38.999
479.1,38.324,63.701,38.556
476.68,37.053,63.232,38.272
474.09,36.248,62.762,37.988
471.79,35.747,62.147,37.615
468.46,34.139,61.956,37.499
465.76,48.78,62.166,37.627
462.61,91.002,61.7,37.345
459.41,97.895,61.309,37.108
457.29,97.818,61.687,37.337
452.42,94.901,61.553,37.256
450.01,95.06,61.376,37.149
447.75,93.882,60.671,36.722
445.42,93.65,60.208,36.441
442.98,93.39,59.574,36.058
440.01,92.388,59.089,35.764
437.52,92.193,58.251,35.257
435.21,91.116,57.842,35.009
432.62,90.316,56.926,34.455
431.24,90.223,56.212,34.023
428.91,89.822,56.037,33.917
426.42,88.59,55.824,33.788
424.13,88.439,55.624,33.667
421.37,87.089,55.189,33.404
419.09,86.779,55.142,33.375
417.25,86.829,54.779,33.156
415.33,85.717,54.034,32.705
413.48,85.536,53.471,32.364
411.34,85.1,53.186,32.191
409.72,83.851,52.86,31.994
408.25,84.184,52.654,31.87
406.25,83.213,52.316,31.665
404.31,82.627,52.124,31.549
402.53,82.75,51.909,31.419
400.01,80.991,51.581,31.22
398.52,80.847,51.702,31.294
396.39,80.64,51.025,30.883
394.72,79.608,50.693,30.683
392.43,79.582,50.079,30.311
390.09,78.082,49.899,30.202
388.9,78.398,49.645,30.049
387.59,78.068,49.262,29.817
385.81,76.992,48.906,29.601
384.28,77.265,48.444,29.322
383.05,76.509,47.959,29.028
381.71,76.16,47.752,28.902
379.99,76.43,47.481,28.739
377.7,74.271,47.39,28.684
376.62,75.036,47.039,28.471
374.97,74.632,46.539,28.168
373.34,73.742,46.322,28.037
371.81,74.239,46.424,28.099
370.38,72.787,46.012,27.849
369.22,72.704,45.845,27.748
368.22,72.909,45.414,27.488
366.31,71.597,45.371,27.461
364.91,72.085,45.359,27.454
363.38,71.923,45.233,27.378
361.7,70.705,44.843,27.142
360.34,71.256,44.641,27.02
358.66,70.037,44.394,26.87
357.5,69.848,44.248,26.781
356,70.037,44.186,26.744
354.67,68.761,44.078,26.679
353.83,69.018,43.897,26.569
352.69,68.534,43.498,26.328
351.91,68.371,43.195,26.144
350.52,68.276,43.135,26.108
349.06,67.481,42.834,25.926
347.98,67.405,42.595,25.781
346.65,67.495,42.646,25.812
345.75,66.199,42.441,25.688
344.83,66.611,42.352,25.634
343.63,66.042,41.984,25.412
342.74,65.385,41.914,25.369
341.9,65.957,41.753,25.272
340.85,65.272,41.601,25.179
339.96,64.626,41.378,25.044
338.78,64.455,40.811,24.701
337.86,64.05,40.695,24.631
337.45,65.182,40.653,24.606
335.43,63.759,40.57,24.555
334.85,63.478,40.547,24.541
334.16,63.763,40.393,24.449
332.37,62.216,40.207,24.336
331.67,63.255,40.051,24.242
330.69,62.079,39.624,23.983
330.04,62.135,39.553,23.94
329.47,62.886,39.478,23.895
328.51,61.666,39.479,23.895
327.61,61.763,39.3,23.787
326.86,61.086,38.853,23.516
325.67,60.201,38.517,23.313
324.23,60.834,38.269,23.163
323.98,60.52,37.979,22.987
322.61,59.356,37.849,22.909
322.36,59.866,37.675,22.803
321.57,59.343,37.506,22.701
320.65,58.761,37.407,22.641
319.77,59.221,37.032,22.414
319.23,58.269,36.879,22.321
318.58,58.39,36.68,22.201
317.31,57.796,36.438,22.055
316.93,57.849,36.257,21.945
316.14,57.906,36.08,21.838
314.82,56.944,35.935,21.75
314.5,56.841,35.784,21.659
314.46,57.499,35.638,21.57
313.84,56.53,35.38,21.414
312.72,56.266,35.083,21.235
312.93,56.558,34.779,21.05
311.54,55.316,34.687,20.995
310.94,55.286,34.557,20.916
310.92,55.359,34.338,20.784
311.18,54.231,34.138,20.663
309.68,54.607,34.046,20.607
308.75,54.179,33.985,20.57
308.74,54.767,33.797,20.456
307.78,55.178,33.7,20.397
307.43,53.936,33.648,20.366
306.82,54.106,33.517,20.287
306.73,54.332,33.402,20.217
306.41,54.279,33.364,20.194
306.21,54.652,33.366,20.195
305.63,54.193,33.312,20.163
305.61,53.703,33.325,20.171
305.35,55.041,33.299,20.154
304.41,53.561,33.23,20.113
304.34,53.804,33.159,20.07
304.17,54.103,33.093,20.03
303.16,52.818,33.042,19.999
302.94,52.654,33.134,20.055
303.04,53.207,33.162,20.072
302.14,51.482,33.245,20.122
302.77,53.113,33.218,20.106
301.29,51.78,33.235,20.116
301.37,51.99,33.144,20.061
301.75,53.362,33.111,20.041
300.59,51.323,33.085,20.025
300.73,51.661,33.052,20.005
300.44,51.852,33.07,20.016
300.06,50.647,33.113,20.042
299.49,51.18,33.133,20.054
300.03,52.007,33.065,20.013
298.95,50.403,33.099,20.033
299.55,52.496,32.978,19.961
298.79,50.274,32.832,19.872
299,50.999,32.853,19.885
299.8,52.369,32.892,19.909
299.71,50.392,32.952,19.945
299.62,50.962,32.864,19.891
300.15,50.629,32.888,19.906
300.01,50.369,32.873,19.897
300.21,50.531,32.706,19.796
301.84,50.415,32.669,19.773
302.38,51.097,32.641,19.756
303.26,50.618,32.493,19.667
302.58,50.871,32.47,19.653
304.54,50.792,32.398,19.609
304.52,49.974,32.397,19.609
305.79,49.594,32.408,19.615
307.42,49.549,32.385,19.601
307.13,49.074,32.429,19.628
309.7,49.807,32.526,19.687
309.58,49.665,32.614,19.74
314.95,49.685,32.526,19.687
314.07,49.927,32.639,19.755
311.02,55.169,32.651,19.762
309.16,50.772,32.549,19.701
314.17,45.717,32.546,19.699
314.27,50.73,32.465,19.65
318.71,50.756,32.333,19.57
320.72,49.353,32.223,19.503
337.83,46.205,32.232,19.509
338.26,47.842,32.274,19.534
340.01,46.395,32.319,19.562
340.52,46.746,32.373,19.594
342.15,46.344,32.512,19.678
343.76,47.327,32.558,19.706
344.14,46.631,32.589,19.725
345.27,46.768,32.576,19.717
346.81,47.015,32.602,19.733
347.66,46.345,32.707,19.796
348.64,47.616,32.853,19.885
349.21,46.071,32.853,19.885
350.98,45.666,32.907,19.917
352.31,46.193,32.863,19.891
354.22,45.828,32.836,19.874
356.03,46.089,32.823,19.867
357.55,45.547,32.879,19.901
359.81,46.072,32.947,19.942
361.55,47.234,32.868,19.894
