62.5,345.5,45,87
64.229,345.76,44.984,86.969
69.742,346.02,44.699,86.418
75.905,346.74,44.063,85.188
81.385,346.84,44.209,85.47
86.633,346.17,44.215,85.482
92.978,345.93,44.213,85.479
99.716,346.57,44.339,85.721
105.06,347.52,44.245,85.541
109.71,348.25,44.113,85.286
113.37,348.63,44.16,85.376
117.59,349.74,44.013,85.092
123.08,351.12,43.698,84.483
129.32,351.31,43.696,84.48
137.95,352.88,43.657,84.403
146.53,352.73,43.938,84.946
155.59,353.66,43.55,84.196
165.61,354.15,43.245,83.607
177.08,355.18,43.099,83.326
187.81,356.32,43.052,83.234
194.67,357.76,42.975,83.085
202.35,357.93,43.021,83.175
210.67,358.57,42.839,82.821
219.48,360.42,42.791,82.729
226.47,362.24,42.778,82.704
232.22,363.89,42.713,82.578
237.55,365.11,42.514,82.193
243.49,365.14,42.45,82.07
249.67,366.06,42.264,81.711
258.17,366.52,41.861,80.931
267.31,367.25,41.853,80.916
275.66,368.85,42.237,81.659
283.74,369.85,42.289,81.758
290.1,371.43,42.319,81.817
295.49,373.05,42.95,83.037
299.19,373.07,43.358,83.826
299.83,372.84,43.854,84.784
298.15,373.43,43.99,85.047
293.83,372.85,44.02,85.105
289.08,371.91,44.129,85.316
284.43,370.7,44.106,85.271
272.5,369.16,43.747,84.578
276.66,368.45,44.031,85.127
272.82,368.33,43.88,84.835
268.54,368.07,44.003,85.073
264.54,368.07,44.236,85.522
262.87,368.61,44.504,86.04
262.01,368.72,44.44,85.917
260.78,369.43,44.565,86.16
261.49,369.41,44.591,86.209
259.32,369.08,44.955,86.914
257.05,368.08,44.898,86.802
255.67,367.27,44.772,86.559
256.38,366.06,44.788,86.59
258.67,365.51,44.877,86.762
259.31,365.28,45.206,87.399
261,365.74,45.522,88.01
263.03,366.29,45.521,88.007
264.26,366.09,45.563,88.089
265.17,365.91,45.749,88.449
266.54,365.54,46.034,88.998
267.43,365.79,46.182,89.286
269.79,366.2,46.37,89.648
273.14,365.84,46.375,89.658
276.5,365.58,46.485,89.872
278.1,365.43,46.654,90.197
280.13,365.22,46.361,89.631
281.5,365.46,46.163,89.248
283.31,365.08,46.211,89.341
284.74,365.25,46.21,89.339
286.36,365.35,46.165,89.253
288.61,365.58,46.2,89.32
291.81,365.41,45.987,88.908
294.97,365.46,46.098,89.123
298.56,365.63,46.065,89.059
300.96,365.68,46.406,89.719
304.58,364.91,46.603,90.099
307.37,364.84,46.85,90.577
310.06,364.2,47.134,91.125
314.21,364.39,47.229,91.309
320.19,363.9,47.222,91.295
324.03,363.36,47.348,91.539
328.13,362.23,47.253,91.356
331.81,363.04,47.331,91.506
335.03,362.81,47.323,91.49
338.78,363.61,47.246,91.343
343.45,364.89,46.908,90.69
347.73,365.84,46.637,90.164
351.6,366.43,46.541,89.979
356.09,366.33,46.375,89.658
358.98,366.27,46.295,89.504
360.91,365.45,46.123,89.171
363.06,365.01,46.219,89.357
366.14,364.85,46.063,89.054
368.23,364.94,46.492,89.885
371.45,365.75,46.591,90.077
375.56,365.77,46.729,90.343
378.63,365.9,46.849,90.574
384.45,367.04,47.014,90.894
389.36,367.61,47.257,91.363
394.8,369.39,47.401,91.641
398.67,369.76,47.443,91.723
400.63,370.19,47.523,91.877
402.65,368.77,47.146,91.148
404.66,367.21,47.111,91.081
409,366.67,46.809,90.497
411.41,367.39,46.842,90.56
413.54,368.44,46.946,90.762
411.69,369.69,47.018,90.902
410,369.65,47.246,91.342
409.73,369.83,47.564,91.957
411.75,370.23,47.557,91.943
414.9,370.73,47.787,92.389
418.21,370.62,47.967,92.737
418.33,369.68,47.979,92.76
419.91,369.87,48.081,92.956
423.83,369.49,48.198,93.182
424.18,368.57,48.288,93.357
426.11,367.7,48.405,93.583
429.47,369.01,48.817,94.38
432.25,369.53,49.164,95.051
433.24,370.12,49.485,95.671
433.49,371.22,49.807,96.294
434.22,372.19,50.005,96.675
434.25,373.71,50.299,97.245
435.83,373.65,50.007,96.68
440.42,373.89,49.706,96.098
444.66,373.52,49.25,95.216
446.79,372.38,48.983,94.7
449.31,371.79,48.741,94.232
455.03,371.54,48.895,94.531
460.11,371.08,48.457,93.683
464.24,373.21,48.327,93.433
468.08,373.7,48.178,93.145
498.99,372.75,48.801,94.348
502.59,373.74,48.833,94.41
485.16,374.28,48.929,94.596
488.67,372.99,49.18,95.081
526.24,379.37,49.189,95.099
530.9,378.69,48.861,94.465
535.75,379.21,48.474,93.716
537.61,379.16,48.364,93.503
538.08,378.8,48.385,93.545
539.03,378.62,48.234,93.253
541.72,377.82,47.948,92.7
544.2,377.71,47.557,91.944
545.53,377.37,47.306,91.458
549.78,377.94,47.199,91.251
553.06,378.72,47.24,91.33
556.63,378.89,47.025,90.916
559.4,380.15,46.584,90.063
562.59,380.67,46.503,89.905
565.37,381.17,46.472,89.847
568.13,382.25,46.309,89.53
570.12,382.13,46.528,89.954
573.85,382.24,46.476,89.853
575.85,382.48,46.47,89.842
581.77,382.39,46.489,89.879
586.28,382.21,46.504,89.907
589.94,382.46,46.499,89.897
558.67,379.55,46.584,90.062
562.61,380.03,46.52,89.939
566.3,380.68,46.51,89.92
570.86,380.64,46.659,90.207
575.46,380.31,46.743,90.37
579.39,380.41,47.053,90.97
584.57,380.41,47.211,91.274
587.61,379.75,47.328,91.501
589.36,379.79,47.241,91.333
590.78,379.79,47.143,91.142
592.69,380.36,47.193,91.24
593.97,380.67,47.157,91.171
597.27,380.95,47.347,91.538
600.74,381.1,47.162,91.181
602.64,381.28,47.159,91.174
605.22,381.33,47.079,91.019
608,381.18,47.124,91.107
611.22,381.36,47.235,91.321
613.36,381.9,47.306,91.458
615.64,381.89,46.872,90.62
615.58,381.5,46.936,90.742
616.83,381.13,46.882,90.639
619.03,380.88,46.871,90.617
621.14,381.21,46.77,90.423
625.71,382.37,46.646,90.183
628.03,382.53,46.582,90.059
631.65,382.95,46.673,90.234
634.29,382.73,46.719,90.324
637.67,382.89,46.877,90.63
640.27,382.95,46.878,90.63
642.34,382.96,46.832,90.542
644.93,383.07,46.777,90.435
646.83,383.21,46.752,90.387
648.05,383.13,46.546,89.988
650.43,383.53,46.408,89.723
652.12,384.11,46.417,89.74
655.38,384.43,46.546,89.989
657.92,384.62,46.605,90.103
659.81,385.39,46.583,90.061
662.5,385.37,46.745,90.375
667.65,385.32,46.819,90.517
672.33,385.99,46.88,90.635
674.28,385.86,47.039,90.942
675.05,386.17,47.156,91.168
677.83,385.87,47.034,90.933
681.31,385.37,46.893,90.661
687.15,384.99,46.752,90.388
693.97,385.91,46.506,89.911
697.17,386.86,46.487,89.875
699.79,386.99,46.37,89.648
701.31,387.2,46.435,89.775
701.74,387.36,46.354,89.618
703.33,388.12,46.355,89.619
706.22,388.91,46.375,89.659
710.13,389.59,46.548,89.994
711.75,389.8,46.571,90.036
713.51,390.46,46.744,90.371
714.88,390.19,46.869,90.613
715.09,389.11,46.891,90.655
715.42,388.61,46.949,90.769
715.76,388.21,46.793,90.467
718.74,388.97,46.891,90.656
720.53,388.91,46.892,90.659
721.76,388.86,47.015,90.896
722.99,388.29,47.129,91.117
725.58,388.76,47.082,91.026
728.42,388.99,47.412,91.664
730.78,390.4,47.64,92.105
732.96,390.97,47.852,92.514
735.31,391.19,48.088,92.969
738.1,392.17,47.914,92.634
740.06,391.52,47.989,92.78
739.62,391.11,47.984,92.77
736.86,389.73,48.098,92.989
730.9,389.26,48.101,92.996
724.33,388.45,48.144,93.078
719.48,386.24,48.227,93.239
718.96,385.09,48.44,93.651
719.32,385.32,48.444,93.658
719.16,385.37,48.328,93.434
717.5,385.17,48.191,93.169
718.63,385.76,47.982,92.765
721.37,385.8,47.813,92.439
724.36,385.99,47.699,92.218
724.12,384.21,47.633,92.091
726.24,382.65,47.389,91.62
729.24,382.15,47.051,90.965
729.94,381.42,46.914,90.701
729.36,380.43,46.89,90.654
729.86,380.41,46.832,90.542
732.54,381.03,46.773,90.428
734.73,380.83,46.792,90.465
735.96,381.49,46.777,90.436
735.41,382.09,46.788,90.458
737.82,382.88,46.871,90.617
742.31,382.76,47.053,90.968
745.5,382.95,47.047,90.958
731.79,381.25,46.693,90.272
735.15,382.22,46.18,89.282
738.95,382.79,46.111,89.149
742.77,383.32,46.301,89.514
746.81,383.73,46.244,89.405
749.14,384.51,46.243,89.404
751.34,384.71,46.518,89.935
751.13,385.4,46.682,90.253
749.76,385.78,46.658,90.206
756.95,386.38,46.627,90.145
763.58,386.86,46.635,90.162
768.36,387.41,46.457,89.816
771.58,387.75,46.21,89.339
774.78,387.29,46.141,89.207
778.19,387.28,45.954,88.844
780.77,387.89,45.904,88.747
783.71,387.88,45.675,88.306
784.65,387.93,45.41,87.793
785.95,388.39,45.369,87.713
786.71,388.99,45.194,87.374
787.62,389.66,44.985,86.97
788.3,390.09,44.887,86.781
791.44,391.74,44.921,86.848
795.79,395.89,45.171,87.33
798.52,398.01,44.969,86.94
798,399.7,45.211,87.408
797.06,400.07,45.483,87.933
795.52,400.18,45.724,88.399
795.83,399.95,45.79,88.528
800.91,399.41,46.105,89.136
807.64,398.97,46.299,89.512
813.27,398.24,46.4,89.707
816.32,397.03,46.439,89.783
816.98,396.51,46.15,89.223
818.67,396.11,45.984,88.902
821.14,395.7,45.258,87.498
824.33,396.8,45.226,87.438
827.39,397.75,45.341,87.66
827.94,398.1,45.466,87.902
872.58,407.69,45.889,88.719
875.33,407.3,46.306,89.524
880.45,407.05,46.522,89.943
885.91,406.79,46.709,90.303
892.11,406.54,47.058,90.98
896.87,405.87,47.413,91.666
902.77,405.37,47.524,91.88
909.55,405.7,47.873,92.555
