101.5,197.5,32,92
102.46,199.46,31.81,91.454
105.17,200.01,31.717,91.186
106.98,199.75,31.909,91.738
108.93,200.98,32.074,92.213
110.77,202.4,32.183,92.526
114.31,203.49,32.194,92.558
117.75,203.84,32.169,92.485
120.91,203.14,32.394,93.132
124.3,205.73,32.26,92.749
127.59,206.86,32.329,92.947
129.65,206.68,32.279,92.801
132.7,207.02,32.446,93.284
135.66,208.63,32.511,93.47
139.78,210.3,32.944,94.713
144.98,210.42,33.043,94.999
149.79,210.09,32.876,94.518
153.59,209.73,32.872,94.508
156.94,211.7,33.113,95.201
160.13,212.09,33.211,95.482
163.62,212.58,33.411,96.057
167.4,212.45,33.643,96.723
170.47,213.55,34.182,98.273
174.2,215.6,34.242,98.447
181.53,216.11,34.105,98.052
186.9,215.83,34.221,98.386
190.95,215.12,34.501,99.189
195.62,216.78,34.438,99.008
200.47,218.21,34.406,98.918
205.3,218.64,34.381,98.845
209.4,218.6,34.587,99.437
214.09,220.64,34.708,99.786
218.36,222.65,35.068,100.82
225.1,223.25,35.674,102.56
230.33,222.96,35.729,102.72
236.83,222.21,35.369,101.69
241.25,222.91,35.454,101.93
246.71,225.47,35.326,101.56
253.73,226.56,35.529,102.15
258.01,226.21,35.519,102.12
263.8,226.22,35.673,102.56
268.87,228.46,35.692,102.62
274.32,230,36.17,103.99
282.19,230.87,36.374,104.57
288.58,230.68,36.551,105.08
293.88,229.2,36.712,105.55
299.3,231.48,36.699,105.51
304.89,233.05,36.912,106.12
310.84,233.24,37.045,106.5
315.54,232.97,37.387,107.49
321.19,234.3,37.721,108.45
327.73,237.73,37.838,108.78
336.12,238.39,37.836,108.78
344.46,237.87,38.055,109.41
350.71,236.68,38.148,109.67
357.39,237.27,38.213,109.86
364.08,239.4,38.346,110.25
370.81,237.41,38.109,109.56
378.47,230.67,37.636,108.2
384.43,228.62,37.455,107.68
389.89,262.82,37.901,108.96
407.65,244.42,37.871,108.88
414.92,243.41,38.118,109.59
421.04,241.31,38.417,110.45
429.33,241.67,38.544,110.81
439.08,246.17,38.836,111.65
449.74,245.86,39.121,112.47
447.47,246.12,39.201,112.7
421.22,246.18,39.314,113.03
395.47,248.07,39.288,112.95
371.08,250.57,39.343,113.11
343.77,249.85,39.416,113.32
319.83,248.48,39.464,113.46
294.44,246.03,39.521,113.62
305.51,247.88,39.38,113.22
316.7,248.47,39.394,113.26
327.1,247.47,39.267,112.89
335.54,246.89,39.312,113.02
344.14,248.45,39.342,113.11
353.64,249.72,39.266,112.89
362.36,250.38,39.243,112.82
372.71,248.7,39.23,112.79
382.76,246.3,39.065,112.31
392.06,248.44,38.894,111.82
403.16,248.45,38.751,111.41
417.24,249.84,38.53,110.78
419.83,209.1,38.642,111.1
409.77,204.94,38.525,110.76
447.45,251.14,38.481,110.63
456.67,250.79,38.328,110.19
468.83,247.52,38.474,110.61
477.37,245.9,38.812,111.58
483.38,246.26,38.972,112.04
493.46,247.83,39.178,112.64
469.93,246.86,38.981,112.07
444.81,246.09,39.128,112.49
408.1,246.08,39.116,112.46
383.17,247.13,39.053,112.28
356.08,247.58,39.11,112.44
332.42,245.79,39.34,113.1
343.88,243.58,39.365,113.17
350.18,244.86,39.326,113.06
362.42,246.21,39.264,112.88
372.14,243.73,39.273,112.91
378.65,241.81,39.33,113.07
385.53,242.17,39.234,112.8
392.62,242.84,39.137,112.52
401.89,243.08,39.136,112.52
409.82,240.85,39.117,112.46
417,238.42,39.285,112.95
424.03,238.78,39.344,113.12
431.24,238.94,39.313,113.03
441.28,236.31,39.48,113.5
447.57,233.71,39.362,113.17
452.82,233.27,39.367,113.18
458.39,234.33,39.275,112.92
465,234.26,38.977,112.06
471.39,232.53,38.813,111.59
476.83,231.85,38.687,111.23
482.13,232.03,38.564,110.87
489.34,233.12,38.502,110.69
481.06,231.83,38.338,110.22
455.01,229.19,38.006,109.27
428.63,228.02,38.103,109.55
401.52,228.85,38.029,109.33
372.19,230.27,37.994,109.23
361.7,196.86,37.889,108.93
345.55,232.45,37.943,109.09
359.98,217.73,37.667,108.29
375.48,236.46,37.616,108.15
379.48,236.24,37.508,107.83
386.5,233.72,37.762,108.56
395.1,232.25,37.997,109.24
405.67,232.63,37.976,109.18
411.62,233.26,38.059,109.42
421.33,232.72,38.227,109.9
430.18,230.53,38.263,110.01
438.04,229.4,38.288,110.08
445.1,229.95,38.269,110.02
454.26,231.57,38.231,109.91
465.01,230.78,37.939,109.07
475.85,229.02,37.682,108.34
485,229.75,37.811,108.71
492.87,230.28,37.737,108.49
502.77,230.65,37.721,108.45
513.65,229.49,37.545,107.94
522.21,227.13,37.442,107.64
530.98,228.9,37.618,108.15
545.37,230.39,37.29,107.21
551.57,229.69,37.124,106.73
560.78,228.12,37.232,107.04
529,228.06,37.374,107.45
503.68,230.27,37.207,106.97
480.84,230.69,37.106,106.68
455.99,229.81,37.146,106.79
428.52,218.57,37.098,106.66
418.62,219.33,36.993,106.36
430.51,221.76,36.527,105.01
441.34,221.66,36.001,103.5
454.86,220.53,36.151,103.93
463.04,221.34,36.283,104.31
472.02,221.72,36.197,104.07
479.72,222.5,36.273,104.28
490.33,221.34,36.463,104.83
497.44,218.84,36.551,105.09
505.09,218.74,36.784,105.75
485.19,220.72,36.649,105.37
461.93,220.88,36.702,105.52
439.2,219.91,36.577,105.16
411.53,218.97,36.169,103.99
373.93,220.57,35.928,103.29
348.5,222.22,35.967,103.41
322.71,221.94,35.695,102.62
310.78,217.03,35.398,101.77
318.96,216.74,35.365,101.68
325.45,217.9,35.383,101.73
334.64,218.36,35.278,101.42
343.48,217.72,35.222,101.26
349.09,215.38,35.028,100.7
356.7,215.4,35.088,100.88
363.15,216.19,34.933,100.43
370.58,216.37,34.705,99.778
378.11,215.03,34.831,100.14
385.78,213.09,35.069,100.82
391.56,212.19,34.995,100.61
398.21,211.99,34.777,99.984
407.45,210.01,34.702,99.767
411.64,206.56,34.712,99.797
415.41,204.12,34.692,99.739
420.09,203.9,34.747,99.898
424.34,204.81,34.711,99.793
428.61,204,34.694,99.746
432.92,202.12,34.751,99.91
435.3,200.33,34.654,99.629
438.84,199.44,34.686,99.723
442.68,200.05,34.662,99.654
448.17,199.54,34.52,99.244
452.89,198.21,34.468,99.096
456.05,195.63,34.328,98.694
459.58,195.07,34.258,98.493
462.75,195.97,34.244,98.451
466.2,195.43,34.024,97.818
470.2,192.7,33.902,97.469
472.25,190.18,33.803,97.184
475.87,190.23,33.778,97.113
480.07,191.22,33.796,97.164
485.27,190.52,33.722,96.95
487.94,189.31,33.587,96.562
492.09,187.06,33.402,96.032
496.54,186.7,33.235,95.55
501.01,187.49,33.194,95.431
496.99,188.19,33.131,95.251
465.97,185.95,32.907,94.607
435.27,182.57,32.646,93.858
405.45,182.61,32.57,93.638
375.77,184.58,32.383,93.1
346.69,183.55,32.202,92.581
317.89,181.29,32.15,92.43
312.92,186.15,32.325,92.934
316.73,186.2,32.466,93.341
324.04,187.6,32.477,93.372
332.08,186.74,32.592,93.702
338.41,183.99,32.677,93.945
343,182.12,32.651,93.872
349.31,182.24,32.718,94.064
356.23,183.46,32.667,93.917
364.02,183.03,32.652,93.875
371.75,181.51,32.827,94.376
381,180.73,32.971,94.793
388.23,181.12,33.125,95.233
394.37,181.36,33.156,95.323
403.79,181.12,33.176,95.381
411.52,179.44,33.352,95.886
417.27,177.46,33.266,95.64
424.55,178.14,33.253,95.603
431.57,179.41,33.281,95.684
439.7,178.98,33.321,95.798
446.85,178.16,33.328,95.819
451.61,177.21,33.33,95.824
451.99,177.38,33.421,96.085
408.73,179.55,33.073,95.084
384.85,176.8,33.132,95.254
349.69,179.05,33.216,95.496
318.08,177.22,33.27,95.65
280.8,179.72,33.115,95.207
258.91,169.66,33.155,95.321
264.54,169.86,33.101,95.166
271.87,169.82,33.07,95.075
281.37,170.41,33.041,94.994
288.91,171.52,32.97,94.788
298.6,171.17,32.913,94.624
307.29,169.17,32.929,94.67
314.29,168.52,32.898,94.583
320.5,169.17,32.985,94.832
328.77,169.34,33.035,94.977
336.72,168.04,32.989,94.842
343.8,167.82,32.881,94.533
350.56,167.92,32.984,94.829
359.54,168.82,33.005,94.889
367.42,169.73,32.919,94.642
375.72,168.3,33.02,94.933
382.47,166.93,32.95,94.73
388.77,165.8,32.872,94.506
394.9,167.1,33.033,94.971
404.93,168.2,33.154,95.318
411.92,166.23,33.149,95.302
418.73,165.53,33.094,95.145
425.01,164.44,33.218,95.502
432.03,165.43,33.211,95.482
437.02,165.87,33.281,95.683
446.33,165.93,33.356,95.9
454.74,164.83,33.264,95.635
462.25,163.95,33.125,95.235
470.93,164.03,33.221,95.511
480.31,166.11,33.344,95.865
488.06,163.8,33.551,96.46
499.1,161.47,33.65,96.745
505.89,160.28,33.785,97.132
515.91,161.03,33.797,97.166
523.91,163.13,33.759,97.056
536.81,161.72,33.497,96.304
541.85,160,33.149,95.304
562.17,190.5,33.081,95.107
587.47,163.34,33.058,95.043
562.37,210.82,32.982,94.822
545.03,216.74,32.808,94.323
535.29,211.01,32.601,93.727
531.42,212.1,32.454,93.304
540.91,209.18,32.543,93.561
531.02,208.67,32.544,93.565
529.42,210.21,32.562,93.616
529.26,210.97,32.613,93.762
528.97,210.55,32.533,93.531
505.19,235.26,32.496,93.427
505.96,231.77,32.365,93.049
504.45,239.79,32.318,92.914
476.57,232.81,32.445,93.278
476.69,232.56,32.308,92.885
457.24,230.08,32.339,92.975
455.89,229.84,32.47,93.351
456.25,229.79,32.755,94.17
432.96,232.03,32.932,94.681
457.39,227.78,33.046,95.006
456.02,229.37,33.238,95.558
455.96,229.74,33.417,96.074
455.34,230.06,33.531,96.403
455.43,229.28,33.573,96.523
455.39,228.47,33.452,96.175
440.12,228.9,33.428,96.107
418.63,212.45,33.296,95.726
439.39,210.57,33.183,95.401
416.04,153.11,33.08,95.104
387.25,151.76,32.996,94.863
360.1,152.45,32.862,94.478
334.63,152.3,32.798,94.294
300.11,155.93,32.702,94.017
309.57,154.04,32.8,94.301
317.18,154.18,32.831,94.388
323.52,154.67,32.919,94.641
334.03,154.24,33.003,94.883
343.81,153.8,33.106,95.18
350.56,150.67,33.07,95.075
356.04,150.65,33.167,95.355
367.31,152.22,33.336,95.841
375.52,151.17,33.602,96.606
383.24,150.14,33.639,96.711
389.54,148.87,33.72,96.945
396.85,147.79,33.706,96.906
403.53,148.96,33.67,96.801
412.65,151.79,33.584,96.555
412.97,152.61,33.374,95.95
418.07,162.09,33.206,95.467
410.13,152.26,33.195,95.437
400.61,147.97,33.219,95.505
414.44,152.2,33.121,95.222
401.41,174.06,32.657,93.888
401.85,174.51,32.347,92.997
401.92,175.89,32.071,92.204
401.66,176.09,31.946,91.845
410.55,153.25,31.998,91.995
408.66,129.91,32.032,92.093
422.49,99.925,32.071,92.205
386.98,100.44,32.085,92.246
349.35,100.91,32.096,92.277
318,100.57,32.279,92.801
280.53,100.45,32.311,92.895
253.96,99.082,32.381,93.096
247.32,99.85,32.402,93.155
233.12,76.535,32.415,93.192
248.94,98.708,32.578,93.663
247.46,99.661,32.568,93.632
247.75,99.784,32.533,93.532
248.09,99.946,32.539,93.549
248.01,99.833,32.561,93.612
247.17,99.848,32.443,93.274
247.78,99.937,32.431,93.24
247.7,100.13,32.436,93.253
247.34,100.16,32.452,93.299
249.11,99.845,32.39,93.12
247.47,100.39,32.288,92.829
247.14,100.68,32.135,92.387
248.23,100.26,32.106,92.306
247.96,100.04,32.167,92.48
247.25,100.68,32.114,92.327
247.45,100.74,32.087,92.25
225.78,99.494,32.212,92.61
188.72,100.25,32.232,92.666
154.18,100.8,32.115,92.331
141.41,104.67,32.294,92.846
142.47,104.73,32.435,93.249
141.78,103.29,32.459,93.321
142.28,103.57,32.643,93.848
141.74,103.84,32.627,93.804
141.64,103.72,32.561,93.612
141.9,103.78,32.519,93.491
141.27,103.82,32.466,93.34
140.8,104.3,32.429,93.234
103.62,104.66,32.457,93.314
69.514,105.22,32.442,93.271
32.528,105.97,32.401,93.152
-2.7988,106.67,32.207,92.594
-7.0262,110.96,32.008,92.023
-5.4142,115.43,31.6,90.85
-8.6028,137.95,31.429,90.358
-5.1761,128.41,31.313,90.025
-6.308,124.39,31.031,89.214
-5.7171,127.61,30.816,88.596
-4.9979,130.56,30.802,88.556
-4.9604,128.89,30.627,88.054
-5.4767,130.52,30.629,88.058
-5.9605,126.39,30.419,87.455
-4.9348,129.73,30.293,87.092
-5.1834,123.76,30.03,86.337
-4.9904,122.87,29.766,85.578
-5.078,130.58,29.69,85.36
-4.9679,132.47,29.704,85.398
-5.1561,131.94,29.677,85.322
-4.7662,131.53,29.708,85.409
-4.8097,130.34,29.64,85.215
-5.3433,129.22,29.608,85.122
-5.4338,130.85,29.659,85.27
-4.7416,130.99,29.762,85.567
-5.2791,130.19,29.765,85.574
-5.1574,129.92,29.71,85.415
-5.1379,130.76,29.717,85.435
-5.0771,129.94,29.672,85.306
-4.7893,130.47,29.662,85.279
-5.1995,129.31,29.589,85.069
-5.7641,130.43,29.696,85.376
-4.8927,130.79,29.647,85.235
-5.3076,130.28,29.644,85.227
-5.162,130.91,29.702,85.393
-5.0851,130.61,29.641,85.218
-4.9959,130.43,29.65,85.243
-5.3519,130.05,29.646,85.233
-5.1871,130.3,29.686,85.348
-5.7989,132.33,29.242,84.07
-5.4793,146.75,29.059,83.546
-5.7536,141.47,28.856,82.962
-6.2027,175.24,28.736,82.616
-5.8553,180.95,28.763,82.693
-6.0072,181.75,28.767,82.704
-5.2872,188.74,28.622,82.289
-5.5322,198.66,28.572,82.144
-6.3985,200.19,28.76,82.684
-7.0334,198.38,28.598,82.22
-6.0905,199.66,28.69,82.484
-6.5838,200.19,28.707,82.533
-5.1594,202.02,28.631,82.314
-5.6951,204.18,28.565,82.125
-5.7762,200.44,28.585,82.182
-5.7207,200.62,28.441,81.769
-6.5624,200.4,28.431,81.739
-6.6643,202.11,28.276,81.293
-7.0617,199.53,28.112,80.821
-5.4685,200.2,28.058,80.666
-6.2804,201.29,28.121,80.849
-6.4165,201.01,28.115,80.829
-6.2953,201.66,28.155,80.945
-6.3717,200.07,28.033,80.595
-6.1178,200.75,28.124,80.858
-6.3136,200.25,28.108,80.811
-6.1954,201.98,28.14,80.901
-6.7579,200.21,28.031,80.589
-6.2709,200.73,28.074,80.713
-6.4482,200.5,28.082,80.735
-6.0573,201.68,28.197,81.067
-5.5892,201.24,28.155,80.947
-6.0353,201.42,28.207,81.095
-6.3591,200.92,28.243,81.2
-6.5673,200.64,28.058,80.667
-6.506,200.87,28.134,80.885
-5.8537,201,28.225,81.146
-6.223,200.9,28.151,80.933
-6.0119,201.54,28.194,81.059
-6.2234,200.82,28.148,80.924
-6.5063,201.14,28.25,81.218
-6.7151,200.42,28.161,80.962
-6.0351,201.02,28.154,80.943
-6.1555,201.64,28.3,81.363
-7.3526,200.18,28.1,80.789
-6.2545,200.32,28.111,80.818
-6.3129,200.26,27.928,80.293
-5.8872,200.84,27.94,80.326
-5.7497,200.95,28.054,80.654
-5.9373,200.51,28.032,80.591
-6.0216,200.26,28.071,80.705
-6.0509,200.37,27.864,80.109
-5.8562,208.95,27.765,79.824
-6.4724,199.91,27.71,79.667
-6.1054,193.53,27.553,79.214
-3.6517,195.67,27.515,79.104
-5.6243,214.96,27.418,78.826
-6.6846,215.8,27.295,78.473
-4.5749,218.6,27.241,78.317
-7.4782,204.74,27.358,78.655
-6.8076,205.27,27.432,78.867
-3.2785,224.83,27.414,78.816
-3.6847,224.48,27.403,78.784
-3.8596,223.83,27.473,78.985
-4.315,222.36,27.432,78.867
-4.0937,224.32,27.371,78.691
-3.8442,225.4,27.433,78.87
-3.4566,224.6,27.416,78.82
-4.4343,222.92,27.416,78.82
-3.6003,225.14,27.439,78.888
-4.6424,224.01,27.407,78.795
-3.976,224.48,27.463,78.956
-3.9703,224.62,27.49,79.035
-4.507,224.13,27.485,79.02
-4.3986,223.22,27.485,79.021
-4.1045,224.46,27.477,78.997
-4.031,223.03,27.45,78.919
-4.6335,225.23,27.4,78.776
-4.3299,224.3,27.43,78.862
-4.6532,224.42,27.346,78.62
-3.6941,224.27,27.241,78.319
-4.3575,224.17,27.175,78.129
-4.298,224.24,27.161,78.089
-4.7192,224.46,27.134,78.011
-5.1844,220.39,27.054,77.781
-4.5196,209.86,26.931,77.426
-3.2161,200.87,26.888,77.303
-1.7835,180.23,26.975,77.552
-6.0181,179.09,26.847,77.185
-2.9059,189.74,26.562,76.365
-4.3304,155.98,26.766,76.952
-4.9923,142.92,26.686,76.722
-4.5626,113.4,26.97,77.54
-3.9679,113.14,27.172,78.12
-3.5448,112.96,27.293,78.468
-3.4882,112.72,27.371,78.69
-3.9549,113.19,27.464,78.959
-3.8281,112.7,27.541,79.182
-3.9214,112.77,27.564,79.248
-3.2104,112.31,27.716,79.684
-3.8316,112.02,27.692,79.613
-3.311,111.92,27.755,79.796
-3.932,111.95,27.785,79.882
-3.2437,111.98,27.821,79.985
-4.5945,112.53,27.69,79.61
