211.5,279.5,54,83
201.23,277.38,53.923,82.881
192.06,278.19,53.797,82.688
182.2,277.73,54.303,83.465
173.61,278.47,54.36,83.553
164.79,279.26,53.941,82.91
156.11,279.85,53.809,82.707
146.33,279.83,53.805,82.701
134.54,280.47,53.766,82.641
125.55,280.88,54.039,83.06
119.81,281.78,53.691,82.525
111.61,282.71,53.522,82.265
103.74,283.8,53.117,81.643
95.818,284.39,53.55,82.309
88.322,285.34,53.251,81.849
81.63,286.76,53.08,81.586
75.352,287.08,53.01,81.479
70.078,288.43,53.302,81.927
62.576,289.27,53.402,82.08
56.854,289.63,53.475,82.193
53.839,289.52,53.895,82.839
50.854,288.25,53.548,82.305
48.415,289.8,53.009,81.476
48.29,291.21,52.268,80.337
48.147,292.24,51.709,79.478
49.68,293.26,51.229,78.741
52.232,294.83,50.865,78.181
54.7,296.7,50.863,78.178
57.868,299.68,50.789,78.065
62.962,301.55,51.053,78.47
64.862,302.1,51.111,78.559
67.182,301.76,51.327,78.892
69.032,301.13,51.688,79.446
69.794,300.1,51.955,79.857
70.519,299.55,52.487,80.675
69.91,297.16,52.107,80.09
91.782,304.98,52.414,80.562
98.509,306.12,51.985,79.903
104.03,307.16,52.137,80.137
114.02,311.26,52.653,80.93
121.81,311.19,53.514,82.253
146.73,320.97,53.397,82.073
157.02,320.07,52.989,81.446
168.76,318.78,53.066,81.564
175.06,318,53.661,82.478
186.26,316.88,54.189,83.291
194.06,317.74,54.062,83.096
205.26,315.79,53.773,82.651
211.93,314.78,53.962,82.942
218.04,314.11,53.445,82.147
224.22,311.67,53.45,82.155
229.88,310.25,53.247,81.843
236.19,309.36,52.889,81.292
239.87,308.75,52.972,81.419
242.54,308.57,52.958,81.399
244.76,308.29,52.751,81.081
247.01,309.12,52.577,80.812
238.22,302.38,52.714,81.024
228.72,302.42,52.503,80.7
232.32,302.79,52.303,80.392
233.86,300.94,52.334,80.439
235.98,299.54,52.471,80.65
239.76,297.11,52.601,80.85
240.17,297.2,52.679,80.969
242.19,294.5,52.769,81.107
243.08,293.9,53.088,81.598
243.22,292.33,53.238,81.828
242.78,292.07,53.688,82.52
241.94,290.74,54.005,83.007
241.96,289.97,54.307,83.472
240.31,287.63,54.452,83.695
239.53,284.67,54.589,83.906
238.05,284.24,54.87,84.337
236.88,283.14,54.96,84.476
235.18,282.34,55.224,84.881
233.68,281.72,55.317,85.025
232.55,280.45,55.233,84.895
232.14,279.55,55.022,84.571
231.62,278.59,54.867,84.333
230.97,277.53,54.584,83.897
230.39,278.12,54.488,83.751
229.81,277.09,54.421,83.647
230.78,276.17,54.03,83.046
230.03,276.05,54.18,83.276
229.81,274.54,53.956,82.932
231.16,274.92,53.876,82.81
232.09,273.45,53.589,82.369
233.05,273.64,53.267,81.873
234.16,272.84,53.133,81.667
235.14,271.62,52.968,81.414
236.44,270.91,52.732,81.051
237.27,270.66,52.65,80.925
238.31,269.22,52.6,80.849
238.59,268.32,52.898,81.307
239.09,267.46,52.824,81.193
238.49,266.96,52.681,80.973
238.51,265.97,52.457,80.628
237.91,265.77,52.6,80.848
236.88,265.12,52.78,81.124
235.76,263.55,52.581,80.819
232.94,262.54,52.679,80.969
229.97,261.45,52.618,80.877
227.15,261.17,52.535,80.748
225.49,260.86,52.443,80.607
222.2,260.25,52.059,80.017
218.93,259.77,51.57,79.265
213.44,258.49,51.231,78.744
209.38,258.04,50.708,77.94
205.24,257.85,50.404,77.473
200.34,257.44,50.205,77.167
195.93,257.1,49.837,76.601
191.01,256.48,49.872,76.656
185.94,256.27,50.109,77.019
181.08,256.16,50.347,77.385
177.5,255.95,50.489,77.603
173.37,255.48,50.781,78.053
168.46,255.6,51.024,78.426
162.07,254.61,51.115,78.565
157.34,253.32,51.256,78.783
152.03,253.11,51.215,78.72
147.33,252.73,51.252,78.776
142.07,252.47,51.081,78.513
135.78,252.13,50.997,78.385
129.77,251.88,50.843,78.148
121.66,251.43,50.798,78.079
117.89,251.38,50.575,77.735
111.7,251.18,50.612,77.793
105.7,251,50.389,77.449
99.791,250.31,50.504,77.627
92.65,250.31,50.613,77.794
86.988,250.5,50.558,77.709
81.151,250.28,50.452,77.547
73.809,250.32,50.062,76.948
68.456,249.87,49.854,76.628
62.864,250.15,49.368,75.88
57.757,250.24,49.164,75.568
53.477,250.2,49.041,75.378
47.89,249.76,49.072,75.425
43.567,249.78,49.004,75.32
39.055,249.91,48.904,75.167
34.692,249.56,48.918,75.189
30.582,249.38,49.156,75.555
24.355,249.43,49.57,76.19
16.37,246.61,49.567,76.186
13.452,244.12,49.208,75.635
26.758,244.34,49.098,75.465
40.464,245.37,48.949,75.237
55.492,245.26,48.944,75.228
73.684,243.62,48.69,74.838
91.363,244.48,48.551,74.625
109.44,243.41,48.437,74.45
127.41,242.95,48.263,74.182
145.64,243.7,48.273,74.197
162.87,244.28,48.522,74.581
180.3,248.83,48.529,74.591
180.44,248.44,48.498,74.544
180.93,248.14,48.418,74.42
179.9,249.16,48.417,74.419
179.77,249.73,48.419,74.421
180.43,249.5,48.399,74.391
179.87,249.28,48.156,74.018
179.38,249.23,48.047,73.849
180.39,249.89,48.155,74.016
180.25,249.83,48.189,74.068
180.85,249.58,48.198,74.082
180.97,249.16,48.3,74.239
181.24,249.38,48.415,74.415
181.74,248.72,48.405,74.401
182.11,248.97,48.501,74.549
181.28,249,48.618,74.728
181.76,248.92,48.699,74.853
182.31,249.6,48.504,74.553
181.64,248.67,48.738,74.913
182.65,249.42,48.633,74.751
182.28,248.96,48.761,74.948
181.66,249.08,48.746,74.925
181.83,249.21,48.623,74.735
182.11,249.23,48.571,74.655
182.21,249.23,48.598,74.697
182.05,249.42,48.55,74.623
182.23,249.32,48.464,74.491
182.23,249.58,48.38,74.362
182.21,249.5,48.335,74.292
182.38,249.91,48.432,74.442
181.97,249.32,48.58,74.668
182.1,249.05,48.703,74.858
182.32,249.52,48.681,74.825
182.28,249.57,48.709,74.868
181.96,249.04,48.754,74.936
182,249.33,48.774,74.968
181.71,249.23,48.895,75.153
181.79,248.75,49.051,75.394
182.06,249.2,48.819,75.036
181.61,249.14,48.773,74.966
181.59,249.07,48.819,75.037
181.47,249.33,48.673,74.812
182.02,249.26,48.788,74.989
181.91,249.19,48.723,74.889
181.79,249.17,48.747,74.925
181.84,249.13,48.788,74.988
181.62,249.15,48.767,74.957
181.63,249.26,48.793,74.996
181.47,249.16,48.806,75.016
181.49,249.13,48.68,74.823
181.84,249.25,48.736,74.909
181.49,249.25,48.744,74.921
181.34,248.92,48.896,75.154
181.61,249.25,48.605,74.708
181.59,249.17,48.674,74.814
181.82,249.41,48.754,74.937
181.56,249.18,48.791,74.994
181.7,249.26,48.822,75.041
181.86,249.29,48.584,74.675
181.68,248.74,49.115,75.491
181.95,249.13,48.826,75.048
181.95,249.12,48.73,74.9
181.88,249.28,48.742,74.918
181.98,249.21,48.744,74.921
181.81,249.22,48.754,74.937
181.65,249.19,48.78,74.977
181.69,249.15,48.818,75.035
181.78,249.16,48.675,74.815
182.26,249.4,48.717,74.879
181.9,249.22,48.754,74.937
182.12,249.23,48.726,74.894
181.8,249.22,48.698,74.851
182.13,249.36,48.72,74.885
181.89,249.27,48.688,74.836
182.25,249.49,48.646,74.771
182.02,249.07,48.756,74.939
181.85,249.18,48.755,74.938
181.96,249.2,48.728,74.896
182.17,249.18,48.742,74.919
182,249.11,48.724,74.891
181.95,249.16,48.775,74.969
182.05,249.07,48.806,75.017
182.14,249.24,48.648,74.773
182.24,249.06,48.755,74.938
182.15,249.18,48.762,74.948
182.03,249.18,48.752,74.934
181.91,249.21,48.832,75.057
182.22,249.29,48.671,74.809
182.32,249.45,48.765,74.954
181.64,249.15,48.903,75.166
181.96,249.08,48.742,74.919
181.85,249.2,48.804,75.013
181.9,249.36,48.645,74.769
181.98,249.17,48.738,74.912
181.63,249.02,48.891,75.148
181.72,248.61,49.276,75.739
181.7,248.23,49.579,76.205
181.35,248.21,49.518,76.111
181.68,248.41,49.413,75.949
182.24,249.12,48.873,75.119
181.7,248.33,49.275,75.738
181.57,248.39,49.54,76.145
181.66,248.36,49.464,76.027
181.76,248.42,49.292,75.764
181.57,248.56,49.337,75.833
181.95,248.94,48.939,75.221
182.25,249.02,48.789,74.99
182.23,249.12,48.813,75.028
181.97,248.63,49.129,75.514
181.71,248.38,49.474,76.043
181.76,248.52,49.389,75.912
181.8,248.39,49.522,76.118
181.65,248.45,49.375,75.892
181.73,248.8,49.083,75.442
181.66,248.43,49.45,76.006
181.56,248.4,49.557,76.172
181.81,248.36,49.524,76.121
181.86,248.55,49.328,75.82
181.89,248.83,49.046,75.386
182.21,249.23,48.897,75.156
182.16,249.08,48.728,74.896
182.2,249.11,48.743,74.92
181.79,248.5,49.351,75.855
181.52,248.23,49.578,76.204
181.42,248.19,49.571,76.192
181.57,248.43,49.506,76.092
181.52,248.49,49.453,76.012
181.49,248.4,49.518,76.111
181.46,248.31,49.423,75.965
181.99,249.01,48.966,75.263
181.62,248.49,49.282,75.748
181.58,248.32,49.413,75.95
182,249.05,48.922,75.196
181.83,248.58,49.186,75.6
181.59,248.52,49.266,75.723
181.39,248.24,49.472,76.041
181.58,248.3,49.398,75.927
182.01,249,48.902,75.165
181.74,248.57,49.263,75.719
181.5,248.39,49.448,76.003
181.3,248.17,49.631,76.285
181.31,248.26,49.576,76.2
181.32,248.26,49.506,76.092
181.76,248.24,49.436,75.985
181.62,248.29,49.475,76.044
181.63,248.36,49.389,75.913
181.64,248.42,49.467,76.033
181.75,248.56,49.336,75.831
181.81,248.47,49.396,75.924
182.09,248.95,49.022,75.348
181.77,248.49,49.289,75.759
181.78,248.36,49.363,75.873
181.61,248.43,49.421,75.962
181.98,248.98,49.031,75.363
182.03,249.04,48.925,75.2
181.89,248.58,49.171,75.578
181.85,248.52,49.389,75.913
181.58,248.41,49.475,76.045
181.47,248.39,49.471,76.038
181.59,248.3,49.546,76.154
181.62,248.32,49.541,76.146
182.01,249.08,48.788,74.989
182.1,249.14,48.726,74.893
181.97,249.29,48.624,74.736
182.16,249.29,48.559,74.638
182.34,249.49,48.373,74.351
182.22,249.57,48.387,74.372
182.18,249.62,48.326,74.279
182.54,249.93,48.3,74.24
182.74,250.13,48.237,74.142
182.29,249.64,48.219,74.115
182.4,249.87,48.155,74.015
181.73,248.79,49.043,75.381
182.25,249.53,48.623,74.735
182.28,249.28,48.609,74.715
182,249.2,48.611,74.717
182,249.3,48.578,74.666
181.91,249.28,48.543,74.612
181.99,249.31,48.556,74.632
182,248.62,49.13,75.514
181.6,248.36,49.379,75.898
181.39,248.36,49.552,76.163
181.44,248.21,49.565,76.184
181.22,248.27,49.576,76.2
181.13,248.32,49.588,76.219
180.9,248.18,49.668,76.341
181.13,248.27,49.713,76.411
181.77,248.97,48.932,75.211
182.33,249.37,48.543,74.613
182.61,249.35,48.444,74.46
183.07,249.84,48.372,74.349
183.01,249.83,48.369,74.345
182.76,249.7,48.303,74.244
183,250.12,48.247,74.158
182.57,249.79,48.232,74.135
182.32,249.79,48.288,74.221
182.61,250.05,48.215,74.107
182.32,249.89,48.271,74.194
182.29,249.78,48.284,74.214
182.6,250.2,48.272,74.196
182.21,249.94,48.299,74.238
182.25,250.13,48.376,74.356
182.03,249.9,48.413,74.412
182.19,249.84,48.431,74.44
182.18,249.7,48.486,74.525
181.8,249.42,48.491,74.533
181.86,249.35,48.569,74.652
181.98,249.59,48.589,74.684
181.98,249.52,48.652,74.78
182.12,249.64,48.685,74.83
182.03,249.75,48.694,74.844
181.93,249.71,48.725,74.893
181.75,249.37,48.776,74.97
181.67,249.25,48.776,74.971
181.66,249.23,48.786,74.987
181.86,249.27,48.774,74.968
181.66,249.26,48.825,75.045
181.94,249.44,48.58,74.669
181.75,249.29,48.62,74.731
181.71,249.21,48.699,74.852
182.17,249.55,48.67,74.808
181.95,249.42,48.758,74.942
181.77,249.31,48.74,74.915
181.63,249.44,48.717,74.88
181.58,249.36,48.758,74.943
181.62,249.39,48.745,74.923
181.72,249.38,48.759,74.945
181.79,249.27,48.763,74.951
181.73,249.29,48.806,75.017
181.91,249.42,48.593,74.69
182,249.36,48.641,74.763
182.02,249.32,48.701,74.855
182.13,249.58,48.71,74.869
181.88,249.47,48.732,74.902
181.93,249.45,48.729,74.898
182.06,249.55,48.694,74.844
182.36,249.75,48.647,74.772
181.97,249.37,48.676,74.817
182.16,249.68,48.755,74.938
181.88,249.46,48.797,75.003
181.71,249.43,48.695,74.846
182.11,249.7,48.653,74.781
182.07,249.65,48.705,74.861
182.12,249.63,48.668,74.805
182.19,249.57,48.688,74.835
182.22,249.62,48.627,74.741
181.87,249.25,48.693,74.843
182.25,249.61,48.655,74.784
182.22,249.56,48.7,74.854
182.31,249.54,48.666,74.801
182.43,249.46,48.73,74.899
181.83,249.15,48.75,74.931
182.01,249.22,48.704,74.86
182.24,249.53,48.655,74.785
182.35,249.46,48.744,74.922
182.06,249.22,48.703,74.858
182.15,249.48,48.727,74.895
181.87,249.21,48.714,74.875
181.92,249.27,48.657,74.787
182.37,249.42,48.721,74.885
182,249.23,48.739,74.914
182.05,249.11,48.706,74.863
182.38,249.46,48.68,74.823
182.25,249.47,48.673,74.812
182.25,249.43,48.723,74.888
182.08,249.2,48.776,74.97
181.88,249.19,48.769,74.96
181.84,249.12,48.818,75.035
181.92,249.26,48.686,74.832
182.33,249.43,48.698,74.851
182.23,249.42,48.738,74.913
181.92,249.24,48.755,74.938
181.87,249.24,48.749,74.929
182.03,249.09,48.758,74.942
182.03,249.17,48.796,75.002
182.07,249.23,48.709,74.867
181.91,249.25,48.772,74.964
181.91,249.09,48.807,75.019
181.91,249.28,48.707,74.865
182.23,249.44,48.738,74.913
182,249.13,48.762,74.948
181.97,249.22,48.728,74.897
181.96,249.18,48.706,74.864
182.32,249.44,48.698,74.85
182.3,249.55,48.613,74.721
182.08,249.07,48.708,74.867
182.04,249.18,48.693,74.842
182.27,249.45,48.667,74.804
182.27,249.49,48.669,74.807
182.27,249.39,48.726,74.893
182.01,249.11,48.744,74.921
182.05,249.16,48.766,74.955
181.94,249.14,48.806,75.016
182.07,249.3,48.668,74.804
182.38,249.38,48.741,74.916
182.02,249.18,48.736,74.909
181.89,249.28,48.729,74.899
182.01,249.21,48.71,74.869
182.02,249.19,48.729,74.899
182.05,249.23,48.74,74.916
181.96,249.32,48.729,74.898
181.86,249.19,48.739,74.914
181.96,249.18,48.757,74.941
182.1,249.22,48.769,74.959
182.05,249.12,48.784,74.983
182.06,249.15,48.815,75.031
182.03,249.25,48.683,74.828
182.36,249.48,48.714,74.875
182.1,249.19,48.739,74.913
182.02,249.14,48.747,74.926
181.92,249.15,48.807,75.019
182,249.44,48.577,74.664
182.1,249.31,48.669,74.806
182.27,249.44,48.785,74.984
181.82,249.16,48.818,75.035
182,249.27,48.729,74.899
181.88,249.16,48.779,74.975
181.96,249.2,48.801,75.01
181.9,249.21,48.717,74.88
181.92,249.23,48.743,74.92
181.95,249.29,48.735,74.907
181.99,249.28,48.754,74.937
181.94,249.26,48.738,74.912
181.69,249.23,48.789,74.991
181.77,249.15,48.757,74.941
181.7,248.83,49.001,75.316
181.65,249.22,48.755,74.939
181.59,249.2,48.799,75.006
181.86,249.29,48.652,74.781
182.03,249.51,48.75,74.931
181.95,249.18,48.766,74.954
182.11,249.37,48.696,74.848
182.2,249.65,48.704,74.86
182.28,249.8,48.618,74.728
182.15,249.32,48.53,74.592
182,249.23,48.678,74.82
182.15,249.39,48.729,74.899
181.91,249.12,48.769,74.96
181.72,249.23,48.852,75.087
181.7,249.19,48.612,74.719
182.1,249.3,48.702,74.857
182.32,249.57,48.706,74.863
182.11,249.65,48.758,74.943
181.93,249.24,48.874,75.122
181.41,248.57,49.353,75.858
181.8,249.07,48.954,75.244
181.8,249.18,48.81,75.023
181.87,249.4,48.669,74.806
182.05,249.53,48.776,74.971
181.91,249.21,48.798,75.004
181.95,249.35,48.687,74.834
182.25,249.53,48.664,74.798
182.2,249.47,48.739,74.914
181.89,249.18,48.741,74.916
181.75,249.26,48.759,74.944
181.87,249.18,48.797,75.002
181.84,249.28,48.714,74.875
181.85,249.24,48.725,74.893
181.67,249.19,48.778,74.973
181.77,249.23,48.77,74.962
181.74,249.15,48.828,75.05
181.87,249.33,48.636,74.755
181.7,249.14,48.758,74.943
181.73,249.25,48.757,74.941
181.62,249.21,48.807,75.018
181.74,249.37,48.641,74.764
181.71,249.18,48.78,74.977
181.61,249.22,48.826,75.047
181.65,249.3,48.675,74.816
181.86,249.45,48.756,74.94
181.65,249.26,48.789,74.99
181.72,249.21,48.798,75.004
181.66,249.28,48.725,74.893
181.58,249.26,48.715,74.876
181.51,249.23,48.705,74.861
181.83,249.47,48.747,74.926
181.7,249.36,48.769,74.959
181.67,249.17,48.838,75.066
181.03,248.65,49.212,75.641
181.04,248.45,49.282,75.748
181.56,249.16,48.847,75.079
181.21,248.77,49.01,75.331
181.56,249.13,48.82,75.038
181.49,249.2,48.723,74.889
181.53,249.26,48.736,74.909
181.56,249.24,48.767,74.957
181.49,249.15,48.845,75.076
181.49,249.08,48.692,74.842
181.95,249.55,48.694,74.845
182.08,249.55,48.76,74.945
181.79,249.31,48.773,74.966
181.76,249.24,48.858,75.096
181.36,248.76,49.019,75.344
181.52,249.07,48.836,75.063
181.68,249.28,48.689,74.838
182.13,249.43,48.718,74.881
181.81,249.24,48.724,74.89
181.84,249.23,48.754,74.936
181.89,249.28,48.738,74.911
181.76,249.23,48.747,74.927
181.93,249.26,48.714,74.875
181.85,249.18,48.685,74.83
182.5,249.44,48.676,74.817
182.24,249.4,48.734,74.906
181.83,249.28,48.765,74.953
181.82,249.26,48.74,74.915
181.79,249.14,48.753,74.935
181.94,249.08,48.783,74.982
181.9,249.09,48.798,75.005
181.88,249.15,48.677,74.819
182.18,249.31,48.776,74.97
181.82,249.16,48.799,75.006
181.79,249.3,48.743,74.92
181.86,249.07,48.854,75.09
181.55,248.67,49.169,75.574
181.83,249.18,48.847,75.08
181.72,249.11,48.697,74.849
182.08,249.47,48.714,74.876
181.88,249.26,48.751,74.932
181.79,249.29,48.808,75.019
182,249.23,48.644,74.767
182.05,249.19,48.721,74.886
182.04,249.23,48.736,74.909
181.98,249.23,48.78,74.976
181.92,249.14,48.801,75.009
182.02,249.11,48.719,74.883
182.11,249.02,48.797,75.003
182.12,249.13,48.781,74.979
181.93,248.82,49.008,75.326
182.12,249.08,48.757,74.942
181.84,248.75,49.11,75.484
181.69,248.63,49.279,75.743
181.98,249.08,48.719,74.882
181.76,248.66,49.21,75.637
181.09,248.15,49.54,76.145
181.57,249,48.941,75.225
181.96,249.18,48.769,74.96
181.81,249.14,48.781,74.978
181.79,249.13,48.817,75.033
181.85,249.11,48.717,74.881
181.83,249.06,48.753,74.935
181.92,249.15,48.671,74.808
182.14,249.32,48.774,74.967
181.82,249.12,48.771,74.964
181.84,249.11,48.775,74.968
181.86,249.16,48.73,74.9
181.84,249.21,48.757,74.942
181.78,249.19,48.752,74.933
181.76,249.15,48.781,74.979
181.81,249.14,48.854,75.091
181.31,248.62,49.222,75.656
181.12,248.41,49.37,75.884
181.65,249.21,48.859,75.098
181.33,248.62,49.2,75.622
181.59,249.14,48.856,75.094
181.17,248.52,49.258,75.712
181.61,249.1,48.908,75.174
181.8,249.22,48.77,74.961
181.84,249.19,48.818,75.035
181.9,249.23,48.714,74.875
181.65,249.27,48.741,74.917
181.81,249.27,48.731,74.901
181.85,249.28,48.728,74.897
181.63,249.18,48.797,75.004
181.69,249.21,48.762,74.949
181.72,249.14,48.817,75.033
181.78,249.17,48.795,75
181.73,249.14,48.849,75.082
181.27,248.66,49.128,75.512
181.65,249.15,48.864,75.106
181.26,248.61,49.217,75.649
181.02,248.47,49.438,75.988
181.44,249.1,48.939,75.221
181.77,249.24,48.76,74.946
181.73,249.21,48.805,75.015
181.73,249.31,48.646,74.771
181.78,249.19,48.859,75.097
181.26,248.62,49.281,75.747
181.54,249.13,48.919,75.191
181.76,249.34,48.696,74.848
182.03,249.52,48.759,74.945
181.87,249.28,48.847,75.08
181.5,249.12,48.779,74.974
181.65,249.25,48.79,74.993
181.75,249.19,48.913,75.181
181.85,249.21,48.784,74.983
181.65,249.15,48.836,75.062
181.9,249.29,48.797,75.003
181.77,249.2,48.864,75.106
181.23,248.56,49.35,75.853
181.57,249.01,49.034,75.367
181.93,249.36,48.927,75.203
181.74,249.26,48.848,75.081
181.7,249.05,48.768,74.959
181.79,249.21,48.892,75.149
181.89,249.31,48.7,74.854
182.19,249.44,48.74,74.915
181.88,249.29,48.834,75.06
181.86,249.33,48.717,74.88
181.77,249.2,48.814,75.029
181.84,249.2,48.734,74.906
181.77,249.19,48.813,75.028
181.75,249.25,48.784,74.983
181.69,249.32,48.809,75.021
181.77,249.31,48.764,74.952
181.7,249.2,48.844,75.075
181.5,249.1,48.75,74.93
181.78,249.21,48.759,74.945
181.7,249.27,48.815,75.03
181.75,249.31,48.774,74.968
181.75,249.21,48.855,75.091
181.52,249.13,48.73,74.9
181.67,249.2,48.834,75.06
181.87,249.33,48.737,74.91
181.74,249.29,48.748,74.927
181.79,249.16,48.831,75.055
181.95,249.36,48.695,74.846
182.23,249.52,48.672,74.81
182.16,249.48,48.831,75.055
181.85,249.45,48.733,74.904
181.88,249.19,48.816,75.032
181.84,249.31,48.765,74.954
181.84,249.27,48.808,75.02
181.9,249.29,48.718,74.881
181.74,249.14,48.816,75.033
181.96,249.22,48.762,74.95
181.83,249.24,48.856,75.094
181.42,248.6,49.241,75.685
181.47,248.99,48.905,75.169
181.69,249.22,48.824,75.044
181.95,249.38,48.691,74.84
182.21,249.53,48.797,75.003
181.77,249.27,48.817,75.033
181.86,249.34,48.718,74.881
181.85,249.27,48.775,74.968
181.78,249.13,48.843,75.074
181.33,248.63,49.22,75.653
181.4,248.88,49.012,75.333
181.68,249.17,48.938,75.22
181.73,249.17,48.857,75.094
181.24,248.41,49.435,75.984
181.64,248.96,49.082,75.44
181.75,249.13,49.014,75.336
181.93,249.16,48.925,75.2
181.98,249.16,48.829,75.051
181.95,249.28,48.8,75.008
181.98,249.22,48.743,74.92
181.92,249.21,48.842,75.071
181.65,248.63,49.224,75.659
181.61,248.91,48.956,75.247
181.9,249.29,48.768,74.958
181.98,249.28,48.804,75.014
182.05,249.28,48.684,74.829
182.45,249.48,48.668,74.805
182.25,249.33,48.92,75.192
182.06,249.23,48.73,74.9
181.98,249.22,48.812,75.026
182.21,249.36,48.602,74.703
182.15,249.2,48.787,74.988
181.93,249.12,48.851,75.087
181.66,249.01,48.789,74.99
181.85,249.06,48.913,75.181
182.05,249.18,48.748,74.928
181.95,249.23,48.762,74.95
182.05,249.13,48.837,75.065
181.58,248.74,49.123,75.505
181.88,249.02,48.941,75.224
182.05,249.07,48.839,75.067
181.69,248.6,49.139,75.528
181.84,249.03,49.02,75.346
182.02,249.09,48.908,75.174
181.99,249.12,48.785,74.985
182.04,249.08,48.872,75.118
181.65,248.85,48.867,75.111
181.91,249.18,48.385,74.37
182.08,249.36,48.547,74.619
182.17,249.36,48.496,74.541
182.17,249.46,48.027,73.819
182.47,249.55,48.316,74.264
182.59,249.7,48.406,74.402
182.2,249.19,48.736,74.909
182.1,249.17,48.706,74.863
182.46,249.49,48.633,74.751
182.36,249.31,48.392,74.381
182.18,249.26,48.615,74.723
181.96,248.96,48.882,75.133
181.93,249.31,48.226,74.125
182.58,249.6,47.922,73.659
182.69,249.74,48.237,74.142
182.39,249.46,48.357,74.326
182.08,249.42,48.737,74.91
182.03,249.46,48.659,74.791
182.06,249.57,48.821,75.039
181.75,249.48,48.675,74.815
181.21,249.4,48.781,74.979
181.03,249.18,48.776,74.97
181.08,249.01,48.833,75.059
181.02,249.12,48.77,74.961
180.95,248.7,48.984,75.29
180.8,248.55,49.153,75.55
180.77,248.62,49.015,75.338
180.97,249.07,48.844,75.075
181.29,248.89,48.844,75.075
180.8,248.73,49.083,75.442
181.01,249.1,48.819,75.037
181.14,248.88,48.862,75.102
180.85,248.62,48.983,75.288
181.29,248.75,49.031,75.363
181.6,249.19,48.8,75.008
181.63,249.32,48.557,74.633
181.62,249.33,48.681,74.824
181.84,249.57,48.707,74.865
181.87,249.54,48.714,74.875
181.49,249.22,48.762,74.948
181.5,249.07,48.824,75.044
181.88,249.32,48.756,74.94
181.76,249.45,48.812,75.025
181.78,249.73,48.589,74.684
181.71,249.44,48.883,75.134
181.65,249.18,48.81,75.023
182.19,249.3,48.84,75.069
181.99,249.1,48.718,74.881
182.45,249.34,48.573,74.659
182.17,249.1,48.416,74.417
181.73,249.38,48.206,74.095
181.65,249.33,48.088,73.913
181.5,249.27,48.3,74.238
181.71,249.39,48.497,74.542
181.05,248.97,48.268,74.189
181.22,249.22,48.384,74.368
181.48,249.3,48.548,74.62
181.56,249.32,48.64,74.762
181.56,249.25,48.767,74.957
181.57,249.23,48.746,74.925
181.7,249.33,48.702,74.857
182.22,249.55,48.706,74.864
182.16,249.57,48.699,74.851
182.18,249.65,48.649,74.775
181.88,249.32,48.783,74.982
181.85,249.29,48.797,75.002
181.93,249.33,48.737,74.911
181.89,249.36,48.704,74.859
182.12,249.53,48.748,74.927
181.8,249.28,48.795,75
181.85,249.28,48.766,74.955
181.84,249.18,48.869,75.114
181.67,249.14,48.765,74.954
181.84,249.3,48.838,75.066
181.7,249.15,48.712,74.873
181.83,249.22,48.818,75.035
181.9,249.32,48.771,74.963
181.81,249.24,48.875,75.122
181.67,249.04,48.863,75.104
181.64,249.13,48.747,74.926
181.92,249.36,48.753,74.936
181.8,249.28,48.79,74.992
181.98,249.28,48.827,75.049
182.01,249.29,48.742,74.918
181.93,249.35,48.803,75.012
182,249.35,48.674,74.814
182.18,249.53,48.769,74.96
181.96,249.29,48.836,75.062
181.97,249.32,48.764,74.952
181.89,249.35,48.798,75.005
180.43,249.27,48.762,74.949
180.42,249.26,48.814,75.029
180.51,249.35,48.693,74.843
180.88,249.59,48.691,74.84
180.93,249.6,48.701,74.856
180.96,249.63,48.718,74.882
181.07,249.29,48.751,74.932
180.52,249.33,48.771,74.963
180.99,249.14,48.826,75.047
182.06,249.44,48.715,74.877
180.72,249.25,48.792,74.996
180.67,249.26,48.843,75.074
180.47,249.18,48.758,74.942
180.73,249.25,48.889,75.144
180.73,249.3,48.779,74.975
180.64,249.25,48.875,75.123
180.42,249.03,48.834,75.06
180.65,249.41,48.737,74.91
180.6,249.3,48.836,75.062
180.82,249.37,48.756,74.939
180.92,249.35,48.788,74.989
180.73,249.27,48.81,75.023
180.8,249.39,48.671,74.809
181.01,249.47,48.811,75.024
180.89,249.36,48.667,74.803
181.08,249.53,48.825,75.046
180.8,249.37,48.724,74.89
180.85,249.25,48.782,74.979
180.83,249.29,48.826,75.048
180.93,249.35,48.701,74.855
181.23,249.57,48.741,74.917
181.11,249.37,48.738,74.911
181.04,249.32,48.784,74.983
181.09,249.3,48.816,75.032
181.15,249.42,48.649,74.776
181.28,249.39,48.734,74.905
181.22,249.37,48.699,74.853
181.49,249.7,48.665,74.801
181.38,249.57,48.803,75.013
181.21,249.45,48.621,74.732
181.34,249.34,48.673,74.812
181.5,249.48,48.8,75.007
182.26,249.52,48.554,74.629
182.33,249.41,48.677,74.818
182.38,249.77,48.71,74.869
182.18,249.53,48.693,74.843
182.25,249.68,48.717,74.88
182.17,249.47,48.788,74.989
182.1,249.56,48.745,74.922
181.89,249.47,48.783,74.981
181.91,249.37,48.861,75.101
181.33,249.18,48.693,74.843
181.86,249.66,48.755,74.938
181.73,249.34,48.797,75.003
181.73,249.44,48.717,74.88
181.63,249.27,48.761,74.947
181.57,249.4,48.761,74.948
181.39,249.26,48.818,75.035
181.38,249.49,48.688,74.835
181.69,249.5,48.75,74.93
181.43,249.26,48.782,74.98
181.4,249.34,48.851,75.086
181.28,249.24,48.687,74.833
181.7,249.65,48.747,74.925
181.67,249.46,48.766,74.956
181.64,249.43,48.797,75.003
181.65,249.38,48.757,74.941
181.49,249.32,48.82,75.038
181.57,249.4,48.684,74.829
181.68,249.62,48.708,74.866
181.67,249.77,48.705,74.861
181.74,249.63,48.783,74.981
181.37,249.4,48.807,75.018
181.44,249.43,48.623,74.735
181.42,249.36,48.75,74.931
181.33,249.32,48.781,74.978
181.33,249.32,48.795,75
181.36,249.32,48.792,74.995
181.31,249.3,48.746,74.924
181.31,249.42,48.698,74.851
181.68,249.69,48.627,74.742
181.34,249.47,48.766,74.955
181.26,249.26,48.834,75.06
181.36,249.44,48.64,74.761
181.41,249.38,48.688,74.835
181.5,249.73,48.627,74.741
181.34,249.6,48.664,74.799
181.52,249.63,48.766,74.956
181.29,249.46,48.773,74.967
181.29,249.44,48.71,74.869
181.36,249.41,48.681,74.825
181.69,249.64,48.71,74.87
181.53,249.46,48.691,74.84
181.76,249.71,48.648,74.774
181.59,249.45,48.712,74.872
182.33,249.4,48.661,74.793
182.53,249.72,48.723,74.889
182.09,249.43,48.792,74.995
181.99,249.45,48.768,74.959
182.04,249.49,48.76,74.946
181.99,249.42,48.814,75.029
182.18,249.48,48.635,74.753
182.26,249.54,48.635,74.754
182.19,249.46,48.639,74.76
182.11,249.37,48.707,74.865
182.3,249.85,48.604,74.707
181.92,249.78,48.709,74.867
182,249.65,48.777,74.972
182.06,249.62,48.748,74.927
182.15,249.71,48.659,74.79
182.33,250.06,48.55,74.624
182.38,249.67,48.454,74.475
182.52,249.68,48.417,74.418
182.4,249.85,48.352,74.319
182.13,249.93,48.416,74.417
182.08,249.63,48.506,74.556
181.67,249.37,48.531,74.593
182.09,249.62,48.508,74.559
182.05,249.5,48.523,74.582
181.99,249.57,48.505,74.555
181.78,249.47,48.605,74.708
181.99,249.58,48.636,74.755
182.09,249.68,48.666,74.802
182.32,250.12,48.549,74.621
181.97,249.78,48.666,74.802
182.2,250,48.675,74.816
182.26,249.85,48.635,74.754
182.2,249.66,48.634,74.752
182.36,249.51,48.665,74.8
182.22,249.7,48.677,74.819
182.19,249.89,48.727,74.894
182.07,249.59,48.764,74.951
181.91,249.55,48.771,74.962
182.01,249.55,48.796,75.002
182.05,249.59,48.737,74.91
182.11,249.61,48.738,74.912
181.93,249.74,48.757,74.941
182.06,249.7,48.717,74.879
182.01,249.73,48.676,74.817
182.31,250.05,48.623,74.736
182.03,249.63,48.694,74.844
182.22,249.8,48.688,74.836
182.38,249.84,48.677,74.819
182.25,249.82,48.692,74.841
182.24,249.86,48.619,74.729
181.91,249.6,48.716,74.878
181.96,249.46,48.757,74.941
181.97,249.34,48.803,75.012
182.01,249.48,48.638,74.758
182.07,249.51,48.701,74.856
182.47,249.8,48.643,74.766
182.13,249.48,48.691,74.841
182.49,249.75,48.664,74.799
182.49,249.8,48.722,74.887
182.3,249.51,48.682,74.825
182.55,249.81,48.669,74.805
182.78,249.82,48.648,74.773
182.66,249.52,48.682,74.826
182.98,249.82,48.597,74.695
182.75,249.69,48.586,74.678
182.63,249.66,48.609,74.713
182.6,249.61,48.661,74.793
183.01,249.82,48.697,74.849
182.93,249.93,48.685,74.831
182.92,249.94,48.625,74.738
182.72,249.74,48.623,74.735
182.68,249.62,48.647,74.772
182.72,249.59,48.663,74.796
