22.5,246.5,50,105
57.31,249.67,49.294,103.52
92.13,245.84,49.919,104.83
99.511,245.35,50.069,105.14
101.77,244.56,49.798,104.58
104.22,242.63,49.329,103.59
106,240.16,49.427,103.8
107.71,238.84,48.877,102.64
109.84,239.54,48.72,102.31
112.89,240.49,48.288,101.4
116.69,240.61,48.345,101.52
120.73,237.46,48.808,102.5
122.78,236.09,48.346,101.53
128.16,236.33,48.691,102.25
131.56,235.44,48.665,102.2
135,233.92,48.171,101.16
137.51,231.23,47.829,100.44
140.29,230.78,48.38,101.6
144,230.91,48.567,101.99
148.79,231.61,47.909,100.61
154.42,229.09,47.885,100.56
159.28,228.02,46.701,98.073
163.4,227.38,46.071,96.75
165.81,228.35,45.652,95.869
169.19,227.75,45.491,95.531
171.7,226.08,45.628,95.818
174.51,228.91,46.003,96.607
187.66,217.96,46.192,97.003
192.43,219.49,46.031,96.665
188.54,227.59,45.05,94.605
192.78,226.29,45.059,94.623
196.71,223.37,45.149,94.813
200.37,222.17,45.346,95.226
204.08,223.76,45.334,95.202
209.22,223.17,45.191,94.9
211.75,223.77,45.409,95.358
218.96,225.23,46.031,96.665
268.29,235.48,46.861,98.409
246.58,224.43,46.628,97.92
254.12,223.33,46.738,98.15
233.67,244.72,46.387,97.412
230.9,246.08,46.488,97.624
229.51,247.39,46.656,97.978
230.16,245.91,46.801,98.282
228.62,246.8,47.049,98.802
229.22,246.68,47.184,99.085
229.53,247.19,47.238,99.2
226.58,247.04,47.183,99.083
232.35,272.46,46.635,97.934
228.28,246.02,46.647,97.958
229.03,246.66,46.291,97.21
229.29,245.79,46.446,97.536
229.77,246.48,46.581,97.821
228.96,248.29,46.181,96.979
231.15,247.2,46.356,97.348
229.33,247.3,46.092,96.793
229.25,246.95,46.125,96.862
230.44,247.2,46.403,97.446
229.64,246.68,46.516,97.685
229.9,245.69,46.364,97.364
229.27,246.51,46.113,96.838
229.76,246.16,46.411,97.463
229.35,247.03,46.431,97.506
230.02,246.36,46.354,97.343
229.34,246.58,46.13,96.872
230.02,246.89,46.482,97.611
229.9,246.67,46.683,98.035
229.88,246.17,46.507,97.664
230.4,245.84,46.825,98.333
229.98,246.68,46.779,98.236
229.91,246.48,46.532,97.718
230.13,245.69,46.821,98.324
230.43,245.41,47.085,98.879
230.01,245.65,46.911,98.513
230.17,243.76,46.532,97.716
230.78,244.62,46.733,98.14
231.1,244.85,46.56,97.776
230.69,245.7,46.339,97.312
230.71,245.49,46.082,96.772
230.92,245.65,46.304,97.239
229.22,245.2,45.988,96.576
194,248.2,45.937,96.469
171.01,249.4,46.246,97.116
138.82,249.72,46.601,97.862
110.01,250.68,46.142,96.898
111.26,250.55,46.386,97.41
111.38,250.48,46.566,97.788
111.4,250.29,46.526,97.705
111.93,250.8,46.538,97.73
112.56,250.91,46.692,98.053
112.21,250.64,46.046,96.697
112.38,250.88,45.881,96.349
112.89,250.55,46.19,97
112.86,250.3,46.393,97.425
113.04,249.72,46.204,97.029
112.44,249.73,46.071,96.749
112.71,248.93,46.341,97.317
112.32,249.02,45.939,96.471
112.39,248.98,45.995,96.591
112.42,248.24,45.847,96.278
112.82,248.16,46.481,97.611
112.77,247.51,46.583,97.824
112.55,246.56,46.617,97.896
112.73,246.32,46.644,97.952
112.47,245.97,46.753,98.181
112.74,246.23,46.791,98.261
112.67,245.36,47.044,98.792
112.88,245.21,47.1,98.91
112.53,244.4,48.003,100.81
112.57,244.83,47.231,99.185
112.21,244.94,47.241,99.206
112.28,244.58,47.127,98.966
112.27,244.96,47.41,99.562
112.47,244.84,47.47,99.687
112.6,244.63,47.681,100.13
112.62,244.84,47.603,99.966
112.14,244.35,47.265,99.256
112.02,244.53,47.3,99.331
111.93,244.45,47.213,99.148
111.85,244.66,47.468,99.684
112.54,244.36,47.36,99.456
112.59,244.93,47.482,99.712
112.61,244.83,47.518,99.789
112.25,244.18,47.303,99.336
112.4,244.44,47.273,99.274
112.58,244.07,47.226,99.174
112.3,243.95,47.222,99.166
112.08,244.4,47.132,98.977
112.59,244.91,47.093,98.895
112.94,244.85,47.175,99.068
113.52,244.16,47.039,98.782
113.46,244.32,47.019,98.741
113.38,243.37,46.507,97.664
113.35,244.52,46.268,97.162
112.59,245.01,46.479,97.606
112.95,245.06,46.4,97.44
112.88,245.2,46.374,97.386
112.94,245.07,46.363,97.362
113.17,245.08,46.319,97.27
113.04,244.98,46.291,97.212
112.94,244.89,46.443,97.53
113.11,244.91,47.035,98.774
112.81,245.16,46.644,97.953
112.83,244.83,46.516,97.684
113.42,244.87,47.033,98.77
113.11,245.04,46.722,98.116
113.05,244.42,47.122,98.956
112.79,244.89,47.704,100.18
112.86,244.37,47.506,99.763
112.62,244.54,47.042,98.788
113.13,244.85,46.696,98.061
112.74,244.98,46.631,97.925
112.81,244.9,46.524,97.701
113.08,244.99,47.06,98.826
113.22,244.71,47.292,99.312
112.84,244.45,47.089,98.887
112.93,244.75,47.37,99.478
112.79,244.41,47.536,99.825
112.4,244.72,47.12,98.951
113.1,244.67,47.326,99.385
112.66,244.4,47.152,99.019
113.03,245.13,46.883,98.455
113.06,244.8,46.797,98.274
113.12,244.9,47.218,99.157
112.68,244.11,47.171,99.059
113.01,244.62,47.385,99.508
113.14,244.52,47.43,99.603
112.76,244.75,47.361,99.459
112.93,244.35,47.839,100.46
112.49,244.49,47.225,99.172
112.32,244.46,47.25,99.226
112.19,244.67,47.228,99.179
112.3,244.27,47.338,99.41
112.46,244.7,47.355,99.445
112.75,244.44,47.636,100.04
112.17,244.28,47.323,99.379
112.18,244.22,47.356,99.448
112.29,244.56,47.697,100.16
112.39,244.4,47.776,100.33
112.24,244.56,47.765,100.31
112.43,244.43,47.749,100.27
112.41,244.58,47.748,100.27
112.27,244.4,47.725,100.22
112.39,244.54,47.709,100.19
112.31,244.65,47.715,100.2
112.26,244.57,47.774,100.33
112.05,244.46,47.831,100.45
111.84,245.02,47.057,98.819
112.07,244.95,47.574,99.906
111.97,245.02,46.986,98.671
111.94,244.46,47.288,99.306
111.85,244.85,47.059,98.823
112.09,244.8,47.545,99.844
111.95,244.29,47.338,99.41
111.91,244.63,47.439,99.621
111.92,244.19,47.983,100.76
111.59,244.41,48.077,100.96
111.81,244.03,48.187,101.19
111.7,244.68,47.171,99.06
88.3,245.39,47.383,99.504
50.757,246.13,46.984,98.667
12.602,246.97,47.267,99.26
-9.851,249.2,47.256,99.238
-21.178,249.59,47.278,99.283
-20.599,249.88,47.416,99.573
-18.55,250.97,47.007,98.715
-18.91,249.95,46.777,98.232
-18.37,250.66,46.858,98.401
-18.52,250.13,47.028,98.758
-18.684,250.23,46.699,98.068
-19.311,250.02,46.935,98.564
-19.62,249.54,47.136,98.986
-19.472,249.79,46.91,98.512
-20.06,249.3,46.847,98.379
-19.662,249.74,46.924,98.54
-20.479,249.16,46.661,97.988
-20.684,249.05,46.801,98.281
-20.684,249.11,47.128,98.969
-21.096,248.86,47.015,98.731
-21.374,248.5,47.116,98.945
-20.841,248.96,46.774,98.226
-20.772,249.1,46.757,98.189
-21.237,249.03,47.192,99.103
-21.253,248.71,47.153,99.022
-21.319,248.9,47.155,99.025
-21.108,248.73,47.108,98.927
-21.292,249.11,46.856,98.398
-21.303,249.09,46.956,98.608
-21.747,248.48,47.008,98.718
-21.595,248.51,47.115,98.942
-21.171,248.78,47.111,98.934
-20.565,249.15,46.845,98.374
-20.69,249.33,46.773,98.224
-20.755,249.13,46.746,98.167
-20.749,248.93,46.825,98.332
-20.706,249.24,46.779,98.236
-20.601,249.36,46.591,97.842
-21.123,248.65,46.808,98.298
-20.566,249.12,46.767,98.21
-20.456,249.26,46.708,98.087
-20.82,248.76,46.783,98.244
-20.373,249.35,46.698,98.065
-20.048,248.9,46.837,98.357
-19.87,249.09,46.79,98.259
-19.897,249.02,46.792,98.263
-20.422,249.18,46.847,98.379
-20.76,249.15,46.906,98.503
-21.295,248.28,47.049,98.802
-34.843,250.28,46.931,98.555
-3.6041,243,47.458,99.662
-23.278,230.1,47.718,100.21
-15.905,265.39,47.316,99.364
-20.932,275.93,47.113,98.937
-20.669,277.06,46.412,97.466
-16.545,265.88,46.5,97.651
-16.99,265.02,46.715,98.102
-16.323,267.94,46.854,98.393
-16.3,266.55,46.866,98.419
-17.364,266.41,47.077,98.862
-16.709,265.05,46.927,98.547
-17.187,266.84,47.044,98.793
-16.29,267.27,47.033,98.769
-16.754,265.58,46.743,98.16
-16.105,265.67,46.342,97.318
-15.527,264.45,46.091,96.791
-14.627,266.89,45.834,96.25
-15.2,267.69,45.779,96.136
-15.652,267.88,45.862,96.311
-14.997,266.93,45.787,96.152
-15.748,266.35,45.802,96.184
-14.994,266.68,45.597,95.753
-15.057,268.09,45.532,95.618
-14.903,267.73,45.749,96.073
-15.674,266.92,45.797,96.174
-14.958,267.92,45.702,95.974
-15.62,267.38,45.582,95.722
-14.785,268.82,45.697,95.963
-15.092,267.55,45.678,95.923
-14.954,267.72,45.447,95.439
-14.805,268.02,45.692,95.952
-15.539,267.32,45.671,95.908
-15.661,266.99,45.758,96.092
-15.129,266.55,45.753,96.081
-14.851,266.91,45.641,95.846
-15.017,267.48,45.736,96.046
-15.049,266.89,45.587,95.732
-13.8,267.93,45.241,95.006
-14.016,268.9,45.166,94.848
-14.537,267.99,45.155,94.825
-15.282,267.24,45.553,95.662
-13.975,268.27,45.358,95.251
-14.937,267.88,45.312,95.155
-14.163,267.82,45.185,94.889
-14.811,267.63,45.26,95.045
-14.059,268.02,45.118,94.748
-14.646,267.79,45.159,94.833
-14.527,267.89,45.549,95.653
-14.108,268,45.498,95.545
-14.382,267.27,45.637,95.837
-14.029,267.71,45.62,95.801
-14.595,267.96,45.863,96.313
-14.114,267.86,45.755,96.086
-14.75,267.41,46.141,96.896
-14.136,267.12,46.091,96.79
-14.585,267.13,46.156,96.928
-14.213,267.34,46.04,96.683
-14.888,266.98,46.259,97.145
-15.128,267.31,46.348,97.331
-15.193,267.03,46.241,97.106
-15.039,267.15,46.289,97.206
-15.31,266.62,46.068,96.743
-14.816,267.08,45.731,96.035
-14.876,267.51,45.554,95.663
-14.916,267.84,45.744,96.061
-15.068,267.42,45.853,96.291
-15.013,267.7,45.892,96.372
-14.509,267.5,45.485,95.518
-14.625,267.86,45.353,95.242
-14.779,267.55,45.717,96.005
-15.203,267.35,45.549,95.653
-14.425,268.05,45.55,95.655
-14.481,267.84,45.542,95.638
-14.803,268.08,45.407,95.354
-14.84,267.94,45.06,94.627
-14.855,267.73,45.04,94.583
-14.51,268.1,44.91,94.312
-14.394,267.96,45,94.499
-14.394,268.46,44.71,93.892
-14.291,267.91,45.019,94.54
-14.251,268.17,44.871,94.229
-14.648,268.13,45.126,94.765
-14.587,267.7,45.029,94.561
-14.482,267.6,45.164,94.844
-14.467,267.45,45.043,94.59
-14.181,268.37,44.88,94.248
-14.255,267.65,44.566,93.588
-14.286,267.59,44.171,92.758
-14.358,266.79,44.213,92.847
-14.803,267.01,44.31,93.052
-13.865,268.27,43.603,91.565
-14.762,267.08,43.937,92.268
-14.772,268.3,43.778,91.934
-13.89,268.4,43.756,91.888
-15.083,267.96,44.743,93.961
-15.829,268.22,44.927,94.346
