453.5,163.5,45,106
457.13,157.8,44.942,105.86
457.97,158.06,44.886,105.73
459.1,161.34,44.995,105.99
461.13,165.62,44.422,104.64
462.19,164.13,45.25,106.59
461.84,165.05,45.673,107.58
462.19,168.71,46.762,110.15
463.18,171.72,46.426,109.36
463.87,172.78,45.929,108.19
464.22,172.48,46.801,110.24
464.6,175.86,46.682,109.96
463.65,179.62,47.029,110.78
463.12,179.92,47.684,112.32
462.88,179.03,48.013,113.1
463.79,181.71,47.979,113.02
464.13,186.27,48.162,113.45
465.5,188.37,48.427,114.07
467.69,189.18,48.289,113.75
469.45,189.68,49.133,115.74
470.69,194.51,49.039,115.51
472.34,198.18,48.966,115.34
475.13,198.57,49.12,115.71
477.09,198.45,49.628,116.9
479.24,203.15,50.52,119
482.15,206.26,50.971,120.06
485.36,206.63,50.787,119.63
488.86,207.03,50.864,119.81
490.84,208.78,51.136,120.45
493.58,212.75,51.618,121.59
495.91,214.87,51.629,121.62
498.62,214.63,51.666,121.7
501,214.54,52.186,122.93
503.06,218.37,52.514,123.7
505.8,222.9,53.09,125.06
508.9,223.89,53.224,125.37
512.38,223.98,53.23,125.39
516.69,224.37,53.1,125.08
516.98,227.25,53.045,124.95
519.02,233.9,53.833,126.81
520.66,234.83,54.361,128.05
522.84,235.09,54.641,128.71
523.86,238.79,55.058,129.69
525.12,243.7,55.287,130.23
527.78,245.97,55.766,131.36
529.75,245.82,56.229,132.45
530.66,246.32,56.667,133.48
532.1,251.68,56.678,133.51
532.15,256.41,57.143,134.6
532.01,257.49,57.269,134.9
533.27,258.1,57.576,135.62
533.71,260.34,57.908,136.41
533.84,266.54,58.277,137.27
535.22,270.98,58.748,138.38
536.1,271.07,58.753,138.4
536.06,273.43,59.065,139.13
536.01,279.81,59.516,140.19
535.52,283.24,59.945,141.2
534.53,284.29,60.289,142.01
536.01,285.59,60.406,142.29
537.35,290.93,60.632,142.82
540.15,297.48,60.793,143.2
543.87,298.29,61.242,144.26
546.1,299.11,62.017,146.08
547.59,303.8,62.446,147.1
550.7,310.32,62.837,148.02
553.55,312.63,63.301,149.11
557.09,312.44,64.068,150.92
558.58,314.32,64.929,152.94
561.57,321.33,65.093,153.33
566.28,325.19,65.849,155.11
571.89,326.41,65.999,155.46
575.33,327.42,66.621,156.93
578.8,334.94,66.836,157.44
581.76,340.84,66.883,157.55
584.57,343.03,67.107,158.07
588.07,343.32,67.338,158.62
591.25,347.4,68.128,160.48
595.65,356.9,68.18,160.6
601.59,360.64,68.839,162.15
606.82,361.64,69.274,163.18
611.39,363.57,69.471,163.64
615.65,369.68,69.446,163.58
618.98,376.34,69.406,163.49
622.26,381.58,69.746,164.29
625.37,382.71,70.136,165.21
630.57,388.49,70.49,166.04
635.57,398.28,70.425,165.89
643.06,404.83,70.868,166.93
647.7,405.41,71.796,169.12
651.43,410.49,72.571,170.95
653.91,418.34,73.161,172.33
655.53,423.52,73.473,173.07
657.6,424.71,73.863,173.99
660.34,426.95,74.275,174.96
663.24,432.8,74.12,174.59
670.14,438.8,72.931,171.79
677.44,443.11,71.8,169.13
682.95,445.15,70.653,166.43
688.34,448.7,69.509,163.73
692.34,461.25,70.788,166.75
695.89,467.72,71.349,168.07
