126.5,209.5,94,108
127.7,213.04,94.018,108.02
128.1,212.62,95.296,109.49
128.4,212.47,95.367,109.57
127.71,211.28,96.033,110.34
127.1,211.96,95.047,109.2
127.12,213.19,94.287,108.33
127.21,212.64,94.43,108.49
128.14,213.17,93.573,107.51
128.19,213.25,93.497,107.42
127.61,213.16,93.316,107.21
127.99,213.31,92.888,106.72
127.41,213.06,93.363,107.27
127.09,212.92,93.304,107.2
127.62,213.11,93.37,107.28
126.76,212.8,93.516,107.44
126.77,212.95,93.62,107.56
126.68,213.4,93.553,107.49
126.89,213.35,93.573,107.51
127.06,213.49,93.479,107.4
126.46,213.07,93.552,107.48
126.72,212.92,93.634,107.58
127.38,213.14,93.556,107.49
127.09,212.85,93.652,107.6
127.2,213.16,93.586,107.52
127.08,213.26,93.473,107.39
126.9,213.03,93.466,107.39
126.62,212.51,93.73,107.69
126.49,212.84,94.009,108.01
126.57,213.19,93.926,107.92
126.16,212.84,94.056,108.06
126.76,213.07,93.878,107.86
126.18,212.84,93.819,107.79
126.11,212.68,93.754,107.72
122.13,213.09,93.977,107.97
80.155,214.03,93.91,107.9
47.294,214.37,94.182,108.21
14.253,215.26,94.245,108.28
2.8724,216.34,94.193,108.22
3.6669,216.75,93.861,107.84
3.299,215.98,94.092,108.11
3.9924,217.2,93.994,107.99
3.4853,216.87,93.802,107.77
3.3964,216.31,93.857,107.84
3.2669,216.41,93.904,107.89
3.6407,216.34,93.864,107.84
3.4955,216.09,93.884,107.87
3.5356,216.3,93.943,107.93
3.6026,216.87,93.573,107.51
3.9883,216.8,93.605,107.55
3.8015,216.79,93.626,107.57
4.1521,216.7,93.654,107.6
4.1153,216.99,93.53,107.46
3.8519,216.49,93.585,107.52
4.1628,216.86,93.636,107.58
4.0579,216.79,93.705,107.66
3.8195,216.57,93.742,107.7
3.8504,216.55,93.844,107.82
3.4916,216.12,93.846,107.82
3.186,216.15,93.855,107.83
3.2547,216.11,93.928,107.92
3.4614,216.25,94.006,108.01
3.7013,216.46,94.046,108.05
3.6827,216.46,93.913,107.9
3.3905,216.11,93.815,107.79
3.1255,216.31,93.933,107.92
3.3415,216.44,93.971,107.97
3.5231,216.11,94.109,108.13
3.7575,216.03,94.058,108.07
3.9842,216.32,94.053,108.06
4.0939,216.38,93.956,107.95
3.6675,216.03,94.082,108.09
3.6845,216.57,93.986,107.98
3.4175,216.14,94.204,108.23
3.4615,216.06,94.126,108.14
3.3637,216.07,93.988,107.99
3.525,216.25,93.929,107.92
3.5087,216.24,93.983,107.98
3.5199,216.28,93.85,107.83
3.2176,215.9,93.846,107.82
3.0511,215.82,93.974,107.97
3.2953,216.1,93.88,107.86
3.2677,216.13,93.993,107.99
3.8158,216.09,94.055,108.06
3.9812,216.27,94.027,108.03
4.0038,216.37,93.901,107.89
3.6689,216.14,94.081,108.09
4.2589,216.34,93.926,107.92
3.9333,216.25,93.919,107.91
3.9561,216.21,94.006,108.01
4.4469,216.33,93.825,107.8
4.08,216.21,93.801,107.77
3.8703,216.09,93.918,107.91
4.0892,216.28,93.922,107.91
4.1367,216.16,93.948,107.94
4.2517,216.29,93.986,107.98
4.2571,216.19,94.072,108.08
4.7237,216.62,93.923,107.91
4.4619,216.23,94.176,108.2
4.2639,216.32,94.141,108.16
4.4509,216.29,94.149,108.17
4.6993,216.35,94.205,108.24
4.6554,216.25,94.394,108.45
4.5122,216.05,94.576,108.66
4.6839,216.52,94.04,108.05
4.8894,216.82,94.108,108.12
4.2579,216.37,94.132,108.15
4.1862,216.37,94.099,108.11
4.4786,216.4,94.233,108.27
4.2415,216.02,94.13,108.15
4.5186,216.29,94.242,108.28
4.5457,215.88,94.313,108.36
4.4849,216.13,94.414,108.48
4.8108,215.97,94.429,108.49
4.7155,215.99,94.531,108.61
4.9437,216.45,94.11,108.13
5.0149,216.24,94.2,108.23
5.1756,216.27,94.278,108.32
4.9508,215.84,94.273,108.31
4.9983,216.13,94.22,108.25
4.6414,216,94.354,108.41
4.715,215.91,94.435,108.5
4.8837,216.05,94.454,108.52
5.1597,216.66,93.96,107.95
4.583,216.03,94.292,108.34
4.2568,215.89,94.297,108.34
4.3645,215.97,94.483,108.56
4.8282,216.68,94.037,108.04
4.8339,216.5,94.15,108.17
4.4594,216.05,94.476,108.55
4.6234,216.44,94.217,108.25
4.1198,216.08,94.205,108.24
-4.1371,216.69,94.182,108.21
-42.671,217.19,95.049,109.21
-80.194,217.51,96.775,111.19
-96.893,212.78,100.04,114.94
-100.23,211.79,102.82,118.14
-102.64,210.37,105.13,120.78
-106.25,207.1,108.05,124.14
-108.89,204.12,110.78,127.28
-112.39,203.07,113.29,130.16
-114.95,200.3,115.16,132.31
-116.2,199.44,117.63,135.15
-119.68,196.17,119.67,137.49
-0.019489,155.34,115.61,132.83
36.728,211.67,115.32,132.49
22.351,208.37,116.97,134.4
20.196,209.2,116.83,134.23
20.122,206.13,116.52,133.87
75.608,210.09,118.19,135.8
144.75,161.4,118.86,136.56
145.56,160.42,119.91,137.77
145.53,161.1,120.77,138.75
145.98,157.63,121.66,139.78
143.52,160.75,122.17,140.37
144.05,157.69,122.67,140.94
145.27,157.06,122.97,141.28
144.11,157,123.73,142.16
147.49,156.29,123.87,142.31
147.73,157.55,124.56,143.11
111.19,156.15,124.53,143.07
77.069,157.54,124.18,142.68
40.181,156.98,124.1,142.58
11.416,157.8,124.61,143.16
-30.931,161.05,124.19,142.68
-58.21,160.4,125.53,144.23
-59.023,151.43,126.27,145.08
-55.907,151.78,126.29,145.1
-54.156,154.88,125.76,144.49
-52.363,153.48,125.1,143.74
-51.536,152.85,124.59,143.15
-51.991,154.23,124.62,143.18
-54.044,153.77,124.73,143.31
-54.588,154.26,125.29,143.95
-53.968,153.34,125.37,144.04
-53.231,152.49,125.45,144.14
-56.373,153.62,125.7,144.42
-56.442,152.77,125.89,144.64
-55.649,152.74,126.07,144.84
-56.915,152.19,126.18,144.97
-56.802,152.33,126.38,145.2
-62.802,153.69,126.56,145.41
-98.87,158.05,126.45,145.28
-130.84,152.94,128.43,147.55
-136.24,165.41,129.74,149.06
-115.36,69.029,130.99,150.5
-137.69,85.167,132.06,151.73
-129.92,101.67,132.02,151.69
-132.47,103.19,132.91,152.7
-48.519,83.859,132.89,152.68
1.4985,202.6,129.64,148.95
-0.14346,211.93,127.3,146.25
-74.551,170.96,126.75,145.63
-93.244,234.35,126.32,145.14
-52.442,144.01,125.02,143.64
-108.87,161.82,125.55,144.25
-120.68,166.55,124.34,142.86
-116.94,162.02,123.3,141.66
-99.788,242.48,123.26,141.62
-54.371,238.6,122.55,140.8
-53.249,237.12,121.94,140.11
-56.251,239.21,121.42,139.51
-52.235,237.52,120.28,138.19
-50.419,238.81,120.03,137.9
-51.952,238.56,120.54,138.5
-50.992,239.34,120.48,138.42
-50.264,238.77,120.12,138.01
-51.037,237.89,119.97,137.84
-48.944,238.82,118.97,136.69
-48.637,240.39,118.67,136.35
-49.526,240.49,119.48,137.28
-50.098,240.35,120.02,137.9
-48.563,239.67,119.6,137.41
-48.624,240.08,119.52,137.32
-49.964,240.14,120.24,138.15
-51.115,238.65,121.11,139.15
-49.077,239.92,120.06,137.94
-49.179,239.28,119.76,137.59
-47.779,240.45,119.24,137
-48.501,240.53,119.54,137.34
-49.917,240.02,120.03,137.9
-48.971,239,119.89,137.75
-50.356,238.96,120.71,138.69
-50.132,238.93,120.89,138.89
-49.287,239.08,119.9,137.75
-49.008,238.6,119.56,137.37
-49.061,238.55,119.71,137.54
-49.002,239.82,119.67,137.5
-49.978,238.65,120.83,138.83
-49.268,238.99,119.93,137.79
-47.935,239.15,119.04,136.77
-47.556,240.38,118.54,136.19
-46.244,241.27,117.61,135.12
-47.09,222.56,117.66,135.19
-46.372,180.41,117.29,134.76
-45.43,148.34,116.5,133.85
-47.197,107.06,116.31,133.63
-46.944,65.371,115.97,133.25
-46.23,24.39,115.14,132.29
-50.961,-0.79939,116.39,133.73
-51.671,-0.85849,117.08,134.52
-52.779,-1.5898,115.88,133.14
-52.509,-1.0274,115.43,132.63
-52.005,-1.1333,115.54,132.75
-50.516,1.5532,113.91,130.88
-50.425,2.1035,113.63,130.56
-50.675,0.82934,113.89,130.86
-50.774,1.102,113.73,130.67
-50.913,0.51894,114.16,131.16
-51.247,0.30101,114.38,131.41
-50.72,0.2045,114.3,131.32
-50.436,0.83996,113.96,130.93
-51.163,0.15807,114.27,131.29
-50.777,-0.10062,114.47,131.52
-51.614,-0.64978,114.7,131.79
-51.188,-1.31,114.89,132
-51.899,-0.5853,114.82,131.92
-51.426,-0.2252,114.56,131.62
-51.317,-1.0239,114.97,132.09
-52.412,-0.64292,115.17,132.32
-51.581,-0.75951,115.15,132.3
-51.324,-0.93968,115.34,132.52
-51.753,-1.8518,115.53,132.74
-51.412,-0.2921,115.03,132.17
-51.624,0.024132,114.87,131.98
-51.449,0.17809,114.87,131.98
-51.793,-0.5238,114.9,132.02
-52.486,-1.3699,115.88,133.14
-52.559,-1.0317,115.77,133.01
-51.93,-1.451,115.09,132.23
-51.413,-1.0214,115.23,132.39
-51.586,-0.99429,115.17,132.32
-50.237,-0.39032,114.4,131.44
-51.409,-0.6171,114.65,131.72
-51.552,-0.33415,114.63,131.7
-51.57,-0.5623,114.83,131.93
-51.242,-0.010056,114.56,131.62
-51.812,0.035347,114.72,131.81
-51.028,-0.006218,114.78,131.87
-51.312,0.051163,114.91,132.03
-51.422,-0.08992,114.74,131.83
-51.419,0.10255,114.79,131.89
-51.315,0.20965,114.73,131.82
-50.984,0.25346,114.75,131.84
-50.334,1.1234,113.79,130.74
-51.21,1.0064,113.86,130.81
-50.924,0.57292,114.26,131.28
-51.067,0.79945,114.55,131.61
-51.732,0.47629,114.7,131.79
-51.391,0.5924,114.97,132.1
-51.762,0.10597,114.8,131.89
-51.633,0.41054,114.98,132.11
-51.687,0.47871,114.78,131.87
-51.41,0.23791,114.95,132.07
-51.475,0.30435,114.71,131.8
-50.219,0.99308,113.99,130.97
-51.281,0.74126,114.21,131.22
-51.606,0.41634,114.62,131.69
-51.581,0.0093231,114.95,132.06
-51.552,0.39181,114.95,132.07
-52.608,-0.63985,116.13,133.43
-52.933,-1.1374,116.45,133.8
-51.947,-0.31481,115.56,132.77
-52.076,0.23064,115.18,132.33
-51.168,0.82275,114.77,131.87
-51.25,-0.084236,114.92,132.04
-51.807,-0.17097,114.71,131.8
-51.333,-0.076271,114.6,131.67
-51.422,0.090981,114.86,131.96
-51.85,0.34303,114.97,132.09
-54.229,-0.16215,115.1,132.24
-95.554,-0.057976,116.74,134.12
-98.071,-0.75414,117.68,135.21
-99.456,-1.6334,118.35,135.97
-99.999,-2.8627,118.95,136.67
-99.84,-2.023,119.41,137.19
-101.11,-1.7428,120.28,138.2
-101.22,-2.3987,119.66,137.48
-100.45,-3.0365,119.73,137.56
-100.77,-1.8736,120.14,138.03
-100.82,-2.6013,119.77,137.61
-100.24,-2.9711,119.91,137.77
-99.919,-2.0245,119.38,137.16
-99.209,-2.4529,119.41,137.2
-100.5,-2.7225,119.66,137.49
-100.2,-2.9804,119.48,137.28
-100.58,-2.6957,119.81,137.66
-100.5,-2.4799,119.68,137.51
-100.87,-3.1966,120,137.88
-101.29,-3.4945,120.01,137.88
-101.85,-2.88,119.86,137.71
-100.8,-3.3714,119.9,137.76
-101.04,-2.2957,119.71,137.54
-99.536,-3.0587,118.95,136.66
-99.86,-2.6103,118.94,136.66
