2.5,59.5,622,283
17.295,64.607,620.19,282.17
22.677,64.226,620.19,282.17
24.614,62.716,620.19,282.17
24.797,60.064,620.19,282.17
24.286,57.284,620.19,282.17
24.831,53.83,620.19,282.17
32.12,52.111,610.43,277.74
44.4,50.853,605.36,275.43
61.526,48.341,596.42,271.36
82.111,48.229,586.99,267.07
101.78,48.133,578.71,263.3
118.83,48.007,566.15,257.59
131.82,47.531,559,254.34
142.91,46.483,548.98,249.78
143.89,45.976,544.49,247.74
140.86,46.307,539.54,245.48
135.92,43.575,535.99,243.87
133.51,49.729,530.33,241.29
142.26,48.479,525.99,239.32
150.66,46.897,516.2,234.86
166.24,46.676,503.36,229.02
171.97,45.742,497.32,226.27
174.26,40.416,494.07,224.79
174.6,37.851,491.69,223.71
183.17,38.471,489.78,222.84
184.96,37.886,486.5,221.35
185.21,38.964,482.55,219.55
182.07,37.276,477.92,217.45
177.43,36.755,479.46,218.15
179.64,34.176,476.93,217
190.91,31.903,467.59,212.74
195.54,30.814,464.42,211.3
202.38,36.745,461.12,209.8
184.76,49.091,464.94,211.54
136.57,88.283,464.15,211.18
138.07,85.984,465.71,211.89
150.54,82.741,459.63,209.12
157.6,80.407,459.65,209.13
161.62,74.427,465.82,211.94
163.37,73.562,468.4,213.11
166.35,70.804,470.09,213.88
166.07,67.77,471.73,214.63
168.87,65.172,470.59,214.11
172.98,64.782,469.41,213.57
173.85,62.765,469.21,213.48
177.25,62.815,469.12,213.44
176.79,60.876,470.73,214.18
180.24,59.272,471.55,214.55
181.22,56.804,472.2,214.84
183.15,55.706,471.14,214.36
182.39,55.264,471.92,214.72
181.43,52.312,471.69,214.61
178.48,51.844,472.4,214.93
186.32,52.587,468.62,213.21
189.96,50.241,462.01,210.21
192.78,48.995,457.57,208.19
191.99,47.998,456.89,207.88
193.39,46.77,455.02,207.03
194.01,46.192,453.7,206.43
194.76,44.986,453.1,206.15
198.45,44.234,449.64,204.58
199.54,42.262,446.94,203.35
200.33,40.747,445.33,202.62
203.4,39.604,441.28,200.78
206.38,38.149,438.98,199.73
206.87,37.674,437.5,199.06
210.47,35.869,432.72,196.88
210.68,34.006,430.35,195.8
214.29,32.012,425.62,193.65
218.57,32.565,421.03,191.56
221.94,30.441,416.44,189.48
223.52,26.453,413.05,187.93
226.15,27.337,411.7,187.32
228.99,25.801,407.32,185.33
231.25,23.993,404.8,184.18
235.14,23.229,399.59,181.81
238.8,20.574,395.26,179.84
241.73,18.398,391.75,178.24
245.65,18.484,387.46,176.29
250.6,17.811,382.13,173.86
254.25,16.537,377.78,171.89
258.37,15.405,373.51,169.94
260.61,13.245,371.42,168.99
265.84,12.985,368.31,167.57
268.31,13.378,365.02,166.08
259.98,12.124,362.49,164.93
244.47,12.507,358.09,162.93
231.59,12.353,354.59,161.33
219.51,6.4285,354.04,161.08
219.16,6.7666,352.16,160.23
223.42,5.3232,348.85,158.72
227.99,4.2119,345.82,157.34
232.46,3.5421,341.6,155.42
238.42,2.0819,336.83,153.25
241.94,2.5045,333.5,151.74
248.32,1.0768,328.99,149.69
250.62,1.4821,327.14,148.84
255.89,0.80234,322.92,146.92
260.26,-0.46757,318.49,144.91
265.18,-0.42112,314.78,143.22
270.45,-1.5519,311.18,141.58
274.2,-1.7537,308.26,140.25
279.63,-1.8126,304.19,138.4
284.46,-3.0674,301.88,137.35
288.51,-3.432,298.79,135.94
293.29,-3.3587,295.77,134.57
297.47,-4.3745,292.68,133.17
303.91,-4.438,288.53,131.28
306.74,-4.4484,286.71,130.45
312.63,-5.1805,283.69,129.07
317.36,-6.2508,280.92,127.82
322.04,-6.8689,278.55,126.73
328.08,-7.4011,274.41,124.85
333.32,-7.2969,272.03,123.77
338.37,-7.4322,269.37,122.56
342.52,-8.5141,268.89,122.34
348.07,-8.2601,266.7,121.34
354.45,-9.068,263.94,120.09
360.27,-8.9062,260.8,118.66
365.82,-8.7561,259.11,117.89
372.29,-9.8611,256.47,116.69
377.95,-11.11,254.82,115.94
382.34,-12.241,254.04,115.58
387.97,-12.635,251.64,114.49
392.63,-13.239,249.56,113.55
397.85,-13.883,245.91,111.89
402.94,-13.905,243.72,110.89
407.77,-14.248,239.67,109.05
411.99,-14.41,238.13,108.35
414.22,-14.084,237.09,107.87
418.61,-14.721,234.77,106.82
423.62,-15.531,233.64,106.3
427.81,-15.247,231.92,105.52
432.98,-16.304,229.44,104.39
438.45,-15.787,227.58,103.54
443.98,-16.1,226.4,103.01
447.99,-15.728,224.22,102.02
453.96,-15.437,221.74,100.89
452.88,-13.912,220.38,100.27
457.82,-12.651,218.42,99.375
465.7,-11.171,217.63,99.018
