638.5,198.5,23,69
637.8,199.32,22.927,68.782
637.26,199.82,22.785,68.354
636.89,199.79,22.77,68.31
636.41,199.8,22.876,68.628
636.31,200.3,22.837,68.51
636.58,200.4,22.716,68.147
636.52,200.5,22.524,67.572
636.28,200.29,22.585,67.756
636.32,200.47,22.703,68.11
637.03,200.85,22.579,67.738
637.41,201.24,22.651,67.954
637.42,201.43,22.817,68.45
637.81,201.21,22.886,68.658
638.79,201.52,22.905,68.715
650.65,200.26,23.203,69.609
671.04,192.85,23.624,70.871
670.98,192.14,23.845,71.536
671.41,193.77,23.626,70.879
670.22,195.48,23.987,71.961
671.3,193.5,24.128,72.384
671.71,193.77,24.269,72.807
673.39,192.89,24.422,73.267
674.32,191.61,24.699,74.096
674.75,191.75,24.818,74.455
675.21,190.89,24.932,74.795
675.03,189.54,25.107,75.32
675.68,188.45,25.028,75.084
675.52,185.79,25.108,75.323
676.76,182.31,25.151,75.454
677.66,179.95,25.169,75.506
676.28,178.17,25.216,75.649
674.56,177.65,25.12,75.36
670.95,190.18,25.311,75.934
671.2,191.55,25.517,76.55
677.74,177.31,25.585,76.756
671.11,191.2,25.215,75.645
672.14,188.5,24.96,74.879
674.16,189.69,24.522,73.567
676.03,189.89,24.135,72.406
676.44,186.4,24.014,72.043
685.72,202.64,24.325,72.974
669.42,218.93,24.335,73.005
665.05,217.64,24.056,72.169
663.71,216.68,23.934,71.803
662.79,216.18,23.661,70.984
662.12,215.66,23.759,71.276
660.78,213.12,23.607,70.822
660.35,215.1,23.504,70.512
673.97,219.87,23.55,70.649
677.4,221.21,23.356,70.067
683.13,224.94,23.305,69.916
689,225.79,23.128,69.385
694.58,226.01,22.895,68.686
698.36,246.91,23.058,69.175
697.61,225.26,23.013,69.038
708.33,221.4,22.755,68.265
710.92,222.79,22.445,67.335
709.06,222.83,22.28,66.841
710.47,222.08,22.176,66.527
711.2,220.67,22.184,66.553
711.9,220.18,22.175,66.525
710.24,221.49,21.994,65.982
723.02,221.98,22.021,66.062
722.43,223.36,22.057,66.172
722.45,221.16,21.865,65.595
725.16,219.59,21.768,65.305
728.04,218.8,21.666,64.999
742.49,222.8,21.651,64.952
743.59,223.51,21.604,64.812
745.29,223.91,21.442,64.327
740.03,222.91,21.574,64.722
742.4,221.12,21.563,64.689
744.54,220.9,21.478,64.435
757.91,226.75,21.456,64.369
759.56,228.26,21.605,64.814
762.9,227.51,21.518,64.553
759.85,224.4,21.451,64.352
763.64,226.37,21.334,64.001
766.74,226.52,21.319,63.958
772.59,228.56,21.254,63.763
771.82,225.67,21.156,63.468
783.57,227.73,21.053,63.16
781.13,225.96,20.956,62.869
783.99,225.58,20.897,62.692
786.28,226.61,20.861,62.582
786.23,224.43,20.713,62.14
787.01,226.94,20.805,62.414
787.17,224.67,20.667,62.001
760.28,231.24,20.677,62.03
760.63,233.17,20.807,62.422
762.6,230.23,20.828,62.483
769.51,229.99,20.838,62.514
773.41,229.6,20.739,62.218
774.54,228.83,20.626,61.877
777.19,229.34,20.465,61.396
775.86,226.41,20.595,61.784
778.17,226.73,20.492,61.475
776.84,226.32,20.586,61.758
779.54,224.08,20.652,61.957
779.85,225.03,20.654,61.961
780.73,226.28,20.677,62.03
781.17,223.7,20.661,61.983
781.16,225.39,20.701,62.103
781.77,225.96,20.656,61.969
781.66,226.71,20.613,61.838
781.83,227.55,20.591,61.774
781.6,228.3,20.621,61.863
782.58,227.15,20.595,61.785
781.81,227.5,20.611,61.832
781.78,228.75,20.686,62.058
780.41,228.08,20.781,62.344
779.11,226.69,20.835,62.506
780.65,226.85,20.893,62.678
779.62,227.18,20.92,62.76
781.33,226.96,20.927,62.781
778.44,228.21,20.916,62.747
781.18,228.59,20.9,62.701
781.24,228.28,20.874,62.622
780.2,227.03,20.961,62.883
781.08,226.38,21.021,63.064
780.24,227.08,21.033,63.098
780.24,226.5,21.186,63.557
781.84,227.16,21.24,63.719
780.25,228.08,21.119,63.356
780.48,229.25,21.049,63.147
775.11,225.78,21.236,63.708
777.33,226.04,21.287,63.862
777.78,226.36,21.355,64.065
778.26,227.18,21.376,64.129
778.3,227.57,21.405,64.215
779.67,228.5,21.39,64.169
779.56,229.12,21.391,64.173
779.89,229.1,21.374,64.121
779.9,229.27,21.354,64.063
779.71,229,21.353,64.059
779.49,229.01,21.349,64.046
779.34,228.58,21.364,64.093
779.18,229,21.379,64.137
778.82,228.69,21.381,64.142
778.87,228.9,21.293,63.879
779.18,228.71,21.216,63.647
778.88,228.58,21.266,63.797
778.87,228.47,21.224,63.672
778.58,228.12,21.153,63.458
778.78,228.55,21.057,63.171
776.72,227.99,20.977,62.932
775.34,227.7,20.96,62.881
774.42,227.38,20.914,62.742
772.72,227.82,20.769,62.308
769.93,227.04,20.794,62.382
767.38,226.89,20.649,61.946
765.83,228.46,20.502,61.506
765.62,226.3,20.309,60.928
765.32,224.95,20.184,60.551
765.78,223.55,20.178,60.534
759.74,218.8,20.29,60.869
758.52,219.1,20.242,60.726
757.85,217.66,20.286,60.858
756.81,216.98,20.248,60.745
754.56,214.15,20.265,60.796
755.49,211.22,20.292,60.877
755.47,209.33,20.276,60.829
755.16,208.01,20.292,60.876
753.56,208.05,20.279,60.836
752.93,208.98,20.276,60.827
752.76,210.63,20.228,60.683
752.19,211,20.281,60.844
752.86,210.98,20.427,61.281
753.31,211.36,20.487,61.46
752.97,210.51,20.583,61.75
753.33,209.98,20.618,61.853
753.03,210.17,20.681,62.043
751.89,210.62,20.74,62.22
750.57,210.19,20.787,62.36
750.62,210.88,20.797,62.392
751.26,210.55,20.838,62.515
752.31,210.32,20.86,62.581
752.99,210.64,20.82,62.461
753.46,212.39,20.806,62.419
753.55,213.42,20.755,62.265
754.06,216.43,20.717,62.151
753.61,217.88,20.661,61.982
752.71,220.32,20.582,61.745
752.82,221.55,20.515,61.545
753.58,220.35,20.657,61.97
754.06,220.54,20.678,62.033
754.44,220.54,20.714,62.141
754.72,220.36,20.769,62.308
747.5,217.86,20.803,62.41
748.65,219.49,20.871,62.612
750.29,220.01,20.903,62.708
749.02,221.09,20.797,62.39
749.17,220.97,20.799,62.397
748.29,220.99,20.763,62.288
747.15,220.87,20.807,62.421
746.52,220.88,20.835,62.505
746.43,221.38,20.803,62.408
746.24,221.08,20.843,62.53
746.58,221.72,20.777,62.33
746.43,221.67,20.727,62.18
746.56,221.81,20.698,62.095
746.55,221.87,20.698,62.094
746.72,221.91,20.653,61.96
746.9,222.28,20.647,61.94
746.99,222.55,20.62,61.861
747,222.86,20.611,61.834
747.15,223.4,20.631,61.892
747.33,223.92,20.512,61.536
747.08,223.65,20.626,61.879
747.5,224.15,20.572,61.717
747.29,224.1,20.537,61.61
747.75,223.84,20.51,61.531
747.9,224.34,20.506,61.518
748.12,224.27,20.518,61.553
748.45,224.63,20.56,61.679
748.6,225.23,20.515,61.544
748.77,224.9,20.606,61.819
748.96,225.53,20.675,62.025
749.32,226.78,20.495,61.485
749.64,226.76,20.525,61.575
750.48,227.16,20.444,61.333
751.38,227.92,20.345,61.034
752.11,229.16,20.328,60.985
752.26,228.56,20.394,61.183
752.27,227.73,20.373,61.12
752.16,225.84,20.43,61.29
752.2,225.39,20.404,61.212
752.48,226.06,20.353,61.059
752.73,227.9,20.242,60.725
751.79,228.72,20.074,60.222
751.75,231.13,20.136,60.409
752.25,232.49,20.098,60.294
752.17,232.86,19.997,59.991
751.96,233.16,19.863,59.588
750.24,233.2,19.731,59.193
750.92,232.81,19.616,58.847
751.13,232.75,19.513,58.54
750.1,232.06,19.483,58.448
749.48,231.11,19.433,58.299
749.97,231.37,19.402,58.205
749.66,231.43,19.323,57.968
749.9,229.06,19.208,57.623
749.4,231.96,19.188,57.564
748.08,234.3,19.154,57.462
746.73,235.61,18.955,56.864
747.83,235.61,18.893,56.679
748.64,235.39,18.881,56.644
748.86,235.37,18.857,56.571
748.12,234.68,18.807,56.421
