56.5,277.5,31,50
58.701,276.96,31.148,50.239
60.109,276.96,31.078,50.126
61.726,277,30.974,49.958
63.999,276.73,31.064,50.104
67.015,276.4,31.185,50.299
68.225,275.86,31.439,50.707
69.364,275.73,31.689,51.112
70.82,275.63,32.001,51.615
71.835,275.31,32.325,52.138
74.045,275.12,32.619,52.611
75.258,275.09,32.481,52.388
76.571,275.58,32.376,52.22
78.099,275.63,32.154,51.861
80.06,276.08,31.948,51.529
81.896,276.14,31.953,51.537
84.991,276.46,31.666,51.075
86.331,276.93,31.582,50.939
87.461,276.21,31.71,51.146
88.728,276.03,31.593,50.957
89.887,274.99,31.996,51.606
92.489,275.17,31.975,51.573
93.926,275.49,31.604,50.974
95.737,275.89,31.642,51.036
97.191,276.21,31.315,50.509
98.941,276.99,31.215,50.348
101.42,276.79,31.038,50.062
103.09,276.92,30.838,49.738
104.79,276.83,30.763,49.617
106.54,276.87,30.797,49.673
108.01,276.79,30.891,49.824
110,276.07,30.856,49.768
111.4,275.87,30.655,49.443
112.67,275.82,30.652,49.438
114.31,275.83,30.659,49.45
116.24,275.44,30.76,49.613
118.61,275.3,30.843,49.747
119.48,275.49,30.883,49.812
120.97,275.63,30.963,49.94
122.58,275.9,30.96,49.935
124.38,275.88,30.96,49.936
127.65,276.35,31.058,50.094
129.38,276.52,30.839,49.741
131.32,276.57,30.852,49.761
132.9,276.39,30.887,49.818
134.16,276.11,30.997,49.995
136.48,276.01,31.254,50.41
137.76,275.66,31.376,50.606
138.9,275.74,31.399,50.644
139.9,275.6,31.52,50.839
140.85,275.53,31.608,50.981
142.56,275.69,31.636,51.025
143.45,275.74,31.634,51.023
144.78,275.52,31.732,51.181
146.68,275.07,31.872,51.407
144.62,274.96,31.901,51.454
142.52,275.4,32.001,51.614
141.21,275.02,32.264,52.038
142.08,275.21,31.948,51.529
143.23,275.15,32.079,51.741
142.78,275.31,32.106,51.783
141.84,274.97,32.101,51.776
141.31,275.06,32.102,51.777
146.43,275.21,32.108,51.787
145.86,275.08,32.139,51.836
144.27,275.21,32.035,51.67
142.18,275.41,32.254,52.023
141.41,274.95,32.086,51.751
140.54,275.18,32.218,51.965
139.34,275.17,32.073,51.73
137.95,275.4,32.225,51.977
140.01,275.33,31.912,51.471
140.92,275.59,32.089,51.757
141.67,275.04,32.149,51.854
142.11,275.19,32.013,51.634
142.29,275.23,32.082,51.746
142.26,275.33,32.095,51.767
141.47,274.77,32.103,51.779
140.43,275.02,32.129,51.82
140.52,275.07,32.174,51.893
141.53,274.7,31.72,51.161
142.86,274.92,31.841,51.356
142.22,275.12,31.976,51.574
141.63,275.14,32.098,51.77
142.31,274.93,32.12,51.807
142.14,274.8,32.154,51.861
142.26,274.97,32.022,51.648
142.55,275.07,32.001,51.614
142.81,274.96,32.064,51.717
143.29,275.24,32.06,51.71
143.3,275.29,32.052,51.696
143.26,275.38,32.082,51.745
143.7,275.33,32.048,51.691
143.83,275.35,32.04,51.677
143.95,275.31,32.072,51.73
144.12,275.24,32.126,51.816
143.99,275.02,32.206,51.945
143.81,274.79,32.077,51.737
144.47,275.15,32.091,51.759
144.34,274.9,32.177,51.899
144.56,274.92,32.02,51.644
144.55,274.99,32.09,51.758
144.75,274.81,32.131,51.824
144.85,274.76,32.171,51.889
145.03,274.92,32.055,51.701
145.08,275.14,32.087,51.753
144.75,275.01,32.104,51.781
144.53,274.86,32.131,51.824
144.33,274.95,32.155,51.862
144.24,275.03,32.07,51.726
144.26,275.11,32.118,51.803
143.85,274.99,32.138,51.836
143.68,274.98,32.13,51.822
143.56,274.92,32.151,51.857
143.44,275.04,32.03,51.661
143.39,275.2,32.106,51.785
143.09,275,32.073,51.731
143.21,275.19,32.067,51.721
142.91,275.22,32.115,51.799
142.39,274.93,32.178,51.9
142.3,274.97,32.112,51.794
142.21,274.96,32.15,51.854
142.02,274.93,32.125,51.815
141.82,274.89,32.163,51.876
141.64,275.07,32.091,51.759
141.47,275.07,32.137,51.834
141.31,275.02,32.119,51.805
141.1,275.02,32.133,51.827
140.91,275.04,32.139,51.837
140.8,275.15,32.047,51.689
141.09,275.23,32.082,51.746
141.13,275.29,32.098,51.771
141.1,275.1,32.099,51.773
141.25,275.08,32.105,51.783
141.4,275.03,32.107,51.785
141.46,275,32.17,51.886
141.63,275.11,32.063,51.715
142.2,275.22,32.073,51.731
142.23,275.25,32.092,51.761
142.13,275.01,32.092,51.762
142.25,274.95,32.088,51.755
142.38,274.97,32.079,51.741
142.75,275.13,32.069,51.724
142.92,275.12,32.062,51.714
143.05,275.15,32.032,51.665
143.29,275.13,32.078,51.739
143.32,275.11,32.077,51.736
143.42,275.09,32.091,51.76
143.2,274.87,32.103,51.779
143.29,274.88,32.108,51.786
143.36,274.85,32.104,51.78
143.42,274.8,32.12,51.807
143.52,274.85,32.052,51.697
143.89,275.09,32.028,51.658
143.9,275.05,32.078,51.738
144.01,275.07,32.067,51.721
144.2,275.13,32.031,51.662
144.27,275.15,32.038,51.674
144.29,275.11,32.05,51.693
144.42,274.99,32.038,51.673
144.43,275.02,32.073,51.73
144.56,275.03,32.066,51.72
144.65,275.02,32.024,51.652
144.66,274.97,32.082,51.745
144.8,274.95,32.072,51.729
144.89,274.96,32.082,51.745
144.9,274.95,32.094,51.765
144.74,274.72,32.148,51.852
144.86,274.8,32.088,51.756
144.95,274.75,32.119,51.806
145.07,274.74,32.149,51.853
145.14,274.72,32.144,51.845
145.22,274.76,32.118,51.804
145.3,274.74,32.18,51.903
145.37,274.75,32.124,51.813
145.48,274.74,32.138,51.835
145.5,274.78,32.151,51.856
145.64,274.89,32.022,51.648
145.64,274.83,32.084,51.749
145.82,274.79,32.096,51.768
145.93,274.76,32.145,51.847
146.08,274.88,32.065,51.719
146.35,275.05,32.11,51.791
146.17,274.75,32.156,51.865
146.32,274.88,32.053,51.699
146.63,275.05,32.079,51.74
146.68,275.08,32.089,51.756
146.52,274.74,32.136,51.832
146.65,274.74,32.136,51.832
146.74,274.75,32.171,51.888
146.85,274.82,32.037,51.673
147.07,275,32.107,51.786
146.95,274.8,32.161,51.872
147.07,274.88,32.099,51.773
147.05,274.82,32.168,51.884
147.17,274.82,32.134,51.829
147.28,274.81,32.191,51.921
147.49,274.88,32.08,51.742
147.73,275.07,32.099,51.772
147.54,274.8,32.122,51.81
147.71,274.87,32.096,51.768
147.81,274.89,32.125,51.814
147.84,274.79,32.157,51.866
148.03,274.86,32.08,51.743
148.38,275.13,32.097,51.77
148.18,274.94,32.116,51.8
148.22,274.88,32.123,51.812
148.38,274.85,32.125,51.814
148.48,274.84,32.152,51.858
148.61,274.91,32.076,51.736
149.02,275.12,32.067,51.72
149.08,275.15,32.086,51.752
148.95,274.97,32.093,51.763
149.08,274.83,32.143,51.843
149.14,274.91,32.087,51.753
149.3,274.95,32.089,51.757
149.39,274.94,32.097,51.769
149.49,274.97,32.067,51.72
149.78,275.23,32.04,51.677
149.89,275.26,32.068,51.723
149.98,275.29,32.068,51.723
150.13,275.33,32.04,51.678
150.15,275.32,32.082,51.745
150.27,275.3,32.121,51.808
150.21,275.01,32.122,51.81
150.34,274.97,32.119,51.804
150.46,274.95,32.089,51.756
150.6,274.95,32.049,51.691
150.93,275.28,32.025,51.653
150.98,275.37,32.031,51.662
151.02,275.33,32.066,51.719
151.22,275.37,32.073,51.73
151.34,275.41,32.055,51.702
151.55,275.37,32.071,51.728
151.58,275.36,32.086,51.751
151.42,275.12,32.13,51.823
151.59,275.08,32.104,51.781
151.75,275.01,32.065,51.717
152.03,275.19,32.054,51.7
152.24,275.3,32.061,51.711
152.29,275.25,32.105,51.782
152.18,275.02,32.14,51.839
152.35,274.91,32.088,51.755
152.32,274.88,32.126,51.817
152.32,274.85,32.178,51.9
152.33,274.87,32.155,51.863
152.3,274.85,32.158,51.867
152.3,274.87,32.152,51.859
152.31,274.91,32.137,51.834
152.29,274.85,32.191,51.92
152.28,274.87,32.18,51.904
152.29,274.91,32.158,51.868
152.26,274.92,32.162,51.875
152.31,274.95,32.134,51.829
152.29,274.91,32.155,51.863
152.32,274.95,32.115,51.799
152.29,274.97,32.149,51.853
152.3,274.96,32.139,51.838
152.3,274.95,32.118,51.803
152.29,274.92,32.153,51.859
152.31,275.03,32.121,51.809
152.34,274.96,32.141,51.84
152.31,274.97,32.117,51.802
152.33,274.92,32.168,51.884
152.35,275,32.128,51.819
152.35,274.93,32.166,51.881
152.33,274.94,32.146,51.848
152.33,274.98,32.13,51.823
152.32,274.94,32.167,51.883
152.32,274.94,32.157,51.866
152.35,274.95,32.125,51.815
152.32,274.96,32.147,51.85
152.35,275,32.129,51.82
152.36,274.94,32.154,51.861
152.31,274.92,32.146,51.848
152.35,274.98,32.098,51.771
152.35,274.99,32.104,51.781
152.34,274.98,32.115,51.799
152.32,274.95,32.139,51.838
152.32,274.96,32.111,51.792
152.33,274.94,32.121,51.808
152.32,274.94,32.126,51.816
152.29,274.91,32.133,51.827
152.28,274.95,32.148,51.852
152.31,274.94,32.099,51.773
152.34,274.89,32.1,51.775
152.28,274.89,32.11,51.79
152.27,274.9,32.138,51.835
152.25,274.89,32.172,51.89
152.27,274.91,32.152,51.858
152.26,274.94,32.141,51.84
152.28,274.91,32.127,51.818
152.27,274.84,32.158,51.867
152.32,274.81,32.136,51.832
152.27,274.84,32.13,51.823
152.21,274.86,32.15,51.854
152.29,274.93,32.106,51.784
152.26,274.96,32.13,51.822
152.22,274.91,32.162,51.874
152.3,274.9,32.155,51.863
152.31,274.92,32.138,51.835
152.29,274.9,32.187,51.915
152.29,274.91,32.194,51.926
152.32,274.82,32.216,51.962
151.95,274.66,32.249,52.014
151.98,274.68,32.234,51.991
152.01,274.65,32.218,51.965
151.99,274.71,32.183,51.908
152.32,274.86,32.232,51.987
152.02,274.63,32.223,51.973
152.05,274.66,32.191,51.921
152.4,274.98,32.134,51.83
152.44,275,32.139,51.836
152.45,275.19,32.168,51.884
152.57,275.48,32.17,51.886
152.71,275.79,32.105,51.782
152.64,276.22,32.218,51.965
152.27,276.64,32.334,52.152
152.36,277.29,32.454,52.345
152.7,277.71,32.484,52.393
152.54,277.46,32.303,52.101
152.48,277.41,32.249,52.014
152.38,277.21,32.188,51.916
152.83,277.64,32.139,51.837
152.84,277.77,32.079,51.74
152.99,278.01,32.091,51.76
152.91,277.76,32.067,51.721
152.9,277.98,32.029,51.66
152.89,277.92,32.067,51.72
152.96,277.9,31.881,51.422
152.63,277.15,31.754,51.217
153.19,277.21,31.537,50.866
153.18,276.98,31.502,50.809
152.94,276.24,31.625,51.007
153.25,276.25,31.41,50.661
153.32,276.11,31.521,50.841
153.38,276.03,31.514,50.829
153.24,275.85,31.505,50.815
153.24,275.78,31.518,50.836
153.31,275.78,31.644,51.038
153.46,275.64,31.716,51.155
153.56,275.61,31.831,51.34
153.47,275.45,31.97,51.564
153.29,275.24,32.135,51.831
153.42,275.23,32.249,52.015
153.17,274.92,32.194,51.926
153.59,275,32.215,51.96
153.31,274.73,32.225,51.976
153.29,274.81,32.205,51.943
153.28,274.69,32.298,52.094
153.49,274.83,32.319,52.128
153.49,274.75,32.322,52.133
153.47,274.77,32.323,52.134
153.44,274.86,32.299,52.095
153.41,274.87,32.276,52.058
153.32,274.82,32.269,52.047
153.13,274.77,32.17,51.887
153.42,274.97,32.19,51.92
153.38,275.02,32.121,51.807
153.33,274.87,32.168,51.884
153.36,274.91,32.109,51.788
153.25,274.9,32.11,51.79
153.12,274.87,32.154,51.862
153.08,274.9,32.104,51.78
152.92,274.9,32.131,51.825
152.76,274.87,32.161,51.873
152.64,274.94,32.088,51.754
152.47,274.92,32.141,51.84
152.41,274.88,32.128,51.819
152.28,274.84,32.189,51.918
152.24,274.91,32.118,51.803
152.19,274.85,32.165,51.879
152.13,274.91,32.109,51.789
152.08,274.85,32.141,51.84
151.95,274.89,32.112,51.793
151.81,274.89,32.152,51.858
151.63,274.96,32.093,51.763
151.57,274.98,32.112,51.794
151.44,274.92,32.156,51.864
151.42,274.92,32.118,51.803
151.29,274.85,32.179,51.901
151.21,274.89,32.111,51.792
151.06,274.8,32.19,51.92
151,274.88,32.135,51.83
150.91,274.95,32.152,51.857
150.82,274.98,32.042,51.681
150.92,275.05,32.12,51.807
150.59,274.89,32.139,51.838
150.54,274.97,32.062,51.712
150.67,275.12,32.055,51.702
150.57,275.14,32.041,51.678
150.48,275.12,32.062,51.713
150.33,275.14,32.095,51.767
150.01,274.99,32.129,51.82
149.88,274.88,32.175,51.895
149.63,275.04,32.062,51.713
149.77,275.19,32.071,51.728
149.59,275.29,32.096,51.768
149.27,274.98,32.201,51.937
149.22,274.92,32.163,51.876
149.1,274.97,32.109,51.789
148.98,274.94,32.18,51.903
148.91,274.9,32.153,51.86
148.75,274.96,32.108,51.788
148.6,274.93,32.129,51.821
148.53,274.91,32.155,51.864
148.51,274.93,32.091,51.76
148.37,274.83,32.176,51.897
148.31,274.92,32.094,51.765
148.24,274.91,32.137,51.835
148.15,274.83,32.187,51.915
148.11,274.91,32.082,51.745
148.2,275.05,32.124,51.814
147.88,274.87,32.159,51.869
147.74,274.91,32.071,51.727
147.85,275.09,32.085,51.75
147.59,274.87,32.093,51.763
147.48,274.86,32.106,51.785
147.34,274.81,32.174,51.893
147.3,274.84,32.13,51.822
147.16,274.83,32.168,51.883
147.15,274.93,32.063,51.715
147.22,275.02,32.11,51.791
146.86,274.8,32.152,51.858
146.71,274.94,32.049,51.692
146.81,275.1,32.064,51.716
146.69,275.04,32.084,51.749
146.38,274.86,32.112,51.793
146.28,274.8,32.185,51.911
146.2,274.84,32.115,51.798
146.06,274.78,32.172,51.89
145.96,274.86,32.092,51.761
145.81,274.88,32.113,51.796
145.6,274.84,32.147,51.85
145.55,274.9,32.088,51.754
145.45,274.88,32.106,51.783
145.29,274.83,32.189,51.918
145.2,274.91,32.148,51.852
145.1,274.92,32.121,51.808
144.95,274.89,32.186,51.913
144.57,274.93,32.07,51.726
144.27,275.04,32.146,51.848
143.64,274.9,32.094,51.765
143.11,274.86,32.174,51.893
142.72,274.92,32.093,51.763
142.14,274.85,32.183,51.908
141.73,274.87,32.149,51.854
141.23,274.89,32.156,51.865
140.77,274.95,32.138,51.836
140.19,274.79,32.27,52.049
139.6,274.83,31.949,51.531
139.28,274.81,32.16,51.871
138.97,274.94,32.135,51.83
138.54,274.82,32.233,51.989
137.76,274.74,32.061,51.712
137.75,275.09,32.156,51.865
137.1,275,32.209,51.95
136.37,274.62,32.24,52
136.47,274.68,32.147,51.85
137.25,274.87,32.221,51.969
137.5,274.79,32.066,51.719
138.51,275.19,32.077,51.737
138.85,275.22,32.164,51.877
