402.5,272.5,120,107
396.67,266.78,121.43,108.28
395.51,253.84,122.86,109.55
394.49,241.33,123.54,110.15
393.01,230.25,126.01,112.36
394.58,222.79,126.44,112.74
394.6,215.3,127.14,113.37
395.63,207.87,125.74,112.12
388.22,200.94,126.24,112.57
405.23,219.03,125.66,112.05
417.95,228.21,125.78,112.15
424.8,234.77,123.7,110.3
432.45,243.25,124.75,111.24
437.02,246.22,126.29,112.61
443.07,249.71,128.92,114.95
442.63,255.54,132.01,117.71
443.31,263.87,132.59,118.22
435.78,263.44,132.76,118.38
433.53,278.72,132.64,118.27
434.08,287.42,134.33,119.78
430.85,291.77,135.9,121.18
428.98,295.53,138.05,123.09
429.59,300.42,138.13,123.16
431.39,309.06,139.2,124.12
427.73,309.99,137.77,122.84
430.88,317.64,139.03,123.97
428.61,324.31,140.66,125.43
423.03,329.19,141.48,126.16
415.55,329.47,142.1,126.71
411.75,328.55,140.84,125.58
412.96,329.49,139.08,124.01
417.18,337.77,139.28,124.19
410.84,334.41,140.44,125.23
381.31,352.16,141.01,125.73
379.7,351.56,141.69,126.34
380.12,351.01,140.8,125.54
380.36,350.13,140.15,124.97
379.89,348.01,139.81,124.66
378.65,345.66,140.77,125.52
376.43,342.88,140.62,125.38
374.36,341.36,139.55,124.43
374.23,340.21,138.39,123.4
371.9,334.61,139.24,124.16
372.21,334.13,138.2,123.23
373.44,331.59,138.24,123.26
375.54,331.33,136.99,122.15
379.14,329.81,135.97,121.24
381.48,330.18,136.83,122.01
385.71,328.02,137.37,122.49
388.51,330.14,138.6,123.59
391.24,329.8,139.78,124.63
392.92,328.21,140.54,125.31
394.58,325.49,140.9,125.64
394.58,325.27,140.2,125.01
393.84,325.39,139.95,124.79
394.77,327.56,140.67,125.43
394.42,327.34,141.24,125.94
393.34,326.64,140.94,125.68
390.45,328.85,141.72,126.36
387.66,327.04,142.43,127
383.76,325.02,143.87,128.29
381.94,325.22,145.08,129.36
378.96,323.58,146.16,130.33
378.47,323.48,147.25,131.3
378.82,326.16,147.23,131.28
379.19,327.82,147.28,131.32
379.9,328.5,147.58,131.59
379.73,331.35,148.12,132.07
381.97,331.17,148.53,132.44
384.87,330.78,149.41,133.22
386.31,331.76,150.03,133.77
387.49,332.24,149.51,133.32
390.12,333.86,148.78,132.66
389.79,331.22,148.42,132.34
391.42,331.81,147.05,131.12
390.75,331.7,146.19,130.35
390.23,331.39,146.27,130.42
390.81,330.97,145.94,130.13
390.13,331.32,145.45,129.69
390.8,331.49,145.02,129.31
390.22,331.58,144.64,128.97
391.36,332.01,144.39,128.75
391.77,332.13,144.19,128.57
391.79,330.77,143.99,128.39
393.09,330.6,144.06,128.45
393.45,330.48,144.15,128.53
393.57,330.66,144.45,128.8
394.46,331.26,145,129.3
392.93,330.39,145.11,129.39
392.73,330.24,145.76,129.97
392.72,331.3,145.43,129.68
392.79,331.43,146.31,130.46
392.1,331.16,146.5,130.63
390.86,330.58,148.05,132.01
389.97,329.96,146.22,130.38
388.05,329.44,145.98,130.16
388.05,329.61,145.63,129.85
386.66,330.42,146.17,130.34
375.46,329.64,145.29,129.55
374.26,331.5,145.34,129.6
373.44,332.17,145.68,129.9
370.86,333.05,146.94,131.02
370.34,331.84,146.46,130.6
371.89,333.84,146.46,130.59
369.91,334.33,147.53,131.55
370.06,333.07,148.7,132.59
368.84,331.16,149.66,133.44
368.67,330.67,151.12,134.75
368.75,331.48,152.32,135.82
368.66,332.07,151.99,135.52
369.21,331.3,151.2,134.82
371.67,331.84,151.09,134.72
372.05,332.54,151.89,135.44
373.35,332,152.53,136
376.99,331.75,153.21,136.61
377.84,332.58,153.74,137.09
379.31,331.04,153.03,136.45
381.92,331.29,152.73,136.19
383.97,329.03,152.55,136.03
386.21,326.97,152.61,136.08
387.29,324.54,152.67,136.13
391.1,329.98,152.6,136.07
393.4,327.55,151.71,135.27
400.16,328.01,151.05,134.69
405.48,329.76,151.29,134.9
409.72,333.63,151.07,134.7
414.28,334.07,151.38,134.98
419.24,329.57,152.36,135.86
422.97,327.53,152.44,135.93
423.95,328.33,153.53,136.89
425.68,329.03,154.07,137.38
432.87,328.05,154,137.32
430.62,324.68,154.81,138.04
435.45,322.9,155.19,138.38
438,322.44,155.89,139
439.13,322.36,154.91,138.13
443.33,322.77,154.57,137.82
447.85,322.65,154.16,137.46
453.51,321.85,154.44,137.71
459.44,322.44,154.29,137.57
466.06,321.06,153.85,137.18
473.23,319.79,153.3,136.69
478.78,318.94,154.26,137.55
489.77,314.75,153.75,137.1
493.9,312.51,153.63,136.99
498.91,311.73,153.63,136.99
501.48,312.6,153.43,136.81
507.62,312.55,153.83,137.17
512.51,309.92,153.99,137.31
512.68,307.85,155.94,139.05
517.12,308.07,156.65,139.68
520.98,309.99,156.7,139.72
524.93,310.13,156.07,139.17
530.61,312.74,154.15,137.45
532.93,314.44,153.02,136.44
532.97,315.42,152.63,136.09
532.59,316.02,153.22,136.62
534.3,316.07,152.97,136.39
536.41,315.99,152.41,135.9
538.85,315.71,152.25,135.76
539.03,315.66,152.25,135.76
539.29,315.35,152.17,135.68
540.73,315.63,151.47,135.06
541.22,314.7,150.72,134.39
539.5,313.62,149.52,133.32
540.81,314.85,148.71,132.6
536.79,314.55,147.16,131.21
536.6,317.26,145.9,130.1
536.43,319.44,144.63,128.96
537.31,321.85,144.62,128.95
536.72,321.8,145.24,129.51
536.58,320.23,143.88,128.29
536.26,320.33,143.63,128.07
535.57,318.7,143.46,127.91
533.24,316.28,143.43,127.89
532.49,314.53,142.89,127.41
531.41,312.6,142.69,127.23
532.73,312.2,142.92,127.43
537.92,311.77,141.21,125.92
541.11,312.48,140.79,125.54
550.25,313.85,139.67,124.54
553.59,313.34,139.98,124.82
558,313.02,140.16,124.98
563.54,313,139.86,124.7
567.51,313.43,140.07,124.89
568.25,313.18,139.51,124.4
569.94,313.1,139.52,124.4
572.28,313.37,139.6,124.48
574.07,313.93,139.06,123.99
575.85,315.02,137.68,122.77
577.08,315.95,136.83,122.01
578.04,316.69,135.58,120.89
578.36,317.5,134.66,120.07
577.1,317.52,133.96,119.45
575.86,317.5,133.79,119.3
575.15,316.53,133.5,119.04
574.78,316.07,133.75,119.26
572.27,314.83,134.3,119.75
570.12,314.12,134.74,120.14
567.7,312.65,135.29,120.63
566.49,312.34,134.81,120.2
565.37,311.63,134.59,120.01
565.05,311.94,134.3,119.75
563.85,311.1,133.68,119.2
563.41,311.9,132.66,118.29
563.36,312.5,132.16,117.84
563.03,313.21,132,117.7
562.82,313.26,131.53,117.28
563.49,313.66,131.4,117.17
565.27,312.99,131.51,117.26
567.81,312.17,131.53,117.28
571.63,310.46,130.98,116.79
574.5,307.73,130.38,116.26
577.15,305.46,130.11,116.02
580.21,304.07,130.07,115.98
582.92,302.85,130.1,116.01
584.89,303.54,129.51,115.48
586.51,304.15,129.05,115.07
587.83,305.04,128.96,114.99
589.73,308.4,128.65,114.71
591.16,310.74,127.97,114.1
592.53,312.19,127.17,113.4
593.42,314.92,126.51,112.81
594.25,316.36,126.5,112.8
596.95,318.77,125.51,111.91
598.5,320.17,125.02,111.48
599.92,321.46,124.78,111.26
601.75,321.95,124.41,110.93
603.84,322.28,123.46,110.09
605.5,321.9,122.64,109.36
606.97,321.06,121.74,108.55
607.4,320.75,121.57,108.4
607.69,320.52,121.41,108.26
608.74,321.22,121.27,108.13
609.51,322.69,120.57,107.51
610.98,323.47,120.38,107.34
612.89,324.42,120.09,107.08
614.15,324.7,119.59,106.63
615.3,325.2,119.82,106.84
615.83,324.95,119.42,106.48
616.25,324.81,119.07,106.17
615.55,323.94,118.63,105.78
613.99,323.86,118.26,105.45
612.71,323.55,117.81,105.05
614.03,325.36,116.95,104.28
617.53,326.93,116.16,103.57
621.09,326.89,115.36,102.86
623.51,325.98,114.78,102.34
625.31,324.9,115.25,102.76
626.45,324.27,115.58,103.06
627.23,323.31,117.01,104.33
625,322.42,117.49,104.76
626.6,322.64,117.52,104.78
629.65,324.4,116.47,103.86
630.07,326.4,116.59,103.96
621.73,326.17,117.79,105.03
611.31,322.4,118.28,105.47
603.51,318.72,118.93,106.05
598.2,315.5,119.92,106.93
595.78,311.82,120.55,107.49
592.63,308.88,121.45,108.29
590.27,306.5,121.06,107.95
590.69,303.35,121.02,107.91
590.71,301.11,121.48,108.32
586.96,293.29,121.64,108.47
582.06,288.76,120.98,107.88
584.01,291.51,121.13,108.01
583.22,291.62,120.57,107.51
586.99,285.18,120.5,107.45
580.39,287.09,120.61,107.55
575.93,284.55,121.16,108.03
570.93,284.78,120.62,107.56
566.82,282.63,120.5,107.44
564.84,274.38,120.54,107.48
552.68,267.38,121.09,107.97
545.43,266.93,121.17,108.04
546.74,265.47,121.4,108.25
541.65,268.46,121.33,108.18
544.66,268.7,120.8,107.71
543.4,268.16,119.87,106.88
541.28,270.31,119.46,106.52
544.23,270.35,118.79,105.92
539.87,270.67,118.71,105.85
539.42,272.04,117.91,105.13
538.89,274.14,117.18,104.49
535.5,276.2,116.64,104
535.48,277.44,116.42,103.81
535.55,276.47,116.41,103.8
532.84,278.44,115.87,103.32
529.69,279.39,115.51,102.99
528.59,279.52,115.4,102.9
528.82,278.46,114.98,102.52
528.28,277.56,115.22,102.74
524.28,279.48,114.82,102.38
526.55,278.29,114.36,101.97
520.51,278.93,113.39,101.11
519.78,280.07,112.38,100.2
520.45,278.33,111.78,99.667
523.8,277.1,111.13,99.089
523.47,277.23,110.68,98.689
526.35,276.73,110.42,98.457
524.33,277.63,109.83,97.935
522.64,277.74,109.69,97.805
521.57,277.57,109.54,97.676
522.32,278.1,109.23,97.393
521.56,278.86,109.16,97.338
523.3,280.72,109.09,97.276
524.17,281.55,109.52,97.657
527.1,282.23,109.58,97.708
525.9,283.38,109.91,98.004
528.26,282.9,109.75,97.856
529.46,282.39,109.39,97.539
529.44,281.8,109.13,97.312
531.34,281.72,109.07,97.256
530.47,282.62,108.81,97.026
529.14,282.44,108.88,97.085
527.59,283.37,108.6,96.839
529.22,285.4,108.25,96.521
527.57,286.29,108.23,96.504
527.23,287.8,108.4,96.658
523.1,289.4,108.32,96.585
518.84,289.33,108.84,97.053
515.81,290.64,109.4,97.545
512.96,292.38,109.62,97.744
510.79,292.59,109.55,97.68
511.7,292.39,109.84,97.944
512.93,292.7,109.96,98.045
513.15,292.23,110.43,98.467
512.41,292.46,111.15,99.112
511.77,292.78,111.97,99.842
512.79,292.49,112.76,100.55
511.57,293.46,113.67,101.35
510.3,294.01,114.09,101.73
513.78,292.35,115.64,103.12
526.31,291.92,116.8,104.15
522.31,289.41,117.99,105.2
521.94,288.79,119.24,106.33
523.25,287.79,120.34,107.3
520.39,286.29,120.67,107.6
517.74,284.76,120.58,107.52
515.1,284.29,120.42,107.37
512.62,286.01,120.47,107.42
513.56,289.05,120.99,107.89
515.13,289.96,121.5,108.34
512.17,288.7,122.48,109.21
510.58,289.57,122.82,109.52
510.97,289.08,123.84,110.43
509.93,287.39,124.79,111.27
508.85,285.57,125.6,111.99
506.79,285.17,126.72,113
503.45,283.19,127.07,113.3
498.78,282.78,127.55,113.73
494.78,280.71,128.3,114.4
491.7,280.62,128.54,114.61
484.67,280.69,129.23,115.23
484.66,279.84,129.97,115.89
483.4,278.78,130.61,116.46
481.87,279.3,130.62,116.47
482.31,280.94,131.29,117.07
481.49,282.37,132.09,117.78
479.81,281.73,132.88,118.48
477.59,281.48,133.51,119.04
477.82,282.83,133.11,118.69
476.89,283.55,132.94,118.54
475.32,283.41,133.18,118.75
473.87,284.33,133.71,119.23
471.16,284.15,134.86,120.25
469.59,284.32,135.81,121.1
467.91,284.51,136.91,122.08
468.15,283.79,137.23,122.36
469.69,283.58,137.22,122.35
468.89,283.57,137.59,122.68
466.24,284.5,138.22,123.25
465.63,285.7,137.86,122.93
462.9,286.73,138.4,123.41
456.79,286.78,139.14,124.07
454.05,286.5,139.96,124.8
452.25,286.6,140.49,125.27
452.09,287.44,142.07,126.68
454.15,285,143.3,127.78
464.55,284.01,145.66,129.88
466.16,283.96,147.62,131.63
468.62,283.25,148.87,132.74
460.87,280.64,150.35,134.06
455.53,279.84,150.53,134.22
454.49,278.43,151.52,135.11
454.04,277.53,152.25,135.76
463.58,279.54,154.4,137.67
455.02,275.61,155.28,138.46
455.55,276.42,156.08,139.17
458.04,276.31,157.34,140.29
459.1,275.68,158.2,141.06
460.35,277.41,159.06,141.83
460.44,275.92,159.81,142.5
458.36,277.08,159.7,142.39
462.3,276.88,161.01,143.57
464.08,275.92,162.72,145.09
458.97,275.91,163.06,145.4
454.62,276.94,163.12,145.45
457.08,275.37,161.92,144.38
462.61,273.55,160.67,143.27
463.82,272.73,160.06,142.72
456.98,277.03,158.36,141.2
453.98,281.91,157.31,140.27
456.97,281.03,157.19,140.16
454.82,281.66,157.15,140.13
450.98,283.42,156.46,139.51
449.96,285.83,155.63,138.77
447.38,287.72,155.36,138.53
448.02,290.59,154.82,138.05
449.08,291.08,154.8,138.03
448.34,292.33,153.96,137.28
446.66,293.68,152.5,135.98
443.12,294.23,151.73,135.29
441.44,294.39,151.5,135.08
441.5,294.82,152.98,136.41
441.58,294,153.96,137.28
442.2,290.73,155.83,138.95
443.63,290.4,157,139.99
444.39,292.6,156.5,139.55
444.38,290,155.48,138.63
445.88,291.86,154.58,137.83
441.34,293.77,152.59,136.06
437.39,298.55,150.49,134.19
437.19,301.55,149.5,133.31
435.01,303.83,148.77,132.66
430.99,304.34,149.09,132.94
427.87,306.03,149.08,132.93
427.13,308.01,149.28,133.11
427.2,310.68,149.67,133.46
425.62,313.27,149.77,133.54
426.59,312.64,149.89,133.65
423.4,312.9,150.45,134.15
427.06,311.89,152.11,135.63
424.66,310.49,153.13,136.54
425.47,305.7,153.6,136.96
364.65,313.47,151.4,135
366.82,316.12,149.73,133.51
364.42,319.79,148.13,132.08
364.17,324.89,146.14,130.31
363.47,326.68,145.09,129.37
363.15,328.51,144.55,128.89
388.64,330.68,144.55,128.89
387.48,330.32,144.44,128.79
390.83,330.53,144.41,128.77
392.53,327.85,145.25,129.51
392.69,325.24,146.14,130.31
392.5,325.42,146.73,130.84
392.44,327.51,147.03,131.1
392.02,329.06,146.84,130.94
393.36,326.83,147.73,131.73
394.14,325.31,148.1,132.05
397.43,328.02,147.33,131.37
397.56,331.67,146.58,130.7
397.71,337.39,146.21,130.37
397.6,340.12,145.91,130.1
401.13,342.65,145.5,129.74
400.23,342.01,145.39,129.64
402.48,341.21,146.05,130.23
403.12,339.84,146.91,130.99
405.81,337.35,147.85,131.83
405.09,337.01,148.79,132.67
404.68,335.17,149.64,133.43
403.91,335.97,150.54,134.23
407.78,334.5,150.27,133.99
404.8,336.69,150.67,134.34
401.59,334.55,149.61,133.4
401.8,336.46,149.46,133.27
404.16,337.7,149.76,133.54
403.16,335.72,148.84,132.72
404.42,333.08,148.13,132.09
405.69,333.57,148.18,132.12
406.29,335.38,148.51,132.42
402.77,337.95,148.05,132.01
401.93,337,147.23,131.28
396.12,337.05,146.73,130.84
393.06,337.48,146.54,130.66
388.33,335.95,146.11,130.28
384.23,336.36,144.58,128.92
381.73,339.39,143.88,128.29
367.56,339.67,143.24,127.72
373.64,343.91,143.25,127.73
381.02,335.71,142.29,126.88
379.53,338.69,142.2,126.79
295.04,339.67,141.5,126.17
316.56,337.4,140.38,125.18
321.96,335.54,140.53,125.3
327.03,335.58,140.38,125.17
326.8,337.15,139.98,124.82
374.69,341.17,140.15,124.97
