69.5,313.5,110,110
89.771,310.1,109.76,109.76
112.94,309.39,109.67,109.67
130.14,308.19,108.95,108.95
147.61,305.91,108.49,108.49
164.77,303.96,108.24,108.24
180.15,301.97,106.97,106.97
195.9,300.73,106.23,106.23
210.81,297.41,106.8,106.8
224.56,296.72,105.45,105.45
239.34,294.78,105.96,105.96
254.88,292.15,105.49,105.49
268.51,289.53,104.54,104.54
283.31,288.01,103.24,103.24
296.55,286.16,103.22,103.22
307.5,284.75,103.53,103.53
325.97,282.19,102.76,102.76
343.25,279.78,102.85,102.85
355.69,277.97,101.5,101.5
367.03,275.62,101.86,101.86
378.15,273.42,101.68,101.68
388.52,271.58,100.26,100.26
400.08,271.73,99.191,99.191
411.82,270.57,97.135,97.135
422.15,268.57,95.965,95.965
430.58,267.02,96.38,96.38
437.87,265.07,95.463,95.463
409.11,263.58,95.013,95.013
384.2,262.54,94.331,94.331
358.56,261.3,93.243,93.243
331.66,260.26,92.7,92.7
302.93,258.05,92.203,92.203
310.39,257.36,91.334,91.334
315.58,255.27,91.089,91.089
318.89,253.42,89.751,89.751
322.39,251.88,89.272,89.272
327.77,250.12,87.957,87.957
331.02,248.49,87.551,87.551
335.75,247.37,87.112,87.112
339.91,245.99,87.393,87.393
344.03,244.55,86.484,86.484
347.84,243.29,86.459,86.459
350.86,241.68,86.657,86.657
354.13,239.54,86.222,86.222
357.57,238.31,85.547,85.547
359.13,236.16,84.75,84.75
360.74,234.84,84.425,84.425
362.87,233.08,83.98,83.98
364.05,231.48,83.271,83.271
364.81,230.15,81.978,81.978
365.93,228.98,81.384,81.384
366.58,228.32,80.607,80.607
367.55,227.24,79.854,79.854
368.24,226.96,80.268,80.268
369.59,225.26,79.913,79.913
371.06,223.92,79.814,79.814
371.67,221.85,79.897,79.897
372.97,220.64,79.213,79.213
374.29,219.4,78.92,78.92
374.75,217.92,78.032,78.032
375.23,216.36,77.23,77.23
376.05,215.59,76.429,76.429
376.01,214.71,76.301,76.301
376.19,213.36,75.799,75.799
376.15,212.22,75.542,75.542
376.23,210.99,75.245,75.245
376.05,209.93,74.586,74.586
376.4,208.96,74.312,74.312
376.61,207.34,73.874,73.874
377.03,206.55,73.97,73.97
377.59,204.72,73.636,73.636
377.89,204.12,72.527,72.527
377.76,202.66,71.377,71.377
377.44,201.96,70.864,70.864
377.98,201.51,70.474,70.474
378.22,199.92,69.982,69.982
378.14,198.8,69.788,69.788
378.24,198.01,69.641,69.641
378.76,197.12,69.666,69.666
397.86,195.8,69.753,69.753
415.5,194.56,68.991,68.991
448.56,193.21,68.891,68.891
482.54,190.09,68.309,68.309
527.43,189.73,67.608,67.608
554.31,187.41,67.379,67.379
555.07,187.3,66.993,66.993
555.24,185.39,66.342,66.342
555.2,184.01,65.934,65.934
555.11,182.47,65.627,65.627
555.21,182.23,65.665,65.665
555.76,180.61,65.427,65.427
555.47,178.95,65.283,65.283
554.78,178.07,64.608,64.608
554.99,177.08,64.071,64.071
554.69,176.26,63.708,63.708
554.91,175.03,63.715,63.715
555.21,173.36,63.36,63.36
555.59,172.48,63.108,63.108
555.75,171.52,62.811,62.811
556.39,170.61,62.584,62.584
557.15,170,62.18,62.18
557.47,168.98,62.047,62.047
557.84,168.57,61.55,61.55
558.62,167.29,61.17,61.17
559.26,166.41,60.781,60.781
559.44,165.81,60.617,60.617
560.12,164.82,60.174,60.174
561.21,164.07,59.93,59.93
561.44,162.95,60.216,60.216
561.84,162.44,60.182,60.182
563.01,161.54,60.077,60.077
563.59,160.64,59.8,59.8
564.56,159.71,59.984,59.984
565.67,158.63,59.63,59.63
566.83,157.69,59.216,59.216
567.98,157.15,59.222,59.222
568.81,156.26,59.056,59.056
569.84,155.46,58.915,58.915
570.47,154.84,58.595,58.595
571.39,153.91,57.976,57.976
571.95,153.01,57.866,57.866
572.51,151.98,57.762,57.762
573.15,151.22,57.53,57.53
573.47,150.32,57.196,57.196
574.26,150.22,57.106,57.106
574.43,149.38,56.929,56.929
574.38,148.47,56.684,56.684
574.16,147.99,56.328,56.328
574.35,146.83,55.956,55.956
573.86,146.1,56.037,56.037
573.51,145.4,55.877,55.877
572.91,144.48,56.076,56.076
572.87,143.96,56.034,56.034
572.47,143.51,55.881,55.881
571.9,142.47,55.704,55.704
571.76,142.08,55.45,55.45
571.77,141.34,55.497,55.497
571.8,140.77,55.415,55.415
571.78,140.21,55.523,55.523
571.63,139.77,55.923,55.923
571.84,138.95,55.744,55.744
571.96,138.07,55.594,55.594
572.56,137.71,55.262,55.262
573.27,137.31,55.351,55.351
573.68,136.15,55.108,55.108
574.15,135.79,54.641,54.641
574.54,135.32,54.399,54.399
575.15,135.31,53.921,53.921
575.17,134.24,53.559,53.559
575.57,134.12,53.64,53.64
575.77,133.46,53.458,53.458
575.81,132.73,53.573,53.573
576.12,131.57,53.287,53.287
575.99,131.31,53.298,53.298
576.3,130.6,53.067,53.067
576.47,129.88,52.386,52.386
576.99,129.93,52.005,52.005
577.61,129.68,51.479,51.479
577.86,128.29,51.364,51.364
578.21,128.04,51.132,51.132
578.99,127.65,50.745,50.745
580.21,127.71,50.465,50.465
580.58,127.24,50.105,50.105
582.53,126.73,49.386,49.386
583.14,126.04,48.887,48.887
584.37,125.86,48.631,48.631
584.95,125.28,47.997,47.997
586.3,124.86,47.972,47.972
586.7,124.66,47.812,47.812
587.11,123.94,47.505,47.505
587.98,123.31,47.245,47.245
588.66,123.57,47.161,47.161
589.3,123.3,47.14,47.14
590.29,122.78,47.156,47.156
591.16,122.29,47.25,47.25
592.03,121.8,47.447,47.447
593.13,120.88,47.443,47.443
