411.5,328.5,45,104
407.81,327.41,45.283,104.65
405.01,326.78,46.129,106.61
402.3,327.07,46.852,108.28
397.85,327.22,47.079,108.8
393.03,327.16,47.558,109.91
390.1,327.39,47.752,110.36
387.28,327.71,47.499,109.78
384.81,328.59,47.056,108.75
381.5,328.57,46.285,106.97
376.72,328.04,45.183,104.42
374.57,329.04,44.888,103.74
372.23,329.6,44.306,102.4
369.64,329.57,44.459,102.75
366.34,329.51,44.299,102.38
363.86,330.6,44.327,102.44
361.35,330.49,44.488,102.82
359.13,329.64,44.413,102.64
357.08,329.19,44.339,102.47
354.72,329.01,44.292,102.36
352.27,328.51,43.729,101.06
350.81,329.38,42.909,99.167
348.35,329.65,42.433,98.068
347.15,330.83,41.853,96.726
344.92,331.84,41.592,96.123
339.55,331.29,41.754,96.497
337.07,331.86,41.792,96.585
333.95,332.21,41.652,96.263
331.84,332.51,41.971,97.001
329.81,333.03,41.923,96.888
327.54,333.6,42.402,97.995
325.47,333.08,42.338,97.849
323.54,332.96,42.159,97.435
321.6,332.6,42.112,97.326
320.28,332.88,41.595,96.131
317.61,333.14,41.307,95.465
315.7,334.15,41.189,95.192
313.09,335.66,40.661,93.972
311.09,338,40.412,93.397
308.77,340,40.279,93.09
304.95,341.31,40.545,93.705
302.56,341.95,40.564,93.748
300.15,341.49,40.521,93.649
297.67,339.95,40.769,94.223
295.25,337.76,40.762,94.206
292.03,335.38,40.561,93.74
289.93,334.95,40.325,93.196
287.64,335.62,40.226,92.968
285.42,337.48,40.112,92.702
282.92,339.43,40.102,92.679
279.92,341.11,40.076,92.619
278.01,340.68,40.504,93.609
275.7,339.02,40.8,94.293
273.04,336.31,41.245,95.322
270.59,334.17,41.299,95.445
272.35,331.47,42.07,97.227
274.32,331.46,42.715,98.719
273.02,334.57,43.01,99.401
270.64,339.09,43.278,100.02
268.04,343.94,43.481,100.49
265,349.64,44.063,101.84
262.43,351.75,44.102,101.92
259.71,352.36,44.25,102.27
256.69,352.17,44.218,102.19
253.63,351.88,44.213,102.18
249.01,351.99,44.197,102.14
245.66,352.29,44.378,102.56
243.12,352.87,44.374,102.55
240.33,353.39,44.147,102.03
237.6,353.95,43.788,101.2
233.74,352.82,43.766,101.15
231.53,352.11,43.676,100.94
229.2,352.37,43.694,100.98
226.76,353.19,43.575,100.71
223.55,353.64,43.311,100.1
220.65,353.7,43.126,99.669
215.84,350.85,42.885,99.111
212.59,346.08,42.876,99.09
209.43,341.89,42.886,99.113
206.53,339.52,43.064,99.526
204.62,338.49,43.492,100.52
209.45,337.33,43.724,101.05
219.48,336.07,43.958,101.59
230.01,336.05,43.887,101.43
238.74,337.85,44.017,101.73
251.13,341.26,44.145,102.02
258.31,342.05,44.204,102.16
267.17,343.45,44.079,101.87
279.37,345.73,44.229,102.22
292.81,348.09,44.358,102.52
306.11,351.01,44.349,102.5
326.78,354.95,44.36,102.52
334.35,356.12,44.315,102.42
342.37,355.35,44.216,102.19
349.78,353.27,44.193,102.13
353.69,351.46,44.095,101.91
358.21,350.04,44.007,101.71
360.96,348.88,43.76,101.13
365,347.13,43.627,100.83
370.48,346.08,43.562,100.68
377.85,345.07,43.746,101.1
393.39,346.28,43.733,101.07
405.58,346.01,43.829,101.29
418.23,345.23,43.885,101.42
434.17,342.18,43.936,101.54
447.48,337.16,44.232,102.23
453.47,334.16,44.426,102.67
453.3,333.27,44.588,103.05
454.05,332.93,44.598,103.07
455.77,332.42,44.54,102.94
463.25,332.53,44.386,102.58
478.96,336.39,44.607,103.09
496.83,341.29,44.458,102.75
516.31,343.82,44.501,102.85
536.91,346.11,44.455,102.74
554.69,348.29,44.186,102.12
579.3,350.62,44.13,101.99
591.15,349.11,44.206,102.17
599.27,346.2,44.303,102.39
602.49,343.48,44.22,102.2
601.92,341.34,44.09,101.9
601.87,337.64,44.137,102.01
604.17,333.68,44.101,101.92
610.91,331.84,44.132,101.99
618.15,331.05,44.21,102.17
625.85,332.17,44.124,101.97
640.56,334.95,44.096,101.91
644.54,335.71,44.008,101.71
645.14,335.66,43.89,101.43
644.55,334.53,43.623,100.82
644.52,333.58,43.456,100.43
644.45,331.1,43.194,99.825
644.39,328.47,42.955,99.274
644.19,326.05,42.565,98.372
644.11,324.54,42.456,98.12
642.81,323.6,42.416,98.028
635.95,324.21,42.467,98.146
629,324.36,42.75,98.801
622.46,324.49,42.954,99.272
620.22,323.06,42.685,98.651
620,321.26,42.221,97.577
620.22,320.23,42.261,97.67
620.54,319.46,42.9,99.146
617.18,322.41,43.279,100.02
606.06,326.82,43.308,100.09
584.04,331.85,43.439,100.39
522.59,339.35,43.332,100.15
490.56,342.31,43.049,99.49
460.2,342.41,42.884,99.11
440.07,339.05,42.771,98.848
433.59,332.82,42.47,98.153
433.22,327.64,42.056,97.197
433.18,323.06,42.157,97.428
432.98,321.12,42.165,97.447
433.08,318.84,42.083,97.258
432.92,316.99,41.923,96.89
433.47,316.4,42.044,97.167
433.04,315.59,42.138,97.385
432.66,315.72,42.326,97.819
432.66,316.95,42.576,98.398
432.59,318.86,42.768,98.842
432.66,321.29,42.494,98.208
432.88,322.49,42.484,98.185
433.04,324.27,42.428,98.056
432.91,325.26,42.325,97.817
433.17,325.67,42.216,97.566
433.4,325.06,42.598,98.449
433.21,323.55,42.793,98.9
433.12,322.78,42.81,98.939
433.43,322.69,42.807,98.932
433.45,322.43,42.796,98.905
433.43,320.55,42.759,98.822
433.24,319.02,42.705,98.696
433.31,317.88,42.659,98.591
433.24,317.08,42.624,98.508
433.65,316.98,42.698,98.68
438.99,316.23,42.796,98.906
447.59,315.85,42.872,99.082
457.54,314.45,42.901,99.148
466.94,314.28,42.854,99.04
472.65,315.77,42.908,99.166
474.06,319.99,42.933,99.224
474.12,322.98,42.861,99.057
475.06,325.28,43.002,99.383
483.06,326.73,42.931,99.219
496.84,324.12,42.912,99.174
505.34,322.72,42.766,98.838
508.98,322.72,42.49,98.198
509.48,323.2,42.407,98.007
510.68,324.55,42.499,98.221
514.25,325.41,42.383,97.953
524.94,323.11,42.647,98.562
536.46,318.83,42.563,98.369
548.29,314.45,42.286,97.727
559.96,312.98,42.37,97.921
561.3,314.18,42.708,98.702
562.04,316.16,42.797,98.91
562.76,316.14,42.446,98.098
562.73,314.7,42.081,97.254
562.59,314.29,41.968,96.993
562.7,314.92,42.319,97.805
562.71,317.82,42.09,97.274
562.45,318.86,42.191,97.508
562.72,319.34,42.192,97.51
562.95,318.82,41.944,96.936
563.1,317.16,41.946,96.943
563.1,315.96,41.972,97.002
562.87,315.45,42.014,97.099
562.81,315.45,42.008,97.084
562.91,315.44,41.98,97.02
562.86,314.95,42.085,97.263
562.66,313.97,42.009,97.088
562.84,313.54,42.067,97.222
562.56,313.75,41.802,96.609
562.65,314.62,42.06,97.205
562.57,315.38,42.159,97.435
562.56,316.47,42.188,97.501
562.49,316.77,42.291,97.74
562.68,316.54,42.171,97.461
562.82,315.58,42.063,97.213
562.75,314.01,41.967,96.99
562.88,312.77,42.002,97.072
562.83,312.44,42.012,97.095
562.59,313.33,42.164,97.446
562.5,315.29,41.963,96.981
562.51,315.83,42.366,97.913
562.38,315.98,42.096,97.289
562.74,314.35,42.092,97.278
562.88,312.02,41.863,96.751
563.05,310.11,41.711,96.4
563.08,308.81,41.825,96.661
562.72,308.48,42.021,97.116
562.76,309.43,42.272,97.696
562.61,310.7,42.479,98.174
562.5,311.41,42.616,98.489
562.7,312.08,42.637,98.538
562.89,312.8,42.513,98.253
563.14,313.6,42.305,97.772
563.07,313.6,42.38,97.946
562.75,313.69,42.375,97.933
562.75,313.77,42.429,98.058
563.02,314.24,42.38,97.945
563.07,314.17,42.357,97.892
563.09,314.53,42.328,97.824
563.22,314.86,42.693,98.669
563.2,315.61,42.273,97.697
563.44,315.83,42.513,98.252
563.63,315.15,42.799,98.913
563.69,313.02,42.942,99.245
563.2,310.4,42.921,99.195
563.49,309.05,42.797,98.909
563.55,308.55,42.693,98.667
563.33,308.55,42.302,97.765
563.34,309.57,42.737,98.769
562.97,310.77,43.083,99.57
563.11,312.17,43.026,99.437
563.07,313.08,43.036,99.46
563.15,313.48,42.943,99.245
563.16,313.58,42.774,98.855
563.39,313.85,42.726,98.745
563.15,314.32,42.9,99.147
563.24,315.4,43.114,99.641
563.31,317.24,43.175,99.782
563.22,317.83,43.231,99.911
563.26,318.44,43.125,99.667
563.43,318.96,43.135,99.689
563.52,318.93,43.128,99.675
563.61,318.85,43.069,99.536
563.47,318.85,42.833,98.991
563.75,319.13,42.802,98.92
563.86,319.14,42.638,98.541
563.73,318.33,42.682,98.643
563.57,317.12,42.739,98.776
563.7,316.99,42.69,98.661
563.54,316.57,42.725,98.742
563.52,317.1,42.801,98.917
563.73,317.91,42.952,99.266
563.17,318.55,42.862,99.059
563.47,319.8,42.811,98.941
563.71,320.68,42.758,98.819
563.41,320.86,42.752,98.804
563.38,321.21,42.779,98.867
563.4,321.5,42.716,98.721
563.29,321.59,42.783,98.876
563.12,321.62,42.85,99.032
563.21,321.52,42.797,98.908
563.18,321.32,42.856,99.045
563.24,321.29,42.34,97.851
563.07,321.12,42.21,97.552
563.09,321.25,42.233,97.605
562.88,321.24,42.355,97.888
562.34,320.9,42.596,98.445
561.91,320.54,42.85,99.032
561.74,320.57,42.99,99.355
560.97,319.83,43.207,99.856
560.88,319.94,43.288,100.04
560.44,320.13,43.03,99.446
560.46,320.34,42.994,99.365
560.24,320.82,42.374,97.932
560.25,321.15,41.824,96.659
560.18,321.29,41.945,96.938
560.11,321.01,42.178,97.479
559.48,320.69,42.334,97.839
559.34,320.39,42.603,98.461
559.28,320.36,42.717,98.724
558.7,320.37,42.732,98.758
558.38,320.53,42.814,98.947
558.59,320.91,42.916,99.183
557.91,320.73,43.009,99.398
557.72,320.73,43.047,99.485
557.53,320.73,43.116,99.645
557.68,320.85,43.184,99.803
557.06,320.76,43.079,99.561
556.94,321.14,42.824,98.972
557.17,321.11,42.923,99.2
556.92,321.31,42.549,98.336
556.58,321.38,42.361,97.9
555.97,321.18,42.295,97.749
555.91,321.41,42.261,97.67
555.43,321.71,42.094,97.285
554.88,321.99,41.966,96.987
553.97,322.45,42.499,98.22
553.24,323.24,42.712,98.712
552.5,324.62,42.155,97.425
551.79,325.3,42.055,97.193
551.12,325.53,42.106,97.312
550.25,326.09,42.054,97.19
549.15,327.05,41.753,96.495
548.24,327.56,41.718,96.415
547.65,328.27,41.319,95.492
547.16,328.89,41.06,94.894
546.77,329.65,40.902,94.528
545.85,330.92,40.665,93.981
545.38,331.85,40.655,93.958
544.91,332.7,40.755,94.19
544.72,333.44,40.662,93.975
544.42,334.51,40.551,93.718
544.32,335.5,40.512,93.627
544.41,336.64,40.357,93.27
544.26,337.44,40.509,93.622
544.55,338.42,40.649,93.945
544.23,339.13,40.987,94.726
543.98,339.87,41.511,95.937
543.83,340.33,41.961,96.977
543.96,340.6,42.072,97.233
543.73,340.88,41.806,96.618
543.94,341.18,41.705,96.386
544.08,341.02,41.663,96.289
543.92,340.79,41.755,96.501
543.83,340.62,41.888,96.808
543.53,341.21,41.709,96.395
543.34,341.39,41.848,96.716
543.04,341.69,41.854,96.728
542.85,341.5,41.925,96.892
543,341.72,41.948,96.948
542.89,341.34,41.945,96.939
542.86,341.47,41.957,96.967
542.69,341.47,42.061,97.208
542.65,341.82,42.017,97.107
542.58,341.9,42.136,97.38
542.5,342.76,41.821,96.653
542.55,343.21,41.924,96.89
542.74,343.74,42.202,97.534
542.6,344.23,41.75,96.488
542.69,344.04,41.787,96.574
542.63,344.23,41.504,95.919
542.76,344.52,41.748,96.484
542.88,344.31,41.866,96.756
542.74,344.54,41.924,96.891
543.07,344.88,41.962,96.979
542.98,344.62,42.007,97.083
542.87,344.52,41.994,97.054
542.9,344.38,41.997,97.06
542.93,344.31,42.017,97.106
542.92,344.25,42.063,97.213
542.7,344.44,41.604,96.152
542.85,344.41,41.715,96.408
542.96,344.15,41.913,96.866
542.91,344.01,41.85,96.719
542.85,343.8,41.844,96.707
542.83,343.39,41.918,96.878
543.08,343.42,41.98,97.02
542.91,343.07,42.045,97.17
542.9,343.15,42.067,97.221
542.57,343.1,42.029,97.133
542.94,343.61,41.959,96.973
543.06,343.82,41.939,96.926
543.15,343.89,42.125,97.355
542.97,343.63,42.054,97.193
543.1,343.55,41.944,96.938
543.31,343.44,41.993,97.05
543.31,343.31,41.969,96.996
543.26,343.35,41.982,97.025
543.3,343.55,41.962,96.978
543.33,343.65,41.94,96.928
543.51,343.89,41.896,96.826
543.26,343.53,41.874,96.775
543.3,343.06,41.927,96.898
543.61,342.65,42.138,97.384
543.47,342.27,42.018,97.107
543.61,341.91,42.002,97.07
543.63,341.77,41.971,96.999
543.45,341.34,42.228,97.594
543.68,341.34,42.365,97.911
543.39,340.74,42.215,97.563
543.91,340.81,42.371,97.924
543.45,340.27,42.261,97.67
543.79,340.29,42.303,97.768
543.91,340.12,42.249,97.641
543.95,339.69,42.281,97.717
543.94,339.81,41.915,96.87
543.75,339.55,41.763,96.52
544.06,339.41,41.402,95.684
543.95,338.99,41.393,95.664
543.95,339.1,40.889,94.499
544.04,339.25,40.699,94.06
543.44,338.49,40.823,94.346
543.56,338.44,40.524,93.655
543.4,338.68,40.12,92.721
543.22,338.74,39.989,92.42
543.39,338.5,40.018,92.486
542.97,338.16,39.674,91.692
542.92,337.66,39.715,91.785
543,337.5,39.677,91.697
542.96,337.49,39.63,91.589
542.53,337.28,39.657,91.652
542.55,337.15,39.617,91.558
542.34,337.18,39.657,91.653
542.2,337.2,39.662,91.663
542.01,337.16,39.624,91.576
541.92,337.21,39.627,91.582
541.91,337,39.715,91.786
541.89,337.09,39.795,91.971
541.32,336.91,39.749,91.864
541.29,337.19,39.712,91.778
541.35,337.73,39.901,92.216
541.15,337.44,39.861,92.122
540.72,337.65,39.614,91.551
540.89,336.74,39.692,91.733
540.87,335.02,39.741,91.846
540.7,333.75,39.511,91.314
540.52,333.05,39.56,91.427
540.31,332.35,39.49,91.265
540.31,332.78,39.6,91.521
540.34,333.87,39.708,91.769
540.2,335.08,39.741,91.845
539.71,335.53,39.845,92.086
539.45,335.89,39.772,91.917
539.37,337.02,39.8,91.981
539.14,337.72,39.98,92.397
539.26,339.43,40.117,92.714
538.81,341.14,40.058,92.579
538.71,342.7,40.177,92.853
538.89,343.64,40.08,92.628
538.68,344.06,39.933,92.29
538.93,344.21,39.875,92.155
538.96,343.7,39.905,92.224
538.95,343.17,39.852,92.103
538.61,343.15,39.603,91.526
538.67,344.05,39.73,91.82
538.29,345.25,39.677,91.698
538.6,346.03,39.631,91.592
538.56,345.94,39.565,91.44
538.15,345.43,39.526,91.349
538.09,344.57,39.447,91.168
538.28,344.09,39.185,90.56
538.23,342.56,39.159,90.502
538.17,341.28,39.003,90.141
538.23,340.41,39.174,90.537
537.98,339.13,39.144,90.466
538.04,338.67,39.196,90.587
537.92,338.68,39.374,90.998
538.11,339.7,39.489,91.265
537.68,340.92,39.683,91.712
538.17,343.23,39.698,91.746
538.07,345.29,39.88,92.168
538.13,346.74,40.02,92.49
537.78,348.92,39.921,92.262
538.13,351.45,39.785,91.948
537.98,352.76,39.82,92.028
538.05,353.23,39.799,91.979
538.01,353.44,39.819,92.026
538.08,353.56,39.667,91.674
538.23,352.9,39.724,91.807
538.01,350.98,39.72,91.797
538.2,349.09,39.773,91.92
537.97,347.26,39.698,91.746
538.33,345.64,39.608,91.537
538.13,342.74,39.77,91.912
537.78,340.15,39.767,91.906
537.69,337.91,39.751,91.869
537.59,335.99,39.668,91.678
537.93,334.18,39.584,91.483
537.99,333.25,39.482,91.247
537.91,332.91,39.332,90.901
538.12,332.89,39.266,90.749
537.76,333.24,39.255,90.722
537.48,334.68,39.369,90.986
537.88,336.9,39.353,90.949
537.86,338.58,39.457,91.189
537.65,339.98,39.37,90.988
537.86,341.03,39.306,90.841
538.12,341.88,39.26,90.733
537.84,342.27,39.001,90.137
538.13,342.69,39.051,90.251
538.17,342.93,39.108,90.384
538.18,343.45,39.263,90.741
537.64,344.03,39.275,90.768
537.69,345.32,39.182,90.554
537.78,346.51,39.299,90.824
537.95,346.97,39.396,91.049
538.3,347.55,39.405,91.07
538.29,347.61,39.49,91.266
537.93,347.41,39.601,91.522
538.05,347.54,39.661,91.661
537.98,347.71,39.787,91.952
537.66,348.22,39.789,91.957
537.71,348.63,39.739,91.84
537.79,348.62,39.73,91.821
537.79,348.48,39.685,91.715
538.14,348.57,39.562,91.433
537.72,348.19,39.35,90.942
537.87,348.89,39.372,90.994
537.87,349.53,39.364,90.975
537.77,349.99,39.427,91.121
537.84,350.66,39.54,91.382
537.32,350.48,39.492,91.271
537.27,350.97,39.542,91.386
537.06,350.99,39.541,91.383
536.73,351.18,39.601,91.523
533.03,357.9,39.402,91.063
532.37,352.9,39.47,91.218
531.86,346.72,39.441,91.152
531.72,340.45,39.354,90.95
531.6,334.69,39.272,90.761
531.07,328.73,39.223,90.648
530.82,324.54,39.162,90.509
530.67,322.91,38.954,90.027
530.24,322.13,38.833,89.747
530.41,323.43,38.999,90.131
530.07,325.49,39.153,90.487
529.87,328.93,38.946,90.007
529.54,330.17,38.784,89.633
530.03,330.47,38.687,89.409
529.35,328.73,38.577,89.156
529.71,326.29,38.585,89.173
529.42,323.91,38.77,89.601
529.81,322.6,38.77,89.603
529.87,321.83,38.778,89.621
529.82,321.33,38.76,89.579
529.78,320.19,38.696,89.43
529.42,317.19,38.732,89.514
529.95,315.42,38.704,89.449
530.05,314.2,38.531,89.048
530.27,313.53,38.586,89.176
530.09,313.27,38.535,89.058
530.43,313.69,38.674,89.379
530.2,313.27,38.666,89.361
530.39,313.88,38.573,89.146
530.75,315.51,38.612,89.238
531.06,317.44,38.632,89.283
531.06,321.59,38.526,89.039
531.53,325.26,38.825,89.729
531.9,326.96,38.982,90.092
531.39,327.84,38.943,90.002
531.77,328.02,38.874,89.841
532.03,328.03,39.027,90.195
532.3,328.63,39.199,90.593
532.71,329.68,39.172,90.53
533,330.66,39.088,90.337
533.49,331.31,39.243,90.694
533.11,331.09,39.13,90.433
533.98,331.13,39.263,90.74
533.87,331.01,38.934,89.982
532.31,325.44,38.857,89.804
531.78,324.63,38.487,88.947
531.79,324.07,38.456,88.875
531.37,322.57,38.256,88.415
531.01,321.01,38.166,88.207
530.76,318.84,38.198,88.28
530.21,317.56,37.986,87.791
529.71,316.36,38.058,87.957
528.83,315.01,38.173,88.221
528.56,312.72,38.307,88.533
527.67,309.39,38.284,88.478
526.4,306.2,38.553,89.1
525.7,305.09,38.481,88.935
524.93,304.89,38.586,89.176
523.9,302.85,38.703,89.447
522.39,302.15,38.933,89.978
521.46,300.95,38.976,90.077
521.04,299.09,39.117,90.403
521.68,298.33,39.026,90.193
522.05,297.49,38.798,89.666
523.39,296.31,38.641,89.303
530.87,293.83,38.196,88.275
540.34,293.75,38.246,88.39
556.91,293.53,38.216,88.321
577.47,294.01,38.256,88.413
595.32,292.82,38.177,88.232
616.79,289.5,38.123,88.107
617.27,289.21,38.099,88.05
613.75,289.42,38.064,87.969
610.74,289.35,38.111,88.079
607.79,289.48,37.943,87.691
604.69,290.24,38.121,88.101
604.42,290.62,38.234,88.363
610.59,293.14,38.12,88.1
619.99,295.17,37.811,87.384
630.38,300.29,37.544,86.769
642.2,306.49,37.008,85.53
650.89,309.51,36.529,84.422
655.23,311.73,35.864,82.886
656.6,313.21,35.359,81.718
655.4,312.9,35.047,80.997
653.03,313.24,35.069,81.049
654.06,311.66,35.348,81.694
659.48,308.74,35.537,82.131
666.89,306.15,35.631,82.346
670.36,303.36,35.516,82.081
673.07,302.09,35.518,82.087
674.08,301.98,35.51,82.067
675.93,301.66,35.494,82.03
675.75,301.06,35.432,81.887
674.45,300.57,35.511,82.069
675.32,303.3,35.391,81.794
677.72,305,35.178,81.301
682.64,306.82,35.083,81.081
686.75,306.1,35.037,80.975
690,306.91,35.04,80.982
691.95,307.27,35.122,81.172
693.19,306.45,35.132,81.194
694.61,306.32,35.099,81.117
696.38,304.95,35.057,81.021
697.7,303.96,35.194,81.337
702.8,303.16,35.129,81.187
704.15,303.97,35.179,81.303
707.45,307.03,34.92,80.704
715.07,310.31,34.79,80.403
719.62,312.02,34.464,79.65
717.55,318.96,33.892,78.329
715.87,321.07,33.56,77.562
726.29,311.93,33.889,78.32
727.78,313.79,34.035,78.658
726.28,313.43,34.314,79.304
724.1,313.1,34.153,78.93
722.07,314.94,33.965,78.496
733.33,317.88,33.935,78.428
734.33,317.25,33.761,78.025
735.61,317.34,33.664,77.802
741.94,316.46,33.378,77.139
747.79,315.71,33.192,76.711
750.78,317.61,32.697,75.565
752.58,316.83,32.486,75.078
734.02,312.86,32.447,74.988
731.24,313.76,32.092,74.169
731.58,316.04,31.803,73.501
727.5,319.19,31.304,72.347
758.07,315.8,31.424,72.625
763.27,316.16,31.613,73.062
764.76,316.46,31.387,72.538
766.68,316.28,31.274,72.277
767.17,314.78,31.102,71.881
767.04,313.11,31.067,71.799
767.29,312.01,31.022,71.695
769.49,312,30.935,71.494
772.62,312.08,30.846,71.287
776.62,311.38,30.923,71.468
783.74,311.95,30.766,71.104
789.71,312.25,30.889,71.387
796.64,314.41,30.664,70.869
804.65,313.51,30.666,70.873
812.97,311.36,30.868,71.339
820.2,310.08,31.024,71.699
820.96,309.11,31.245,72.21
823.59,307.81,31.368,72.495
823.57,305.79,31.393,72.553
826.33,304.26,31.59,73.008
828.63,303.33,31.799,73.49
834.4,302.5,31.803,73.499
841.78,302.29,31.814,73.525
850.19,302.24,31.717,73.301
858.72,302.63,31.846,73.6
867.26,302.77,31.898,73.72
877.92,303.23,31.952,73.844
886.43,303.38,31.982,73.914
891.69,303.32,32.12,74.234
896.4,303.96,31.987,73.926
901.15,303.74,32.008,73.975
904.33,302.68,32.185,74.384
905.31,301.8,32.19,74.395
906.68,301.66,32.214,74.45
910.17,302.78,32.067,74.111
916.43,304.24,32.103,74.193
922.62,306.04,32.266,74.57
928.09,306.61,32.461,75.021
932.45,306.36,32.637,75.428
934.61,306.31,32.697,75.566
935.04,305.81,32.752,75.694
934.85,304.12,32.957,76.167
936.02,303.66,32.861,75.945
941.67,304.67,32.833,75.882
946.71,304.61,32.808,75.822
950.93,304.56,32.963,76.181
959.5,305.65,33.044,76.369
966.59,304.68,33.132,76.572
972.88,304.21,33.136,76.58
938.76,289.09,33.08,76.451
941.08,288.55,32.809,75.825
907.33,305.42,32.752,75.692
908.26,304.02,32.533,75.187
914.24,305.29,32.374,74.82
925.37,305.09,32.272,74.585
934.74,304.14,31.861,73.634
952.31,305.7,31.98,73.909
949.69,305.45,32.139,74.278
952.47,305.05,32.35,74.765
949.04,303.03,32.285,74.615
946.95,301.3,31.728,73.327
957.31,303.7,31.779,73.445
966.8,302.21,31.623,73.084
909,324.8,31.563,72.946
916.76,321.46,31.896,73.715
925.41,318.58,32.019,73.999
932.25,318.21,32.17,74.348
936.32,318.2,32.293,74.633
938.28,318.44,32.184,74.381
927.58,296.32,32.129,74.253
931,297.04,32.088,74.16
934.67,297.86,31.994,73.941
937.85,297.26,32.055,74.082
951.42,294.61,31.897,73.716
964.05,296.97,31.795,73.481
923.75,320.86,31.774,73.433
706.59,336.73,31.817,73.534
710.24,337.62,31.764,73.411
710.58,335.78,31.896,73.716
708.11,334.32,32.07,74.118
703.96,332.26,32.169,74.347
700.59,333.42,32.16,74.326
703.94,333.62,32.129,74.254
695.92,335.96,32.295,74.638
696.3,336.73,32.525,75.17
697.98,338.5,32.618,75.385
699.47,367.82,32.687,75.544
703.88,368.92,32.702,75.579
420.66,365.74,32.674,75.514
403.68,360.59,32.487,75.081
394.08,361.34,32.154,74.31
392.45,361.1,31.917,73.763
392.95,360.97,31.853,73.615
391.82,363.65,31.995,73.943
387.52,364.28,31.789,73.469
383.79,366.87,31.777,73.44
378.55,370.05,31.696,73.252
367.06,373.32,31.763,73.409
355.42,374.94,32.03,74.025
340,377.01,31.98,73.91
325.25,378.93,31.819,73.536
311.95,379.26,31.732,73.336
298.43,379.11,31.826,73.554
278.12,375.45,31.771,73.426
269.47,375.78,31.779,73.444
260.88,374.67,31.884,73.687
250.09,373.42,31.976,73.9
238.37,373.43,32.049,74.068
223.16,373.58,31.947,73.832
211.01,376.63,31.953,73.846
197.21,380.72,31.93,73.794
182.59,385.14,32.034,74.035
167.95,389.01,32.067,74.111
150.91,391.35,32.107,74.202
135.69,390.64,32.137,74.272
120.11,387.24,32.032,74.031
104.98,384.71,31.759,73.398
91.613,383.92,31.483,72.76
77.721,383.37,31.406,72.584
64.962,382.8,31.386,72.537
50.353,383.22,31.362,72.48
37.46,383.86,31.45,72.685
23.772,385.85,31.588,73.003
8.7711,389.25,31.598,73.027
-7.6731,391.66,31.845,73.597
-14.101,388.15,32.031,74.028
-14.986,389.79,31.882,73.683
-1.4696,443.68,32.21,74.44
19.662,477.83,31.756,73.391
21.973,528.47,31.707,73.278
22.893,529.94,31.412,72.596
23.872,529.65,31.307,72.355
24.388,529.51,31.47,72.73
27.163,528.7,31.332,72.411
20.798,528.23,31.388,72.54
23.291,527.97,31.344,72.439
22.866,531.35,31.482,72.759
6.5245,530.25,31.475,72.742
12.348,532.85,31.292,72.318
9.6997,530.43,31.018,71.685
5.5408,529.69,31.081,71.832
-12.093,529.98,30.896,71.404
9.3045,531.72,30.883,71.374
3.7047,531.14,30.976,71.588
-16.104,531.01,31.122,71.926
-17.593,532.41,31.175,72.049
-16.458,531.13,31.214,72.138
-13.678,529.87,31.303,72.345
-15.712,529.61,31.377,72.517
-16.158,530.1,31.394,72.556
-16.691,530.14,31.367,72.493
-17.681,529.98,31.404,72.579
-17.419,531.94,31.768,73.42
-17.226,530.32,31.557,72.932
-17.27,530.93,31.545,72.905
-18.073,530.78,31.459,72.706
-17.472,530.75,31.636,73.113
-16.554,529.61,31.688,73.234
-16.759,530.06,31.807,73.509
-17.448,529.8,31.98,73.91
596.37,355.23,32.257,74.549
594.63,355.8,32.388,74.851
593.2,357.53,32.486,75.08
592.5,358.18,32.532,75.186
591.15,358.06,32.657,75.474
589.73,358.38,32.8,75.805
588.32,358.51,33.025,76.324
586.63,359.45,32.784,75.768
584.96,361.38,33.016,76.304
582.98,361.83,33.004,76.277
581.4,362,32.994,76.253
579.48,361.77,32.988,76.238
577.28,362.74,33.159,76.634
575.03,363.64,33.674,77.825
571.84,363.55,34.13,78.877
568.96,363.1,34.419,79.546
566.08,362.34,34.629,80.032
563.59,362.04,34.613,79.994
559.53,362.94,34.812,80.455
578.43,382.67,34.814,80.459
576.88,384.21,34.973,80.825
576.58,384.8,35.185,81.317
575.54,385.63,35.439,81.904
553.27,363.77,34.971,80.822
554.55,365.55,34.779,80.377
555.24,365.86,34.498,79.729
517.03,348.2,34.728,80.26
516.24,349.95,34.924,80.714
516.76,351.18,35.085,81.085
515.67,351.21,35.261,81.492
515.74,352.53,35.498,82.039
515.26,353.29,35.756,82.636
513.92,353.53,35.968,83.127
510.6,353.38,36.213,83.692
509.37,354.71,36.257,83.793
507.94,354.61,36.271,83.825
507.13,355.44,36.165,83.581
505.93,355.57,36.102,83.435
504.86,356.51,36.33,83.963
502.51,355.16,36.574,84.528
501.55,357.5,36.695,84.807
500.01,357.68,36.706,84.832
497.18,357.71,36.632,84.66
497.05,361.94,36.769,84.976
496.73,363.36,36.854,85.174
493.59,363.17,36.845,85.152
466.69,367.19,36.835,85.131
471.15,365.77,36.682,84.775
476.72,365.23,36.801,85.051
486.39,366.36,36.65,84.703
492.61,364.27,36.496,84.346
496.06,363.09,36.795,85.037
497.99,361.83,37.071,85.676
498.39,358.53,37.364,86.352
500.8,353.49,37.602,86.903
500.47,351.53,37.615,86.932
501.59,350.48,37.478,86.616
503.13,348.59,37.368,86.361
507.32,350.23,37.421,86.484
512.59,352.54,37.582,86.857
516.81,355.15,37.676,87.073
518.53,355.16,37.705,87.14
518.31,354.15,37.884,87.555
518.25,353.3,37.969,87.751
517.71,352.33,37.982,87.78
518.51,352.62,37.825,87.417
519.08,352.51,37.636,86.98
520.05,352.86,37.503,86.674
520.23,352.84,37.313,86.234
520.85,353.23,37.206,85.986
520.78,352.41,37.037,85.596
520.39,351.68,36.92,85.326
520.05,350.98,36.975,85.453
521.42,352.36,36.938,85.367
520.84,352.08,36.953,85.403
522.37,353.68,37.06,85.649
523.05,355.33,37.08,85.697
522.9,355.12,37.174,85.914
522.12,354.8,37.356,86.333
522.53,355.33,37.361,86.345
522,355.1,37.47,86.597
521.06,354.5,37.467,86.591
520.79,354.44,37.59,86.875
521.35,356.06,37.662,87.04
521.39,358.25,37.759,87.265
520.86,359.89,37.771,87.292
520.82,361.37,37.813,87.391
520.81,362.73,37.824,87.416
520.8,363.32,37.822,87.411
519.99,363.25,37.862,87.502
519.66,363.17,38.006,87.836
519.49,363.01,37.987,87.793
518.29,361.94,37.947,87.699
517.63,360.15,37.969,87.751
516.81,359.79,37.917,87.631
515.57,359.17,37.96,87.731
513.83,358.99,38.123,88.107
512.41,358.83,38.179,88.235
512.83,358.74,38.367,88.67
515.24,358.9,38.662,89.352
521.48,360.83,39.011,90.158
531.08,364.31,39.443,91.158
541.35,367.05,39.705,91.762
550.25,367.91,40.069,92.605
554.96,366.44,40.155,92.804
553.43,362.21,40.54,93.691
551.23,358.34,40.67,93.992
551.06,354.03,40.891,94.504
552.17,351.65,41.102,94.99
554.19,347.84,40.941,94.619
555.27,344.94,40.315,93.173
564.28,346.2,40.324,93.194
572.13,345.69,40.25,93.023
583.65,346.85,39.713,91.782
604.09,355.24,39.838,92.069
616.72,355.22,39.785,91.948
624.4,353.67,39.615,91.555
625.58,351.28,39.441,91.153
624.63,347.25,39.06,90.271
622.95,342.28,38.853,89.794
623.82,340.1,38.711,89.465
628.17,338.2,38.215,88.319
638.51,338.44,37.795,87.349
650.5,337.88,37.163,85.888
662.78,339.68,36.233,83.738
665.41,339.82,35.349,81.696
665.22,339.67,34.573,79.903
665.67,341.15,33.896,78.337
664.75,340.24,33.131,76.57
665.59,340.4,32.521,75.16
665.59,340.24,32.057,74.086
665.27,339.07,31.416,72.606
665.23,338.12,31.158,72.01
665.36,336.46,30.719,70.995
666.41,335.09,30.588,70.692
666.62,333.34,30.178,69.744
667.36,333.37,30.162,69.707
667.98,333.06,30.133,69.642
668.92,333.44,30.394,70.245
669.94,334.1,30.651,70.838
671.41,334.92,30.678,70.899
671.9,335.06,30.876,71.359
672.17,335.3,30.916,71.451
672.98,335.5,30.953,71.537
673.34,335.2,31.018,71.687
673.62,334.71,31.27,72.269
673.79,334.62,31.353,72.46
673.82,334.68,31.536,72.883
673.86,334.77,31.866,73.645
674.15,333.61,32.226,74.478
674.1,331.37,32.397,74.872
673.98,329.67,32.334,74.727
674.11,328.72,32.392,74.862
674.43,328.09,32.334,74.728
674.62,327.68,32.437,74.964
675.07,327.35,32.464,75.027
675.31,326.7,32.376,74.824
675.15,326.14,32.364,74.798
675.11,325.87,32.372,74.816
675.07,325.45,32.502,75.116
675.52,325.15,32.522,75.161
675.37,324.96,32.589,75.317
674.87,325.09,32.629,75.408
674.71,325.85,32.74,75.666
675,327.36,32.759,75.711
675.15,327.66,33.024,76.322
674.97,327.5,32.988,76.239
675.1,327.5,33.101,76.5
675.12,327.74,33.151,76.615
675.09,327.92,33.154,76.623
674.67,328.14,33.094,76.484
673.52,328.31,33.087,76.468
672.03,328.69,33.105,76.508
670.63,328.65,33.194,76.714
669.35,327.49,33.279,76.911
668.28,326.81,33.199,76.726
667.62,326.31,33.04,76.36
667.35,326.07,32.964,76.184
666.86,325.33,32.868,75.961
667.1,325.28,32.749,75.687
666.78,324.43,32.607,75.358
666.15,323.62,32.428,74.946
665.94,323.63,32.529,75.177
666.22,323.87,32.566,75.263
698.87,310.03,32.283,74.609
698.57,309.86,32.229,74.485
696.88,309.09,32.007,73.971
700.54,313.38,32.107,74.203
700.35,313.17,32.308,74.667
700.43,314.82,32.452,74.999
700.19,314.75,32.656,75.471
700.05,314.61,32.931,76.107
699.02,313.96,33.01,76.29
699.06,314.67,33.167,76.652
699.37,315.99,33.365,77.11
698.81,316.26,33.406,77.205
703.36,321.92,32.946,76.141
729.15,333.71,33.312,76.987
731.93,327.08,33.089,76.473
731.15,317.05,32.934,76.115
724.32,345.32,33.156,76.628
712.18,332.38,33.259,76.865
677.4,340.36,33.177,76.677
714.95,351.97,32.858,75.939
692.11,355.04,32.797,75.796
706.48,373.36,32.889,76.01
697.23,333.89,32.737,75.658
694.02,315.86,32.919,76.078
692.43,313.9,32.951,76.154
692.06,314.74,32.993,76.25
691.48,315.3,33.189,76.704
691.49,316.5,33.319,77.004
690.64,316.1,33.416,77.227
690.56,315.22,33.592,77.635
689.63,314.19,33.735,77.964
690.09,314.86,33.882,78.306
689.21,314.37,34.02,78.623
689.49,314.73,34.198,79.036
688.84,314.41,34.349,79.385
688.7,313.97,34.504,79.744
687.81,312.78,34.621,80.013
687.69,312.98,34.741,80.29
687.25,312.63,34.959,80.794
687.46,312.94,35.217,81.391
687.71,313.28,35.443,81.913
688.04,314.09,35.475,81.987
687.66,314.27,35.684,82.469
688.18,314.17,35.852,82.859
689.04,315.85,36.18,83.617
688.13,314.98,36.266,83.814
688.87,316.78,36.501,84.357
689.9,318.94,36.714,84.851
685.98,313.45,36.773,84.986
687.77,316.12,36.882,85.239
687.91,317.57,36.928,85.345
687.16,318.4,37.051,85.629
686.84,317.66,37.191,85.952
685.37,315.1,37.155,85.869
684.09,313.65,37.223,86.026
683.03,312.84,37.196,85.964
681.75,311.4,37.065,85.662
680.54,311.02,36.884,85.243
678.18,310.77,36.852,85.169
676.12,310.42,36.802,85.053
674.45,311.59,36.653,84.71
672.99,313.16,36.359,84.03
671.76,313.94,36.114,83.462
670.46,314.68,36.013,83.23
669.07,315.27,35.782,82.697
669.43,316.89,35.616,82.312
667.92,317.02,35.3,81.581
667.47,316.8,35.052,81.009
666.86,316.8,34.826,80.486
666.97,317.02,34.707,80.213
666.56,316.51,34.685,80.16
666.89,316.84,34.585,79.929
666.71,316.56,34.428,79.568
666.39,315.98,34.435,79.584
666.43,315.8,34.441,79.597
666.63,316.23,34.435,79.582
666.5,316.12,34.435,79.584
666.6,315.87,34.386,79.47
666.64,315.25,34.429,79.569
666.76,315.42,34.423,79.556
667.03,315.58,34.369,79.431
667.65,315.98,34.87,80.589
667.51,315.89,35.117,81.159
667.42,315.48,35.164,81.268
668.28,316.4,35.364,81.731
667.95,316.09,35.522,82.096
668.32,316.4,35.827,82.801
668.41,316.42,36.087,83.401
668.71,316.65,36.091,83.41
668.85,316.65,36.265,83.813
668.42,315.97,36.359,84.029
668.99,316.13,36.441,84.219
669.27,315.49,36.659,84.724
669.28,314.29,36.554,84.48
669.14,313.58,36.069,83.36
669.71,313.59,35.83,82.806
670.01,313.44,35.367,81.738
670.24,313.83,35.213,81.381
670.52,313.85,34.927,80.72
669.92,314.25,34.619,80.008
669.77,314.61,34.526,79.794
669.53,314.66,34.255,79.168
669.66,314.94,34.056,78.707
669.9,315.06,34.181,78.995
668.75,315.06,33.807,78.132
668.66,315.4,33.849,78.228
656.92,325.81,33.774,78.055
656.99,326.12,33.798,78.11
656.03,325.59,33.792,78.096
656.63,325.53,33.713,77.915
655.96,325.03,33.639,77.743
657.51,324.26,33.658,77.787
662.57,323.95,33.454,77.316
666.08,323.76,33.187,76.7
665.76,323.39,32.963,76.182
664.95,323.26,32.809,75.825
664.41,322.42,32.585,75.308
665.64,321.3,32.42,74.926
666.35,320.69,32.345,74.753
658.3,326.78,32.55,75.227
660.69,322.46,32.523,75.164
661.79,321.13,32.162,74.33
665.19,321.46,31.964,73.871
665.28,321.17,31.894,73.711
665.59,320.78,31.819,73.537
665.49,321.08,31.665,73.182
664.87,321.31,31.502,72.806
665.35,322.47,31.126,71.936
665.58,322.73,31.066,71.797
665.62,322.39,30.843,71.281
666.57,322.27,30.798,71.176
665.92,321.94,30.521,70.537
665.93,322.45,30.702,70.956
666.1,323.05,31.152,71.996
665.89,323.3,31.325,72.396
665.9,323.34,31.703,73.269
665.73,322.81,31.705,73.273
665.75,322.85,31.868,73.65
666.22,323.41,31.932,73.799
666.7,323.55,32.117,74.225
666.98,323.86,32.084,74.151
667.41,324.85,32.2,74.418
667.87,325.63,32.271,74.582
667.49,326.28,32.356,74.778
667.6,326.62,32.36,74.786
667.69,326.71,32.315,74.683
667.68,326.74,32.236,74.501
667.51,327.03,31.906,73.739
667.43,326.9,31.555,72.926
667.3,326.61,31.302,72.343
667.47,326.54,30.913,71.443
668,326.49,31.204,72.116
668.03,326.74,30.832,71.256
668.18,326.88,30.617,70.759
668.55,326.67,30.737,71.037
668.43,326.32,30.805,71.194
668.5,326.36,30.919,71.457
668.8,326.63,30.872,71.349
668.4,326.37,30.817,71.222
668.53,326.58,30.746,71.058
668.82,326.8,30.74,71.043
668.91,327.14,30.881,71.369
668.79,327.82,30.894,71.4
668.66,328.48,30.865,71.333
668.63,329.44,30.871,71.346
668.65,330.11,30.949,71.527
667.47,331.04,30.766,71.103
667.71,330.98,30.382,70.215
667.6,331.13,30.151,69.682
667.81,330.82,29.941,69.197
667.49,330.25,29.54,68.27
666.88,330.35,29.279,67.668
666.05,330.44,28.89,66.768
665.63,332.24,28.73,66.399
664.31,331.89,28.69,66.305
664.1,331.85,28.514,65.899
663.56,332.88,28.509,65.886
663.22,333.31,28.399,65.633
661.99,332.82,28.296,65.396
661.11,332.64,28.149,65.056
661.85,333.4,28.095,64.932
661.81,334.15,28.053,64.833
662.18,335.07,27.877,64.428
662.58,335.34,27.834,64.327
662.56,336.26,27.953,64.603
663.29,337.2,28.207,65.189
663.57,338.07,28.319,65.449
662.96,337.42,28.315,65.439
663.01,337.62,28.284,65.366
662.81,337.96,28.387,65.605
662.46,337.6,28.349,65.517
662.42,337.3,28.279,65.355
662.65,337.65,28.462,65.778
662.21,337.58,28.349,65.519
662.14,337.62,28.209,65.195
662.52,337.94,28.38,65.59
661.85,337.34,28.236,65.257
662.28,337.83,28.232,65.246
662.11,337.9,28.393,65.619
661.8,337.54,28.308,65.422
662.3,337.82,28.5,65.868
662.11,337.66,28.588,66.071
662.22,337.4,28.736,66.413
661.97,337.17,28.552,65.988
662.39,337.57,28.441,65.73
662.15,337.15,28.354,65.529
662.23,336.81,28.299,65.402
662.71,337.02,28.218,65.215
663.04,337.11,28.149,65.056
662.71,336.87,27.79,64.226
662.8,337.05,27.635,63.868
663.21,337.48,27.467,63.48
662.82,337.02,27.346,63.199
663.48,337.74,27.214,62.894
663.01,337.05,27.244,62.963
663.5,337.43,27.263,63.007
663.52,337.48,27.274,63.034
663.67,337.85,27.459,63.461
663.93,338.14,27.529,63.622
663.93,337.87,27.561,63.696
663.93,337.81,27.363,63.239
664.49,338.9,27.268,63.019
663.62,339.4,27.162,62.775
664.34,340.84,27.03,62.47
664.74,342.71,27.022,62.452
664.76,343.72,27.023,62.453
664.47,344.36,27.152,62.75
662.97,345.46,27.558,63.69
662.3,346.49,27.922,64.531
662.16,348.42,28.211,65.198
666.85,333.63,28.494,65.853
667.38,334.41,28.591,66.077
667.62,334.83,28.824,66.616
667.68,335.04,29.098,67.249
667.74,335.28,29.324,67.771
667.12,334.76,29.472,68.113
667.46,335.19,29.893,69.085
667.17,334.92,30.176,69.74
667.35,335.15,30.272,69.961
667.32,335.17,30.708,70.97
667.57,335.08,31.061,71.785
667.03,334.4,31.266,72.26
667.52,335.02,31.326,72.399
667.53,335.1,31.397,72.562
667.3,334.69,31.501,72.802
667.41,334.59,31.526,72.86
667.8,334.41,31.799,73.491
667.5,334.66,31.857,73.625
667.72,334.46,32.167,74.342
667.99,334.92,32.238,74.505
667.98,334.77,32.371,74.814
667.85,334.58,32.504,75.121
668.19,334.14,32.82,75.852
668.3,333.95,32.921,76.084
668.07,333.54,33.106,76.512
668.51,333.17,33.189,76.704
668.21,332.25,33.26,76.868
668.25,331.85,33.331,77.032
668.55,331.79,33.352,77.08
668.64,331.88,33.307,76.976
668.43,331.6,33.354,77.086
668.9,331.97,33.564,77.569
668.71,332.11,33.805,78.127
668.61,332.06,34.057,78.71
668.94,332.25,34.131,78.88
668.74,331.63,34.169,78.969
668.59,331.41,34.174,78.98
668.7,331.5,34.175,78.982
668.68,331.55,34.186,79.007
668.61,331.75,34.161,78.95
668.73,332.16,34.231,79.112
668.61,332.18,34.202,79.044
668.64,332.17,34.181,78.996
668.65,331.96,34.226,79.101
668.74,331.84,34.143,78.907
668.82,331.9,34.136,78.892
668.82,331.82,34.191,79.019
668.65,331.65,34.135,78.89
668.83,331.79,34.151,78.927
668.87,331.78,34.135,78.89
668.87,331.51,34.138,78.896
668.81,330.99,34.257,79.172
669.05,331.05,34.263,79.185
669.22,331.08,34.299,79.268
669.22,331.38,34.392,79.485
669,331.52,34.462,79.646
668.99,331.57,34.436,79.585
669.18,331.94,34.419,79.546
669.19,331.96,34.425,79.559
669.18,331.79,34.446,79.608
669.19,331.64,34.484,79.697
668.87,331.25,34.502,79.739
668.85,331.23,34.509,79.754
668.75,331.23,34.49,79.711
668.66,331.37,34.509,79.754
668.73,331.5,34.447,79.61
668.86,331.54,34.441,79.598
668.92,331.39,34.42,79.549
668.93,331.38,34.425,79.559
668.99,331.62,34.414,79.535
669.04,331.87,34.359,79.408
669.32,332.28,34.329,79.339
669.11,331.96,34.808,80.445
668.84,331.92,34.485,79.699
668.92,331.67,34.46,79.64
668.83,331.37,34.491,79.713
668.82,331.62,34.497,79.726
668.9,332,34.45,79.619
668.99,331.99,34.476,79.678
668.77,330.73,34.438,79.589
668.87,329.63,34.502,79.738
668.8,328.56,34.557,79.866
669.05,328.12,34.659,80.1
669.03,327.17,35.222,81.403
668.81,325.96,35.806,82.751
668.76,325.58,36.127,83.494
668.75,325.48,36.274,83.834
668.61,325.87,35.6,82.277
668.85,326.94,35.138,81.208
668.73,327.45,35.108,81.14
668.72,328.02,35.051,81.007
668.76,328.41,35.002,80.895
668.99,328.73,34.968,80.815
669,328.56,35.396,81.803
668.74,328.4,35.065,81.039
668.85,329.09,34.919,80.701
669.06,329.7,35.453,81.936
668.94,329.8,35.498,82.039
669.1,330.02,35.469,81.974
668.81,329.43,35.592,82.257
669.15,329.47,35.637,82.36
668.69,328.69,35.642,82.372
669.03,329.33,34.878,80.607
670,328.41,35.143,81.219
669.99,328.17,35.251,81.47
670.08,328.37,35.365,81.733
669.76,329.01,35.143,81.22
670.02,330.6,35.274,81.523
670.16,331.07,35.503,82.052
670.2,330.42,35.517,82.084
670.05,328.56,35.529,82.111
670.07,326.52,35.597,82.269
669.79,325.55,35.229,81.417
670.08,325.48,35.413,81.844
669.8,325.67,35.2,81.351
670.22,326.26,35.561,82.186
670.04,326.31,35.805,82.75
669.98,325.65,36.002,83.205
669.74,324.72,35.396,81.804
669.85,324.25,35.163,81.266
670.01,323.73,35.565,82.195
670.17,323.78,35.637,82.361
669.64,323.09,35.752,82.627
669.84,322.81,35.851,82.856
669.97,322.46,35.922,83.019
669.53,322.38,35.967,83.124
669.6,324.04,36.035,83.281
669.74,325.65,35.967,83.125
669.76,326.19,36.089,83.406
670.34,327.32,36.03,83.269
669.92,326.98,35.951,83.086
669.85,326.72,36.089,83.406
670.38,327.59,36.035,83.281
669.97,328.21,36.004,83.209
669.93,328.47,36.057,83.331
670.24,328.5,36.115,83.467
670.34,328.49,36.081,83.386
670.49,327.53,35.927,83.032
669.95,325.99,35.9,82.969
670.1,325.42,35.968,83.126
669.86,324.74,35.916,83.006
669.98,325.15,35.924,83.023
669.86,325.32,35.925,83.027
669.82,325.44,35.939,83.059
669.83,325.63,35.957,83.1
669.88,326.7,35.931,83.04
669.93,328.51,35.805,82.75
670.58,330.44,35.764,82.655
670.4,330.97,35.662,82.419
670.06,330.89,35.679,82.459
670.1,330.75,35.661,82.417
670.09,330.14,35.601,82.279
670.27,329.64,35.614,82.309
670.29,329.41,35.59,82.252
670.57,329.74,35.607,82.293
670.27,329.28,35.637,82.362
669.92,328.63,35.649,82.389
669.95,328.17,35.671,82.439
669.93,327.79,35.746,82.614
669.87,327.95,35.846,82.844
670.25,328.95,36.032,83.273
669.72,329.05,36.016,83.237
669.84,329.22,35.941,83.064
669.74,327.32,35.908,82.987
669.92,326.77,35.997,83.193
669.6,326.31,36.044,83.303
669.58,326.9,36.02,83.247
669.53,328.38,35.982,83.16
669.52,329.39,36.052,83.321
669.91,330.19,36.028,83.265
669.56,330.06,36.081,83.388
670.04,330.64,36.078,83.379
670.09,330.54,36.06,83.338
669.9,329.17,35.949,83.081
669.53,326.99,35.934,83.047
669.88,326.02,35.184,81.314
669.8,324.87,35.751,82.626
669.67,324.41,35.874,82.908
669.92,324.68,36.005,83.212
669.68,325.77,35.419,81.858
669.94,327.14,35.094,81.107
670.17,328.5,34.648,80.074
670.23,328.86,35.416,81.851
669.89,329.26,35.096,81.112
669.59,328.56,35.828,82.803
670.02,328.8,36.025,83.258
669.63,328.42,35.973,83.139
669.48,328.65,36.047,83.308
669.8,330,35.245,81.454
670.08,330.22,35.808,82.756
669.93,329.81,36.098,83.427
669.83,329.28,36.104,83.44
669.7,328.69,36.061,83.34
669.57,328.04,36.047,83.309
669.64,328.35,35.372,81.749
669.86,329.15,34.934,80.736
669.87,329.38,35.74,82.598
669.63,329.7,35.375,81.755
669.75,329.9,35.084,81.083
669.78,329.59,35.035,80.97
669.58,328.77,35.919,83.012
669.63,329.37,35.334,81.66
669.67,329.58,35.115,81.155
669.67,329.52,35.083,81.08
669.73,329.43,34.994,80.874
669.95,329.26,34.899,80.656
669.86,328.12,35.717,82.545
669.53,328.17,35.257,81.484
669.71,328.61,36.008,83.217
669.45,329.59,35.4,81.814
669.67,330.59,35.062,81.032
669.73,331.14,34.932,80.732
669.73,330.44,35.915,83.003
669.88,330.68,35.236,81.434
669.8,329.84,35.8,82.737
669.64,328.92,36.136,83.515
669.77,328.88,35.991,83.18
669.62,329.49,35.248,81.463
669.78,329.95,35.913,82.999
669.48,329.87,36.2,83.662
669.45,329.84,36.296,83.885
669.55,330.04,35.54,82.138
669.96,329.91,35.779,82.689
669.91,329.66,35.941,83.063
669.76,329.97,35.353,81.705
669.92,330.53,35.103,81.127
669.97,330.73,34.993,80.873
669.78,330.4,35.795,82.727
669.93,331.51,36.066,83.352
669.86,332.48,36.147,83.541
669.86,332.92,36.118,83.472
669.88,331.92,36.072,83.367
669.9,330.8,36.021,83.248
669.5,329.93,36.027,83.262
669.49,330.1,36.013,83.229
669.48,330.34,36.061,83.341
669.73,330.58,36.071,83.365
669.92,330.54,36.064,83.349
669.71,330.22,36.04,83.293
669.82,330.9,35.265,81.502
669.98,331.02,35.889,82.943
669.81,330.74,36.219,83.706
669.62,330.62,35.447,81.921
669.83,330.17,35.761,82.648
669.72,329.84,35.957,83.1
669.74,330.53,35.371,81.746
669.9,331.11,35.058,81.023
669.91,329.87,34.845,80.531
669.77,328.12,35.719,82.55
669.8,328.29,35.287,81.552
670.01,329.65,36.05,83.315
669.79,330.08,36.11,83.453
670.02,330.36,36.097,83.425
670.06,330.01,36.11,83.454
670.01,329.95,36.15,83.548
669.99,330.96,36.189,83.636
670.05,331.4,36.163,83.578
669.98,330.61,36.196,83.652
670.01,330.15,36.083,83.392
670.1,329.78,35.934,83.047
669.56,329.27,35.942,83.066
669.56,329.39,35.979,83.152
669.57,329.39,36.008,83.218
669.59,329.51,35.936,83.051
669.6,329.56,35.989,83.174
669.6,329.69,35.989,83.174
669.54,329.75,36.076,83.375
670.01,330.35,36.075,83.372
669.96,330.62,36.203,83.668
669.71,330.67,36.205,83.673
669.66,330.78,36.206,83.677
669.71,330.72,36.189,83.637
669.99,330.95,36.163,83.576
670.04,331.01,36.153,83.553
670.05,331.15,36.138,83.52
670.17,331.36,36.034,83.278
669.77,331.23,35.856,82.866
670.23,331.65,35.932,83.043
669.82,330.95,35.966,83.122
669.66,330.51,36.048,83.31
669.69,330.54,36.044,83.301
669.76,330.6,36.01,83.223
669.75,330.64,36.013,83.23
669.82,330.61,35.925,83.026
669.9,330.63,35.877,82.916
670.38,331.11,35.853,82.861
670.41,331.2,35.769,82.665
670.27,331.13,35.766,82.659
670.2,331.03,35.775,82.68
670.49,331.21,35.738,82.596
670.23,331.4,35.606,82.289
670.68,332.84,35.451,81.931
670.55,332.56,36.08,83.386
670.35,333.5,35.714,82.538
670.31,333.22,35.463,81.959
670.63,332.94,35.399,81.81
670.64,333.1,35.351,81.701
668.95,348.43,34.913,80.689
669.39,348.02,34.766,80.348
669.97,346.8,34.289,79.247
666.97,341.92,33.712,77.912
670.09,342.04,33.285,76.924
668.75,340.7,33.097,76.491
669.43,340.47,32.458,75.014
669.9,340.85,32.076,74.131
670.24,340.44,31.729,73.329
670.41,340.01,31.613,73.06
670.62,339.7,32.083,74.146
670.47,339.19,32.354,74.774
670.36,339.01,32.635,75.423
670.16,338.88,32.776,75.748
669.69,339.63,32.21,74.441
668.75,340.55,31.698,73.258
668.19,341.19,31.582,72.988
667.82,343.85,31.47,72.731
667.47,346.48,31.576,72.976
665.81,346.59,31.564,72.948
670.63,334.03,31.568,72.957
670.06,334.25,31.333,72.413
669.1,336.44,31.287,72.308
670.59,337.35,31.576,72.975
670.79,336.59,31.963,73.87
671.2,335.54,32.313,74.679
671.09,335.58,32.751,75.69
671.02,335.26,33.454,77.316
670.81,334.79,34.196,79.032
670.26,334.1,34.428,79.567
670.09,333.49,35.146,81.226
669.97,333.05,35.765,82.656
669.94,332.78,35.997,83.192
669.69,332.23,36.161,83.572
670.29,332.55,36.244,83.764
669.94,332.1,36.35,84.01
669.92,332.89,36.463,84.27
669.96,333.86,37.305,86.217
669.95,334.46,37.736,87.212
669.85,335.38,37.023,85.564
669.99,335.15,37.536,86.751
669.72,334.25,37.625,86.956
670,333.12,37.73,87.199
669.93,332.85,36.998,85.506
669.95,332.29,37.473,86.605
669.9,332.81,36.694,84.804
669.93,332.33,37.37,86.367
669.83,332.18,37.656,87.026
669.87,332.45,37.769,87.289
669.82,333.16,36.984,85.475
670,333.21,37.414,86.467
669.84,333.85,36.693,84.802
669.87,333.65,37.442,86.533
669.92,334.81,36.79,85.025
670.01,334.51,37.356,86.334
669.93,333.88,37.622,86.948
669.92,333.29,37.712,87.157
669.91,333.11,36.945,85.383
670.09,333,36.597,84.579
669.87,332.94,36.494,84.341
669.88,332.88,37.365,86.354
669.73,333.14,37.755,87.255
669.66,333.67,36.979,85.462
669.8,332.74,37.43,86.504
669.62,332.25,36.741,84.913
670.13,332.3,36.63,84.657
669.61,332.4,36.695,84.806
670,333.7,36.742,84.915
670.21,334.62,36.548,84.465
669.68,334.1,36.521,84.403
669.59,333.99,36.473,84.293
669.95,334.11,36.469,84.284
670.07,334.45,36.473,84.293
670.01,334.66,36.551,84.474
669.58,334.09,36.478,84.305
670.17,334.26,36.446,84.232
670.18,333.95,36.366,84.045
669.95,333.87,36.334,83.973
669.62,333.38,36.25,83.778
669.65,333.12,36.216,83.699
669.72,333.02,36.145,83.535
670.29,333.37,36.144,83.532
670.35,333.21,36.465,84.274
670.43,333.1,36.604,84.596
670.1,332.91,36.455,84.253
670.41,332.95,36.725,84.875
670.43,332.5,36.946,85.386
670.61,331.72,37.003,85.519
671.12,331.35,37.436,86.518
670.77,330.44,37.591,86.876
671.43,330.29,37.855,87.487
671.46,329.2,37.935,87.672
671.13,327.51,38.155,88.18
671.09,325.8,38.372,88.682
670.48,324.38,38.482,88.935
672.26,325.24,38.618,89.251
671.64,324.16,38.54,89.07
672.21,324.58,38.32,88.562
672.46,324.63,37.912,87.62
673.28,326.09,37.636,86.981
673.02,326.21,37.476,86.61
672.52,325.87,37.149,85.855
672.47,325.81,36.907,85.296
672.16,325.92,36.567,84.51
672.14,325.92,36.358,84.027
672.49,325.77,36.509,84.376
671.79,325.64,36.506,84.37
671.32,325.98,36.41,84.148
671.43,326.5,36.628,84.652
671.22,327.03,36.688,84.791
671.28,327.87,36.7,84.818
671.23,328.78,36.858,85.182
670.93,329.38,36.578,84.535
670.8,329.49,36.551,84.473
670.66,328.7,36.393,84.108
671.19,328.9,36.278,83.843
670.71,327.95,36.136,83.515
671.03,328.14,35.991,83.179
670.55,327.61,35.953,83.091
670.6,328.12,35.98,83.154
670.61,328.23,35.96,83.107
670.68,328.6,35.568,82.202
670.66,329.05,35.701,82.509
670.51,329.24,35.294,81.568
670.77,329.74,35.084,81.084
670.74,329.43,34.93,80.728
670.91,329.11,35.234,81.43
670.96,328.31,35.354,81.708
670.88,327.8,34.92,80.704
671.05,327.4,35.145,81.224
671.03,327.17,34.882,80.616
671.02,326.81,34.73,80.264
671.19,326.51,34.544,79.834
670.99,325.53,34.485,79.698
671.12,324.88,34.463,79.648
671.15,323.49,34.446,79.609
671.34,322.48,34.906,80.671
671.82,322.04,35.084,81.083
671.39,321.66,35.102,81.124
671.3,322.51,35.177,81.297
671.63,323.78,35.297,81.574
671.93,325.05,35.46,81.952
671.79,325.61,35.244,81.452
672.01,326.09,35.483,82.006
672.09,325.65,35.594,82.261
672.02,325.03,35.641,82.369
671.93,324.34,35.531,82.117
672.32,324.46,35.528,82.11
672.33,325.11,35.515,82.08
672.25,326.02,35.542,82.142
672.54,327.09,35.595,82.264
672.6,327.44,35.736,82.59
672.65,326.9,35.681,82.463
672.44,326.33,35.805,82.75
672.75,326.24,36.028,83.265
672.62,325.55,35.747,82.616
673.1,325.28,35.862,82.88
673.14,325.26,36.008,83.217
673.03,324.94,35.899,82.965
673.12,324.89,35.983,83.161
673.2,324.37,36.013,83.229
672.84,324.13,36.085,83.395
673.49,325.28,36.114,83.464
673.54,325.75,36.119,83.474
673.49,325.37,36.486,84.322
673.51,325.24,36.679,84.77
673.46,325.12,36.827,85.112
673.21,324.75,36.725,84.876
673.93,325.19,36.874,85.221
673.57,324.82,36.825,85.107
673.91,325.04,36.675,84.761
674.44,325.24,36.976,85.455
674.56,325.38,37.012,85.539
674.33,325.35,37.083,85.703
674.56,325.78,37.164,85.89
673.86,325.3,37.119,85.785
674.08,325.33,37.032,85.585
674.73,325.63,37.032,85.585
674.96,325.61,37.005,85.522
674.74,325.41,36.955,85.407
675.44,324.58,36.863,85.195
674.78,323.07,36.891,85.26
676.03,322.26,36.776,84.994
675.57,322.75,36.756,84.946
675.84,323.34,36.894,85.266
675.75,323.94,36.871,85.212
674.9,324.5,36.967,85.436
675.32,325.32,37.049,85.623
676.59,325.17,37.191,85.952
677.22,324.21,37.36,86.343
677.75,324,37.541,86.761
678.07,323.36,37.503,86.672
677.74,322.97,37.435,86.516
678.61,323.17,37.497,86.659
678.5,323.31,37.628,86.962
678.14,323.87,37.834,87.44
678.23,324.11,37.836,87.444
678.99,323.65,38.081,88.009
678.52,322.72,37.942,87.688
678.37,322.76,37.906,87.605
678.99,322.83,38.088,88.025
678.31,322.88,37.929,87.659
678.68,323.35,38.283,88.476
678.41,322.75,38.47,88.909
679.05,321.56,38.451,88.865
679.25,319.81,38.396,88.736
678.93,318.94,38.418,88.787
679.18,319.28,38.458,88.881
678.3,320.74,38.256,88.414
678.86,321.34,38.45,88.862
678.9,321.26,38.573,89.147
679.06,320.35,38.926,89.962
678.77,319.91,38.698,89.436
678.94,320.49,38.615,89.243
679.07,321.37,38.59,89.185
678.83,321.88,38.585,89.174
678.8,321.38,38.598,89.204
679.12,320.38,38.498,88.973
679.32,320.08,38.788,89.643
679.1,321.53,38.744,89.541
678.34,323.45,38.87,89.832
678.05,325.21,39.008,90.152
678.49,326.74,38.946,90.008
678.09,326.16,39.069,90.293
677.85,325.94,38.992,90.116
677.68,325.78,38.906,89.915
677.18,326.02,38.733,89.515
676.81,326.52,38.617,89.249
676.22,326.47,38.646,89.314
675.3,326.4,38.598,89.204
674.73,326.67,38.55,89.094
674.24,327.42,38.298,88.512
673.74,327.74,38.127,88.117
672.37,328.83,37.946,87.697
672.3,329.79,37.648,87.01
671.89,330.4,37.413,86.466
670.86,331.04,37.213,86.003
670.69,331.97,37.023,85.564
670.32,333.47,36.778,84.999
670.1,334.25,36.495,84.345
669.25,334.58,36.313,83.923
668.57,334.46,36.099,83.428
668.93,334.93,35.973,83.137
668.06,334.49,35.804,82.747
668.53,334.76,35.71,82.53
667.9,334.63,35.744,82.607
667.79,335.38,35.809,82.757
668.29,336.11,35.782,82.697
668.5,335.57,35.85,82.853
668.53,334.8,35.772,82.672
668.57,333.68,35.682,82.465
668.48,332.87,35.509,82.066
669.04,332.5,35.707,82.524
668.58,331.35,35.652,82.395
668.7,331.05,35.513,82.075
669.08,331.76,35.585,82.242
669.19,332.18,35.686,82.473
668.81,332.2,35.848,82.849
669.3,333.12,35.967,83.123
669,332.92,35.816,82.774
669.52,333.16,35.888,82.941
669.61,332.91,35.956,83.099
669.19,332.51,35.812,82.765
669.56,333.02,35.787,82.709
669.58,333.45,35.817,82.777
669.68,333.83,35.867,82.893
669.57,333.6,35.892,82.951
669.51,332.52,35.771,82.672
669.18,330.56,35.504,82.055
669.67,329.91,35.344,81.685
669.44,329.05,35.242,81.447
669.95,329.67,35.159,81.256
669.68,330.18,34.949,80.772
669.94,332.02,34.8,80.426
669.56,333.12,34.593,79.949
670.07,334.67,34.427,79.566
670.1,335.95,34.59,79.941
670.17,336.78,34.416,79.539
670.47,337.45,34.363,79.417
670.52,336.81,34.497,79.727
670.19,334.68,34.363,79.416
670.94,333.84,34.345,79.375
671.53,333.75,34.057,78.71
671.77,334.41,33.716,77.922
671.42,334.92,33.645,77.758
671.51,335.47,33.551,77.541
671.35,336.16,33.639,77.744
671.55,336.68,33.601,77.655
671.2,336.94,33.583,77.613
671.21,337.62,33.531,77.494
671.34,338.3,33.588,77.626
671.06,338.52,33.581,77.61
671.02,339.01,33.61,77.677
670.98,339.63,33.691,77.863
671.24,340.3,33.521,77.471
671.22,340.35,33.464,77.339
671.56,339.86,33.491,77.401
671.24,338.62,33.365,77.109
671.14,337.2,33.25,76.844
671.03,336.33,33.251,76.848
671.23,336.08,33.253,76.851
671.24,335.97,33.189,76.703
671.18,336.09,33.119,76.543
671.11,336.29,33.1,76.497
671.03,336.61,33.1,76.498
671.05,336.79,33.125,76.555
670.91,337.31,33.096,76.49
671.12,338.16,33.117,76.536
671.02,340.45,33.058,76.401
671.12,342.43,33.072,76.432
671.25,344.18,33.002,76.27
671.13,344.89,32.732,75.646
671.36,344.86,32.763,75.72
671.46,344.58,32.751,75.692
671.61,344.53,32.71,75.596
671.52,344.57,32.767,75.729
671.78,344.95,32.803,75.811
672.05,345.22,32.818,75.846
672.05,344.67,33.268,76.885
672.2,343.93,33.577,77.6
671.96,342.6,33.819,78.16
672.46,341.38,34.069,78.737
672.7,340.4,34.219,79.084
673.48,337.81,34.272,79.206
673.68,336.1,34.436,79.586
673.96,334.42,34.883,80.618
675.06,332.97,35.306,81.597
675.81,331.85,35.581,82.231
677.93,330.79,35.795,82.726
679.47,330.12,36.112,83.459
681.29,329.82,36.588,84.56
683.22,329.76,37.092,85.723
684.56,329.62,37.891,87.571
687.27,329.8,38.165,88.204
668.64,342.61,38.295,88.503
668.96,343.67,38.441,88.843
669.39,345.26,38.336,88.6
669.24,345.39,38.322,88.567
669.24,345.93,38.386,88.714
669.09,345.7,38.628,89.273
668.97,345.14,38.945,90.005
668.79,344.89,39.472,91.224
669.08,344.68,40.015,92.479
668.99,344.74,40.324,93.192
668.89,344.08,40.628,93.895
668.92,343.09,40.802,94.298
668.56,342.11,40.862,94.436
668.45,341.42,40.913,94.554
668.5,339.17,41.063,94.902
668.32,337.24,41.28,95.403
668.5,334.4,41.312,95.477
668.28,331.82,41.446,95.787
667.95,329.63,41.525,95.968
668.27,327.39,41.608,96.16
668.01,324.81,41.783,96.565
667.66,323.87,41.261,95.359
667.83,323.06,41.405,95.692
667.7,321.81,41.282,95.408
667.86,320.14,40.986,94.724
667.96,317.35,40.707,94.079
667.78,314.15,40.711,94.087
667.81,310.63,40.611,93.856
667.89,306.61,40.589,93.806
667.93,302.8,40.592,93.813
667.68,298.4,40.774,94.232
667.32,296.36,40.78,94.247
667.18,294.8,40.856,94.422
667.14,293.99,40.912,94.551
667.22,292.93,41.089,94.96
667.12,292.77,41.09,94.964
667.06,292.62,41.151,95.103
667.02,291.35,41.176,95.162
667.14,287.52,41.186,95.186
667.17,282.39,40.659,93.968
667.08,274.55,41.003,94.762
667.07,269.17,40.808,94.312
666.82,265.41,40.629,93.898
666.95,262.7,40.561,93.74
666.72,260.77,40.551,93.717
666.71,257.75,40.405,93.38
667.02,254.67,40.458,93.502
666.72,252.12,40.522,93.652
666.52,249.57,40.536,93.683
666.47,246.19,40.602,93.836
666.49,242.04,40.608,93.85
666.36,238.87,40.66,93.97
666.41,235.28,40.863,94.44
666.3,232.34,40.954,94.649
666.32,229.94,41.102,94.991
666.02,227.02,41.322,95.499
666.21,224.7,41.343,95.548
665.88,224.24,41.448,95.791
665.86,224.33,41.495,95.9
665.87,223.66,41.657,96.274
665.96,224.04,41.613,96.171
665.76,224.24,41.556,96.041
665.94,224.16,41.671,96.306
665.87,224.05,41.633,96.219
666.12,224.06,41.586,96.109
666.02,223.76,41.275,95.391
666.09,223.45,41.278,95.398
