536.5,237.5,48,93
541.42,230.67,47.35,91.74
548.28,227.86,46.876,90.822
555.37,225.14,46.372,89.846
561.3,221.74,46.267,89.643
567.97,219.11,45.635,88.417
574,216.28,45.016,87.219
580.04,214.09,44.596,86.405
585.76,211.7,44.111,85.465
582.28,209.32,43.851,84.961
574.25,206.7,43.234,83.765
566.91,206.09,42.763,82.852
553.7,203.73,42.631,82.598
540.89,201.32,42.19,81.743
529.09,199.36,41.601,80.601
524.15,196.9,41.286,79.992
528.04,194.71,40.991,79.42
532.51,192.71,40.663,78.784
536.55,189.69,40.248,77.981
539.48,186.98,40.328,78.135
541.75,185.23,39.945,77.394
543.89,183.5,39.603,76.731
545.38,181.93,39.446,76.428
547.75,181.43,38.908,75.385
549.15,179.7,38.496,74.587
551.06,177.68,38.476,74.547
552.33,176,38.212,74.036
554.24,174.37,37.796,73.23
555.23,172.63,37.332,72.33
556.91,171.06,36.892,71.478
558.72,170.31,36.551,70.818
559.82,168.4,36.314,70.358
560.54,166.66,36.106,69.956
562.02,165.28,35.953,69.658
562.36,163.6,35.767,69.299
563.1,162.75,35.77,69.304
563,161.49,35.339,68.47
563.63,160.22,34.811,67.447
564.17,158.14,34.989,67.79
563.89,156.29,34.69,67.212
563.76,154.09,34.762,67.35
564.41,152.19,34.685,67.201
563.58,150.26,34.66,67.153
563.49,148.67,34.811,67.447
563.55,147.73,34.765,67.358
563.23,146.75,34.171,66.205
563.19,145.66,33.901,65.684
563.07,144.86,33.741,65.372
562.21,143.42,33.334,64.585
562.17,142.09,33.245,64.412
561.66,141.16,32.998,63.933
561,140.12,32.521,63.01
559.91,138.61,32.518,63.004
558.76,137.23,32.411,62.796
557.55,135.83,32.353,62.684
556.18,134.89,32.084,62.162
554.41,134.44,31.895,61.797
552.81,132.61,31.799,61.611
551.37,132.21,31.424,60.885
549.81,131.33,31.381,60.801
548.05,130.1,31.159,60.371
547.05,129.55,31.014,60.09
545.36,128.53,30.691,59.463
543.72,127.54,30.414,58.926
542.08,126.39,30.188,58.49
540.96,125.88,30.104,58.326
538.71,124.11,30.1,58.319
537.05,123.56,29.98,58.086
535.44,122.23,29.853,57.84
535.36,122.37,29.765,57.671
533.03,121.14,29.669,57.483
531.09,120.3,29.45,57.06
529.47,119.55,29.168,56.513
528.66,119.37,29.1,56.382
526.8,118.36,28.83,55.858
525.21,117.53,28.596,55.404
522.94,117.75,28.22,54.676
520.82,116.38,28.036,54.32
518.96,115.1,28.193,54.624
518.02,114.97,28.159,54.558
516.48,113.85,28.237,54.709
515.31,113.67,28.202,54.641
513.7,112.81,28.025,54.299
511.79,112.16,27.878,54.014
510.13,111.65,27.693,53.656
508.8,111.34,27.526,53.332
507.15,110.78,27.306,52.905
505.55,110.18,27.073,52.455
503.96,109.2,26.752,51.831
502.37,108.29,26.749,51.826
500.91,107.58,26.734,51.798
499.3,107.05,26.604,51.546
497.68,106.91,26.424,51.196
495.99,106.43,26.213,50.788
494.63,105.56,26.257,50.872
491.75,105.02,26.307,50.97
489.35,104.53,26.329,51.013
486.76,103.68,26.394,51.139
483.5,102.34,26.593,51.525
480.85,101.9,26.645,51.625
477.83,101.38,26.582,51.503
474.47,100.44,26.601,51.539
472.16,100.19,26.521,51.385
469.47,99.613,26.452,51.25
466.64,99.55,26.296,50.948
463.31,98.989,26.288,50.933
460.45,98.383,26.059,50.489
457.5,97.759,26.1,50.568
454.81,96.974,26.062,50.496
451.03,96.391,25.993,50.362
448.82,96.49,25.981,50.338
445.7,95.836,25.873,50.129
441.47,95.424,25.726,49.845
438.84,95.144,25.526,49.458
436.48,94.87,25.411,49.233
433.38,94.272,25.191,48.807
431.21,94.254,25.058,48.55
428.03,93.488,24.933,48.308
426.63,93.188,24.945,48.331
423.09,92.602,24.843,48.133
420.33,91.925,24.818,48.084
418.09,91.253,24.922,48.285
416.17,91.213,24.918,48.279
413.09,90.81,24.841,48.13
410.41,90.449,24.753,47.959
408.43,90.038,24.559,47.584
407.1,90.267,24.216,46.918
405.42,90.154,24.066,46.628
403.05,89.836,23.892,46.292
401.17,89.599,23.713,45.945
398.72,88.99,23.615,45.754
397.62,88.949,23.401,45.339
395.69,88.372,23.266,45.078
394.15,88.816,23.191,44.933
392.07,88.479,23.013,44.587
390.34,87.749,22.926,44.418
388.84,87.862,22.857,44.285
386.67,86.974,22.835,44.242
385.39,86.901,22.767,44.11
383.7,86.041,22.775,44.127
382.58,86.136,22.685,43.953
381.36,85.919,22.673,43.929
379.68,85.364,22.691,43.964
378.08,85.2,22.638,43.861
376.51,85.008,22.58,43.749
374.6,84.78,22.551,43.692
372.84,84.639,22.544,43.679
370.9,84.314,22.405,43.41
368.66,83.655,22.418,43.435
366.53,83.286,22.269,43.146
365.84,83.938,22.239,43.088
364.29,83.872,22.066,42.753
362.2,82.957,22.108,42.835
359.57,82.461,22.093,42.804
358.44,82.402,21.95,42.527
357.09,83.025,21.99,42.606
354.96,82.158,22.008,42.64
353.13,82.106,21.958,42.543
351.17,82.037,21.84,42.316
349.02,81.506,21.776,42.191
348.08,80.872,21.801,42.24
346.35,80.98,21.736,42.113
344.86,80.688,21.664,41.974
343.53,81.045,21.6,41.851
342.14,81.143,21.477,41.612
340,80.18,21.472,41.602
338.34,80.275,21.389,41.442
336.82,79.559,21.47,41.598
335.28,79.206,21.566,41.785
334.37,79.65,21.545,41.744
332.43,79.248,21.527,41.709
330.89,78.915,21.528,41.711
329.09,78.86,21.507,41.669
327.3,78.365,21.537,41.727
324.73,78.316,21.514,41.684
323.11,77.994,21.502,41.66
321.28,77.403,21.637,41.921
319.89,77.649,21.626,41.9
318.08,77.596,21.586,41.823
315.96,77.447,21.596,41.842
313.93,77.276,21.627,41.903
312.21,76.762,21.535,41.725
310.04,76.368,21.652,41.95
308.2,76.473,21.659,41.965
306.44,76.433,21.616,41.882
304.2,76.65,21.531,41.717
301.86,76.04,21.466,41.591
299.78,75.765,21.504,41.663
297.62,76.061,21.601,41.852
295.41,76.437,21.567,41.787
292.81,76.153,21.548,41.749
291.08,75.921,21.526,41.707
288.45,75.824,21.494,41.644
286.11,76.047,21.438,41.536
284.89,76.602,21.585,41.821
282.59,76.833,21.67,41.986
281.49,76.189,21.734,42.109
279.86,75.392,21.795,42.228
277.11,75.593,21.78,42.198
275.47,75.393,21.712,42.068
274.13,75.197,21.677,41.999
272.33,75.165,21.634,41.917
271.19,74.899,21.657,41.961
269.23,74.759,21.645,41.938
268.04,75.124,21.564,41.781
267.85,74.94,21.553,41.758
267.57,74.843,21.46,41.578
268.58,75.064,21.462,41.582
267.79,73.289,21.267,41.204
268.37,73.879,20.986,40.661
269.15,73.567,20.835,40.368
269,73.288,20.778,40.257
269.63,72.967,20.652,40.014
270.77,73.051,20.487,39.693
270.64,72.85,20.347,39.422
271.73,72.89,20.22,39.177
271.27,72.652,20.1,38.944
272.12,71.946,20.018,38.784
272.67,72.655,19.975,38.702
273.03,72.638,19.89,38.536
272.92,71.821,19.781,38.327
272.9,71.627,19.657,38.085
273.2,71.94,19.517,37.814
273.01,71.337,19.424,37.635
272.13,71.237,19.305,37.404
272.88,71.989,19.221,37.242
272.39,70.945,19.174,37.149
272.29,70.711,19.098,37.002
272.39,70.886,18.967,36.749
273.19,71.245,18.818,36.459
272.63,70.406,18.691,36.213
273.78,70.84,18.58,35.999
273.65,70.159,18.453,35.753
272.99,70.236,18.348,35.549
273.5,70.078,18.224,35.309
272.76,68.952,18.193,35.248
272.84,69.164,17.993,34.862
273.13,69.373,17.874,34.63
272.47,68.695,17.915,34.71
271.92,68.415,17.88,34.643
271.6,67.605,17.952,34.783
271.88,67.773,17.942,34.763
271.88,67.427,17.975,34.827
272.19,66.962,17.974,34.825
272.21,66.919,17.993,34.861
272.3,66.986,17.954,34.785
273.43,66.31,17.862,34.608
272.76,66.107,17.866,34.615
273.31,65.583,17.833,34.552
273.02,65.4,17.738,34.366
273.19,66.028,17.612,34.124
273.63,65.416,17.599,34.099
273.54,65.159,17.581,34.064
273.78,65.027,17.616,34.131
273.85,64.806,17.56,34.022
273.51,64.027,17.612,34.122
274,64.122,17.663,34.223
273.7,64.199,17.644,34.186
273.56,63.626,17.646,34.188
273.29,63.239,17.672,34.239
273.25,63.091,17.714,34.322
273.19,63.04,17.697,34.287
272.64,62.951,17.624,34.147
271.89,62.286,17.653,34.202
272.35,62.052,17.678,34.251
272.33,62.021,17.638,34.174
271.6,61.91,17.633,34.164
271.2,61.661,17.603,34.106
270.59,61.493,17.581,34.064
270.33,61.08,17.531,33.967
269.39,60.66,17.503,33.912
269.08,60.764,17.46,33.829
268.89,60.464,17.516,33.937
268.05,60.051,17.578,34.057
267.76,59.83,17.579,34.059
267.19,60.042,17.518,33.942
266.94,59.693,17.474,33.855
266.84,59.789,17.385,33.684
266.99,59.899,17.28,33.48
266.24,59.785,17.195,33.315
265.57,59.375,17.227,33.378
265.2,59.147,17.134,33.196
265.04,59.145,17.145,33.219
264.37,58.877,17.15,33.229
264.32,58.737,17.121,33.172
264.14,58.73,17.082,33.096
264.35,58.911,16.978,32.894
264.17,58.394,16.912,32.767
263.74,58.012,16.873,32.692
263.61,58.005,16.798,32.547
263.88,58.077,16.676,32.31
264.07,58.27,16.607,32.176
264.12,58.268,16.509,31.987
264.05,57.978,16.45,31.872
264.17,57.667,16.414,31.801
264.89,58.259,16.306,31.592
264.62,57.988,16.275,31.533
264.83,57.649,16.149,31.288
264.89,57.617,16.027,31.053
264.77,57.617,15.959,30.921
264.92,57.439,15.839,30.687
264.84,57.334,15.835,30.68
264.7,56.823,15.752,30.52
264.96,57.148,15.653,30.327
264.65,56.581,15.592,30.209
263.77,56.58,15.466,29.966
263.73,56.352,15.427,29.89
263.89,56.513,15.347,29.735
263.84,56.361,15.257,29.561
263.27,55.466,15.31,29.662
263.61,56.003,15.242,29.532
263.58,55.547,15.23,29.509
263.42,55.351,15.193,29.436
263.14,55.268,15.184,29.418
262.84,54.649,15.229,29.507
262.22,54.52,15.229,29.507
262.62,54.552,15.208,29.465
262.22,54.284,15.217,29.482
262.03,54.222,15.212,29.473
261.81,54.012,15.239,29.525
261.66,53.664,15.259,29.565
261.37,53.992,15.203,29.455
261.33,53.134,15.214,29.477
261.15,53.223,15.181,29.413
260.75,53.045,15.151,29.354
260.79,52.759,15.134,29.322
261.15,52.724,15.128,29.311
260.85,52.148,15.063,29.184
261.27,52.396,15.03,29.12
261.45,52.298,14.985,29.033
261.22,51.751,14.964,28.993
260.95,52.061,15.04,29.141
261.89,51.977,14.967,28.999
261.28,51.737,14.937,28.94
260.67,51.636,14.932,28.932
260.65,50.995,14.953,28.972
261.63,51.083,14.94,28.946
