266.5,91.5,19,36
263.28,93.597,19.063,36.119
260.18,94.078,19.018,36.035
257.14,94.565,18.986,35.973
255.14,95.303,18.999,35.999
251.57,95.262,19.294,36.557
248.25,95.818,19.413,36.783
245.11,96.416,19.336,36.636
241.54,97.214,19.326,36.618
238.2,98.299,19.517,36.98
234.18,99.083,19.601,37.139
231.18,100.3,19.758,37.437
227.09,101.4,19.722,37.368
222.22,102.19,20.293,38.45
218.76,101.86,20.539,38.917
215.15,101.05,20.535,38.908
211.92,100.76,20.449,38.746
209.14,99.73,20.562,38.96
203.37,104.62,20.794,39.398
214.55,104,20.851,39.507
240.24,104.69,21.062,39.908
272.41,107.05,21.211,40.19
306.2,104.83,21.393,40.535
337.84,103.69,21.121,40.019
367.67,103.81,21.212,40.19
397.4,103.53,21.369,40.488
431.26,103.38,21.309,40.375
463.31,107.71,21.522,40.778
493.29,113.67,21.712,41.139
521.94,98.858,21.954,41.597
522.01,109.52,22.031,41.744
518.02,101.74,22.173,42.012
514.89,102.42,22.251,42.16
512.86,103.32,22.6,42.82
509.72,103.13,22.748,43.102
506,103.29,23.163,43.888
502.85,104.7,23.412,44.359
499.63,105.89,23.336,44.216
496.82,107.68,23.373,44.286
493.86,109.13,23.469,44.468
490.91,110.52,23.747,44.995
488.14,111.92,23.983,45.442
485,114.29,24.171,45.798
481.7,115.15,24.282,46.008
479.47,117.04,24.424,46.277
476.02,118.14,24.655,46.715
473.91,120.2,24.826,47.039
471.15,121.71,24.949,47.272
470.15,123.67,24.887,47.154
466.78,125.79,25.114,47.585
464.28,127.17,25.172,47.694
462.48,128.99,25.295,47.928
461.44,131.44,25.363,48.056
459.4,133.19,25.438,48.197
456.9,134.61,25.53,48.373
455.19,136.93,25.736,48.763
453.36,139.05,25.966,49.198
450.83,141.14,26.052,49.362
446.47,143.83,26.065,49.386
442.11,144.86,26.202,49.646
438.27,146.66,26.438,50.094
434.95,148.11,26.612,50.422
431.18,148.95,26.673,50.539
425.87,150.8,26.544,50.294
424.32,152.58,26.78,50.742
421,154.53,27.081,51.311
418.31,156.27,27.116,51.378
412.07,159.77,27.324,51.772
408.27,162.96,27.601,52.297
404.49,165.49,27.861,52.79
401.44,166.98,28.262,53.549
398.33,169.22,28.59,54.17
396.53,170.84,28.838,54.641
395.34,173.05,29.04,55.024
394.02,175.38,29.242,55.406
393.93,178.53,29.57,56.027
393.74,180.99,29.854,56.566
393.17,182.68,30.23,57.277
398.06,185.11,30.583,57.947
402.84,187.86,31.015,58.765
404.9,190.74,31.567,59.811
407.26,196.21,31.93,60.498
409.83,201.17,32.374,61.34
412.94,206.41,32.723,62.001
415.63,211,33.068,62.655
419.62,215.06,33.491,63.457
422.64,220.22,33.919,64.268
426.23,225.95,34.24,64.877
429.93,231.44,34.616,65.588
432.43,236.11,34.98,66.277
434.29,241.41,35.156,66.61
437.6,246.96,35.396,67.066
439.86,246.34,35.707,67.655
441.11,245.68,36.21,68.608
441.29,248.43,36.634,69.413
439.92,252.73,36.875,69.869
440.96,257.78,37.212,70.507
439.71,262.8,37.463,70.982
439.29,269.3,37.554,71.155
436,275.1,37.679,71.392
430.12,280.78,37.954,71.912
422.95,286,38.114,72.216
412.66,291.31,38.351,72.666
397.33,299.88,38.592,73.121
376.23,316.83,38.377,72.714
386.5,313.2,38.224,72.425
366.64,318.07,38.156,72.296
366.06,330.24,38.106,72.201
324.48,327.52,38.05,72.094
302.35,330.83,38.214,72.405
280.27,333.48,38.179,72.339
258.85,337.23,38.36,72.681
232.25,363.38,38.017,72.032
196.2,366.93,38.036,72.068
169.22,369.39,38.009,72.018
140.65,371.89,38.089,72.169
111.42,373.49,37.974,71.951
