689.5,278.5,78,144
697.9,270.36,77.377,142.85
698.48,266.38,78.344,144.63
700.97,263.49,79.112,146.05
702.74,261.63,78.215,144.4
701.4,258.03,78.564,145.04
702,250.91,79.434,146.65
703.13,245.89,80.323,148.29
706.01,241.89,80.783,149.14
710.31,238.9,80.703,148.99
716.22,236.42,80.735,149.05
725.91,235.02,79.292,146.38
731.51,233.21,79.663,147.07
739.52,231.39,78.854,145.58
744.36,231.19,78.139,144.26
744.14,227.48,77.87,143.76
742.57,228.89,77.001,142.16
743.56,228.12,76.115,140.52
745.79,228.86,75.04,138.54
749.27,228.25,74.322,137.21
754.62,227.19,74.073,136.75
757.97,228.17,74.343,137.25
801.22,237.14,74.062,136.73
782.98,234.77,73.911,136.45
813.36,228.37,74.654,137.82
787.99,227.18,74.483,137.51
787.54,222.53,75.096,138.64
790.73,221.53,75.333,139.08
796.28,221.13,75.431,139.26
801.83,220.45,75.567,139.51
806.87,219.65,75.73,139.81
817.59,221.51,75.047,138.55
823.94,220.3,74.424,137.4
829.87,220.32,74.798,138.09
837.74,220.6,75.137,138.71
843.5,219.68,75.415,139.23
850.43,216.28,75.397,139.19
855.84,214.72,75.768,139.88
861.72,212.57,76.149,140.58
868.85,211.28,75.759,139.86
875.44,209.75,76.031,140.37
884.9,207.71,75.923,140.17
891.92,206.77,75.847,140.03
898.61,206.27,76.137,140.56
904.84,204.42,76.064,140.43
910.39,202.53,76.287,140.84
917.14,201.73,76.734,141.66
923.55,199.9,76.974,142.11
930.65,198.6,77.057,142.26
937.64,196.64,77.5,143.08
945.39,194.85,77.46,143
956.13,185.93,79.084,146
964.81,184.7,79.469,146.71
973.68,184.27,79.309,146.42
981.51,188.49,79.001,145.85
991.74,189.21,78.163,144.3
844.82,218.48,77.58,143.22
851.41,218.13,76.898,141.97
859.78,217.87,75.957,140.23
867.85,218.09,75.183,138.8
875.05,217.35,75.612,139.59
885.2,216.81,75.895,140.11
891.45,216.57,75.999,140.31
897.79,215.61,75.382,139.17
902.41,215.01,76.036,140.37
908.61,212.15,76.031,140.36
796.66,226.16,77.278,142.67
805.56,222.12,78.144,144.26
812.98,219.98,79.347,146.49
819.67,216.37,79.628,147.01
826.87,214.47,79.162,146.14
836.81,214.49,79.415,146.61
841.92,215.42,79.625,147
845.62,215.09,80.065,147.81
849.48,215.25,80.561,148.73
851.34,213.99,80.829,149.22
853.4,214.98,81.264,150.02
860.95,214.59,81.791,151
863.34,214.83,82.186,151.73
865.1,215.36,81.696,150.82
866.85,216.64,81.439,150.35
866.62,218.09,80.586,148.77
865.06,220.76,80.107,147.89
864.59,222.49,80.006,147.7
865.08,224.81,79.822,147.36
864,225.69,79.86,147.43
864.13,225.21,79.76,147.25
864.44,224.44,79.937,147.58
864.97,223.65,80.3,148.25
866.59,223.27,81.17,149.85
866.54,221.37,81.32,150.13
867.49,221.49,81.006,149.55
866.01,221.44,80.013,147.72
863.5,221.94,79.545,146.85
859.42,223.04,79.107,146.04
859.34,226.2,78.842,145.55
857.65,227.03,78.615,145.14
864.92,226.47,78.916,145.69
864.11,229.11,79.439,146.66
864.66,228.73,80.208,148.08
870.6,224.61,81.108,149.74
861.83,213.87,80.382,148.4
859.53,219.02,80.355,148.35
856.87,220.01,79.276,146.36
853.31,219.82,78.697,145.29
848.24,219.61,78.683,145.26
841.43,220.08,78.081,144.15
827.4,223.7,78.537,144.99
817.99,222.65,79.048,145.94
808.12,219.03,78.982,145.81
800.21,218.39,78.805,145.49
791.76,216.37,79.071,145.98
780.83,215.74,79.301,146.4
775.47,216.52,79.331,146.46
770.45,215.94,79.41,146.6
768.59,214.18,79.441,146.66
765.79,212.62,79.422,146.63
762.2,211.13,79.195,146.21
759.57,209.29,78.96,145.77
757.53,206.97,78.623,145.15
757.24,208.66,78.155,144.29
758.41,211.39,77.905,143.83
757.96,211.75,77.954,143.92
757.61,212.61,77.938,143.89
756.99,211.92,77.868,143.76
756.98,212.59,77.784,143.6
756.39,212.65,77.839,143.7
755.57,211.85,77.898,143.81
755.06,211.63,78.03,144.05
753.32,211.35,78.09,144.17
751.37,210.53,78.008,144.02
750.48,209.97,78.115,144.21
747.1,210.61,78.231,144.43
744.56,209.51,77.912,143.84
742.07,209.38,77.875,143.77
739.25,209.55,77.833,143.69
736.68,210.06,77.732,143.5
813.31,209.32,77.374,142.85
807.19,209.74,77.287,142.68
799.5,210.86,76.926,142.02
792.49,211.12,76.96,142.08
785.14,211.24,76.897,141.96
770.63,212.93,76.746,141.68
764.89,214.86,76.642,141.49
758.33,214.5,76.433,141.11
752.47,213.67,76.034,140.37
747.51,214.36,75.584,139.54
739.53,215.78,75.002,138.46
735.7,217.6,74.775,138.05
733.44,218.94,74.424,137.4
730.97,220.73,73.907,136.44
730.06,223.95,73.622,135.92
713.97,221.12,73.434,135.57
702.27,223.46,73.742,136.14
697.73,224.43,73.835,136.31
699.45,226.25,74.252,137.08
699.7,227.26,74.363,137.29
699.04,228.73,74.036,136.68
699.85,229.61,74.063,136.73
700.49,230.23,73.782,136.21
701.68,231.46,73.71,136.08
701.4,231.04,73.743,136.14
702.14,232.57,73.837,136.31
702.55,233.62,74.005,136.63
702.65,232.77,73.782,136.21
702.71,233.43,73.71,136.08
702.69,233.36,73.896,136.42
703.18,233.94,73.998,136.61
704.03,234.67,74.044,136.7
706.08,235.61,74.186,136.96
708.61,236.73,74.335,137.23
710.34,236.71,74.449,137.45
711.27,237.09,74.798,138.09
713.08,237.21,74.972,138.41
712.73,237.12,75.486,139.36
712.36,237.62,75.37,139.14
712.91,237.83,75.246,138.92
714.58,238.64,74.932,138.34
714.38,238.62,74.896,138.27
715.23,239.46,74.792,138.08
716.28,239.82,74.747,137.99
716.46,239.85,74.859,138.2
718.04,240.31,74.786,138.07
718.94,240.72,74.724,137.95
720.02,240.87,74.709,137.92
720.09,240.48,74.837,138.16
720.78,241.53,74.692,137.89
720.25,240.97,74.738,137.98
720.48,241.58,74.802,138.1
720.22,241.47,74.781,138.06
719.88,241.45,74.928,138.33
719.96,241.55,75.079,138.61
720.12,241.81,75.04,138.54
719.25,241.4,75.073,138.6
719.06,241.94,74.884,138.25
719,242.51,74.545,137.62
718.45,242.49,74.514,137.56
717.88,242.74,74.357,137.27
716.03,242.46,74.152,136.9
716.73,242.74,74.022,136.66
715.69,243.04,73.819,136.28
715.71,243.47,73.599,135.87
713.61,243.02,73.713,136.09
712.42,243.22,73.529,135.75
712.21,243.7,73.418,135.54
710.73,243.8,73.224,135.18
711.35,244.76,73.069,134.9
710.55,244.84,72.837,134.47
710.83,245.39,73.214,135.17
710.47,245.49,73.15,135.05
709.96,245.4,73.364,135.44
708.09,244.8,73.475,135.65
707.19,244.7,73.549,135.78
707.13,245.24,73.417,135.54
706.47,245.32,73.41,135.53
706.37,245.57,73.43,135.56
706.47,245.71,73.618,135.91
706.25,245.47,73.732,136.12
706.34,245.64,73.206,135.15
706.63,245.77,73.318,135.36
706.24,245.17,73.327,135.37
705.8,244.6,73.593,135.86
706.18,244.84,73.704,136.07
706.4,244.97,73.504,135.7
706.78,245.34,74.042,136.69
706.13,245.16,73.857,136.35
704.19,246.66,73.452,135.6
701.47,246.9,73.043,134.85
699.17,246.59,73.14,135.03
698.25,246.21,73.297,135.32
697.71,245.63,73.338,135.39
696.06,244.65,73.575,135.83
695.84,244.54,74.042,136.69
696.07,244.17,74.152,136.9
696.46,244.62,74.109,136.82
695.86,244.33,74.198,136.98
696.51,244.57,73.914,136.46
696.32,244.47,73.852,136.34
696.26,244.58,73.844,136.33
695.85,244.41,74.2,136.98
695.5,244.31,74.455,137.46
694.92,244.09,74.297,137.16
695.16,244.12,74.293,137.16
695.33,244.04,74.233,137.05
695.4,244.18,74.256,137.09
695.45,244.18,73.993,136.6
694.57,243.86,73.803,136.25
694.73,243.76,73.76,136.17
695.58,243.99,73.569,135.82
697.08,244.5,73.588,135.85
697.68,243.79,73.759,136.17
698,242.53,73.918,136.46
697.34,240.97,74.379,137.32
694.42,239.08,73.941,136.51
693.66,238.76,73.95,136.52
692.97,238.88,73.945,136.51
692.55,238.75,73.912,136.45
691.84,239.07,73.708,136.08
689.73,238.6,73.638,135.95
688.63,238.96,73.592,135.86
687.22,238.67,73.735,136.13
686.24,238.63,73.377,135.47
685.73,238.79,73.31,135.34
686.31,239.33,73.171,135.08
686.57,239.64,73.105,134.96
686.04,239.22,73.084,134.92
686.12,239.03,72.996,134.76
686.19,238.85,72.943,134.66
686.31,238.49,73.223,135.18
686.63,238.59,73.202,135.14
686.84,238.59,73.222,135.18
687.23,238.85,73.33,135.38
687.85,239.02,73.109,134.97
689.23,241.2,72.712,134.24
689.71,242.5,72.441,133.74
689.84,243.16,72.462,133.78
689.95,243.44,72.694,134.2
690.19,243.74,72.72,134.25
690.27,243.96,72.706,134.23
690.74,244.53,72.751,134.31
690.78,244.94,72.624,134.08
691.21,245.5,72.702,134.22
691.3,245.5,72.845,134.48
691.89,245.92,72.942,134.66
692.44,245.69,72.947,134.67
693.65,245.45,72.902,134.59
694.86,245.76,73.189,135.12
696.25,246.04,73.354,135.42
696.87,245.8,73.487,135.67
698.39,246.23,73.457,135.61
698.99,246.02,73.548,135.78
700.3,246.49,73.455,135.61
701.14,246.7,73.484,135.66
702.41,247.56,73.409,135.52
703,247.94,73.096,134.95
703.35,248.07,73.219,135.17
703.85,248.63,73.179,135.1
703.76,249.13,73.181,135.1
704.29,249.85,72.982,134.74
703.87,249.48,73.162,135.07
703.7,249.56,73.454,135.61
701.63,248.72,73.713,136.09
700.6,248.74,73.31,135.34
700.18,249.7,72.989,134.75
699.12,250.08,73.149,135.04
699.23,251.16,73.059,134.88
697.8,250.98,73.212,135.16
696.77,251.82,73.021,134.81
693.8,251.94,73.038,134.84
692.16,251.96,73.33,135.38
691.01,252.16,73.389,135.49
690.01,252.61,73.257,135.24
689.16,252.97,73.093,134.94
687.78,252.81,73.242,135.22
686.97,252.65,73.679,136.02
686.21,252.34,73.527,135.74
686.27,252.96,73.623,135.92
685.65,252.88,73.6,135.88
685.51,253.13,73.491,135.68
685.58,253.69,73.531,135.75
685.71,254.01,73.536,135.76
685.73,254.82,73.238,135.21
686.14,255.76,72.907,134.6
686.53,256.39,73.148,135.04
687.1,256.92,73.195,135.13
687.61,256.99,73.202,135.14
688.07,257.29,73.21,135.16
688.53,257.39,73.329,135.38
688.85,256.98,73.393,135.5
689.93,257.06,73.397,135.5
690.4,257.03,73.428,135.56
691.24,257.2,73.407,135.52
691.12,256.6,73.665,136
691.47,256.15,73.685,136.03
691.81,255.18,73.706,136.07
692.13,254.85,73.75,136.15
693.32,255.27,73.655,135.98
694.85,255.55,73.474,135.64
696.31,255.84,73.505,135.7
698.44,256.59,73.634,135.94
699.54,256.74,73.636,135.94
700.02,256.92,73.625,135.92
700.18,256.88,73.687,136.04
701.01,256.89,73.58,135.84
702.9,257.48,73.784,136.22
703.86,257.43,73.933,136.49
705,257.8,73.854,136.35
705.78,258.53,73.498,135.69
705.72,258.41,73.466,135.63
703.98,256.68,73.834,136.31
703.46,256.16,73.886,136.41
702.69,255.98,73.899,136.43
702.28,255.87,73.899,136.43
701.89,256.32,73.967,136.55
701.82,257.51,73.271,135.27
701.42,258.2,73.165,135.07
701.36,259.41,72.919,134.62
701.37,260.64,72.785,134.37
701.02,261.51,72.832,134.46
701.13,262.12,73.185,135.11
701.29,262.36,73.099,134.95
701,261.93,73.254,135.24
700.82,262.17,73.212,135.16
700.37,262.84,72.928,134.64
699.69,262.74,73.176,135.09
699.54,262.86,73.372,135.46
699.06,262.71,73.215,135.17
699.42,262.9,73.329,135.38
698.42,262.7,73.183,135.11
697.92,263.18,73.121,134.99
696.62,263.42,73.087,134.93
696.29,264.41,72.867,134.52
696.59,265.27,72.988,134.75
696.56,265.91,72.69,134.2
696.72,265.97,72.826,134.45
697.45,266.67,72.95,134.68
696.86,267.1,73.111,134.97
696.1,267.9,72.784,134.37
692.24,268.95,72.69,134.2
