525.5,435.5,82,102
513.62,435.33,81.352,101.19
500.54,437.14,80.721,100.41
491.41,439.04,79.738,99.186
482.26,440.66,79.371,98.729
474.23,440.63,80.223,99.79
465.32,440.08,80.02,99.537
460.74,440.04,79.498,98.888
458.5,441.15,79.219,98.54
455.29,440.27,78.394,97.515
440.19,440.59,77.978,96.997
432.28,444.09,77.563,96.481
451.82,438.89,78.918,98.167
448.76,438.91,80.02,99.537
446.95,438.98,80.935,100.68
446.23,439.54,80.599,100.26
445.47,440.67,79.401,98.767
445.45,441.13,78.5,97.647
446.07,442.14,77.455,96.346
446.96,442.43,77.319,96.177
448.63,442.32,78.275,97.367
448.13,442,78.662,97.848
443.89,441.95,78.436,97.566
442.41,441.37,78.085,97.13
441.36,441.36,77.635,96.57
441.96,440.92,76.858,95.604
439.48,438.61,77.106,95.913
437.9,437.55,77.032,95.82
435.96,437.62,76.989,95.767
435.98,439.37,76.277,94.881
437.37,440.78,75.683,94.142
441.49,441.36,75.182,93.518
453.27,441.42,75.076,93.387
459.89,440.74,75.266,93.624
469.23,441.34,75.538,93.962
477.55,440.98,75.746,94.221
484.4,441.44,75.492,93.904
489.69,442.8,75.167,93.501
492.59,442.97,75.42,93.815
494.14,443.03,74.896,93.164
497.41,443.02,74.862,93.121
501.64,443.13,74.544,92.725
508.42,443.19,74.147,92.231
515.12,443.69,73.758,91.748
523.73,444.06,73.841,91.851
534.36,444.11,73.242,91.106
544.39,444.46,72.933,90.721
558.37,445.48,72.621,90.333
569.44,443.63,72.823,90.585
582.43,442.17,72.409,90.07
595.82,431.88,71.318,88.713
601.36,427.24,71.066,88.399
604.07,421.54,70.836,88.113
599.77,414.17,71.532,88.978
595.65,409.31,71.523,88.968
587.82,407.06,72.131,89.724
570.56,405.2,72.332,89.974
546.42,410.06,72.404,90.063
531.16,413.82,72.342,89.987
523.07,408.19,72.87,90.643
524.08,389.93,73.264,91.134
533.04,365.57,74.214,92.315
545.42,343.36,74.263,92.376
555.73,324.47,74.51,92.683
572.29,316.47,74.854,93.111
585.91,315.88,74.92,93.193
598.95,318.91,75.251,93.605
618.34,331.63,75.862,94.365
621.59,349.63,75.93,94.45
626.07,369.72,75.499,93.914
606.65,398.44,75.264,93.621
596.05,408.7,75.247,93.6
594.95,418.75,75.714,94.18
594.2,421.7,76.075,94.63
596.01,425.52,75.728,94.198
597.46,428.08,75.347,93.724
601.24,430.39,74.533,92.711
605.53,433.79,73.946,91.981
610.01,435.48,73.129,90.965
613.7,435.86,72.745,90.488
616.72,436.91,72.136,89.731
617.46,438.02,71.489,88.925
621.48,439.58,70.588,87.804
630.18,437.22,70.401,87.571
645.73,429.36,69.89,86.936
653.18,417.74,69.522,86.479
651.85,407.1,69.164,86.033
642.85,393.92,69.044,85.884
628.32,380.17,68.797,85.577
615.93,375.35,69.005,85.836
601.16,375.48,69.131,85.992
586.1,378.52,69.223,86.107
557.17,382.82,69.198,86.075
533.7,381.04,68.742,85.509
531.09,372.58,68.332,84.999
545.73,360.15,68.084,84.69
570.72,347.62,67.841,84.388
597.1,342.51,68.417,85.104
623,345.38,68.194,84.826
649.3,356.88,68.206,84.841
666.73,371.37,68.335,85.003
687.33,387.12,67.982,84.563
701.61,408.77,68.436,85.127
700.98,420.71,68.555,85.276
692.84,429.95,68.511,85.221
680.68,435.99,68.806,85.588
666.33,440.29,68.841,85.631
648.73,443.65,69.036,85.874
632.11,447.08,69.231,86.117
620.97,446.96,69.348,86.262
613.15,445.55,69.347,86.261
607.29,442.64,69.69,86.687
604.91,439.92,69.976,87.043
604.8,437.77,69.924,86.979
608.02,435.16,70.028,87.108
612.77,432.99,69.906,86.956
620.4,432.49,69.511,86.465
627.87,434.2,69.072,85.918
635.32,435.92,68.715,85.475
642.99,438.82,68.556,85.277
650.78,441.05,68.254,84.901
657.21,443.47,67.987,84.569
661.29,445.3,67.763,84.291
663.36,445.42,67.373,83.806
664.63,445.79,67.108,83.475
664.77,446.11,66.831,83.132
663.56,446.98,66.508,82.73
661.5,448.22,66.159,82.295
658.73,448.58,65.788,81.834
655.6,450.13,65.344,81.281
651.79,451.68,65.183,81.081
648.02,452.49,64.922,80.756
645.34,453.47,64.5,80.232
643.93,454.89,64.147,79.793
642.92,454.87,63.955,79.554
642.24,453.85,64.06,79.684
642.59,451.81,64.203,79.863
642.96,448.29,64.529,80.268
644.74,445.41,64.717,80.502
645.97,443.38,64.906,80.737
648.17,442.78,65.267,81.185
652.04,442.69,65.402,81.354
656.3,442.08,65.744,81.779
660.6,440.24,66.109,82.234
664.32,438.39,66.212,82.362
666.59,435.52,66.46,82.67
668.1,433.68,66.708,82.978
669.68,431.25,66.871,83.181
671.26,428.98,67.138,83.513
671.73,426.74,67.315,83.734
672.05,423.95,67.654,84.155
672.33,419.6,67.921,84.487
671.85,413.3,68.168,84.794
669.26,408.55,68.119,84.733
664.08,404.27,67.985,84.566
659.37,401.5,67.95,84.523
655.09,401.71,67.596,84.083
647.13,401.28,67.817,84.358
641.61,401.64,67.926,84.493
636.29,402.66,68.254,84.901
632.31,404.12,68.241,84.885
629.01,405.48,68.356,85.029
623.4,405.39,68.163,84.788
616.85,404.87,67.945,84.517
611.52,402.51,67.474,83.931
605.96,398.91,67.162,83.544
602.63,397.74,66.862,83.17
595.69,394.65,66.798,83.09
591.06,394.03,66.362,82.547
583.73,395.02,65.98,82.073
574.98,395.11,65.909,81.984
563.42,401.27,66.124,82.251
556.09,405.64,66.319,82.494
547.81,409.24,66.361,82.546
541.62,413.8,66.482,82.697
537.39,416.85,66.232,82.386
533.94,418.42,66.271,82.434
532.03,419.84,66.514,82.737
531.11,421.35,66.42,82.62
529.86,422.35,66.409,82.607
528.6,422.48,66.568,82.804
528.42,422.46,66.561,82.796
529.53,422.93,66.744,83.023
531.27,424.33,66.613,82.86
532.75,424.59,66.728,83.003
536.45,426.05,66.487,82.703
540.54,428.07,66.243,82.4
542.47,428.6,66.354,82.537
543.41,429.27,66.391,82.585
543.54,429.46,66.453,82.661
543.41,430.47,66.282,82.448
540.93,431.7,66.221,82.372
539.95,434.36,66.35,82.532
539.85,435.97,66.686,82.95
538.77,436.66,66.893,83.209
542.03,436.46,67.077,83.437
546.29,434.13,67.033,83.382
557.35,431.06,67.774,84.304
570.19,424.86,68.189,84.821
575.18,418.11,69.156,86.023
571.13,415.7,70.183,87.3
556.46,414.59,71.004,88.322
536.3,417.62,71.091,88.43
513.35,422.97,71.71,89.2
489.88,427,72.781,90.532
467.7,431.21,72.786,90.539
446.69,421.87,72.094,89.678
438.9,387.85,72.223,89.839
453.51,350.7,72.466,90.141
481.39,325.13,71.706,89.195
506.67,310.09,71.628,89.099
536.69,308.56,72.443,90.112
561.56,308.2,72.841,90.608
602.58,286.42,72.999,90.804
608.83,327.25,72.934,90.723
633.78,345.75,73.855,91.868
646.66,368.82,74.424,92.576
649.83,375.84,74.338,92.469
650.68,399.84,74.732,92.959
647.42,407.05,74.881,93.145
644.52,412.48,74.908,93.178
641.22,416.27,74.776,93.014
637.94,419.61,74.661,92.871
631.37,423.24,74.429,92.583
627.21,427.99,74.034,92.091
624.74,434.05,73.125,90.96
623.72,440.14,72.405,90.065
624.48,445.66,71.655,89.132
625.09,451.59,70.853,88.134
622.45,455.72,70.122,87.225
614.5,459.91,68.866,85.663
598.43,464.25,68.701,85.457
579.36,464.93,67.904,84.466
551.23,453.97,67.479,83.937
512.74,434,67.266,83.672
490.35,418.79,67.344,83.769
475.07,407.46,67.536,84.008
478.93,398.04,67.843,84.391
476.09,394.85,68.351,85.023
476.54,394.98,68.258,84.906
482.6,399.02,67.934,84.503
495.27,401.76,67.589,84.074
512.11,406.91,67.06,83.416
529.5,411.45,67.045,83.398
546.6,416.52,66.947,83.275
562.56,420.26,67.142,83.518
574.91,422.87,67.736,84.257
585.54,425.45,67.916,84.48
595.53,427.9,68.706,85.464
602.01,429.8,68.988,85.814
606.79,430.27,69.106,85.961
610.87,430.58,69.54,86.501
613.59,429.12,69.993,87.065
615.91,427.85,70.299,87.445
617.79,426.91,70.692,87.934
618.18,424.39,71.083,88.42
617.7,421.56,71.378,88.788
617.29,417.78,71.428,88.849
618.67,414.43,71.231,88.604
621.58,412.02,71.028,88.352
624.86,409.67,70.89,88.18
627.78,407.89,70.837,88.115
629.97,406.41,70.705,87.95
631.8,405.81,70.452,87.635
633.35,405.03,70.269,87.408
631.92,405.51,70.558,87.767
628.19,406.18,70.728,87.979
623.84,407.57,70.723,87.973
617.65,408.05,71.166,88.524
610.11,408.41,71.643,89.117
599.3,408.51,72.099,89.684
587.23,408.82,72.122,89.712
575.34,410.07,72.088,89.671
561.22,411.68,72.402,90.061
548.07,414.14,72.114,89.703
533.88,416.04,71.959,89.51
517.8,419.01,72.177,89.781
501.96,419.88,72.361,90.011
487.38,421.71,72.261,89.886
473.1,423.5,72.345,89.99
462.34,426.34,72.347,89.993
454.12,428.88,72.323,89.963
449.72,430.05,72.298,89.932
447.79,430.08,72.506,90.19
446.37,429.03,72.668,90.392
447.3,427.39,72.955,90.749
448.98,426.2,73.394,91.295
451.28,426.26,73.472,91.393
453.91,427.35,73.597,91.548
456.44,428.58,73.671,91.64
459.06,429.83,73.282,91.156
462.11,431.56,73.057,90.876
465.41,432.43,73.154,90.996
470.25,433.72,73.095,90.924
475.54,433.84,73.082,90.907
482.7,433.43,73.07,90.892
491.82,432.4,72.852,90.621
508.68,429.01,72.795,90.55
532.79,426.78,72.99,90.793
556.27,421.82,73.029,90.841
571.4,413.93,73.958,91.997
584.73,410.89,74.979,93.266
589.86,407.71,76.077,94.632
589.55,409.23,76.658,95.355
579.18,414.95,77.139,95.953
571.81,417.4,77.509,96.413
569.73,417.04,77.683,96.63
576.67,403.7,79.189,98.503
604.03,365.84,79.171,98.481
626.55,323.52,79.742,99.191
634.88,302.5,79.534,98.932
661.95,289.93,79.915,99.406
664.22,280.2,80.492,100.12
668.35,274.92,80.788,100.49
679.02,279.17,80.653,100.32
668.01,253.41,81.449,101.31
666.04,247.43,81.749,101.69
686.42,273.05,80.556,100.2
666.09,261.02,80.447,100.07
662.51,263.57,80.568,100.22
659.91,263.35,80.592,100.25
666,266.17,80.557,100.2
670.46,267.32,80.362,99.962
669.29,265.9,80.974,100.72
668.59,264.71,81.585,101.48
666.39,263.3,81.813,101.77
667.08,265.71,81.925,101.91
666.61,264.3,82.857,103.07
674.72,265.12,83.319,103.64
683.52,265.21,83.444,103.8
692.25,267.74,83.492,103.86
695.09,267.13,83.398,103.74
697.82,267.55,83.438,103.79
710.29,269.41,83.447,103.8
718.5,269.73,83.009,103.26
609.08,440.48,82.835,103.04
617.62,449.19,81.851,101.81
624.08,455.86,81.309,101.14
627.04,458.25,80.59,100.25
591.37,451.04,80.015,99.531
585.96,418.9,80.272,99.851
558.64,392.41,80.661,100.33
538.17,368.31,80.933,100.67
528.02,362.22,80.718,100.41
506.13,362.59,80.477,100.11
483.83,374.04,80.048,99.571
475.81,395.77,80.266,99.844
472.97,413.67,80.01,99.524
476.64,416.22,79.274,98.609
490.8,413.1,79.774,99.231
515.64,417.48,79.29,98.628
544.77,426.87,78.756,97.965
576.79,444.71,78.308,97.407
604.57,464.45,77.396,96.273
614.36,476.37,76.304,94.914
616.38,488.43,75.635,94.082
616.21,493.52,75.098,93.415
605.66,493.92,74.83,93.081
595.93,502.94,75.085,93.398
634.27,516.49,75.166,93.499
605.15,496.41,74.688,92.905
603.11,494.83,74.103,92.177
604.54,494.74,74.095,92.167
605.82,496.51,73.89,91.912
608.39,498.32,73.31,91.19
607.84,499.47,72.603,90.311
608.25,500.06,71.996,89.556
608.47,500.72,71.481,88.915
608.92,500.69,71.187,88.549
610.39,501.99,70.761,88.02
609.85,503.65,70.766,88.026
607.71,503.95,70.718,87.966
603.47,506.22,70.631,87.859
604.03,507.91,70.46,87.645
602.02,508.07,69.588,86.561
599.71,508.89,69.246,86.135
597.75,509.18,68.757,85.527
596.13,509.94,68.377,85.054
595.59,510.26,67.837,84.383
593.76,509.53,67.372,83.804
592.81,509.73,67.311,83.729
591.52,510.83,66.846,83.149
588.36,513.48,66.376,82.566
584.93,518.39,66.303,82.475
581.73,523.28,65.947,82.031
578.1,524.23,66.076,82.192
576.63,527.3,66.338,82.518
573.6,528.45,67.091,83.455
571.59,529.31,67.716,84.233
571.48,528.23,67.918,84.483
574.19,525.19,67.921,84.487
575.75,520.04,67.733,84.254
575.34,516.01,67.463,83.918
572.82,513.95,66.601,82.846
568.89,511.2,66.193,82.338
563.78,508.46,66.069,82.184
550.16,508.4,66.88,83.192
539.7,500.84,66.861,83.168
527.71,493.98,67.057,83.413
499.25,482.77,67.262,83.667
487.32,475.99,67.628,84.123
478.03,465.4,68.038,84.632
469.14,453.86,68.861,85.656
464.81,447.75,69.235,86.122
455.18,445.41,69.431,86.366
451.75,446.13,69.823,86.853
448.58,448.6,70.156,87.268
445.1,451.89,70.868,88.152
442.07,453.98,71.344,88.745
438.24,452.89,72.198,89.808
434.95,452,73.301,91.179
432.34,450.75,74.06,92.123
430.75,450.55,74.569,92.756
428.14,449.56,75.035,93.336
426.62,448.61,75.069,93.378
424.72,447.88,74.616,92.815
422.17,447.67,74.55,92.733
420.9,447.79,74.456,92.616
422.2,448.09,74.266,92.38
426.75,445.62,74.608,92.805
434.28,442.66,74.87,93.131
443.91,438.4,75.092,93.408
454.8,433.4,74.894,93.161
465.3,425.75,75.149,93.478
471.52,420.25,75.65,94.101
471.59,415.43,75.991,94.525
469.03,412.36,76.413,95.05
462.69,411.77,76.638,95.33
450.03,410.97,76.671,95.371
430.32,415.76,77.092,95.895
423.26,416.49,76.946,95.714
423.45,411.65,76.621,95.309
432.67,389.2,76.755,95.476
454.05,361.83,77.165,95.985
478.99,332.44,77.497,96.398
497.23,315.35,78.381,97.498
558.84,284.99,78.993,98.26
564.12,283.91,79.067,98.352
572.27,284.42,79.03,98.305
591.72,285.6,79.453,98.831
605.19,280.55,79.971,99.477
620.03,274.81,80.761,100.46
634.42,270.78,80.975,100.72
649.32,268.22,81.303,101.13
654.63,268.02,81.305,101.14
655.23,268.31,81.617,101.52
657.42,265.99,81.216,101.02
660.06,265.75,80.779,100.48
663.68,268.61,80.354,99.953
668.66,273.68,80.182,99.739
672.57,279.78,80.279,99.86
675.64,282.16,80.317,99.906
676.38,283.38,80.041,99.563
676.57,282.18,79.346,98.698
678.2,280.63,78.728,97.93
670.96,281.2,78.826,98.052
697.79,289.54,78.978,98.241
705.01,294.47,78.738,97.943
716.6,297.96,78.412,97.537
731.91,295.48,78.372,97.487
743.18,291.33,78.572,97.736
750.15,282.48,78.932,98.184
753.89,277.4,78.941,98.195
755.94,275.7,78.681,97.871
758.2,276.21,78.507,97.655
760.91,278.32,78.703,97.899
759.63,280.58,79.173,98.484
758.02,281.33,79.186,98.5
748.73,280.87,78.737,97.941
748.71,280.67,78.968,98.229
747.74,280.9,78.986,98.25
745.76,281.88,79.14,98.442
745.46,283.38,79.488,98.876
745.04,284.76,79.576,98.984
745.92,286.39,79.706,99.146
747.93,287.98,79.877,99.359
610.47,459.2,80.064,99.592
623.32,455.35,78.916,98.164
636.81,448.75,78.573,97.737
657.46,441.31,78.213,97.29
685.7,432.65,78.342,97.45
721.87,427.4,78.135,97.193
769.91,409.32,78.43,97.559
803.35,392.65,78.238,97.32
803.95,372.54,78.961,98.219
790.92,361.58,79.23,98.555
778.5,356.71,79.22,98.542
765.71,359.03,79.107,98.402
715.65,288.2,79.624,99.044
702.68,288.43,80.253,99.826
697.49,288.02,80.516,100.15
693.41,287.65,80.685,100.36
688.97,287.07,81.219,101.03
683.4,285.7,81.573,101.47
678.02,283.61,81.681,101.6
673.27,280.9,81.851,101.81
669.03,279.61,81.928,101.91
665.72,278.52,81.715,101.65
664.09,277.44,81.366,101.21
663.17,276.84,81.057,100.83
663.39,276.66,80.801,100.51
665.49,277.05,80.79,100.49
668.32,277.15,80.629,100.29
671.06,276.74,80.643,100.31
674.83,276.55,80.775,100.48
677.93,275.83,80.857,100.58
680.87,275.73,80.838,100.55
682.88,275.41,80.958,100.7
683.89,275.1,81.232,101.04
684.32,274.57,81.176,100.97
683.93,273.92,80.82,100.53
681.9,273.43,80.297,99.882
548.53,442.29,79.93,99.425
546.41,452.87,79.687,99.123
536.36,471.18,79.066,98.35
529.22,481.98,78.205,97.279
525.47,489.62,77.847,96.834
526.81,496.6,77.495,96.397
528.65,511.29,76.025,94.568
543.09,513.55,75.604,94.044
552.72,514.24,75.349,93.727
556.23,516.31,75.092,93.407
562.16,517.7,74.811,93.058
587.29,522.69,74.817,93.066
582.71,518.34,75.015,93.312
559.5,516.14,75.195,93.536
549.29,493.16,75.099,93.416
524.85,486.74,74.738,92.967
517.54,469.49,74.511,92.684
494.88,437.54,74.472,92.636
495.03,403.49,74.024,92.078
490.47,369.94,74.474,92.638
501.11,310.13,74.951,93.231
498.05,306.81,75.068,93.377
497.91,309.87,74.998,93.29
510.26,316.28,75.534,93.957
500.69,312.23,76.505,95.164
514.07,311.01,77.06,95.855
622.9,276.01,76.957,95.727
629.99,276.27,76.536,95.203
632.75,275.81,76.145,94.717
636.33,275.93,75.747,94.222
638.89,275.54,75.452,93.855
640.69,275.9,75.238,93.589
646.73,277.3,75.682,94.141
648.1,277.77,76.211,94.799
648.21,277.03,76.978,95.753
650.45,277.26,77.911,96.914
650.71,276.5,78.411,97.535
652.53,277.13,79.258,98.589
654.6,276.95,80.101,99.637
656.16,276.95,80.578,100.23
656.96,277.33,79.981,99.489
656.34,277.72,79.523,98.919
656.45,278.34,78.526,97.678
657.55,280.31,77.896,96.895
656.01,280.82,77.267,96.112
648.25,280.96,76.178,94.758
616.26,283.77,76.274,94.877
621.48,280.59,75.133,93.458
589.99,282.91,75.533,93.955
578.71,282.18,75.547,93.973
566.24,280.3,75.571,94.003
557.13,278.33,75.624,94.069
547.13,275.99,75.793,94.279
539.05,274.03,75.627,94.073
532.67,273.2,75.936,94.457
527.09,273.24,76.172,94.75
520.6,272.97,76.242,94.838
513.61,271.78,76.388,95.019
507.84,272.13,76.41,95.047
504.09,271.81,76.564,95.238
500.1,271.82,76.635,95.327
497.17,272.22,77.01,95.792
498.6,270.93,77.006,95.787
377.89,443.97,77.226,96.062
375.34,445.52,77.056,95.85
371.46,447.7,76.419,95.058
371,449.79,76.251,94.849
370.11,450.67,76.475,95.128
371.67,453.63,76.076,94.631
371.29,454.81,76.281,94.886
370.36,454.99,76.642,95.335
369.68,454.49,76.799,95.53
370.16,455.2,77.214,96.046
371.13,455.88,77.355,96.222
369.32,455.47,77.593,96.518
370.04,455.56,77.781,96.751
368.29,454.6,77.798,96.774
370.58,454.74,77.874,96.868
371.96,455.8,77.859,96.849
372.73,455.63,77.762,96.728
374.97,456.36,77.689,96.637
380.22,455.91,77.733,96.692
387.65,455.49,76.966,95.739
397.33,454.12,76.07,94.624
408.35,453.44,75.757,94.235
418.4,451.23,75.644,94.094
429.42,450.48,75.5,93.915
439.94,448.66,75.263,93.619
451.62,448.01,74.981,93.27
459.55,445.72,74.606,92.802
465.02,444.69,74.174,92.266
474.46,443.54,73.95,91.987
487.93,442.13,74.165,92.255
516.71,437.29,73.966,92.006
530.59,432.06,74.035,92.093
538.88,424.54,74.378,92.519
547.85,417.79,74.811,93.057
548.76,412.62,75.367,93.749
538.88,406.46,76.494,95.151
528.69,409.16,76.682,95.385
509.58,413.6,76.965,95.737
479.54,421.36,76.751,95.471
451.23,423.04,76.926,95.688
419.87,417.14,77.024,95.811
398.32,401.84,76.441,95.085
395.22,363.45,76.776,95.502
408.62,338.65,76.659,95.356
423.41,321.27,76.416,95.054
436.07,322.15,76.423,95.063
437.97,318.57,76.16,94.735
435.84,318.14,76.302,94.913
470.77,338.95,76.034,94.579
487.45,353.77,75.263,93.62
493.64,388.18,75.438,93.838
494.65,404.11,75.253,93.608
491,415.12,74.822,93.071
486.7,421.63,74.094,92.165
485.06,423.66,73.713,91.692
488.31,425.32,73.588,91.537
493.62,424.76,73.687,91.659
500.84,423.55,73.526,91.459
508.51,424.7,73.423,91.331
516.67,426.48,73.418,91.324
524.37,430.67,73.332,91.218
529.59,433.37,73.298,91.176
537.81,436.15,73.332,91.217
544.34,437.82,73.422,91.329
548.15,440.41,73.669,91.637
548.01,441.1,74.214,92.315
536.68,433.61,74.921,93.195
524.55,428.13,74.945,93.224
505.66,422.6,74.836,93.088
482.55,423.68,74.632,92.835
446.87,428.92,74.886,93.15
415.8,436.15,74.476,92.641
391.46,440.42,74.324,92.452
375.27,421.26,74.142,92.225
373.13,397.41,74.203,92.301
391.26,376.93,73.731,91.715
412.31,355.97,73.566,91.508
429.17,345.45,73.83,91.837
438.3,345.65,73.429,91.338
451.74,348.87,73.564,91.507
462.02,364.23,73.309,91.189
469.51,381.93,72.704,90.436
472.88,399.14,72.59,90.295
476.12,406.52,72.62,90.332
475.06,412.35,72.521,90.209
473.56,418.3,72.195,89.804
471.75,422.8,71.968,89.521
472.45,427.28,71.728,89.223
474.94,429.69,71.411,88.829
480.02,433.4,71.535,88.983
487.95,437.53,71.921,89.463
495.18,439.58,72.45,90.121
501.75,440.27,72.656,90.377
508.89,440.85,72.942,90.733
510.19,439.93,73.041,90.856
508.83,437.6,73.384,91.282
503.38,434.28,73.84,91.85
494.67,430.54,74.22,92.322
485.64,427.2,74.515,92.689
471.94,423.96,74.844,93.099
449.5,421.92,75.509,93.926
429.54,421.42,75.755,94.232
406.72,420,75.92,94.437
382.7,419.01,76.209,94.796
357.45,415.02,76.125,94.692
332.18,397.18,76.124,94.691
323.69,376.29,75.636,94.084
333,346.09,75.847,94.346
345.79,324.05,75.987,94.521
363.14,316.69,75.646,94.096
379.51,320.31,76.281,94.887
399.19,328.39,76.767,95.491
425.91,338.74,76.867,95.615
450.37,356.4,76.903,95.66
459.02,368.79,76.547,95.217
463.35,399.57,77.124,95.935
460.94,413.42,77.302,96.156
450.92,423.94,77.443,96.332
440.28,429.12,77.296,96.149
431.39,433.64,76.858,95.604
421.55,436.81,76.421,95.061
412.37,439.01,76.005,94.543
402.77,442.43,75.39,93.777
391.97,443.63,75.241,93.592
383.72,446.33,75.024,93.323
376.04,447.89,74.888,93.153
367.51,449.65,74.768,93.004
363.09,452.24,74.6,92.795
356.56,454.12,74.904,93.174
352.21,456.46,75.451,93.854
362.19,471.39,75.395,93.784
360.1,470.85,75.448,93.85
357.06,471.74,75.861,94.363
355.29,477.54,75.494,93.907
352.58,484.85,75.692,94.153
330.12,462.22,75.194,93.534
331.74,459.11,74.914,93.186
332.31,455.92,74.794,93.037
334.06,457.64,74.75,92.982
333.41,456.86,74.864,93.124
333.98,457.12,75.221,93.568
334.91,456.73,75.579,94.013
335.98,455.99,75.921,94.439
338.52,455.54,76.547,95.218
341.16,454.24,76.95,95.718
344.99,453.83,77.483,96.381
349.58,452.83,78.004,97.03
357.05,451.33,78.359,97.471
369.19,446.25,78.648,97.83
386.15,441.14,78.649,97.831
413.29,434.14,78.466,97.604
451.82,427.46,78.766,97.977
496.11,423.91,78.495,97.64
551.34,410.94,78.647,97.83
592.68,397.42,79.303,98.645
614.63,382.56,78.951,98.208
622.95,368.34,78.195,97.267
621.99,358,77.535,96.446
619.45,351.08,76.979,95.754
615.07,351.84,76.879,95.63
594.39,366.41,77.419,96.302
552.78,391.65,77.026,95.813
556.21,390.74,76.458,95.107
557.34,394.17,75.974,94.504
559.3,398.34,75.419,93.814
577.55,330.35,75.715,94.183
549.7,278.61,75.663,94.118
547.41,278,75.59,94.027
544.64,277.7,75.795,94.282
540.71,277.25,76.294,94.902
537.67,278.79,76.212,94.8
532.19,279.22,76.495,95.152
529.24,280.26,76.79,95.52
527.8,280.59,76.734,95.449
526.84,280.49,76.548,95.218
527.33,279.3,76.325,94.941
529.4,278.71,76.409,95.046
532.12,278.17,76.712,95.422
535.18,277.78,77.037,95.827
538.27,277.49,77.42,96.303
542.23,277.05,77.659,96.6
548.87,277.39,78.056,97.094
554.75,277.56,78.38,97.497
560.76,276.36,78.839,98.067
566.42,274.86,79.401,98.767
569.79,273.15,79.829,99.3
572.66,272.29,79.68,99.114
575.66,273.97,79.317,98.663
578.02,277.95,79.273,98.607
579.73,284.19,78.984,98.248
581.99,289.22,78.96,98.219
581.92,292.6,79.392,98.756
580.6,295.31,79.32,98.666
577.48,298.75,78.737,97.941
582.02,300.82,78.571,97.735
584.79,305.89,77.865,96.856
588.34,308.42,77.475,96.371
596.81,311.38,77.174,95.997
614.91,312.59,77.286,96.137
665.65,309.98,77.519,96.427
683.63,321.78,77.047,95.839
691.58,307.38,77.15,95.968
703.54,299.88,77.455,96.346
704.2,295.82,76.29,94.897
690.94,294.94,76.247,94.843
696.24,302.05,76.106,94.669
731.1,362.36,75.962,94.489
710,384.95,75.578,94.011
782.04,411.24,76.516,95.178
783.31,433.88,76.342,94.962
769.46,443.7,76.5,95.159
759.03,435.37,76.676,95.377
755.73,441.85,76.929,95.692
720.81,440,78.032,97.064
693.5,445.33,77.881,96.877
648.78,444.87,77.97,96.987
613.84,432.74,77.572,96.492
619.06,437.87,77.931,96.939
611.06,429.42,77.867,96.859
613.58,423.43,78.127,97.182
623.45,419.15,78.367,97.481
631.15,410.88,79.101,98.394
640.85,406.53,79.434,98.808
574.86,404.56,79.558,98.963
580.92,403.81,79.494,98.883
588.58,402.41,79.987,99.496
601.11,398.38,80.256,99.83
601.41,387.34,80.175,99.73
607.29,382.29,79.704,99.144
619.39,379.11,79.263,98.595
633.82,378.3,78.799,98.019
791.86,371.31,78.282,97.375
806.5,317.81,78.108,97.159
