565.5,195.5,24,83
562.12,194.41,23.763,82.181
556.61,194.38,23.782,82.245
552.18,194.14,23.63,81.721
567.42,194.24,24.15,83.52
543.96,192.35,24.204,83.706
539.46,193.09,24.243,83.84
534.02,192.46,24.353,84.221
530.08,192.37,24.462,84.597
525.73,192.57,24.536,84.854
521.42,191.08,24.473,84.636
516.13,193.14,24.295,84.022
509.31,192.43,24.168,83.581
505.38,191.92,24.281,83.972
501.43,192.27,24.13,83.451
497.96,193.21,24.023,83.078
491.69,193.11,24.055,83.189
486.5,192.31,24.106,83.368
481.43,192,24.17,83.588
479.39,192.14,24.21,83.727
475.22,192.78,24.224,83.774
470.34,192.57,24.064,83.222
465.92,191.32,24.063,83.219
462.23,191.42,23.781,82.243
460.09,192.33,23.812,82.35
455.15,192.02,23.687,81.916
451.13,192.52,23.602,81.622
447.59,191.33,23.672,81.866
443.82,190.56,23.762,82.176
440.59,191.31,23.818,82.371
436.03,191.62,23.742,82.108
432.82,190.76,23.613,81.661
430.17,190.17,23.687,81.918
427.26,190.12,23.703,81.971
425.72,190.76,23.563,81.49
421.75,190.06,23.351,80.756
418.62,189.6,23.384,80.871
416.08,189.81,23.368,80.814
414.36,189.15,23.158,80.087
412.42,190.44,23.169,80.125
409.29,189.66,23.102,79.896
407.17,188.39,23.215,80.285
404,187.79,23.245,80.39
402.21,187.78,23.108,79.917
400.95,188.55,23.102,79.896
398.48,187.52,22.954,79.382
396.77,187.5,22.865,79.074
395.09,187.08,22.69,78.468
393.06,186.29,22.736,78.629
391.64,186.71,22.721,78.578
388.17,185.96,22.554,77.999
386.25,184.89,22.509,77.842
383.35,183.96,22.424,77.55
382.23,185.05,22.338,77.253
380.4,184.6,22.206,76.797
377.78,184.22,22.231,76.881
376.23,182.88,22.191,76.745
374.66,182.09,22.214,76.825
371.73,183.14,22.309,77.152
368.83,183.87,22.34,77.259
365.61,182.76,22.328,77.217
363.13,182.42,22.382,77.404
361.37,181.89,22.411,77.504
359.43,182.3,22.446,77.625
356.31,182.31,22.373,77.374
353.79,181.2,22.457,77.664
349.59,179.85,22.513,77.858
346.78,179.98,22.41,77.501
344.69,181.44,22.32,77.191
340.34,181.4,22.325,77.209
336.66,180.6,22.219,76.841
334.76,179.61,22.048,76.251
332.07,180.07,21.647,74.861
329.9,180.53,21.565,74.58
327.74,180.78,21.527,74.447
320.81,180.13,21.502,74.36
314.76,178.84,21.403,74.018
313.04,178.85,21.336,73.787
308.22,179.66,21.295,73.645
305.41,179.38,21.18,73.246
303.23,177.83,21.093,72.945
299.91,177.05,21.09,72.938
295.25,175.92,21,72.624
291.89,176.04,21.082,72.91
287.41,175.38,21.18,73.249
285.1,174.45,21.129,73.073
283.66,174.74,21.067,72.858
281.24,175.19,20.931,72.387
277.93,175.1,20.964,72.501
275.57,174.43,20.857,72.132
273.25,173.66,20.782,71.872
271.78,174.97,20.732,71.699
268.25,174.88,20.766,71.815
266.18,175.34,20.768,71.821
265.06,174.89,20.885,72.227
262.4,174.05,20.776,71.852
260.2,175.38,20.795,71.916
258.46,175.6,20.694,71.567
256.51,174.7,20.732,71.697
254.08,174.47,20.834,72.05
252.94,173.53,20.874,72.188
251.88,173.63,20.805,71.951
251.29,173.6,20.721,71.66
249.61,173.93,20.662,71.455
248.73,173.48,20.542,71.04
246.84,173.11,20.569,71.134
244.79,173.71,20.535,71.015
243.82,173.67,20.519,70.963
241.89,172.53,20.401,70.554
241.35,171.91,20.294,70.184
238.74,171.49,20.353,70.386
236.11,171.32,20.267,70.089
234.34,171.03,20.207,69.883
234.82,169.65,20.253,70.043
235.38,170.49,20.248,70.026
233.82,170.24,20.204,69.872
232.22,169.86,20.187,69.814
231.3,169.61,20.242,70.003
230.19,169.15,20.309,70.236
229.83,168.83,20.341,70.345
228.48,168.6,20.374,70.459
227.8,168.47,20.241,70.002
228.28,167.87,20.181,69.793
227.24,167.2,20.257,70.055
227.36,167.42,20.289,70.167
225.71,166.67,20.25,70.03
225.09,167.23,20.179,69.787
223.11,166.54,20.132,69.624
221.32,165.7,20.174,69.77
220.43,165.66,20.147,69.674
219.44,165.11,20.072,69.416
218.52,165.59,19.957,69.019
217.82,164.72,19.918,68.884
216.67,164.33,19.901,68.823
215.55,164.59,19.899,68.819
214.66,164.44,19.892,68.792
213.91,164.31,19.701,68.133
213.03,163.84,19.672,68.031
212.61,163.33,19.728,68.226
213.18,163.55,19.631,67.891
212.07,162.71,19.666,68.011
212.57,162.46,19.592,67.757
212.26,161.56,19.501,67.442
212.63,161.82,19.451,67.268
212.34,162.59,19.319,66.81
211.66,161.98,19.215,66.452
210.94,161.53,19.249,66.57
209.28,161.25,19.393,67.069
188.83,160.67,19.387,67.048
189.35,167.64,19.292,66.717
187.43,161.22,19.407,67.117
169.12,156.32,19.406,67.114
172.69,169.18,19.352,66.926
168.67,164,19.365,66.97
152.32,155.51,19.367,66.978
129.89,182.8,19.261,66.61
127.58,180.72,19.242,66.547
127.17,181.66,19.309,66.778
128.46,183.44,19.35,66.92
129.26,183.31,19.483,67.38
131.42,160.67,19.561,67.648
131.16,160.59,19.585,67.732
125.74,180.38,19.39,67.055
124.56,180.85,19.289,66.709
124.33,182.54,19.348,66.913
123,180.97,19.382,67.029
120.51,180.67,19.279,66.672
120.07,180.2,19.309,66.776
118.7,177.53,19.175,66.315
119.41,178.82,19.189,66.361
117.4,177.96,19.078,65.978
115.76,178.06,18.913,65.407
114.42,176.91,18.783,64.959
114,176.96,18.731,64.779
113.64,177.63,18.722,64.748
113.63,177.24,18.761,64.881
114.02,176.12,18.625,64.413
113.64,175.2,18.588,64.284
113.08,175.09,18.495,63.963
112.74,176.47,18.525,64.064
110.91,174.81,18.569,64.218
110.26,174.44,18.666,64.552
110.17,174.82,18.656,64.52
109.74,174.73,18.584,64.271
109.24,174.48,18.52,64.049
109.43,172.94,18.463,63.85
107.73,172.72,18.337,63.416
104.78,172.79,18.164,62.816
105.94,172.1,18.146,62.754
104.42,172.59,18.167,62.828
120.21,174.73,18.221,63.013
102.3,171.94,18.213,62.986
102.41,171.23,18.243,63.091
102.55,170.41,18.28,63.218
102.45,170.69,18.105,62.615
101.92,170.02,18.038,62.382
100.57,169.44,18.005,62.266
99.604,168.75,18.078,62.52
98.657,168.19,18.12,62.664
98.437,168.66,18.127,62.688
98.379,167.56,18.107,62.619
98.838,165.47,18.121,62.669
98.187,164.84,18.078,62.521
97.249,164.92,17.961,62.115
96.482,164.81,18.037,62.377
94.65,163.3,17.936,62.028
93.702,163.55,17.917,61.962
93.299,163.12,17.81,61.592
93.206,162.95,17.734,61.329
96.166,166.45,17.669,61.104
95.194,166.34,17.719,61.277
92.19,166.82,17.81,61.591
90.984,165.96,17.841,61.7
90.206,164.28,17.72,61.282
88.113,167.27,17.773,61.466
95.693,182.76,17.743,61.361
76.574,178.23,17.793,61.534
71.619,161.12,17.74,61.349
70.975,160.56,17.558,60.72
68.345,162.57,17.311,59.866
69.239,168.42,17.282,59.766
66.262,172.31,17.312,59.87
68.198,172.1,17.458,60.377
67.56,169.22,17.502,60.529
70.255,172.26,17.49,60.486
67.698,163.94,17.436,60.298
84.66,151.2,17.335,59.95
82.052,150.44,17.226,59.575
79.283,135.6,17.244,59.635
66.438,130.39,17.124,59.222
65.142,128,16.986,58.742
63.1,123.13,17.005,58.808
68.687,102.87,17.004,58.804
65.798,102.59,16.912,58.489
65.558,102.81,16.883,58.389
63.897,102.41,16.878,58.371
47.827,104.91,16.862,58.314
46.435,104.76,16.856,58.295
44.205,104.7,16.903,58.455
53.597,127.44,16.806,58.122
50.952,124.26,16.715,57.805
48.522,125.17,16.618,57.471
46.704,126.42,16.564,57.284
43.335,126.22,16.482,56.999
42.27,127.54,16.461,56.927
40.2,127.22,16.487,57.016
38.874,125.94,16.345,56.525
36.706,124.22,16.241,56.167
34.379,125.62,16.078,55.603
32.498,126.33,16.004,55.346
27.756,126.08,15.937,55.114
25.579,126,15.843,54.791
24.585,126.18,15.72,54.364
20.914,127.76,15.696,54.282
20.215,126.58,15.57,53.845
17.23,125.53,15.474,53.516
14.797,125.02,15.473,53.51
11.378,126.03,15.51,53.638
9.3834,125.66,15.467,53.492
7.7475,126.19,15.505,53.622
4.8317,125.27,15.509,53.637
1.6506,125.81,15.472,53.509
0.51042,125.97,15.401,53.261
-1.4293,124.9,15.386,53.209
-2.1889,125.41,15.378,53.181
-4.4059,125.13,15.358,53.113
-7.3526,123.83,15.344,53.065
-9.5777,123.74,15.354,53.099
16.826,129.37,15.174,52.477
24.365,155.59,15.271,52.812
19.467,160.46,15.307,52.937
13.214,162.91,15.3,52.913
28.105,158.93,15.312,52.952
23.957,158.06,15.384,53.204
19.335,157.49,15.33,53.017
14.033,155.42,15.258,52.766
8.0658,158.23,15.346,53.073
1.1324,159.4,15.312,52.955
-3.5399,156.5,15.305,52.928
-9.2429,151.72,15.486,53.555
-13.489,150.3,15.646,54.108
7.6819,144.79,15.596,53.935
9.8658,144.82,15.566,53.832
8.4603,145.68,15.462,53.472
7.2816,145.81,15.437,53.386
7.5299,145.67,15.444,53.41
37.004,151.63,15.421,53.331
34.685,151.47,15.421,53.333
27.779,159.66,15.515,53.656
24.692,161.5,15.616,54.007
20.474,159.2,15.615,54
17.574,159.82,15.709,54.328
14.665,158.69,15.739,54.43
12.061,160.79,15.893,54.963
8.5039,158.35,15.992,55.307
4.357,157.82,15.926,55.077
1.7871,160.25,15.964,55.209
-1.1294,159.47,15.932,55.097
-4.6447,159.29,15.958,55.189
-6.4772,159.41,15.954,55.176
-8.7811,155.34,15.905,55.003
0.3828,166.8,15.809,54.672
24.552,172.58,15.788,54.602
24.21,173.84,15.857,54.838
25.528,174.43,15.944,55.14
25.344,173.79,15.986,55.284
25.297,172.26,15.913,55.033
25.537,171.75,15.829,54.741
24.592,171.11,15.782,54.58
24.629,171.78,15.742,54.441
22.558,172.3,15.703,54.306
22.432,171.64,15.648,54.116
22.277,170.25,15.584,53.894
23.403,170.29,15.5,53.605
24.276,171.29,15.448,53.425
25.116,169.39,15.413,53.303
25.912,168.4,15.361,53.123
26.366,168.14,15.299,52.908
