246.5,266.5,20,59
247.91,268.84,20.063,59.186
248.37,269.78,20.032,59.093
250.5,271.78,19.919,58.762
250.37,271.48,20.08,59.236
251.49,271.88,19.932,58.799
251.54,271.83,19.67,58.028
251.71,272.53,19.558,57.696
250.78,272.29,19.546,57.661
252.53,272.93,19.576,57.749
255.35,274.54,19.635,57.923
261.03,277.6,19.717,58.165
264.38,278.05,20.007,59.021
268.3,277.73,20.168,59.495
270.19,276.9,20.656,60.936
272.24,278.12,20.983,61.901
273.18,277.86,21.23,62.627
274.1,278.36,21.303,62.843
273.78,278.81,21.505,63.44
273.44,281.59,21.722,64.079
272.94,281.84,21.605,63.733
271.57,281.49,21.49,63.395
269.02,280.43,21.506,63.444
272.45,270.76,21.315,62.88
272.58,269.22,21.236,62.647
273.97,269.82,21.151,62.395
271.05,281.5,21.094,62.228
271.71,283.29,21.148,62.386
270.39,284.84,21.338,62.948
265.95,284.67,21.683,63.964
262.2,284.23,21.672,63.933
259.96,283.89,21.542,63.549
260.03,283.31,21.635,63.822
264,285.4,21.461,63.309
267.23,288.44,21.489,63.392
267.57,290.56,21.573,63.64
266.87,292.56,21.723,64.083
261.88,294.78,21.76,64.193
255.31,296.2,21.781,64.253
247.76,295.63,21.831,64.401
244.24,295.3,21.723,64.082
239.6,295.56,21.838,64.422
236.59,294.91,21.742,64.139
234.58,297.41,22.011,64.933
228.62,302.39,22.529,66.46
227.09,304.3,22.879,67.493
227.46,305.73,23.218,68.493
230.14,305.28,23.462,69.214
233.01,304.88,23.641,69.742
236.9,305.25,23.699,69.912
239.1,307.17,23.711,69.948
241.58,309.5,23.675,69.842
242.1,312.94,23.749,70.061
245.2,316.57,23.765,70.108
249.22,321.19,23.723,69.983
250.6,320.33,23.701,69.917
230.23,326.49,23.567,69.523
223.79,324.13,23.485,69.281
217.41,324.17,23.453,69.186
199.98,327.6,23.399,69.027
186.93,331.3,23.586,69.578
174.75,337.76,23.759,70.089
160.58,341.14,23.96,70.682
141.14,340.63,24.127,71.173
119.19,332.83,23.987,70.762
108.97,329.89,23.95,70.651
106.77,324.96,24,70.801
93.556,323.25,24.068,71.002
82.134,323.08,24.083,71.045
77.927,325.18,24.084,71.047
74.716,326.94,24.12,71.153
67.72,321.24,24.241,71.511
63.114,324.6,24.386,71.939
58.652,325.09,24.502,72.281
56.987,327.85,24.465,72.171
56.848,324.71,24.501,72.277
56.192,325.44,24.429,72.065
56.22,325.75,24.592,72.547
56.635,329.4,24.735,72.968
57.171,332.04,24.891,73.429
55.924,335.11,24.934,73.554
54.038,337.51,25.043,73.878
57.397,342.26,25.087,74.007
65.7,347.62,25.19,74.31
77.791,350.52,25.287,74.598
80.115,346.57,25.292,74.611
81.318,344.48,25.283,74.584
82.438,342.03,25.283,74.585
81.786,340.7,25.321,74.697
85.088,343.05,25.517,75.275
87.207,344.71,25.679,75.754
88.304,346.69,25.72,75.873
90.026,347.16,25.804,76.122
91.857,346.34,25.793,76.089
100.8,343.09,25.751,75.965
106.4,343.59,25.761,75.995
111.69,344.92,25.825,76.182
117.3,347.51,25.713,75.853
121.28,346.15,25.701,75.818
126.47,346.38,25.644,75.65
129.68,347.79,25.581,75.463
131.01,347.69,25.429,75.014
133.2,348.07,25.258,74.512
140.76,350.09,25.183,74.29
145.72,351.6,25.039,73.866
149.5,355.4,24.835,73.264
147.29,359.11,24.938,73.567
146.3,360.58,25.192,74.315
147.21,362.06,25.442,75.055
153.25,359.65,25.622,75.586
159.3,358.11,25.78,76.05
161.94,356.33,25.813,76.147
162.15,357.17,25.757,75.982
159.47,362.44,25.833,76.207
154.66,370.32,25.739,75.93
149.84,373.02,25.757,75.984
146.3,373.31,25.711,75.849
143.51,371.29,25.706,75.834
138.93,368.63,25.731,75.907
127.76,366.47,25.797,76.101
116.89,367.33,25.911,76.439
103.62,369.72,25.998,76.693
91.338,371.13,25.998,76.695
83.258,371.27,26.094,76.977
77.121,371.23,26.253,77.447
66.736,368.97,26.438,77.993
58.487,366.35,26.547,78.313
47.486,362.75,26.555,78.338
28.324,365.44,26.538,78.288
13.329,367.02,26.63,78.559
1.0614,368.98,26.881,79.299
-18.545,370.94,27.292,80.51
3.9461,396.91,27.221,80.302
28.719,402.71,27.194,80.223
8.7708,400.29,27.131,80.037
39.868,402.3,26.874,79.277
63.296,353.78,26.989,79.618
56.14,355.55,27.037,79.758
51.293,358.89,26.86,79.236
46.786,362.27,26.848,79.202
42.351,364.15,26.791,79.032
43.199,364.18,26.787,79.021
45.73,361.25,26.749,78.91
50.576,359.35,26.739,78.879
63.457,358.27,26.656,78.634
72.782,355.41,26.545,78.308
83.73,353.32,26.388,77.845
92.748,355.58,26.238,77.401
99.951,357.27,26.255,77.453
108.81,359.2,26.298,77.579
118.6,359.56,26.45,78.028
129.5,360.75,26.453,78.035
139.51,358.45,26.525,78.248
150.26,356.86,26.458,78.051
160.35,357.38,26.555,78.337
166.97,357.91,26.472,78.092
170.2,361.72,26.451,78.031
171.66,366.38,26.604,78.483
169.33,368.86,26.633,78.569
169.72,368.8,26.592,78.447
169.76,368.72,26.68,78.707
167.58,367.1,26.703,78.774
166.74,363.98,26.724,78.837
164.96,362.27,26.694,78.746
158.65,367.04,26.701,78.768
144.92,370.91,26.815,79.103
135.81,369.69,26.879,79.292
128,366.78,27,79.651
122.29,363.86,27.045,79.782
119.3,361.19,27.026,79.728
112.72,359.61,27.216,80.288
103.96,356.04,27.171,80.155
100.61,354.24,27.313,80.573
92.471,352.01,27.279,80.473
80.61,348.69,27.356,80.701
75.917,342.44,27.375,80.755
74.581,337.66,27.224,80.312
76.182,334.23,27.174,80.162
74.545,330.5,27.048,79.792
72.592,329.01,27.024,79.72
74.776,324.91,26.98,79.592
77.073,325.39,26.918,79.408
80.669,325.02,26.906,79.372
84.602,326.23,26.868,79.26
89.117,327.12,26.677,78.697
97.297,328.94,26.661,78.651
104.47,327.47,26.777,78.992
112.61,325.78,27.099,79.942
119.41,322.24,27.048,79.791
125.75,321.4,27.096,79.933
131.44,322.76,26.966,79.551
137.34,324.81,27.077,79.876
143.32,325.44,26.83,79.149
147.96,326.79,26.728,78.848
152.58,329.02,26.756,78.932
157.07,329.11,26.622,78.533
160.65,328.04,26.45,78.026
166.88,327.72,26.393,77.859
174.96,326.86,26.104,77.007
180.91,327.69,25.951,76.554
185.76,327.59,25.92,76.465
191.23,328.35,25.942,76.528
193.56,330.14,25.964,76.595
195.22,330.97,25.824,76.182
200.93,331.68,25.841,76.231
205.26,330.75,25.827,76.191
210.63,329.15,25.656,75.686
215.32,329.12,25.802,76.117
219.33,329.36,25.927,76.486
225.16,330.36,25.985,76.655
228.64,331.35,25.737,75.923
232.84,335.51,25.518,75.278
238.61,336.11,25.282,74.581
252.42,332.95,25.103,74.053
261.53,329.12,25.12,74.103
271.01,325.25,24.91,73.485
274.02,322.71,24.702,72.872
277.01,322.25,24.534,72.375
283.06,324.23,24.518,72.328
288.29,325.53,24.563,72.461
293.32,326.3,24.559,72.45
298.97,325.92,24.572,72.486
304.03,323.68,24.691,72.838
308.87,321.22,24.624,72.642
313.89,321.82,24.442,72.105
318.9,323.37,24.289,71.654
324.3,324.25,24.323,71.754
329.22,325.77,24.146,71.231
334.02,328.15,24.04,70.919
338.64,330.76,23.843,70.336
343.14,331.96,23.667,69.819
347.91,332.08,23.489,69.292
