545.5,134.5,27,54
540.32,132.32,27.271,54.543
535.54,131.09,27.455,54.91
531.96,132.38,27.605,55.211
527.29,131.81,27.618,55.237
521.76,131.16,27.814,55.627
518.53,130.75,27.821,55.642
515.36,131.06,27.724,55.447
511.1,131.44,27.569,55.138
506.69,131.88,27.383,54.765
503.79,131.83,26.972,53.944
500.03,131.72,27.218,54.436
495.26,132.37,27.004,54.007
492.47,132.9,26.85,53.701
489.18,132.66,26.603,53.205
484.29,132,26.558,53.116
481.22,131.68,26.493,52.986
477.87,132.68,26.407,52.813
473.89,132.76,26.595,53.19
468.37,132.03,26.447,52.894
465.03,132.71,26.417,52.834
461.8,133.42,26.173,52.347
457.45,132.81,26.005,52.009
454.66,132.69,25.934,51.868
451.64,132.76,26.183,52.367
447.11,132.34,26.329,52.657
443.13,133.7,26.245,52.489
438.22,133.46,26.23,52.459
433.54,132.39,26.302,52.604
429.87,132.88,26.531,53.063
426.04,132.5,26.405,52.809
422.72,132.81,26.448,52.896
419.1,132.91,26.195,52.391
415.76,132.33,26.179,52.359
412.66,132.51,26.222,52.445
409.75,133.14,26.127,52.253
406.27,132.29,26.113,52.225
402.51,132.52,26.087,52.174
399.57,132.48,25.95,51.899
396.48,132.76,26.214,52.427
392.78,132.7,26.196,52.392
389.12,132.46,26.093,52.187
386.06,132.43,26.063,52.126
383.47,132.59,25.927,51.855
380.31,133.52,25.941,51.882
375.81,133.39,25.98,51.96
371.23,133.17,25.84,51.68
367.48,133.13,25.935,51.87
364.69,133.65,25.92,51.839
361.37,133.57,25.815,51.63
358.72,133.28,25.83,51.659
355.53,133.16,25.826,51.652
352.92,134,25.853,51.707
349.79,134.27,25.831,51.663
343.44,133.42,25.617,51.235
339.55,133.5,25.629,51.258
335.55,133.66,25.616,51.232
332.03,133.87,25.632,51.263
328.55,133.82,25.668,51.336
324.75,133.52,25.497,50.993
321.42,133.19,25.516,51.031
318.78,133.48,25.58,51.161
314,133.74,25.605,51.21
309.93,133.73,25.688,51.375
306.12,134.26,25.588,51.176
302.58,134.31,25.53,51.06
299.35,134.89,25.371,50.741
296.3,135.05,25.473,50.945
292.53,133.71,25.454,50.909
289.38,133.47,25.544,51.088
286.1,133.84,25.516,51.031
282.32,134.6,25.509,51.018
278.64,134.12,25.462,50.924
275.47,134.26,25.459,50.918
271.88,134.12,25.632,51.265
268.16,134.57,25.611,51.222
265.62,134.71,25.529,51.058
261.62,134.79,25.423,50.847
259.01,134.18,25.332,50.663
256.29,134.39,25.322,50.643
252.73,135.33,25.302,50.603
249.39,135.27,25.277,50.554
245.64,135.15,25.187,50.374
241.93,135.66,25.252,50.503
237.98,136.09,25.299,50.598
234.94,135.8,25.326,50.652
231.78,135.81,25.245,50.489
228.87,135.47,25.175,50.349
226.08,135.38,25.077,50.155
221.12,135.58,25.143,50.286
216.98,134.67,25.229,50.458
214.18,135.51,25.291,50.582
211.12,135.21,25.265,50.53
208.56,135,25.511,51.022
202.97,135.7,25.482,50.965
197.97,134.35,25.431,50.862
195.97,134.11,25.442,50.884
193.72,134.16,25.477,50.954
189.21,135.05,25.322,50.645
186.85,135.58,25.36,50.721
183.74,134.96,25.373,50.745
181.56,135.43,25.294,50.589
178.71,135.37,25.221,50.442
175.8,135.21,25.248,50.497
172.96,135.16,25.123,50.246
169.72,134.52,25.084,50.167
166.56,134.41,25.146,50.292
162.94,134.9,25.082,50.164
157.92,134.05,25.07,50.141
154.28,134.36,25.09,50.18
150.78,134.17,25.109,50.219
148.02,134.4,25.028,50.056
145.04,133.99,25.053,50.106
142.58,133.31,24.952,49.903
140.26,133.33,25.051,50.102
137.89,133.31,24.988,49.977
135.34,133.59,25.111,50.223
131.37,133.3,25.058,50.117
129.37,132.86,25.091,50.183
127.71,133.04,25.149,50.298
125.93,132.77,25.275,50.55
124.72,133.34,25.336,50.672
123.69,132.41,25.423,50.846
122.37,131.93,25.515,51.03
121.4,131.43,25.567,51.135
119.12,131.45,25.647,51.295
116.51,131.13,25.75,51.5
114.07,131.41,25.792,51.584
111.8,131.83,25.846,51.692
109.04,131.6,25.81,51.62
106.38,131.16,25.785,51.571
103.48,130.94,25.796,51.592
101.54,130.34,25.799,51.598
97.836,130.41,25.791,51.582
95.126,130.71,25.977,51.955
90.793,130.4,25.889,51.777
88.628,130.61,25.878,51.756
85.904,129.93,25.879,51.758
