556.5,165.5,40,50
556.99,166.21,41.019,51.274
557.29,168.15,40.737,50.921
557.04,167.92,40.929,51.161
557.36,165.94,40.87,51.088
556.9,165.7,40.954,51.192
557.62,166.17,40.795,50.994
557.89,166.81,40.533,50.667
558.29,166.43,40.204,50.255
558.96,167.23,39.223,49.029
558.25,166.54,39.557,49.446
558.42,166.48,39.41,49.262
559.2,167.32,39.24,49.05
558.2,165.93,40.215,50.269
558.79,167.58,39.751,49.689
558.89,167.47,39.417,49.271
559.03,167.1,39.442,49.302
558.35,166.81,39.938,49.923
558.55,166.59,39.649,49.561
558.46,166.17,39.656,49.57
558.42,166.4,39.689,49.611
558.7,166.91,39.688,49.61
558.33,166.27,39.76,49.7
558.12,167.06,39.903,49.879
558.64,167.13,40.479,50.598
557.92,165.47,40.962,51.203
556.51,163.94,41.416,51.77
556.43,163.54,41.416,51.77
556.59,164.04,41.499,51.874
556.52,164.53,41.953,52.441
555.69,164.23,42.319,52.899
555.68,164.16,43.118,53.897
555.75,164.35,43.269,54.086
555.3,163.86,43.482,54.353
555.53,163.9,43.742,54.678
555.01,164.33,44.432,55.54
555.69,165.1,44.039,55.049
555.52,164.79,43.936,54.921
555.38,164.7,44.087,55.108
555.53,164.18,44.558,55.698
555.52,163.76,44.861,56.076
555.89,163.95,45.1,56.375
555.12,163.13,45.293,56.616
554.47,162.92,45.351,56.689
554.51,163.23,45.531,56.914
553.43,162.36,45.854,57.318
553.8,162.15,45.98,57.475
553.57,161.44,46.71,58.388
553.01,160.22,46.396,57.995
554.04,161.82,46.419,58.024
553.06,160.6,46.228,57.785
554.05,162.22,46.392,57.99
555.43,163.69,46.721,58.401
556.38,163.87,46.652,58.316
555.91,163.68,46.876,58.595
555.78,163.43,46.596,58.245
556.28,164.19,46.679,58.349
556.17,164.47,46.596,58.246
555.71,164.06,46.358,57.947
554.41,162.77,46.312,57.89
554.24,161.01,46.573,58.216
554.2,162.19,45.92,57.4
555.26,161.58,45.658,57.072
554.68,162.12,45.227,56.534
553.42,160.43,45.053,56.317
551.09,157.12,44.879,56.098
553.8,161.52,45.172,56.465
555.93,165.32,44.712,55.89
555.09,163.33,44.268,55.335
555.69,164.22,43.833,54.792
555.52,164.16,43.786,54.732
555.54,164.1,43.676,54.595
556.9,165.08,43.346,54.183
554.26,162.8,43.232,54.039
555.51,164.23,43.278,54.098
554.83,164.16,43.265,54.081
557.33,164.13,43.322,54.152
556.09,164.5,43.434,54.293
555,164.86,43.296,54.119
553.6,165.21,43.098,53.873
557.52,164.62,43.346,54.182
555.18,163.94,43.077,53.846
554.67,162.93,43.047,53.809
556.44,162.6,43.081,53.852
555.88,164.5,43.305,54.131
556.39,164.98,43.403,54.254
555.38,164.85,43.234,54.043
555.59,165.87,42.997,53.747
556.23,164.24,42.731,53.413
556.67,165.08,42.501,53.126
556.12,164.68,42.697,53.371
556.9,165.38,42.584,53.23
556.51,165.04,42.474,53.093
555.85,164.48,42.672,53.34
556.52,165.07,42.54,53.175
556.42,165.1,42.483,53.104
555.92,164.61,42.597,53.246
556.62,165.11,42.494,53.117
556.11,164.6,42.68,53.35
556.54,165.18,42.468,53.085
556.18,164.76,42.562,53.203
556.48,164.93,42.371,52.964
556.45,165.26,42.2,52.75
556.68,165.11,42.053,52.566
556.36,164.86,42.203,52.754
556.22,164.89,42.486,53.108
555.98,164.61,42.724,53.405
556.6,165.01,42.554,53.192
556.34,164.97,42.33,52.912
556.88,165.48,42.167,52.709
556.84,165.38,41.967,52.458
556.92,165.61,41.881,52.352
557.12,165.79,41.834,52.292
557.17,165.6,41.858,52.323
557.1,165.44,41.917,52.396
557.24,165.64,41.794,52.242
556.87,165.26,41.788,52.235
556.75,165.3,41.846,52.307
556.86,165.3,41.914,52.393
556.82,165.23,42.045,52.556
556.22,164.55,42.364,52.956
556.5,164.99,42.2,52.751
556.53,164.8,42.111,52.638
556.22,164.52,42.399,52.998
556.62,164.95,42.246,52.807
556.62,165.02,42.024,52.53
556.77,165.25,41.926,52.407
556.99,165.38,41.758,52.198
556.73,164.95,41.629,52.036
556.37,164.81,42.242,52.802
556.56,165,42.101,52.627
556.26,164.71,42.353,52.941
556.53,165.07,42.203,52.754
556.64,165,42.142,52.677
556.11,164.62,42.395,52.993
556.58,165.02,42.206,52.757
556.45,165.12,42.12,52.65
556.08,164.54,42.408,53.01
556.63,165.04,41.978,52.473
556.57,165.27,41.921,52.401
556.95,165.5,41.726,52.158
556.78,165.18,41.602,52.003
557.9,165.42,41.495,51.868
577.39,165.28,41.851,52.313
595.42,165.48,41.811,52.264
611.84,165.37,41.897,52.371
622.58,165.31,41.904,52.38
621.98,168.01,42.051,52.564
568.05,180.96,41.859,52.323
597.47,187.99,41.208,51.51
613.25,188.24,40.913,51.141
618.45,189.26,40.929,51.161
613.88,204.95,40.98,51.225
610.9,218.22,41.054,51.318
615.77,236.33,41.255,51.568
563.49,251.4,41.295,51.619
557.7,292.92,41.342,51.677
570.63,293.15,41.139,51.424
594.02,293.12,41.404,51.755
616.05,295.67,41.735,52.169
614.56,295.56,41.969,52.461
611.79,321.38,41.892,52.365
605.13,321.62,41.868,52.335
610.68,321.79,41.721,52.152
616.83,319.56,41.74,52.175
616.88,337.89,41.487,51.858
617.44,342.04,41.258,51.572
615.19,352.41,41.357,51.696
614.42,345.82,41.451,51.814
617.02,346.88,41.451,51.814
616.95,339.36,41.521,51.901
616.83,336.35,41.405,51.757
616.74,333.19,41.394,51.742
615.22,325.49,41.406,51.758
607.62,319.24,41.169,51.461
616.87,318.82,40.892,51.115
615.46,307.61,40.781,50.976
619.93,276.26,40.93,51.163
611.9,287.33,41.028,51.285
607.59,297.29,40.766,50.957
614.97,314.26,40.833,51.041
612.9,312.94,40.722,50.903
617.6,313.7,40.764,50.955
615.14,315.16,40.709,50.887
608.55,300.93,40.649,50.811
615.26,293.47,40.524,50.654
612.9,291.71,40.434,50.543
609.85,304.55,40.404,50.505
615.14,317.61,40.192,50.239
614.84,313.11,40.108,50.135
614.57,317.06,40.045,50.057
613.94,313.52,40.158,50.198
614.81,316.8,40.093,50.116
615.44,317.4,40.221,50.277
615.82,317.88,40.405,50.507
615.37,317.19,40.337,50.421
616.51,316.52,40.346,50.433
614.77,316.99,40.185,50.231
616.7,316.39,40.189,50.236
616.1,317.92,40.593,50.742
615.55,317.81,40.783,50.979
615.59,316.14,40.622,50.778
615.63,317.04,40.972,51.215
617.31,315.8,40.887,51.108
615.62,317.88,41.341,51.676
615.84,317.56,41.436,51.794
613.52,325.77,41.359,51.699
614.51,336.84,41.459,51.824
614.43,341.16,41.416,51.771
614.61,348.49,41.327,51.659
613.15,358.28,41.267,51.584
616.71,328.95,41.43,51.788
595.44,300.24,41.578,51.972
616.18,343.56,41.75,52.187
615.55,347.06,41.631,52.039
616.77,337.39,42.044,52.555
617.23,349.09,42.217,52.772
617.51,354.97,42.199,52.749
616.52,368.6,42.295,52.868
618.03,383.56,42.419,53.024
616.36,391.68,42.2,52.75
617.08,405.61,42.306,52.883
618.24,413.64,42.663,53.328
614.1,453.08,42.753,53.442
615.68,451.11,43.22,54.025
613.82,451.67,43.071,53.838
613.76,454.65,43.123,53.904
612.72,453.79,43.073,53.842
613.37,461.3,43.147,53.934
611.68,463.11,43.309,54.137
612.63,463.9,43.403,54.253
613.21,461.52,43.398,54.247
612.84,463.41,43.145,53.931
614.38,462.53,43.351,54.189
612.18,462.55,43.27,54.087
612.86,463.55,42.821,53.526
614.05,462.39,42.607,53.258
612.69,462.54,42.566,53.207
613.63,462.83,42.87,53.588
612.73,462.5,43.213,54.016
612.75,463.02,43.125,53.906
614.6,462.41,42.909,53.636
611.95,462.45,42.857,53.572
612.55,462.7,43.374,54.217
613.06,462.6,43.053,53.816
612.96,461.68,43.132,53.915
613.16,463.1,43.332,54.165
614.06,461.98,42.813,53.516
612.52,462.02,42.636,53.295
613.26,462.24,42.283,52.854
612.86,462.25,42.104,52.629
613.49,462.94,41.692,52.115
614.03,462.14,41.172,51.466
614.03,462.09,40.721,50.901
613.89,462.94,40.98,51.225
614.24,462.13,40.724,50.905
614.23,462.4,40.078,50.098
613.91,463.3,39.868,49.835
614.9,463.06,40.009,50.011
613.65,463.16,39.728,49.659
614.61,462.7,39.423,49.279
614.09,463.1,39.558,49.447
613.78,463.01,39.753,49.691
614.06,462.73,39.921,49.902
613.34,462.81,40.028,50.035
614.11,462.65,39.786,49.733
614.66,462.59,40.011,50.013
613.91,463.4,39.817,49.772
614.53,462.81,39.883,49.853
613.77,462.58,40.118,50.147
613.78,462.86,39.86,49.825
614.37,462.58,39.601,49.501
613.44,462.9,39.879,49.848
613.98,463.12,39.926,49.907
614.33,462.45,39.626,49.533
614.08,462.64,39.313,49.141
614.43,463.3,39.421,49.276
614.36,462.98,39.592,49.49
614.02,462.99,39.788,49.735
614.34,462.63,39.825,49.781
614.13,462.7,40.145,50.181
614.12,463.56,39.88,49.85
614.32,462.72,40.012,50.016
613.74,462.95,39.842,49.803
614.04,462.97,39.806,49.758
614.14,462.71,39.602,49.502
614.2,462.88,39.293,49.116
614.32,463.57,39.476,49.345
614.15,463,39.628,49.535
614.07,462.39,39.337,49.172
614.26,463.06,39.414,49.268
614.79,462.84,38.88,48.6
615.03,463.44,38.332,47.915
614.58,463.36,38.066,47.583
615.04,462.59,38.398,47.998
614.16,463,39.305,49.132
614.19,463.09,39.413,49.267
614.88,462.75,39.263,49.079
614.36,463.6,39.43,49.287
614.37,463.57,39.331,49.163
614.48,462.88,39.669,49.586
613.82,463.17,39.966,49.957
614.4,462.64,39.418,49.273
614.06,462.74,39.674,49.593
614.08,462.88,39.873,49.841
614.52,462.21,39.661,49.577
613.68,462.95,39.942,49.928
613.48,463.21,39.634,49.542
614.29,462.14,39.196,48.995
614.08,462.74,38.655,48.319
614.14,463.16,37.841,47.301
614.54,462.92,37.423,46.779
614.56,463.73,37.451,46.814
615.03,463.1,37.473,46.841
615.03,463.37,36.841,46.052
615.32,463.56,36.334,45.417
615.17,462.99,36.308,45.385
615.12,463.57,36.071,45.089
615.51,463.46,36.047,45.059
615.49,463.43,35.895,44.869
614.93,463.87,36.396,45.494
615.32,463.62,36.472,45.591
615.34,463.34,36.686,45.858
615.01,463.72,36.959,46.198
615.36,463.21,36.524,45.655
615.65,463.4,36.667,45.833
614.9,463.8,36.222,45.278
615.3,463.25,36.202,45.253
615.29,463.64,36.122,45.152
615.65,463.5,35.982,44.978
615.37,463.57,35.894,44.867
615.48,463.88,35.51,44.388
615.6,463.48,35.488,44.36
615.19,463.84,35.558,44.448
615.65,464.26,35.382,44.228
615.96,463.49,35.354,44.193
615.28,463.97,35.3,44.125
615.36,464.16,35.22,44.024
615.37,463.58,35.294,44.118
615.31,464.03,35.256,44.07
615.47,464.37,35.229,44.036
615.86,463.59,35.459,44.323
615.52,464.02,35.402,44.253
615.9,463.96,35.408,44.26
615.45,463.5,35.516,44.395
615.36,463.87,35.453,44.316
615.23,463.27,35.573,44.466
615.83,463.7,35.702,44.627
615.33,464.31,35.444,44.305
615.52,463.64,35.466,44.333
615.2,464.11,35.335,44.168
615.83,463.87,35.263,44.079
615.81,464.09,35.24,44.05
615.56,464,35.065,43.832
616.1,463.61,34.751,43.439
615.68,464.09,35.041,43.802
615.64,463.66,35.07,43.837
616.18,463.67,34.719,43.398
615.57,463.84,34.955,43.693
615.61,463.79,34.994,43.743
616.03,463.75,34.649,43.312
615.53,463.95,34.692,43.365
615.6,463.91,34.353,42.942
615.62,463.69,34.969,43.711
615.62,463.68,34.605,43.257
616.17,463.77,34.315,42.894
615.89,463.9,34.785,43.482
616.12,463.71,34.341,42.926
616.23,463.66,34.394,42.993
615.67,463.88,34.725,43.406
616.03,463.7,34.487,43.108
615.81,463.69,34.986,43.732
615.47,464.08,34.885,43.606
615.83,463.47,34.699,43.374
615.38,463.81,34.991,43.738
615.39,463.79,34.997,43.746
615.65,463.74,34.805,43.506
615.29,463.61,35.137,43.921
615.48,463.45,35.309,44.136
615.62,463.79,35.45,44.312
614.87,463.61,35.53,44.412
615.92,463.59,35.002,43.752
615.17,463.76,35.299,44.123
614.86,463.41,35.539,44.423
615.13,463.48,35.763,44.703
615.21,463.55,35.633,44.541
615.15,463.53,35.64,44.55
615.49,463.69,35.742,44.678
615.01,463.89,35.594,44.493
615.68,463.44,35.603,44.503
615.48,463.59,35.586,44.482
615.06,463.43,35.415,44.268
615.38,463.35,35.463,44.328
615.03,464.1,35.45,44.313
615.08,463.66,35.567,44.458
615.51,464.05,35.694,44.618
614.74,463.64,35.737,44.671
615.59,463.43,35.31,44.138
615.26,463.56,35.289,44.111
615.63,463.76,34.747,43.433
615.97,463.61,34.701,43.376
614.95,463.97,34.993,43.742
615.86,463.62,34.567,43.208
616.03,464.38,34.901,43.627
614.38,464.22,35.807,44.758
615.05,463.94,36.602,45.753
614.81,463.84,36.772,45.965
614.79,463.9,36.981,46.226
615.84,464.15,37.08,46.349
615.56,464.79,36.748,45.935
615.77,464.71,36.315,45.394
615.64,464.74,36.668,45.835
615.48,465.45,36.584,45.73
616.07,464.69,36.563,45.703
615.81,465.05,36.681,45.852
615.98,464.31,36.515,45.643
616.08,464.61,36.784,45.98
615.85,465.09,36.593,45.741
616.14,464.35,36.409,45.512
616.38,465.03,36.618,45.773
616.01,464.96,36.569,45.711
616.36,464.52,36.542,45.678
616.24,465.3,36.694,45.867
615.81,464.94,36.852,46.065
616.26,464.27,36.843,46.053
615.67,465.39,37.347,46.683
615.84,464.64,37.311,46.639
616.03,464.49,37.362,46.702
616.19,464.5,37.319,46.648
616.25,464.24,37.207,46.508
615.7,465.1,37.558,46.948
615.78,464.31,37.073,46.341
615.73,464.17,36.789,45.986
615.88,465.53,36.724,45.905
616.17,464.92,36.782,45.977
615.83,464.52,36.801,46.001
616.07,465.37,36.757,45.947
615.77,464.45,36.681,45.851
615.63,464.98,36.719,45.898
615.82,464.08,36.692,45.866
615.8,464.71,36.752,45.94
615.79,465.07,36.732,45.915
616.07,464.45,36.488,45.61
615.75,465.19,36.637,45.796
615.76,464.81,36.681,45.851
616.39,464.53,36.4,45.5
616.12,465.8,36.246,45.307
616.32,464.8,35.906,44.882
616.3,465,35.682,44.602
616.02,465.77,36.005,45.006
616.5,465.14,36.54,45.675
616.24,464.54,36.86,46.075
616.14,464.81,36.952,46.191
615.89,464.58,37.025,46.282
615.25,464.88,36.934,46.167
616.12,464.39,36.942,46.177
615.82,464.95,36.988,46.235
615.76,465.34,36.898,46.122
615.94,464.57,37.176,46.47
615.7,464.41,37.241,46.552
615.76,465.19,37.152,46.44
615.95,464.55,36.691,45.864
615.84,465.23,36.572,45.715
615.84,465.21,36.643,45.803
616.02,464.57,36.739,45.924
615.46,465.17,36.808,46.01
616.08,464.87,36.902,46.127
615.95,465.02,36.973,46.216
615.95,465.26,36.828,46.035
616.28,464.46,37.109,46.386
615.63,465.13,36.87,46.087
616.17,464.9,36.913,46.141
616.04,464.4,36.999,46.249
615.46,464.87,36.83,46.038
616.35,464.53,36.907,46.134
