668.5,233.5,63,153
679.8,227.97,63.812,154.97
688.59,224.8,63.879,155.14
696.36,222.45,62.874,152.69
706.02,224.85,62.809,152.54
717.43,225.29,62.14,150.91
722.08,228.18,62.48,151.74
732.85,228.56,62.957,152.9
737.75,227.04,64.127,155.74
737.4,224.51,64.788,157.34
739.56,220.86,65.523,159.13
744.7,217.46,65.932,160.12
748.76,217.68,66.769,162.15
752.98,218.42,67.306,163.46
757.63,219.51,67.781,164.61
767.51,221.81,67.321,163.49
775.91,222.47,67.687,164.38
782.03,222.26,67.579,164.12
793.63,221.02,67.582,164.13
799.57,218.89,68.186,165.59
802.66,217.45,68.363,166.03
800.9,217.17,69.435,168.63
801.6,218.46,70.201,170.49
805.28,218.59,69.218,168.1
805.59,224.34,68.65,166.72
803.16,231.24,68.089,165.36
798.59,241.64,68.26,165.77
783.17,246.37,68.372,166.05
770.56,250.27,68.698,166.84
765.5,252.2,68.765,167
754.2,254.99,69.052,167.7
740.34,258.12,69.045,167.68
730.03,259.04,69.749,169.39
717.98,257.61,71.06,172.57
707.78,254.23,72.788,176.77
697.48,251.13,74.085,179.92
686.35,247.94,75.824,184.14
675.34,248.69,76.519,185.83
666.31,250.6,77.175,187.42
658.66,253.68,77.51,188.24
651.28,256.4,78.042,189.53
646.34,258.79,77.968,189.35
644.63,259.38,77.936,189.27
646.1,257.99,78.108,189.69
645.74,254.75,78.937,191.7
645.25,251.61,79.302,192.59
641.33,245.43,80.785,196.19
640.32,243.7,81.215,197.24
640.21,242.92,81.609,198.19
639.04,243.89,81.509,197.95
640.44,246.29,81.504,197.94
640.67,248.96,82.09,199.36
640.68,250.77,82.734,200.93
637.55,253.49,82.934,201.41
635.47,253.42,83.474,202.72
635.21,253.05,83.89,203.73
635.35,251.03,83.996,203.99
612.32,249.56,83.39,202.52
625.41,250.87,83.166,201.97
624.28,254.61,83.783,203.47
621.81,256.72,84.231,204.56
619.29,257.56,84.062,204.15
614.91,260.75,83.054,201.7
610.95,264.96,82.209,199.65
605.3,268.36,81.976,199.08
596.81,267.55,81.925,198.96
587.25,267.18,81.344,197.55
584.03,266.8,81.319,197.49
581.25,265.13,81.909,198.92
579.62,263.53,82.461,200.26
574.41,263.97,82.63,200.67
571.44,261.45,81.823,198.71
571.08,260.48,81.633,198.25
571.62,260.47,81.062,196.86
571.77,261.78,80.728,196.05
570.86,263.2,80.225,194.83
568.21,264.61,79.306,192.6
566.34,266.25,78.455,190.53
564.12,267.11,77.571,188.39
561.68,267.47,77.002,187.01
558.65,266.57,76.708,186.29
556.04,267.11,76.393,185.53
553.72,266.37,75.802,184.09
552.36,266.27,76.206,185.07
552.84,266.43,76.718,186.32
554.53,266.01,76.86,186.66
556.38,265.77,76.813,186.55
554.9,265.84,76.677,186.22
550.94,268.16,76.622,186.08
550.89,270.87,76.03,184.64
553.35,272.81,75.744,183.95
555.81,274.25,75.078,182.33
557.95,277.66,74.927,181.96
560.21,278.93,74.911,181.93
563.52,279.91,74.677,181.36
565.67,281,74.344,180.55
567.08,282.18,74.341,180.54
569.94,283.5,74.55,181.05
572.55,283.94,75,182.14
575.18,284.33,75.266,182.79
578.58,284.75,75.259,182.77
581.36,285.29,74.921,181.95
587.17,285.71,74.496,180.92
590.6,285.2,73.747,179.1
595.75,285.45,73.153,177.66
600.31,284.89,72.443,175.93
603.54,285.39,71.945,174.72
606.61,286.01,71.481,173.6
608.52,286.16,71.042,172.53
610.66,286.29,70.752,171.83
611.54,286.66,70.881,172.14
611.26,286.83,70.835,172.03
611.15,286.57,70.981,172.38
610.67,287.34,70.841,172.04
606.19,289.1,70.952,172.31
602.55,290.73,71.064,172.59
598.79,291.9,70.976,172.37
592.93,292.52,70.789,171.92
588.01,291.02,70.198,170.48
584.26,288.13,69.872,169.69
577.34,284.76,70.085,170.21
571.47,281.64,69.936,169.84
561.94,279.62,69.445,168.65
555.31,279.01,69.131,167.89
548.54,279.32,68.752,166.97
543.32,280.57,68.242,165.73
537.34,281.59,67.894,164.89
526.99,281.7,67.542,164.03
518.77,280.43,67.18,163.15
513.02,279.03,66.591,161.72
505.54,277.6,65.967,160.21
500.37,275.57,65.513,159.1
491.99,273.77,65.183,158.3
488.49,272.71,65.194,158.33
485.9,269.6,65.302,158.59
483.77,266.42,65.827,159.87
483.42,263.33,65.973,160.22
484.71,260.75,65.939,160.14
484.14,258.9,65.608,159.33
483.13,259.11,65.503,159.08
479.04,259.82,65.516,159.11
475.74,261.94,65.514,159.11
473.07,262.96,65.522,159.13
470.52,265.07,65.073,158.03
467.45,268.05,64.544,156.75
465.24,270.19,64.031,155.5
462.55,271.94,63.348,153.85
459.46,273.86,63.085,153.21
458.44,275.22,63.035,153.08
457.64,276.16,62.877,152.7
456.35,276.63,62.697,152.27
456.14,278.03,62.501,151.79
457.14,279.34,61.953,150.46
457.81,279.41,61.923,150.38
458.59,279.94,61.534,149.44
458.19,279.74,61.161,148.53
457.58,280.26,60.852,147.78
455.94,280.84,60.393,146.67
453.4,281.39,59.963,145.63
451.42,282.18,59.631,144.82
449.54,283.2,59.1,143.53
446.8,283.92,58.518,142.12
444.36,284.77,58.401,141.83
443.57,285.92,58.392,141.81
442.41,286.6,58.52,142.12
439.73,287.49,58.502,142.08
438.81,288.75,58.498,142.07
436.83,290.09,58.53,142.14
435.25,291.22,58.53,142.14
433.28,291.08,58.841,142.9
432.1,291.62,58.866,142.96
430.44,292.4,58.809,142.82
426.5,294.25,58.708,142.58
422.58,295,58.471,142
418.87,296.23,58.319,141.63
416.18,297.9,58.214,141.38
413.59,298.28,57.999,140.86
410.05,297.89,58.037,140.95
407.2,297.94,58.057,140.99
406.16,297.94,58.122,141.15
406.1,298.29,58.043,140.96
406.1,297.89,57.921,140.66
406.45,298.2,57.709,140.15
408.46,299.12,57.281,139.11
408.71,298.8,57.122,138.72
410.36,300.08,56.691,137.68
410.62,300.06,56.416,137.01
411.95,300.94,56.207,136.5
412.02,300.61,56.127,136.31
411.77,300.72,56.111,136.27
411.67,300.61,55.848,135.63
411.81,301,55.934,135.84
410.9,301.42,55.851,135.64
410.16,301.94,55.823,135.57
409.37,302.92,55.757,135.41
409.16,303.94,55.591,135.01
408.05,304.39,55.53,134.86
407.71,305.54,55.5,134.79
407.64,306.21,55.596,135.02
407.68,306.63,55.741,135.37
407.51,306.83,55.837,135.6
407.46,306.74,55.781,135.47
406.98,306.98,55.701,135.27
406.48,307.09,55.5,134.79
405.42,307.32,55.501,134.79
404.99,307.95,55.376,134.48
405.13,309.07,55.121,133.86
404.83,310.69,55.009,133.59
404.79,311.86,54.784,133.05
405.4,312.38,54.707,132.86
406.23,313.16,54.633,132.68
406.82,313.59,54.479,132.31
408.18,313.6,54.355,132.01
409.68,312.97,54.261,131.78
411.44,312.89,54.233,131.71
413.16,312.6,54.051,131.27
415.04,311.85,54.278,131.82
415.93,310.65,54.053,131.27
416.66,310.72,54.049,131.26
417.01,310.38,53.911,130.93
416.94,310.28,53.702,130.42
416.69,310.39,53.623,130.23
416.1,312.4,53.241,129.3
415.48,313.75,53.163,129.11
414.46,313.95,53.1,128.96
413.6,314.49,53.092,128.94
412.61,314.82,53.012,128.74
412.03,315.01,53.169,129.13
411.19,315.1,53.128,129.03
411.11,315.39,52.986,128.68
411.07,315.32,53.033,128.79
410.43,314.91,53.038,128.81
409.79,314.61,52.888,128.44
409.49,315.63,52.807,128.25
409.74,315.9,52.65,127.86
409.49,316.33,52.494,127.48
409.17,316.93,52.219,126.82
409.22,318.31,51.962,126.19
408.22,318.65,51.756,125.69
407.42,318.55,51.919,126.09
406.94,318.47,52.029,126.36
407.16,319.05,52.045,126.4
407.17,319.08,52.013,126.32
406.34,319.27,51.985,126.25
404.84,319.65,51.968,126.21
403.53,319.32,51.959,126.19
402.12,319.72,51.761,125.71
400.84,320.92,51.587,125.28
399.72,321.6,51.57,125.24
398.33,321.97,51.551,125.2
397.32,321.6,51.731,125.63
395.96,321.58,51.843,125.91
395.14,321.32,52.031,126.36
394.63,319.21,52.372,127.19
394.7,315.96,52.593,127.73
396.05,309.89,52.517,127.54
398.6,300.68,52.808,128.25
403.6,290.77,52.933,128.55
408.33,273.99,52.728,128.05
410.5,270.77,52.648,127.86
413.32,266.17,52.317,127.05
415.28,263.67,51.994,126.27
417.87,263.99,52.091,126.51
421.46,266.41,52.386,127.22
423.4,269.54,52.262,126.92
424.71,272.85,52.136,126.62
424.49,277.93,52.221,126.82
423.3,284.18,52.249,126.89
419.99,294.03,52.134,126.61
416.57,296.93,51.77,125.73
413.89,299.92,51.745,125.67
410.71,301.81,51.522,125.13
406.79,301.25,51.478,125.02
402.34,299.27,51.524,125.13
399.74,296.63,51.559,125.22
398.81,294.07,51.63,125.39
398.72,292.22,51.789,125.77
398.58,290.42,51.669,125.48
397.29,289.31,51.431,124.9
396.97,288.07,51.41,124.85
396.22,287.06,51.206,124.36
396.23,285.92,50.987,123.83
397.08,285.07,50.818,123.42
398.1,283.24,50.653,123.01
399.8,281.57,50.765,123.29
400.41,280.85,50.716,123.17
402.81,280.33,50.672,123.06
405.2,281.41,50.344,122.26
399.89,271.72,50.688,123.1
399.24,269.22,51.071,124.03
398.14,269.75,51.116,124.14
397.59,269.3,51.181,124.3
396.68,269.46,51.512,125.1
393.66,267.62,51.547,125.19
391.25,264.85,51.635,125.4
393.15,264.64,51.832,125.88
394.49,265.14,51.848,125.92
411.33,284.94,51.532,125.15
412.26,286.95,51.255,124.48
413.26,288.18,51.196,124.33
402.67,283.11,51.145,124.21
401,281.53,51.253,124.47
397.53,281.76,51.458,124.97
388.36,281.92,51.636,125.4
387.27,281.78,51.728,125.63
385.82,284.58,51.944,126.15
384.24,285.6,51.964,126.2
382.46,286.86,52.014,126.32
378.14,286.32,52.314,127.05
377.01,286.13,52.563,127.65
374.54,284.94,52.601,127.75
371.86,285.43,52.774,128.17
378.08,288.2,53.359,129.59
354.79,289.75,53.64,130.27
351.2,287.13,53.722,130.47
351.71,286.18,53.856,130.79
349.66,284.12,53.893,130.88
348.05,282.39,54.11,131.41
356.39,285.66,54.669,132.77
353.74,285.24,54.907,133.35
379.82,279.98,54.722,132.9
377.93,280.32,54.562,132.51
376.33,280.31,54.208,131.65
373.81,280.07,53.972,131.07
373.49,279.82,53.413,129.72
374.23,280.59,53.18,129.15
374.71,279.35,52.795,128.22
374.48,279.26,52.579,127.69
377.11,278.08,52.065,126.44
376.83,277.48,51.775,125.74
376.59,277.82,51.834,125.88
375.96,277.57,51.788,125.77
375.66,276.5,51.917,126.08
375.66,275.57,51.677,125.5
376.08,275.76,51.775,125.74
375.69,275.45,51.714,125.59
375.25,275.12,51.677,125.5
374.89,274.71,51.718,125.6
374.48,274.82,51.557,125.21
374.61,274.69,51.525,125.13
374.03,274.23,51.561,125.22
373.75,274.05,51.414,124.86
373.48,274.09,51.313,124.62
373,274.2,51.271,124.51
373.26,274.12,51.596,125.3
373.23,273.8,51.807,125.82
372.45,273.69,51.62,125.36
372.44,273.73,51.738,125.65
371.92,273.48,51.581,125.27
371.54,273.6,51.816,125.84
371.48,273.47,51.726,125.62
371.46,273.65,51.709,125.58
371.48,273.6,51.674,125.49
371.55,273.64,51.87,125.97
371.4,273.53,51.753,125.69
371.29,273.64,51.69,125.53
371.27,273.34,51.706,125.57
371.26,273.3,51.717,125.6
371.31,273.03,51.744,125.66
371.59,273.05,51.804,125.81
371.62,272.82,51.829,125.87
371.17,273,51.707,125.57
371.66,272.84,51.667,125.48
371.66,272.93,51.513,125.1
371.52,272.72,51.502,125.08
371.55,272.25,51.534,125.15
371.3,272.08,51.47,125
371.19,272.28,51.398,124.82
371.85,272.19,51.045,123.97
372.41,272.38,50.938,123.71
372.96,272.27,50.936,123.7
