289.5,359.5,81,114
301.16,358.04,80.558,113.38
310.04,351.93,80.08,112.7
320.06,347.94,77.624,109.25
328.24,343,76.121,107.13
335.72,338.57,75.169,105.79
343.44,334.47,73.554,103.52
350.23,329.52,72.701,102.32
356.16,325.67,72.193,101.61
362.15,321.32,71.841,101.11
367.51,316.67,71.441,100.55
371.99,313.11,71.186,100.19
375.39,311.44,69.449,97.743
382,305.9,69.456,97.753
385.99,302.14,69.145,97.316
389.46,298.21,69.473,97.777
393.26,294.23,69.618,97.98
396.87,291.06,69.064,97.201
398.63,287.65,69.242,97.452
403.07,285.28,68.417,96.29
406.48,282.71,67.059,94.38
407.68,280.16,67.447,94.926
410.21,277.49,66.706,93.882
414.19,274.03,65.606,92.334
416.91,273.59,64.549,90.847
417.82,270.91,65.446,92.109
417.76,270.43,65.471,92.145
422.09,263.65,65.5,92.185
422.43,261.07,66.067,92.983
422.94,258.39,66.467,93.546
424.36,256.6,66.651,93.805
424.06,253.8,66.142,93.088
425.19,251.77,66.038,92.942
426.35,250.51,65.638,92.379
428.1,247.31,65.75,92.538
429.12,244.51,65.823,92.64
428.57,242.62,65.295,91.897
428.74,240.24,65.128,91.662
428.58,239.2,65.391,92.031
428.46,237.4,65.143,91.683
426.75,235.01,65.227,91.801
425.08,233.44,65.345,91.967
425.23,232.65,65.103,91.627
424.74,231.21,64.344,90.559
424.25,229.07,64.342,90.555
423.36,228.06,64.431,90.681
421.98,225.16,64.093,90.205
422.24,224.48,64.253,90.43
435.58,240.6,65.103,91.626
418.4,219.81,64.9,91.341
416.61,217.96,64.429,90.678
432.34,235.35,64.698,91.057
432.51,234.04,64.936,91.392
410.3,211.03,64.652,90.991
410.35,210.66,64.646,90.983
410,209.56,64.393,90.627
409.93,207.5,64.146,90.28
409.26,207.18,63.657,89.591
411.28,205.65,63.391,89.217
408.11,203.81,63.232,88.994
413.49,170.03,63.673,89.613
418.83,204.34,63.752,89.726
420.81,205.16,64.529,90.818
419.71,202.04,64.579,90.889
419.15,201.75,65.132,91.668
419.79,202.27,65.695,92.46
414.04,187.28,66.318,93.337
418.04,195.87,66.114,93.05
414.04,227.09,66.296,93.305
408.71,231.55,66.435,93.5
406.75,229.33,66.416,93.474
365.55,233.24,66.642,93.793
384.79,257.94,67.282,94.693
384.69,255.77,68.133,95.89
384.85,253,68.751,96.761
385.7,250.86,69.46,97.759
366.86,250.1,69.851,98.309
366.21,249.33,70.71,99.518
361.05,298.25,70.495,99.215
414.08,361.31,70.33,98.983
414.62,364.97,70.481,99.196
423.95,360.26,69.608,97.967
426.5,357.01,69.255,97.47
429.42,354,68.768,96.784
431.98,355.81,68.399,96.266
434.94,352.38,68.185,95.964
436.35,347.88,67.943,95.624
436.2,348.22,67.807,95.432
438.36,348.59,67.448,94.927
438.83,347.46,67.052,94.37
439.87,345.01,66.668,93.83
440.26,342.07,66.591,93.72
441.34,343.35,66.586,93.714
443.23,342.59,66.329,93.352
443.48,339.29,65.985,92.867
447.02,337.46,65.691,92.453
449.28,336.57,65.7,92.466
450.21,335.55,65.229,91.804
451.4,332.98,64.809,91.213
452.95,330.68,64.595,90.912
454.44,330.51,64.748,91.127
456.4,330.7,64.714,91.079
456.27,329.42,64.527,90.816
457.44,326.37,63.97,90.032
460.28,324.78,63.892,89.922
460.85,325.1,63.513,89.388
461.74,325.37,62.651,88.176
462.19,322.9,61.79,86.964
463.71,320.2,61.579,86.666
464.82,319.99,61.278,86.244
466.11,321.07,61.223,86.166
467.11,320.38,60.713,85.448
467.22,318.23,60.578,85.258
468.06,318.13,60.197,84.722
468.12,318.27,60.003,84.448
467.58,316.59,59.768,84.118
468.19,314.42,59.573,83.843
467.45,312.32,59.378,83.568
468.03,313.5,59.292,83.448
468.12,312.53,59.128,83.218
468.69,310.81,59.058,83.119
469.35,309.68,58.925,82.931
468.46,309.26,58.578,82.443
468.2,309.38,58.454,82.268
470.21,306.16,58.271,82.011
470.31,303.7,58.537,82.385
469.96,301.09,58.819,82.783
470.99,300.56,58.977,83.004
472.36,300.82,59.061,83.123
473.58,299.27,59.015,83.058
473.85,297.48,58.625,82.509
474.03,297.65,58.529,82.374
472.62,297.4,58.174,81.874
471.75,296.66,57.778,81.317
470.67,293.69,57.302,80.648
470.09,292.53,57.291,80.632
469.85,293.24,57.28,80.617
469.92,293.58,56.868,80.036
469.99,292.02,56.645,79.723
468.98,290.36,56.183,79.072
467.99,290.42,55.936,78.725
466.64,290.75,55.883,78.65
465.25,289.5,55.599,78.25
465.05,287.24,55.72,78.42
464.52,285.98,55.689,78.377
464.68,286.76,55.62,78.28
464.86,286.98,55.579,78.222
464.66,285.15,55.207,77.699
464.86,283.27,54.781,77.1
464.82,283.5,54.421,76.592
464.28,284.08,54.198,76.279
463.77,282.64,54.04,76.056
463.61,280.16,53.649,75.506
463.14,279.74,53.76,75.662
464.42,280.63,53.659,75.52
464.84,280.01,53.529,75.337
465.32,277.98,52.881,74.426
465.86,277.47,52.478,73.858
466.18,277.78,52.493,73.879
466.27,278.12,52.409,73.76
465.95,276.92,52.485,73.868
466.36,274.44,52.482,73.863
466.63,273.89,52.382,73.722
467.53,274.51,52.364,73.697
468.55,274.26,52.195,73.46
468.79,271.54,51.915,73.066
469.19,271.81,51.739,72.818
468.53,272.12,51.723,72.795
467.95,271.35,51.812,72.921
467.9,268.35,51.627,72.66
468.69,267.04,51.873,73.007
469.19,267.08,51.808,72.915
469.97,267.2,51.942,73.104
470.71,265.56,51.811,72.919
470.97,263.53,51.662,72.709
471.31,263.79,51.547,72.548
471.34,264.13,51.599,72.621
471.26,263.78,51.57,72.58
471.3,262.16,51.834,72.952
471.17,260.46,51.869,73
472.02,260.89,51.793,72.894
472.73,261.73,51.314,72.219
473.42,260.59,50.995,71.771
473.74,259,50.68,71.327
473.9,258.96,50.377,70.901
474.51,260.16,49.956,70.308
473.99,259,49.801,70.09
474.07,256.83,49.698,69.945
474.58,256.37,49.753,70.022
474.97,256.67,49.793,70.079
475.38,256.7,49.584,69.785
475.57,255.68,49.22,69.273
475.99,254.6,49.033,69.009
475.92,254.95,48.74,68.597
475.64,254.92,48.578,68.369
475.43,253.4,48.713,68.559
474.97,251.06,48.648,68.467
476.06,251.91,48.837,68.733
475.8,251.95,48.753,68.615
476.99,251.06,48.64,68.457
477.74,249.28,48.695,68.534
477.83,248.8,48.532,68.304
478.24,249.43,48.786,68.662
477.51,248.16,48.735,68.59
477.71,246.26,48.58,68.372
478.65,246.01,48.533,68.305
480.01,246.74,48.426,68.155
481.21,246.13,47.899,67.414
482.97,245.92,47.477,66.82
484.24,245.01,47.263,66.518
484.74,244.59,47.009,66.161
485.6,245.43,47.094,66.28
486.26,244.94,46.907,66.017
487.19,242.84,46.544,65.506
488.21,242.43,46.242,65.081
490.13,243.8,46.227,65.06
491.69,243.29,46.058,64.823
492.11,241.19,45.631,64.222
493.67,240.75,45.435,63.946
493.83,241.91,45.373,63.858
493.89,240.88,45.045,63.397
494.43,239.01,44.646,62.835
494.72,238.68,44.457,62.57
495.56,239.85,44.477,62.597
496.48,240.45,44.464,62.58
497.52,237.36,44.252,62.28
498.5,237.45,43.833,61.691
498.58,237.88,43.845,61.708
498.69,237.94,43.953,61.859
499.06,236.77,43.874,61.749
499.57,235.44,43.917,61.809
499.48,235.72,43.848,61.712
500.52,236.6,43.792,61.633
501.71,235.39,43.751,61.575
502.5,234.26,43.344,61.003
502.99,233.08,43.157,60.739
503.35,233.67,43.38,61.053
503.47,233.24,43.264,60.89
504.22,232.05,43.098,60.656
503.58,230.33,42.933,60.424
504.05,231.56,42.975,60.483
504.82,232.18,42.832,60.282
505.99,230.84,42.522,59.846
506.33,230.68,42.168,59.347
506.44,230.45,42.13,59.294
506.56,230.43,42.08,59.224
506.29,230.43,42.015,59.132
506.41,229.87,41.761,58.774
506.1,228.72,41.747,58.755
505.55,230,41.536,58.458
506.43,229.36,41.307,58.136
506.68,229.45,41.278,58.095
507.31,228.12,41.269,58.083
507.33,227.48,41.384,58.244
506.64,227.78,41.307,58.136
506.73,227.17,41.188,57.969
506.81,225.12,41.165,57.935
506.19,225.07,41.322,58.157
505.99,225.97,41.363,58.215
506.5,226.6,41.28,58.098
506.53,224.6,41.295,58.119
506.3,223.65,41.352,58.2
505.99,223.57,41.495,58.401
505,223.19,41.404,58.273
504.61,222.35,41.304,58.132
504.03,221.46,41.553,58.482
503.4,220.4,41.644,58.609
503.22,221.64,41.774,58.794
503.38,220.5,41.607,58.558
503.57,219.74,41.428,58.307
503.47,218.67,41.236,58.036
503.18,218.89,41.314,58.145
502.42,219,41.176,57.952
501.83,218.29,40.961,57.649
501.51,217.04,41.037,57.756
500.94,217.25,40.917,57.587
500.68,218.11,40.851,57.494
501.29,217.7,40.759,57.364
501.16,216.6,40.477,56.967
500.84,216.19,40.45,56.929
500.3,216.26,40.375,56.824
499.52,216.63,40.367,56.813
498.74,216.01,40.234,56.625
498.29,215.52,40.058,56.377
498.07,215.55,39.939,56.211
497.9,216.15,39.924,56.19
497.94,215.41,39.704,55.88
497.49,214.23,39.56,55.677
496.81,214.3,39.686,55.854
495.88,214.03,39.953,56.23
494.89,213.47,40.124,56.472
494.27,212.44,40.206,56.586
493.32,211.93,40.251,56.649
493.38,212.48,40.416,56.882
493.06,212.08,40.417,56.883
493.12,210.73,40.251,56.65
492.63,210.35,40.408,56.871
492.01,210.77,40.506,57.009
491.04,210.98,40.444,56.921
490.18,209.93,40.183,56.554
489.49,209.27,39.917,56.179
489.24,209.47,39.89,56.142
488.86,210.16,39.946,56.22
488.95,209.08,39.642,55.792
488.85,208.17,39.552,55.666
487.99,208.15,39.673,55.836
487.52,208.15,39.642,55.792
486.85,207.7,39.875,56.12
486.22,206.5,39.866,56.108
