335.5,266.5,67,164
339.36,272.43,67.507,165.24
334.94,273.02,67.269,164.66
334.33,270.24,67.09,164.22
334.38,266.58,67.106,164.26
335.03,263.03,67.388,164.95
331.29,262.14,66.931,163.83
332.12,261.88,65.78,161.01
302.29,271.38,64.74,158.47
302.63,272.45,65.304,159.85
303.35,275.86,64.417,157.68
298.16,277.02,64.817,158.66
293.51,274.39,63.816,156.21
292.11,277.02,63.38,155.14
288.2,278.89,63.762,156.07
283.35,281.97,63.902,156.42
278.23,288.11,63.718,155.97
273.69,290.1,62.44,152.84
270.99,291.63,61.51,150.56
272.37,290.92,61.823,151.33
271.63,290.68,62.584,153.19
266.21,288.54,62.492,152.97
261.89,282.22,62.685,153.44
258.18,276.48,62.518,153.03
255.01,274.82,62.559,153.13
253.28,277.76,62.645,153.34
252.63,280.86,62.42,152.79
247.52,280.35,62.701,153.48
244.57,281.09,62.077,151.95
243.04,280.59,62.522,153.04
240.24,279.98,62.249,152.37
239.36,280.65,62.541,153.09
237.19,278.81,62.535,153.07
234.33,278.7,62.47,152.91
231.27,281.51,61.893,151.5
227.7,282.47,62.343,152.6
226.33,282.83,62.162,152.16
224.47,281.29,62.184,152.21
224.33,279.76,61.857,151.41
224.76,275.85,62.319,152.54
222.11,272.91,62.222,152.3
224.44,272.19,62.062,151.91
225.4,271.74,62.182,152.21
224.39,273.17,62.57,153.16
223.74,273.74,62.898,153.96
223.85,274.65,62.609,153.25
224.41,273.93,62.34,152.59
226.75,276.9,62.649,153.35
222.18,290.61,62.453,152.87
225.04,286.24,62.408,152.76
225.04,281.58,62.411,152.77
224.24,276.21,62.512,153.01
218.76,273.43,62.627,153.3
214.97,271.32,63.001,154.21
212.05,273.41,62.924,154.02
211.06,276.26,63.015,154.25
209.58,280.19,62.956,154.1
206.06,285.42,63.103,154.46
202.5,290.06,62.991,154.19
201.86,285.68,62.296,152.49
200.42,290.6,61.815,151.31
201.96,290.19,61.741,151.13
199.03,286.42,61.488,150.51
201.56,287.11,61.121,149.61
204.35,285.93,61.39,150.27
207.12,285.97,61.544,150.65
209.29,286.77,61.545,150.65
210.02,287.68,61.51,150.56
209.49,290.68,61.458,150.43
208.62,290.53,61.355,150.18
209.01,289.77,61.09,149.53
210.65,288.98,60.683,148.54
211.3,289.61,60.691,148.56
209.38,288.64,60.544,148.2
207.12,288.28,60.597,148.33
206.42,288.74,60.396,147.84
204.77,288.98,60.285,147.56
201.39,289.34,60.216,147.39
201.99,291.34,60.021,146.92
203.49,291.64,60.196,147.34
204.91,292.17,60.352,147.73
205.35,292.15,60.196,147.35
204.88,292.1,59.914,146.65
204.77,292.37,59.794,146.36
206.39,292.34,60.002,146.87
205.05,291.85,59.865,146.53
204.17,292.65,59.812,146.41
203.93,293.33,59.777,146.32
202.21,293.9,60.46,147.99
200.61,293.54,60.783,148.78
202.59,293.6,60.598,148.33
202.31,294.27,60.327,147.66
200.93,293.67,60.357,147.74
200.13,294.36,60.712,148.61
199.51,294,60.681,148.53
200.25,294.15,60.851,148.95
200.08,294.28,60.936,149.16
200.13,294.77,61.05,149.44
199.08,293.14,60.803,148.83
197.17,292.1,60.898,149.06
195.3,291.84,60.857,148.96
190.22,291.92,61.087,149.53
187.45,291.51,61.445,150.4
186.14,290.58,61.39,150.27
185.83,292.26,61.277,149.99
185.27,292.22,61.314,150.08
184.47,291.14,61.25,149.93
184.6,290.84,61.173,149.74
184.7,291.05,61.187,149.77
184.79,290.89,61.18,149.75
185.18,291.81,61.231,149.88
186.09,292.38,61.344,150.16
186.98,293.11,61.543,150.64
189.81,293.92,61.709,151.05
190.83,295.16,61.581,150.74
189.86,296.14,61.519,150.58
189.04,297.46,61.475,150.48
188.26,297.75,61.309,150.07
187.28,298.63,61.28,150
187.56,298.33,61.462,150.44
187.35,297.5,61.118,149.6
187.02,296.21,61.089,149.53
188.64,295.33,61.107,149.57
189.6,295.91,60.787,148.79
190.35,296.57,60.871,149
190.99,296.58,60.862,148.98
191.58,296.24,60.633,148.41
191.45,296.04,60.751,148.7
192.29,295.63,60.765,148.74
192.48,296.17,60.749,148.7
192.53,295.94,60.688,148.55
192.97,295.68,60.844,148.93
191.78,294.62,60.743,148.68
191.2,294.9,60.963,149.22
191.4,294.73,61.064,149.47
191.02,293.88,61.111,149.58
191.6,294.09,61.026,149.38
190.97,294.57,60.762,148.73
191.89,294.91,60.695,148.57
191.97,295.47,61.151,149.68
192.05,296.21,61.054,149.45
193.48,297.44,61.33,150.12
196.25,297.89,61.254,149.94
196.45,298.48,61.245,149.91
196.64,298.61,61.166,149.72
195.58,298.14,61.064,149.47
195.15,298.18,61.117,149.6
194.48,298.33,61.086,149.52
194.36,298.8,61.249,149.92
195.4,299.57,61.139,149.65
194.3,299.36,61.228,149.87
194.68,299.02,61.723,151.08
194.78,298.69,61.56,150.68
195.09,299.27,61.516,150.58
195.2,299.92,61.498,150.53
195.57,301.18,61.427,150.36
195.36,301.21,61.38,150.24
195.65,301.79,61.254,149.94
196.1,302.1,61.197,149.8
195.35,301.8,61.242,149.91
195.55,302.07,61.642,150.88
195.42,302.27,61.276,149.99
196.33,303.18,61.269,149.97
195.55,303.88,61.452,150.42
195.05,304.05,61.297,150.04
195.91,304.29,61.65,150.9
195.41,303.99,61.408,150.31
195.64,303.44,61.453,150.42
195.87,302.97,61.356,150.18
196.59,302.51,61.292,150.03
196.87,302.34,61.688,151
197.18,302.14,61.495,150.53
198.11,301.65,61.995,151.75
197.7,301.14,62.029,151.83
197.66,300.97,62.196,152.24
197.43,301.08,62.483,152.94
197.22,300.1,62.693,153.46
196.97,299.74,62.768,153.64
196.56,299.59,62.49,152.96
196.84,300.11,62.334,152.58
196.71,299.42,62.366,152.66
197.97,299.45,62.533,153.06
197.95,298.99,62.307,152.51
197.43,299.04,62.576,153.17
198.03,298.68,62.783,153.68
197.37,299.03,62.86,153.87
197.65,299,62.683,153.43
197.74,299.19,62.655,153.36
197.8,299.28,62.562,153.14
198.08,299.33,62.136,152.1
198.66,299.26,62.435,152.83
199.04,299.22,62.483,152.94
198.93,299.89,61.699,151.03
199.82,299.95,61.449,150.41
201.54,300.43,61.035,149.4
202.41,300.85,60.863,148.98
202.29,300.13,60.795,148.81
202.92,300.33,60.83,148.9
202.96,300.1,60.84,148.92
203.36,300.11,60.897,149.06
204.26,300.91,60.816,148.86
205.41,301.28,60.985,149.28
206.34,302.08,61.221,149.85
207.64,302.4,61.681,150.98
208.28,302.48,61.595,150.77
208.55,302.47,62.175,152.19
208.32,301.95,61.964,151.67
208.2,301.84,61.907,151.53
208.15,301.77,61.427,150.36
208.47,301.57,60.937,149.16
207.01,302.76,60.526,148.15
208.54,303.11,59.669,146.06
210.56,306.47,59.232,144.99
212.65,304.46,59.146,144.77
215,307.51,59.315,145.19
214.71,306.91,59.722,146.19
214.95,306.08,59.326,145.22
213.8,303.35,60.357,147.74
213.2,302.57,60.881,149.02
212.48,302.04,60.676,148.52
213.39,301.98,60.705,148.59
213.46,301.54,60.943,149.17
213.21,301.03,61.301,150.05
213.35,301.84,60.956,149.21
213.5,301.2,61.633,150.86
213.04,301.37,61.403,150.3
212.87,302.5,61.377,150.24
213.56,303.81,60.986,149.28
214.58,304.35,61.124,149.62
214.41,303.45,61.418,150.34
214.94,303.04,61.347,150.16
215.08,302.35,61.53,150.61
215.55,301.87,62,151.76
215.61,301.55,61.65,150.91
216.48,302.49,61.089,149.53
216.77,303.73,60.928,149.14
217.05,304.53,61.328,150.12
217.27,305.6,60.941,149.17
218.04,306.22,61.048,149.43
218.29,307.04,60.749,148.7
218.43,306.92,61.038,149.41
218.52,306.92,61.177,149.75
218.41,307.05,61.153,149.69
218.69,307.34,61.074,149.5
219.16,308.13,61.026,149.38
201.34,308.19,60.811,148.85
222.72,305.58,60.312,147.63
223.16,299.8,61.4,150.29
221.04,291.75,61.789,151.25
222.98,282.62,62.335,152.58
220.42,276.9,62.621,153.28
219.09,276.05,62.518,153.03
218.28,279.77,61.841,151.37
216.6,284.96,62.018,151.8
215.94,293.35,62.074,151.94
217.82,300.15,61.234,149.89
219.1,304.78,60.482,148.05
217.78,302.76,61.418,150.34
220.66,299.2,62.281,152.45
219.19,296.5,62.888,153.93
221.73,295.97,63.334,155.03
222.12,299.02,62.141,152.11
219.53,301.18,62.936,154.05
219.39,300.72,61.646,150.89
219.64,300.88,60.831,148.9
220.36,299.81,61.129,149.63
221.02,299.2,61.059,149.46
222.02,298.77,60.965,149.23
222.43,298.92,61.156,149.7
222.36,300.35,60.874,149.01
222.13,301.66,60.772,148.76
222.14,301.96,61.045,149.42
221.81,300.71,61.104,149.57
221.46,298.04,61.483,150.5
222.11,297.08,61.208,149.82
222.92,297.45,61.157,149.7
222.95,298.72,61.113,149.59
223.37,299.74,61.25,149.93
223.99,300.96,61.276,149.99
224.01,300.4,61.723,151.08
223.9,299.7,61.45,150.42
224.87,300.18,60.611,148.36
225.69,300.6,60.369,147.77
225.73,300.65,60.78,148.78
225.93,301.49,60.372,147.78
225.93,301.59,61.234,149.89
225.53,300.98,61.704,151.04
225.57,301.34,61.078,149.5
225.8,300.81,61.2,149.8
226.2,301.31,61.098,149.55
226.52,301.3,60.926,149.13
227.43,302.03,61.095,149.55
227.55,302.49,60.363,147.75
227.74,302.26,60.955,149.2
227.54,301.28,61.609,150.8
227.61,301.65,61.156,149.7
227.3,300.18,61.547,150.65
228.23,300.53,61.642,150.89
228.23,300.81,60.886,149.04
228.69,300.53,61.001,149.32
228.97,299.29,61.709,151.05
229.18,297.97,61.522,150.59
230.45,297.91,61.543,150.64
230.79,297.44,62.194,152.24
231.36,299.19,61.947,151.63
231.45,301.2,61.377,150.24
231.53,302.95,60.783,148.78
230.78,302.59,61.224,149.86
230.72,303.32,61.201,149.8
230.7,303.03,61.121,149.61
230.91,302.77,60.948,149.19
231.41,302.36,61.561,150.69
231.54,302.67,61.548,150.66
231.94,303.43,61.252,149.93
232.67,303.66,61.073,149.49
232.3,303.7,60.832,148.9
232.43,303.3,60.988,149.28
232.95,303.34,61.516,150.58
233.08,303.94,61.32,150.1
233.12,303.41,61.469,150.46
233.06,303.26,61.555,150.67
233.49,303.54,61.55,150.66
233.43,303.54,61.567,150.7
233.55,303.24,61.66,150.93
233.31,303.76,60.836,148.91
233.5,303.46,60.968,149.23
233.8,303.03,61.745,151.14
233.79,303.18,61.167,149.72
234.19,303.45,60.758,148.72
234.6,303.79,61.063,149.47
234.48,304.04,61.018,149.36
235,304.39,61.5,150.54
235.05,304.54,61.423,150.35
235.04,304.85,60.72,148.63
235.49,304.58,61.314,150.08
235.81,305.64,60.986,149.28
235.59,305.13,61.717,151.07
235.75,306.17,60.657,148.47
236.62,306.25,60.791,148.8
236.66,306.67,60.107,147.13
237.58,307.09,59.968,146.79
237.07,305.6,60.666,148.49
237.68,305.93,60.707,148.6
237.87,305.8,60.872,149
237.54,305.34,60.911,149.1
237.89,305.44,60.984,149.28
238.47,305.81,60.822,148.88
237.81,304.92,61.122,149.61
238.34,305.22,60.643,148.44
238.62,304.6,61.415,150.33
238.34,305.13,60.691,148.56
237.69,304.66,61.265,149.96
238.32,304.35,61.657,150.92
239.11,304.43,61.599,150.78
239.79,304.9,61.806,151.29
239.87,305.21,61.856,151.41
239.87,305.21,61.908,151.54
239.68,304.83,61.937,151.61
240.19,305.87,60.95,149.19
240.83,306.56,61.066,149.48
240.6,307.42,60.435,147.93
240.84,307.73,60.775,148.76
240.44,308.26,60.572,148.27
239.95,307.64,60.741,148.68
240.08,308.01,60.778,148.77
240.54,308.78,60.053,147
240.58,308.56,60.647,148.45
240.75,309.04,61.058,149.46
240.6,310,61.161,149.71
240.74,310.76,60.842,148.93
240.86,311.09,60.757,148.72
241.31,310.93,60.797,148.82
241.27,310.26,60.537,148.18
241.23,309.92,60.715,148.62
241.56,309.58,61.34,150.15
241.65,309.95,61.287,150.02
242.22,310.34,61.646,150.89
241.57,310.05,61.771,151.2
242.22,310.72,61.836,151.36
242.16,310.61,61.861,151.42
241.28,310.02,62.147,152.12
241.07,309.72,61.91,151.54
241.57,308.98,61.595,150.77
243.18,308.73,61.64,150.88
243.08,307.84,61.916,151.55
243.3,307.29,62.292,152.48
243.3,307.6,61.839,151.37
243.9,307.87,61.752,151.15
243.43,306.49,62.223,152.31
244.1,307.03,61.547,150.65
244.56,306.7,61.944,151.62
244.35,306.54,61.811,151.3
245,306.49,62.113,152.04
245.3,307.03,61.596,150.77
245.4,306.98,61.611,150.81
245.96,306.43,61.799,151.27
246.62,306.24,61.846,151.38
247.29,306.12,62.005,151.77
247.83,306,62.017,151.8
248.4,305.99,62.112,152.03
249.81,306.88,61.901,151.52
250.62,306.7,62.054,151.89
251.69,307.51,61.218,149.85
252.66,307.44,61.2,149.8
253.33,307.26,61.127,149.62
253.71,307.04,61.297,150.04
255.01,307.12,61.666,150.94
255.58,307.35,61.056,149.45
256.92,307.81,60.81,148.85
257.57,308.11,60.451,147.97
258.86,308.68,60.157,147.25
259.79,308.66,60.178,147.3
260.56,308.91,60.077,147.06
261.35,308.48,60.645,148.44
261.86,308.18,60.993,149.3
261.83,307.2,61.63,150.86
260.98,305.66,61.574,150.72
261.22,303.44,62.314,152.53
261.69,302.26,61.724,151.08
262.62,301.62,61.596,150.77
263.47,300.78,61.907,151.53
263.54,299.7,61.983,151.72
261.99,297.43,62.176,152.19
261.92,296.07,61.818,151.32
261.99,294.14,61.846,151.38
261.91,293.89,61.966,151.68
261.97,295.81,61.468,150.46
263.91,299.8,60.814,148.86
263.64,303.61,60.453,147.97
263.21,305.78,59.957,146.76
262.1,304.92,60.019,146.91
262.08,303.65,60.132,147.19
262.19,302.95,60.456,147.98
264.55,301.95,60.633,148.42
267.9,302.16,60.81,148.85
271.05,302.55,60.765,148.74
274.82,304.02,60.747,148.69
278.45,304.22,60.789,148.8
281.21,304.24,60.627,148.4
284.53,304.28,60.787,148.79
284.82,303.82,60.818,148.87
285.91,304.19,60.536,148.18
286.89,304.48,60.286,147.56
287.57,304.59,60.276,147.54
287.86,304.55,60.184,147.31
288.73,304.87,60.088,147.08
289.61,304.36,60.656,148.47
290.07,304.32,60.934,149.15
290.49,303.34,61.444,150.4
290.51,302.5,61.439,150.39
291.32,301.72,61.173,149.74
292.09,301.68,61.168,149.72
292.64,301.71,61.209,149.82
294.27,303.2,60.699,148.58
294.98,303.02,60.661,148.48
295.08,303.08,60.706,148.59
295.18,302.69,60.858,148.97
294.56,301.28,60.905,149.08
294.33,301.07,60.983,149.27
294.4,301.28,61.052,149.44
293.67,301.5,60.931,149.14
293.68,301.71,60.895,149.06
293.15,301.13,61.006,149.33
293.12,301.19,61.049,149.43
293.16,301.61,60.812,148.85
292.99,302.22,60.562,148.24
293.28,302.85,60.411,147.87
293.87,303.48,60.79,148.8
293.34,303.67,60.629,148.4
293.95,304.52,60.582,148.29
293.71,305.58,60.163,147.26
293.78,305.56,60.595,148.32
293.69,305.3,60.844,148.93
293.33,305.17,60.552,148.22
292.69,303.09,61.047,149.43
293.4,301.68,61.302,150.05
294.1,302.1,61.146,149.67
294.5,302.41,60.831,148.9
295.55,304.37,60.313,147.63
296.19,305.56,60.08,147.06
296.68,306.88,60.038,146.96
296.65,306.96,60.16,147.26
296.87,307.57,60.095,147.1
297.04,307.65,60.406,147.86
297.41,307.86,60.606,148.35
297.63,308.55,60.306,147.61
297.83,308.53,60.522,148.14
297.49,307.56,60.586,148.3
297.65,308.11,60.33,147.67
296.9,306.54,60.746,148.69
296.54,305.71,60.726,148.64
296.87,305.66,60.808,148.84
296.97,306.19,60.786,148.79
297.64,308.85,60.437,147.94
297.96,311.15,60.382,147.8
297.63,311.73,60.27,147.53
296.78,310.97,60.33,147.67
296.51,310.2,60.81,148.85
295.79,309.32,60.954,149.2
295.56,307.9,60.92,149.12
294.69,303.82,61.437,150.38
294.06,301.57,61.05,149.44
294.52,301.35,61.167,149.72
296.64,303.94,60.82,148.87
297.07,308.23,60.672,148.51
297.68,310.88,60.489,148.06
297.27,310.47,60.799,148.82
296.8,309.11,60.927,149.13
297.11,308.5,60.962,149.22
297.08,308.13,61.243,149.91
296.35,307.58,61.468,150.46
296.15,308.18,61.032,149.39
295.37,309.32,60.574,148.27
294.73,309.55,60.512,148.12
294.61,310.04,60.51,148.11
294.47,309.8,60.627,148.4
295.01,309.12,60.902,149.07
295.65,308.72,60.745,148.69
295.58,308.66,60.731,148.65
295.45,308.75,60.76,148.73
295.54,308.18,60.892,149.05
295.86,308.04,60.674,148.52
295.86,307.58,60.739,148.68
295.14,306.93,61.006,149.33
294.56,306.98,61.139,149.65
293.61,306.82,60.7,148.58
295.59,307.51,60.237,147.44
294.27,307.68,60.038,146.96
294.62,308.56,59.881,146.57
294.37,308.98,59.794,146.36
294.05,308.4,59.922,146.67
294.03,307.78,59.725,146.19
294.7,307.14,59.72,146.18
295.01,307.33,59.658,146.03
294.56,308.02,59.458,145.54
294.94,309.48,59.381,145.35
294.06,309.83,59.667,146.05
293.2,310.18,60.015,146.9
293.19,310.13,60.145,147.22
292.67,309.51,60.575,148.27
292.44,310.05,59.861,146.52
293.11,311.12,59.764,146.29
293.29,312.21,60.003,146.87
292.97,312.82,59.916,146.66
292.36,312.48,60.612,148.36
292.04,311.87,60.716,148.62
291.51,310.99,61.12,149.61
290.36,309.49,61.356,150.19
290.46,309.5,60.953,149.2
290.64,309.58,61.11,149.58
290.61,309.93,60.685,148.54
291.13,311.16,60.873,149
290.49,311.44,60.813,148.86
290,310.56,60.786,148.79
289.95,309.36,60.499,148.09
289.5,306.98,60.981,149.27
289.74,305.55,61.092,149.54
289.04,303.8,61.231,149.88
289.74,304.16,61.269,149.97
290.79,305.55,60.986,149.28
290.63,306.38,60.941,149.17
290.28,306.41,60.915,149.11
288.94,304.85,60.744,148.69
289.39,303.36,60.766,148.74
289.31,302.85,61.127,149.62
290.46,305.24,60.546,148.2
290.81,307.72,59.93,146.7
290.42,308.37,59.689,146.1
289.23,307.23,60.198,147.35
288.86,306.26,60.423,147.9
288.69,306.03,60.844,148.93
288.25,305.32,60.906,149.08
288.76,306.1,60.597,148.33
288.75,306.54,60.297,147.59
288.27,306.1,60.451,147.97
287.72,303.15,60.913,149.1
286.81,299.35,61.007,149.33
286.74,295.82,61.202,149.81
287.53,294.83,61.293,150.03
288.92,296.88,60.753,148.71
289.05,299.97,60.065,147.02
289.13,302.15,59.793,146.36
288.51,302.26,60.095,147.1
288.03,302.07,59.834,146.46
287.35,300.06,60.167,147.28
287.21,299.25,59.962,146.77
287.51,299.21,59.353,145.28
287.74,299.5,59.217,144.95
288.09,300.49,59.134,144.75
287.61,300.91,59.199,144.9
287.09,301.79,58.881,144.13
287.09,302.25,58.667,143.6
287.78,302.3,58.822,143.98
287.96,302.53,58.949,144.29
288.06,303.17,59.01,144.44
287.48,303.13,59.269,145.08
286.97,303.86,59.033,144.5
287.01,303.97,59.273,145.09
287.13,304.47,59.211,144.93
287.4,304.98,58.898,144.17
288.12,305.3,58.881,144.13
288,305.49,59.13,144.74
288.5,306.28,59.198,144.9
288.18,306.79,59.577,145.83
287.65,307.37,59.891,146.6
287.84,307.97,60.132,147.19
288.26,308.41,60.225,147.42
287.81,308.43,60.022,146.92
288.61,309.13,60.052,146.99
288.76,310.31,59.699,146.13
288.81,310.32,59.929,146.69
288.69,311.07,60.063,147.02
289.26,311.67,59.997,146.86
289.12,311.54,59.953,146.75
289,310.91,60.134,147.19
289.07,311.09,59.876,146.56
288.45,310.61,59.791,146.35
288.83,311.03,59.165,144.82
288.49,310.89,58.987,144.39
288.81,311.32,58.774,143.86
288.66,311.46,58.714,143.72
288.49,310.88,58.971,144.35
288.71,310.14,59.24,145.01
289,309.92,59.194,144.89
288.66,308.55,59.702,146.14
288.26,307.67,59.626,145.95
289.11,308.12,59.077,144.61
288.97,307.32,59.158,144.8
288.81,306.54,59.308,145.17
288.67,305.76,59.356,145.29
288.44,303.55,59.774,146.31
288.68,302.37,59.824,146.43
289.07,300.95,59.755,146.27
