888.5,275.5,42,87
887.45,275.08,41.981,86.96
885.33,274.2,42.412,87.854
883.53,273.82,42.404,87.837
882.28,273.46,42.821,88.702
879.71,273,42.936,88.938
877.89,273.29,43.06,89.196
872.87,271.91,43.385,89.869
869.1,272.61,42.781,88.618
866.19,273.1,42.812,88.681
862.57,273.53,43.102,89.282
860.58,273.8,42.772,88.599
855.78,274.28,42.27,87.558
853.88,274.24,42.559,88.159
851.18,274.11,42.595,88.232
849.26,274.31,42.634,88.313
846.15,273.67,42.754,88.562
842.27,274.06,42.391,87.811
838.98,274.21,42.184,87.381
837.01,274.43,42.166,87.343
834.66,275,41.698,86.374
831.87,275.43,41.839,86.666
827.15,277.24,41.787,86.558
823.91,278.21,41.337,85.626
821.52,278.39,41.049,85.031
819.57,278.84,41.15,85.239
817.51,279.16,41.062,85.056
814.23,278.44,41.267,85.482
811.33,277.2,41.347,85.647
809.54,276.89,41.236,85.418
806.14,276.52,41.266,85.48
803.75,276.39,41.234,85.414
800.25,277.07,40.937,84.799
797.23,277.24,41.07,85.074
795.14,277.81,41.142,85.224
791.48,278.45,41.092,85.119
788.11,278.46,40.976,84.878
783.84,278.31,41.025,84.981
781.51,278.26,40.951,84.827
779.25,278.05,41.134,85.206
777.84,277.69,41.076,85.085
775.56,277.14,41.239,85.423
771.57,276.85,40.994,84.915
770.06,276.84,40.956,84.837
768.38,276.89,40.805,84.524
766.92,277.74,40.335,83.551
764.7,278.15,40.079,83.021
761.69,278.97,39.941,82.736
760.02,279.04,39.958,82.77
758.5,278.98,40.028,82.916
757.4,278.98,40.004,82.865
755.88,278.71,40.014,82.886
753.58,277.65,40.333,83.547
751.94,276.29,40.43,83.748
750.91,275.89,40.465,83.82
749.76,276.22,40.471,83.833
748.27,275.73,40.652,84.208
745.94,275.55,40.52,83.935
743.75,275.79,40.539,83.975
742.5,275.91,40.41,83.706
739.85,277.08,40.336,83.552
738.39,277.14,40.257,83.389
734.11,277.18,40.271,83.419
732.08,277.48,40.071,83.004
730.3,277.21,39.817,82.479
728.14,276.44,39.786,82.414
726.66,276.76,39.83,82.505
723.86,276.11,39.978,82.812
722.16,276.25,40.231,83.335
720.78,276.35,40.206,83.284
718.48,276.29,40.259,83.393
716.75,276.09,40.384,83.652
713.53,276.66,40.458,83.805
711.75,276.41,40.523,83.941
709.54,276.13,40.658,84.219
707.69,276.63,40.638,84.178
705.14,276.85,40.572,84.043
700.54,277.71,40.549,83.993
698.55,277.27,40.532,83.958
697.62,276.71,40.619,84.139
695.52,276.72,40.828,84.571
692.75,276.85,41.132,85.202
689.44,277.29,41.215,85.374
686.66,275.96,40.991,84.91
683.48,276.69,40.99,84.907
683.08,276.42,41.063,85.06
679.21,276.97,40.966,84.858
675.26,276.76,40.797,84.508
673.41,277.55,40.963,84.851
671.55,277.21,40.936,84.796
710.09,276.62,40.848,84.614
714.29,276.91,40.702,84.311
720.68,278.05,40.346,83.574
724.33,277.97,40.242,83.358
727,276.89,40.253,83.382
731.26,276.77,40.155,83.179
734.71,277.03,40.106,83.077
737.2,277.21,40.144,83.155
741.54,276.41,40.354,83.59
747.46,276.31,40.409,83.705
751.14,276.15,40.332,83.545
755.49,275.72,40.319,83.519
761.56,276.66,40.04,82.94
765.19,277.08,39.981,82.817
769.1,276.73,39.848,82.542
772.77,276.49,39.738,82.315
776.88,277.38,39.694,82.223
782.59,278.1,39.653,82.138
785.89,288.6,39.778,82.396
787.59,276.49,39.782,82.405
790.31,276.11,39.786,82.414
798.56,277.48,39.749,82.338
801.5,276.65,39.458,81.734
806.76,278.27,39.325,81.46
809.09,276.36,39.061,80.912
812,276.83,38.946,80.674
815.2,277.26,38.849,80.472
819.2,276.91,38.863,80.501
823.2,276.18,38.802,80.376
826.9,276.21,38.726,80.219
833.57,276.97,38.565,79.885
836.31,276.93,38.391,79.524
842.28,278.6,38.383,79.507
846.89,278.06,38.491,79.732
849.09,277.56,38.37,79.481
852.96,278.71,38.318,79.373
856.19,277.11,38.204,79.136
859.74,276.17,38.158,79.042
868.98,276.65,38.011,78.736
872.04,276.25,37.998,78.71
874.32,276.58,37.835,78.373
877.93,276.36,37.586,77.856
885.8,277.49,37.577,77.837
889.24,277.34,37.58,77.843
892.87,277.12,37.592,77.868
897.59,276.06,37.423,77.519
900.22,275.76,37.28,77.222
905.91,276.88,37.341,77.35
909.45,276.88,37.257,77.175
912.89,276.05,37.081,76.811
912.94,276.06,37.119,76.888
903.42,284.23,37.033,76.711
866.01,276.76,37.061,76.769
867.3,276.44,37.088,76.824
870.03,276.23,37.023,76.691
872.56,276.27,36.953,76.545
874.84,276.36,36.952,76.544
879.4,276.04,36.823,76.275
886.25,277.87,37.055,76.756
889.11,276.99,37.11,76.871
890.73,276.72,37.526,77.732
892.46,276.69,37.655,77.999
894.42,277.15,37.668,78.026
897.75,276.49,37.736,78.167
899.08,275.48,37.708,78.11
904.74,275.51,37.826,78.353
909.33,275.31,37.755,78.207
914.72,273.94,37.78,78.259
918.08,273.94,37.83,78.362
921.82,273.9,37.685,78.061
926.03,274.17,37.623,77.932
929.02,274.19,37.673,78.038
897.74,275.56,37.482,77.641
896.15,275.88,37.409,77.49
897.46,275.91,37.277,77.217
894.84,277.71,37.29,77.243
893.45,278.25,37.138,76.929
893.72,277.44,36.989,76.619
898.08,276.55,37.057,76.76
895.49,277.14,37.009,76.662
894.15,277.88,37.038,76.721
894.34,277.27,37.097,76.843
895.02,277.49,37.104,76.858
893.72,277.98,37.024,76.694
893.86,277.31,36.948,76.535
895.81,277.22,37.063,76.774
895.52,277.24,37.078,76.805
894.71,277.38,37.094,76.837
894.09,277.24,37.092,76.833
894.46,277.18,37.131,76.914
894.95,277.38,37.118,76.886
894.5,277.35,37.111,76.873
894.73,277.51,36.67,75.96
895.12,277.27,36.982,76.606
895.71,277.7,37.017,76.678
894.73,277.71,37.039,76.724
894.22,277.3,36.805,76.239
894.5,277.35,36.725,76.074
894.94,277.6,36.52,75.648
894.71,277.93,36.822,76.275
893.81,277.36,36.846,76.325
894.47,277.22,36.819,76.268
894.39,277.39,36.716,76.054
893.66,277.68,36.758,76.143
893.37,277.46,36.791,76.21
893.79,277.48,36.653,75.923
894.5,277.49,37.029,76.702
893.37,277.29,37.133,76.918
893.29,277.1,37.133,76.919
893.48,277.02,37.17,76.995
893.62,277.17,37.171,76.996
893.17,277.33,37.156,76.965
892.89,277.08,37.12,76.891
893.33,277.18,36.983,76.607
894.03,277.46,37.13,76.913
892.97,277.26,37.151,76.956
892.66,277.23,37.053,76.752
892.93,277.19,37.011,76.666
893.85,277.45,37.149,76.952
892.86,277.23,37.109,76.869
892.41,277.12,37.137,76.927
892.72,277.16,36.939,76.516
893.41,277.5,37.042,76.729
892.5,277.31,37.069,76.785
892.3,277.25,37.04,76.726
892.52,277.02,37.039,76.724
892.95,277.01,37.106,76.863
892.73,277.15,37.105,76.861
892.18,277.14,37.116,76.883
892.55,277.09,36.999,76.641
893.31,277.41,37.08,76.808
892.7,277.09,37.096,76.841
892.36,277.09,37.15,76.953
892.39,276.94,37.147,76.948
892.75,277.06,37.016,76.676
892.84,277.38,37.072,76.791
892.27,277.04,37.137,76.927
892.41,276.98,37.105,76.86
892.79,277.12,36.977,76.595
893.28,277.48,37.141,76.934
892.34,277.16,37.113,76.877
892.45,277.1,37.065,76.778
892.84,277.17,36.951,76.542
893.18,277.47,37.165,76.985
892.33,277.18,37.037,76.719
892.49,277.22,36.912,76.46
893.2,277.45,37.123,76.897
892.59,277.07,37.122,76.895
892.33,277.18,37.081,76.811
892.44,277.13,36.962,76.564
893.23,277.41,37.13,76.912
892.74,277.16,37.073,76.794
892.43,277.17,37.067,76.781
892.57,277.13,36.982,76.606
893.31,277.42,37.14,76.933
892.79,277.22,37.056,76.759
892.59,277.21,37.004,76.651
893.15,277.38,37.137,76.926
893.03,277.23,36.891,76.418
893.3,277.57,37.102,76.853
892.72,277.13,37.004,76.65
893.25,277.44,37.129,76.91
893.08,277.03,37.059,76.766
893.3,277.17,36.979,76.6
893.98,277.49,37.08,76.809
893.9,276.99,36.95,76.539
894.89,277.24,36.908,76.452
895.42,277.33,37.047,76.74
894.5,277.24,36.879,76.392
894.3,277.43,37.057,76.761
893.01,277.64,36.988,76.617
893.52,278,36.896,76.427
892.8,277.39,37.013,76.669
894.21,276.93,37.005,76.652
896.62,276.84,37.113,76.877
893.6,276.91,37.102,76.854
893.82,277.16,37.517,77.714
892.5,277.91,37.807,78.314
893.09,277.07,37.759,78.214
892.82,277.21,37.565,77.813
892.98,277.71,37.394,77.458
892.62,277,37.269,77.199
893.3,277.45,37.184,77.024
892.63,277.26,37.076,76.799
893.11,277.34,36.797,76.223
893.43,277.44,36.635,75.887
894.13,277.7,36.935,76.509
893.97,277.52,37.139,76.931
893.27,277.02,37.176,77.008
893.68,277.36,36.816,76.263
893.79,277.36,36.906,76.449
894.1,277.53,37.076,76.8
893.6,277.27,36.899,76.433
894.16,277.33,37.134,76.921
893.95,277.33,36.768,76.162
893.67,277.34,36.868,76.37
894.15,277.41,37.088,76.825
893.83,277.15,36.9,76.436
894.42,277.46,37.077,76.802
893.83,277.27,36.904,76.445
894.16,277.43,37.093,76.836
893.8,277.2,36.895,76.426
894.36,277.51,37.066,76.779
893.67,277.14,37.07,76.788
893.61,277.25,36.915,76.466
894.09,277.32,37.161,76.976
893.83,277.04,37.14,76.933
893.72,277.05,37.159,76.971
893.86,277.28,36.857,76.348
894.4,277.43,37.058,76.763
894.15,277.21,36.958,76.556
894.47,277.48,37.094,76.838
894.11,277.28,36.777,76.181
894.19,277.37,36.658,75.935
894.75,277.59,36.982,76.605
894.53,277.5,37.136,76.925
894.22,277.19,36.885,76.405
894.69,277.46,37.03,76.706
894.4,277.04,37.141,76.936
894.14,277.04,37.177,77.009
894.3,277.21,36.904,76.444
894.86,277.54,37.034,76.714
894.49,277.23,37.091,76.831
894.42,277.17,37.148,76.949
894.58,277.41,36.739,76.103
894.54,277.3,36.892,76.42
895.23,277.71,37,76.642
894.89,277.87,37.05,76.747
894.31,277.22,37.096,76.841
894.56,277.08,37.139,76.93
894.67,277.26,37.12,76.891
894.47,277.19,37.171,76.996
894.44,277.07,37.126,76.903
894.69,277.11,37.09,76.829
894.76,277.18,37.145,76.943
894.63,277.19,37.125,76.902
894.81,277.56,36.631,75.878
895.25,277.42,37.142,76.937
894.9,277.23,37.115,76.88
894.63,277.2,37.117,76.886
894.9,277.55,36.635,75.887
895.43,277.44,37.131,76.915
894.93,277.21,37.105,76.86
894.78,277.14,37.125,76.901
895.05,277.52,36.631,75.878
895.39,277.45,37.154,76.962
895.02,277.15,37.2,77.057
895.41,277.6,37.096,76.842
894.7,277.16,37.145,76.944
894.94,277.1,37.179,77.013
895.12,277.3,37.067,76.782
894.86,277.09,37.169,76.993
894.86,277.15,37.076,76.801
894.9,277.03,37.227,77.114
895.4,277.68,37.156,76.966
894.68,277.27,37.148,76.949
894.75,277.14,37.126,76.904
894.77,277.14,37.114,76.878
894.81,277.14,37.16,76.975
894.54,277.08,37.158,76.969
894.54,277.09,37.12,76.892
894.41,277.04,37.2,77.058
895.1,277.61,37.129,76.91
894.25,277.32,37.106,76.863
894.45,277.5,36.66,75.938
894.31,277.41,37.114,76.879
893.46,277,37.194,77.045
893.56,277.47,37.143,76.938
892.66,277.11,37.037,76.72
892.49,276.92,37.159,76.973
892.67,276.93,37.147,76.947
892.87,276.92,37.171,76.998
892.81,277.03,37.159,76.972
892.79,277.28,37.061,76.769
892.7,276.55,37.575,77.834
914.8,281.46,37.151,76.956
882.46,295.76,36.932,76.503
877.43,260.24,36.85,76.332
877.55,249.48,36.892,76.419
897.77,276.42,37.154,76.962
892.82,276.89,37.17,76.994
892.36,276.74,37.356,77.38
893.22,276.79,37.5,77.678
892.73,276.54,37.462,77.6
892.8,276.78,37.313,77.291
893.39,277.03,37.51,77.699
892.63,276.48,37.541,77.763
893.19,277.01,37.558,77.798
893,276.96,37.593,77.871
893.06,276.91,37.618,77.923
893.22,276.89,37.575,77.835
893.34,276.98,37.484,77.645
892.63,276.76,37.376,77.423
892.76,276.92,37.241,77.142
893.59,277.24,37.237,77.135
893.59,277.25,37.242,77.144
893.54,277.23,37.287,77.237
893.45,277.17,37.3,77.264
893.39,277.17,37.295,77.253
893.52,277.26,37.302,77.268
893.39,277.2,37.325,77.315
893.35,277.13,37.36,77.388
893.32,277.09,37.39,77.451
892.94,277.05,37.11,76.871
893.03,277.29,36.888,76.411
893.39,277.29,37.148,76.95
892.9,277.33,36.843,76.318
893.23,277.26,37.063,76.773
892.94,277.28,36.894,76.424
893.41,277.37,37.134,76.92
892.97,277.21,36.93,76.498
893.45,277.35,37.183,77.021
893.01,277.23,36.91,76.456
893.44,277.26,37.214,77.087
893.52,277.21,37.272,77.207
893.54,277.27,37.268,77.199
893.44,277.2,37.29,77.244
893.53,277.12,37.326,77.318
893.57,277.1,37.338,77.342
893.52,277.15,37.35,77.367
893.35,277.15,37.349,77.366
893.61,277.2,37.305,77.275
893.48,277.12,37.362,77.392
893.2,276.88,37.372,77.413
893,277.07,37.082,76.813
893.1,277.14,36.914,76.465
893.64,277.44,37.038,76.722
893.15,277.19,36.913,76.463
893.45,277.4,37.111,76.873
893.05,277.13,36.994,76.63
893.52,277.47,37.087,76.823
893.08,277.11,37.034,76.714
893.06,277.23,36.884,76.402
893.55,277.42,37.048,76.743
893.05,277.08,37.024,76.693
893.23,277.2,36.907,76.451
893.6,277.49,37.027,76.699
893.2,277.2,36.809,76.248
893.31,277.34,36.69,76.001
893.33,277.45,36.616,75.848
893.51,277.57,36.894,76.424
893.52,277.48,37.002,76.647
893.58,277.34,37.101,76.852
893.1,277.22,36.894,76.423
893.46,277.51,37.014,76.671
893.05,277.24,37.094,76.837
893.04,277.1,36.987,76.616
893.58,277.44,37.07,76.788
893.1,277.11,36.977,76.596
893.56,277.34,37.083,76.814
893.2,277.08,36.94,76.519
893.7,277.52,36.944,76.526
893.7,277.38,37.038,76.722
893.2,277.19,36.854,76.34
893.46,277.32,36.914,76.465
893.65,277.54,36.97,76.582
893.58,277.46,37.019,76.683
893.35,277.25,37.004,76.652
893.63,277.44,37.029,76.702
893.18,277.19,36.92,76.478
893.56,277.63,36.843,76.317
893.41,277.44,36.781,76.19
893.17,277.3,36.741,76.107
893.2,277.39,36.65,75.919
893.58,277.8,36.693,76.007
893.17,277.29,36.727,76.077
893.29,277.45,36.641,75.899
893.79,277.91,36.629,75.874
893.81,277.91,36.629,75.875
893.88,277.97,36.591,75.796
893.88,277.94,36.6,75.814
893.94,277.96,36.617,75.848
893.86,277.87,36.713,76.049
893.44,277.46,36.682,75.984
893.51,277.65,36.702,76.025
893.4,277.49,36.683,75.986
893.49,277.64,36.722,76.067
893.33,277.52,36.619,75.854
893.88,277.87,36.71,76.043
893.45,277.54,36.664,75.946
893.54,277.68,36.714,76.051
893.36,277.38,36.722,76.067
893.45,277.52,36.591,75.795
893.84,277.96,36.652,75.922
893.91,277.9,36.717,76.058
893.43,277.49,36.693,76.006
893.39,277.45,36.691,76.003
893.36,277.48,36.702,76.025
893.32,277.5,36.682,75.985
893.5,277.59,36.77,76.166
893.34,277.37,36.772,76.171
893.37,277.45,36.735,76.094
893.38,277.52,36.66,75.939
893.55,277.8,36.805,76.239
893.36,277.42,36.745,76.116
893.34,277.49,36.707,76.037
893.38,277.5,36.699,76.02
893.39,277.52,36.653,75.925
893.83,277.85,36.751,76.126
893.49,277.5,36.705,76.031
893.42,277.5,36.686,75.993
893.59,277.64,36.776,76.18
893.43,277.46,36.707,76.035
893.45,277.55,36.638,75.893
893.83,277.95,36.686,75.992
893.66,277.77,36.663,75.944
893.65,277.74,36.672,75.964
893.58,277.8,36.652,75.922
893.81,277.93,36.671,75.96
893.68,277.68,36.691,76.002
893.47,277.49,36.683,75.986
893.6,277.78,36.652,75.923
893.83,277.93,36.667,75.953
893.63,277.68,36.699,76.019
893.4,277.48,36.683,75.986
893.63,277.7,36.713,76.048
893.4,277.49,36.696,76.014
893.36,277.41,36.731,76.086
893.43,277.46,36.706,76.035
893.4,277.5,36.658,75.934
893.92,277.9,36.671,75.961
893.75,277.73,36.655,75.927
894.06,277.92,36.629,75.874
894.1,277.98,36.603,75.82
894.08,277.95,36.607,75.83
894.06,277.95,36.59,75.794
894.07,277.99,36.609,75.832
894.07,278.01,36.602,75.819
894.09,278.03,36.597,75.809
894.09,277.99,36.609,75.833
894.13,278.01,36.581,75.775
894.08,278.08,36.578,75.769
894.1,278.07,36.584,75.78
894.13,278.03,36.578,75.768
894.14,277.98,36.62,75.855
894.16,278.02,36.618,75.853
894.13,278.01,36.619,75.853
894.32,277.84,36.733,76.09
894.11,277.54,36.65,75.917
