828.5,302.5,96,80
815.71,293.59,97.172,80.977
803.03,281.64,96.674,80.562
790.67,272.44,96.393,80.327
767.65,268.69,96.814,80.678
758.64,270.99,96.614,80.512
752.44,276.93,95.177,79.314
753.8,278.28,94.376,78.647
761.07,273.83,93.658,78.048
761.28,267.22,94.104,78.42
760.53,265.74,94.769,78.974
762.67,266.77,95.037,79.197
768.4,269.59,94.409,78.674
776.98,273.94,93.085,77.57
783.67,276.44,92.886,77.405
790.15,277.26,93.508,77.923
787.04,275.89,92.726,77.271
781.25,274.05,92.511,77.092
774.01,273.02,92.435,77.029
767.56,274.64,90.884,75.737
761.36,275.08,90.441,75.367
756.76,274.27,91.669,76.391
750.42,270.59,91.809,76.507
744.1,265.31,91.334,76.112
734.72,256.94,91.527,76.273
729.53,251.63,91.142,75.951
727.61,249.5,90.638,75.532
725.19,246.68,90.38,75.317
722.4,243.27,90.122,75.102
714.54,235.67,90.263,75.219
708.84,230.73,90.202,75.169
701.31,225.5,89.697,74.748
694.38,221.65,88.694,73.912
687.07,217.87,87.91,73.258
677.12,212.08,86.907,72.423
669.13,206.72,86.618,72.182
660.43,201.29,86.857,72.381
653.77,198.64,86.038,71.698
645.56,196.09,85.737,71.447
635.63,191.23,84.965,70.804
628.56,186.73,84.336,70.28
623.08,182.18,84.38,70.317
618.04,177.26,84.417,70.348
613.66,173.2,84.237,70.198
606.2,166.44,84.331,70.276
603.18,162.54,84.59,70.492
601.94,159.1,84.494,70.411
601.47,155.28,84.87,70.725
600.02,150.18,85.184,70.987
596.3,142.04,84.934,70.778
593.55,135.74,84.89,70.742
590.67,130.45,84.452,70.377
590.41,127.35,84.322,70.268
594.12,126.96,83.816,69.846
599.33,128.16,83.388,69.49
599.65,128.38,83.441,69.534
598.68,127.02,83.333,69.444
595.89,125.35,83.063,69.219
593.7,123.23,82.983,69.153
593.22,121.5,82.93,69.109
594.77,120.1,82.613,68.844
597.05,118.01,82.407,68.672
600.75,116.79,82.327,68.606
605.72,116.43,82.433,68.694
609.99,116.24,82.043,68.369
610.21,115.77,81.955,68.296
608.37,115.39,81.936,68.28
606.85,115.53,81.77,68.141
606.49,115.24,81.615,68.012
608.58,115.28,80.931,67.442
609.88,115.8,80.795,67.329
611.97,117.16,80.134,66.778
613.41,118.62,79.91,66.591
613.57,120.41,79.62,66.35
611.85,122.2,79.348,66.123
610.35,124.06,79.404,66.17
609.18,126.8,79.044,65.87
604.32,128.09,79.108,65.923
596.19,130.12,79.049,65.874
582.51,131.42,78.823,65.685
568.72,133.38,79.009,65.841
554.97,135.03,78.892,65.743
541.56,137.16,78.786,65.655
531.3,140.02,78.611,65.509
526.2,143.38,78.272,65.226
526.5,147.65,77.69,64.742
527.72,149.19,77.378,64.482
530.09,155,77.231,64.359
530.46,166.32,76.994,64.162
532.27,181.7,76.866,64.055
530.67,197.4,76.596,63.83
523.68,208.66,76.037,63.364
515.26,220.47,75.789,63.157
506.99,233.27,75.263,62.719
503.23,241.81,74.922,62.435
507.2,241.63,74.656,62.213
513.49,238.19,74.728,62.273
518.05,233.99,74.746,62.289
520.31,229.55,74.635,62.196
516.45,224.89,74.779,62.316
513.18,223.13,74.925,62.438
511.72,222.7,74.966,62.472
517.74,222.93,75.218,62.681
527.74,224.56,75.046,62.538
535.98,226.7,75.23,62.691
548.48,229.97,75.394,62.828
560.7,230.78,75.749,63.124
576.39,232.78,75.627,63.023
596.58,235.64,75.681,63.067
617.83,240.48,75.603,63.002
633.48,241.67,76.004,63.336
647.51,243.07,76.307,63.589
660.82,247.89,75.895,63.246
671.06,254.87,75.577,62.981
678.55,262.09,75.512,62.926
682.34,268.2,75.197,62.664
685.08,273.94,74.946,62.455
682.1,275.43,75.118,62.598
675.16,274.81,75.415,62.846
664.11,269.8,75.401,62.835
653.64,262.83,75.59,62.992
642.2,254.09,75.559,62.966
630.68,244.81,75.971,63.309
622.59,236.71,76.081,63.401
617.68,229.38,75.843,63.203
614.89,223.53,75.295,62.746
612.54,219.1,75.099,62.582
607.82,214.09,75.078,62.565
601.13,209.52,74.887,62.406
593.74,205.92,74.321,61.934
583.69,202.02,74.216,61.847
580.43,201.44,73.69,61.409
580.31,202.43,73.313,61.094
581.93,206.12,73.081,60.901
581.77,208.55,72.85,60.708
580.34,210.94,72.364,60.304
575.42,210.99,72.111,60.092
570.32,210.8,71.974,59.978
566.95,211.9,71.765,59.805
564.4,213.1,71.534,59.611
563.22,213.2,71.554,59.628
564.33,213.52,71.954,59.962
567.14,214,72.408,60.34
570.81,213.81,72.774,60.645
575.44,213.98,72.58,60.484
579.37,211.28,72.958,60.799
580.74,208.53,73.229,61.024
582.31,206.61,72.962,60.802
582.6,205.41,72.891,60.742
583.34,203.98,72.855,60.713
583.54,202.77,72.464,60.387
582.71,202.17,72.639,60.533
581.24,203.87,72.644,60.536
577.98,204.56,72.917,60.764
572.57,203.11,72.843,60.702
566.02,198.87,72.828,60.69
561.69,194.52,72.981,60.818
558.57,190.16,73.346,61.121
559.53,189.23,73.019,60.849
559.74,186.89,73.243,61.036
562.24,186.37,72.662,60.552
562.89,184.96,72.926,60.772
562.63,182.67,73.299,61.083
563.67,180.38,73.016,60.847
563.59,177,73.176,60.98
564.39,173.51,72.822,60.685
563.91,168.74,73.039,60.866
563.03,160.8,73.046,60.871
565.56,152.89,73.426,61.188
574.22,143.77,72.893,60.745
590.21,131.74,73.305,61.088
604.06,123.69,73.151,60.959
617.33,114.2,73.188,60.99
627.23,106.29,73.339,61.116
640.47,98.339,73.275,61.062
657.94,87.584,73.025,60.854
668.41,84.603,72.965,60.804
673.67,83.422,73.041,60.868
674.83,82.911,73.163,60.969
673.31,82.038,72.706,60.588
668.5,80.116,72.449,60.374
664.49,79.276,72.017,60.014
659.17,79.151,71.759,59.799
654.94,79.964,71.084,59.236
650.98,80.226,70.746,58.955
648.42,82.033,70.641,58.868
646.97,83.727,70.214,58.512
645.56,86.072,69.775,58.146
642.7,87.701,69.567,57.973
638.27,87.895,69.265,57.72
630.78,87.151,68.851,57.376
620.87,84.116,68.65,57.208
612.68,80.806,68.2,56.834
606.77,78.139,67.952,56.627
604.22,77.346,67.721,56.434
602.69,77.073,67.629,56.358
601.17,77.953,67.398,56.165
600.16,78.558,67.171,55.976
597.62,78.91,66.914,55.762
591.5,78.162,66.808,55.674
572.11,77.514,66.393,55.327
564.94,75.739,65.839,54.866
556.12,73.156,65.829,54.857
548.35,70.541,66.06,55.05
544.24,70.723,65.962,54.968
539.96,71.756,66.091,55.076
535.76,73.226,65.783,54.819
528.38,73.553,66.134,55.112
519.69,75.348,65.886,54.905
508.83,77.04,65.986,54.989
493.05,79.218,66.22,55.183
480.91,82.278,65.968,54.973
467.41,84.109,65.891,54.909
454.43,84.571,65.733,54.777
445.71,85.519,65.465,54.554
435.24,84.914,65.211,54.343
427.67,83.706,65.167,54.306
422.71,82.972,65.05,54.208
418.21,82.227,64.756,53.964
413.3,81.846,64.55,53.791
405.89,80.213,64.275,53.563
398.92,80.339,64.025,53.354
390.06,79.549,63.652,53.043
382.14,79.129,63.309,52.758
372.44,77.066,63.602,53.001
360.24,74.299,63.704,53.086
352.63,73.697,63.7,53.084
346.74,73.922,63.546,52.955
341.58,74.341,63.822,53.185
337.37,74.685,64.197,53.497
333.35,75.633,64.171,53.476
330.05,75.409,64.19,53.492
327.04,74.863,64.056,53.38
323.45,73.371,63.987,53.323
320.67,72.502,63.724,53.103
318.03,72.554,63.106,52.588
314.51,72.653,62.901,52.418
308.98,71.572,63.078,52.565
304.12,72.144,63.058,52.549
298.4,72.525,63.025,52.521
290.13,72.94,62.982,52.485
284.72,73.406,63.162,52.635
279.8,74.299,62.956,52.464
274.21,73.919,63.239,52.7
270.61,74.599,63.089,52.574
265.63,75.709,62.799,52.333
262.28,76.278,62.555,52.129
256.51,76.759,62.472,52.06
249.64,75.802,62.676,52.23
244.64,75.82,62.581,52.151
235.99,73.457,62.663,52.219
229.28,70.801,62.921,52.434
224.14,68.155,62.89,52.408
219.65,66.379,62.792,52.327
215.12,64.511,62.718,52.265
212.05,62.596,62.172,51.81
211.21,61.163,61.741,51.451
211.07,59.682,61.408,51.174
210.84,58.024,61.156,50.963
209.84,56.882,61.195,50.996
207.11,54.872,61.084,50.903
204.91,54.276,61.068,50.89
202.41,53.432,60.918,50.765
199.91,52.274,60.907,50.756
198.21,51.714,61.088,50.906
197.09,52.095,60.898,50.748
195.83,51.449,60.851,50.709
195.78,51.672,60.755,50.629
196.62,52.252,60.574,50.478
196.61,52.138,60.516,50.43
196.16,51.779,60.477,50.397
195.74,50.972,60.238,50.198
197.23,51.017,60.012,50.01
197.83,50.116,59.833,49.861
198.32,49.413,59.942,49.952
198.45,49.008,59.729,49.774
197.94,49.205,59.447,49.539
195.85,48.434,59.177,49.315
195.57,48.608,58.741,48.951
195.5,48.916,58.427,48.689
194.25,48.838,58.834,49.028
194.01,49.498,58.797,48.998
193.23,49.878,58.926,49.105
192.19,50.459,58.899,49.083
189.71,50.876,59.066,49.222
187.48,52.091,58.632,48.86
185.66,52.484,58.635,48.863
183.59,53.553,58.783,48.986
182.28,54.325,59.285,49.404
181.85,54.604,59.333,49.444
178.98,54.3,59.441,49.534
176.62,52.645,59.611,49.675
175.08,52.164,59.121,49.267
174.29,52.19,58.811,49.009
171.91,51.811,58.549,48.791
170.58,52.071,58.1,48.416
167.46,52.28,57.813,48.177
164.75,50.904,57.453,47.878
161.41,48.393,57.352,47.793
159.35,46.024,57.004,47.503
155.89,42.701,57.083,47.569
155.04,39.348,56.705,47.254
155.41,37.577,56.316,46.93
157.93,34.691,56.201,46.835
161.84,32.774,56.401,47.001
164.82,30.26,56.676,47.23
170.37,28.113,56.877,47.398
170.39,26.394,57.244,47.703
171.79,27.055,57.429,47.857
171.2,25.66,57.757,48.131
170.77,25.587,58.126,48.439
169.22,24.994,58.43,48.692
167.53,23.151,58.94,49.117
167.25,22.924,59.343,49.452
166.72,22.414,59.606,49.671
166.37,22.301,59.937,49.948
166.02,21.277,60.412,50.343
165.74,20.257,60.85,50.708
165.44,19.142,61.355,51.129
165.27,19.519,61.015,50.846
163.23,18.802,61.553,51.294
161.75,18.934,61.536,51.28
160.87,19.14,61.206,51.005
159.84,19.027,61.162,50.969
158.96,19.419,60.944,50.787
157.44,19.137,60.775,50.646
153.43,19.162,60.401,50.334
151.4,18.788,60.122,50.102
150.8,19.491,59.638,49.698
149.45,19.805,59.114,49.262
146.91,20.566,58.422,48.685
141.61,17.686,58.764,48.97
138.31,16.572,59.126,49.271
134.65,16.093,58.966,49.139
129.5,13.495,59.323,49.436
127.54,12.132,59.284,49.403
125.06,8.0373,59.011,49.176
124.31,6.204,58.75,48.958
125.47,4.9109,58.46,48.717
125.47,2.2297,58.485,48.738
125.67,0.88243,58.612,48.843
125.32,-1.542,58.329,48.607
123.75,-3.2621,58.141,48.451
122.02,-3.8187,58.348,48.623
120.5,-4.5101,58.448,48.706
119.44,-5.1779,58.74,48.95
119.91,-5.1679,58.764,48.97
120.72,-5.0779,58.735,48.946
121.3,-5.3991,58.555,48.796
120.8,-6.177,58.525,48.771
119.75,-6.9493,58.478,48.731
115.84,-9.2474,58.542,48.785
116,-10.324,58.112,48.427
