318.5,283.5,50,121
323.03,281.05,49.854,120.65
326.76,279.29,50.256,121.62
329.27,277.41,51.355,124.28
332.87,275.2,51.972,125.77
336.96,275.3,51.351,124.27
341.28,274.48,51.358,124.29
344.84,273.44,51.605,124.88
348.12,273.23,51.02,123.47
349.73,272.08,51.547,124.74
350.65,270.23,52.444,126.91
349.9,268.91,53.07,128.43
348.42,269.87,53.033,128.34
347.37,269.55,53.065,128.42
345.86,270.9,52.414,126.84
345.66,270.54,53.421,129.28
346.71,270.33,53.411,129.25
347.51,272.13,53.112,128.53
347.68,272.64,53.018,128.3
348.34,273.96,52.444,126.91
348.92,273.73,52.539,127.14
350.01,274.82,52.061,125.99
351.16,273.59,52.747,127.65
352.87,274.74,51.813,125.39
351.84,273.19,52.752,127.66
351.52,273.07,52.712,127.56
350.89,272.89,52.728,127.6
350.71,272.79,52.99,128.24
351.65,273.4,52.609,127.31
350.74,274.32,52.364,126.72
351.01,273.85,51.983,125.8
350.24,273.04,51.425,124.45
349.33,273.25,51.407,124.4
348.55,273.46,51.376,124.33
347.13,273.62,51.118,123.71
345.54,273.49,51.16,123.81
344.85,272.52,51.377,124.33
344.65,273.2,51.325,124.21
343.69,273.22,51.595,124.86
343.02,273.67,51.593,124.85
343.04,273.95,51.795,125.34
342.03,273.19,52.26,126.47
341.95,273.41,52.307,126.58
342.07,273.56,52.318,126.61
342.88,273.53,52.194,126.31
343.55,273.86,52.227,126.39
343.8,274.56,51.774,125.29
343.75,274.55,51.927,125.66
344.2,275.03,51.764,125.27
343.53,275.09,51.883,125.56
344.1,276.55,51.435,124.47
343.22,275.7,51.531,124.71
343.13,275.66,51.524,124.69
343.3,275.92,51.404,124.4
343.03,275.65,51.522,124.68
343.09,276.29,51.389,124.36
343.84,276.3,51.304,124.16
343.73,276.02,51.602,124.88
343.76,275.68,51.554,124.76
344.03,275.37,51.554,124.76
343.84,275.47,51.707,125.13
343.15,274.92,51.758,125.26
342.91,275.04,51.821,125.41
342.52,275.25,51.848,125.47
342.9,275.45,51.901,125.6
343.08,275.33,52.024,125.9
342.75,274.54,52.006,125.85
342.87,274.71,52.029,125.91
342.92,274.05,52.186,126.29
343.21,275,51.899,125.6
343.06,275.3,51.837,125.45
343.29,275.84,51.395,124.38
343.02,275.57,51.233,123.98
343.73,276.32,50.993,123.4
344.32,276.78,50.768,122.86
343.6,275.46,51.067,123.58
343.4,274.94,51.034,123.5
343.87,275.06,50.995,123.41
343,275.09,51.03,123.49
342.53,275.31,51.093,123.65
341.45,274.9,51.216,123.94
341.26,273.84,51.623,124.93
341.6,274.69,51.56,124.78
342.12,275.07,51.698,125.11
341.4,275.2,51.695,125.1
341.19,274.88,51.987,125.81
340.57,273.9,52.477,127
340.76,274.47,52.429,126.88
340.43,274.3,52.507,127.07
340.15,273.97,52.594,127.28
339.49,273.35,52.797,127.77
340.05,274.01,52.777,127.72
340.05,273.92,52.691,127.51
340.5,274.19,52.433,126.89
340.91,274.47,52.184,126.29
340.72,275.06,52.108,126.1
340.19,275,51.953,125.73
340.02,274.32,51.842,125.46
338.94,274.45,52.095,126.07
338.06,273.37,52.185,126.29
338,272.89,52.416,126.85
336.07,272.91,52.547,127.16
334.26,272.12,52.63,127.37
333.33,272.12,52.86,127.92
332.83,272.15,52.74,127.63
332.73,272.3,52.774,127.71
332.24,272.95,52.815,127.81
331.7,272.22,52.979,128.21
331.75,272.24,52.943,128.12
331.12,271.8,52.996,128.25
331.97,272.25,52.937,128.11
331.68,271.6,52.72,127.58
331.94,272.04,52.637,127.38
331.74,271.73,52.573,127.23
331.67,272.06,52.543,127.15
331.72,272.43,52.501,127.05
331.46,272.71,52.375,126.75
331.3,272.84,52.213,126.35
330.79,273.52,52.183,126.28
330.55,274.2,51.827,125.42
329.4,274.66,51.649,124.99
327.62,275.79,51.588,124.84
325.62,276.26,51.551,124.75
323.27,276.27,51.553,124.76
321.19,276.59,51.446,124.5
319.25,276.65,51.19,123.88
318.32,277.4,50.968,123.34
317.23,277.38,50.936,123.26
317.17,277.78,50.991,123.4
316.4,277.35,51.03,123.49
314.74,277.36,51.048,123.54
311.89,277.1,51.076,123.6
308.82,276.82,50.849,123.05
306.34,276.71,50.729,122.76
304.55,277.22,50.684,122.65
302.47,278.11,50.476,122.15
301.14,278.87,49.997,120.99
299.09,279.93,49.646,120.14
297.87,280.18,49.686,120.24
296.13,281.06,49.688,120.24
294.36,281.18,49.591,120.01
293.54,280.47,49.723,120.33
291.64,280.08,50.024,121.06
290.05,280.09,50.34,121.82
288.62,280.52,50.476,122.15
287.39,281.32,50.632,122.53
286.76,281.79,50.428,122.04
286.5,282.73,50.292,121.71
285.15,282.26,50.103,121.25
284.33,282.26,50.009,121.02
283.35,280.89,50.129,121.31
282.76,279.43,50.262,121.63
279.98,276.83,50.9,123.18
277.63,275.73,51.31,124.17
278.03,272.97,51.557,124.77
277.96,271.5,51.775,125.3
277.79,270.29,52.152,126.21
278.2,269.39,52.565,127.21
279.01,268.68,52.812,127.81
281.62,268.59,53.037,128.35
295.61,274.14,52.787,127.74
297.81,274.47,52.708,127.55
300.34,271.76,52.613,127.32
303.5,268.09,52.753,127.66
304.78,267.59,52.709,127.56
305.26,266.39,52.68,127.49
305.03,265.87,52.726,127.6
306.47,266.63,52.657,127.43
307.02,266.81,52.591,127.27
307.67,267.33,52.663,127.44
309.6,268.01,52.859,127.92
311.28,268.79,52.981,128.21
313.26,269.77,53.233,128.82
315.44,270.21,53.17,128.67
318.67,270.49,53.183,128.7
321.66,270.81,53.323,129.04
324.72,271.02,53.257,128.88
325.98,270.76,53.151,128.63
327.8,270.4,53.154,128.63
331.37,270.89,53.044,128.37
334.57,270.55,53.411,129.25
337.23,269.1,53.617,129.75
339.83,268.72,53.933,130.52
342.14,267.42,54.112,130.95
344.33,265.34,54.157,131.06
347.42,265.45,54.08,130.87
348.31,265.69,54.089,130.9
349.11,267.27,54.055,130.81
351.72,266.79,53.946,130.55
352.49,268.26,53.878,130.38
354.37,268.49,53.618,129.76
356.34,268.1,53.547,129.58
358.67,268.36,53.342,129.09
360.38,268.8,53.369,129.15
359.65,268.05,53.524,129.53
360.23,267.02,53.295,128.97
361.79,269,53.104,128.51
362.53,269.13,53.116,128.54
364.44,271.1,53.201,128.75
367.51,270.28,53.182,128.7
370.67,271.25,53.209,128.77
376.51,268.7,53.513,129.5
392.06,267.29,53.755,130.09
394.13,267.3,53.727,130.02
395.71,266.34,53.844,130.3
396.5,265.82,53.931,130.51
397.73,264.79,54.044,130.79
398.47,264.29,54.439,131.74
399.8,263.62,54.673,132.31
375.61,264.82,54.481,131.84
340.95,266.55,54.234,131.25
307.15,269.4,54.143,131.03
278.75,271.11,54.129,130.99
276.32,270.9,54.166,131.08
278.02,271.62,54.058,130.82
278.81,270.28,54.062,130.83
278.62,268.68,54.255,131.3
280.09,269.1,54.318,131.45
281.77,269.69,54.318,131.45
284.52,270.78,54.419,131.69
286.89,272.38,54.664,132.29
288.73,271.09,54.942,132.96
289.31,270.33,55.101,133.34
290.79,271.36,55.031,133.18
291.82,271.3,55.133,133.42
292.08,271.22,55.331,133.9
292.96,271.57,55.668,134.72
292.03,271.98,55.957,135.42
291.61,272.59,56.083,135.72
290.74,272.9,56.268,136.17
290.31,274.51,56.47,136.66
289.18,275.95,57.055,138.07
287.9,276.74,57.335,138.75
286.09,276.46,57.442,139.01
284.75,277.03,57.705,139.65
283.75,278.06,57.839,139.97
282.51,280.98,57.838,139.97
280.22,284.06,57.684,139.6
253.61,287.38,57.649,139.51
214.06,286.65,57.694,139.62
179.72,289.68,57.606,139.41
153,291.17,57.562,139.3
150.77,293.13,57.477,139.09
147.04,295.43,57.379,138.86
140.37,297.21,57.479,139.1
133.95,298.69,57.407,138.93
128.1,299.61,57.464,139.06
121.61,300.99,57.524,139.21
116.1,302.9,57.526,139.21
109.15,307.74,57.838,139.97
104.21,309.7,57.708,139.65
99.501,310.43,57.793,139.86
95.627,309.63,57.795,139.86
92.328,311.68,57.862,140.03
89.499,312.99,57.783,139.84
88.905,313.51,57.765,139.79
87.445,313.08,57.919,140.16
