338.5,256.5,20,53
336.76,248.94,20.025,53.066
336.49,246.12,20.058,53.155
336.59,244.58,19.874,52.666
337.65,243.7,19.73,52.285
340.31,243.23,19.596,51.929
342.57,241.8,19.724,52.268
345.1,241.63,19.656,52.088
347.06,240.75,19.675,52.139
349.16,239.64,19.814,52.507
350.34,238.45,19.781,52.419
351.43,238.23,19.675,52.14
352.51,238.55,19.71,52.233
352.64,238.86,19.709,52.228
352.75,239.95,19.624,52.003
352.33,240.68,19.69,52.178
351.05,241.03,19.903,52.742
349.17,241.42,19.976,52.936
346,242.12,20.083,53.219
341.47,242.97,19.998,52.994
336.83,244.92,19.852,52.607
329.88,246,19.674,52.136
324.34,247.93,19.549,51.805
317.18,248.51,19.62,51.994
312.21,249.96,19.492,51.655
307.26,249.45,19.522,51.733
304.59,249.24,19.521,51.731
302.3,249.07,19.409,51.434
299.92,249.49,19.358,51.3
297.3,249.96,19.119,50.666
294.67,250.71,18.988,50.317
291.65,251.83,18.856,49.968
289.7,254.03,18.78,49.767
289.47,256.81,18.95,50.217
286.79,258.03,18.899,50.082
283.97,259.06,18.67,49.476
280.09,259.37,18.785,49.779
276.56,260.37,18.655,49.436
272.6,260.42,18.568,49.206
270.2,261.27,18.512,49.057
267.97,261.95,18.413,48.795
264.5,261.35,18.412,48.792
259.67,260.52,18.354,48.638
255.75,260.29,18.2,48.229
251.64,260.4,18.21,48.256
247.56,260.52,18.278,48.436
243.57,261.15,18.211,48.258
241,263,18.168,48.144
236.41,264.67,18.16,48.124
232.13,266.83,18.096,47.955
227.33,268.48,18.195,48.218
222.62,268.63,18.116,48.008
217.26,267.88,18.075,47.899
212.18,267.69,17.889,47.406
206.06,268.59,17.83,47.248
199.71,269.48,17.791,47.147
192.8,269.41,17.95,47.569
188.08,269.75,18,47.701
184.62,270.03,18.066,47.874
181.04,270.96,18.138,48.065
178.62,273.2,18.132,48.05
176.59,275.38,18.244,48.347
175.45,277.18,18.404,48.771
173.32,278.14,18.351,48.631
170.04,279.03,18.403,48.769
166.66,280.14,18.325,48.562
164.02,280.65,18.322,48.553
161.39,280.69,18.277,48.435
158.21,280.42,18.347,48.621
153.39,279.79,18.314,48.531
148.77,280.16,18.239,48.333
144.59,281.11,18.207,48.249
142.02,282.97,18.226,48.299
138.86,285.4,18.242,48.342
136.19,287.3,18.169,48.148
134.88,288.48,18.163,48.131
134.39,290.41,18.08,47.913
133.78,294.18,18.069,47.882
132.34,299.09,18.05,47.832
131.15,301.54,18.042,47.811
131.44,302.39,18.044,47.818
134.36,299.94,18.041,47.809
140.68,296.32,18.091,47.94
147.94,293.72,18.057,47.85
153.57,293.2,18.033,47.787
155.99,294.3,18.04,47.805
156.78,295.6,18.169,48.148
157.26,296.11,18.209,48.254
160.18,295.19,18.334,48.586
164.19,291.18,18.408,48.782
168.55,289.09,18.442,48.872
170.82,287.95,18.377,48.698
171.06,287.81,18.365,48.666
169.22,288.22,18.358,48.648
165.86,290.33,18.252,48.367
162.75,292.97,18.157,48.115
159.86,293.37,18.24,48.337
158.63,292.14,18.441,48.868
157.7,289.81,18.689,49.526
157.89,287.38,18.805,49.834
158.32,285.28,19.056,50.497
157.33,283.31,19.135,50.707
155.98,282.15,19.214,50.916
153.95,282,19.119,50.666
152.81,283.35,19.136,50.71
151.37,284.36,19.131,50.697
150.12,284.95,19.207,50.899
148.41,285.54,19.302,51.15
146.25,286.07,19.31,51.171
142.44,286.41,19.426,51.479
139.48,286.87,19.444,51.527
137.45,287.02,19.478,51.616
136.12,286.7,19.505,51.689
135.56,286.67,19.511,51.704
134.48,286.69,19.462,51.575
131.78,288.31,19.357,51.295
126.45,292.09,19.416,51.452
122.94,295.24,19.42,51.462
120.53,297.46,19.376,51.346
119.39,298.62,19.397,51.401
118.36,298.78,19.486,51.637
116.96,297.95,19.511,51.704
115.92,296.7,19.547,51.799
115.1,295.67,19.562,51.84
114.06,295.18,19.583,51.895
112.7,296.13,19.564,51.845
109.55,298.44,19.573,51.869
107.76,300.46,19.486,51.637
105.7,301.62,19.553,51.815
104.8,302.31,19.51,51.703
104.38,302.55,19.486,51.638
104.17,302.46,19.475,51.61
103.86,302.6,19.455,51.555
102.84,303.34,19.471,51.597
100.03,304.07,19.464,51.579
97.303,305.38,19.391,51.386
94.761,308.34,19.356,51.294
93.294,309.13,19.343,51.259
92.373,309.78,19.284,51.103
90.635,309.21,19.33,51.225
89.568,308.82,19.32,51.198
87.923,307.47,19.399,51.406
87.413,307.78,19.365,51.317
86.306,308.03,19.323,51.206
84.686,308.95,19.383,51.366
82.633,310.44,19.413,51.444
81.227,312.06,19.442,51.521
80.287,312.79,19.508,51.696
79.346,313.13,19.48,51.622
78.579,313.59,19.459,51.566
77.354,314.69,19.46,51.568
75.488,315.32,19.439,51.513
73.507,315.79,19.482,51.626
70.78,316.19,19.442,51.522
68.974,317.66,19.544,51.792
67.718,317.62,19.684,52.164
67.379,318.41,19.717,52.251
66.805,318.42,19.787,52.436
65.912,318.17,19.791,52.446
65.254,318.34,19.77,52.391
64.705,318.44,19.824,52.534
64.059,318.83,19.835,52.562
62.848,319.19,19.831,52.553
60.944,320.37,19.818,52.518
59.92,321.14,19.832,52.556
58.82,321.34,19.911,52.765
59.212,322.23,20.027,53.071
58.748,322.57,20.079,53.208
58.093,323,20.086,53.227
57.505,324.38,20.218,53.577
56.917,325.98,20.371,53.983
56.211,326.43,20.447,54.185
59.261,328.52,20.465,54.232
65.504,330.62,20.506,54.342
73.811,331.42,20.558,54.48
84.571,331.62,20.463,54.228
99.979,331.45,20.418,54.107
112.98,329.56,20.307,53.814
126.45,328.95,20.22,53.583
137.08,329.18,20.163,53.432
144.9,329.69,20.23,53.609
154.43,330.24,20.358,53.95
163.96,327.57,20.418,54.108
174.97,323.36,20.468,54.241
186.87,318.99,20.517,54.37
193,315.35,20.618,54.639
192.29,315.05,20.791,55.095
189.88,316.56,20.933,55.471
182.01,320.05,21.125,55.98
175.34,325.17,21.326,56.513
170.13,329.17,21.294,56.428
167.46,331.96,21.531,57.057
166.78,332.29,21.66,57.399
166.74,331.9,21.826,57.839
163.85,326.72,21.856,57.919
160.5,323.28,21.778,57.713
158.37,322.37,21.858,57.924
156.55,321.09,21.952,58.174
156.44,319.57,22.119,58.614
156.73,317,22.168,58.746
158.27,316.13,22.24,58.936
159.49,315.93,22.264,59.001
160.12,315.74,22.283,59.049
161.48,314.75,22.342,59.205
165.47,312.87,22.345,59.214
171.49,311.14,22.334,59.186
176.31,311.21,22.262,58.995
179.81,311.63,22.179,58.774
180.17,311.74,22.138,58.665
179.31,310.77,22.077,58.505
178.25,308.57,22.036,58.396
179.48,305.35,22.041,58.409
185.2,303.19,21.916,58.079
188.35,301.62,21.999,58.299
189.23,301.05,21.971,58.224
189.67,301.09,21.95,58.167
189.64,302.35,21.944,58.151
190.24,304.35,21.992,58.278
192.54,305.42,22.054,58.444
194.78,304.67,22.069,58.484
197.43,302.7,22.063,58.467
199.63,299.96,22.065,58.472
203.24,295.64,22.045,58.419
206.54,292.38,22.056,58.449
209.6,289.35,22.068,58.481
210.93,287.18,22.072,58.491
211.06,285.45,22.112,58.596
208.51,284.92,22.177,58.769
204.23,287.4,22.266,59.005
200.47,291.25,22.273,59.023
196,295.44,22.148,58.693
191.6,299.49,21.948,58.162
187.51,303.68,21.88,57.981
183.42,305.58,21.899,58.033
180.09,307.5,21.888,58.004
178.13,308.84,21.917,58.079
176.71,309.39,21.991,58.275
175.54,309.23,22.07,58.485
173.85,307.85,22.043,58.414
172.94,307.11,22.167,58.741
172.39,307.43,22.218,58.876
172.31,307.38,22.22,58.883
171.86,307.85,22.315,59.135
169.62,310.13,22.337,59.192
169.39,310.19,22.417,59.405
166.62,312.37,22.44,59.465
164.25,314.89,22.548,59.752
161.4,317.06,22.596,59.878
157.75,319.13,22.644,60.006
154.43,321.23,22.708,60.176
153.01,321.14,22.791,60.396
152.06,321.14,22.898,60.68
151.05,322.06,22.961,60.847
149.69,322.98,22.946,60.808
148.27,322.97,22.922,60.743
147.35,323.64,22.767,60.332
145.99,324.21,22.656,60.039
145.18,324.46,22.528,59.698
144.35,324.85,22.449,59.491
142.85,325.08,22.412,59.391
140.44,326.3,22.226,58.899
137.69,328.92,22.205,58.844
134.74,330.78,22.205,58.843
125.36,339.58,22.051,58.436
122.3,340.09,21.99,58.273
121.65,340.64,22.035,58.393
121.17,340.91,22.112,58.597
120.25,341.12,22.228,58.905
120.19,341.64,22.315,59.135
119.4,341.35,22.42,59.414
118.45,341.36,22.412,59.392
117.49,341.81,22.396,59.349
116.39,342.54,22.489,59.597
115.34,344.81,22.484,59.584
112.78,347.52,22.391,59.336
109.57,349.67,22.188,58.798
106.02,352.39,22.057,58.451
103.7,353.86,21.908,58.055
101.74,354.79,21.811,57.8
100.55,355.22,21.729,57.581
100.44,355.93,21.673,57.433
100.59,356.8,21.589,57.21
101.06,356.74,21.591,57.216
101.9,356.46,21.64,57.346
103.18,356.26,21.712,57.536
103.95,356.28,21.806,57.786
104.92,356.15,21.79,57.744
106.48,356.54,21.746,57.626
107.36,356.67,21.943,58.149
108.04,357.21,22.139,58.669
108.71,357.18,22.229,58.906
110.35,358.19,22.2,58.83
112.06,358,22.185,58.791
113.47,356.61,22.2,58.831
114.84,354.88,22.215,58.869
115.75,353.64,22.197,58.821
116.85,352.95,22.207,58.849
117.04,352.59,22.182,58.782
116.98,352.66,22.186,58.794
116.67,354.15,22.181,58.781
116.05,356.26,22.137,58.662
115.14,357.54,22.084,58.521
114.8,358.13,22.123,58.627
115.17,358.72,22.133,58.654
115.22,359.31,22.162,58.73
115.47,360.72,22.148,58.692
114.99,361.03,22.09,58.538
114.11,361.64,22.055,58.445
114.3,362.28,22.027,58.372
115.06,362.09,22.033,58.387
115.84,361.97,22.062,58.465
116.31,361.92,22.097,58.558
116.19,362.28,22.005,58.314
116.56,363.09,22.058,58.455
116.29,363.79,22.077,58.503
116.67,364.27,22.111,58.594
117.07,364.84,22.107,58.585
117.27,365.08,22.139,58.669
115.42,365.52,22.185,58.791
112.87,366.14,22.115,58.604
110.51,365.93,22.081,58.514
108.93,366.13,22.049,58.429
106.77,367.98,22.046,58.421
104.6,369.4,22.132,58.649
102.44,370.4,22.073,58.493
101.51,371.69,22.093,58.547
100.76,372.18,22.191,58.807
100.63,372.87,22.202,58.835
100.23,372.35,22.162,58.728
100.21,371.69,22.135,58.657
100.13,370.44,22.122,58.623
100.85,370.2,22.071,58.487
102.23,371.2,22.057,58.451
102.94,373.86,22.071,58.488
101.75,377.85,22.126,58.633
98.283,380.74,22.144,58.682
94.419,382.43,22.191,58.805
91.396,382.15,22.267,59.009
87.829,379.19,22.426,59.43
84.013,374.01,22.521,59.68
80.157,369.36,22.765,60.328
75.713,365.73,22.835,60.512
68.918,363.48,22.811,60.449
61.614,362.41,22.677,60.094
52.837,363.61,22.47,59.545
44.948,366.22,22.449,59.489
41.083,369.88,22.442,59.47
43.929,374.82,22.491,59.601
52.887,378.89,22.417,59.405
61.236,381.44,22.417,59.406
66.856,380.37,22.562,59.789
67.041,378.32,22.907,60.702
62.034,369.98,23.024,61.013
58.704,366.97,23.054,61.094
56.978,366.06,23.018,60.998
56.449,366.64,23.042,61.061
57.122,369.55,23.104,61.226
59.513,372.5,23.051,61.085
61.536,374.19,23.146,61.337
63.179,375.42,23.159,61.373
64.521,376.67,23.159,61.371
64.557,377.39,23.237,61.578
61.125,377.97,23.371,61.933
57.814,377.87,23.554,62.418
55.565,378.15,23.622,62.597
54.946,379.74,23.732,62.889
54.761,381.74,23.796,63.059
54.703,383.19,23.815,63.109
54.582,383.61,23.75,62.937
54.618,383.66,23.734,62.896
56.471,383.85,23.614,62.577
60.358,384.8,23.526,62.343
63.824,384.77,23.533,62.362
64.96,384.58,23.599,62.537
65.307,383.39,23.727,62.875
64.328,381.8,23.825,63.136
62.643,380.68,23.938,63.435
62.346,378.93,24.097,63.857
65.497,371.24,24.162,64.031
71.072,365.92,24.254,64.272
79.584,359.88,24.366,64.569
90.493,354.98,24.364,64.564
99.491,350.61,24.292,64.374
109.43,345.76,24.191,64.106
119.52,344.35,24.306,64.41
129.22,345.33,24.248,64.258
139.02,347.01,24.241,64.239
145.95,348.29,24.187,64.094
162.49,352.8,24.306,64.411
173.43,351.42,24.346,64.518
192.82,345.27,24.355,64.542
205.68,339.65,24.318,64.441
217.64,332.37,24.152,64.004
224.91,329.14,24.239,64.234
233.52,321.86,24.251,64.265
236.76,318.35,24.292,64.374
237.28,316.79,24.21,64.156
237.82,316.3,24.324,64.459
238.23,315.57,24.372,64.586
241.31,314.53,24.48,64.873
246.59,313.02,24.668,65.37
248.67,311.83,24.831,65.801
249.89,311.85,24.856,65.869
250.59,312.26,24.875,65.918
249.89,314.29,24.876,65.921
246.6,316.24,24.868,65.9
242.28,316.16,24.818,65.767
238.36,314.99,24.853,65.861
231.15,313.86,24.715,65.496
223.01,316.87,24.658,65.345
209.86,322.75,24.584,65.148
194.33,328.88,24.623,65.252
175.25,338.16,24.737,65.554
163.74,345.53,24.8,65.721
156.73,348.44,24.894,65.97
155.84,349.37,25.026,66.32
160.1,354.02,25.307,67.064
169.36,356.33,25.418,67.357
187.29,361.64,25.254,66.923
205.83,365.79,25.197,66.773
223.92,365.76,25.18,66.727
232.37,360.77,24.995,66.236
241.66,357.4,24.836,65.815
246.25,351.63,24.758,65.608
248.98,349.11,24.769,65.639
253.75,348.1,24.727,65.527
260.33,349.52,24.798,65.714
266.11,353.8,24.9,65.986
266.73,359.43,25.003,66.257
261.02,367.64,25.174,66.711
252.35,374.41,25.339,67.149
242.22,382.02,25.383,67.265
235.46,387.47,25.363,67.211
229.82,393.29,25.374,67.242
230.06,393.73,25.341,67.153
236.42,391.91,25.464,67.479
243.58,387.35,25.478,67.517
253.49,382.78,25.586,67.803
265.1,378.01,25.714,68.143
272.53,374.96,25.729,68.183
279.39,372.76,25.785,68.331
285.97,369.71,25.81,68.397
291.37,367.83,25.727,68.176
297.54,366.01,25.669,68.022
301.15,364.3,25.612,67.871
302.07,361.95,25.599,67.838
302.47,361.13,25.461,67.473
301.7,360.87,25.261,66.942
301.63,363.57,25.199,66.778
304.17,364.97,24.95,66.117
308.23,366.08,24.736,65.551
312.3,366.66,24.665,65.363
315.97,367.34,24.61,65.216
319.08,367.16,24.661,65.351
319.28,367.38,24.576,65.127
318.14,368.89,24.441,64.769
315.3,370.68,24.402,64.666
312.51,371.41,24.38,64.608
312.04,372.72,24.302,64.401
314.29,373.98,24.228,64.203
318.6,375.96,24.185,64.091
324.24,378.06,24.182,64.083
328.95,380.22,24.242,64.241
334.66,381.88,24.374,64.592
337.25,383.01,24.743,65.569
339.67,382.98,25.14,66.622
341.56,381.97,25.495,67.562
344.12,380.17,25.948,68.761
348.72,378.02,25.968,68.814
350.87,378.12,26.147,69.289
352.12,378.87,26.228,69.505
351.97,379.74,26.105,69.178
350.7,379.51,25.949,68.765
345.7,379.63,25.512,67.606
344.01,378.66,25.229,66.858
343.6,378.62,25.021,66.305
344.64,378.62,24.967,66.164
347.07,379.38,24.753,65.596
353.18,381.52,24.751,65.589
357.17,381.6,24.836,65.814
359.52,380.88,24.814,65.758
360.77,379.97,24.858,65.874
360.71,378,24.868,65.901
359.79,376.69,24.775,65.653
359.22,376.15,24.77,65.64
358.96,375.43,24.713,65.49
359.33,374.73,24.672,65.381
359.7,372.23,24.741,65.564
359.94,368.4,24.75,65.587
357.92,365.6,24.712,65.487
353.97,363.3,24.819,65.77
346.86,360.22,25.067,66.427
335.08,355.2,25.079,66.459
325.05,350.51,24.948,66.113
316.88,346.58,24.815,65.76
310.89,342.88,24.885,65.944
306.58,339.85,24.935,66.077
303.49,337.61,24.988,66.218
300.18,335.99,24.855,65.865
296.21,334.7,24.705,65.469
292.33,333.79,24.572,65.117
286.93,332.71,24.34,64.5
281.77,333.69,24.085,63.826
276.36,334.43,23.972,63.526
274.26,334.85,24.014,63.637
274.06,334.77,24.018,63.647
275.64,333.83,23.987,63.566
278.22,332.58,23.924,63.398
280.28,331.07,23.814,63.107
280.41,329.52,23.75,62.937
279.4,328.43,23.716,62.848
276.93,327.67,23.652,62.679
274.92,327.3,23.609,62.565
273.6,328.01,23.532,62.361
273.09,329.42,23.435,62.102
273.44,331.19,23.465,62.182
274.17,331.79,23.522,62.333
274.95,331.13,23.742,62.917
275.57,327.92,23.954,63.477
275.75,323.88,24.168,64.045
275.86,320.22,24.234,64.22
275.96,317.48,24.412,64.691
275.57,315.12,24.621,65.246
275.71,314.41,24.548,65.053
276.04,315.27,24.429,64.736
276.51,318.44,24.176,64.067
277.44,323.2,24.003,63.608
278.55,327.33,23.891,63.31
280.99,332.18,23.829,63.147
282.12,333.8,23.736,62.899
283.4,335.13,23.628,62.614
285.23,335.27,23.556,62.422
286.05,334.77,23.517,62.319
287.07,334.76,23.478,62.216
287.59,335.44,23.411,62.04
288.02,336.06,23.448,62.138
287.49,335.45,23.413,62.046
287.07,334.7,23.382,61.963
285.97,332.81,23.442,62.12
284.77,331.13,23.28,61.691
283.98,329.7,23.31,61.771
283.84,329.39,23.33,61.825
283.89,328.89,23.385,61.969
284.05,328.18,23.485,62.235
284.22,326.85,23.532,62.36
284.04,325.28,23.456,62.16
283.04,323.76,23.558,62.43
281.79,322.24,23.571,62.464
281.17,321.42,23.678,62.748
280.12,320.94,23.599,62.537
279.27,319.59,23.577,62.48
278.62,317.21,23.552,62.413
277.9,314.45,23.626,62.608
277.59,312.95,23.624,62.603
276.21,311.43,23.397,62.003
274.64,310.37,23.273,61.675
272.52,308.8,23.28,61.691
271.23,307.69,23.161,61.378
270.69,307.19,23.189,61.45
270.04,306.84,23.193,61.461
269.46,306.89,23.184,61.438
268.97,307.35,23.125,61.28
269.15,307.92,23.17,61.402
268.84,307.76,23.216,61.523
269.31,307.88,23.245,61.598
270.19,307.5,23.164,61.385
271.15,306.85,23.15,61.346
272.64,306.38,23.027,61.021
274.82,305.73,22.973,60.877
277.33,304.54,22.892,60.663
279.11,304.58,22.892,60.663
280.07,304.47,22.914,60.723
280.46,304.63,22.959,60.841
280.42,304.67,23.03,61.029
280.67,305.14,23.156,61.363
280.56,305.76,23.136,61.312
281.81,306.37,23.246,61.601
282.75,306.74,23.311,61.773
284.26,307.17,23.346,61.867
285.72,307.23,23.331,61.828
286.69,306.66,23.273,61.673
287.19,305.95,23.19,61.454
288.55,305.48,23.106,61.23
289.96,304.23,22.942,60.797
291.76,303.17,22.801,60.423
294.04,303.28,22.517,59.669
295.43,303.43,22.404,59.37
295.58,303.51,22.316,59.136
295.9,303.91,22.265,59.003
295.44,304.3,22.318,59.142
294.65,303.87,22.413,59.394
294.82,302.83,22.391,59.335
296.81,302.25,22.213,58.866
300.15,302.26,22.133,58.652
303.75,302.45,22.002,58.306
305.51,303.24,21.954,58.178
305.75,303.21,21.965,58.207
305.09,303.41,22.082,58.518
303.73,303.25,22.063,58.468
302.72,303.7,22.123,58.625
301.97,303.08,22.179,58.773
302.41,302.49,22.244,58.946
302.41,301.89,22.247,58.956
301.72,301.21,22.344,59.213
299.63,300.39,22.237,58.927
297.14,299.41,22.221,58.886
294.78,297.96,22.131,58.646
292.96,296.63,22.062,58.463
292.45,295.76,22.039,58.403
292.66,295.33,21.944,58.152
294.97,294.94,21.96,58.195
297.88,294.76,21.931,58.117
300.57,294.43,21.987,58.266
302.53,294.35,21.928,58.109
303.63,294.48,21.806,57.787
303.5,294.57,21.766,57.681
302.8,295.23,21.801,57.774
300.97,295.06,21.86,57.93
299.21,294.71,21.902,58.041
297.12,293.12,21.863,57.938
295.01,291.63,21.767,57.683
293.53,291.17,21.845,57.889
291.41,290.99,21.839,57.874
289.45,291.5,21.786,57.732
287.19,291.77,21.921,58.091
286.06,291.97,21.961,58.197
285.03,291.92,22.02,58.354
284.08,291.26,21.929,58.112
283.95,291.02,21.939,58.137
283.91,290.28,22.069,58.483
285.04,288.38,21.878,57.976
287.71,286.14,21.829,57.846
289.95,284.11,21.765,57.677
291.73,283.24,21.687,57.47
292.34,282.96,21.697,57.496
292.49,282.8,21.615,57.28
292.14,282.71,21.521,57.03
291.6,282.25,21.461,56.871
292.42,281.63,21.442,56.822
294.77,280.77,21.425,56.776
295.65,280.15,21.35,56.577
296.01,279.55,21.366,56.619
295.49,278.87,21.357,56.597
293.93,278.58,21.382,56.662
292.09,278.9,21.255,56.326
290.12,279.69,21.054,55.794
289.01,281.5,21.05,55.784
287.23,281.84,21.159,56.071
285.48,281.75,21.231,56.262
283.61,280.91,21.156,56.063
283.26,280.14,21.262,56.345
282.51,277.43,21.377,56.649
283.46,274.94,21.469,56.894
284.03,272.02,21.539,57.077
284.4,270.13,21.301,56.448
284.47,270.07,21.117,55.961
284.22,270.73,21.124,55.977
283.54,270.41,21.067,55.829
282.71,269.15,21.133,56.002
281.98,266.48,21.171,56.102
280.93,265.23,20.999,55.648
279.41,264.81,20.928,55.459
277.06,265.05,20.844,55.237
275.05,265.49,20.838,55.22
273.1,263.96,20.706,54.87
271.61,260.7,20.71,54.882
270.52,257.39,20.767,55.034
269.64,254.13,20.956,55.532
267.54,250.32,21.046,55.773
266.76,247.87,21.015,55.69
266.67,246.08,20.903,55.392
269.15,245.49,20.756,55.003
273.15,246.8,20.543,54.438
277.13,250.22,20.367,53.971
279.68,254.56,20.272,53.722
281.31,259.3,20.323,53.856
281.83,262.69,20.379,54.003
282.75,265.75,20.37,53.982
283.88,266.93,20.393,54.042
286.47,267.45,20.296,53.784
290.29,266.34,20.341,53.905
293.51,264.42,20.303,53.804
297.55,263.39,20.464,54.23
301.28,263.05,20.343,53.908
304.52,262.72,20.269,53.712
307.05,263.89,20.215,53.569
308.71,264.84,20.2,53.529
309.62,265.72,20.201,53.532
310.15,266.24,20.256,53.678
310.41,266.3,20.332,53.879
310.03,265.35,20.38,54.006
310.32,264.45,20.362,53.958
310.74,263.52,20.394,54.044
311.59,262.73,20.295,53.781
312.9,262.71,20.324,53.858
313.56,262.15,20.262,53.696
315.37,262.91,20.274,53.726
316.33,263.87,20.26,53.69
316.8,264.41,20.246,53.653
316.58,264.77,20.375,53.993
315.34,263.63,20.376,53.996
314.25,261.91,20.356,53.944
313.84,260.4,20.305,53.807
313.9,259.5,20.439,54.163
314.39,258.08,20.326,53.864
315.88,257.28,20.294,53.779
318.86,256.66,20.223,53.59
322.05,254.84,20.247,53.654
326,252.7,20.322,53.853
329.71,250.38,20.297,53.786
334.46,250.12,20.242,53.641
337.45,249.75,20.178,53.472
339.3,249.54,20.127,53.335
340.28,248.85,20.05,53.133
341.98,248,19.923,52.796
345.52,246.56,19.884,52.694
348.48,243.99,19.779,52.415
352.76,241.04,19.748,52.333
357.26,238.58,19.73,52.285
361.08,236.62,19.766,52.381
362.29,235.58,19.741,52.314
363.04,235.38,19.758,52.359
361.96,235.12,19.695,52.193
361.14,235.6,19.68,52.153
359.1,235.43,19.65,52.072
352.99,235.13,19.619,51.989
349.93,234.25,19.575,51.874
346.69,232.09,19.661,52.102
344.91,229.46,19.646,52.062
344.67,226.58,19.633,52.027
346.05,224.06,19.552,51.814
348.07,221.59,19.57,51.86
350.78,221.69,19.512,51.708
352.56,222.38,19.397,51.401
354.58,224.55,19.234,50.969
355.22,225.82,19.053,50.49
356.58,227.31,18.959,50.242
356.4,226.64,18.935,50.177
356.65,225.69,18.93,50.165
356.88,223.54,18.987,50.315
356.95,220.63,18.944,50.2
356.69,218.54,18.891,50.061
357.35,217.33,18.814,49.858
358.28,215.79,18.828,49.895
358.66,214.49,18.755,49.702
359.24,214.03,18.713,49.589
359.5,214.17,18.619,49.34
360.17,214.99,18.477,48.964
360.95,216.19,18.475,48.959
360.94,216.03,18.522,49.083
359.75,214.45,18.563,49.191
357.14,212,18.587,49.256
354.17,209.81,18.533,49.113
351.16,208.79,18.508,49.045
347.89,209.05,18.513,49.059
344.04,209.74,18.513,49.059
342.05,210.72,18.463,48.926
340.25,211.16,18.545,49.145
339.43,211.1,18.586,49.252
338.48,210.87,18.634,49.381
337.32,209.94,18.665,49.463
337.48,208.65,18.681,49.504
340.77,207.14,18.611,49.32
346.71,206.58,18.442,48.87
353.74,206.36,18.197,48.221
360.82,206.69,18.092,47.944
366.44,205.13,18.032,47.784
370.9,203.07,18.082,47.917
372.74,200.72,18.11,47.991
373.02,199.93,18.2,48.229
373.09,200.58,18.21,48.255
372.56,202.8,18.184,48.187
372.38,205.37,18.137,48.064
373.28,208.04,18.212,48.261
374.64,210.51,18.349,48.626
375.56,212.59,18.325,48.562
376.92,214.29,18.312,48.526
378.5,215.36,18.185,48.19
380.13,215.75,18.129,48.041
381.45,215.54,18.135,48.058
382.31,215.47,18.178,48.172
382.5,215.59,18.223,48.29
381.62,216.14,18.176,48.167
379.27,215.49,18.263,48.397
376.78,214.99,18.274,48.425
374.51,214.39,18.301,48.497
372.83,214.25,18.157,48.116
371.57,214.2,18.062,47.864
370.62,214.13,17.972,47.627
370.53,214.96,17.891,47.411
370.33,215.81,17.842,47.281
369.65,216.81,17.95,47.567
369.02,217.61,17.961,47.598
368.49,217.73,18.043,47.815
368.59,216.9,18.12,48.018
369.58,214.28,18.115,48.004
370.89,211.53,18.085,47.925
372.26,208.98,18.093,47.946
372.99,208.25,18.033,47.787
373.36,208.67,17.947,47.559
373.25,209.9,17.906,47.451
372.76,211.39,17.828,47.245
371.35,211.99,17.794,47.155
369.45,212.8,17.735,46.998
367.12,213.04,17.811,47.198
364.91,213.3,17.874,47.367
363.83,212.62,17.892,47.415
362.77,211.8,17.938,47.537
362.27,210.74,17.944,47.552
360.74,210,17.981,47.651
358.83,209.54,17.95,47.567
356.76,209.07,17.961,47.597
354.79,208.88,17.958,47.588
352.82,209.11,17.933,47.522
351.66,209.64,17.946,47.557
350.59,210.06,17.926,47.504
350.56,210.28,17.881,47.385
350.17,209.62,17.856,47.318
350.63,207.93,17.868,47.349
351.77,206.04,17.906,47.452
352.73,204.5,17.964,47.605
353.83,202.62,17.922,47.494
355.91,201.18,17.809,47.193
357.66,199.14,17.766,47.079
358.45,198.22,17.694,46.89
359.65,198.24,17.618,46.687
360.59,197.4,17.601,46.644
361.52,196.68,17.548,46.501
362.01,197.21,17.466,46.284
361.98,199.35,17.39,46.084
360.59,201.4,17.392,46.088
358.23,202.87,17.344,45.96
355.87,203.95,17.322,45.903
353.25,204.43,17.352,45.984
351.17,205.26,17.404,46.121
350.32,205.68,17.408,46.132
350.6,205.35,17.489,46.345
353.12,204.05,17.56,46.534
356.69,203.94,17.51,46.401
359.82,203.88,17.41,46.137
361.82,204.43,17.33,45.924
362.77,205.28,17.328,45.919
362.98,205.86,17.395,46.096
363.1,206.37,17.429,46.187
363.1,205.9,17.519,46.425
363.22,205.17,17.466,46.285
363.36,204.32,17.463,46.278
363.13,204,17.443,46.223
362.54,203.8,17.405,46.123
362.05,203.59,17.35,45.978
361.91,203.72,17.254,45.723
361.43,203.55,17.162,45.478
361.64,203.97,16.999,45.047
361.88,204.75,16.952,44.924
362.08,206.03,16.998,45.045
362.51,206.86,17.151,45.45
362.76,207.22,17.222,45.639
362.81,207.34,17.233,45.666
362.61,207.05,17.24,45.687
362.27,206.36,17.269,45.762
362.46,205.44,17.241,45.689
363.38,204.29,17.17,45.5
365.34,203.59,17.119,45.365
367.28,203.27,17.096,45.304
368.7,203.08,17.067,45.228
369.62,203.3,17.023,45.11
369.92,203.8,16.904,44.797
369.92,204.81,16.878,44.727
369.86,205.78,16.889,44.756
370.55,206.11,16.909,44.81
372.58,205.95,16.988,45.019
374.4,204.46,16.974,44.98
376.03,203.04,17.007,45.068
376.71,201.26,17.042,45.162
376.95,199.44,17.16,45.473
377.09,198.17,17.137,45.414
377.95,196.92,17.028,45.124
379.07,196.09,16.972,44.975
380.49,195.03,16.929,44.861
382.07,194.53,16.94,44.892
382.47,194.35,16.96,44.944
382.4,194.3,16.962,44.948
381.04,194.24,16.995,45.037
380.43,194.02,17.056,45.198
380.56,193.5,17.045,45.169
383.46,192.26,17.039,45.154
387.57,190.31,17.002,45.056
391.24,188.06,16.99,45.023
393.69,185.71,16.92,44.837
394.26,184.52,16.846,44.643
394.5,183.85,16.802,44.524
393.87,183.64,16.766,44.431
392.25,183.52,16.725,44.322
391.36,184,16.679,44.199
390.38,184.25,16.628,44.064
389.78,184.5,16.583,43.945
389.04,183.15,16.537,43.822
389.1,181.64,16.507,43.744
389.26,180.57,16.532,43.811
389.91,179.98,16.568,43.906
391.1,180,16.569,43.909
392.63,180.32,16.594,43.974
394.66,180.33,16.61,44.015
396.79,180.2,16.608,44.01
399,180.16,16.557,43.877
401.13,181.14,16.506,43.74
403.78,183,16.467,43.638
405.4,184.61,16.561,43.886
407.63,188.77,16.621,44.045
409.14,192.07,16.668,44.169
409.06,192.16,16.789,44.492
408.22,191.43,16.803,44.528
405.88,188.33,16.915,44.824
403.88,185.22,16.97,44.971
403.38,183.08,17.02,45.102
404.55,182.14,16.897,44.778
407.77,181.97,16.723,44.317
411.61,182.16,16.61,44.015
415.47,182.31,16.559,43.882
418.62,181.62,16.488,43.692
420.37,180.17,16.492,43.703
421.94,179.58,16.467,43.637
422.58,178.56,16.369,43.377
422.93,178.57,16.269,43.112
423.23,178.92,16.237,43.028
423.58,179.54,16.191,42.907
424.38,179.26,16.21,42.955
426.06,179.45,16.256,43.077
427.83,178.9,16.202,42.934
428.4,177.37,16.237,43.028
429.29,176.71,16.215,42.97
429.45,175.03,16.232,43.015
429.47,173.54,16.252,43.067
429.34,172.84,16.311,43.223
429.11,172.45,16.401,43.462
429.56,173.06,16.411,43.49
430.28,173.27,16.577,43.93
431.14,173.92,16.715,44.296
431.49,174.11,16.796,44.509
431.76,174.17,16.847,44.643
432.33,173.3,16.829,44.598
433.92,172.2,16.804,44.531
435,171.44,16.714,44.292
438.21,170.3,16.683,44.209
441.97,169.81,16.642,44.101
446.75,169.67,16.649,44.12
460.48,174.07,16.682,44.207
461.87,175,16.596,43.978
470.04,176.43,16.445,43.579
474.3,175.41,16.266,43.105
478.39,174.54,16.246,43.051
479.72,172.53,16.226,43
483.65,170.83,16.224,42.994
481.68,169.67,16.152,42.802
478.05,169.63,16.134,42.754
475.56,170.63,16.091,42.642
474.36,172.04,16.186,42.892
473.78,173.33,16.298,43.189
475.69,174.15,16.277,43.133
474.8,174.3,16.246,43.053
475.87,174.27,16.329,43.272
482.54,175.79,16.373,43.389
482.28,176.42,16.457,43.61
481.2,176.97,16.595,43.976
482.18,177.85,16.526,43.794
479.88,179.1,16.498,43.719
479.12,181.26,16.39,43.435
479.37,182.49,16.318,43.243
469.8,181.23,16.243,43.043
471.9,183.21,16.192,42.908
471.9,182.32,16.207,42.949
478.28,181.12,16.18,42.878
483.43,179.72,16.25,43.063
481.48,181.48,16.148,42.791
478.65,182.38,16.131,42.747
477.15,185.05,16.091,42.642
475.8,189.31,16.049,42.529
457.96,183.19,16.081,42.614
466.52,179.42,16.142,42.775
476.2,189.06,16.195,42.916
477.64,188.06,16.276,43.13
481.52,186.51,16.303,43.203
483.63,181.82,16.299,43.192
485.88,180.78,16.287,43.16
488.68,182.72,16.27,43.116
490.81,184.21,16.194,42.915
492.18,187.69,16.149,42.796
491.79,189.25,16.069,42.584
491.14,188.62,16.056,42.549
489.6,188.35,15.982,42.351
488.27,187.7,15.982,42.353
486.88,187.65,15.845,41.988
479.97,185.04,15.889,42.105
485.72,188.34,15.862,42.035
485.51,189.27,15.873,42.063
485.61,190.41,15.795,41.857
485.16,190.56,15.788,41.837
484.51,190.72,15.786,41.833
483.6,190.75,15.737,41.703
482.87,191.02,15.825,41.935
480.66,190.75,15.906,42.152
479.44,189.49,16.041,42.509
478.3,189.4,16.142,42.776
476.72,189.45,16.153,42.806
476.32,190.63,16.126,42.733
477.34,192.25,16.107,42.684
480.39,194.22,16.11,42.691
483.4,195.33,16.015,42.439
484.79,195.46,16.019,42.449
485.14,195.37,16.048,42.527
484.35,194.73,16.082,42.617
481.06,194.04,16.136,42.761
478.36,195.84,16.176,42.866
476.29,200.88,16.267,43.106
476.58,206.92,16.356,43.342
477.12,212.33,16.284,43.152
478.43,216.52,16.329,43.272
479.19,217.72,16.347,43.32
480.52,217.64,16.36,43.353
480.42,216.01,16.341,43.304
481.27,215.26,16.284,43.151
481.61,214.51,16.244,43.046
482.37,214.77,16.18,42.878
483.68,214.96,16.201,42.933
485.21,214.58,16.171,42.854
487.21,212.65,16.224,42.993
488.95,209.3,16.302,43.201
489.38,205.92,16.405,43.474
488.26,202.91,16.376,43.396
486.58,200.68,16.394,43.445
482.63,199.55,16.445,43.578
477.62,199.41,16.423,43.521
474.52,200.89,16.497,43.718
472.43,202.35,16.458,43.615
470.65,202.82,16.468,43.641
469.71,203.3,16.438,43.56
469.86,204.99,16.456,43.609
469.87,207,16.435,43.552
469.7,208.98,16.425,43.527
468.41,210.22,16.477,43.665
465.77,210.03,16.446,43.581
461.61,209.63,16.507,43.743
456.76,208.25,16.552,43.864
452.94,206.51,16.671,44.179
450.05,204.92,16.568,43.905
449.08,204.61,16.6,43.991
448.08,203.58,16.683,44.209
447.53,203.78,16.674,44.185
445.93,204.49,16.607,44.008
443.51,205.88,16.597,43.982
440.88,206.63,16.654,44.133
437.89,207.34,16.692,44.234
435.73,208.03,16.764,44.424
434.79,208.18,16.713,44.29
434.53,209.39,16.706,44.27
434.84,209.85,16.704,44.266
435.84,209.86,16.738,44.357
436.74,209.16,16.681,44.203
437.16,208.55,16.646,44.112
436.81,208.35,16.57,43.912
435.71,209.06,16.552,43.864
434.2,210.2,16.503,43.733
432.6,212.18,16.456,43.608
432.09,213.17,16.366,43.37
431.96,214.2,16.319,43.245
432.77,215.2,16.34,43.3
433.75,216.19,16.322,43.252
434.87,216.96,16.371,43.383
435.51,216.76,16.389,43.43
436.31,216.94,16.435,43.552
437.05,217.65,16.448,43.588
437.15,219.39,16.437,43.559
436.9,222.19,16.464,43.629
436.6,223.64,16.499,43.722
436.66,224.1,16.537,43.824
436.85,223.5,16.656,44.14
437.11,221.82,16.745,44.375
437.89,220.31,16.823,44.581
439.08,219.74,16.877,44.723
440.78,220.48,16.842,44.63
442.59,221.96,16.803,44.528
443.66,223.45,16.835,44.613
443.88,224.48,16.849,44.649
441.39,225.3,16.881,44.734
437.94,225.2,16.948,44.913
432.9,225.37,16.975,44.984
427.34,226.06,16.904,44.794
421.32,227.82,16.927,44.856
415.16,228.19,16.79,44.495
409.64,228.52,16.752,44.393
403.71,227.51,16.815,44.559
398.48,227.05,16.782,44.472
393.32,226.59,16.786,44.482
388.48,225.83,16.861,44.681
383.64,224.71,16.936,44.88
379.27,223.5,16.99,45.025
376.13,222.63,16.97,44.97
374.46,222.07,17.02,45.104
373.95,221.99,16.888,44.752
374.82,222.53,16.802,44.525
376.7,223.57,16.639,44.094
379.67,225.43,16.556,43.872
383.75,228.26,16.603,43.997
385.78,229.98,16.699,44.253
386.68,230.72,16.725,44.322
387.33,231.85,16.771,44.443
387.49,233.24,16.772,44.446
386.96,234.86,16.801,44.523
386.51,236.25,16.912,44.817
386.07,236.59,17.026,45.119
385.49,235.91,17.005,45.064
385.91,234.38,17.066,45.224
387.18,232.61,17.085,45.276
388.14,231.86,17.014,45.087
388.45,231.3,16.925,44.852
388.26,231.5,16.881,44.735
387.29,232.29,16.757,44.407
384.11,232.95,16.643,44.103
381.28,234.52,16.491,43.702
378.73,235.32,16.491,43.701
376.07,235.88,16.558,43.878
374.17,236,16.578,43.931
372.41,236.1,16.587,43.955
369.89,236.12,16.61,44.016
367.18,236.06,16.686,44.217
364.55,236.07,16.695,44.242
362.08,236.04,16.656,44.138
359.68,235.99,16.736,44.35
356.95,236.28,16.881,44.734
354.82,237.81,16.899,44.782
353.14,239.75,16.88,44.731
351.16,241.86,16.877,44.723
349.3,244.97,16.897,44.777
347.5,247.84,16.85,44.652
346.3,251.13,16.846,44.641
344.24,253.28,16.868,44.7
342.27,254.97,16.828,44.594
339.77,255.21,16.883,44.74
337.86,255.21,16.934,44.875
335.96,255.34,16.962,44.95
334.22,255.72,16.952,44.923
333.12,256.4,16.923,44.847
331.95,257.41,16.878,44.728
331.12,258.24,16.73,44.333
329.86,258.4,16.602,43.996
327.95,258.77,16.69,44.23
325.32,259.21,16.674,44.187
322.1,259.39,16.697,44.246
319.19,259.49,16.76,44.414
315.69,259.77,16.779,44.465
312.01,260.17,16.815,44.558
308.19,260.6,16.845,44.639
303.95,260.24,16.827,44.592
300.95,260.28,16.69,44.228
298.45,260.05,16.558,43.878
296.38,261.31,16.503,43.734
293.29,262.67,16.611,44.019
290.12,263.51,16.632,44.075
287.83,263.93,16.638,44.09
285.63,264.21,16.617,44.036
283.59,264.35,16.61,44.017
281.04,264.02,16.529,43.802
278.02,264.45,16.415,43.501
275.62,264.59,16.341,43.303
274.25,264.83,16.452,43.597
272.16,264.88,16.552,43.864
271.07,265.31,16.6,43.99
269.39,265.39,16.633,44.078
267.59,265.88,16.703,44.264
266.02,265.9,16.77,44.439
264.45,265.43,16.877,44.725
263.26,265.11,16.996,45.039
260.49,265.19,16.989,45.021
257.95,265.94,17.048,45.177
255.24,266.15,17.151,45.451
253.44,266.17,17.124,45.379
252.12,265.92,17.164,45.485
250.95,265.91,17,45.05
249.75,266.95,17.042,45.161
248.72,267.78,17.153,45.456
248.17,268.86,17.1,45.315
247.23,269.36,17.098,45.309
245.57,270.16,17.16,45.475
244.62,271.34,17.198,45.574
244.14,272.44,17.251,45.715
244.19,274.08,17.259,45.737
244.73,274.85,17.359,46.001
245.61,276.18,17.398,46.103
246.33,277.1,17.457,46.26
246.82,277.87,17.468,46.291
246.38,278.55,17.627,46.711
244.86,279.87,17.661,46.801
241.52,280.35,17.665,46.812
238.79,280.86,17.64,46.746
236.19,281.62,17.44,46.217
233.26,282.28,17.312,45.876
230.66,282.4,17.215,45.621
227.79,282.37,17.192,45.559
225.49,282.29,17.247,45.706
221.64,282.72,17.333,45.931
217.24,283.42,17.418,46.157
212.64,284.33,17.575,46.574
207.52,284.93,17.842,47.282
204.73,285.45,17.944,47.551
202.69,285.56,18.061,47.861
201.2,285.34,18.194,48.214
201.08,286.04,18.315,48.534
201.24,286.34,18.405,48.773
200.94,287.06,18.437,48.858
200.67,287.96,18.465,48.933
199.02,289.2,18.536,49.12
196.79,290.94,18.477,48.964
194,291.81,18.588,49.258
190.92,291.83,18.628,49.364
187.35,290.4,18.573,49.219
184.47,288.44,18.616,49.333
181.99,287.17,18.634,49.381
179.7,286.89,18.568,49.204
178.42,287.57,18.55,49.157
177.05,288.11,18.556,49.173
175.25,289.43,18.557,49.175
172.8,291.27,18.414,48.796
169.27,292.39,18.371,48.682
166.86,293.09,18.383,48.715
166.33,293.07,18.398,48.754
166.21,293.19,18.495,49.011
167.06,293.36,18.557,49.176
167.31,293.31,18.563,49.191
167.19,293.41,18.642,49.401
166.58,293.63,18.66,49.448
166.22,294.4,18.649,49.419
165.34,295.51,18.617,49.335
163.81,296.43,18.501,49.028
161.6,298.76,18.489,48.997
159.01,300.86,18.485,48.984
156.53,303.34,18.415,48.801
153.78,305.63,18.375,48.695
151.61,307.15,18.406,48.776
150.2,307.72,18.457,48.912
148.61,307.51,18.54,49.13
147.04,306.99,18.572,49.216
145.57,306.7,18.534,49.114
144.26,307.06,18.317,48.54
142.8,307.87,18.235,48.323
140.72,309.45,18.144,48.081
137.49,310.33,18.053,47.84
133.33,310.2,17.861,47.333
128.96,309.8,17.739,47.009
124.3,309.04,17.688,46.875
120,308.47,17.781,47.12
116.73,307.99,17.83,47.249
115.3,308.41,17.833,47.258
114.57,308.43,17.907,47.453
113.93,308.08,18.11,47.992
112.98,307.39,18.212,48.261
112,308.33,18.298,48.491
110.21,309.76,18.377,48.7
108.24,312.07,18.377,48.698
106.77,314.08,18.352,48.633
105.59,315.36,18.43,48.84
104.36,316.96,18.463,48.927
103.3,317.75,18.485,48.985
102.18,318.68,18.553,49.165
100.52,319.42,18.547,49.15
99.235,319.69,18.504,49.035
98.567,319.42,18.603,49.299
97.805,318.61,18.624,49.355
97.368,317.98,18.636,49.384
97.226,317.82,18.537,49.123
96.717,318.56,18.482,48.976
95.63,319.47,18.49,48.999
93.926,320.39,18.448,48.887
90.479,321.07,18.467,48.939
87.681,322.05,18.49,48.998
86.071,322.64,18.581,49.24
85.084,322.52,18.639,49.393
84.291,322.32,18.69,49.528
84.303,322.78,18.754,49.699
84.187,324.06,18.77,49.741
83.667,325.5,18.722,49.613
81.75,326.69,18.744,49.672
79.61,328.51,18.74,49.662
77.296,330.02,18.705,49.567
74.854,330.62,18.655,49.437
73.245,331.58,18.493,49.006
72.629,332.77,18.544,49.142
71.731,333.89,18.672,49.48
70.66,335.35,18.721,49.61
70.41,336.52,18.877,50.025
72.706,335.78,18.977,50.29
80.252,333.8,19.109,50.639
92.103,329.16,19.21,50.905
107.62,327.28,19.484,51.631
121.33,326.73,19.684,52.164
130.48,327.58,19.872,52.662
134.89,327.06,20.18,53.476
138.67,328,20.286,53.757
141.87,328.68,20.401,54.063
146.64,329.8,20.551,54.461
153.47,331.83,20.71,54.883
160.66,332.9,20.889,55.357
169.42,333.84,21.022,55.707
176.18,333.87,21.147,56.039
181.3,334.97,21.249,56.31
185.12,333.42,21.301,56.447
189.43,332.2,21.392,56.688
193.32,331.92,21.594,57.224
195.56,331.44,21.707,57.523
197.99,330.35,21.72,57.557
198.5,329.99,21.789,57.741
198.68,328.14,21.683,57.459
199.46,328.29,21.646,57.362
199.82,328.27,21.622,57.299
200.44,329.39,21.43,56.789
200.98,331.82,21.359,56.6
201.19,334.7,21.32,56.497
201.25,336.06,21.5,56.974
201.09,336.44,21.594,57.223
201.88,336.57,21.665,57.411
202.38,335.3,21.807,57.787
202.7,332.28,21.84,57.877
203.89,329.66,21.851,57.905
205.79,328.7,21.74,57.611
208.02,327.76,21.751,57.64
209.57,327.61,21.584,57.197
211,328.27,21.619,57.291
212.48,328.86,21.736,57.599
213.26,329.92,21.759,57.662
215.18,332.85,21.623,57.302
216.45,334.82,21.691,57.481
217.42,336.58,21.662,57.405
218.13,337.63,21.599,57.238
218.78,337.96,21.623,57.301
221.3,339.25,21.59,57.213
223.03,339.39,21.545,57.096
224.93,338.94,21.435,56.803
227.98,339.09,21.337,56.544
229.62,339.27,21.26,56.338
230.64,339.08,21.141,56.024
231.44,339.86,21.209,56.205
231.05,340.26,21.118,55.962
231.18,341.42,21.337,56.543
231.01,342.23,21.299,56.441
229.7,342.73,21.281,56.393
229.7,343.19,21.226,56.25
229.55,343.17,21.156,56.064
230.45,342.86,21.129,55.991
231.92,342.47,21.217,56.225
232.87,341.77,21.128,55.989
234.8,342.05,21.167,56.093
234.93,340.46,21.197,56.173
235.19,338.92,21.183,56.134
235.86,337.39,21.256,56.328
236.46,335.76,21.222,56.24
237.26,335.2,21.119,55.965
237.61,335.34,21.347,56.571
237.28,336,21.379,56.656
236.53,336.31,21.417,56.754
235.45,336.39,21.455,56.855
234.78,335.72,21.421,56.766
235.07,335.82,21.412,56.743
235.05,336.03,21.431,56.791
235.01,336.48,21.55,57.107
234.79,336.45,21.611,57.269
235.98,337.32,21.749,57.635
236.48,337.39,21.793,57.751
237.02,337.33,21.794,57.753
237.45,337.62,21.837,57.869
237.7,338.2,21.84,57.877
237.4,338.63,21.728,57.58
236.89,338.99,21.798,57.765
235.71,339.1,21.769,57.687
234.52,339.48,21.904,58.045
233.6,339.97,21.916,58.078
233.2,340.24,21.817,57.815
232.89,340.53,21.653,57.379
233.84,341.23,21.737,57.604
234.16,341.04,21.768,57.684
234.7,341.08,21.784,57.729
234.81,340.84,21.798,57.765
234.93,341.18,21.744,57.623
235.01,341.8,21.624,57.302
235.26,341.99,21.671,57.428
236.53,342.16,21.627,57.31
238,341.76,21.532,57.06
239.14,341.23,21.529,57.051
239.96,340.32,21.528,57.05
240.16,339.45,21.532,57.059
238.32,338.22,21.648,57.366
236.28,338.76,21.791,57.747
233.27,338.52,21.909,58.058
231.97,339.24,21.864,57.94
230.45,339.3,21.896,58.026
230.03,340.33,21.83,57.848
229.14,340.79,21.717,57.549
229.15,342.26,21.635,57.333
228.21,343.15,21.583,57.196
226.81,343.42,21.665,57.412
226.22,344.24,21.628,57.314
225.04,344.77,21.527,57.047
224.15,345.09,21.401,56.712
224.7,346.42,21.4,56.709
225.33,347.47,21.408,56.732
226.32,348.41,21.416,56.752
226.72,349.38,21.315,56.484
225.31,349.51,21.18,56.127
222.35,349.49,21.015,55.69
219.07,349.09,20.867,55.296
217.09,349.85,20.731,54.938
215.26,350.12,20.617,54.634
214.93,350.63,20.647,54.714
215.03,351.39,20.62,54.644
215.48,352.39,20.748,54.983
216.71,354.22,20.922,55.442
217.13,355.05,21.072,55.84
217.93,356.41,21.306,56.462
217.99,357.04,21.373,56.639
218.29,357.89,21.451,56.845
218.42,358.49,21.427,56.781
220.4,358.84,21.439,56.814
222.76,359.01,21.381,56.66
225.08,359.39,21.438,56.81
226.93,360.79,21.475,56.908
228.17,361.29,21.516,57.018
229.23,361.1,21.586,57.203
230.03,360.72,21.699,57.502
229.61,360.19,21.756,57.653
226.82,359.75,21.826,57.839
223.11,360.99,21.666,57.414
218.37,363.91,21.62,57.293
214.33,365.59,21.507,56.994
210.63,367.15,21.387,56.674
207.94,369.25,21.301,56.448
204.7,369.68,21.292,56.424
201.77,370.54,21.247,56.306
200.79,371.22,21.21,56.207
199.88,371.82,21.189,56.152
199.11,372.97,21.191,56.157
197.72,373.97,21.239,56.284
194.99,375.13,21.28,56.392
192.09,375.08,21.392,56.69
189.32,375.3,21.479,56.918
186.45,374.27,21.588,57.207
185.21,373.7,21.592,57.219
184.68,373.02,21.671,57.427
185.33,372.74,21.658,57.393
186.91,372.63,21.648,57.367
188.08,372.69,21.665,57.412
188.58,372.89,21.693,57.486
188.42,373.72,21.711,57.535
186.26,374.5,21.738,57.605
182.92,374.48,21.769,57.688
179.09,373.95,21.81,57.796
174.57,373.59,21.94,58.141
170.58,374.71,21.91,58.062
168.48,374.64,21.93,58.114
167.75,374.88,21.927,58.105
167.61,374.24,21.956,58.183
168.86,373.98,21.969,58.219
170.82,374.03,21.959,58.192
171.84,375.09,21.918,58.083
171.71,376.3,21.88,57.982
170.97,378.34,21.856,57.92
169.57,380.18,21.819,57.821
168.63,382.93,21.842,57.88
168.36,384.32,21.762,57.67
168.61,385.52,21.669,57.424
169.03,385.87,21.779,57.713
169.15,385.85,21.875,57.969
169.48,386.06,21.909,58.058
168.07,386.53,22,58.299
165.57,389.13,22.01,58.327
161.83,393,22.005,58.313
157.5,398.36,21.928,58.108
151.33,402.59,21.965,58.207
149.47,404.48,22.064,58.47
148.78,405.11,22.059,58.456
149.65,406.21,22.039,58.402
152.06,406.37,22.052,58.439
154.49,406.32,22.046,58.422
154.59,406.14,21.968,58.216
153.1,405.48,22.046,58.423
150.23,405.4,22.015,58.341
147.33,405.78,21.988,58.269
144.78,407.04,22.049,58.429
143.46,407.19,22.169,58.748
142.77,407.69,22.16,58.724
142.48,408.64,22.153,58.704
142.47,409.29,22.144,58.681
142.73,409.58,22.095,58.551
142.93,409.31,22.037,58.399
143.29,409.16,22.011,58.329
143.46,408.93,22.055,58.447
142.98,408.48,22.055,58.447
140.52,407.78,22.091,58.54
137.62,407.41,22.129,58.642
135.07,407.51,22.158,58.718
133.52,407.66,22.044,58.418
132.8,407.68,21.974,58.23
134.71,405.1,21.975,58.235
139.53,402.31,22.076,58.502
145.63,398.87,22.143,58.68
148.25,390.57,22.356,59.245
158.3,391.83,22.285,59.056
169.71,386.88,22.33,59.174
174.66,383.53,22.401,59.364
179.95,381.8,22.476,59.562
184.71,380.39,22.503,59.632
189.69,379.86,22.604,59.9
199.53,378.71,22.725,60.221
204.55,381.18,22.913,60.72
208.99,383.55,23.123,61.277
214.12,386.86,23.269,61.664
218.76,389.2,23.403,62.018
227.81,391.18,23.368,61.924
233.8,393.01,23.407,62.027
239.81,394.98,23.375,61.945
244.88,395.48,23.438,62.11
248.07,395.03,23.472,62.201
250.79,394.63,23.467,62.187
251.73,394.96,23.506,62.29
252.67,396.1,23.541,62.384
253.75,397.41,23.564,62.445
254.6,399.35,23.481,62.224
256.73,401.87,23.533,62.362
256.58,401.95,23.606,62.557
256.73,402.16,23.609,62.563
256.72,402.29,23.556,62.422
265.03,402.24,23.606,62.555
253.7,400.68,23.592,62.518
254.3,400.13,23.539,62.379
255.8,399.79,23.58,62.487
256.48,398.68,23.558,62.428
259.9,398.21,23.574,62.472
264.17,399.16,23.771,62.993
265.06,399.59,24.012,63.632
266.26,400.04,24.227,64.202
266.47,399.07,24.304,64.406
267.33,399.62,24.381,64.608
268.12,399.5,24.34,64.5
269.1,400.11,24.311,64.424
270.53,402.19,24.264,64.3
272.19,404.12,24.209,64.154
272.71,403.97,24.173,64.058
272.52,405.5,24.051,63.734
273.28,407.54,23.816,63.113
275.78,410.63,23.672,62.731
279.56,412.89,23.61,62.567
282.86,414.2,23.74,62.911
287.52,415.88,23.702,62.809
290.45,416.41,23.796,63.06
293.1,416.29,23.823,63.13
295.6,416.25,23.893,63.315
298.14,416.43,24.036,63.696
300.55,416.7,24.239,64.233
302.07,416.49,24.287,64.361
304.51,416.21,24.302,64.4
305.32,416.32,24.345,64.514
305.35,416.8,24.223,64.191
308.28,416.95,24.047,63.725
307.06,417.95,23.637,62.638
306.2,418.98,23.21,61.508
309.24,417.78,23.04,61.055
313.61,416.54,23.053,61.091
317.7,415.34,23.046,61.072
323.76,410.68,23.197,61.473
326.98,406.98,23.165,61.388
331.11,402.09,23.332,61.829
334.44,398.9,23.437,62.109
339.5,392.46,23.562,62.441
343.37,387.97,23.57,62.461
347.84,384.52,23.646,62.663
351.96,381.14,23.782,63.023
356.25,375.57,23.891,63.312
362.17,362.77,23.91,63.362
364.78,356.5,23.835,63.163
365.76,350.97,23.858,63.225
366.71,346.25,23.89,63.309
367.63,340.13,23.955,63.48
366.2,336.24,24.148,63.992
363.47,332.32,24.252,64.269
361.97,330.88,24.275,64.328
361.17,329.22,24.237,64.229
361.52,328.53,24.156,64.013
364.12,328.31,24.171,64.053
369.79,329.83,24.202,64.136
372.91,330.19,24.126,63.935
374.29,330.11,24.115,63.905
376.13,329.98,24.082,63.818
377.56,329.74,24.079,63.809
379.96,329.94,24.068,63.779
381.38,330.74,24.023,63.662
383.11,331.57,24.015,63.64
385.2,332.52,23.989,63.571
387.14,333.23,24.033,63.688
388.02,332.99,23.915,63.375
389.44,332.71,23.792,63.05
390.62,331.36,23.792,63.048
392.79,330.82,23.718,62.852
395.49,330.22,23.715,62.844
398.81,330.52,23.692,62.784
401.33,331.32,23.66,62.698
403.69,332.01,23.726,62.873
405.42,332.14,23.76,62.963
407.15,332.89,23.72,62.859
409.22,334.24,23.736,62.899
410.83,335.5,23.893,63.316
412.55,337.19,23.935,63.428
414.21,338.1,24.034,63.689
415.32,337.65,23.964,63.504
419.2,336.84,23.954,63.478
421.16,335.92,23.897,63.326
422.73,335.16,23.882,63.287
423.37,334.87,23.875,63.269
423.81,334.26,23.928,63.409
424.09,333.92,23.812,63.101
424.22,333.45,23.762,62.969
425.25,333.18,23.747,62.93
426.06,333.15,23.747,62.929
426.6,333.44,23.733,62.893
425.33,334.21,23.684,62.762
422.8,335.37,23.643,62.654
419.2,336.46,23.534,62.364
415.47,337.11,23.41,62.038
413.36,338.11,23.343,61.859
410.92,338.76,23.245,61.599
409.74,338.99,23.05,61.082
410.08,338.23,23.055,61.095
410.91,336.54,22.992,60.929
411.78,334.27,22.972,60.875
413.41,331.46,22.831,60.502
415,330.3,22.702,60.16
415.89,329.22,22.599,59.889
417.08,328.94,22.489,59.595
417.92,328.23,22.382,59.312
418.34,327.52,22.435,59.452
419.08,328.12,22.414,59.396
419.21,328.84,22.364,59.263
419.81,330.74,22.438,59.46
420.32,331.06,22.722,60.213
420.8,332.36,22.858,60.574
421.25,333.11,23.055,61.095
421.47,333.57,23.139,61.318
422.05,333.81,23.196,61.47
422.6,333.03,23.137,61.312
424.08,331.32,23.259,61.636
424.49,329.27,23.114,61.253
425.75,327.99,23.134,61.305
427.01,326.24,23.146,61.338
428.95,324.64,22.931,60.768
432.05,324.55,22.743,60.268
434.21,325.23,22.794,60.404
436.71,326.19,22.768,60.335
438.67,327.02,22.73,60.233
439.78,327.53,22.618,59.938
440.45,327.04,22.525,59.691
441.24,326.38,22.554,59.768
441.8,325.05,22.611,59.918
442.79,323.45,22.581,59.84
444.76,322.71,22.649,60.019
447.54,322.59,22.656,60.038
449.97,322.64,22.63,59.969
451.69,322.52,22.709,60.18
452.7,321.47,22.778,60.361
453.79,319.7,22.918,60.733
454.36,316.87,22.826,60.489
456.28,314.52,22.966,60.861
458.44,311.93,22.89,60.659
460.74,310.94,22.861,60.582
460.61,310.79,22.879,60.628
458.1,311.3,22.908,60.706
456.43,311.6,22.833,60.506
455.79,312.29,22.836,60.514
454.8,312.68,22.745,60.273
454.7,312.84,22.638,59.99
455.92,313.44,22.565,59.796
459.02,312.65,22.504,59.635
463.11,310.57,22.302,59.099
466.15,308.32,22.123,58.626
469.83,305.1,22.104,58.574
472.66,303.38,22.08,58.512
474.82,301.85,22.006,58.316
476.41,301.32,22.063,58.468
475.39,299.8,22.309,59.118
472.85,300.74,22.4,59.36
466.38,303.88,22.447,59.486
462.27,306.82,22.428,59.433
458.12,309.09,22.395,59.348
455.53,309.72,22.439,59.462
453.09,309.89,22.442,59.472
447.45,308.13,22.62,59.942
443.23,307.01,22.694,60.14
439.39,305.33,22.525,59.692
437.58,304.78,22.497,59.616
436.92,303.31,22.498,59.619
439.45,301.37,22.506,59.641
442.87,300.68,22.471,59.549
447.1,302.02,22.395,59.346
451.65,305.37,22.285,59.054
458.15,310.13,22.247,58.955
468.65,314.3,22.389,59.331
471.75,316.22,22.417,59.404
472.78,318.03,22.35,59.227
473.93,319.74,22.244,58.947
474.52,319.78,22.194,58.815
474.83,318.82,22.04,58.405
476.58,317.74,21.78,57.717
478.56,316.07,21.661,57.401
480.83,313.8,21.843,57.884
481.74,309.46,21.987,58.266
482.53,305.75,22.073,58.492
481.7,303.54,22.033,58.388
480.44,302.81,21.902,58.042
479.08,302.49,21.828,57.843
477.77,301.61,21.842,57.881
477.12,300.93,21.876,57.97
477.22,300.54,21.806,57.786
477.63,298.86,21.847,57.895
478.71,296.43,21.921,58.09
479.81,293.92,22.041,58.41
480.73,291.16,22.183,58.784
481.37,289.28,22.208,58.85
481.33,287.86,22.5,59.625
481.42,286.45,22.632,59.974
480.77,285.64,22.654,60.034
480.58,286.33,22.61,59.916
481.34,287.04,22.645,60.01
482.44,287.45,22.702,60.159
483.34,287.56,22.724,60.218
484.67,288.39,22.672,60.081
485.35,288.78,22.348,59.223
485.97,289.4,22.194,58.814
486.27,289.49,22.096,58.555
486.14,288.73,21.984,58.258
486.53,288.36,22.099,58.563
486.05,287.01,22.074,58.497
486.41,285.8,21.982,58.252
487.19,284.33,22.006,58.317
487.37,283.44,21.983,58.256
487.38,283.11,21.898,58.029
486.86,282.9,21.865,57.942
485.65,283.11,21.823,57.832
484.6,283.62,21.598,57.235
484.35,284.13,21.528,57.049
484.54,283.94,21.392,56.689
487.63,284.31,21.331,56.528
489.34,283.43,21.384,56.667
490.71,282.87,21.439,56.814
491.01,281.87,21.547,57.1
490.72,279.73,21.536,57.07
490.88,277.9,21.56,57.134
491.7,276.17,21.378,56.651
492.99,275.79,21.368,56.625
493.91,274.55,21.376,56.646
495.48,273.82,21.278,56.385
496.33,273.01,21.063,55.817
499.23,271.64,20.996,55.639
499.99,270.48,20.791,55.096
501.66,269.57,20.689,54.825
501.56,268.61,20.53,54.404
505.54,267.88,20.344,53.912
506.12,265.94,20.083,53.219
507.03,264.85,19.847,52.594
507.97,264.14,19.686,52.167
518.43,277.24,19.524,51.739
517.37,276.8,19.312,51.177
525.01,278.31,19.46,51.568
532.56,283.23,19.396,51.399
548.02,274.02,19.205,50.894
547.83,275.07,19.011,50.379
546.96,275.54,18.81,49.846
544.61,275.57,18.736,49.651
544.15,275.23,18.702,49.56
542.56,274.83,18.708,49.577
522.93,273.92,18.661,49.45
523.08,273.38,18.514,49.061
524.36,275.04,18.557,49.175
543.53,277.68,18.541,49.134
545.64,278.28,18.519,49.075
532.83,276.9,18.483,48.98
536.47,276.46,18.504,49.035
537.79,275.65,18.487,48.992
557.03,278.79,18.399,48.758
554.18,282.03,18.396,48.75
550.15,285.29,18.302,48.5
544.39,288.39,18.199,48.227
539.69,290.42,18.242,48.341
535.51,290.34,18.309,48.52
530.98,289.54,18.36,48.655
527.42,289.02,18.33,48.575
522.96,287.52,18.384,48.718
519.05,287.44,18.474,48.957
518.91,287.05,18.579,49.234
517.94,286.19,18.635,49.383
517.88,286.07,18.702,49.561
519.28,287.21,18.779,49.763
520.99,288.09,18.754,49.699
521.48,288.06,18.737,49.653
521.6,288.28,18.722,49.614
521.1,288.88,18.695,49.542
519.8,288.93,18.701,49.559
517.54,289.32,18.694,49.54
516.32,289.13,18.661,49.453
515.51,289.53,18.67,49.475
514.58,289.91,18.689,49.525
513.76,290.45,18.69,49.527
511.36,290.42,18.731,49.638
510.28,290.35,18.737,49.653
509.17,289.88,18.75,49.686
507.54,288.7,18.725,49.622
506.37,288.02,18.689,49.527
504.49,287.55,18.656,49.439
503.18,287.23,18.608,49.311
502.76,287.16,18.611,49.32
502.28,287.01,18.657,49.442
501.7,286.93,18.699,49.553
501.71,287.97,18.665,49.463
501.62,288.31,18.66,49.448
501.69,288.7,18.671,49.478
501.61,288.91,18.671,49.477
501.58,289.14,18.638,49.391
501.78,289.86,18.593,49.272
501.08,292.82,18.578,49.233
499.74,294.2,18.616,49.332
498.67,294.34,18.611,49.319
498.94,294.7,18.589,49.262
498.95,294.69,18.551,49.161
499.06,293.7,18.538,49.126
498.94,293.19,18.598,49.286
498.77,292.76,18.584,49.247
497.64,293.05,18.598,49.285
495.8,294.41,18.605,49.304
492.82,295.03,18.655,49.436
492.06,294.42,18.633,49.378
491.75,293.2,18.73,49.635
492.03,293.25,18.685,49.516
491.37,292.96,18.794,49.805
489.12,293.76,18.743,49.668
485.14,294.76,18.697,49.547
481.68,296.03,18.709,49.58
479.17,296.67,18.677,49.495
477.72,296.59,18.721,49.611
477.42,296.63,18.777,49.759
477.97,296.59,18.835,49.912
477.69,296.33,18.789,49.791
478.04,296.87,18.784,49.777
478.05,297.29,18.795,49.806
477.51,298.25,18.832,49.903
475.47,299.45,18.772,49.746
473.6,300.14,18.816,49.862
472.72,300.18,18.795,49.807
472.24,299.96,18.813,49.856
472.12,299.11,18.934,50.176
472.57,298.09,18.915,50.126
474.33,298.15,18.852,49.957
476.13,298.97,18.775,49.755
477.74,299.41,18.786,49.784
478.65,299.5,18.817,49.866
478.85,298.71,18.858,49.975
478.75,297.7,18.841,49.93
478.48,297.48,18.787,49.785
477.69,297.97,18.834,49.91
476.29,298.32,18.82,49.873
475.46,299.34,18.835,49.913
474.49,300.37,18.79,49.793
474.48,301.26,18.85,49.952
474.34,302.25,18.906,50.102
474.08,302.65,18.925,50.151
473.82,303.32,18.867,49.997
474.04,303.87,18.929,50.161
473.69,303.7,18.888,50.052
473.74,303.75,18.821,49.876
473.3,303.9,18.851,49.955
471.49,305.22,18.765,49.726
469.66,307.37,18.756,49.703
467.87,307.99,18.769,49.738
466.56,307.74,18.821,49.877
465.55,307.09,18.922,50.144
464.72,305.76,18.92,50.139
464.41,305.21,18.919,50.136
464.48,305,18.91,50.111
464.57,304.97,18.897,50.077
464.29,305.19,18.893,50.067
464.1,305.88,18.889,50.057
463.42,305.82,18.874,50.016
462.97,305.63,18.784,49.777
463.15,304.61,18.989,50.32
463.62,304.23,18.962,50.25
463.93,304.65,18.905,50.099
464.38,305.72,18.939,50.187
464.58,306.4,18.946,50.207
464.48,307.09,18.992,50.328
562.01,203.86,18.971,50.272
568.34,201.62,18.91,50.11
568.84,202.36,18.884,50.043
569.2,203.12,18.896,50.075
568.82,202.66,18.851,49.954
569.2,202.67,18.754,49.697
569.65,201.73,18.686,49.519
569.73,200.75,18.579,49.235
569.37,198.64,18.651,49.426
569.37,196.61,18.646,49.412
570.02,194.69,18.667,49.468
571.07,192.74,18.668,49.469
571.75,191.14,18.855,49.967
572.43,190.65,18.932,50.169
573.33,189.84,18.989,50.321
574.08,189.67,19.08,50.562
574.42,190.02,19.205,50.892
571.86,190.28,19.453,51.551
567.96,192.47,19.611,51.969
562.78,196.38,19.363,51.313
558.76,199.64,19.295,51.131
554.78,204.35,19.029,50.427
551.91,210.3,18.795,49.807
549.79,216.31,18.597,49.282
547.2,220.21,18.561,49.186
545.79,220.79,18.541,49.135
544.38,219.87,18.634,49.38
542.5,216.88,18.842,49.932
541.92,213.04,18.997,50.342
541.73,208.55,19.181,50.829
539.44,202.25,18.915,50.124
538.35,200.87,18.778,49.76
538.36,200.74,18.754,49.698
536.54,200.79,18.617,49.334
537.31,200.06,18.54,49.132
535.81,199.32,18.607,49.309
535.67,198.25,18.706,49.571
536.86,196.89,18.76,49.713
540.39,196.02,18.79,49.794
542.78,194.34,18.858,49.974
544.68,190.93,18.947,50.21
542.32,187.21,19.015,50.389
540.1,185.61,19.042,50.46
535.55,184.17,19.134,50.704
531.3,183.26,19.029,50.427
529.32,182.48,19.035,50.442
530.36,182.52,19.033,50.438
533.44,182.18,19.114,50.651
537.49,181,19.074,50.545
540.37,179.05,19.044,50.466
545.26,176.75,19.089,50.587
546.59,175.03,19.006,50.365
546.86,173.99,18.811,49.85
546.12,173.38,18.618,49.337
542.31,171.79,18.493,49.006
539.5,170.1,18.388,48.727
534.76,169.87,18.355,48.642
533.55,169.01,18.399,48.757
533.88,168.53,18.568,49.206
536.06,168.5,18.62,49.344
539.8,167.97,18.662,49.454
541.78,167.43,18.658,49.444
543.06,166.88,18.744,49.672
543.78,166.54,18.797,49.812
543.65,165.76,18.894,50.07
542.36,165.24,18.875,50.018
540.69,165.44,18.91,50.112
538.91,164.91,18.844,49.935
537.4,164.67,18.91,50.111
535.15,164.13,18.802,49.825
534.36,165,18.851,49.954
533.92,164.67,18.892,50.063
533.74,163.46,19.061,50.511
534.07,161.58,19.235,50.974
533.7,159.78,19.234,50.971
533.08,157.66,19.25,51.013
532.23,156.79,19.22,50.932
531.19,156.58,19.302,51.151
529.63,157.1,19.211,50.91
528.48,157.6,19.257,51.032
527.52,158.09,19.209,50.903
527.06,158.5,19.267,51.059
527.33,159.16,19.149,50.744
528.92,160.1,19.197,50.872
529.03,160.23,19.223,50.941
528.33,162.05,19.189,50.852
526.58,164.93,19.018,50.399
524.57,167,18.958,50.238
523.38,167.78,18.892,50.065
522.91,167.08,18.842,49.931
523.44,163.95,18.856,49.969
525.29,162.12,18.876,50.021
526.71,161.93,18.783,49.776
528.04,162.36,18.687,49.521
526.7,163.15,18.544,49.142
525.34,163.9,18.443,48.874
525.38,163.65,18.458,48.914
527.14,162.23,18.472,48.952
529.52,160.6,18.587,49.257
531.26,159.86,18.467,48.936
532.83,159.12,18.462,48.924
532.91,159.23,18.49,48.999
530.95,159.29,18.469,48.942
526.65,156.46,18.432,48.844
522.38,152.28,18.507,49.045
517.8,147.89,18.459,48.918
515,144.68,18.382,48.712
513.67,143.05,18.336,48.591
512.76,142.71,18.309,48.518
512.58,144.33,18.251,48.364
511.82,146.94,18.271,48.417
510.84,149.17,18.26,48.389
510.09,151.01,18.293,48.476
510.23,152.13,18.272,48.421
511.79,152.09,18.321,48.551
516.3,150.23,18.359,48.65
519.87,147.64,18.335,48.588
522.67,145.31,18.377,48.7
524.37,144.31,18.47,48.945
526,143.07,18.501,49.028
528.55,140.66,18.569,49.208
529.89,136.13,18.586,49.253
531.45,131.56,18.619,49.34
532.41,127.81,18.577,49.228
533.76,126.09,18.648,49.416
534.41,124.83,18.679,49.501
534.82,124.47,18.697,49.547
535.12,124.8,18.628,49.365
534.42,124.84,18.618,49.338
532.51,125.05,18.536,49.121
528.75,125.71,18.45,48.893
525.77,125.12,18.4,48.761
523.56,124.89,18.346,48.617
521.95,124.45,18.33,48.575
520.7,124.28,18.255,48.375
519.69,124.16,18.212,48.263
518.93,124.02,18.192,48.209
518.34,123.42,18.178,48.173
517.91,121.96,18.257,48.382
518.13,120.38,18.329,48.573
519.08,118.76,18.356,48.645
520.33,117.12,18.372,48.687
522.82,116.61,18.39,48.735
527.03,115.46,18.327,48.565
531.38,114.26,18.319,48.545
535.42,113.73,18.212,48.262
538.55,113.74,18.174,48.162
540.12,113.8,18.09,47.939
541.57,114.79,18.048,47.827
542.37,115.42,18.075,47.9
543.14,116.44,18.137,48.064
543.8,117.47,18.162,48.128
544.38,118.02,18.105,47.979
545.08,118.04,18.099,47.963
545.51,117.94,18.093,47.947
546,118.04,18.026,47.768
546.07,120.82,17.937,47.532
544.38,126.57,17.938,47.537
541.92,132.22,17.83,47.248
539.61,136.76,17.801,47.172
538.85,142.62,17.834,47.259
538.4,147.92,17.875,47.368
538,155.18,17.906,47.452
537.64,162.22,17.893,47.416
537.03,166.84,17.784,47.127
536.12,169.43,17.854,47.313
535.54,172.5,17.76,47.065
534.51,176.16,17.738,47.006
533.1,181.01,17.68,46.852
531.12,187.06,17.617,46.686
527.77,193.15,17.643,46.753
526.24,197.61,17.657,46.79
523.71,199.54,17.729,46.983
519.61,201.36,17.829,47.248
514.38,202.2,17.839,47.273
508.67,204.41,17.862,47.334
504.63,206.02,17.843,47.284
502.35,207.98,17.717,46.949
501.05,210.55,17.606,46.656
500.39,212.39,17.496,46.363
500,214.14,17.439,46.214
500.18,216.35,17.433,46.197
500.27,217.79,17.467,46.287
500.55,219.44,17.488,46.343
500.52,221.06,17.457,46.262
500.74,223.59,17.481,46.325
500.88,225.72,17.416,46.152
500.97,227.63,17.383,46.065
500.72,228.38,17.351,45.98
500.29,228.11,17.383,46.066
499.76,225.58,17.35,45.979
499.95,222.52,17.424,46.172
500.31,219.19,17.466,46.284
500.6,218.44,17.319,45.897
500.5,217.89,17.202,45.585
499.97,217.45,17.132,45.401
499.46,217.25,17.097,45.306
498.13,216.45,17.167,45.493
496.99,216.12,17.189,45.55
495.98,216.35,17.234,45.671
495.76,216.44,17.246,45.702
495.99,215.71,17.336,45.942
497.22,214.87,17.31,45.872
498.09,214.69,17.312,45.877
498.51,214.61,17.304,45.855
498.64,213.79,17.259,45.737
498.07,213.06,17.206,45.597
497.37,213.33,17.14,45.421
497.24,214.6,17.055,45.196
497.2,215.47,17.084,45.272
497.6,216.07,17.078,45.257
498.03,215.98,17.083,45.269
498.28,215.26,17.07,45.235
496.99,214.58,17.122,45.373
493.47,213.61,17.193,45.561
489.57,211.88,17.23,45.659
486.44,209.94,17.231,45.662
483.85,208.8,17.136,45.411
481.4,209.12,17.009,45.073
477.78,210.08,16.967,44.961
474.46,210.15,16.983,45.006
470.74,209.64,16.962,44.949
469.44,209.21,16.881,44.733
467.53,209.59,16.859,44.676
465.83,209.59,16.922,44.844
464.16,208.45,17.016,45.093
462.96,206.06,16.926,44.854
462.63,204.11,16.898,44.78
462.82,203.44,16.825,44.586
462.76,203.24,16.788,44.487
462.97,203.45,16.771,44.444
462.47,204,16.792,44.498
462.52,204.51,16.799,44.517
461.25,202.87,16.938,44.886
458.91,199.35,16.936,44.879
456.64,195.72,16.982,45.002
454.55,192.91,17.014,45.087
453.18,191.09,17.003,45.059
451.9,189.89,16.979,44.995
451.34,187.91,17.019,45.099
450.73,184.83,17,45.05
449.99,181.93,16.989,45.02
449.49,181.07,16.887,44.749
447.8,181.63,16.825,44.586
445.74,183.38,16.746,44.376
443.11,185.45,16.664,44.161
439.59,188.67,16.68,44.201
436.88,190.96,16.657,44.142
434.03,193.18,16.654,44.134
431.61,195.57,16.602,43.996
429.59,197.11,16.683,44.21
427.79,197.84,16.643,44.103
427.42,198.76,16.625,44.057
429.51,199.89,16.571,43.913
433.29,200.58,16.488,43.692
438.65,200.59,16.464,43.629
445.34,200.54,16.429,43.536
450.94,200.32,16.453,43.6
455.8,200.84,16.432,43.544
459.8,202.1,16.402,43.465
462.24,204.11,16.365,43.366
463.3,206.4,16.356,43.344
463.55,207.13,16.483,43.679
462.49,207.75,16.527,43.795
460.38,207.55,16.572,43.916
457.57,206.63,16.576,43.926
454.15,205.29,16.524,43.789
451.26,204.18,16.28,43.141
449.04,203.48,16.211,42.959
446.42,202.77,16.156,42.815
443.61,201.88,16.175,42.865
439.7,200.72,16.157,42.816
437.59,200.03,16.125,42.731
435.45,199.26,16.17,42.852
433.09,197.75,16.168,42.845
431.4,197.1,16.219,42.979
429.34,197,16.136,42.76
428.47,196.44,16.052,42.539
429.13,195.08,16.045,42.519
430.46,192.53,16.184,42.889
431.41,190.24,16.267,43.107
432.87,189.7,16.243,43.045
433.12,189.28,16.225,42.997
432.69,189.45,16.221,42.985
430.97,190.27,16.179,42.875
428.91,190.63,16.173,42.858
426.72,190.93,16.191,42.907
425.42,190.64,16.262,43.095
424.96,190.76,16.319,43.246
424.66,190.5,16.35,43.327
424.2,188.62,16.276,43.133
424.49,186.52,16.2,42.93
425.05,184.79,16.074,42.597
426.5,183.69,15.978,42.341
428.51,183.21,16.016,42.442
431.16,182.82,15.946,42.256
435.5,182.75,15.858,42.024
438.11,182.49,15.804,41.881
440.68,181.47,15.868,42.051
442.57,180.69,15.843,41.985
443.52,180.11,15.908,42.155
443.98,179.45,15.9,42.136
444,178.87,15.885,42.094
443.7,178.2,15.89,42.108
443.14,177.89,15.841,41.979
442.86,178.58,15.864,42.038
442.55,179.15,15.868,42.05
443.14,179.65,15.816,41.913
444.96,179.95,15.782,41.823
447.37,180.44,15.711,41.634
449.33,180.68,15.666,41.515
450.85,180.22,15.715,41.644
452.32,179.26,15.765,41.778
453.51,178.05,15.824,41.935
453.62,176.24,15.915,42.175
453.31,174.3,15.979,42.345
451.94,173.45,16,42.4
449.86,172.99,15.977,42.339
446.68,172.26,15.974,42.331
443.19,171.59,16.035,42.494
440.21,170.94,16.039,42.503
435.77,170.45,16.005,42.412
433.24,170.15,15.971,42.324
430.88,170.24,15.949,42.266
428.89,170.12,15.928,42.208
427.18,169.5,15.925,42.2
425.17,168.93,15.942,42.246
423.73,169.1,15.946,42.256
422.31,169.07,15.943,42.248
421.01,168.63,15.949,42.265
419.9,168.02,15.971,42.322
421.05,167.69,15.931,42.217
426.42,168.12,15.827,41.941
430.78,168.66,15.693,41.585
435.29,169.73,15.604,41.351
442.15,171.22,15.575,41.273
448.22,173.48,15.625,41.406
449.29,174.49,15.701,41.607
450.46,175.33,15.716,41.646
450.79,175.68,15.744,41.722
451.19,175.9,15.698,41.601
451.38,175.69,15.684,41.562
451.7,175.66,15.691,41.581
451.94,175.6,15.72,41.657
452.12,175.53,15.736,41.699
452.2,175.28,15.782,41.822
452.07,174.87,15.848,41.996
451.55,174.45,15.929,42.213
451.64,175.01,15.974,42.33
451.36,176.01,15.938,42.234
450.72,177.68,15.922,42.192
449.06,178.2,15.906,42.152
447.39,178.13,15.886,42.099
444.93,177.67,15.835,41.963
443.03,177.08,15.8,41.869
441.77,176.6,15.737,41.702
441.49,176.61,15.678,41.546
441.94,176.53,15.641,41.448
444.27,178.19,15.555,41.221
446.43,179.66,15.367,40.723
448.35,180.34,15.506,41.091
450.44,181.15,15.39,40.783
452.06,182.57,15.494,41.059
453.81,185.2,15.447,40.935
455.11,187.37,15.45,40.942
455.96,189.52,15.487,41.041
456.77,191.75,15.357,40.696
456.96,193.75,15.452,40.947
458.31,194.76,15.478,41.016
460.04,195.4,15.485,41.035
461.72,195.1,15.556,41.224
463.45,193.32,15.623,41.402
464.01,191.19,15.712,41.638
463.67,188.99,15.744,41.72
460.43,187.75,15.663,41.508
457.81,187.22,15.616,41.384
453.52,187.99,15.514,41.111
439.37,189.3,15.407,40.83
431.03,189.82,15.394,40.795
423.12,189.84,15.403,40.819
416.06,189.9,15.383,40.765
410.41,190.27,15.321,40.602
403.73,189.96,15.431,40.892
401.36,189.78,15.433,40.896
399.97,189.57,15.478,41.018
400.47,188.61,15.511,41.103
402.52,187.1,15.539,41.179
405.59,185.88,15.526,41.145
407.29,184.7,15.551,41.211
407.66,184.05,15.577,41.279
407.49,183,15.638,41.44
406.87,181.79,15.624,41.404
406.39,180.99,15.538,41.176
406.58,180.89,15.521,41.131
407.01,180.78,15.466,40.985
407.6,180.5,15.484,41.034
406.65,178.58,15.538,41.176
403.5,173.96,15.514,41.113
400.39,169.9,15.506,41.091
397.04,167.27,15.472,41.001
393.15,166.3,15.403,40.819
388.23,165.5,15.341,40.652
384.12,165.06,15.298,40.539
381.45,164.78,15.272,40.471
380.49,164.58,15.267,40.458
380.22,164.23,15.264,40.45
381.41,164.12,15.246,40.402
384.14,164.16,15.193,40.261
386.52,164.77,15.196,40.271
387.98,165.55,15.119,40.065
388.57,166.32,15.189,40.252
388.74,166.89,15.237,40.378
388.05,166.84,15.32,40.597
386.99,166.58,15.317,40.59
386.21,166.42,15.3,40.545
385.71,166.46,15.316,40.588
385.64,166.84,15.308,40.566
385.8,167.33,15.319,40.596
386.51,167.99,15.297,40.537
388.48,169.47,15.253,40.42
391.67,171.72,15.151,40.151
395.52,173.57,15.034,39.841
398.58,173.39,15.106,40.032
399.71,174.35,15.055,39.896
394.23,174.68,15.087,39.98
388.01,175.45,15.139,40.119
381.72,175.84,15.069,39.933
376.48,176.06,15.099,40.012
374.41,178.01,15.08,39.962
374.14,180.08,15.048,39.876
378.54,181.93,14.939,39.589
385.47,182.63,14.844,39.337
392.5,181.49,14.95,39.617
395.91,179.02,15.039,39.854
397.04,177.6,15.086,39.978
397.35,176.97,15.131,40.097
398.81,176.25,15.086,39.977
392.77,176.07,15.047,39.874
391.21,175.5,15.089,39.986
390.99,175.7,15.081,39.964
390.84,175.61,15.053,39.89
390.96,174.87,15.096,40.004
393.17,173.87,15.11,40.042
395.86,172.84,15.13,40.095
398.59,172.05,15.054,39.892
400.7,170.42,15.045,39.868
402.04,168.82,15.052,39.889
402.88,166.34,15.011,39.78
402.9,165.04,15.009,39.773
402.62,164.33,14.996,39.74
401.6,164.09,15.015,39.789
400.5,164.83,15.018,39.798
400.08,166.16,15.047,39.875
400.77,168.15,15.045,39.869
402.3,169.16,15.036,39.846
403.9,169.84,15.017,39.796
405.07,170.51,15.003,39.759
405.59,171.96,14.986,39.714
404.95,174.24,14.981,39.7
403.66,176.04,14.972,39.677
403.15,176.87,14.954,39.628
402.98,177.12,14.929,39.563
403.78,176.88,14.891,39.461
405.05,175.55,14.928,39.56
407.32,174.04,14.967,39.663
409.39,172.65,14.967,39.662
411.11,171.99,14.952,39.622
412.53,171.65,14.932,39.57
413.57,171.94,14.904,39.495
413.98,171.63,14.907,39.503
413.18,170.29,14.925,39.551
411.77,168,14.942,39.597
410.48,165.63,15.019,39.8
409.11,163.87,15.038,39.851
408.32,163.84,15.056,39.898
407.97,165.76,14.988,39.719
408.09,169.96,14.97,39.67
407.7,177.91,14.916,39.526
405.77,185.86,14.959,39.641
402.08,191.55,14.982,39.702
398.34,196.83,14.977,39.69
394.86,201.83,14.959,39.64
385.19,208.66,15.005,39.763
381.33,215.43,15.028,39.825
379.13,220.76,15.024,39.813
378.09,223.85,15.014,39.786
378.37,225.94,14.949,39.615
381.72,226.96,14.885,39.446
385.27,227.59,14.853,39.36
388.4,227.66,14.804,39.229
390.15,227.52,14.833,39.308
391.57,227.89,14.838,39.321
392.5,228.81,14.796,39.21
392.99,229.44,14.829,39.297
393.36,230.02,14.857,39.37
394.29,230.5,14.831,39.302
393.81,230.61,14.813,39.254
390.76,230.77,14.767,39.133
387.75,230.04,14.763,39.121
384.81,230.08,14.72,39.008
382.37,229.64,14.706,38.972
380.16,229.91,14.658,38.844
377.91,231.41,14.62,38.743
376.45,233,14.639,38.792
375.73,233.29,14.731,39.036
374.94,233.39,14.714,38.992
376.12,234.07,14.597,38.681
378.87,234.95,14.541,38.535
380.65,234.22,14.552,38.564
383.2,234.68,14.513,38.459
385.03,234.38,14.576,38.627
387.5,234.47,14.577,38.628
390.57,234.32,14.56,38.585
392.58,233.84,14.568,38.606
394.63,232.98,14.557,38.576
396.44,232.14,14.611,38.719
397.66,231.82,14.595,38.677
398.13,230.77,14.613,38.726
397.66,229.9,14.621,38.746
395.65,228.28,14.673,38.884
393.82,226.49,14.738,39.055
392.61,225.28,14.761,39.117
391.49,224.65,14.814,39.256
389.62,224.89,14.816,39.264
388.56,225.15,14.802,39.224
387.52,225.27,14.811,39.249
387.18,225.01,14.834,39.31
387.42,224.86,14.829,39.298
388.88,224.79,14.776,39.157
390.71,224.85,14.718,39.004
392.78,225.6,14.686,38.918
395.06,226.73,14.656,38.84
397.39,227.19,14.614,38.726
399.4,227.28,14.656,38.837
400.9,226.75,14.605,38.702
402.43,226.72,14.589,38.661
403.66,226.49,14.577,38.629
404.79,226.51,14.544,38.542
405.28,226.42,14.549,38.554
405.69,227.12,14.504,38.436
530.25,69.795,14.494,38.41
523.08,71.639,14.67,38.875
522.49,72.552,14.687,38.921
521.82,72.649,14.727,39.027
521.64,72.64,14.784,39.176
521.68,73,14.815,39.259
523.69,72.51,14.854,39.364
526.61,72.679,14.908,39.506
540.36,72.495,15.165,40.187
541.04,72.669,15.33,40.625
541.03,72.772,15.368,40.725
542.55,75.1,15.421,40.865
531.3,77.317,15.419,40.86
533.14,78.25,15.311,40.575
534.28,79.449,15.126,40.083
536.87,80.466,15.076,39.951
537.78,82.27,15.077,39.955
536.75,82.908,15.089,39.987
534.45,82.692,15.118,40.062
532.98,81.348,15.158,40.168
532.63,80.504,15.187,40.245
532.8,78.302,15.285,40.505
533.71,75.058,15.284,40.503
534.55,72.762,15.213,40.315
535.3,72.022,15.211,40.31
535.89,72.108,15.228,40.353
536.01,72.393,15.237,40.379
536.48,74.342,15.231,40.363
536.37,74.938,15.237,40.377
536.7,75.18,15.24,40.387
535.28,74.782,15.221,40.337
533.26,73.277,15.188,40.248
530.94,71.52,15.224,40.345
528.89,70.29,15.136,40.111
527.9,70.386,15.149,40.145
526.5,70.822,15.166,40.19
525.29,71.903,15.146,40.136
523.46,73.664,15.111,40.044
522.07,75.121,15.136,40.11
521.02,75.3,15.191,40.257
520.51,75.987,15.19,40.253
520.31,75.795,15.195,40.267
521.12,75.395,15.194,40.265
523.08,74.656,15.182,40.232
525.64,74.641,15.143,40.129
528.81,75.165,15.168,40.196
533.28,75.767,15.133,40.102
537.77,75.249,15.151,40.151
543.02,75.435,15.136,40.11
546.69,74.914,15.131,40.098
548.31,75.012,15.12,40.068
549.6,75.315,15.11,40.041
550.43,75.619,15.123,40.075
551.55,76.098,15.158,40.17
553.06,77.499,15.127,40.086
553.17,78.731,15.152,40.152
553.56,79.887,15.081,39.965
551.66,80.424,15.054,39.893
549.42,79.462,15.09,39.987
548.44,77.46,15.144,40.133
547.96,76.418,15.188,40.25
547.46,75.833,15.181,40.23
547.22,75.952,15.173,40.208
547.2,76.093,15.168,40.196
547.36,76.216,15.177,40.218
547.45,75.8,15.234,40.371
547.23,75.105,15.238,40.38
545.67,74.107,15.259,40.437
543.16,73.386,15.254,40.424
540.73,73.413,15.225,40.346
538.53,73.052,15.223,40.34
536.56,72.802,15.219,40.33
534.83,72.699,15.211,40.31
534.21,73.806,15.152,40.153
533.92,74.216,15.173,40.209
533.58,75.033,15.169,40.198
533.87,75.501,15.137,40.114
534.58,75.936,15.113,40.048
534.75,75.924,15.114,40.052
535.31,75.935,15.174,40.211
536.32,76.08,15.203,40.289
537.05,76.22,15.197,40.271
537.8,77.075,15.183,40.235
538.53,78.552,15.187,40.245
538.9,79.754,15.128,40.09
538.91,80.025,15.113,40.049
539.51,80.397,15.156,40.164
540.24,81.018,15.18,40.228
540.42,81.949,15.155,40.161
540.13,82.733,15.164,40.185
539.41,84.355,15.112,40.047
538.43,84.701,15.15,40.146
538.42,85.419,15.141,40.124
538.33,85.468,15.159,40.172
538.56,85.091,15.199,40.277
538.59,83.531,15.24,40.387
538.16,81.24,15.249,40.411
536.53,78.999,15.253,40.419
534.75,77.478,15.185,40.239
534.05,77.227,15.215,40.321
533.37,76.83,15.212,40.312
532.82,76.633,15.21,40.307
531.77,76.29,15.2,40.281
528.83,74.993,15.199,40.276
525.59,74.27,15.142,40.127
522.99,73.784,15.106,40.031
521.71,73.755,15.084,39.973
521.45,74.113,15.117,40.061
522.76,75.693,15.115,40.056
524.37,77.244,15.088,39.983
525.19,77.291,15.105,40.028
524.94,76.973,15.094,39.998
522.18,77.432,15.084,39.972
519.04,79.351,15.124,40.078
516.98,81.685,15.123,40.075
515.2,85.886,15.118,40.064
514.13,89.107,15.158,40.169
512.92,91.94,15.115,40.055
511.3,94.795,15.13,40.095
511.03,96.58,15.096,40.005
511.31,96.99,15.095,40.001
513.39,96.79,15.073,39.943
516.84,96.391,14.997,39.742
521.41,96.121,14.962,39.65
525.53,95.508,14.894,39.469
528.82,93.805,14.968,39.665
530.61,91.301,14.951,39.619
531.18,89.328,14.991,39.727
530.11,86.693,15.064,39.921
527.31,85.637,14.979,39.693
523.36,85.03,14.945,39.604
518.88,84.521,14.884,39.443
515.74,83.829,14.943,39.599
512.53,82.793,14.924,39.55
511.18,81.621,14.936,39.58
509.93,79.599,14.958,39.64
509.49,77.313,14.994,39.735
509.09,75.052,15.045,39.87
508.74,73.328,15.077,39.954
509.88,72.538,15.056,39.898
508.07,71.781,15.061,39.911
505.73,71.858,15.049,39.879
503.12,71.794,15.065,39.923
501.19,71.645,15.064,39.92
500.5,71.691,15.087,39.981
500.51,72.293,15.142,40.127
500.76,72.876,15.166,40.191
500.72,72.853,15.199,40.278
500.75,72.783,15.213,40.314
500.74,72.704,15.213,40.315
500.65,71.831,15.271,40.468
499.97,70.3,15.304,40.557
499.43,68.058,15.377,40.748
499.66,66.938,15.34,40.65
499.08,65.192,15.387,40.774
498.63,64.008,15.375,40.744
497.57,62.697,15.355,40.692
495.81,61.54,15.33,40.626
494.07,60.913,15.331,40.626
493.27,60.941,15.307,40.564
492.73,61.116,15.316,40.588
492.39,61.159,15.333,40.632
492.13,61.235,15.35,40.678
491.92,61.463,15.367,40.724
492.23,61.89,15.385,40.771
492.18,61.872,15.414,40.847
492.84,61.773,15.492,41.055
493.92,62.459,15.53,41.154
494.74,63.288,15.504,41.086
495.4,64.521,15.408,40.83
496.06,64.628,15.423,40.87
496.67,64.149,15.406,40.827
496.76,63.277,15.457,40.961
496.5,63.273,15.401,40.812
495.01,63.096,15.38,40.758
493.45,62.625,15.404,40.822
492.68,60.85,15.372,40.736
491.38,60.24,15.342,40.657
489.73,59.743,15.359,40.701
490.43,60.732,15.336,40.64
492.14,61.08,15.376,40.747
493.97,61.576,15.378,40.751
495.09,61.906,15.383,40.766
495.26,62.142,15.394,40.795
493.72,62.078,15.37,40.729
491.24,61.041,15.435,40.903
490.17,60.6,15.398,40.803
489.64,59.934,15.323,40.607
490.31,58.381,15.283,40.499
493.1,56.974,15.252,40.418
494.98,55.927,15.17,40.202
495.98,55.854,15.156,40.164
496.14,56.991,15.057,39.902
494.7,58.127,15.142,40.125
493.28,61.17,15.129,40.092
491.18,63.352,15.132,40.099
489.93,65.129,15.191,40.256
489.87,66.745,15.159,40.172
490.14,68.362,15.146,40.137
492.17,70.281,15.143,40.128
494.87,71.767,15.09,39.987
496.92,71.755,15.154,40.157
498.94,72.772,15.113,40.049
499.71,72.545,15.148,40.143
501.06,73.659,15.153,40.154
501.47,75.025,15.159,40.172
499.79,77.036,15.129,40.091
497.61,77.169,15.16,40.175
495.81,77.497,15.174,40.211
493.75,75.347,15.147,40.141
491.83,73.455,15.09,39.99
490.42,74.959,15.137,40.113
489.55,78.94,15.069,39.932
488.26,81.764,15.074,39.947
488.51,84.076,15.121,40.07
489.03,85.211,15.154,40.159
490.37,84.131,15.161,40.176
492.35,81.495,15.141,40.122
494.11,80.361,15.144,40.132
499.93,75.634,15.148,40.143
501.02,74.131,15.19,40.253
501.71,72.836,15.208,40.301
502.86,71.44,15.156,40.165
503.6,71.198,15.156,40.162
504.78,71.844,15.129,40.093
506.15,72.86,15.139,40.119
507.89,74.431,15.082,39.967
508.84,74.914,15.097,40.006
510.13,76.049,15.117,40.059
511.74,76.775,15.124,40.078
513.43,78.173,15.117,40.061
515.06,78.633,15.151,40.15
518.66,78.566,15.207,40.298
520.23,77.848,15.199,40.277
522.04,77.266,15.227,40.351
523.52,77.247,15.227,40.352
526.52,79.011,15.172,40.206
530.02,81.256,15.077,39.953
533.19,83.072,15.017,39.795
535.76,84.917,14.937,39.583
538.19,86.134,14.977,39.69
539.63,86.007,15.076,39.951
540.57,84.708,15.144,40.131
541.38,83.806,15.176,40.215
541.25,82.788,15.15,40.147
540.57,82.663,15.121,40.07
539.54,82.178,15.137,40.112
539.5,82.093,15.154,40.158
541.58,81.313,15.161,40.176
542.85,81.34,15.131,40.097
542.46,81.97,15.131,40.096
539.67,82.48,15.188,40.249
535.62,82.936,15.172,40.205
531.64,82.73,15.102,40.019
527.8,80.783,15.162,40.179
525.54,79.363,15.14,40.121
523.31,78.591,15.098,40.011
521.31,77.804,15.139,40.119
520.19,78.264,15.167,40.191
518.98,79.768,15.132,40.099
518.32,81.123,15.208,40.302
517.97,82.118,15.219,40.33
516.92,82.241,15.266,40.455
515.83,82.908,15.284,40.503
514.74,83.352,15.284,40.504
514.06,84.66,15.328,40.62
512.96,86.281,15.327,40.617
511.83,90.627,15.316,40.586
510.11,92.172,15.35,40.677
507.71,84.832,15.472,41
505.51,78.098,15.471,40.997
502.86,72.618,15.447,40.935
500.23,68.838,15.434,40.899
497.82,66.635,15.393,40.792
496.2,65.266,15.329,40.621
494.64,64.802,15.309,40.57
494.7,66.18,15.323,40.606
495.83,68.432,15.34,40.651
494.64,70.131,15.379,40.753
495.22,72.263,15.343,40.659
497.26,73.005,15.338,40.646
501.26,73.245,15.349,40.675
505.95,73.632,15.363,40.713
510.98,74.5,15.346,40.666
514.5,74.667,15.324,40.61
517.86,75.42,15.393,40.791
521.25,76.846,15.406,40.825
523.89,77.942,15.384,40.768
525.18,78.605,15.356,40.694
526.97,78.703,15.389,40.782
527.56,77.912,15.432,40.895
526.11,76.072,15.415,40.85
522.68,74.384,15.422,40.867
519.55,74.077,15.391,40.785
516.22,74.556,15.396,40.799
513.56,75.338,15.385,40.77
510.54,75.833,15.346,40.668
507.69,75.531,15.326,40.615
505.1,74.525,15.316,40.586
502.34,72.828,15.295,40.533
500.49,71.362,15.347,40.669
499.38,71.001,15.334,40.634
498.59,70.793,15.351,40.681
498.09,70.841,15.362,40.709
498.11,70.827,15.453,40.95
498.12,70.796,15.465,40.982
497.76,70.894,15.449,40.941
497.46,71.049,15.434,40.901
496.65,71.285,15.422,40.868
495.17,71.635,15.4,40.811
494.03,72.983,15.4,40.811
493.59,74.187,15.423,40.87
493.74,74.96,15.397,40.802
494.31,75.271,15.399,40.807
494.88,74.686,15.49,41.049
495.32,73.715,15.56,41.233
494.32,71.437,15.56,41.234
492.38,69.309,15.463,40.976
490.96,69.043,15.423,40.871
489.97,69.121,15.421,40.866
489.31,70.841,15.401,40.814
489.73,73.266,15.359,40.702
491.2,75.609,15.329,40.621
492.46,77.173,15.308,40.567
493.74,78.819,15.262,40.446
494.51,80.565,15.238,40.381
494.85,81.533,15.271,40.468
495.45,82.682,15.268,40.461
496.39,83.782,15.283,40.5
498.02,84.878,15.226,40.349
500.04,85.497,15.221,40.335
502.04,85.779,15.216,40.321
503.65,85.895,15.218,40.327
504.22,85.059,15.266,40.454
504.66,84.302,15.251,40.415
503.78,82.68,15.253,40.421
502.07,80.412,15.287,40.51
499.67,78.245,15.313,40.58
497.43,77.358,15.273,40.473
495.47,77.285,15.221,40.335
492.33,77.437,15.189,40.25
490.34,77.957,15.186,40.242
488.31,78.009,15.163,40.182
486.6,77.425,15.164,40.185
485.1,76.859,15.105,40.028
483.95,75.997,15.149,40.145
483.52,75.672,15.126,40.084
483.43,75.406,15.152,40.152
483.73,76.678,15.132,40.099
483.68,78.037,15.131,40.096
484.01,79.352,15.179,40.224
484.91,80.931,15.199,40.277
486.63,82.658,15.155,40.16
488.61,84.881,15.076,39.95
491.3,85.584,15.173,40.209
494.88,86.506,15.185,40.24
499.16,85.466,15.152,40.152
502.24,84.456,15.158,40.169
504.55,83.166,15.125,40.08
505.43,81.107,15.177,40.218
504.22,79.643,15.183,40.235
501.59,77.96,15.242,40.39
500.03,77.376,15.236,40.375
499.6,78.089,15.202,40.285
501.15,79.883,15.166,40.19
504,81.322,15.098,40.009
506.98,81.379,15.12,40.068
510.32,81.317,15.131,40.096
512.58,81.431,15.139,40.117
514.07,82.06,15.201,40.284
514.84,83.297,15.21,40.308
515.23,83.954,15.203,40.288
515.94,84.97,15.207,40.297
517.11,85.886,15.177,40.219
518.47,87.431,15.126,40.084
519.2,89.465,15.104,40.026
519.61,92.307,15.129,40.093
519.93,94.8,15.124,40.08
520.74,96.757,15.106,40.032
522.06,97.828,15.174,40.21
523.48,98.646,15.124,40.079
524.18,99.004,15.129,40.093
524.37,99.695,15.146,40.136
521.79,101.52,15.171,40.203
519.28,102.02,15.137,40.113
515.98,101.06,15.183,40.235
513.27,98.42,15.206,40.296
512.76,95.362,15.179,40.223
510.8,94.172,15.126,40.084
507.69,95.216,15.126,40.084
500.87,100.93,15.075,39.95
493.11,107.81,15.013,39.784
485.59,114.65,14.96,39.644
480.82,119.55,15.072,39.94
475.99,120.66,15.074,39.945
473.76,122,15.035,39.842
475.26,122.38,15.034,39.84
479.53,122.63,14.968,39.666
486.57,124.93,15.002,39.755
496.14,125.63,15.049,39.879
513.65,116.52,15.138,40.115
521.39,111.67,15.165,40.187
523.02,106.88,15.161,40.176
519.97,103.38,15.146,40.136
515.2,100.22,15.106,40.03
502.31,97.004,15.052,39.888
492.57,95.733,15.064,39.92
484.61,94.832,15.024,39.815
478.05,94.176,14.964,39.653
472.03,93.953,14.967,39.664
460.67,88.513,14.939,39.587
456.47,87.988,14.921,39.541
452.71,88.619,14.903,39.492
446.59,89.024,14.907,39.505
440.99,89.293,14.865,39.391
436.47,87.358,14.97,39.671
432.62,84.755,15.015,39.791
429.68,83.203,14.983,39.706
427.26,82.524,14.975,39.684
424.14,82.59,14.974,39.682
421.45,82.903,15.006,39.765
418.41,82.946,15.083,39.97
415.7,84.617,15.148,40.143
412.6,87.703,15.17,40.2
409.31,91.184,15.118,40.064
404.57,95.451,15.16,40.175
