220,120,14,31
219.72,120.1,14.009,31.02
219.49,119.99,14.036,31.079
219.41,120.33,14.147,31.324
218.86,120.11,14.14,31.31
218.83,120.91,14.188,31.416
217.91,120.19,14.104,31.23
218.35,121.15,14.154,31.341
216.77,120.82,14.159,31.352
217.11,121.41,14.157,31.348
215.73,121.75,14.229,31.506
216.21,121.82,14.011,31.025
215.5,122.25,14.191,31.424
215.53,122.98,14.055,31.123
215.64,122.85,14.031,31.068
215.48,123.46,14.01,31.022
214.5,123.05,14.068,31.15
213.78,123.57,14.129,31.286
213.75,124.23,14.13,31.288
213.41,123.96,14.261,31.579
212.62,123.73,14.344,31.762
213.06,125.21,14.545,32.208
212.58,124.07,14.556,32.23
212.54,124.76,14.551,32.22
212.55,125.51,14.574,32.271
212.37,124.7,14.54,32.195
212.61,125.88,14.631,32.398
212.8,126.47,14.448,31.993
213.45,126.84,14.494,32.093
213.02,127.2,14.456,32.01
213.27,127.12,14.551,32.22
212.91,126.78,14.507,32.122
212.69,126.93,14.384,31.85
213.52,126.85,14.387,31.857
213.47,128.3,14.368,31.814
213.67,128.31,14.362,31.801
213.36,128.66,14.469,32.037
213.46,128.46,14.528,32.169
213.39,127.64,14.51,32.128
213.21,127.93,14.646,32.43
214.2,129.29,14.57,32.261
213.81,128.14,14.583,32.29
213.82,128.61,14.468,32.035
214.22,129.4,14.583,32.291
213.51,128.47,14.507,32.122
214.43,129,14.552,32.222
214.07,129.13,14.485,32.073
213.8,129.21,14.442,31.978
214.4,129.68,14.529,32.171
214.1,129.05,14.545,32.208
214.6,128.83,14.686,32.519
215.11,129.49,14.729,32.613
215.53,129.56,14.682,32.509
214.66,129.29,14.736,32.629
215.1,129.11,14.804,32.78
215.34,128.59,14.857,32.897
215.41,128.26,14.888,32.967
215.19,128.03,14.908,33.011
215.45,128.21,14.964,33.135
217.22,130,14.906,33.007
216.42,128.64,14.913,33.022
216.72,129.14,14.919,33.036
216.34,128.9,14.867,32.921
216.76,129.54,14.867,32.919
216.56,130.42,14.797,32.765
216.22,129.12,14.747,32.654
216.67,129.86,14.72,32.595
216.66,130.06,14.68,32.506
216.77,130.34,14.684,32.514
216.92,130.19,14.703,32.557
216.71,130.21,14.789,32.746
216.88,129.89,14.797,32.766
216.95,130.22,14.774,32.713
217.77,130.88,14.859,32.901
217.55,130.6,14.864,32.913
219.01,131.19,14.861,32.908
219.6,129.98,14.795,32.761
222.51,131.74,14.892,32.976
221.6,131.89,14.891,32.972
223.09,131.81,14.894,32.98
223.7,132.91,14.83,32.838
224.09,133.38,14.759,32.68
226.18,134.34,14.794,32.757
225.73,133.62,14.806,32.784
226.59,133.35,14.809,32.79
226.64,134.29,14.736,32.63
227.88,135.63,14.749,32.659
229.78,136.35,14.729,32.615
230.21,136.53,14.744,32.648
231.34,137.72,14.829,32.836
231.04,138.07,14.824,32.825
231.41,138.03,14.734,32.625
232.72,139.22,14.774,32.714
232.37,138.47,14.795,32.761
232.14,138.1,14.803,32.778
232.4,138.26,14.77,32.705
233.26,139.11,14.807,32.786
232.99,138.29,14.81,32.793
233.86,138.91,14.805,32.781
234.47,139.18,14.85,32.883
235.29,139.26,14.889,32.968
235.85,140.33,14.934,33.069
237.03,140.69,14.955,33.115
238.45,141.65,14.941,33.084
238.24,141.56,14.941,33.085
238.09,141.39,14.985,33.181
238.82,141.63,14.971,33.151
238.88,141.59,14.966,33.138
239.76,142.29,14.907,33.009
239.38,141.68,14.913,33.021
240.6,141.91,14.846,32.872
241.12,141.9,14.815,32.805
241.43,142.69,14.879,32.946
242.01,143.07,14.911,33.017
242.4,143.05,14.953,33.109
243.82,144.36,15.026,33.272
245.08,144.41,15.054,33.333
245.56,144.4,15.125,33.49
246.34,144.25,15.081,33.393
247.3,145.16,15.061,33.348
248.12,145.61,15.079,33.389
249.1,146.25,15.061,33.349
249.51,146.31,15.056,33.337
250.33,146.66,15.063,33.353
250.77,146.61,15.1,33.436
250.92,146.98,15.098,33.432
251.43,147.43,15.096,33.426
252.23,147.54,15.16,33.567
252.23,147.94,15.106,33.448
252.82,147.67,15.124,33.489
253.01,147.9,15.189,33.632
253.85,148.56,15.175,33.602
254.47,148.57,15.182,33.616
255.16,149.39,15.155,33.558
255.31,150.18,15.113,33.465
255.84,150.26,15.142,33.529
256.41,150.9,15.165,33.579
257.21,151.55,15.207,33.674
257.85,151.84,15.235,33.734
258.48,152.38,15.253,33.775
259.35,152.86,15.278,33.829
260.61,153.45,15.309,33.898
261.09,154.09,15.264,33.799
261.14,154.04,15.253,33.774
262.05,154.61,15.271,33.815
262.58,155.18,15.241,33.748
262.36,154.49,15.366,34.025
263.81,155.76,15.382,34.06
264.22,155.62,15.427,34.16
265.08,156.43,15.46,34.233
266.14,156.72,15.481,34.278
267.38,157.38,15.497,34.314
268.05,157.97,15.531,34.39
268.63,158.21,15.563,34.461
269.2,159.04,15.691,34.743
270.05,159.53,15.756,34.889
269.88,159.32,15.785,34.953
270.62,159.98,15.795,34.974
271.64,160.13,15.844,35.084
273.21,160.85,15.787,34.957
275,161.61,15.799,34.983
276.42,162.33,15.748,34.871
277.74,162.83,15.756,34.887
278.02,162.86,15.751,34.876
279.08,163.59,15.649,34.651
281.26,164.84,15.546,34.423
282.41,164.51,15.5,34.321
284.26,164.94,15.497,34.315
285.33,165.1,15.523,34.372
286.62,165.28,15.506,34.335
287.74,166.07,15.554,34.441
288.46,166.32,15.588,34.517
289.21,166.93,15.617,34.582
289.89,167.94,15.696,34.754
290.13,167.92,15.76,34.897
290.38,167.77,15.779,34.939
291.58,168.48,15.793,34.97
292.54,168.8,15.79,34.963
293.47,169.85,15.827,35.046
293.63,170.15,15.86,35.119
294.02,170.94,15.959,35.337
293.9,174.33,16.048,35.536
293.22,173.72,16.117,35.687
292.79,174.34,16.169,35.802
292.64,174.56,16.2,35.871
292.97,174.94,16.298,36.088
293.37,176.39,16.34,36.181
292.74,176.38,16.382,36.273
292.18,177.66,16.372,36.252
291.07,178.96,16.361,36.227
289.89,179.89,16.305,36.104
288.69,180.85,16.35,36.203
287.12,182.19,16.332,36.165
286.6,181.78,16.353,36.211
285.6,182.56,16.382,36.275
285.64,183.43,16.373,36.255
284.1,185.54,16.423,36.366
283.46,187.19,16.337,36.174
282.79,187.83,16.311,36.117
281.64,189.1,16.385,36.282
280.03,189.99,16.456,36.438
278.64,190.13,16.426,36.372
278.1,191.39,16.464,36.457
278.09,191.99,16.486,36.505
277.89,192.45,16.537,36.617
277.82,193.96,16.64,36.845
277.69,194.55,16.739,37.065
276.6,195.8,16.851,37.313
276.56,196.6,17.012,37.67
276.79,197.33,17.065,37.787
277.3,198.65,17.121,37.91
278.48,198.96,17.189,38.062
279.91,199.91,17.297,38.301
281.5,201.2,17.322,38.356
282.85,201.08,17.362,38.444
284.08,203.79,17.476,38.696
285.02,206.34,17.622,39.02
285.8,205.6,17.705,39.204
286.56,205.95,17.754,39.312
289.41,207.04,17.891,39.616
292.04,208.92,18.032,39.929
293.7,209.9,18.124,40.131
295.27,210.86,18.19,40.279
296.67,212.3,18.299,40.519
297.3,213.57,18.38,40.699
298.12,214.51,18.426,40.801
298.87,215.95,18.579,41.139
300.38,216.79,18.655,41.307
301.63,218.06,18.802,41.634
303.35,219.28,18.866,41.775
303.93,220.24,18.957,41.976
304.22,221.76,19.045,42.172
304.36,222.68,19.175,42.459
303.88,223.67,19.333,42.809
303.18,225.65,19.459,43.089
302.76,226.97,19.483,43.142
302.41,228.33,19.567,43.327
302.14,230.88,19.686,43.591
301.31,231.72,19.81,43.865
300.18,234.3,20.043,44.38
298.62,235.21,20.1,44.508
296.28,236.69,20.183,44.691
293.92,239.22,20.299,44.949
291.14,240.65,20.447,45.276
288.72,242.83,20.606,45.629
286.91,244.72,20.839,46.144
285.01,246.81,20.965,46.423
281.39,250.45,20.89,46.256
278.01,252.51,20.913,46.308
273.74,254.45,21.028,46.563
267.54,256.34,21.119,46.764
263.78,258.74,21.244,47.04
259.45,260.53,21.435,47.462
255,263.81,21.532,47.677
250.19,265.65,21.541,47.698
245.96,268.78,21.648,47.935
241.39,272.06,21.585,47.796
233.22,274.29,21.574,47.77
226.52,277.22,21.654,47.949
219.04,280.02,21.821,48.318
212.77,282.95,22.008,48.731
206.12,286.03,22.062,48.852
199.81,288.86,22.074,48.879
194.68,291.91,22.173,49.098
187.56,294.68,22.373,49.54
179.98,297.7,22.546,49.924
169.31,301.73,22.765,50.409
160.79,305.26,23.138,51.234
151.83,307.03,23.51,52.057
142.92,310.05,23.757,52.604
134.85,313.85,23.951,53.034
126.18,317.41,24.036,53.223
117.41,321.65,24.254,53.705
109.01,325.13,24.466,54.176
99.183,329.47,24.606,54.486
87.699,333.07,24.842,55.007
75.922,338.24,24.842,55.006
63.012,343.28,24.851,55.026
52.232,346.57,25.128,55.64
39.437,351.39,25.496,56.455
