479.5,388.5,44,91
475.44,385.1,44.403,91.834
474.02,383.57,45.252,93.589
470.69,381.48,45.709,94.534
467.74,379.54,45.07,93.214
466.97,378.45,44.804,92.663
467.9,376.26,44.669,92.383
462.04,379.35,44.776,92.604
459.88,379.12,44.193,91.399
457.52,378.76,44.314,91.65
455.75,378.38,44.626,92.295
455.7,377.89,44.769,92.591
453.4,376.94,44.82,92.696
451.07,378,44.807,92.67
448.3,384.43,44.53,92.095
446.82,391.73,44.911,92.885
443.48,390.82,45.374,93.842
439.41,389.95,45.22,93.524
433.01,391.91,45.257,93.6
414.74,392.42,45.276,93.64
396.31,392.19,45.949,95.031
397.5,389.76,45.502,94.106
397.18,388.49,45.583,94.273
391.11,390.79,45.461,94.022
390.47,386.25,45.317,93.725
401.42,387.72,45.065,93.203
412.3,387.27,45.782,94.685
407.04,385.41,45.985,95.106
412.56,382.43,46.908,97.014
419.81,383.91,47.564,98.372
424.81,386.56,47.622,98.491
430.7,389.73,47.347,97.922
436.69,391.86,46.915,97.029
437.62,393.96,46.688,96.559
437.92,398.11,46.256,95.666
435.65,399.76,46.257,95.667
434.1,400.58,46.727,96.641
439.36,399.5,46.943,97.086
447.04,398.33,47.105,97.422
453.21,395.61,47.33,97.886
457.76,395.09,47.313,97.852
457.51,399.78,46.815,96.822
456.98,400.36,47.265,97.752
459.39,401.27,47.128,97.47
461.33,402.22,47.212,97.643
460.84,400.82,47.298,97.821
446.47,398.5,47.355,97.938
431.4,390.94,47.884,99.033
417.17,387.11,48.373,100.04
409.41,388.59,48.922,101.18
407.64,390.96,49.169,101.69
408.83,394.46,49.132,101.61
410.92,398.44,48.783,100.89
410.04,401.5,48.326,99.946
399.85,400.22,48.168,99.621
395.02,395.33,48.215,99.717
389.52,395.34,48.334,99.963
388.04,394.68,48.143,99.569
382.39,395.13,48.143,99.569
370.66,396.66,48.05,99.375
359.87,402.61,48.157,99.597
345.68,407.85,48.52,100.35
340.11,407.93,48.725,100.77
333.16,403.74,48.798,100.92
318.29,402.9,48.691,100.7
300.49,403.75,48.453,100.21
284.06,406.05,48.236,99.761
273.06,406.11,48.257,99.805
256.1,408.58,47.977,99.225
241.11,404.5,47.817,98.893
239.05,404.34,47.898,99.061
221.78,408.56,47.746,98.748
226.01,409.06,47.793,98.845
216.82,408.55,47.972,99.215
206.5,408.21,48.855,101.04
210.28,405.67,49.203,101.76
205.44,407.02,49.649,102.68
204.02,410.13,50.148,103.72
193.82,412.47,50.286,104
183.45,413.07,50.591,104.63
196.88,395.64,50.188,103.8
177.13,393.97,49.772,102.94
162.64,395.52,49.551,102.48
151.02,395.94,49.068,101.48
156,409.25,49.398,102.16
142.14,405.83,49.333,102.03
146.34,402.74,49.045,101.43
124.41,400.48,48.68,100.68
111.69,400.75,48.394,100.09
99.531,403.01,48.199,99.685
101.4,410.35,47.89,99.045
98.191,408.61,47.87,99.004
87.573,406.82,47.591,98.428
96.264,409.43,48.004,99.281
103.07,414.86,48.002,99.277
110.7,412.64,47.863,98.99
103.92,415.99,47.974,99.218
103.35,416.72,48.123,99.528
116.63,418.93,48.473,100.25
131.09,418.74,48.853,101.04
124.58,417.02,49.117,101.58
122.95,417.9,49.411,102.19
132.47,409.84,49.398,102.16
130.71,411.68,49.36,102.08
122,415.25,49.289,101.94
121.18,421.52,49.491,102.36
129.44,421.41,49.629,102.64
121.41,418.7,49.918,103.24
124.58,415.31,49.874,103.15
118.91,420.86,50.007,103.42
118.48,415.66,50.036,103.48
116.07,409.06,49.935,103.28
111.03,416.37,49.668,102.72
109.95,417.68,49.61,102.6
111.81,420.52,49.416,102.2
113.66,423.33,49.3,101.96
107.67,428.24,49.461,102.29
99.829,429.4,49.477,102.33
86.683,429.52,49.662,102.71
90.281,429.7,49.831,103.06
87.337,429.56,50.116,103.65
84.714,429.33,50.285,104
83.863,430.66,50.536,104.52
79.84,433.75,50.669,104.79
68.439,435.96,50.761,104.98
56.955,437.42,51.167,105.82
49.805,434.65,51.519,106.55
46.003,430.25,51.426,106.36
29.823,430.75,51.446,106.4
26.798,433.11,51.554,106.62
21.775,433.47,51.668,106.86
18.602,435.39,52.007,107.56
10.877,436.08,52.186,107.93
6.1422,438.22,52.516,108.61
-1.7733,438.46,52.797,109.19
-3.734,435.91,52.766,109.13
-2.3393,433.81,52.681,108.95
-13.014,433.99,52.176,107.91
-12.18,435.79,51.515,106.54
-19.222,439.13,51.285,106.07
-15.668,442.83,50.97,105.41
-28.979,447.39,50.796,105.05
-22.337,443.9,50.805,105.07
-19.799,447.64,50.4,104.24
-27.303,431.07,49.927,103.26
-18.83,427.15,49.435,102.24
-31.912,442.02,49.68,102.75
-23.167,440.39,49.906,103.21
-18.627,441.29,50.12,103.66
-17.076,441.8,50.607,104.66
-11.921,442.94,50.673,104.8
-10.044,440.67,50.586,104.62
-6.1113,437.11,50.47,104.38
4.9601,433.6,50.587,104.62
15.471,429.01,50.349,104.13
24.505,425.68,49.782,102.96
28.507,424.06,49.563,102.5
35.022,424.77,49.304,101.97
39.726,425.02,49.101,101.55
44.243,424.74,49.282,101.92
68.31,429.52,49.699,102.79
56.432,420.41,49.996,103.4
59.329,418.8,50.046,103.51
62.023,417.34,49.887,103.17
68.803,415.79,49.705,102.8
78.484,412.56,49.494,102.36
85.896,410.38,48.984,101.31
92.026,409.14,49.124,101.6
93.611,405.49,49.128,101.61
96.668,401.35,49.061,101.47
100.77,397.48,48.903,101.14
102.46,395.15,48.664,100.65
111.45,393.43,48.648,100.61
120.9,391.99,48.512,100.33
129.42,392.45,48.113,99.505
136.64,393.17,48.008,99.289
144.98,394.51,47.734,98.723
152.75,396.07,47.632,98.512
159.89,395.1,47.512,98.263
167.09,394.02,47.446,98.127
174.42,392.18,47.46,98.156
177.72,389.83,47.397,98.026
181.19,390.22,47.179,97.575
184.78,391.98,47.077,97.364
188.32,393.88,46.786,96.763
194.23,395.01,46.408,95.981
199.9,396.28,45.967,95.068
204.98,396.3,45.579,94.267
210.38,395.77,45.473,94.046
216.27,393.28,45.351,93.795
222.03,391.45,45.315,93.72
227.39,389.61,45.165,93.409
232.69,389.64,45.218,93.518
235.62,388.75,45.369,93.832
236.44,388.22,45.297,93.681
239.46,388.74,44.935,92.934
243.15,388.54,44.799,92.653
248.21,387.69,44.63,92.303
252.63,386.53,44.603,92.247
257.33,385.98,44.591,92.223
260.68,385.91,44.661,92.367
261.95,385.52,44.877,92.814
262.64,385.64,44.925,92.913
264.82,386.29,44.902,92.865
267.19,386.37,44.759,92.569
269.94,385.65,44.734,92.517
273.69,384.21,44.53,92.097
276.5,383.4,44.595,92.231
278.12,382.38,44.334,91.69
280.76,382.18,44.265,91.548
281.68,381.85,44.181,91.373
282.94,382.85,44.054,91.111
287.03,384.17,43.805,90.598
291.3,384.59,43.866,90.722
295.37,384.25,43.954,90.905
300.45,382.93,43.844,90.677
305.16,382.97,43.596,90.164
308.85,381.61,43.343,89.641
313.79,381.95,43.172,89.287
318.7,382.39,42.936,88.8
323.31,384.34,42.657,88.222
328.01,386.7,42.479,87.854
331.96,387.37,42.359,87.606
336.09,387.42,42.344,87.575
339.58,386.53,42.054,86.976
344.02,384.64,42.093,87.056
348.35,382.05,42.126,87.124
352.37,381.72,42.155,87.184
356.55,380.92,42.022,86.909
360.98,381.38,41.526,85.884
364.92,381.01,41.314,85.446
369.1,381.26,40.969,84.732
372.67,381.6,40.913,84.616
376.57,380.94,40.73,84.237
381.11,380.19,40.528,83.819
385.15,379.95,40.43,83.617
389.49,379.42,40.364,83.48
393.38,379.64,40.24,83.224
396.91,379.92,40.015,82.759
401.37,381.15,39.881,82.48
405.14,381.41,39.763,82.236
408.87,380.79,39.67,82.045
411.96,379.06,39.594,81.887
414.61,377.87,39.553,81.804
418.63,376.38,39.371,81.427
421.78,376.59,39.22,81.114
425.14,377.26,39.044,80.749
429.31,377.97,38.779,80.203
433.05,379.5,38.65,79.935
436.38,379.56,38.638,79.91
438.87,378.63,38.46,79.541
442.44,377.84,38.351,79.317
445.16,376.8,38.163,78.927
448.29,376.26,38.04,78.673
451.58,375.98,37.948,78.483
454.6,375.96,37.869,78.32
457.68,376.85,37.864,78.31
460.47,377.75,37.923,78.432
463.24,378.5,38.064,78.723
465.22,377.36,37.932,78.449
468.04,376.67,37.758,78.09
470.6,375.65,37.768,78.11
473.05,374.07,37.626,77.818
474.5,373.96,37.547,77.654
476.8,374.04,37.604,77.772
478.74,374.13,37.544,77.647
481.28,374.89,37.552,77.665
482.55,374.28,37.471,77.498
485,375.07,37.419,77.39
485.17,374.13,37.58,77.722
479.92,376.6,37.773,78.121
483.53,375.79,37.875,78.333
486.41,375.49,37.926,78.439
490.33,373.2,37.973,78.535
492.73,372.87,37.845,78.27
496.95,371.27,37.873,78.329
499.1,371.14,37.789,78.155
501.54,371.57,37.745,78.063
503.97,372.57,37.779,78.134
505.03,372.73,37.884,78.352
506.75,372.04,37.852,78.284
509.28,371.59,37.781,78.138
511.18,371.42,37.557,77.675
513.09,370,37.257,77.055
515.48,370.77,37.032,76.589
517.91,370.21,36.942,76.402
520.55,370.64,37.054,76.634
523.07,371.52,37.083,76.694
524.56,371.09,37.072,76.672
526.78,369.84,37.054,76.635
526.83,369.64,37.132,76.797
528.31,368.46,36.931,76.38
529.39,368.67,36.591,75.678
530.23,369.56,36.183,74.833
530.49,369.75,35.872,74.19
531.39,370.75,35.629,73.686
532.98,370.78,35.387,73.188
533.88,369.87,35.141,72.677
535.13,369.22,35.029,72.447
536.58,368.68,34.858,72.092
537.76,368.39,34.678,71.721
539.18,368.67,34.45,71.248
541.65,369.5,34.373,71.09
543.48,369.67,34.32,70.98
544.86,370.03,34.376,71.095
546.39,369.62,34.305,70.949
547.51,369.03,34.101,70.528
548.1,367.97,33.856,70.021
548.95,367.83,33.722,69.743
550.21,367.66,33.62,69.533
551.31,367.82,33.461,69.204
551.99,367.8,33.335,68.942
552.53,367.56,33.316,68.904
553.15,367.57,33.205,68.673
554.26,366.92,33.04,68.333
554.91,366.24,32.869,67.979
555.32,364.75,32.759,67.751
555.7,363.21,32.723,67.677
556.56,362.83,32.639,67.504
557.1,363.07,32.509,67.235
558.3,363.96,32.429,67.069
559.32,364.02,32.172,66.538
559.58,363.45,32.114,66.419
560.97,362.61,32.001,66.184
562.12,362.2,32.005,66.192
563.21,361.4,31.839,65.848
565.04,360.88,31.731,65.626
566.07,360.4,31.648,65.455
566.91,359.74,31.645,65.448
567.69,360.2,31.537,65.225
568.17,359.99,31.381,64.901
568.53,360.06,31.314,64.762
569.69,359.73,31.163,64.451
570.83,359.49,31.092,64.304
571.47,358.94,30.993,64.098
572.04,358.43,30.801,63.703
572.09,357.58,30.665,63.42
572.66,357.23,30.467,63.011
574.02,358.24,30.304,62.675
574.73,359.15,30.211,62.482
575.07,358.89,30.087,62.225
576.83,358.65,29.738,61.504
579.04,358.52,29.637,61.294
