74.5,88.5,69,47
138.15,88.64,68.775,46.847
194.04,89.536,67.806,46.187
246.67,91.445,67.378,45.895
304.71,93.1,67.584,46.035
298.38,93.455,69.813,47.554
293.85,95.871,71.116,48.441
289.58,98.315,73.451,50.032
286.28,101.51,74.618,50.827
285.57,104.77,75.006,51.091
285.41,108.5,75.795,51.628
283.4,110.86,77.543,52.819
284.5,114.02,78.085,53.188
284.98,116.84,78.923,53.759
285.19,120.14,80.613,54.91
285.87,123.04,82.922,56.483
283.62,126.06,84.168,57.332
282.76,128.61,86.776,59.108
283.29,131.15,88.384,60.203
284.71,134.4,90.099,61.372
285.7,137.83,92.373,62.921
286.18,140.63,94.171,64.146
286.39,143.09,95.1,64.778
289.55,145.91,98.107,66.827
294.91,149.35,99.101,67.503
296.93,151.52,100.85,68.698
303.36,153.78,103.21,70.302
309,156.26,105.13,71.61
313.75,159.66,108.35,73.807
323.09,161.25,108.8,74.11
318.03,161.68,108.34,73.795
341.75,166.91,108.4,73.835
351.04,171.68,108.11,73.639
361.97,175.12,105.22,71.674
370.45,178.83,104.62,71.265
377.4,182.77,104.87,71.434
383.62,185.96,105.78,72.054
387.53,189.3,106.85,72.783
391.29,191.53,108.28,73.753
393.6,194.59,109.32,74.466
396.91,197.97,110.52,75.284
395.43,200.14,112.87,76.88
394.3,202.69,115.32,78.551
392.35,205.77,116.02,79.025
388.66,209.36,116.12,79.094
383.84,213.06,116.36,79.258
375.5,216.81,117.55,80.07
365.39,222.37,120.61,82.154
350.74,227.28,121.89,83.024
330.67,232.79,123.47,84.102
310.81,238.72,123.45,84.087
287.26,245.16,123.24,83.944
258.7,254.16,122.46,83.416
223.78,259.87,122.35,83.342
178.77,264.22,122.22,83.25
149.25,269.14,121.83,82.984
159.48,269.36,120.87,82.331
177.23,271.72,120.86,82.324
183.57,274.32,121.68,82.885
201.71,278.94,121.19,82.551
239.66,272.03,119.83,81.624
288.66,332.46,119.04,81.084
255.65,284.14,118.07,80.424
303.72,220.45,116.79,79.553
293.57,208.9,117.1,79.767
305.54,272.41,115.84,78.905
264.89,272.71,115.41,78.61
233.82,276.37,115.29,78.528
222.42,266.28,114.69,78.123
267.15,267.87,113.97,77.634
216.01,210.7,113.39,77.233
242.97,208.2,113.49,77.302
287.27,209.2,112.57,76.675
287.72,197.86,113.56,77.354
250.12,241.54,112.22,76.442
268.35,238.71,111.46,75.92
256.84,233.81,110.86,75.516
244.61,231.93,110.47,75.247
233.49,230.5,109.72,74.74
224.9,227.32,108.51,73.913
210.66,225.82,108.03,73.585
200.44,224.56,107.48,73.214
186.97,221.69,107.86,73.47
178.67,218.02,107.42,73.172
165.07,215.27,107.3,73.087
153.57,212.18,107.4,73.16
111.91,233.44,107.71,73.368
125.04,233.29,107.76,73.401
136.9,238.94,107.78,73.413
142.87,244.98,108.2,73.704
164.55,234.53,109.04,74.274
179.78,238.58,108.43,73.857
183.93,251.25,108.49,73.899
218.66,240.36,108.9,74.179
231.58,246.69,108.68,74.03
258.49,247.5,108.49,73.897
275.03,255.35,107.69,73.355
301.55,260,106.93,72.837
