99.5,322.5,50,127
96.629,326.27,49.66,126.14
96.069,326.54,48.7,123.7
95.419,325.56,48.311,122.71
95.232,323.91,47.672,121.09
95.222,321.74,47.721,121.21
94.725,321.07,47.028,119.45
95.136,319.35,46.604,118.38
95.432,318.07,45.885,116.55
94.96,316.25,45.608,115.84
94.036,315.66,45.142,114.66
92.991,314.7,44.803,113.8
90.358,312.68,45.24,114.91
89.313,308.97,45.677,116.02
87.971,308.1,45.81,116.36
87.539,307.23,45.571,115.75
88.214,307.15,45.274,115
86.617,304.02,45.196,114.8
85.83,302.38,45.009,114.32
84.213,301.4,45.105,114.57
83.213,300.72,45.006,114.32
80.773,299.7,44.62,113.33
80.022,296.35,44.047,111.88
78.356,295.06,44.205,112.28
79.23,296.33,43.345,110.1
78.295,293.7,43.566,110.66
77.136,291.53,43.448,110.36
77.021,290.95,43.468,110.41
75.582,289.7,43.139,109.57
74.04,286.81,42.951,109.1
73.246,283.76,42.854,108.85
73.584,282.9,43.081,109.43
73.871,281.8,43.159,109.62
75.266,281.39,42.96,109.12
74.161,278.96,43.02,109.27
74.879,276.51,43.529,110.56
74.551,274.96,43.562,110.65
73.023,274.65,43.556,110.63
71.863,274.93,43.434,110.32
69.287,272.24,43.407,110.25
70.409,270.66,43.43,110.31
69.397,269.21,43.511,110.52
67.414,269.41,43.047,109.34
67.405,268.11,42.872,108.9
66.448,265.83,42.268,107.36
64.916,264.94,41.724,105.98
62.935,263.95,41.331,104.98
61.225,263.9,41.144,104.51
60.021,262.93,40.708,103.4
58.008,261.42,40.365,102.53
57.264,260.7,39.956,101.49
56.563,260.04,39.693,100.82
55.548,259.68,39.404,100.09
55.443,258.37,39.154,99.45
55.317,257.97,38.867,98.722
54.604,256.92,38.539,97.888
54.075,256.54,38.211,97.055
52.359,255.38,38.168,96.948
50.977,254.73,38.046,96.636
49.649,253.16,37.808,96.031
49.708,252.78,37.483,95.207
48.913,251.49,37.401,94.999
49.278,251.08,37.433,95.08
48.204,250.3,37.297,94.734
48.474,249.26,37.091,94.21
47.395,248.76,36.842,93.579
46.293,247.44,36.772,93.401
45.926,247.31,36.889,93.698
45.224,244.3,36.897,93.719
45.105,242.73,36.816,93.512
46.089,242.61,36.848,93.593
46.342,242.16,36.68,93.166
46.223,242.08,36.553,92.845
45.744,238.37,36.428,92.528
51.416,239.9,36.252,92.081
51.445,239.03,36.054,91.576
51.48,239.01,35.779,90.879
51.779,238.48,35.436,90.008
42.222,235.22,35.248,89.529
42.208,235.47,35.11,89.18
41.664,235.64,34.942,88.752
43.108,235.72,34.615,87.923
41.876,234.55,34.506,87.646
51.453,233.05,34.35,87.248
49.992,232.7,34.248,86.991
50.813,232.62,34.074,86.547
49.975,232.11,33.818,85.898
49.11,230.98,33.773,85.784
47.448,229.24,33.61,85.369
46.403,229.37,33.376,84.774
47.594,229.34,33.108,84.094
47.735,228.21,32.894,83.551
49.493,228.26,32.622,82.859
49.509,227.31,32.484,82.509
48.876,226.65,32.289,82.015
49.201,226.35,32.055,81.421
47.946,225.5,31.68,80.467
47.189,225.45,31.394,79.742
46.633,225.33,31.284,79.462
46.274,224.09,31.123,79.053
46.366,223.4,30.946,78.604
46.885,223.19,30.831,78.311
47.054,221.57,30.88,78.436
47.217,220.69,30.95,78.613
48.424,219.64,30.948,78.608
47.774,220.11,30.784,78.192
47.133,219.52,30.735,78.066
47.05,218.6,30.784,78.191
46.197,216.79,30.826,78.297
46.706,216.79,30.914,78.521
46.404,215.07,30.895,78.473
47.325,215.36,30.847,78.353
49.074,213.72,30.851,78.363
51.167,213.28,30.823,78.292
51.813,212.31,30.513,77.503
49.644,211.98,30.278,76.906
48.232,211.53,30.166,76.622
48.573,210.85,30.11,76.479
50.184,210.96,29.841,75.795
50.117,211.48,29.653,75.32
50.904,210.1,29.879,75.893
51.285,209.18,29.811,75.72
51.501,209,29.771,75.617
53.218,207.65,29.812,75.723
54.079,208.17,29.629,75.256
54.95,207.3,29.464,74.839
55.717,207.84,29.315,74.461
56.802,207.45,29.233,74.251
57.951,206.97,29.112,73.946
58.278,205.76,29.027,73.728
59.856,205.47,28.922,73.462
61.011,205.78,28.869,73.328
62.007,204.72,28.827,73.221
63.026,204,28.775,73.088
62.364,202.81,28.58,72.593
62.043,201.88,28.521,72.443
63.049,202.62,28.344,71.993
64.161,202.76,28.162,71.532
64.153,202.16,28.031,71.2
66.02,201.88,27.887,70.834
66.346,202.14,27.801,70.616
67.979,202.11,27.712,70.388
70.662,201.33,27.773,70.542
69.874,200.94,27.728,70.428
69.483,199.82,27.54,69.952
72.264,200.85,27.455,69.737
72.699,200.89,27.204,69.098
74.963,200.01,26.923,68.384
74.883,199.82,26.852,68.204
74.623,199.49,26.63,67.64
74.673,199.36,26.557,67.455
74.366,197.63,26.499,67.306
73.726,196.95,26.463,67.215
73.818,196.62,26.406,67.072
75.378,197.43,26.24,66.651
74.117,196.92,26.229,66.622
74.861,197.3,26.196,66.539
74.806,196.91,26.257,66.692
74.994,196.58,26.259,66.698
74.744,196.19,26.232,66.628
75.137,196.9,26.194,66.534
74.999,196.71,26.195,66.536
75.07,195.59,26.243,66.656
76.171,194.87,26.357,66.947
76.787,194.87,26.458,67.202
76.229,194.92,26.446,67.174
77.064,194.26,26.485,67.272
76.176,194.4,26.395,67.045
76.406,195.98,26.357,66.947
76.847,194.74,26.382,67.011
77.86,194.24,26.412,67.086
76.372,195.61,26.37,66.98
76.559,195.08,26.434,67.142
75.61,195.62,26.333,66.887
76.193,194.85,26.293,66.785
75.322,195.37,26.164,66.457
75.902,195.37,26.15,66.422
75.317,196.36,26.151,66.425
76.038,196.92,26.226,66.614
74.999,197.07,26.139,66.392
75.738,196.42,26.144,66.407
75.494,196.67,26.152,66.425
75.07,197.16,26.06,66.193
74.899,196.96,25.962,65.943
74.67,196.15,26.014,66.077
74.514,196.61,25.939,65.886
74.782,196.61,25.94,65.888
74.917,195.93,25.963,65.945
74.848,195.6,25.988,66.009
74.698,195.93,25.988,66.009
74.7,196.1,25.982,65.993
74.508,195.97,25.982,65.994
75.039,195.87,26.024,66.1
74.658,195.67,26.054,66.177
74.991,196.15,26.068,66.212
75.077,196.47,26.084,66.252
75.022,195.97,26.147,66.414
75.21,195.85,26.149,66.42
74.968,195.99,26.126,66.36
75.028,195.94,26.169,66.47
74.547,195.69,26.175,66.485
74.499,195.35,26.173,66.479
74.695,195.47,26.185,66.51
74.921,195.38,26.126,66.359
75.276,196.01,26.168,66.466
75.11,195.69,26.135,66.383
75.124,195.85,26.188,66.518
74.688,195.51,26.204,66.558
74.638,195.59,26.044,66.153
75.14,196.4,25.977,65.981
74.78,195.87,26.057,66.184
75.303,196.36,26.058,66.188
75.391,196.43,26.078,66.239
75.402,196.25,26.112,66.324
75.245,196.28,26.123,66.351
75.43,196.13,26.094,66.278
75.358,196.3,26.086,66.258
75.276,196.08,26.089,66.266
75.359,196.3,26.052,66.172
75.352,196.1,26.109,66.317
75.472,196.03,26.231,66.626
75.046,195.33,26.233,66.631
75.059,195.42,26.077,66.235
75.582,195.82,26.156,66.437
75.606,195.94,26.237,66.642
74.838,195.42,26.133,66.377
75.521,195.91,26.173,66.479
74.993,195.66,26.117,66.338
75.461,195.74,26.182,66.503
75.144,195.53,26.101,66.298
75.485,195.89,26.159,66.445
75.443,195.84,26.299,66.8
75.026,195.47,26.144,66.405
75.462,195.84,26.189,66.521
75.029,195.7,26.074,66.228
75.338,196.03,26.111,66.323
75.432,195.88,26.228,66.619
74.744,195.52,26.15,66.421
75.208,196.05,26.111,66.322
75.365,196.23,26.104,66.303
75.218,196.1,26.111,66.321
75.088,196,26.123,66.352
75.098,195.94,26.202,66.552
74.628,195.44,26.187,66.516
74.71,195.42,26.144,66.406
75.126,195.79,26.219,66.595
74.604,195.49,26.183,66.504
74.71,195.57,26.158,66.441
75.229,195.93,26.146,66.41
75.217,196.12,26.194,66.534
74.759,195.66,26.132,66.375
75.132,196.07,26.143,66.403
75.394,195.93,26.172,66.476
74.79,195.69,26.137,66.388
75.211,196.26,26.065,66.205
75.255,196.26,26.058,66.187
75.104,196.17,26.082,66.248
75.268,196.25,26.078,66.237
74.55,196.35,26.107,66.313
74.613,196.09,26.194,66.532
74.249,195.49,26.216,66.588
74.041,195.77,26.089,66.265
74.759,195.94,26.136,66.385
74.666,196.11,26.131,66.372
74.813,196.01,26.23,66.625
74.148,195.73,26.136,66.384
74.681,195.94,26.163,66.455
74.557,195.89,26.223,66.605
74.475,195.78,25.994,66.025
74.784,195.57,26.061,66.194
75.295,196.18,26.086,66.258
75.462,196.14,26.025,66.102
75.114,196.09,25.968,65.958
74.9,195.7,26.003,66.048
74.909,195.86,25.973,65.972
74.943,195.77,25.998,66.035
75.021,195.68,26.011,66.068
75.119,195.68,26.017,66.082
74.97,195.6,25.964,65.949
75.064,195.62,26.021,66.092
75.255,195.6,26.049,66.165
75.466,195.77,26.173,66.48
75.174,195.69,26.041,66.145
75.453,196.04,26.042,66.146
75.439,196.05,26.143,66.404
75.395,195.91,26.144,66.406
75.429,195.96,26.051,66.169
75.458,196.02,26.122,66.35
75.411,196.03,26.074,66.228
75.445,195.98,26.045,66.155
75.542,196.09,26.12,66.345
75.398,196,26.233,66.632
74.891,195.62,26.09,66.269
74.636,196.11,26.116,66.333
74.843,195.87,26.166,66.461
74.922,196.2,26.134,66.381
74.836,196.22,26.037,66.133
74.916,195.89,26.082,66.248
74.975,196.02,26.081,66.245
74.689,195.99,26.141,66.399
74.918,195.96,26.135,66.382
74.87,196.11,26.092,66.274
74.827,195.94,26.128,66.366
74.813,195.95,26.135,66.382
74.946,196.21,26.07,66.219
74.929,196.09,26.023,66.099
74.435,195.4,26.127,66.362
75.01,196.26,26.027,66.109
74.925,195.9,26.05,66.168
75.009,196.05,26.058,66.187
75.61,196,26.093,66.275
75.548,195.96,26.056,66.183
75.543,196.17,26.087,66.261
75.315,195.98,26.02,66.091
74.913,195.77,25.957,65.931
74.824,195.58,26.058,66.187
75.312,195.86,26.004,66.051
74.886,195.81,25.947,65.906
74.875,195.55,25.956,65.928
74.909,195.51,26.032,66.122
75.253,196.06,26.064,66.203
75.412,195.99,26.003,66.047
74.905,195.74,25.971,65.967
74.724,195.59,26.06,66.191
75.03,195.65,26.169,66.469
74.846,195.45,26.087,66.261
75.227,195.91,26.055,66.181
75.369,196,26.086,66.259
74.698,196.02,26.202,66.554
74.224,195.34,26.247,66.667
74.383,195.56,26.036,66.132
74.8,196.14,26.063,66.199
75.294,196.07,26.07,66.217
75.179,196.3,25.977,65.982
74.299,195.56,26.016,66.08
74.374,195.77,25.967,65.956
74.379,195.68,26.04,66.142
74.858,195.98,25.952,65.919
