623.5,294.5,96,72
621.5,292.61,97.346,73.01
619.47,293.51,100.47,75.355
617.72,293.67,102.46,76.846
616.22,292.97,104.38,78.285
615.24,292.78,104.58,78.438
614.67,291.21,104.32,78.243
617.4,290.64,101.62,76.211
619.86,290.79,102.4,76.801
621.25,290.82,100.44,75.328
623.24,289.62,99.062,74.297
624.52,290.81,96.961,72.72
624.87,291.77,98.186,73.64
624.34,292.68,96.795,72.596
625.87,294.1,95.619,71.714
625.51,293.74,96.163,72.122
626.07,294.22,95.999,71.999
626.93,294.53,95.414,71.56
627.65,295.05,94.874,71.155
628.32,295.39,95.199,71.399
628.39,295.3,96.462,72.347
628.37,295.59,95.226,71.42
629.46,296.47,94.997,71.248
629.41,296,94.688,71.016
629.82,296.64,95.397,71.548
630.5,296.48,94.674,71.006
631.32,296.84,94.463,70.848
631.36,296.97,94.365,70.774
631.92,297.15,94.647,70.985
632.34,297.69,94.107,70.581
631.88,297.66,94.478,70.858
631.5,297.15,94.978,71.234
631.59,297.33,94.733,71.049
632.36,297.61,94.9,71.175
631.73,297.44,94.884,71.163
631.97,297.6,95.11,71.332
631.8,297.67,94.851,71.138
632.15,298.08,95.133,71.35
632.07,297.96,94.654,70.99
632.23,298.07,95.011,71.258
631.82,298.02,94.475,70.856
631.79,298.16,94.374,70.78
631.6,298.63,94.508,70.881
631.49,298.69,93.734,70.301
631.88,299.13,93.89,70.417
631.13,298.63,93.914,70.435
630.96,298.59,94.071,70.553
630.99,298.73,94.069,70.552
630.99,298.94,93.94,70.455
630.61,298.47,94.073,70.555
630.78,298.83,94.182,70.637
630.99,298.96,94.167,70.625
630.81,298.75,94.296,70.722
630.42,298.73,94.48,70.86
630.32,298.59,93.541,70.156
630.58,298.63,93.576,70.182
630.6,298.65,93.559,70.17
630.56,298.43,93.642,70.232
630.68,298.62,93.591,70.193
630.3,298.45,93.687,70.265
630.47,298.37,93.745,70.309
630.38,298.33,93.7,70.275
630.36,298.32,93.624,70.218
630.37,298.31,93.703,70.277
630.25,298.3,93.71,70.283
630.28,298.16,93.781,70.336
630.31,298.17,93.959,70.469
629.89,297.68,93.975,70.481
629.77,297.5,94.323,70.742
630.44,298.03,94.009,70.507
630.08,297.46,93.909,70.432
630.36,297.36,93.822,70.367
630.66,297.29,94.271,70.703
631.15,297.6,94.321,70.741
631.29,297.54,94.545,70.909
631.8,297.56,93.125,69.843
632.29,298.14,93.469,70.101
632.09,297.83,93.545,70.159
632.62,298.34,93.227,69.921
633.1,298.38,93.488,70.116
633.13,298.1,93.078,69.808
634.22,298.77,92.443,69.332
634.31,298.6,92.128,69.096
634.88,298.97,92.45,69.337
634.69,298.62,92.054,69.04
635.06,299.08,92.071,69.054
635.22,299.05,92.087,69.065
635.23,298.94,92.575,69.431
635.54,299.2,91.344,68.508
635.43,298.83,91.07,68.302
635.91,299.33,90.813,68.11
635.69,299.1,90.422,67.816
635.92,299.43,90.405,67.804
636,299.26,90.485,67.864
636.26,299.47,90.065,67.548
636.37,299.52,90.201,67.651
635.97,299.18,90.28,67.71
635.78,299.08,90.183,67.637
635.96,299.13,90.203,67.652
636.03,299.08,90.252,67.689
635.94,299.09,90.231,67.673
635.96,298.99,90.231,67.673
635.85,298.94,90.423,67.817
635.73,299.07,90.514,67.886
635.69,299.15,90.407,67.805
635.53,299.08,90.598,67.948
635.67,299.17,90.555,67.916
635.56,299.12,90.676,68.007
635.23,298.82,90.722,68.041
635.2,298.66,90.775,68.081
635.21,298.65,90.669,68.002
635.22,298.72,90.415,67.812
635.24,298.95,90.424,67.818
635.16,298.91,90.368,67.776
635.1,298.94,90.292,67.719
635.06,298.7,89.93,67.448
635.26,298.97,90.029,67.522
635.44,299.08,90.014,67.51
635.17,299.02,90.051,67.538
635.28,298.91,90.265,67.699
635.39,298.82,89.553,67.165
635.61,298.93,89.203,66.902
635.66,298.89,89.096,66.822
635.74,298.93,88.992,66.744
635.34,298.65,90.469,67.852
635.62,298.85,89.513,67.135
635.21,298.54,90.891,68.168
635.27,298.47,90.876,68.157
635.72,298.67,90.125,67.593
635.83,298.62,89.767,67.325
635.64,298.32,89.884,67.413
636.26,298.84,89.594,67.195
636.48,298.74,89.338,67.004
636.68,299,89.073,66.805
636.82,298.9,88.777,66.582
636.74,299.08,89.193,66.895
637.05,299.04,88.639,66.479
637.24,299.15,88.313,66.234
637.28,299.17,88.395,66.296
637.26,299.32,88.288,66.216
637.21,299.33,88.349,66.262
638.09,299.13,88.608,66.456
638.64,298.89,89.772,67.329
638.49,298.74,90.252,67.689
638.81,299.07,90.418,67.814
639.05,299.32,90.477,67.857
638.6,299.3,91.697,68.773
638.5,299.39,92.275,69.206
638.56,299.76,92.452,69.339
638.68,299.84,92.141,69.106
638.98,300.25,92.448,69.336
638.77,300.18,90.928,68.196
638.54,300.88,90.553,67.915
637.54,300.34,91.156,68.367
636.72,299.75,90.53,67.897
636.33,299.46,90.149,67.612
636.22,299.63,89.896,67.422
636.34,299.82,89.234,66.926
636.11,299.39,89.537,67.153
635.98,299.52,90.021,67.516
635.59,299.49,90.343,67.757
634.67,298.98,90.557,67.918
634.85,299.33,90.377,67.783
634.2,299.34,90.38,67.785
633.99,299.17,90.285,67.713
633.3,298.59,90.589,67.942
633.63,299.05,90.713,68.034
633.14,298.88,90.739,68.054
633.19,299.06,90.305,67.729
633.23,299.05,89.813,67.359
633.43,299.1,89.743,67.307
633.34,299.1,90.45,67.838
633.34,299.47,90.106,67.58
633.54,299.66,89.813,67.36
633.23,299.9,90.405,67.804
632.98,300.13,90.521,67.891
633.05,300.32,90.222,67.667
633.12,300.4,89.965,67.474
633.55,300.69,89.457,67.093
633.67,300.81,89.257,66.943
633.4,300.48,89.228,66.921
633.85,300.79,89.104,66.828
633.84,300.63,89.384,67.038
633.97,300.94,89.125,66.844
634.13,300.84,88.932,66.699
634.68,301.2,88.487,66.365
635.37,301.42,87.711,65.783
636.2,301.74,87.084,65.313
637.07,301.82,86.958,65.219
637.56,301.65,87.199,65.399
637.64,301.41,88.043,66.033
637.64,301.01,88.656,66.492
637.79,300.99,89.114,66.835
637.89,300.75,89.921,67.44
637.53,300.57,91.065,68.299
637.14,300.01,91.409,68.557
636.29,299.74,91.296,68.472
636.53,299.61,90.198,67.648
636.87,300.04,89.205,66.904
636.8,300.06,89.341,67.006
636.74,300.27,89.488,67.116
636.86,300.32,89.483,67.112
637.01,300.7,89.39,67.042
637.4,300.94,89.076,66.807
637.58,301.07,88.68,66.51
637.81,301.39,88.243,66.182
637.71,301.72,88.31,66.233
637.78,301.56,88.415,66.311
637.8,301.61,88.357,66.268
637.84,301.63,88.288,66.216
638.06,301.96,88.155,66.116
637.97,301.79,88.279,66.209
637.93,301.84,88.484,66.363
638.15,301.99,88.573,66.429
638.03,301.7,88.545,66.409
638.05,301.7,88.664,66.498
637.98,301.61,89.052,66.789
638.09,301.79,88.646,66.485
638.17,301.82,88.579,66.434
638.25,301.98,88.45,66.337
638.35,302.32,88.249,66.187
638.36,302.14,88.252,66.189
638.23,301.98,88.573,66.429
638.41,302.08,88.163,66.122
638.33,301.98,88.344,66.258
638.57,302.28,87.81,65.857
638.45,302.18,88.105,66.079
638.68,302.27,87.532,65.649
638.63,302.2,87.916,65.937
638.54,302.31,88.034,66.025
638.69,302.23,87.667,65.75
638.68,302.28,87.762,65.822
638.21,302.29,88.595,66.446
638.78,302.65,87.276,65.457
638.94,302.86,87.002,65.251
638.84,302.54,87.366,65.524
638.87,302.71,87.059,65.294
638.82,302.53,87.202,65.401
638.66,302.62,87.217,65.413
638.58,302.54,87.242,65.432
638.48,302.57,87.256,65.442
638.49,302.63,87.197,65.397
638.08,302.56,87.449,65.587
637.69,302.29,87.187,65.39
637.84,302.49,87.514,65.636
637.53,302.34,87.375,65.531
637.36,302.44,87.261,65.446
636.84,302.27,87.654,65.741
636.44,301.86,88.215,66.161
636.82,302.39,87.236,65.427
636.61,302.49,87.261,65.446
636.4,302.39,87.39,65.542
636.37,302.35,87.309,65.481
636.18,302.25,87.463,65.597
636.06,302.08,87.425,65.568
635.85,302.08,87.771,65.828
635.47,301.9,88.284,66.213
635.54,302.11,88.155,66.116
635.72,301.93,88.149,66.112
635.54,301.68,88.615,66.462
635.25,301.49,89.179,66.885
635.37,301.61,89.215,66.911
635.47,301.74,89.313,66.985
635.71,301.81,89.385,67.039
635.58,301.67,89.887,67.416
635.62,301.83,89.73,67.297
635.51,301.48,90.155,67.616
635.66,301.78,89.806,67.354
635.61,301.87,89.968,67.476
636.08,302.63,89.444,67.083
636.59,302.97,88.473,66.355
637.02,303.05,88.46,66.345
636.78,302.45,88.839,66.629
636.68,302.49,88.873,66.655
636.79,302.56,88.948,66.711
636.88,303,88.404,66.303
636.87,302.63,88.442,66.331
636.82,302.43,87.809,65.857
636.66,302.07,87.974,65.981
636.65,302,88.139,66.104
635.73,301.59,88.878,66.659
635.29,301.28,88.112,66.084
635.92,301.53,87.318,65.488
636.1,301.71,87.214,65.41
636.17,301.94,86.755,65.066
635.62,301.87,86.988,65.241
635.22,301.78,86.746,65.059
634.97,301.15,86.685,65.014
634.78,301.08,86.899,65.174
634.68,301.26,87.229,65.422
634.48,301.62,87.871,65.903
634,301.1,89.626,67.219
633.73,300.38,91.177,68.383
633.45,299.74,91.301,68.476
633.44,299.73,91.589,68.692
633.03,299.86,91.845,68.884
631.56,299.32,92.196,69.147
631.34,299.59,93.561,70.17
631.03,299.36,93.517,70.138
630.54,298.97,93.087,69.815
631.54,299.31,93.25,69.937
631.53,298.47,93.738,70.303
630.45,296.79,94.634,70.975
628.88,295.46,95.844,71.883
628.68,295.86,96.39,72.293
628.31,296.76,96.524,72.393
628.63,296.63,96.649,72.487
628.45,296.47,97.511,73.133
628.42,296.4,98.146,73.61
628.19,295.91,99.325,74.494
626.81,295.29,101.91,76.43
626.59,294.66,102.8,77.1
627.06,294.55,103.7,77.774
627.47,293.27,104.58,78.438
628.54,291.82,105.32,78.992
627.65,290.98,106.49,79.866
627.62,290.09,107.39,80.545
625.75,289.62,108.38,81.288
624.29,289.09,109.24,81.928
623.65,289.33,110.04,82.532
622.55,289.08,110.86,83.142
621.55,289.1,111.37,83.531
621.05,288.67,111.79,83.839
621.34,289.07,111.88,83.913
620.82,288.77,111.92,83.943
621.47,288.8,110.96,83.221
621.87,289.3,110.19,82.643
622.64,290.31,110.09,82.57
623.34,290.57,109.57,82.176
624.27,290.75,108.95,81.71
624.62,290.95,108.23,81.172
625.2,291.12,107.78,80.836
625.41,291.2,106.88,80.157
625.75,291.45,107.51,80.629
626.69,291.1,107.74,80.803
627.18,291.13,107,80.253
627.26,291.51,106.76,80.067
627.6,291.47,105.14,78.858
627.96,292.53,103.82,77.862
627.9,292.8,103.63,77.726
628.05,292.48,103.01,77.256
628.11,292.83,102.68,77.007
628.59,293.44,101.98,76.487
629.18,294.12,101.57,76.174
629.26,294.46,101.51,76.135
629.92,294.43,101.2,75.902
629.96,293.77,102.08,76.562
630.43,293.85,102.47,76.854
631.04,293.19,102.62,76.964
631.88,293.55,102.55,76.915
632.39,293.4,102.58,76.933
631.64,293.3,103.23,77.425
632.31,292.45,103.66,77.745
631.22,292.67,103.9,77.924
632.11,292.37,104.04,78.032
633.34,292.85,104.24,78.179
632.66,292.61,104.98,78.733
631.55,292.4,106.34,79.758
632.13,291.75,106.43,79.82
631.84,292.48,106.62,79.965
628.61,293.09,107.56,80.672
630.21,291.96,108.3,81.223
629.83,291.49,108.67,81.502
629.87,291.1,108.54,81.406
628.96,290.89,108.71,81.534
628.32,290.56,108.25,81.19
628.21,290.71,107.47,80.604
629.45,290.8,107.28,80.461
629.04,289.68,107.84,80.882
627.71,287.7,109.66,82.246
632.69,286.41,110.32,82.743
637.31,284.95,110.64,82.98
637.05,286.57,111.79,83.846
636.47,285.48,111.67,83.755
636.32,284.36,111.55,83.66
634.17,284.54,110.92,83.188
634.55,284.32,109.58,82.187
634.62,285.25,109.14,81.855
634.36,285.07,108.9,81.677
633.45,284.79,107.61,80.706
634.18,284.38,107.81,80.856
633.2,284.76,107.34,80.504
633.79,285.16,107.83,80.87
636.03,284.23,107.64,80.733
636.64,285.06,107.74,80.802
637.48,285.67,107.31,80.479
638.4,285.39,106.97,80.23
639.08,286.06,106.87,80.153
630.32,289.01,106.94,80.207
630.44,288.88,107.18,80.387
632.41,288.57,107.13,80.346
634.48,287.94,108.07,81.049
636.34,287.5,107.93,80.944
639.24,286.48,107.38,80.532
642.41,286.44,107.04,80.281
620.53,288.31,106.54,79.906
624.92,288.68,105.74,79.303
630.38,289.07,105.89,79.418
632.82,291,104.7,78.526
633.64,289.9,104.44,78.329
631.99,290.75,103.93,77.949
631.76,290.68,103.81,77.854
634.61,288.99,104.52,78.389
643.36,285.64,103.65,77.737
628.55,292.57,102.47,76.855
640.63,293.77,100.9,75.671
631.3,294.94,100.13,75.094
629.3,294.51,99.171,74.378
637.78,295.6,98.526,73.894
639.71,293.45,97.288,72.966
640.72,293.27,96.637,72.478
640.68,294.15,96.222,72.167
636.89,296.91,95.479,71.609
634.76,296.48,94.43,70.822
632.48,297.23,94.021,70.516
634.42,297.3,93.506,70.129
631.2,298.49,92.854,69.64
633.45,299.12,92.148,69.111
633.55,299.58,91.988,68.991
632.59,299.54,91.552,68.664
631.54,299.74,91.369,68.527
631.58,299.45,91.183,68.387
632.4,299.02,91.751,68.814
631.36,298.72,92.293,69.22
629.96,299.42,92.004,69.003
624.7,301,91.325,68.494
630.12,300.71,90.93,68.198
633.81,300.92,90.736,68.052
636.11,300.3,89.842,67.382
634.64,301.51,89.819,67.364
632.78,301,89.729,67.296
635.26,300.42,89.404,67.053
637.12,300.05,89.766,67.324
637.97,299.27,88.948,66.711
637.12,301.71,88.705,66.529
636.34,301.38,88.399,66.299
634.73,302.11,87.546,65.659
635.58,302.14,86.951,65.213
636.09,301.97,86.766,65.075
636.61,302.3,86.503,64.877
636.87,302.88,85.655,64.241
637.88,303.15,85.169,63.877
636.98,303.33,84.968,63.726
638.79,302.63,84.984,63.738
639.11,302.98,84.843,63.632
638.79,303.48,84.987,63.74
639.47,304.1,84.779,63.584
639.41,304.12,84.726,63.544
640.27,304.13,84.906,63.68
642.62,303.29,85.104,63.828
644.28,302.25,85.839,64.379
643.6,301.83,86.659,64.994
643.9,301.91,87.115,65.337
643.67,301.48,87.854,65.89
642.66,301.88,87.619,65.715
642.81,301.78,87.667,65.751
642.22,301.22,88.176,66.132
640.5,301.06,88.529,66.397
639.23,300.66,88.851,66.638
638.67,300.44,89.137,66.853
638.06,300.06,89.254,66.94
637.18,299.72,89.443,67.082
637.23,300.19,89.563,67.172
637.67,299.84,90.147,67.61
637.71,299.63,90.502,67.876
637.67,299.33,90.913,68.185
637.51,299.05,91.378,68.533
637.15,298.5,91.785,68.839
637.09,298.64,91.872,68.904
636.8,298.17,92.37,69.278
636.88,297.86,92.729,69.546
637.11,298.05,93.496,70.122
636.56,297.15,94.292,70.719
637.36,297.48,94.229,70.672
637.69,297.4,94.2,70.65
637.87,297.65,93.913,70.435
637.23,297.08,94.318,70.739
637.51,297.48,94.638,70.978
637.28,297.03,95.007,71.255
636.85,296.37,95.585,71.689
636.63,296.31,95.888,71.916
637.26,296.19,96.68,72.51
636.89,295.42,96.599,72.449
636.82,295.31,96.881,72.661
637,295.4,97.876,73.407
636.65,295.04,98.36,73.77
636.63,294.8,98.404,73.803
636.52,295.3,97.761,73.321
635.84,295.08,98.058,73.544
634.98,294.25,98.714,74.036
635.08,293.75,99.195,74.396
634.75,293.12,99.77,74.828
634.65,293.08,99.507,74.63
634.84,293.85,99.607,74.705
635.14,294.09,98.704,74.028
635,294.65,97.909,73.432
635.58,295.81,97.166,72.874
635.39,295.34,96.95,72.712
636.07,296.45,96.53,72.398
635.21,296.06,96.706,72.53
635.49,296.43,96.609,72.457
635.35,296.68,95.937,71.953
635.03,296.8,96.127,72.095
634.87,297.07,95.766,71.825
635.09,298.37,94.635,70.976
634,298.58,94.298,70.724
633.82,298.99,94.126,70.594
633.53,298.92,93.38,70.035
633.23,299.15,92.401,69.301
633.94,299.44,92.063,69.048
634.43,299.65,91.875,68.906
633.17,299.48,92.311,69.234
632.5,298.28,93.527,70.146
631.98,298.56,93.581,70.185
632.37,298.99,93.706,70.279
632.5,299.35,93.547,70.16
633.91,298.9,93.606,70.205
635.49,298.5,93.245,69.934
636.4,298.96,93.366,70.024
635.64,297.91,93.621,70.216
634.28,298.12,94.435,70.826
632.77,297.27,95.458,71.593
631.26,296.48,96.846,72.634
632.02,296.04,98.046,73.535
630.38,294.89,98.913,74.185
630.78,295.36,99.735,74.802
629.46,294.92,100.33,75.247
631.79,293.78,100.94,75.703
632.68,292.82,101.52,76.137
634.85,292.25,101.37,76.028
635.03,291.98,101.05,75.784
634.94,292.12,100.69,75.518
633.97,292.61,100.91,75.68
633.48,292.39,101.85,76.39
634.8,291.27,102.47,76.856
635.53,290.64,102.59,76.944
636.66,290.04,103.21,77.406
638.63,288.76,103.09,77.316
639.27,288.72,103.6,77.701
639.74,288.11,103.43,77.576
640.01,287.85,103.87,77.902
639.99,287.75,104.17,78.127
640.29,287.57,104.14,78.106
640.24,287.86,104.64,78.478
639.64,288.01,104.22,78.169
639.27,288.65,103.26,77.448
638.7,289.36,102.57,76.924
638.32,290.52,101.93,76.449
637.5,290.97,101.23,75.924
636.36,291.51,100.72,75.538
635.91,292.19,100.23,75.175
635.48,292.67,99.703,74.777
634.58,293.15,100.09,75.065
634.1,293.49,100.23,75.175
632.61,293.42,100.19,75.139
632.24,293.75,99.519,74.639
632.64,294.69,99.098,74.323
632.31,294.59,98.263,73.697
632.45,294.37,98.857,74.143
633.68,294.52,98.603,73.952
633.11,294.01,98.941,74.205
634.88,294.7,98.164,73.623
634.47,294.58,97.935,73.451
634.35,295.1,97.932,73.449
633.75,294.81,98.255,73.691
633.18,294.41,98.535,73.901
633.27,294.03,99.451,74.588
633.1,293.87,99.91,74.932
633.13,293.85,100.03,75.026
633,293.64,99.937,74.953
632.29,293.5,100.2,75.152
631.35,292.76,100.62,75.467
631.61,292.94,100.49,75.364
632.06,293.29,100.29,75.217
632.39,293.05,99.756,74.817
632.51,293.29,99.278,74.459
632.95,294.29,98.204,73.653
633.3,294.85,97.568,73.176
633.39,294.96,97.363,73.022
634.09,296.07,96.279,72.209
634.97,297.08,94.997,71.248
634.57,297.45,93.804,70.353
634.8,298.25,93.148,69.861
635.5,299.56,91.987,68.99
635.63,300.12,90.947,68.21
635.83,301.02,90.028,67.521
635.9,301.96,88.765,66.574
635.62,302.32,87.854,65.891
635.29,302.6,87.289,65.467
635.8,303.13,86.475,64.856
635.63,303.88,86.26,64.695
635.24,304.88,85.551,64.163
635.83,304.93,85.108,63.831
636.64,304.72,85.099,63.824
637.42,303.33,85.637,64.228
637.58,302.46,86.487,64.865
637.08,301.29,87.139,65.354
637.13,300.58,87.792,65.844
636.84,299.74,88.891,66.668
636.78,298.92,89.751,67.313
636.71,298.06,90.664,67.998
636.53,297.51,91.137,68.353
636.61,297.48,91.617,68.713
