223.5,230.5,95,174
225.42,237.21,94.157,172.46
233.45,236.15,95.718,175.32
244.38,235,94.94,173.89
251.71,234.14,95.494,174.9
255.98,232.98,96.001,175.83
264.37,232.5,96.101,176.02
270.21,233.37,96.212,176.22
275.68,234.6,95.283,174.52
282.35,235.24,95.475,174.87
289.63,236.32,96.355,176.48
298.32,237.18,95.047,174.09
306.03,237.53,94.944,173.9
315.11,235.88,94.828,173.68
323.86,234.74,95.686,175.26
329.51,233.37,95.295,174.54
338.82,233.27,94.63,173.32
343.95,234.86,94.342,172.8
350.84,237.54,93.941,172.06
358.05,239.05,94.538,173.15
365.33,237.92,95.155,174.28
374.78,238.63,94.798,173.63
381.47,236.17,95.27,174.5
393.31,235.87,95.346,174.63
408.93,234.01,95.841,175.54
418.36,235.1,96.674,177.07
427.34,236.74,96.745,177.2
438.89,236.81,97.348,178.3
448.29,236.79,97.993,179.48
457.65,236.59,97.265,178.15
465.84,235.51,97.326,178.26
475.69,233.36,97.102,177.85
484.32,233.64,96.601,176.93
489.47,234.13,96.656,177.03
499.57,235.67,97.051,177.76
506.08,235.93,96.81,177.31
516.22,235.54,97.506,178.59
524.77,234.56,97.04,177.74
531,234.18,96.35,176.47
541.19,232.23,96.623,176.97
549.95,231.63,96.09,176
556.05,230.77,96.249,176.29
564.97,233.1,96.116,176.04
570.71,233.79,96.319,176.42
579.83,234.8,96.172,176.15
579.39,234.14,95.854,175.56
581.22,233.04,95.913,175.67
581.85,231.56,95.785,175.44
581.7,229.93,95.66,175.21
579.87,229.24,95.16,174.29
578.28,229.36,94.709,173.47
574.63,230.53,94.538,173.15
574.72,232.48,94.54,173.16
574.35,232.78,94.585,173.24
573.35,231.02,94.814,173.66
572.73,228.67,94.36,172.83
570.83,226.41,95.113,174.21
570.26,225.94,94.972,173.95
568.58,225.67,94.591,173.25
566.78,225.77,94.78,173.6
564.75,226.68,94.687,173.43
563.14,227.74,94.834,173.7
563.76,228.49,95.248,174.45
563.91,228.22,95.249,174.46
565.72,227.6,95.28,174.51
563.06,225.21,94.884,173.79
562.11,224.15,94.594,173.26
560.89,223.96,94.63,173.32
557.81,223.74,94.988,173.98
555,224.01,95.058,174.11
554.5,224.93,95.18,174.33
554.87,226.01,94.902,173.82
554.65,225.76,94.818,173.67
552.93,224.21,94.798,173.63
551.71,222.16,94.019,172.2
550.33,221.09,93.026,170.38
548.39,219.86,92.875,170.11
547.33,220.15,92.313,169.08
544.81,219.27,92.159,168.8
543.44,220.39,91.832,168.2
542.53,221.85,91.722,168
541.87,221.72,91.826,168.19
541.8,222.19,92.442,169.32
541.16,220.92,92.329,169.11
540.21,219.21,92.546,169.51
540.27,217.36,92.502,169.42
538.88,215.76,92.213,168.9
537.04,214.52,92.338,169.12
534.8,214.46,92.16,168.8
532.76,215.15,92.467,169.36
531.61,215.88,92.308,169.07
530.14,215.59,91.89,168.3
529.77,215.3,91.748,168.04
528.39,213.39,91.485,167.56
527.14,212.36,91.753,168.05
525.11,210.33,91.675,167.91
522.39,208.79,91.973,168.46
520,208.09,92.471,169.37
518.11,208.88,92.693,169.78
516.72,208.85,92.667,169.73
515.59,210.01,92.641,169.68
515.24,210.21,92.386,169.21
514.98,209.62,92.699,169.79
514.63,208.47,92.93,170.21
513.33,206.28,93.582,171.4
510.45,204.21,93.978,172.13
508.17,203.01,93.954,172.08
507.45,202.82,94.167,172.47
505.12,203.47,94.578,173.23
502.24,204.12,94.765,173.57
500.34,204.54,94.853,173.73
498.43,203.72,95.261,174.48
497,202.52,95.451,174.83
495.87,200.13,95.555,175.02
494.04,198.18,94.893,173.8
491.83,196.86,94.97,173.95
488.32,196.16,94.209,172.55
486.3,196.18,94.614,173.29
483.65,197.05,94.357,172.82
481.95,197.38,94.094,172.34
481.2,198.09,93.718,171.65
479.86,198.17,93.363,171
479.89,198.12,93.255,170.8
479.8,197.16,93.488,171.23
479.12,194.6,93.158,170.63
476.61,192.2,92.799,169.97
471.06,191.42,92.597,169.6
468.78,192.79,92.559,169.53
469.97,197.88,93.729,171.67
463.75,196.93,94.29,172.7
459.59,196.2,94.338,172.79
458.88,192.71,94.441,172.98
463.54,191.29,94.334,172.78
463.03,189.43,93.593,171.42
462.31,188.37,92.702,169.79
459.72,186.49,92.198,168.87
457.41,186.24,92.017,168.54
454.87,185.96,91.218,167.07
452.77,186.51,91.286,167.2
450.45,187.29,91.298,167.22
448.69,187.72,90.857,166.41
448.35,188.62,90.677,166.08
447.34,187.68,90.645,166.02
445.91,186.7,90.207,165.22
444.63,184.71,90.15,165.12
442.07,183.48,90.128,165.08
439.3,182.58,90.045,164.92
436.67,182.58,89.944,164.74
433.86,183.41,89.827,164.53
431.23,184.71,89.8,164.48
429.65,184.44,89.351,163.65
428.64,183.56,89.197,163.37
426.56,182.28,89.13,163.25
425.16,180.07,88.788,162.62
422.53,178.39,88.742,162.54
419.76,177.94,88.519,162.13
418.47,177.84,88.545,162.18
415.37,178.51,88.351,161.82
413.48,178.84,88.524,162.14
411.36,179.39,88.609,162.29
410.84,179.31,88.054,161.28
409.85,177.71,87.982,161.15
405.38,174.23,87.787,160.79
403.63,172.9,87.592,160.43
399.46,172.34,87.745,160.71
396.72,173.37,87.973,161.13
394.01,173.2,87.861,160.92
391.22,173.43,88.025,161.22
388.65,172.01,87.913,161.02
387.4,170.62,87.656,160.55
384.86,168.92,87.272,159.85
382.61,167.51,87.618,160.48
379.91,166.17,87.417,160.11
376.32,165.88,87.387,160.06
373.57,166.27,87.282,159.86
371.2,166.54,87.27,159.84
369.32,167.11,87.146,159.61
367.4,166.8,86.893,159.15
366.59,165.87,86.857,159.08
365.13,163.65,87.286,159.87
361.95,162.35,87.234,159.78
358.34,160.07,87.35,159.99
355.57,158.78,87.209,159.73
351.45,159.29,87.265,159.83
347.67,159.9,86.912,159.19
344.67,160.53,86.767,158.92
341.36,160.69,86.295,158.06
337.67,158.58,86.245,157.96
335.59,156.93,85.923,157.38
331.77,155.25,85.96,157.44
327.79,153.95,85.593,156.77
324.43,153.32,85.229,156.1
319.96,153.48,84.915,155.53
315.35,153.78,84.81,155.34
313.62,153.97,84.481,154.73
311.41,154.18,84.487,154.74
309.38,153.94,84.494,154.76
305.97,152.72,84.191,154.2
303.6,151.61,83.756,153.41
299.77,149.84,83.652,153.21
295.79,148.55,83.293,152.56
291.94,148.57,82.692,151.46
288.35,148.57,82.165,150.49
284.67,149.23,81.42,149.13
281.25,149.51,81.094,148.53
278.7,149.09,80.506,147.45
274.32,147.92,80.455,147.36
271,146.24,79.947,146.43
267.27,144.37,79.851,146.25
261.35,142.95,79.748,146.06
257.45,141.85,79.8,146.16
253.69,142.18,78.965,144.63
249.97,143.11,78.859,144.44
247.37,143.38,78.47,143.72
245.71,144.13,77.88,142.64
240.02,142.33,78.112,143.07
237.08,140.46,77.93,142.74
232.73,139,77.688,142.29
228.54,138.13,77.225,141.44
223.62,137.62,76.892,140.83
219.32,138.16,76.657,140.4
213.82,139.59,76.53,140.17
209.76,139.55,76.522,140.16
207.68,139.03,76.198,139.56
204.58,138.35,76.123,139.43
201.48,135.04,76.406,139.94
196.49,131.77,76.485,140.09
192.76,130.9,76.512,140.14
191.08,130.66,76.637,140.37
185,131.48,76.656,140.4
177,132.51,76.164,139.5
168.35,132.84,76.382,139.9
159.32,131.17,76.316,139.78
153.55,129.5,76.046,139.28
147.84,129.44,76.327,139.8
142.79,129.06,76.538,140.19
136.06,127.2,76.109,139.4
133.76,128.35,76.258,139.67
124.72,129.77,76.003,139.21
138.85,127.75,76.976,140.99
132.37,125.15,77.296,141.57
128.06,123.56,77.5,141.95
123.49,120.32,77.693,142.3
129.5,121.42,77.686,142.29
139,124.22,77.054,141.13
142.68,123.12,76.381,139.9
148.82,123.77,76.225,139.61
149.56,122.85,76.102,139.39
153.9,123.33,76.315,139.78
158.52,122.91,76.335,139.81
159.45,121.51,76.594,140.29
165.1,118.7,76.583,140.27
170.81,115.36,76.256,139.67
176.14,113.74,76.248,139.65
181.33,114.13,76.336,139.81
184.23,113.41,75.917,139.05
191.06,114.3,75.658,138.57
194.87,113.08,75.274,137.87
210.36,108.29,75.539,138.36
224.26,107.1,75.86,138.94
233.6,106.91,76.204,139.57
238.99,105.9,76.271,139.7
243.04,103.51,76.455,140.03
249.15,100.41,76.209,139.58
254.17,98.999,76.268,139.69
257.55,98.947,75.893,139
261.75,100.03,75.413,138.12
264.91,99.384,75.494,138.27
268.05,98.451,75.549,138.37
272.44,96.87,75.358,138.02
277.78,94.315,75.051,137.46
281.15,93.116,75.133,137.61
286.44,91.956,74.749,136.91
