624.5,394.5,73,134
615.45,386.74,73.262,134.48
605.9,385.5,73.71,135.3
593.97,383.43,73.829,135.52
583.96,383.35,74.206,136.21
571.43,384.23,74.677,137.08
559.97,384.23,75.073,137.81
548.91,382.76,75.148,137.94
538.28,381.44,74.44,136.64
524.54,382.42,74.358,136.49
513.32,383.51,73.634,135.16
500.62,382.86,74.02,135.87
486.72,380.1,72.822,133.67
475.08,382.86,72.946,133.9
459.99,383.62,74.234,136.27
451.02,382.89,74.747,137.21
440.07,381.76,73.473,134.87
429.54,381.85,73.499,134.92
417.07,383.77,73.725,135.33
404.69,384.24,74.272,136.34
390.4,381.62,74.543,136.83
375.33,379.16,76.055,139.61
363.53,378.8,76.724,140.84
352.23,381.57,76.409,140.26
340.07,381.8,76.285,140.03
328.45,380.33,76.185,139.85
317.16,380.42,76.637,140.68
306.94,381.61,76.426,140.29
296.63,382.01,76.499,140.42
283.49,380.85,77.173,141.66
271.05,377.87,77.39,142.06
257,378.87,77.927,143.04
243.06,377.77,77.809,142.83
231.42,377.8,77.285,141.87
222.7,377.19,76.518,140.46
208.81,377.53,76.489,140.4
196.41,376.61,76.775,140.93
186,374.66,75.832,139.2
185.71,374.2,75.581,138.74
209.24,373.69,75.022,137.71
230.73,375.24,74.827,137.35
247.84,375.29,75.339,138.29
274,373.87,75.705,138.97
297.54,370.86,75.765,139.08
323.22,369.23,75.361,138.33
265.69,386.64,74.862,137.42
297.74,390.7,73.953,135.75
336.36,386.5,73.305,134.56
366.04,388.24,73.245,134.45
414.28,387,73.079,134.15
443.94,387.91,73.277,134.51
443.13,384.77,73.191,134.35
444.66,383,72.678,133.41
467.95,385.27,72.739,133.52
460.95,342.85,72.565,133.2
452.46,342.05,72.785,133.61
446.27,342.27,72.067,132.29
434.61,345.1,71.765,131.73
425.32,346.75,71.585,131.4
413.26,344.57,71.546,131.33
405.79,343.89,71.569,131.37
396.44,341.7,71.774,131.75
388.3,342.13,71.195,130.69
378.76,342.13,71.502,131.25
370.68,337.86,71.381,131.03
359.51,339.63,71.411,131.08
351.93,339.34,70.963,130.26
345.54,338.53,70.769,129.9
339.57,340.38,70.868,130.09
333.97,340.38,70.948,130.23
322.12,328.4,70.531,129.47
307.5,333.81,70.218,128.89
299.48,331.59,69.85,128.22
291.76,330.9,69.864,128.24
284.69,333.15,69.948,128.4
295.87,334.63,69.983,128.46
319.59,334.07,69.951,128.4
348.53,333.27,70.305,129.05
382.03,327.34,70.305,129.05
409.15,327.97,70.599,129.59
434.01,326.83,70.62,129.63
463.03,325.89,70.669,129.72
495.72,320.11,70.317,129.08
526.62,321.77,70.568,129.54
536.58,324.17,70.204,128.87
529.13,326.33,70.309,129.06
520.17,325.49,70.462,129.34
508.38,322.87,70.659,129.7
498.49,320.82,70.296,129.04
491.56,321.57,70.302,129.05
478.73,317.58,70.179,128.82
470.76,318.05,69.99,128.47
464.16,316.21,69.845,128.21
453.32,317.28,69.912,128.33
443.87,318.76,70.085,128.65
432.93,317.82,70.186,128.83
425.8,315.91,69.867,128.25
415.4,314.07,69.986,128.47
409.38,316.52,69.925,128.36
400.31,314.76,69.926,128.36
392.74,312.4,69.814,128.15
382.24,309.88,69.463,127.51
376.68,310.53,69.214,127.05
371.17,312.22,69.044,126.74
365.97,312.41,68.902,126.48
356.25,309.28,68.786,126.27
347.46,308.2,68.353,125.47
341.19,307.14,68.106,125.02
331.6,306.66,67.563,124.02
325.17,307.77,67.539,123.97
315.7,307.93,67.352,123.63
308.1,305.83,67.087,123.15
300.54,305.95,66.829,122.67
294.42,305.51,66.754,122.53
287.65,306.31,66.517,122.1
284.81,305.6,66.622,122.29
271.26,302.38,66.482,122.04
262.42,303.55,66.622,122.29
258.69,301.82,66.708,122.45
250.69,300.01,66.635,122.32
241.66,296.15,66.609,122.27
265.5,304.45,67.051,123.08
292.33,304.85,67.003,122.99
294.1,304.01,66.911,122.82
293.64,304.83,66.908,122.82
295.8,303.85,67.209,123.37
293.95,303.86,67.155,123.27
294.31,304.39,67.121,123.21
296.36,304.48,67.437,123.79
296.38,304.02,67.653,124.18
323.43,305.42,67.615,124.12
295.48,305.55,67.37,123.67
324.75,305.21,67.694,124.26
294.35,303.95,67.68,124.23
295.65,303.52,67.774,124.41
295.99,303.36,67.723,124.31
294.89,304.15,67.633,124.15
294,305.71,67.164,123.29
293.87,305.52,66.991,122.97
342.57,305.18,67.17,123.3
364.22,310.5,66.981,122.95
416.07,309.53,67.081,123.13
405.91,302.9,66.954,122.9
448.18,302.95,66.708,122.45
476.39,301.09,66.339,121.77
490.1,301.7,66.276,121.66
491.21,301.42,66.128,121.39
490.71,302.83,66.255,121.62
489.77,301.66,66.225,121.56
491.59,302.22,66.357,121.81
492.5,301.57,66.321,121.74
490.85,302.15,66.35,121.79
490.63,302.23,66.156,121.44
491,302.29,66.256,121.62
490.93,306.85,66.265,121.64
491.84,305.59,66.441,121.96
489.98,305.48,66.554,122.17
489.39,304.34,67.132,123.23
490.17,305.26,67.168,123.29
489.61,304.27,67.391,123.7
489.97,304.14,67.33,123.59
490.71,305.04,67.272,123.49
488.84,302.87,68.126,125.05
490.12,302.83,68.214,125.21
490.17,303.88,68.058,124.93
491.96,305.61,67.183,123.32
491.28,305.55,66.88,122.77
490.04,304.26,67.571,124.03
490.44,305.18,67.265,123.47
491.45,305.59,67.022,123.03
491.35,305.47,66.764,122.55
491.97,305.74,66.64,122.33
491.51,305.42,66.708,122.45
