838.5,288.5,112,167
838.1,282.42,112.12,167.18
838.43,280.09,113.3,168.94
837.59,276.41,116.82,174.19
835.49,272.95,118.77,177.09
835.48,271.93,118.29,176.38
833.65,271.16,121.31,180.89
830.23,272.66,122.74,183.01
826.65,274.57,121.78,181.58
821.77,278.39,117.78,175.62
820.62,280.29,116.49,173.69
818.41,280.18,115.3,171.92
818.23,280.94,114.09,170.12
819.76,281.46,114.4,170.58
818.94,280.89,115.22,171.81
817.22,279.93,114.61,170.9
815.74,279.58,115.2,171.77
813.46,277.92,115.24,171.83
810.49,275.73,116.33,173.46
807.65,274.85,119.04,177.49
798.08,275.4,118.19,176.22
793.15,276.64,116.78,174.12
790.57,278.9,114.32,170.46
787.86,279.73,113.7,169.53
785.25,281.64,112.41,167.61
779.89,285.09,112.74,168.11
776.37,285.62,113.17,168.75
772.58,285.01,115.12,171.65
767.61,283.53,114.63,170.92
761.95,282.06,114.97,171.43
749.67,280.21,115.29,171.91
742.06,278.51,115.79,172.65
737.27,277.55,115.01,171.49
734.23,277.51,114.36,170.52
732.74,277.88,113.84,169.74
727.91,279.74,111.64,166.46
725.39,281.39,109.92,163.9
721.3,280.85,109.16,162.77
717.19,280.13,109.49,163.26
713.94,280.49,109.89,163.86
706.4,276.26,111.66,166.5
703.83,275.37,114.07,170.08
702.64,274.75,115.92,172.84
699.14,272.55,115.26,171.85
696.76,271.7,115.21,171.78
693.2,274.22,114.29,170.41
691.32,275.68,114.04,170.05
691.62,277.01,113.57,169.34
688.17,276.26,112.18,167.27
686.29,275.44,112.06,167.09
679.56,275.78,114.01,169.99
676.02,276.61,116.76,174.09
671.18,276.5,118.71,177.01
667.62,277.11,119.71,178.49
664.97,276.94,119.39,178.02
662.24,276.27,118.78,177.11
659.35,275.7,118.27,176.35
656.54,276.21,117.67,175.45
655,277.73,116.64,173.91
652.36,277.42,114.93,171.36
648.42,280.17,113.24,168.84
646.23,281.54,112.05,167.08
643.23,282.76,111.81,166.71
642.3,284.38,113.05,168.56
638.1,284.06,113.82,169.72
632.51,284.24,112.84,168.25
630.4,284.11,111.44,166.16
628.99,285.49,110.1,164.17
629.2,288.44,110.68,165.02
629.82,290.53,110.68,165.04
635.72,294.19,109.99,164.01
637.86,295.69,109.02,162.56
640.28,296.97,108.16,161.28
642.68,297.73,108.35,161.56
643.18,297.5,108.65,162.01
644.25,297.16,110.59,164.9
645.48,295.55,110.86,165.3
645.72,295.3,111.87,166.81
646.85,294.57,112.04,167.07
646.31,293.79,111.39,166.09
646.28,294.18,111.03,165.56
646.84,295.24,110.55,164.84
644.77,295.84,109.79,163.71
641.98,297.08,108.72,162.12
637.44,299.82,107.9,160.89
633.72,301.63,106.94,159.45
634.33,302.57,106.57,158.91
633.81,302.56,106.26,158.44
633.75,303.67,105.36,157.1
632.4,303.61,104.25,155.45
631.24,302.66,103.2,153.87
632.54,303.05,102.56,152.93
633.77,304.35,101.56,151.43
633.85,305.28,100.79,150.29
633.7,307.51,100.84,150.36
635.52,310.88,101.02,150.63
635.15,312,102.23,152.43
634.54,312.61,103.45,154.25
632.48,314.7,104.11,155.23
630.9,315.97,105.72,157.63
628.05,314.08,106.9,159.39
627.87,311.76,107.16,159.79
627.43,310.41,106.81,159.26
627.12,310.51,105.58,157.42
626.29,310.09,104.68,156.08
625.52,309.81,104.16,155.31
626.08,311.03,103.26,153.97
626.36,317.08,103.3,154.02
622.42,322.63,104.5,155.81
616.78,320.41,104.98,156.54
599.5,316.25,104.71,156.13
586.96,318.14,104.85,156.34
573.03,320.88,104.3,155.51
609.64,320.64,103.67,154.58
605.53,319.48,102.74,153.19
599.27,318.34,101.61,151.51
596.43,318.89,101.06,150.69
594.99,318.53,100.96,150.54
594.38,318.15,100.85,150.37
595.09,317.6,100.53,149.89
596.76,319.57,99.767,148.76
597.84,320.9,98.898,147.46
598.2,323.08,98.716,147.19
597.02,324.25,98.394,146.71
593.63,324.44,98.308,146.58
588.12,324.83,97.702,145.68
586.43,324.83,97.502,145.38
585.61,324.64,97.081,144.75
584.94,324.5,96.438,143.8
584.22,324.29,96.163,143.39
583.4,324.32,95.973,143.1
583.11,325.63,95.432,142.3
582.66,328.13,94.824,141.39
583.02,329.68,93.952,140.09
582.42,331.57,93.402,139.27
580.75,332.22,92.662,138.17
579.02,330.92,92.663,138.17
577.25,329.32,92.357,137.71
575.57,328.02,92.648,138.14
574.37,327.14,92.514,137.94
570.96,329.35,92.05,137.25
568.94,331.57,91.661,136.67
568.62,333.83,90.617,135.12
567.49,335.95,89.795,133.89
566.21,337.68,89.989,134.18
564.56,338.21,89.498,133.45
563.85,338.7,89.329,133.2
562.99,338.29,90.31,134.66
562.62,337.44,90.682,135.21
563.15,336.49,91.008,135.7
564.45,334.46,91.449,136.36
564.68,333.99,91.386,136.26
564.5,333.44,90.899,135.54
564.47,333.65,90.682,135.21
563.63,334.05,90.545,135.01
562.55,336.59,89.845,133.97
561.5,338.43,88.908,132.57
561.35,340.05,87.746,130.84
560.38,340.98,87.112,129.89
559.26,341.95,86.413,128.85
556.44,340.8,86.611,129.14
554.4,338.75,86.939,129.63
552.53,336.62,87.347,130.24
550.76,335.39,87.332,130.22
549.81,335.45,87.198,130.02
547.71,336.59,87.394,130.31
547.01,338.12,86.262,128.62
545.94,339.28,86.193,128.52
544.42,340.71,86.25,128.6
543.44,341.31,85.695,127.78
540.9,340.91,85.93,128.13
539.18,340.4,85.8,127.93
537.41,338.98,86.004,128.24
535.45,336.88,86.216,128.55
534.06,335.37,85.839,127.99
532.55,333.29,85.566,127.59
531.17,332.47,85.161,126.98
530.39,331.69,84.533,126.05
529.7,331.35,83.534,124.56
528.84,331.85,82.456,122.95
525.21,332.79,81.298,121.22
522.31,333.16,79.973,119.25
520.13,333.69,79.4,118.39
517.71,332.93,78.563,117.14
517.34,332.08,78.157,116.54
517.33,330.25,78.269,116.7
516.74,329.28,78.291,116.74
514.29,329.24,78.336,116.8
511.84,329.47,77.605,115.71
509.02,330.03,77.468,115.51
502.34,331.78,76.954,114.74
500.64,331.84,76.495,114.06
500.18,331.8,76.291,113.76
500.78,331.11,75.985,113.3
502.45,331.41,75.137,112.03
505.31,331.75,75.16,112.07
506.39,331.5,75.459,112.51
506.55,331.54,74.865,111.63
506.01,331.75,74.637,111.29
504.66,332.38,74.628,111.28
503.63,333.7,74.289,110.77
502.31,335.56,74.172,110.6
501.1,336.6,74.087,110.47
500.22,338.12,74.53,111.13
500.38,337.47,74.644,111.3
500.55,336.92,74.193,110.63
499.28,335.22,73.51,109.61
498.7,334.18,72.751,108.48
499.12,331.55,71.785,107.04
497.64,328.77,71.229,106.21
495.21,328.86,70.279,104.79
485.2,328.98,69.621,103.81
479.64,329.62,69.12,103.06
476.88,331.74,68.719,102.46
472.99,333.27,68.759,102.52
469.39,334.57,68.516,102.16
463.56,335.02,68.137,101.6
461.72,334.86,67.601,100.8
460.59,335.04,67.484,100.62
459.86,335.1,67.237,100.25
458.01,335.01,67.273,100.31
451.55,333.24,67.606,100.81
447.75,332.06,67.742,101.01
443.63,331.04,67.878,101.21
441.91,331.61,67.942,101.31
440.03,333.23,67.539,100.71
437.64,334.17,67.004,99.908
437.06,335.48,66.526,99.195
436.72,337.44,66.04,98.471
435.71,337.84,65.589,97.798
439.17,337.3,65.077,97.034
444.77,335.34,64.442,96.088
435.64,331.05,63.804,95.136
435.16,330.75,63.333,94.434
446.43,333.19,62.481,93.163
437.37,327.75,62.499,93.191
442.56,330.76,61.975,92.409
436.41,331.18,62.1,92.595
439.88,332.49,62.313,92.912
447.6,335.63,62.236,92.798
432.11,328.13,61.672,91.957
434.36,330.81,61.722,92.033
438.4,332.21,62.004,92.453
438.51,332.02,62.109,92.609
431.52,333.44,62.031,92.493
440.72,332.9,61.715,92.021
437.81,335.35,61.531,91.747
388.7,347.22,61.831,92.195
382.83,339.39,61.732,92.047
387.35,343,61.415,91.574
387.88,342.85,61.236,91.307
384.06,345.5,61.016,90.979
379.32,345.76,60.79,90.642
372.37,345.57,60.548,90.282
364.49,342.05,60.333,89.961
359.59,342.79,60.149,89.687
351.34,343.67,60.058,89.55
346.42,342.95,59.883,89.29
341.98,344.18,59.608,88.88
339.67,344.97,59.745,89.084
335.28,344.81,59.553,88.798
328.66,345.02,59.344,88.486
324.14,344.82,59.315,88.443
319.03,345.8,59.404,88.575
313.19,346.44,59.445,88.637
309.23,348.81,59.375,88.533
304.06,352.3,59.4,88.569
301.15,353.5,59.266,88.369
299.26,354.38,59.392,88.557
296.73,354.11,59.271,88.377
294.54,354.26,59.113,88.142
290.34,354.33,59.282,88.394
286.93,354.4,59.34,88.48
282.83,354.68,59.352,88.499
