355.5,322.5,50,46
355.07,317.94,50.426,46.392
356.37,314.54,51.114,47.025
358.78,312.72,49.411,45.458
358.62,311.85,49.516,45.555
358.37,313.27,48.191,44.335
358.85,314.82,47.621,43.812
358.73,315.49,48.184,44.329
358.31,317.39,47.734,43.915
356.57,319.88,47.328,43.542
357.44,321.2,46.38,42.669
357.74,322.05,46.026,42.344
357.47,321.43,46.06,42.375
356.74,321.33,46.05,42.366
356.29,321.91,46.169,42.475
355.52,322.43,46.55,42.826
355.48,321.88,47.071,43.306
355.18,322.06,47.045,43.281
352.55,322.76,47.428,43.634
352.45,322.96,47.531,43.728
352.53,321.75,46.953,43.197
352.2,322.41,46.931,43.176
351.62,321.89,46.291,42.588
351.89,321.89,45.89,42.219
351.93,321.16,45.395,41.763
352.22,320.87,45.176,41.562
352.16,319.85,45.065,41.46
353.24,308.02,44.403,40.851
354.1,308.75,44.16,40.627
352.73,315.52,44.178,40.644
352.21,320.97,44.317,40.772
352.15,321.61,44.528,40.965
351.35,322.04,44.991,41.391
351.46,321.8,45.321,41.696
351.47,322.57,45.562,41.917
351.29,322.34,45.735,42.076
351.21,323.53,45.992,42.313
351.22,324.95,46.474,42.756
350.79,326.54,46.089,42.402
350.55,327.23,46.097,42.41
350.55,326.79,46.073,42.387
350.6,326.7,45.539,41.896
351.22,325.73,45.464,41.827
350.4,326.11,44.968,41.371
350.36,325.92,44.732,41.153
350.77,324.77,44.822,41.237
351.67,324.75,45.296,41.672
351.26,324.43,45.53,41.888
351.17,324.12,45.376,41.746
352.02,323.8,45.655,42.003
352.53,322.31,46.199,42.503
353.18,322.32,46.359,42.65
353.85,322.6,46.502,42.782
354.14,321.76,46.413,42.7
354.87,322.59,46.664,42.931
355.38,321.85,46.778,43.036
356.49,322.41,47.233,43.454
356.36,322.01,47.511,43.71
356.9,321.94,47.823,43.998
358.17,322.3,48.433,44.558
358.85,322.16,48.415,44.542
359.28,322.16,48.378,44.508
359.86,322.46,48.78,44.878
360.57,322.45,49.092,45.164
360.82,321.99,49.319,45.374
362.03,322.54,49.477,45.519
362.73,322.29,49.479,45.52
362.96,322.21,49.627,45.657
363.68,322.25,49.821,45.835
364.36,322.49,49.823,45.837
365.05,322.42,49.845,45.858
365.45,322.36,49.806,45.822
365.67,322.27,49.986,45.987
365.58,321.97,49.987,45.988
365.74,322.03,49.918,45.925
366.24,322.03,49.862,45.873
366.59,322.06,49.71,45.733
366.75,322.02,49.865,45.876
366.99,322.01,49.912,45.919
366.9,322.03,49.857,45.868
366.75,322.11,49.912,45.919
366.7,322.09,49.892,45.901
366.55,322.09,49.923,45.929
366.45,322.16,49.789,45.806
366.57,322.43,49.655,45.683
366.14,322.13,49.721,45.743
365.92,322.24,49.626,45.656
365.78,322.22,49.657,45.685
365.75,322.33,49.425,45.471
365.72,322.39,49.327,45.381
365.73,322.51,49.607,45.639
365.56,322.3,49.521,45.559
365.35,322.05,49.441,45.486
365.71,322.3,49.38,45.43
365.84,322.3,49.301,45.357
366.16,322.57,49.26,45.319
366.3,322.58,49.193,45.258
366.47,322.35,49.036,45.113
366.63,322.2,48.88,44.97
367.65,322.57,48.857,44.948
367.88,322.58,48.898,44.987
368.28,322.3,48.895,44.984
368.72,322.35,48.883,44.972
369.36,322.67,48.692,44.797
368.51,322.46,48.604,44.716
368.53,322.25,48.506,44.626
376.08,322.39,48.516,44.635
377,322.44,48.64,44.749
378.47,322.33,48.468,44.59
379.92,322.59,48.435,44.56
380.48,322.53,48.48,44.602
381,322.49,48.428,44.554
381.65,322.6,48.43,44.555
383.16,322.47,48.51,44.629
383.99,322.35,47.911,44.078
384.98,323.2,47.841,44.014
386.08,323.5,47.82,43.994
386.82,323.52,47.893,44.062
388.06,323.71,47.635,43.824
387.8,323.71,47.216,43.439
388.47,324.41,46.921,43.167
389.19,324.51,47.102,43.333
389.17,323.93,46.671,42.937
389.55,324.43,46.569,42.843
390.19,324.44,46.369,42.659
391.02,325.02,46.221,42.524
390.47,324.69,45.992,42.312
390.54,325,46.096,42.408
390.57,324.62,46.09,42.403
390.53,324.87,45.873,42.203
390.64,325.3,45.952,42.276
390.25,325.54,45.659,42.006
389.54,325.12,45.363,41.734
389.54,325.61,45.241,41.622
388.79,325.47,45.069,41.464
388.01,325.09,45.097,41.489
387.43,325.07,45.094,41.486
386.84,325.12,45.072,41.466
386.17,325.1,45.18,41.565
385.73,325.01,45.101,41.493
385.07,325.03,45.148,41.536
384.44,324.91,45.25,41.63
384.17,325.2,45.169,41.556
383.06,324.83,45.173,41.559
382.48,324.86,44.788,41.205
382.1,325.08,44.899,41.307
381.48,325.07,45.043,41.439
380.62,324.52,44.673,41.099
379.89,324.64,44.291,40.748
379.51,324.68,44.047,40.524
378.82,324.42,44.042,40.518
377.58,324.38,43.979,40.461
376.92,324.52,43.999,40.479
375.07,324.34,43.741,40.242
374.24,324.07,43.583,40.097
373.14,324.19,43.257,39.797
372.2,324.07,43.229,39.771
370.66,323.35,43.054,39.61
369.84,323.88,43.054,39.61
368.39,324.5,42.937,39.502
366.62,323.85,42.973,39.535
365.5,323.92,43.113,39.664
367.35,323.81,43.438,39.963
366.7,324.16,43.501,40.021
365.68,323.99,43.636,40.145
364.26,323.55,43.808,40.303
362.85,323.41,43.693,40.198
360.96,323.01,43.646,40.154
359.45,323.32,43.503,40.023
358.96,324.08,43.269,39.807
355.47,325.23,42.946,39.51
355.61,325.49,42.753,39.333
355.79,325.11,42.781,39.358
355.31,324.78,42.869,39.439
354.73,324.87,43.024,39.582
353.98,324.85,43.195,39.739
352.97,324.63,43.387,39.916
351.68,325.52,43.359,39.89
351.11,325.76,42.925,39.491
350.36,326.18,42.703,39.287
349.15,325.84,42.713,39.296
348.26,326.27,42.368,38.979
348.35,326.8,42.131,38.761
347.82,327.14,41.944,38.588
348.15,327,41.988,38.629
347.35,327.09,41.783,38.44
347.57,326.77,41.718,38.381
347.23,326.25,41.793,38.45
347.62,326.18,42.201,38.825
347.57,325.83,42.565,39.159
347.98,325.91,42.873,39.443
347.89,325.45,43.279,39.817
347.6,325.26,43.541,40.058
346.9,325.21,43.837,40.33
346.44,325.02,43.972,40.455
346.44,325.07,44.212,40.675
345.97,324.54,44.21,40.673
346.09,324.51,44.307,40.762
346.57,324.8,44.651,41.079
346.66,324.54,44.839,41.252
347.87,325.08,45.028,41.426
348.45,324.75,45.259,41.638
348.95,324.84,45.6,41.952
349.17,324.87,45.513,41.872
349.61,325.07,45.519,41.878
350.02,325.16,45.602,41.954
350.66,324.96,45.372,41.742
351.69,325.17,45.302,41.678
352.35,325.53,45.163,41.55
352.74,325.34,44.622,41.053
353.66,324.93,44.705,41.128
355.23,325.4,44.235,40.696
356.55,325.52,44.026,40.504
356.68,325.66,43.795,40.291
357.56,325.88,43.549,40.065
357.66,326,43.201,39.745
358.44,325.77,43.001,39.561
359.99,326.11,42.734,39.315
360.69,326.08,42.421,39.027
361.53,326.73,41.97,38.613
362.58,326.79,41.868,38.518
363.61,326.58,41.593,38.265
364.04,326.63,41.449,38.133
364.83,327.02,41.043,37.76
364.54,327.16,40.601,37.353
364.6,327.31,40.128,36.918
364.66,327.63,39.625,36.455
364.64,328.03,39.089,35.962
364.43,328.57,38.487,35.408
364.46,328.55,37.824,34.798
364.93,329.25,37.242,34.263
364.82,329.76,36.462,33.545
363.9,329.77,36.224,33.326
364.39,330.36,35.643,32.791
364.7,329.8,35.307,32.483
366.59,329.87,35.252,32.432
367.1,329.82,35.186,32.371
367.77,329.47,35.271,32.449
368.95,330.17,35.481,32.643
368.9,329.56,35.708,32.852
369.25,329.66,35.867,32.998
369.55,329.8,36.076,33.19
369.33,329.27,36.138,33.247
369.45,329.09,36.282,33.379
369.9,329.48,36.397,33.486
369.95,329.25,36.424,33.51
370.01,329.25,36.454,33.538
370.04,329.16,36.529,33.607
369.8,328.66,36.611,33.682
369.68,328.49,36.96,34.003
370.13,328.79,36.705,33.769
370.14,328.97,36.514,33.593
370.11,328.72,36.507,33.586
370.03,328.5,36.905,33.952
370.5,328.82,36.798,33.854
370.86,329.2,36.758,33.817
371.08,329.21,36.853,33.905
371.28,329.16,36.943,33.988
371.16,329.1,37.136,34.165
371.16,329.26,37.23,34.252
371.97,329.74,36.969,34.011
371.62,329.41,37.056,34.091
371.69,329.64,36.95,33.994
372.21,329.95,36.925,33.971
372.24,330.07,36.822,33.877
372.5,330.38,36.675,33.741
372.3,330.42,36.269,33.368
373.03,330.85,35.84,32.973
373.78,330.72,35.981,33.103
374.39,330.23,35.845,32.977
374.81,330.6,36.079,33.192
373.7,330.33,35.77,32.908
375.28,330.78,35.704,32.848
374.02,330.78,35.462,32.625
375.8,330.48,35.54,32.697
375.77,330.17,35.527,32.685
375.63,330.4,35.252,32.432
375.84,331.03,34.986,32.187
375.24,330.73,34.821,32.035
376.23,331.11,34.934,32.14
375.89,331.29,34.745,31.965
376.11,331.21,34.807,32.023
376.45,331.19,34.849,32.062
376.26,331.09,34.936,32.141
376.14,331.05,34.865,32.076
376.26,331.09,34.805,32.021
376.25,331.36,34.277,31.535
376.53,331.49,33.856,31.148
376.17,331.7,33.672,30.979
375.75,331.31,33.6,30.912
376.02,331.02,33.605,30.916
376.11,330.96,33.54,30.857
376.25,331.04,33.431,30.757
376.85,331.3,33.705,31.008
376.5,330.77,33.435,30.76
376.7,331.11,33.667,30.974
376.2,330.68,33.475,30.797
376.67,330.67,33.387,30.716
376.79,330.63,33.707,31.01
376.38,330.35,33.431,30.757
376.86,330.63,33.688,30.993
376.41,330.24,33.514,30.833
376.53,330.11,33.279,30.616
376.89,330.52,33.506,30.825
376.85,330.26,33.275,30.613
376.92,330.22,33.561,30.876
376.59,329.68,33.315,30.65
376.8,329.98,33.686,30.991
376.46,329.61,33.417,30.744
376.74,329.78,33.777,31.075
376.62,329.58,34.038,31.315
376.44,329.28,33.649,30.957
376.53,329.15,33.492,30.813
376.66,329.57,33.417,30.744
376.66,329.42,33.837,31.13
376.53,329.11,34.203,31.467
376.26,328.64,34,31.28
376.16,328.62,33.941,31.226
376.39,328.97,34.001,31.281
375.8,328.37,34.032,31.309
375.58,328.07,34.103,31.375
375.45,327.84,34.255,31.514
375.67,328.12,34.48,31.721
375.01,327.41,34.588,31.821
374.7,327.31,34.681,31.907
374.47,327.21,34.774,31.992
374.77,327.43,35.012,32.211
374.04,326.83,35.173,32.359
373.03,326.38,35.499,32.659
372.5,325.93,35.618,32.768
371.32,325.73,35.55,32.706
370.93,325.67,35.667,32.814
370.35,325.62,35.612,32.763
369.65,325.22,35.733,32.874
369.16,325.33,35.89,33.019
368.49,325.26,36.103,33.215
367.55,324.8,36.118,33.229
366.38,324.57,36.194,33.299
365.89,324.93,36.102,33.214
364.44,324.47,36.179,33.285
363.48,324.85,36.226,33.328
363.36,325.01,36.251,33.351
362.99,325.09,36.067,33.181
361.54,324.62,36.01,33.129
360.66,324.7,35.985,33.106
359.85,324.66,36.071,33.185
359.17,324.48,36.346,33.439
358.4,324.75,36.765,33.823
357.34,324.59,37.052,34.088
355.7,323.9,37.398,34.406
354.66,323.75,37.821,34.796
353.99,324.01,38.175,35.121
353.16,323.68,38.36,35.291
353.02,323.36,38.672,35.578
352.58,323.28,39.077,35.951
352.36,322.89,39.478,36.32
351.64,322.27,40.109,36.9
350.93,322.42,40.331,37.105
350.79,322.03,40.452,37.216
350.32,321.71,40.774,37.512
349.64,321.62,41.021,37.739
349.31,321.59,41.202,37.906
349.09,320.81,41.475,38.157
349.1,321.04,41.886,38.535
348.15,320.64,42.088,38.721
347.55,320.71,42.24,38.861
347.39,320,42.378,38.988
347.37,320.2,42.487,39.088
346.99,320.16,42.442,39.046
347.57,319.95,42.45,39.054
347.64,319.86,42.462,39.065
347.46,319.87,42.492,39.092
347.17,320.13,42.324,38.938
347.33,319.9,42.175,38.801
347.2,319.88,42.175,38.801
347.04,319.89,42.167,38.794
347.33,319.99,42.121,38.751
347.74,320.35,41.981,38.622
347.49,320.14,41.978,38.62
347.55,320.51,41.621,38.291
347.23,320.53,41.452,38.136
347.43,320.96,41.137,37.846
347.46,320.97,40.968,37.69
347.62,320.81,40.94,37.665
347.49,320.35,41.029,37.747
347.57,320.72,41.142,37.851
347.59,320.46,41.134,37.843
347.86,320.34,41.078,37.792
347.95,320.2,41.029,37.746
347.86,320.2,41.041,37.758
347.94,320.09,41.245,37.946
348.92,319.88,41.405,38.093
349.9,320.56,41.389,38.078
350.94,321.41,41.349,38.042
351.91,322.29,41.37,38.06
352.91,323.31,41.225,37.927
353.62,324.11,41.248,37.948
354.79,325.21,41.209,37.912
355.09,325.63,41.357,38.049
355.9,326.16,41.34,38.033
356.31,326.81,41.355,38.046
356.68,327.48,41.292,37.989
357.06,328.01,41.286,37.983
357.65,328.9,41.207,37.911
357.77,329.62,41.233,37.934
358.7,330.5,41,37.72
360.16,331.7,41.168,37.874
360.84,332.32,40.953,37.677
361.7,332.73,40.696,37.44
362.21,334.02,40.537,37.294
362.96,334.72,40.629,37.379
363.28,335.23,40.8,37.536
363.72,335.47,40.71,37.453
364.58,336.68,40.657,37.404
365.08,337.12,40.781,37.519
365.59,337.3,40.738,37.479
365.93,332.87,40.652,37.399
367.56,329.24,40.722,37.464
370.66,325.01,40.822,37.556
372.88,338.28,40.841,37.574
372.28,336.16,41.023,37.741
373.19,334.02,41.29,37.987
373.62,332.92,41.316,38.011
374.01,332.36,41.621,38.291
374.58,331.89,41.591,38.264
374.98,331.36,41.554,38.23
375.11,330.78,41.65,38.318
375.38,330.35,41.387,38.076
375.66,329.53,41.16,37.867
375.87,329.44,40.992,37.712
376.02,328.84,41.203,37.906
376.03,328.19,41.149,37.857
376.47,328.34,41.181,37.886
376.42,327.83,41.27,37.968
375.88,327.11,41.036,37.753
376.2,326.81,40.558,37.313
376.22,325.9,40.691,37.436
376.9,326.13,40.517,37.276
377.19,326.25,40.483,37.245
377.44,326.02,40.572,37.326
377.72,326.06,40.576,37.33
378.51,326.17,40.52,37.279
379.76,326.17,40.415,37.182
381.3,326.08,40.326,37.1
382.05,337.22,40.209,36.992
382.52,337.35,40.215,36.998
383.45,336.98,40.132,36.921
384.36,336.93,39.771,36.589
384.46,336.47,39.614,36.445
384.94,336.27,39.696,36.521
385.29,336.15,39.571,36.405
385.68,336.03,39.409,36.256
385.95,335.57,39.565,36.399
385.99,335.31,39.702,36.526
386.12,334.88,39.627,36.457
386.24,334.48,39.712,36.535
386.4,334.24,39.595,36.428
386.62,333.89,39.554,36.39
386.86,333.21,39.792,36.609
387.01,332.64,39.776,36.594
387.2,332.27,39.744,36.565
387.54,332.18,39.843,36.655
387.77,331.65,39.859,36.671
387.83,331.47,39.979,36.78
387.73,331.23,39.654,36.482
387.95,331.24,39.907,36.715
388.46,330.83,39.654,36.481
388.5,331.31,39.497,36.337
388.76,331.07,39.374,36.224
389.06,331.02,39.415,36.262
389.89,331.21,39.036,35.913
389.9,330.98,38.564,35.479
390.83,331.27,38.271,35.209
392.13,331.46,38.182,35.127
392.81,331.04,38.137,35.086
393.23,331.27,38.11,35.062
393.83,330.94,38.1,35.052
394.09,331.06,37.993,34.954
394.69,330.51,37.951,34.915
396.07,330.18,37.902,34.869
396.37,329.79,37.846,34.818
395.77,330.12,37.889,34.858
395.77,329.78,37.881,34.851
395.86,329.44,37.81,34.785
395.76,329.71,37.827,34.801
395.36,329.55,37.877,34.846
395.12,328.75,37.706,34.689
394.69,328.4,37.495,34.496
393.98,327.86,37.408,34.416
394.18,328.08,37.362,34.373
394.06,328.17,37.313,34.328
393.93,328.42,37.532,34.53
393.5,327.99,37.254,34.274
393.87,328.32,37.304,34.319
393.61,328.5,37.256,34.275
393.32,328.48,37.354,34.366
393.28,328.4,37.489,34.49
392.83,328.12,37.234,34.255
393.18,328.29,37.422,34.428
393.1,328.02,37.425,34.431
392.9,328.04,37.403,34.411
392.93,328.05,37.376,34.386
393.29,327.78,37.243,34.263
393.9,328.03,37.243,34.263
394.16,328.13,37.117,34.148
394.1,328,36.941,33.986
394.63,327.82,36.822,33.877
395.09,328.13,36.67,33.736
395.27,328,36.569,33.644
395.86,327.78,36.074,33.188
396.56,327.94,35.872,33.002
397.19,328.11,35.899,33.027
397.93,328.01,35.962,33.085
398.63,327.65,36.061,33.176
398.86,327.07,36.177,33.283
399.51,327.09,36.356,33.447
400.09,326.97,36.456,33.54
399.91,326.55,36.457,33.54
400.17,326.41,36.685,33.75
400.37,326.46,36.72,33.782
401.07,326.48,36.632,33.701
401.17,325.98,36.73,33.791
401.89,326.55,36.664,33.731
402.06,326.4,36.569,33.644
402.01,326.16,36.26,33.359
402.6,326.59,36.238,33.339
402.94,326.72,36.073,33.187
402.69,326.44,35.937,33.062
403.73,326.08,36.049,33.165
404.23,326.08,35.963,33.086
402.66,328.28,35.727,32.869
408.14,325.49,35.48,32.642
409.83,323.57,35.046,32.242
410.17,323.78,34.855,32.067
410.65,324.59,34.723,31.945
410.62,324.59,34.52,31.759
410.19,324.37,34.129,31.399
409.98,324.26,33.914,31.201
410.06,325.08,33.857,31.148
409.45,325.55,33.561,30.876
409.31,324.98,33.371,30.702
408.91,325.75,33.424,30.75
403.64,328.2,33.4,30.728
403.11,328.21,33.453,30.777
402.52,328.17,33.5,30.82
400.71,328.22,33.517,30.835
398.86,326.63,33.439,30.764
398.02,327.9,33.651,30.959
392.65,326.26,33.487,30.808
391.77,326.9,33.271,30.61
391.25,327.6,33.361,30.692
390.65,328.96,33.494,30.814
389.79,328.95,33.646,30.954
385.68,327.19,33.499,30.819
383.82,326.71,33.168,30.514
383.18,326.52,33.096,30.448
382.59,326.61,32.98,30.342
381.51,326.06,32.827,30.201
380.92,325.64,32.719,30.101
380.19,325.45,32.608,30
378.33,325.38,32.574,29.968
376.97,325.51,32.471,29.873
376.42,325.55,32.492,29.892
375.33,326,32.726,30.108
374.86,326.35,33.11,30.461
373.69,326.22,33.161,30.508
372.77,326.27,33.046,30.402
372.19,326.05,33.069,30.424
371.45,326.2,33.08,30.434
370.94,326.26,33.005,30.365
370.03,326.22,33.283,30.62
369.75,326.32,33.582,30.896
368.9,325.95,33.511,30.831
367.94,325.87,33.426,30.752
367.64,326.03,33.456,30.78
366.6,326.05,33.98,31.261
365.5,325.85,34.346,31.598
364.84,326.65,34.421,31.667
363.7,326.56,34.755,31.975
363,326.51,34.848,32.061
362.11,326.41,35.131,32.32
360.85,326.12,34.835,32.048
360.23,326.48,34.937,32.142
359.54,326.47,34.843,32.055
358.83,326.52,34.738,31.959
358.03,326.46,35.02,32.219
357.01,326.08,35.108,32.3
356.38,325.89,35.034,32.232
356.04,325.89,35.029,32.227
355.16,325.68,35.081,32.275
354.31,325.43,35.086,32.279
354.09,325.51,35.111,32.302
353.84,325.72,34.939,32.143
354.19,326.27,34.911,32.118
354.02,326.22,34.785,32.002
354.05,326.31,34.802,32.018
353.62,326.35,34.826,32.04
353.4,326.49,35.004,32.203
352.98,326.13,34.979,32.18
353.05,326.39,34.953,32.157
353.54,326.78,35.038,32.235
353.62,326.79,35.022,32.22
353.96,327.12,35.107,32.298
354.17,327.39,35.215,32.398
355.03,328.18,35.309,32.484
355.12,328.45,35.52,32.678
355.25,328.06,35.684,32.829
355.83,328.44,35.928,33.054
356.42,328.02,35.999,33.119
356.39,328.13,36.047,33.163
356.39,327.97,36.267,33.365
356.61,328.27,36.399,33.487
356.03,327.96,36.394,33.482
355.42,328.13,36.522,33.6
353.7,327.47,36.305,33.4
352.92,327.8,36.105,33.217
350.07,327.52,36.044,33.161
348.04,327.73,36.075,33.189
345.56,327.82,36.164,33.271
342.26,328.47,36.343,33.436
339.46,329.06,36.706,33.77
335.94,329.1,36.783,33.84
333.02,329.3,37.069,34.103
328.99,328.75,36.977,34.019
326.04,329.04,36.779,33.837
324.36,329.85,36.886,33.935
321.9,329.39,36.824,33.878
320.38,329.61,36.795,33.851
319.64,329.6,36.874,33.924
318.18,329.9,36.855,33.907
317.62,329.81,36.745,33.806
315.47,329.74,36.539,33.616
312.76,329.52,36.221,33.324
313.76,330.16,35.957,33.08
312.39,329.44,35.787,32.924
312.37,330.18,35.587,32.74
312,329.59,35.587,32.74
312.14,329.61,35.628,32.778
312.81,329.46,35.681,32.826
313.71,329.84,35.726,32.868
314.4,329.98,35.69,32.835
314.18,329.88,35.666,32.813
313.84,329.44,35.547,32.704
314.41,329.42,35.386,32.556
314.92,329.65,35.48,32.642
314.71,329.52,35.327,32.501
315.25,328.62,35.609,32.76
314.88,352.02,35.657,32.804
303.05,350.47,35.274,32.452
300.78,343.91,35.159,32.346
282.65,352.01,34.773,31.991
274.52,351.65,34.836,32.049
267.81,343.55,34.787,32.004
260.44,341.73,34.696,31.921
251.91,340.12,34.412,31.659
244.32,339.2,34.236,31.498
235.95,340,34.179,31.444
228.07,340.82,33.874,31.165
220.96,342.71,33.773,31.072
212.82,344.76,33.826,31.12
205.86,347.99,33.95,31.234
216.55,348.81,33.682,30.988
226.58,337.33,33.5,30.82
214.81,329.24,33.5,30.82
207.17,329.07,33.533,30.85
201.01,326.45,33.447,30.772
194.69,324.2,33.467,30.79
192.66,324.96,33.359,30.691
216.04,335.44,33.225,30.567
215.55,334.09,33.278,30.615
215.83,338.03,33.194,30.539
213.58,338.97,33.314,30.649
208.79,341.65,33.38,30.71
207.21,339.89,33.503,30.823
205.33,336.66,33.369,30.699
206.16,339.86,33.198,30.542
204.89,344.6,33.14,30.488
204.66,350.93,32.732,30.114
200.21,352.46,32.22,29.642
199.97,342.87,32.481,29.882
193.22,338.49,32.57,29.964
188.89,337.79,32.687,30.072
177.89,345.68,32.754,30.133
171.16,349.95,32.873,30.243
167.52,344.25,32.567,29.962
165.14,343.09,32.541,29.938
178.24,329.8,32.595,29.987
173.28,326.87,32.94,30.305
172.61,325.48,32.909,30.277
172.41,325.26,32.882,30.252
177.7,342.99,32.895,30.263
182.24,344.02,32.742,30.123
187.13,339.12,32.938,30.303
190.97,338.75,33.055,30.411
193.16,339.7,33.007,30.366
194.07,342.18,32.802,30.178
195.93,342.88,32.738,30.119
196.13,342.29,32.692,30.076
200.31,342.69,32.634,30.023
204.76,343.67,32.533,29.931
207.36,346.17,32.474,29.876
207.62,347.39,32.461,29.865
207.78,347.47,32.405,29.812
208.24,346.59,32.315,29.73
208.35,345.46,32.305,29.72
212.61,344.93,32.341,29.754
213.81,344.58,32.348,29.76
213.78,342.31,32.24,29.661
215.07,328.53,32.297,29.713
213.25,329.21,32.413,29.82
213,329.18,32.562,29.957
211.91,328.58,32.523,29.921
212.16,330.25,32.687,30.072
213.25,330.94,32.763,30.142
212.93,333.18,32.73,30.112
209.21,343.96,32.577,29.971
209.67,345.39,32.514,29.913
210.22,346.55,32.745,30.125
209.83,347.37,32.84,30.213
207.34,347.24,32.902,30.27
206.05,347.57,33.274,30.612
204.19,346.14,33.312,30.647
201.78,344.29,33.466,30.789
200.14,343.4,33.407,30.735
198.63,343.49,33.222,30.564
197.22,342.54,32.97,30.332
196.19,341.84,32.383,29.792
195.84,341.74,32.284,29.701
195.7,341.82,32.269,29.688
195.48,342.51,32.203,29.627
196.53,341.79,32.168,29.594
211.4,326.82,32.358,29.77
211.54,326.46,32.704,30.088
202.84,343.52,32.976,30.338
202.24,343.55,33.232,30.574
201.7,342.97,33.548,30.864
201.44,341.86,33.38,30.709
202.4,344,33.387,30.716
205.19,342.66,33.413,30.74
206.49,344.59,32.948,30.312
206.25,345.45,32.806,30.181
206.45,346.57,32.985,30.346
204.28,346.48,32.958,30.321
202.78,346.44,32.858,30.23
201.83,346.26,32.548,29.944
200.72,346.08,32.358,29.769
200.31,345.77,32.215,29.638
199.26,345.76,32.067,29.502
198.68,346.04,32.068,29.502
198.28,345.94,31.895,29.344
198.45,345.8,31.603,29.075
198.57,345.79,31.322,28.816
200.82,346.78,31.221,28.723
204.26,346.72,30.739,28.28
208.1,349.64,30.831,28.364
208.98,350.16,31.071,28.585
209.35,349.38,31.367,28.858
205.39,349.65,31.493,28.974
202.87,348.7,31.518,28.997
201.13,348.03,31.563,29.038
199.67,347.52,31.218,28.721
198.9,347.48,31.143,28.652
197.42,346.21,31.168,28.674
196.54,345.57,31.211,28.715
195.65,344.94,31.225,28.727
194.37,344.37,31.269,28.767
193.36,344.38,31.092,28.605
192.24,343.9,30.528,28.086
192.24,344.19,29.881,27.491
192.9,344.18,29.729,27.351
193.57,344.39,29.623,27.253
193.93,344.17,29.671,27.297
193.22,344.21,29.713,27.336
192.83,344.48,29.821,27.435
192.67,344.47,29.985,27.587
193,343.97,30.146,27.734
194.27,343.5,30.517,28.076
194.89,343.48,30.69,28.235
195.74,342.89,30.262,27.841
197.21,342.28,30.979,28.501
200.07,341.35,30.531,28.089
202.78,340.99,30.525,28.083
206.01,339.76,30.732,28.273
208.92,340.02,30.564,28.119
213.1,339.56,30.608,28.159
217.75,339.72,30.487,28.048
224.8,343.39,30.506,28.065
229.16,347.15,30.31,27.885
232.2,348.56,30.353,27.925
240.15,356.47,30.493,28.053
247.22,353.79,30.732,28.273
256.17,349.34,30.718,28.26
267.92,346.73,30.955,28.479
311.66,331.27,31.14,28.649
313.1,329.9,31.583,29.056
313.84,329.81,32.152,29.579
314.09,328.73,32.526,29.924
315.82,328.32,33.009,30.368
317.31,327.05,33.149,30.497
319.42,326.08,33.076,30.43
322.3,325.55,33.014,30.373
323.3,325.27,33.067,30.422
324.52,325.02,33.111,30.462
324.27,326.4,33.227,30.569
323.59,327.89,33.31,30.645
322.89,329.92,33.265,30.604
321.56,330.96,33.163,30.51
320.55,332.33,33.103,30.455
320.03,333.96,32.867,30.238
319.47,336.01,32.832,30.206
320.62,337.54,32.917,30.284
321.83,338.55,32.99,30.351
323.81,338.66,33.052,30.408
324.76,337.15,33.049,30.405
321.97,335.52,32.948,30.312
319.17,334.56,32.929,30.294
314.8,333.18,32.765,30.144
328,342.38,32.885,30.254
326.58,339.65,32.961,30.324
323.81,336.38,33.047,30.403
321.93,333.27,32.883,30.252
327.96,333.56,32.994,30.355
333.12,343.44,33.134,30.483
331.31,342.66,33.22,30.562
330.3,342.06,33.198,30.542
328.79,341.15,33.147,30.496
327.63,340.24,33.18,30.526
326.46,339.48,33.196,30.54
325.09,338.63,33.272,30.611
324.44,338.19,33.253,30.593
322.97,337.15,33.219,30.562
323.86,338.63,33.2,30.544
324.88,340.06,33.074,30.428
326.02,341.64,33.099,30.451
326.9,342.96,33.005,30.365
326.76,343.39,33.138,30.487
326.33,342.75,33.158,30.505
326.2,342.63,33.187,30.532
326.03,342.58,33.209,30.552
326.01,342.52,33.307,30.642
326.09,342.61,33.378,30.708
325.93,342.51,33.464,30.787
325.38,342.14,33.524,30.842
325.27,341.77,33.384,30.713
326.22,342.24,33.401,30.729
325.92,341.79,33.383,30.713
325.68,341.75,33.309,30.644
325.58,341.67,33.278,30.616
325.46,341.49,33.289,30.626
324.67,341.35,33.185,30.53
331.9,350.73,33.298,30.634
339.27,351,33.151,30.499
345.97,351.22,33.029,30.387
352.99,351.5,32.784,30.162
359.52,351.45,32.662,30.049
366.18,350.62,32.62,30.011
371.9,348.49,32.392,29.801
376.9,347.74,32.459,29.862
380.36,346.55,32.205,29.628
385.98,346.88,32.234,29.655
389.88,346.29,32.292,29.708
396.45,346,32.237,29.658
401.75,347.21,32.161,29.589
408.2,348.32,32.028,29.466
417.4,345.43,32.106,29.537
423.01,346.33,31.863,29.314
430.59,347.57,31.797,29.253
441.19,343.77,31.309,28.804
447.79,343.39,31.259,28.758
455.55,343.1,31.304,28.8
463.29,342.32,31.582,29.055
473.38,339.75,31.254,28.754
480.74,339.41,31.173,28.679
489.96,339.52,31.053,28.569
498.09,339.45,31.031,28.549
507.23,341.22,31.421,28.908
514.76,341.44,31.375,28.865
521.24,342,31.176,28.682
527.95,342.66,30.765,28.304
535.42,343.49,30.86,28.391
541.24,344,30.912,28.439
548.31,342.5,31.178,28.684
553.11,340.83,30.991,28.512
559.33,338.49,30.951,28.475
564.21,338.38,31.125,28.635
570.66,336.77,31.156,28.664
575.09,336.52,31.216,28.719
581.61,337.89,31.073,28.587
586.88,339.29,30.883,28.412
592.39,341.1,30.588,28.141
594.87,341.82,30.327,27.9
595.71,342.55,30.125,27.715
596.65,341.67,30.038,27.635
599.48,340.73,29.933,27.538
601.13,339.82,30.036,27.633
601.43,339.21,29.7,27.324
601.35,339.1,29.498,27.138
601.39,339.75,29.373,27.023
599.38,340.58,29.296,26.953
596.29,339.64,29.346,26.999
593.12,340.35,29.429,27.075
592.42,340.52,29.569,27.203
577.93,339.3,29.439,27.083
570.56,331.36,29.329,26.983
561.9,319.7,29.401,27.049
564.41,340.9,29.245,26.905
557.73,342.38,29.291,26.947
552.52,343.87,29.182,26.848
545.76,367.69,29.21,26.874
546.37,368.21,29.28,26.938
546.13,368.41,29.364,27.015
545.43,368.69,29.354,27.006
547.95,364.5,29.517,27.155
547.62,364.81,29.756,27.376
545.39,367.06,29.742,27.363
544.76,367.73,29.814,27.428
544.15,367.9,29.91,27.517
543.91,367.45,29.94,27.545
543.52,366.93,30.046,27.643
542.81,366.5,29.93,27.535
543.31,366.27,29.815,27.43
542.29,367.09,29.848,27.46
542.07,366.71,29.73,27.351
541.83,366.52,29.7,27.324
541.52,366.3,29.582,27.216
540.84,366.58,29.564,27.199
540.26,366.77,29.48,27.122
540.09,366.64,29.406,27.054
539.77,366.72,29.333,26.986
539.5,366.51,29.388,27.037
538.98,366.57,29.375,27.025
538.51,366.58,29.319,26.973
538.09,366.61,29.381,27.031
537.59,366.66,29.291,26.948
537.16,366.81,29.35,27.002
536.5,366.96,29.452,27.096
535.92,366.92,29.364,27.015
535.64,367.08,29.446,27.091
535.32,367.42,29.397,27.045
534.76,367.39,29.358,27.009
534.3,367.39,29.399,27.047
533.83,367.43,29.458,27.102
533.19,367.44,29.411,27.058
532.91,367.6,29.45,27.094
532.71,367.54,29.339,26.992
532.88,367.7,29.406,27.054
532.9,367.71,29.383,27.032
532.99,367.85,29.352,27.004
533.02,367.88,29.35,27.002
533.1,367.86,29.362,27.013
533.14,367.86,29.373,27.023
533.35,367.86,29.33,26.984
533.47,367.83,29.397,27.045
533.64,367.86,29.323,26.977
533.75,367.83,29.353,27.005
533.82,367.86,29.329,26.982
533.91,367.82,29.391,27.04
534.01,367.93,29.317,26.971
534.05,367.85,29.387,27.036
534.27,367.85,29.306,26.962
534.27,367.83,29.342,26.994
534.33,367.88,29.387,27.036
534.56,367.96,29.23,26.892
534.59,367.99,29.332,26.985
534.53,367.88,29.621,27.251
534.55,367.89,29.453,27.097
534.76,368,29.277,26.935
534.71,367.87,29.756,27.376
534.7,367.86,29.891,27.499
534.7,367.79,30.061,27.656
534.62,367.7,30.134,27.724
534.69,367.7,30.135,27.724
534.83,367.72,30.147,27.735
534.94,367.8,30.09,27.683
535.11,367.79,30.086,27.679
535.19,367.78,30.045,27.641
535.3,367.82,29.994,27.594
535.45,367.82,29.958,27.561
535.52,367.78,30.038,27.635
535.57,367.75,30.08,27.673
535.67,367.68,30.155,27.743
535.69,367.66,29.827,27.441
536.06,367.96,29.854,27.466
536.21,367.94,29.822,27.436
536.31,367.83,29.801,27.417
536.42,367.93,29.749,27.369
536.56,367.92,29.715,27.338
536.65,368,29.671,27.297
536.58,367.84,29.339,26.992
536.95,368,29.637,27.266
536.89,367.88,29.713,27.336
537.04,367.96,29.73,27.351
537.09,367.94,29.745,27.365
537.19,367.86,29.791,27.408
537.32,367.85,29.809,27.425
537.46,367.8,29.853,27.464
537.71,367.91,29.537,27.174
537.83,367.91,29.386,27.035
538.08,368.02,29.199,26.863
538.19,367.97,29.246,26.906
538.29,367.94,29.253,26.912
538.36,367.91,29.294,26.951
538.48,367.91,29.275,26.933
538.58,367.94,29.271,26.929
538.67,367.86,29.237,26.898
538.79,367.83,29.23,26.891
538.86,367.87,29.185,26.85
538.91,367.82,29.103,26.775
538.93,367.72,29.225,26.887
539.01,367.73,29.354,27.006
539.13,367.73,29.312,26.967
539.18,367.71,29.281,26.938
539.24,367.64,29.334,26.988
539.33,367.55,29.341,26.993
539.39,367.56,29.347,26.999
539.47,367.51,29.339,26.992
539.52,367.5,29.347,27
539.67,367.32,29.349,27.001
539.72,367.3,29.399,27.047
539.81,367.28,29.32,26.975
539.75,367.1,29.63,27.26
539.68,367.03,29.725,27.347
539.77,366.94,29.799,27.415
539.83,366.84,29.86,27.472
540.04,366.85,29.617,27.248
540.16,366.93,29.364,27.015
540.34,366.88,29.26,26.919
540.4,366.74,29.317,26.971
540.61,366.64,29.276,26.934
540.68,366.58,29.383,27.033
540.8,366.5,29.313,26.968
540.78,366.16,29.573,27.207
540.76,366.11,29.618,27.249
540.76,365.96,29.712,27.335
540.77,365.81,29.84,27.453
540.95,365.85,29.553,27.189
541.05,365.8,29.393,27.041
541.26,365.72,29.315,26.97
541.22,365.57,29.413,27.06
541.32,365.55,29.388,27.037
541.42,365.41,29.406,27.053
541.44,365.11,29.501,27.141
541.44,365,29.559,27.195
541.41,364.86,29.686,27.312
541.35,364.62,29.5,27.14
541.68,364.77,29.404,27.052
541.78,364.67,29.354,27.005
541.75,364.47,29.436,27.082
541.98,364.61,29.514,27.153
541.74,364.23,29.611,27.242
541.78,364.04,29.717,27.339
541.82,363.88,29.854,27.465
541.95,363.85,29.643,27.272
542,363.78,29.547,27.183
542.08,363.71,29.54,27.177
542.11,363.6,29.546,27.183
542.19,363.48,29.552,27.188
542.25,363.37,29.578,27.212
542.29,363.14,29.622,27.252
542.3,362.97,29.705,27.329
542.57,362.87,29.463,27.106
542.66,362.83,29.325,26.979
542.73,362.69,29.346,26.998
542.7,362.54,29.451,27.095
542.75,362.55,29.45,27.094
542.75,362.48,29.444,27.089
542.99,362.49,29.587,27.22
542.78,362.1,29.702,27.326
542.79,361.8,29.841,27.454
542.99,361.79,29.57,27.205
543.1,361.74,29.458,27.101
543.16,361.64,29.439,27.083
543.44,361.75,29.44,27.085
543.51,361.67,29.447,27.091
543.58,361.57,29.489,27.13
543.35,361.23,29.53,27.168
543.39,360.97,29.609,27.24
543.38,360.87,29.686,27.311
543.28,360.6,29.528,27.165
543.68,360.81,29.399,27.047
543.8,360.65,29.305,26.96
543.78,360.54,29.382,27.032
543.76,360.4,29.508,27.147
543.77,360.2,29.621,27.252
543.76,360.03,29.726,27.348
543.81,359.9,29.814,27.429
543.97,359.84,29.626,27.256
544.04,359.8,29.531,27.169
544.11,359.73,29.488,27.129
544.19,359.62,29.432,27.077
544.49,359.71,29.427,27.073
544.6,359.61,29.434,27.08
544.69,359.5,29.424,27.07
544.53,359.16,29.408,27.056
544.81,359.07,29.112,26.783
544.79,358.96,29.116,26.787
544.83,358.83,29.167,26.834
544.8,358.66,29.34,26.993
544.75,358.44,29.575,27.209
544.72,358.36,29.669,27.296
544.62,358.08,29.641,27.27
544.89,358.01,29.788,27.405
544.97,357.81,29.858,27.469
545.15,357.82,29.657,27.284
545.26,357.75,29.531,27.168
545.44,357.69,29.423,27.069
545.52,357.55,29.364,27.015
545.54,357.47,29.416,27.063
545.65,357.38,29.407,27.055
545.73,357.19,29.404,27.052
545.81,357.06,29.509,27.148
545.8,357,29.576,27.21
545.79,356.86,29.676,27.302
545.85,356.72,29.257,26.916
546.17,356.81,29.307,26.963
546.24,356.73,29.292,26.949
546.35,356.58,29.318,26.973
552.64,350.52,29.391,27.04
559.76,344.96,29.533,27.17
552.89,355.89,29.382,27.031
550.01,357.77,29.244,26.904
546.32,358.96,29.78,27.398
542.82,360.39,29.783,27.401
539.75,361.86,29.648,27.276
558.66,358.41,29.543,27.179
549.85,362.08,29.672,27.298
540.71,361.84,29.226,26.888
552.38,362.65,29.279,26.937
563.86,363.87,29.325,26.979
561.91,367.89,29.306,26.962
557.74,367.46,29.402,27.05
553.8,366.75,29.209,26.872
549.86,366.05,29.181,26.847
545.89,365.01,29.253,26.913
562.79,367.91,29.253,26.913
558.44,368.01,29.715,27.338
553.76,367.76,29.639,27.268
552.45,364.88,29.699,27.323
568.85,374.85,29.243,26.903
567.91,376.85,29.316,26.971
560.95,379.93,29.261,26.92
560.8,370.86,29.413,27.06
560.92,370.8,29.137,26.806
560.78,370.54,29.439,27.084
561,370.61,29.514,27.152
560.73,370.29,29.594,27.226
560.7,369.94,29.803,27.419
560.61,369.72,29.971,27.574
560.69,369.78,29.794,27.411
560.74,369.55,29.73,27.352
560.78,369.44,29.706,27.329
560.79,369.31,29.731,27.352
560.77,369.07,29.786,27.403
560.8,368.89,29.884,27.493
560.77,368.75,29.995,27.595
560.94,368.8,29.757,27.377
561.06,368.65,29.621,27.251
561.24,368.85,29.454,27.097
561.18,368.91,29.594,27.227
560.8,374.94,29.463,27.106
560.85,374.83,29.348,27
560.82,374.73,29.242,26.903
560.77,374.56,29.327,26.981
560.8,374.45,29.335,26.988
560.78,374.24,29.377,27.027
560.81,374.14,29.36,27.011
560.76,374,29.459,27.103
560.73,373.92,29.628,27.258
560.75,373.85,29.595,27.227
560.76,373.74,29.58,27.214
560.77,373.64,29.616,27.247
560.75,373.49,29.676,27.302
560.57,373.21,29.546,27.182
560.78,373.21,29.704,27.328
560.72,373.02,29.82,27.434
560.67,372.9,29.934,27.539
560.82,373,30.069,27.663
560.69,372.76,29.867,27.478
560.72,372.63,29.829,27.443
560.7,372.5,29.843,27.456
560.66,372.35,29.876,27.486
560.66,372.21,29.954,27.557
560.66,372.05,30.053,27.649
560.63,371.94,30.124,27.714
560.54,371.73,30.3,27.876
560.51,371.56,30.37,27.941
560.72,371.65,29.969,27.572
560.74,371.64,29.917,27.524
560.96,371.69,29.936,27.541
560.93,371.55,29.993,27.593
560.71,371.2,30.033,27.631
560.67,371.07,30.085,27.678
560.64,370.87,30.177,27.763
560.58,370.67,29.794,27.41
560.85,370.79,29.686,27.311
560.75,370.59,29.458,27.102
561.01,370.78,29.399,27.047
560.97,370.58,29.42,27.067
560.96,370.47,29.437,27.082
561.17,370.58,29.51,27.15
560.85,370.22,29.647,27.275
560.81,370.01,29.756,27.375
560.73,369.82,29.905,27.513
560.64,369.68,30.063,27.658
560.82,369.74,29.852,27.464
560.84,369.49,29.695,27.32
560.48,369.48,29.716,27.339
561.06,368.98,29.751,27.371
562.79,352.6,29.817,27.432
571.57,351.08,29.655,27.283
582.82,344.17,29.757,27.377
593.15,351.08,29.66,27.288
602.15,351.24,29.678,27.304
610.92,352.44,29.691,27.316
619.3,352.94,29.888,27.497
626.63,346.14,29.853,27.465
636.62,346.15,29.877,27.487
643.39,349.86,29.698,27.322
650.53,349.95,29.827,27.441
657.52,351.63,29.629,27.259
664.19,342.47,29.581,27.215
671.19,339.8,29.637,27.266
684.38,340.45,29.912,27.519
685.23,340.18,29.776,27.394
692.89,338.85,30.036,27.633
703.26,339.06,29.931,27.536
721.15,351.5,30.01,27.609
727.24,346.53,29.796,27.412
742.04,347.74,29.609,27.24
751.91,349.13,29.741,27.362
755.36,347.43,29.589,27.222
768.94,347.03,29.76,27.38
775.69,347.26,29.885,27.495
781.66,350.07,29.852,27.464
783.67,349.76,29.92,27.527
785.14,350.66,29.904,27.512
784.63,349.96,29.999,27.599
783.86,350.74,30.079,27.673
782.62,350.44,30.007,27.607
781.08,352.32,30.072,27.667
779.15,353.07,30.066,27.661
775.83,351.65,29.876,27.486
774.1,349.98,29.817,27.431
772.52,347.7,29.474,27.116
768.46,344.9,29.252,26.912
767.05,344.38,29.056,26.732
767.66,345.51,28.95,26.634
767.02,345.89,28.949,26.633
765.76,344.83,28.723,26.426
764.34,344.35,28.599,26.311
758.8,341.23,28.383,26.112
755.13,340.72,28.202,25.946
752.51,342.27,28.106,25.858
745.47,342.6,28.259,25.998
739.58,343.08,28.326,26.06
732.15,343.29,28.235,25.976
722.95,339.8,28.254,25.994
718.14,341.96,28.141,25.89
714.97,343.87,28.015,25.774
712.97,344.54,28.212,25.955
713.57,334.35,28.529,26.247
712.76,333.02,28.653,26.361
712.22,332.81,28.682,26.388
712.35,333.49,28.807,26.503
710.93,330.87,29.023,26.701
711.65,332.72,29.006,26.685
711.13,331.68,28.975,26.657
711.64,333.17,29.14,26.808
710.91,332.47,29.235,26.896
711.16,333.67,29.202,26.866
710.33,332.34,29.222,26.884
710.6,333.66,29.217,26.88
709.82,332.44,29.272,26.93
709.89,333.16,29.234,26.895
709.6,332.94,29.275,26.933
709.26,333.11,29.305,26.961
709.45,333.39,29.216,26.879
709.27,333.43,29.156,26.824
709.27,333.51,29.055,26.731
709.05,333.47,28.949,26.633
708.79,333.44,28.954,26.638
708.62,333.43,28.972,26.654
708.46,333.51,28.99,26.671
708.26,333.52,28.972,26.654
707.93,333.51,28.968,26.65
707.78,333.43,28.973,26.656
707.49,333.39,28.931,26.616
707.2,333.61,28.824,26.518
707.04,333.62,28.83,26.523
706.73,333.55,28.84,26.533
706.56,333.55,28.776,26.474
706.52,333.58,28.67,26.377
706.36,333.48,28.594,26.306
706.05,333.45,28.542,26.259
705.8,333.41,28.462,26.185
705.33,333.29,28.379,26.109
705.27,333.47,28.385,26.114
705.12,333.36,28.502,26.222
704.85,333.12,28.567,26.282
704.59,333.03,28.577,26.291
704.51,333.08,28.494,26.214
704.32,333.07,28.411,26.138
704.09,333.13,28.308,26.044
703.93,333.08,28.229,25.971
703.68,333.06,28.269,26.007
703.5,333.07,28.186,25.931
703.12,332.92,28.217,25.959
703.19,333.04,28.231,25.972
702.72,332.83,28.269,26.008
702.5,332.82,28.138,25.887
702.21,332.62,28.375,26.105
702.07,332.59,28.371,26.101
701.87,332.54,28.361,26.093
701.77,332.57,28.266,26.005
701.59,332.47,28.237,25.978
701.42,332.45,28.175,25.921
701.15,332.33,28.315,26.049
701.04,332.21,28.32,26.054
700.89,332.14,28.32,26.054
700.74,332.01,28.278,26.016
700.52,331.96,28.243,25.983
700.42,331.9,28.157,25.904
700.29,331.74,28.301,26.037
700.17,331.7,28.267,26.006
700.09,331.59,28.225,25.967
700.19,331.67,28.245,25.986
699.87,331.27,28.273,26.011
699.8,331.17,28.261,26
699.72,331.06,28.228,25.97
699.63,330.93,28.21,25.953
699.87,331.09,28.096,25.848
699.54,330.74,28.079,25.832
699.41,330.57,28.094,25.846
699.38,330.5,28.12,25.871
699.31,330.35,28.127,25.876
699.18,330.22,28.208,25.952
699.3,330.31,28.184,25.929
698.96,330.05,28.191,25.936
698.85,330.09,28.2,25.944
698.98,330.42,28.214,25.956
698.99,330.54,28.167,25.914
698.78,330.38,28.151,25.899
698.75,330.47,28.073,25.827
698.77,330.59,28.004,25.764
698.69,330.64,28.099,25.851
698.74,330.74,28.075,25.829
698.75,330.84,28.079,25.833
698.73,330.91,28.08,25.833
698.75,330.99,28.035,25.792
698.7,331.05,28.11,25.861
698.71,331.17,28.094,25.846
698.72,331.31,28.054,25.81
698.68,331.34,28.167,25.914
698.69,331.45,28.135,25.884
698.69,331.57,28.089,25.842
698.71,331.62,28.095,25.848
698.71,331.68,28.121,25.871
698.73,331.73,28.14,25.889
698.74,331.8,28.139,25.888
698.77,331.93,28.134,25.883
698.76,331.96,28.173,25.919
698.79,332.05,28.167,25.913
698.8,332.15,28.182,25.927
698.78,332.24,28.2,25.944
698.91,332.5,28.298,26.034
698.88,332.36,28.181,25.927
698.8,332.47,28.207,25.951
699.01,332.79,28.253,25.993
698.83,332.6,28.249,25.989
698.69,332.61,28.279,26.017
232.38,320.51,28.239,25.979
244.82,322.86,27.875,25.645
245.34,321.55,27.582,25.375
245.68,321.79,27.638,25.427
245.86,320.81,27.598,25.39
245,321.4,27.589,25.382
245.14,321.12,27.536,25.333
244.92,321.34,27.533,25.33
244.01,321.68,27.462,25.265
243.11,321.37,27.317,25.131
243.51,320.66,27.139,24.968
243.97,320.77,27.083,24.916
243.96,320.89,26.909,24.757
243.3,320.39,26.89,24.739
243.34,320.1,26.702,24.566
243.63,320.67,26.807,24.662
243.36,320.14,26.614,24.485
243.77,320.45,26.747,24.607
244.05,320.44,26.829,24.683
244.04,320.26,26.566,24.441
244.68,320.59,26.739,24.6
244.9,320.53,26.807,24.662
245.09,320.29,26.501,24.381
244.94,320.08,26.273,24.171
245.39,320.42,26.412,24.299
245.17,320.2,26.2,24.104
245.91,320.48,26.095,24.008
246.23,320.5,25.921,23.847
246.29,320.23,25.876,23.806
246.36,320.17,25.777,23.714
247.25,320.32,25.794,23.73
247.49,320.44,25.708,23.651
247.65,320.36,25.711,23.654
247.64,320.34,25.78,23.718
247.75,320.58,25.777,23.715
247.76,320.47,25.791,23.728
247.72,320.58,25.737,23.678
247.89,320.63,25.607,23.558
247.76,320.32,25.538,23.495
247.6,320.15,25.21,23.194
248.19,320.62,25.057,23.053
247.94,320.3,24.842,22.855
248.44,320.66,25.011,23.01
248.06,320.32,24.79,22.807
248.71,320.5,24.983,22.985
248.22,320.2,24.905,22.912
248.7,320.52,24.845,22.857
248.8,320.66,24.908,22.916
248.75,320.73,24.844,22.856
249,320.78,25.035,23.033
248.69,320.46,24.736,22.757
249.18,320.68,24.908,22.916
249,320.76,24.823,22.837
249.13,320.97,24.985,22.986
248.63,320.65,24.758,22.777
249.02,321.25,24.753,22.773
248.9,321.36,24.79,22.807
248.83,321.64,24.804,22.819
248.7,321.69,24.859,22.87
248.62,321.9,24.782,22.8
248.47,321.91,24.876,22.886
248,321.67,25,23
247.87,321.76,24.849,22.861
248.17,322.08,25.098,23.09
247.66,321.83,25.021,23.02
247.75,321.99,24.912,22.919
247.93,322.37,24.921,22.927
248.06,322.71,24.871,22.881
248.25,322.91,24.871,22.882
248.55,323.28,25.049,23.045
248.75,323.34,24.91,22.917
249.92,323.74,24.912,22.919
251.22,323.83,24.825,22.839
253.45,323.78,24.813,22.828
256.06,324.83,24.788,22.805
257.86,328.31,24.703,22.726
258.92,331.09,24.662,22.689
260.52,332.36,24.712,22.735
259.64,336.58,24.802,22.818
260.07,336.45,25.014,23.013
260.1,334.98,25.086,23.079
265.04,332.61,24.988,22.989
280.21,351.99,25.157,23.144
282.19,342.29,25.172,23.158
288.41,330.12,25.247,23.227
305.43,326.42,25.047,23.043
305.92,324.98,25.004,23.004
306.82,323.66,25.143,23.131
307.49,322.87,25.209,23.193
308.73,322.74,25.196,23.181
309.82,321.8,25.199,23.183
311.46,320.7,25.014,23.013
310.13,322.72,24.962,22.965
311.45,310.97,24.944,22.949
306.21,328.11,24.975,22.977
314.87,323.59,25.034,23.031
314.02,327.57,25.012,23.011
309.4,328.79,25.126,23.116
305.94,329.98,25.152,23.14
303.96,333.33,25.28,23.258
317.42,333.67,25.363,23.334
314.51,333.66,25.412,23.379
311.24,334.38,25.464,23.427
308.27,334.22,25.41,23.378
305.76,335.4,25.383,23.353
318.99,340.21,25.4,23.368
318.41,340.53,25.317,23.292
316.46,340.43,25.266,23.245
312.32,340.83,25.261,23.24
308.61,340.49,25.239,23.22
308.6,337.3,25.211,23.194
310.71,341.79,25.13,23.119
306.64,342.19,25.044,23.041
302.09,342.58,25.013,23.012
298.51,343.06,24.981,22.983
294.22,343,24.993,22.993
293.73,342.6,24.93,22.936
294.01,342.46,24.943,22.948
294.24,342.09,25.128,23.118
294.94,342.06,25.287,23.264
295.45,341.97,25.3,23.276
295.8,341.75,25.444,23.409
296.07,341.14,25.512,23.471
296.61,341.17,25.385,23.354
297.21,341.54,25.368,23.338
297.89,342.69,25.108,23.099
299.01,344.3,24.956,22.959
300.38,346,24.735,22.757
302.7,345.92,24.816,22.83
293.86,352.42,25.197,23.181
297.02,352.38,25.063,23.058
300.69,359.32,25.032,23.03
303.5,357.7,25.06,23.055
306.29,356.91,25.018,23.017
307.57,352.02,24.924,22.93
