782.5,275.5,172,77
784.38,276.64,170.51,76.331
779.29,276.55,170.41,76.287
769.12,276.95,170.57,76.362
754.53,276.92,172.87,77.39
748.36,276.89,171.47,76.761
740.36,276.55,174.06,77.923
733.76,276.43,176.55,79.039
727.4,277.47,176.2,78.88
719.01,277.29,178.61,79.958
708.6,277.08,178.53,79.922
701.97,276.91,179.8,80.492
695.84,277.08,179.35,80.291
690.08,276.91,181.77,81.375
678.47,276.74,183.56,82.177
674.17,276.45,180.55,80.829
666.77,276.71,179.24,80.239
663.22,277.1,175.53,78.579
656.27,277.33,173.35,77.605
639.33,277.81,177.39,79.413
630.74,277.75,178.79,80.041
623.67,277.46,179.36,80.297
615.94,277.74,178.51,79.913
608.08,277.72,179.79,80.486
599.86,277.99,181.73,81.358
588.27,278.93,187.6,83.984
580.53,279.34,190.8,85.415
575.55,278.68,194.67,87.149
573.96,278.59,194.88,87.243
569.47,278.62,197.33,88.337
558.81,278.36,193.51,86.629
554.2,278.57,191.54,85.748
577.6,281.67,194.23,86.95
577.72,280.58,194.72,87.17
577.06,279.97,194.3,86.981
569.88,279.85,197.93,88.61
573.76,278.62,199.16,89.161
572.47,278.53,200.65,89.824
573.97,278.37,199.8,89.446
572.82,278.97,201.3,90.116
572.68,278.28,202.84,90.808
573.4,278.72,202.85,90.81
572.15,278.52,203,90.878
574.05,278.11,202.09,90.47
573.76,277.87,201.33,90.132
572.14,278.9,202.49,90.649
572.14,279.1,202.8,90.79
570.9,278.88,203.7,91.193
571.97,278.87,203.58,91.137
571.9,278.49,203.61,91.15
571.81,278.52,203.53,91.116
572.04,278.66,203.44,91.076
572.43,278.67,203.21,90.974
573.84,278.72,202.69,90.738
572.55,279.06,204.16,91.396
572.79,278.89,203.69,91.187
573,278.56,203.2,90.966
574.12,278.65,202.63,90.714
573.63,278.83,204.15,91.394
572.6,278.72,205.15,91.84
569.51,277.51,202.85,90.811
569.81,278.29,201.95,90.408
572.55,278.19,201.42,90.169
571.6,278.81,202.33,90.576
571.76,278.28,203.27,90.999
572.63,278.32,201.69,90.291
572.57,278.57,202.42,90.616
571.27,278.09,203.34,91.032
572.31,277.97,201.58,90.242
571.27,278.55,203.04,90.898
572.77,278.36,201.45,90.182
571.61,278.56,202.69,90.74
571.73,278.35,203.35,91.033
572.49,278.15,201.69,90.291
571.92,278.16,202.97,90.866
571.53,277.98,203.49,91.097
572.46,278.15,201.45,90.182
572.47,278.52,202.19,90.516
572.37,278.17,201.69,90.292
571.82,278.12,203.27,90.998
572.21,278.13,201.4,90.161
572.68,278.42,202.26,90.545
572.49,278.02,201.79,90.335
572.65,278.14,201.61,90.257
572.22,278.17,202.75,90.767
572.04,278.28,203.28,91.001
572.64,277.95,201.69,90.291
573.22,278.4,201.08,90.017
572.34,278.2,202.38,90.602
572.85,278.32,201.45,90.183
572.52,278.44,202.56,90.682
572.14,278.3,203.24,90.985
572.89,277.88,201.4,90.162
573.15,278.2,202.57,90.685
572.27,278.15,203.17,90.952
573.28,277.81,201.27,90.102
573.06,278.35,202.7,90.743
572.82,278.19,203.29,91.009
573.24,277.97,201.25,90.092
572.89,278.32,202.93,90.847
572.6,278.13,203.33,91.026
573.27,277.9,201.45,90.185
572.91,278.24,203.05,90.901
573.41,278.2,201.59,90.248
