90.5,287.5,16,36
90.585,288.95,15.935,35.854
91.415,288.93,15.873,35.715
92.423,289.31,15.805,35.561
93.034,289.39,15.837,35.633
93.592,289.49,15.779,35.503
93.839,289.4,15.899,35.773
94.31,289.19,16.025,36.057
94.566,289.12,16.02,36.044
95.743,289.21,16.007,36.015
97.141,289.23,16.001,36.003
97.79,289.07,16.032,36.071
98.263,289.06,16.017,36.039
98.785,289.18,15.982,35.959
99.473,289.13,15.978,35.951
100.05,289.02,15.967,35.927
100.51,288.93,15.985,35.966
100.77,288.81,16.035,36.079
101.31,288.8,16.001,36.003
102,288.85,16.016,36.035
102.92,288.84,16.008,36.017
103.78,288.99,16.002,36.005
104.61,289,16.022,36.05
105.28,288.97,16.051,36.115
105.45,288.88,16.08,36.18
106.51,289.21,16.131,36.294
107.53,289.36,16.038,36.085
107.7,288.83,15.961,35.912
108.55,288.76,15.94,35.865
109.71,289.12,15.94,35.865
110.5,289.17,15.925,35.83
111.2,289.18,15.926,35.834
111.63,289.18,15.94,35.864
112.11,289.19,15.948,35.883
112.66,289.24,15.999,35.998
113.34,289.28,16.04,36.09
114.05,289.3,16.084,36.19
115.01,289.76,16.054,36.121
115.83,289.89,16.011,36.024
116.53,289.46,16.024,36.055
117.18,289.57,15.991,35.979
117.95,289.62,15.953,35.894
118.58,289.56,15.966,35.923
119.24,289.42,16.008,36.017
120,289.34,16.079,36.177
120.75,289.54,16.053,36.12
121.4,289.47,16.058,36.131
121.89,289.34,16.117,36.262
122.57,289.49,16.138,36.31
123.38,289.6,16.143,36.321
124.49,289.65,16.166,36.373
125.19,289.61,16.214,36.48
125.75,289.32,16.225,36.507
126.69,289.13,16.261,36.587
128.19,289.07,16.234,36.526
129.2,289.07,16.232,36.522
130.06,289.04,16.206,36.463
130.95,289.22,16.179,36.403
131.77,289.25,16.163,36.366
133.03,289.25,16.164,36.369
133.77,289.16,16.197,36.444
134.32,289.14,16.217,36.487
134.52,288.92,16.177,36.399
135.25,289.18,16.156,36.351
136.31,289.44,16.125,36.281
136.94,289.4,16.117,36.264
137.63,289.38,16.066,36.148
137.96,289.2,15.99,35.978
138.42,288.87,15.968,35.928
139.59,288.47,15.994,35.986
140.8,288.49,16.002,36.004
141.41,288.47,15.977,35.949
142.03,288.55,15.969,35.929
142.62,288.43,16.037,36.082
143.46,288.4,16.012,36.027
144.33,288.44,16.037,36.083
144.9,288.48,16.012,36.027
145.63,288.55,16.005,36.011
146.47,288.87,16.033,36.074
148.08,288.93,16.019,36.042
148.87,289.31,16.039,36.087
149.61,289.26,16.047,36.106
150.59,289.45,16.049,36.11
151.18,289.52,16.013,36.029
152.17,289.27,16.001,36.002
153.09,288.92,15.973,35.938
153.65,288.62,16.012,36.026
154.31,288.59,16.004,36.008
155.01,288.73,15.986,35.968
156,289.15,16.003,36.006
156.88,289.71,16.032,36.071
157.28,289.54,16.121,36.273
158.39,290.13,16.132,36.297
158.88,290.47,16.12,36.27
159.85,290.6,16.049,36.11
160.82,290.18,16.08,36.179
162.08,290.51,15.988,35.973
162.69,290.28,15.96,35.911
163.25,290.17,15.974,35.941
163.65,290.32,15.98,35.955
163.79,290.54,15.961,35.912
164.05,290.41,15.998,35.994
164.47,290.52,16,36
164.37,290.86,15.994,35.986
164.2,292.05,15.981,35.957
164.26,293.5,15.953,35.894
169.56,291.87,15.962,35.915
170.09,288.57,15.9,35.774
171.62,284.77,15.892,35.756
171.6,282.95,15.994,35.986
171.35,282.63,15.965,35.921
171.98,286.33,15.923,35.827
172.56,289.42,15.926,35.834
173.4,288.44,15.955,35.898
173.36,286.79,15.938,35.859
174.22,288.14,15.935,35.854
174.59,288.46,16.042,36.096
174.77,288.6,16.075,36.168
175.73,288.91,16.096,36.216
176.13,289.18,16.172,36.386
176.85,289.94,16.275,36.618
177.08,289.59,16.335,36.754
177.72,289.78,16.349,36.786
178.23,289.79,16.377,36.849
179.06,290.5,16.417,36.938
180,290.46,16.444,36.999
181.06,290.78,16.441,36.992
181.58,290.91,16.422,36.949
181.92,290.66,16.45,37.013
182.65,290.7,16.457,37.028
183.33,290.83,16.465,37.046
184.25,290.49,16.467,37.05
184.85,290.45,16.484,37.089
185.47,290.47,16.47,37.056
185.87,290.43,16.466,37.049
187.18,290.51,16.471,37.06
188.29,290.82,16.438,36.985
189.2,290.63,16.463,37.042
190.5,290.66,16.434,36.977
191.25,290.69,16.462,37.04
192.44,290.91,16.4,36.9
193.15,290.76,16.336,36.755
193.43,290.48,16.308,36.694
194.3,290.55,16.274,36.616
195.07,290.88,16.239,36.537
195.88,292.01,16.124,36.28
196.71,292.47,16.023,36.051
196.47,292.53,15.966,35.925
196.96,293.07,15.848,35.659
200.93,291.05,15.917,35.813
201.77,290.67,15.879,35.728
202.48,291.11,15.941,35.868
202.48,291.14,16.021,36.046
202.84,291.17,15.919,35.817
203.74,291.24,15.915,35.809
204.95,291.07,15.891,35.755
206.1,291.14,15.858,35.68
206.44,291.36,15.898,35.771
206.95,291.34,15.945,35.877
207.06,291.06,15.983,35.961
207.63,290.76,16.012,36.027
208.53,290.66,16.029,36.066
209.26,290.6,16.029,36.066
209.97,290.61,16.038,36.086
210.91,290.53,16.059,36.132
212.55,290.9,16.076,36.172
213.46,291.02,16.11,36.248
214.78,291.29,16.11,36.248
215.56,291.36,16.078,36.175
216.07,291.18,16.04,36.09
216.77,290.85,16.017,36.038
217.57,290.76,15.972,35.936
218.18,290.88,15.964,35.918
219,290.95,15.959,35.909
219.84,290.89,15.956,35.902
220.65,290.82,15.977,35.948
221.37,290.79,16.021,36.047
222.16,290.82,16.017,36.039
223,290.9,16.02,36.044
223.82,290.93,16.034,36.076
225.06,290.8,16.045,36.102
225.98,291.03,16.032,36.072
226.85,291.2,16.003,36.007
227.71,291.3,15.954,35.896
228.51,291.16,15.974,35.941
230.13,290.9,15.972,35.937
231.22,290.57,15.977,35.947
231.85,290.64,15.98,35.955
232.58,290.82,15.99,35.977
233.39,290.68,16.006,36.013
234.56,290.59,16.022,36.05
235.87,290.49,16.038,36.086
236.9,290.57,16.048,36.108
237.89,290.71,16.055,36.123
239.26,291.11,16.06,36.134
241.34,291.21,16.015,36.034
241.87,290.91,15.999,35.998
242.64,290.77,15.995,35.989
243.6,290.97,15.998,35.995
244.41,290.94,16.041,36.092
245.52,290.78,16.029,36.066
246.31,290.61,16.061,36.137
247.31,291.01,16.103,36.232
248.17,290.93,16.14,36.314
248.97,291.18,16.216,36.486
249.85,291.11,16.225,36.505
250.93,291.17,16.234,36.527
251.95,291.29,16.312,36.702
252.63,291.42,16.287,36.647
253.26,291.4,16.305,36.685
254.71,291.33,16.277,36.623
255.64,291.25,16.24,36.539
257.02,291.35,16.152,36.342
258.07,291.69,16.17,36.384
258.7,291.58,16.149,36.335
259.88,291.43,16.104,36.235
260.59,291.44,16.066,36.148
261.39,291.59,15.998,35.995
261.71,291.43,16.005,36.012
262.36,291.54,15.965,35.922
263.4,291.81,15.956,35.902
264.27,291.75,15.937,35.858
265.1,291.82,15.899,35.773
265.67,291.95,15.875,35.718
267.18,292.02,15.941,35.866
268.41,291.59,16.031,36.07
268.81,291.51,16.056,36.125
267.63,292.18,16.024,36.054
262.21,293.38,15.934,35.853
256.28,295.43,15.818,35.59
236.42,299.1,15.812,35.577
228.76,298.87,15.78,35.506
223.02,298.3,15.761,35.462
218.57,297.53,15.654,35.222
217.67,296.52,15.659,35.232
217.69,296.23,15.655,35.224
218.21,296.4,15.646,35.204
218.69,296.88,15.666,35.248
219.27,296.97,15.671,35.261
219.63,296.48,15.71,35.347
220.61,291.17,15.85,35.662
220.74,289.27,15.922,35.825
219.75,287.41,15.988,35.973
218.31,286.98,15.995,35.988
218.5,286.83,15.972,35.936
220.44,296.45,16.057,36.129
220.76,297.04,16.044,36.1
220.53,296.22,15.993,35.984
220.71,295.93,15.969,35.931
224.1,288.21,15.981,35.958
224.82,287.75,15.986,35.969
225.7,287.43,15.973,35.939
225.87,287.33,15.996,35.992
225.8,287.45,16.001,36.003
226.1,287.43,15.925,35.831
226.19,288.14,15.981,35.958
226.17,287.93,15.975,35.944
226.33,287.89,15.985,35.966
226.28,287.7,15.979,35.952
225.82,287.84,16.032,36.072
225.58,287.88,16.044,36.1
225.52,287.75,16.022,36.05
225.58,287.61,16.033,36.073
225.03,286.63,16.121,36.272
225.28,287.8,16.206,36.465
224.14,286.69,16.185,36.416
223.79,286.93,16.177,36.397
223.85,286.18,16.186,36.419
235.12,285.68,16.283,36.637
235.02,285.26,16.283,36.637
235.79,285.01,16.207,36.465
236.7,285.32,16.056,36.126
237.04,285.46,16.077,36.173
237.54,285.44,16.066,36.149
238.09,285.52,16.017,36.039
238.74,285.22,15.973,35.94
239.22,285.45,15.959,35.909
239.71,285.69,15.974,35.943
240.2,285.87,15.996,35.991
240.75,285.62,16.015,36.034
241.37,285.59,15.952,35.892
242.34,285.22,15.942,35.87
243.19,285.1,15.96,35.909
243.52,284.53,16.01,36.022
243.78,284.24,15.903,35.782
244.67,283.84,15.896,35.765
245.94,283.76,15.92,35.821
246.51,283.44,15.836,35.631
247.79,283.56,15.745,35.427
248.12,283.5,15.655,35.223
248.55,283.42,15.626,35.159
249.51,283.55,15.627,35.161
250.28,283.9,15.59,35.078
251.25,284.35,15.695,35.313
251.51,283.94,15.729,35.39
252.11,283.83,15.675,35.268
253.16,283.85,15.584,35.064
254.08,283.96,15.653,35.219
254.32,283.5,15.573,35.039
255.48,283.83,15.569,35.03
256.36,283.85,15.516,34.91
258.72,283.15,15.57,35.032
259.8,282.97,15.556,35.002
260.47,283.1,15.632,35.172
260.85,283.13,15.631,35.17
262,283,15.667,35.251
263.48,282.87,15.63,35.168
264.42,282.51,15.64,35.19
265.23,282.28,15.668,35.252
265.95,281.64,15.691,35.304
266.51,281.26,15.716,35.362
267.65,281.1,15.717,35.363
267.99,281.15,15.737,35.409
268.43,281.11,15.798,35.545
269.51,281.73,15.887,35.745
269.99,281.69,15.933,35.85
270.65,281.64,15.915,35.809
271.65,281.89,15.899,35.774
272.56,282.04,15.861,35.686
273.81,282.48,15.821,35.598
274.54,282.69,15.861,35.688
276.2,282.37,15.851,35.665
277.47,282.16,15.853,35.669
278.1,281.82,15.858,35.682
279.04,281.73,15.759,35.457
279.9,281.78,15.69,35.302
281.03,281.39,15.668,35.253
282.27,281.28,15.642,35.195
283.05,281.39,15.642,35.194
284.11,281.44,15.667,35.25
285.07,281.75,15.672,35.262
287.22,281.82,15.646,35.204
288.51,281.88,15.635,35.179
289.6,281.87,15.584,35.063
291.26,282.26,15.615,35.134
291.69,282.07,15.597,35.093
293.06,281.91,15.574,35.041
294.36,282.03,15.649,35.211
294.72,281.62,15.668,35.252
295.52,281.54,15.682,35.284
296.41,281.43,15.705,35.336
297.76,281.38,15.762,35.464
298.82,281.78,15.809,35.57
299.72,281.71,15.903,35.781
300.19,281.56,15.878,35.726
301.19,281.82,15.973,35.939
302.65,281.54,15.963,35.916
303.93,281.59,15.956,35.901
304.85,281.63,15.977,35.949
305.86,281.58,16.018,36.04
306.65,281.48,15.902,35.779
308.25,281.46,15.889,35.751
309.77,281.89,15.962,35.915
310.12,281.56,16.072,36.163
311.38,283.08,16.121,36.273
312.15,283.79,16.162,36.364
313.2,285.17,16.18,36.406
313.62,285.39,16.251,36.564
313.65,285.21,16.218,36.49
313.81,285.31,16.149,36.335
314.44,285.58,16.201,36.452
314.53,285.5,16.228,36.512
313.52,285.65,16.276,36.62
311.97,286.12,16.309,36.696
311.19,286.26,16.347,36.781
310.25,285.42,16.322,36.725
309.12,283.4,16.36,36.81
308.73,282.04,16.482,37.086
308.62,280,16.572,37.287
308.31,277.39,16.652,37.467
308.11,276.13,16.614,37.382
308.26,275.74,16.519,37.167
308.79,275.44,16.399,36.898
308.71,275.95,16.272,36.611
307.58,275.84,16.173,36.39
306.89,276.31,16.281,36.631
305.13,275.81,16.23,36.518
303.87,276.11,16.185,36.416
302.94,276.35,16.203,36.456
301.76,276.31,16.205,36.462
300.86,276.19,16.146,36.328
297.97,277.8,16.113,36.253
297.05,278.26,16.144,36.323
295.37,276.97,16.094,36.211
292.88,276.41,16.124,36.279
291.26,276.2,16.06,36.136
290.69,276.17,15.992,35.981
290.16,275.74,16.017,36.038
290.25,275.98,16.008,36.017
290.02,275.91,16.029,36.065
289.99,276.04,16.016,36.036
290.02,276.27,15.983,35.962
290.28,276.27,16.073,36.165
290.82,276.79,16.119,36.268
291.33,276.67,16.204,36.46
291.79,276.54,16.261,36.587
292.7,275.97,16.251,36.564
293.89,275.89,16.213,36.479
294.62,276,16.208,36.468
295.37,276.01,16.209,36.471
296.16,275.9,16.269,36.604
297.24,276.02,16.287,36.646
298.36,276.16,16.285,36.642
299.47,276.07,16.306,36.688
300.32,276.07,16.301,36.678
301.45,276.17,16.255,36.574
302.03,276.28,16.264,36.594
303.3,276.19,16.215,36.484
304.99,276.15,16.168,36.378
306.4,276.16,16.249,36.56
306.78,275.78,16.237,36.533
308.08,275.83,16.25,36.563
308.67,275.58,16.294,36.662
309.16,275.31,16.332,36.747
311.34,275.31,16.345,36.776
312.32,275.41,16.327,36.735
312.44,275.45,16.353,36.795
313.57,275.9,16.281,36.632
314.47,275.66,16.22,36.495
314.66,276.07,16.175,36.394
314.68,276.29,16.236,36.53
314.79,276.23,16.24,36.54
314.98,276,16.177,36.398
315.15,276.5,16.249,36.56
307.76,279.46,16.22,36.495
307.61,279.44,16.239,36.539
328.73,277.51,16.291,36.656
329.61,276.5,16.34,36.766
330.06,276.38,16.358,36.806
330.72,276.31,16.394,36.886
331.6,276.75,16.372,36.838
332.55,276.69,16.39,36.878
333.94,276.77,16.366,36.823
335.16,276.94,16.31,36.698
336.02,276.38,16.279,36.628
336.98,276.28,16.285,36.641
338.31,275.54,16.329,36.741
339.24,275.35,16.326,36.734
340.32,275.36,16.347,36.78
341.22,275.17,16.365,36.822
342.89,275.46,16.352,36.792
344.66,274.97,16.313,36.705
345.82,275.32,16.313,36.703
346.96,275.4,16.367,36.826
348.02,275.89,16.399,36.898
348.88,276.06,16.4,36.901
350.09,276.14,16.465,37.047
351.53,276.29,16.491,37.105
352.68,276.7,16.412,36.928
353.41,276.82,16.409,36.921
355.05,275.96,16.378,36.85
356.6,275.77,16.4,36.901
357.93,275.78,16.408,36.918
358.69,275.94,16.406,36.913
359.62,275.96,16.352,36.792
359.8,275.63,16.344,36.774
360.57,275.57,16.36,36.81
364.39,276.33,16.357,36.802
365.18,276.15,16.374,36.842
366.31,276.58,16.375,36.843
367.18,276.38,16.466,37.049
368.26,276.33,16.523,37.178
369.7,275.78,16.523,37.177
370.78,275.66,16.561,37.262
371.61,275.56,16.601,37.351
371.93,275.26,16.682,37.534
373.27,275.57,16.654,37.472
374.46,274.98,16.609,37.371
375.5,274.86,16.665,37.496
376.81,274.76,16.674,37.516
378.01,275.19,16.674,37.516
379.06,275.23,16.673,37.513
380.7,275.45,16.609,37.37
381.29,275.09,16.605,37.361
383.23,275.28,16.575,37.294
384.83,275.7,16.536,37.207
385.56,275.63,16.557,37.254
385.84,275.33,16.616,37.387
385.58,275.03,16.687,37.547
385.87,275.3,16.693,37.559
385.82,275.24,16.707,37.591
385.7,275.43,16.716,37.611
385.62,275.85,16.681,37.532
385.49,276.01,16.627,37.412
385.26,276.84,16.567,37.276
385.67,277.17,16.546,37.228
385.29,276.52,16.551,37.24
385.21,276.43,16.499,37.122
386.3,275.86,16.602,37.354
385.88,275.38,16.64,37.441
386.91,274.73,16.736,37.655
386.28,275.24,16.7,37.575
384.07,275.15,16.715,37.609
382.93,275.03,16.725,37.631
382.04,275.04,16.715,37.609
381.89,274.95,16.705,37.586
382.25,275,16.697,37.568
382.83,275.33,16.698,37.569
383.6,275.45,16.693,37.559
384.25,275.43,16.693,37.56
385.32,275.47,16.657,37.478
385.79,275.18,16.648,37.458
387.38,275.04,16.607,37.366
388.14,275.03,16.635,37.428
388.67,275.03,16.657,37.478
389.21,274.95,16.68,37.529
389.78,275.03,16.752,37.693
389.87,275.16,16.813,37.83
389.76,275.05,16.876,37.971
389.4,274.58,16.906,38.04
389.23,274.64,16.93,38.093
389.27,274.59,16.921,38.071
389.77,275.01,16.862,37.94
390.4,275.32,16.862,37.94
390.45,275.51,16.914,38.056
390.47,275.66,16.886,37.994
390.73,276.25,16.864,37.943
390.91,276.59,16.893,38.009
390.73,276.96,16.912,38.052
390.51,276.73,16.928,38.089
390.51,276.78,16.958,38.156
390.62,276.67,17.011,38.274
391.35,276.87,17.033,38.323
392.12,276.72,17.039,38.339
392.9,276.52,17.025,38.307
393.81,276.47,17.043,38.346
394.8,276.51,17.055,38.375
396.13,276.73,17.016,38.286
397.09,276.75,16.975,38.193
397.6,276.9,16.939,38.112
397.62,276.81,16.874,37.966
398.04,276.91,16.842,37.893
398.69,276.79,16.831,37.869
399.38,276.71,16.857,37.929
399.75,276.72,16.843,37.896
399.96,276.67,16.825,37.855
400.08,276.58,16.916,38.062
400.31,276.52,16.965,38.17
400.51,276.36,17.039,38.339
401.13,276.98,16.984,38.213
401.67,277.3,16.948,38.133
401.99,276.99,16.924,38.079
403.5,277.29,16.835,37.878
404.61,277.88,16.742,37.67
405.7,278.4,16.703,37.583
406.53,278.98,16.731,37.644
407.19,280.05,16.789,37.775
407.74,282.42,16.85,37.913
407.51,283.61,16.935,38.103
407.29,284.7,16.99,38.226
407.67,285.72,17.033,38.325
407.91,285.87,16.992,38.231
408.85,285.44,16.959,38.157
409.83,284.13,16.952,38.142
410.9,283.72,16.918,38.067
411.98,283.61,16.91,38.048
413.2,283.87,16.841,37.893
414.64,284.29,16.786,37.769
415.57,285.02,16.783,37.762
416.04,285.06,16.779,37.752
415.95,285.32,16.751,37.69
415.58,285.35,16.814,37.832
413.21,285.52,16.835,37.878
410.79,285.5,16.867,37.952
408.81,286.48,16.824,37.855
407.42,286.74,16.813,37.83
405.21,287.52,16.823,37.852
401.42,287.75,16.772,37.736
401.68,287.65,16.727,37.636
401.79,286.86,16.662,37.489
401.7,286,16.506,37.139
402.23,286.26,16.407,36.915
402.95,285.85,16.475,37.07
404.04,285.85,16.477,37.073
403.68,285.93,16.634,37.426
402.39,285.69,16.622,37.4
401.29,285.54,16.652,37.467
398.96,285.61,16.615,37.383
398.51,285.73,16.646,37.453
398.33,285.75,16.736,37.656
398.45,286.48,16.734,37.652
398.6,286.7,16.777,37.748
398.57,287.16,16.782,37.759
397.61,287.28,16.813,37.83
396.26,287.12,16.863,37.941
394.29,286.74,16.881,37.982
391.82,286.98,16.882,37.984
388.45,287.27,16.915,38.059
387.03,286.91,16.963,38.167
386.01,286.7,17.005,38.261
385.83,286.75,16.98,38.204
385.45,286.57,17.002,38.254
385.43,286.25,16.986,38.219
385.58,285.9,17.022,38.3
385.68,285.85,16.991,38.231
385.58,286.21,16.975,38.193
385.6,286.25,16.921,38.072
379.1,286.69,16.868,37.953
376.68,287.22,16.829,37.864
375.67,287.02,16.821,37.847
374.93,286.77,16.821,37.848
373.73,286.25,16.797,37.794
369.44,285.81,16.818,37.84
366.04,285.4,16.838,37.885
362.47,284.86,16.825,37.856
359.21,285.15,16.855,37.923
357.46,285.24,16.863,37.943
356.85,285.56,16.887,37.996
356.25,285.73,16.895,38.014
354.79,285.14,16.89,38.002
352.06,283.38,16.842,37.895
348.8,281.42,16.758,37.706
346.23,277.71,16.654,37.472
344.47,275.85,16.66,37.484
343.19,275.5,16.74,37.664
341.96,275.71,16.755,37.699
340.64,275.91,16.735,37.655
339.85,275.66,16.731,37.645
339.76,275.81,16.706,37.59
340.18,275.91,16.715,37.608
341.23,276.21,16.683,37.537
342.26,276.33,16.628,37.412
343.64,276.37,16.52,37.17
344.93,276.75,16.434,36.978
345.98,277.28,16.398,36.895
347.13,276.89,16.398,36.897
348.68,276.67,16.373,36.839
349.54,276.5,16.308,36.693
350.17,276.06,16.264,36.595
350.12,276.32,16.354,36.796
348.96,275.99,16.359,36.809
347.86,276.18,16.398,36.895
344.73,277.71,16.267,36.6
323.89,276.18,16.266,36.598
309.71,276.85,16.212,36.476
296.54,277.08,16.261,36.588
281.05,277.89,16.273,36.614
266.61,279.41,16.187,36.421
247.75,282.69,16.294,36.662
244.06,284.17,16.281,36.632
242.82,285.16,16.414,36.932
242.6,286.29,16.47,37.058
240.95,288.91,16.428,36.962
229.76,295.56,16.413,36.929
221.44,298.11,16.342,36.769
214.9,299.7,16.387,36.87
213.18,301.06,16.409,36.919
212.21,304.73,16.381,36.856
214.14,303.95,16.4,36.901
216.97,300.55,16.586,37.319
217.82,297.7,16.68,37.529
220.02,295.38,16.803,37.806
220.72,293.94,16.951,38.139
221.08,293.38,17.091,38.454
222.73,294.53,17.077,38.423
223.9,297.16,16.95,38.137
225.3,301.1,17.043,38.347
228.93,308.52,17.131,38.545
237.07,323.45,17.13,38.542
240.2,332.26,17.168,38.628
242.52,338.14,17.201,38.703
244.53,341.15,17.167,38.626
244.62,341.99,17.114,38.507
