674.5,332.5,83,131
675.45,335.65,83.095,131.15
679.85,337.88,82.353,129.98
682.74,339.36,82.695,130.52
682.68,341.97,81.722,128.98
682.32,344.45,81.468,128.58
681.42,346.08,81.747,129.02
677.59,348.87,81.966,129.37
671.17,352.18,82.323,129.93
656.04,357.78,81.893,129.25
648.77,359.34,82.256,129.83
643.92,360.6,81.909,129.28
638.43,358.67,82.917,130.87
633.14,355.12,83.556,131.88
623.42,346.65,83.542,131.86
617.14,341.5,84.658,133.62
610.74,337.35,85.109,134.33
602.88,335.72,84.215,132.92
595.64,334.63,83.824,132.3
585.38,333.12,83.262,131.41
578.94,332.47,83.162,131.26
574.87,330.67,82.65,130.45
569.32,329.29,82.38,130.02
567.27,326.21,81.921,129.3
565.71,321.4,82.147,129.65
563.49,319.42,81.467,128.58
563.15,317.68,81.53,128.68
563.06,316.94,81.306,128.33
562.61,314.88,81.774,129.07
562.9,311.58,82.326,129.94
557.76,307.23,81.785,129.08
557.91,306.61,81.273,128.27
556.26,303.81,80.57,127.16
557.15,302.6,80.921,127.72
553.83,305.01,80.413,126.92
556.94,306.71,81.456,128.56
558.09,308.58,81.46,128.57
557.07,312.26,81.671,128.9
559.32,320.03,81.383,128.45
559.88,322.12,81.443,128.54
559.93,323.73,81.878,129.23
558.72,323.27,81.952,129.35
556.41,322.99,82.08,129.55
554.41,323.09,81.813,129.13
553.49,323.12,82.339,129.96
552.68,324.65,82.568,130.32
552.89,329.34,82.23,129.78
551.88,336.92,82.65,130.45
551.33,343.45,83.078,131.12
550.15,351.28,83.474,131.75
552.29,353.97,83.657,132.04
556.63,356.91,83.646,132.02
562.23,358.21,83.421,131.66
567.45,360.4,82.868,130.79
575.91,359.86,83.491,131.78
583.94,362.01,84.073,132.69
590.49,363.56,84.481,133.34
598.6,365.62,84.868,133.95
608.19,368.64,84.303,133.06
620.34,372.39,84.65,133.6
632.84,375.07,84.771,133.8
645.06,376.85,85.073,134.27
658.34,377.79,85.738,135.32
669.18,376.6,86.242,136.12
678.99,372.42,86.925,137.2
687.56,366.73,87.096,137.47
697.28,360.64,87.477,138.07
705.74,356.54,87.312,137.81
713.68,355.35,87.813,138.6
722.98,356.7,87.727,138.46
734.51,358.94,87.353,137.87
744.93,361.68,87.62,138.29
752.84,363.91,88.147,139.12
761.74,365.73,87.945,138.8
767.71,366.38,87.507,138.11
769.74,366.21,87.651,138.34
773.97,366.93,87.205,137.64
778.25,365.59,86.947,137.23
784.34,364.24,87.148,137.55
788.89,362.01,87.294,137.78
795.21,361.43,87.454,138.03
799.82,358.92,87.502,138.11
801.76,358.49,87.654,138.34
802.63,358.02,87.741,138.48
800.69,355.2,88.272,139.32
794.46,352.11,88.219,139.24
786.9,346.35,88.57,139.79
782.96,337.99,88.552,139.76
782.73,330.12,88.342,139.43
786.27,322.61,88.573,139.8
787.55,316.64,88.473,139.64
787.28,313.44,88.403,139.53
786.81,312.57,88.16,139.14
784.86,311.39,87.846,138.65
784.04,309.62,87.873,138.69
784.12,307.85,87.949,138.81
781.01,303.76,88.012,138.91
779.37,299.93,87.951,138.81
786.14,298.07,87.817,138.6
794.19,300.68,87.697,138.41
803.65,305.51,86.844,137.07
810.13,311.04,86.448,136.44
815.68,312.28,86.446,136.44
820.2,311.54,86.629,136.73
821.34,309.52,86.894,137.15
819,305.14,87.563,138.2
817.52,300.97,87.609,138.28
821.35,294.85,87.634,138.31
828.49,284.87,87.812,138.59
834.13,275.71,88.355,139.45
837.67,272.99,88.126,139.09
841.53,277.43,87.711,138.43
845.38,289.97,87.195,137.62
849.37,307.03,86.949,137.23
851.17,322.85,86.697,136.83
849.96,334.76,87.155,137.56
846,335.91,87.427,137.99
841.56,329.24,88.025,138.93
836.9,316.9,88.484,139.66
833.93,303.87,88.943,140.38
832.22,293.04,89.079,140.59
826.18,282.8,89.202,140.79
819.09,275.05,89.069,140.58
808.12,275.48,88.809,140.17
795.08,276.3,88.637,139.9
782.04,283.65,88.356,139.45
772.68,288.1,88.037,138.95
764.64,290.52,87.496,138.1
758,286.74,87.221,137.66
750.47,283.14,87.28,137.76
741.43,279.03,87.086,137.45
727.58,278.51,86.71,136.86
713.09,279.36,86.266,136.15
705.33,282.49,86.078,135.86
706.72,289.66,85.949,135.65
709.81,298.22,86.102,135.9
711.72,307.09,86.104,135.9
712.32,314.18,86.209,136.07
710.21,320.2,86.098,135.89
705.57,324.14,85.805,135.43
698.7,330.87,85.923,135.61
691.97,335.68,85.911,135.59
687.2,340.93,85.974,135.69
686.55,345.13,86.002,135.74
687.16,349.62,86.093,135.88
684.35,351.43,86.347,136.28
680.36,350.92,86.215,136.07
673.01,351.41,86.298,136.21
664.86,351.07,86.492,136.51
660.36,351.34,86.377,136.33
656.41,351.21,85.902,135.58
653.98,351.39,86.081,135.86
652.48,350.22,85.748,135.34
651.75,350.48,85.83,135.47
653.72,353.06,85.64,135.17
653.76,352.82,85.391,134.77
657.14,355.73,85.203,134.48
660.13,357.11,85.061,134.25
669.02,359.61,84.992,134.14
678.61,362.17,84.831,133.89
683.6,366.42,84.794,133.83
688.78,372.66,84.816,133.87
693.92,377.27,84.666,133.63
694.75,377.03,84.819,133.87
693.79,374.46,84.867,133.95
692.62,368.74,85.176,134.43
689.82,364.27,85.459,134.88
689.19,361.21,85.502,134.95
692.31,359.22,85.411,134.81
697.86,358.26,85.04,134.22
706.28,360.49,85.156,134.4
715.63,361.67,85.362,134.73
731.77,363.17,85.253,134.56
746.04,363.55,84.799,133.84
764.44,362.12,84.683,133.66
779.84,359.87,84.986,134.13
790.89,356.33,85.274,134.59
798.4,348.63,85.779,135.39
802.5,341.55,85.841,135.48
809.1,334.26,85.881,135.55
817.98,331.16,85.818,135.45
828.22,329.54,85.813,135.44
839.65,325.51,85.974,135.69
846.19,322.01,85.605,135.11
847.4,318.66,85.506,134.96
847.77,315.03,85.503,134.95
845.4,307.16,85.832,135.47
844.71,299.47,85.86,135.51
846.81,292,85.215,134.5
851.99,282.06,85.093,134.3
861,271.9,84.749,133.76
869.16,264.31,84.878,133.96
876.36,260.62,84.738,133.74
884.82,257.28,84.41,133.23
891.56,251.36,84.59,133.51
897.81,247.78,84.523,133.4
903.71,245.11,84.064,132.68
909.63,243.36,83.594,131.94
916.07,241.23,83.709,132.12
919.77,238.81,83.929,132.47
923.9,237.89,83.931,132.47
926.73,233.68,84.028,132.62
929.67,234.21,84.353,133.14
930.23,232.87,83.941,132.48
927.95,233.24,83.469,131.74
927.22,235.32,83.45,131.71
923.64,238.7,83.221,131.35
919.43,243.51,82.655,130.46
917.98,244.1,82.205,129.74
916.7,244.49,81.859,129.2
911.06,244.65,81.572,128.75
904.77,244.51,81.522,128.67
897.97,244.23,81.376,128.44
891.76,244.72,81.16,128.1
887.17,243.73,81.079,127.97
881.82,245.23,81.004,127.85
877.03,247.26,80.863,127.63
870.42,254.43,81.123,128.04
861.99,262.09,81.018,127.87
854.13,270.96,80.889,127.67
848.66,278.77,80.879,127.65
846.72,283.81,80.979,127.81
845.44,286.39,81.057,127.93
843.51,286.83,81.005,127.85
837.62,291.08,80.804,127.53
827.57,297.7,80.717,127.4
818.72,305.65,80.423,126.93
810.41,314.71,80.414,126.92
809.95,322.13,80.348,126.82
818.45,330.22,79.956,126.19
830.63,337.82,79.509,125.49
841.33,343.67,79.793,125.94
845.47,348.56,80.44,126.96
846.69,349.85,80.815,127.55
846.35,349.55,81.271,128.27
846.38,346.79,81.549,128.71
847.48,344.98,81.413,128.5
847.6,344.71,81.151,128.08
846.1,344.91,80.698,127.37
842.39,345.58,80.782,127.5
838.66,344.83,80.82,127.56
836.61,344.56,80.75,127.45
834.73,342.63,80.612,127.23
833.04,340.64,80.67,127.32
831.48,337.72,80.869,127.64
831.08,334.68,80.705,127.38
830.65,332.42,80.671,127.32
830.33,331.47,80.688,127.35
830.05,330.99,80.741,127.44
829.91,331.51,80.946,127.76
833.41,333.5,81.045,127.91
839.18,334.99,81.207,128.17
845.56,336.53,81.256,128.25
851.15,337.64,81.116,128.03
855.02,339.38,81.042,127.91
858.88,339.94,81.408,128.49
863.89,340.63,81.586,128.77
868.94,341.55,81.743,129.02
873.29,341.72,81.797,129.1
874.09,341.71,81.964,129.36
875.25,340.56,82.057,129.51
877.69,336.83,82.461,130.15
880.99,331.55,82.624,130.41
883.87,328.6,82.566,130.31
885.4,326.42,82.778,130.65
887.62,324.38,82.763,130.63
891.13,321.7,82.82,130.72
894.96,321.02,82.463,130.15
898.36,321.08,82.455,130.14
899.82,322.6,82.188,129.72
902.78,323.75,81.861,129.2
908.16,324.01,81.612,128.81
912.81,324.45,81.725,128.99
916.51,325.1,82.172,129.69
917.79,324.96,82.615,130.39
919.25,327.77,83.269,131.42
923.65,330.12,83.764,132.21
927.59,329.83,82.954,130.93
933.69,329.67,82.484,130.18
935.89,329.36,81.964,129.37
936.82,327.18,82.262,129.84
933.12,324.25,82.348,129.97
928.35,320.45,83.031,131.05
926.7,318.27,83.672,132.06
923.66,316.55,84.007,132.59
921.38,316.28,84.18,132.86
920.35,316.94,84.1,132.74
920.1,316.98,83.8,132.26
921.39,315.24,83.727,132.15
921.56,314.72,83.614,131.97
921.02,312.89,83.837,132.32
920.44,310.94,84.232,132.94
922.97,310.9,84.293,133.04
925.81,311.14,84.56,133.46
928.53,310.56,83.938,132.48
934.49,311.81,83.309,131.49
939.13,311.43,83.624,131.99
941.53,310.75,83.964,132.52
943.97,310.75,84.402,133.21
946.46,311.18,84.37,133.16
947.56,310.47,84.507,133.38
947.74,309.28,84.96,134.09
947.73,307.15,85.088,134.3
947.08,305.15,85.227,134.52
946.23,303.56,85.075,134.27
945.82,301.86,85.088,134.3
947.51,300.1,85.177,134.44
950.75,300.65,84.207,132.9
953.31,301.05,83.952,132.5
957.2,300.53,84.375,133.17
959.93,304.03,84.012,132.6
967.55,306.01,82.205,129.75
972.21,309.02,80.949,127.76
978.39,308.9,80.308,126.75
980.66,309.63,79.899,126.11
894.54,281.26,80.81,127.54
900.6,282.7,80.643,127.28
910.46,289.31,80.338,126.8
920.88,285.71,79.839,126.01
931.01,281.94,80.442,126.96
919.27,335.28,81.389,128.46
947.4,326.72,79.776,125.91
944.78,320.71,79.863,126.05
950.33,316,80.881,127.65
952.87,327.24,79.692,125.78
950.76,331.37,79.04,124.75
931.4,335.83,79.446,125.39
932.79,335.66,79.711,125.81
952.55,328.92,79.403,125.32
950.96,335.94,78.551,123.98
939.03,342.89,78.881,124.5
944.65,346.75,79.336,125.22
945.87,348.11,80.046,126.34
946.83,346.87,80.477,127.02
948.76,340.84,80.007,126.28
951.06,344.27,80.184,126.55
944.01,329.52,80.941,127.75
947.76,349.23,81.568,128.74
951.39,349.66,82.396,130.05
949.77,343.25,81.811,129.12
913.6,344.71,80.799,127.53
955.58,356.86,81.361,128.41
959.58,355.61,81.965,129.37
955.39,358.14,82.545,130.28
953.42,359,83.227,131.36
953.49,356.58,83.652,132.03
952.25,354.75,84.045,132.65
953.2,350.41,84.358,133.14
950.24,349.39,84.332,133.1
951.25,349.87,84.372,133.16
951.48,350.23,84.456,133.3
952.8,351.87,84.522,133.4
955.19,352.09,85.251,134.55
955.35,351.62,85.381,134.76
955.13,350.83,85.722,135.3
954.21,350.88,85.239,134.53
951.75,350.41,85.152,134.4
946.38,351.73,85.413,134.81
946.59,352.26,86.001,135.74
945.91,350.15,86.478,136.49
945.96,349.7,87.369,137.9
945.21,349.73,87.948,138.81
946.03,349.91,88.309,139.38
943.6,347.62,89.274,140.9
940.9,347.08,89.592,141.4
943.05,344.6,90.293,142.51
942.22,343.63,90.585,142.97
942.24,343.85,90.172,142.32
943.95,344.6,89.597,141.41
944.24,342.46,89.468,141.21
948.37,342.8,88.867,140.26
949.56,342.12,88.331,139.41
950.7,343.49,87.736,138.48
951.64,343.28,86.982,137.28
951.67,344.79,86.156,135.98
951.52,344.78,86.082,135.86
952.03,343.89,86.396,136.36
950.87,343.49,86.742,136.91
951.02,343.24,87.256,137.72
951.74,343.07,87.463,138.04
950.02,343.23,87.669,138.37
949.84,344.74,87.17,137.58
948.92,345.32,87.129,137.52
948.27,344.43,87.375,137.91
949.74,344.65,87.593,138.25
951.56,345.85,87.309,137.8
952.17,345.85,87.464,138.05
952.33,345.85,87.125,137.51
952.22,345.5,87.29,137.77
954.46,346.43,86.554,136.61
955.56,347.22,85.74,135.32
953.69,346.22,85.56,135.04
953.32,344.92,86.021,135.77
953.44,345.15,85.715,135.29
955.6,344.15,86.116,135.92
959.49,345.09,86.503,136.53
963.08,345.26,86.717,136.87
968.95,344.18,86.578,136.65
971.87,345.4,85.772,135.38
974.06,342.77,86.694,136.83
978.22,341.91,86.651,136.76
982.13,339.48,87.482,138.07
948.08,331.12,86.226,136.09
950.38,329.59,85.19,134.46
948.12,324.81,82.742,130.59
949.68,326.4,80.462,126.99
948.51,337.21,80.696,127.36
949.4,332.25,80.578,127.18
949.35,339.17,79.846,126.02
950.94,337.47,79.501,125.48
953.17,334.4,79.283,125.13
952.83,332.17,78.699,124.21
952.28,345.22,78.895,124.52
953.57,349.56,79.127,124.89
945.3,361.21,78.88,124.5
955.07,344.25,80.309,126.75
948.36,343.62,81.296,128.31
951.98,343.81,81.908,129.28
954.16,337.75,80.876,127.65
946.08,339.57,80.196,126.57
944.61,341.47,80.131,126.47
947.57,340.21,79.83,126
945.96,337.27,80.021,126.3
946.05,334.03,80.296,126.73
951.7,341.66,79.776,125.91
951.84,339.13,79.175,124.96
952.39,341.6,79.348,125.24
949.9,338.45,79.651,125.71
951.18,338.43,79.214,125.02
952.9,337.64,79.699,125.79
954.55,336.66,79.205,125.01
955.28,334.53,79.029,124.73
952.29,337.1,79.307,125.17
953.09,334.08,79.63,125.68
952.59,332.06,80.619,127.24
953.49,330.15,80.887,127.67
951.46,329.93,80.718,127.4
951.86,329.88,80.885,127.66
950.04,330,81.021,127.88
950.22,327.52,81.148,128.08
948.66,326.08,81.155,128.09
949.9,322.64,80.252,126.66
954.3,315.74,80.563,127.15
954.52,311.93,80.862,127.63
952.8,313.9,80.35,126.82
951.81,308.56,79.953,126.19
949.54,313.29,79.279,125.13
948.98,314.38,78.229,123.47
945.42,316.9,78.75,124.29
946.86,313.89,79.171,124.96
944.74,315.49,78.902,124.53
949.35,315.24,79.05,124.77
946.71,310.96,79.026,124.73
940.68,304.33,78.708,124.23
946.49,306.04,78.427,123.78
948.73,301.35,79.185,124.98
954.11,273.96,79.093,124.83
951.77,272.9,78.256,123.51
951.3,278.83,78.398,123.74
949.81,293.09,78.481,123.87
943.91,294.17,78.369,123.69
946.74,290.96,78.267,123.53
949.17,289.69,78.626,124.1
948.19,290.21,78.69,124.2
946.29,294.23,78.318,123.61
948.72,293.36,78.093,123.26
948.79,294.22,77.84,122.86
950.49,290.33,77.064,121.63
951.74,285.18,76.701,121.06
952.2,282.05,77.285,121.98
952.39,279.57,77.609,122.49
952.29,281.26,77.855,122.88
952.63,279.05,78.197,123.42
953.64,279.58,78.333,123.63
954.01,277.61,78.443,123.81
954.67,278.06,78.483,123.87
955.15,276.76,79.08,124.81
954.35,274.11,79.514,125.5
951.86,272.94,78.714,124.24
947.81,268.49,78.254,123.51
946.55,267.06,78.798,124.37
946.78,264.37,78.888,124.51
941.46,263.63,78.599,124.05
937.99,261.94,78.527,123.94
934.88,263.54,77.773,122.75
943.98,263.4,78.19,123.41
944.93,262.2,78.763,124.31
945.25,263.32,79.074,124.8
943.51,260.36,79.085,124.82
941.85,259.02,79.151,124.93
944.09,259.63,79.311,125.18
939.88,258.81,79.936,126.16
951.12,243.24,78.632,124.11
950.68,247.43,77.905,122.96
950.14,244.03,77.388,122.14
951.49,249.88,77.027,121.57
952.18,241.67,76.71,121.07
951.45,244.16,76.098,120.11
950.73,245.31,75.459,119.1
950.38,244.93,75.108,118.54
951.45,239.94,75.162,118.63
950.66,242.57,75.047,118.45
950.09,240.5,74.757,117.99
950.45,243.21,74.097,116.95
950.2,246.1,73.289,115.67
949.44,236.34,74.121,116.99
947.11,233.72,74.122,116.99
947.81,258.96,74.98,118.34
944.24,256.62,76.154,120.2
942.48,259.82,75.664,119.42
956.14,247.51,77.271,121.96
952.56,245.36,78.032,123.16
950.05,240.96,79.016,124.71
948.1,239.45,79.466,125.42
948.27,238.79,79.646,125.71
948.1,237.93,79.914,126.13
947.98,238.79,79.657,125.72
946.51,236.31,79.694,125.78
946.58,236.23,79.627,125.68
945.92,235.43,79.818,125.98
946.5,233.44,79.621,125.67
947.58,233.23,80.153,126.51
945.42,232,79.512,125.49
945.78,233.34,78.779,124.34
947.09,233.73,78.493,123.89
949.39,234.53,78.347,123.66
946.78,233.53,78.475,123.86
947.25,234.51,78.228,123.47
946.14,234.45,77.597,122.47
943.05,233.77,77.365,122.11
944.74,234.33,77.642,122.54
945.9,233.24,77.953,123.03
946.54,231.57,78.362,123.68
946.02,231.81,78.262,123.52
944.61,233.58,77.679,122.6
944.07,234.75,77.265,121.95
942.62,232.86,78.238,123.48
941.39,235.67,78.144,123.34
944.62,233.93,78.292,123.57
943.25,234.48,77.595,122.47
947.06,217.56,77.706,122.64
944.39,224.56,79.019,124.72
944.22,208.55,79.528,125.52
946.46,207.49,80.24,126.64
945.58,216.75,79.195,124.99
947.18,217.96,78.947,124.6
951.45,199.29,80.189,126.56
950.72,199.78,80.348,126.81
949.06,200.12,80.727,127.41
951.9,216.97,80.184,126.55
951.81,228.8,80.155,126.51
949.99,228.19,79.837,126.01
949.67,219.72,80.145,126.49
945.98,220.86,80.008,126.28
944.62,220.66,80.027,126.31
942.01,205.26,80.715,127.39
939.52,205.39,81.312,128.34
939.61,203.79,82.118,129.61
939.14,199.6,82.637,130.43
932.29,216.19,81.81,129.12
925.67,204.63,82.238,129.8
919.51,202.6,81.9,129.26
911.9,199.13,81.202,128.16
905.05,201.65,81.618,128.82
896.82,199.15,81.129,128.05
892.05,199.65,80.828,127.57
888.17,198.18,80.97,127.8
884.2,199.59,81.134,128.06
878.49,198.28,80.723,127.41
873.07,200.02,80.46,126.99
866.51,202.44,79.944,126.18
864.86,203.1,79.885,126.08
862.59,203.4,79.803,125.95
858.17,203.31,79.803,125.95
856.48,202.14,79.715,125.82
854.71,202.39,79.572,125.59
853.95,201.59,79.799,125.95
852.35,202.21,79.835,126
851.77,200.96,80.027,126.31
851.37,200.54,79.975,126.23
850.1,199.6,79.85,126.03
847.46,199.29,79.96,126.2
841.1,197.56,80.146,126.5
832.31,196.28,80.451,126.98
820.75,196.05,80.187,126.56
812.05,193.36,79.992,126.25
805.63,191.55,78.958,124.62
802.48,190.19,78.63,124.1
803.25,190.04,78.313,123.6
803.26,188.83,78.576,124.02
803.22,188.93,78.54,123.96
803.42,189.61,78.538,123.96
802.94,188.96,78.937,124.59
803.04,190.07,78.8,124.37
804.21,191.74,78.829,124.42
803.86,192.83,78.479,123.86
802.16,193.59,78.538,123.96
800.87,194.89,78.709,124.23
800.36,196.06,78.666,124.16
799.41,197.08,78.839,124.43
798.13,199.36,78.983,124.66
793.91,200.38,78.677,124.18
789.08,200.1,78.953,124.61
783.52,200.17,78.753,124.3
779.19,200.26,78.793,124.36
776.7,199.72,78.69,124.2
773.05,199.09,78.283,123.55
770.35,198.97,78.021,123.14
767.66,198.86,78.251,123.5
765.29,198.61,78.214,123.45
762.79,200.39,77.98,123.08
761.13,200.85,77.967,123.06
760.17,201.25,77.791,122.78
759.71,202.26,77.773,122.75
759.06,202.73,77.741,122.7
757.92,202.77,78,123.11
755.12,202.6,77.895,122.94
752.6,202.33,77.732,122.68
752.46,201.3,78.165,123.37
751.81,199.28,78.1,123.27
752.49,197.26,78.307,123.59
753.03,193.79,78.299,123.58
754.86,191.4,78.388,123.72
758.94,190.96,78.181,123.39
764.27,190.38,78.215,123.45
770.57,192.71,78.212,123.44
777.55,197.47,77.571,122.43
783.12,201.36,77.318,122.03
785.61,205.47,77.648,122.55
783.01,207.21,78.155,123.35
775.7,208.27,78.522,123.93
767.45,207.14,78.618,124.08
758.17,206.7,78.62,124.09
749.21,206.55,78.51,123.91
742.76,208.2,78.869,124.48
737.47,210.9,78.483,123.87
732.93,213.04,78.751,124.29
729.33,215.75,78.417,123.77
725.32,219.48,78.024,123.15
719.59,222.42,77.993,123.1
713.8,222.58,78.459,123.83
710.46,223.13,78.062,123.21
708.9,222.75,78.214,123.45
707.2,221.6,78.409,123.75
706.61,223.56,77.719,122.66
702.33,225.87,77.721,122.67
701.71,226.49,77.845,122.86
701.14,226.71,78.201,123.43
700.69,227.73,78.442,123.81
701.26,227.96,78.709,124.23
701.44,226.53,78.663,124.15
701.26,225.99,78.936,124.59
701.45,225.95,78.577,124.02
702.14,225.18,78.833,124.42
704.1,224.81,78.763,124.31
704.94,223.19,78.922,124.56
704.89,220.57,79.147,124.92
705.43,218.88,79.293,125.15
705.09,217.63,79.378,125.28
705.91,217.6,78.942,124.59
707.12,218,79.124,124.88
711.07,219.02,78.807,124.38
714.17,218.6,78.851,124.45
716.67,218.66,78.636,124.11
717.99,218.12,78.643,124.12
720.01,217.83,79.076,124.81
722.93,217.48,79.072,124.8
726.15,217.2,79.174,124.96
729.16,217.34,79.199,125
733.7,217.12,79.886,126.08
737.79,217.71,79.966,126.21
740.5,218.26,79.999,126.26
742.48,219.5,79.948,126.18
744.04,219.56,80.353,126.82
743.27,218.01,81.119,128.03
740.69,215.87,81.501,128.63
735.02,213.8,81.958,129.36
730.98,212.48,81.374,128.43
728.6,211.73,80.989,127.83
727.94,212.54,80.485,127.03
727.37,214.77,80.46,126.99
727.09,215.4,80.85,127.61
726.31,217.56,80.84,127.59
724.19,218.04,80.773,127.48
721.86,217.56,80.818,127.56
720.12,216.98,80.774,127.49
719.12,216.2,80.452,126.98
717.52,215.1,80.46,126.99
715.7,215.68,80.27,126.69
715.25,217.07,79.962,126.2
714.59,218.33,80.034,126.32
714.15,219.01,79.859,126.04
711.63,221.46,79.613,125.65
709.05,221.18,80.041,126.33
707.07,221.11,79.765,125.89
705.68,222.9,79.334,125.21
702.41,223.71,79.304,125.17
699.36,224.61,79.23,125.05
696.46,225.45,79.303,125.16
693.3,226.02,79.272,125.12
689.46,228.29,79.005,124.69
683.92,228.68,78.536,123.95
678.68,227.65,78.623,124.09
672.02,226.7,79.037,124.74
665.11,227.84,79.05,124.77
658.81,229.13,78.32,123.61
653.05,228.09,78.18,123.39
648.61,228.27,77.719,122.66
644.84,230.03,77.235,121.9
641.38,230.04,77.654,122.56
639.98,229.72,78.06,123.2
636.52,230.34,78.168,123.37
632.46,231.03,77.72,122.67
628.71,232.92,77.01,121.55
624.82,234.2,76.642,120.97
620.1,235.39,76.936,121.43
616.16,235.62,77.167,121.79
611.64,235.39,77.258,121.94
608.59,235.85,77.204,121.85
606.81,235.53,77.604,122.48
605.06,235.41,77.776,122.75
602.57,235.41,78.31,123.6
599.5,234.77,78.383,123.71
598.19,234.93,78.929,124.57
594.2,235.41,78.548,123.97
590.1,235.92,78.028,123.15
586.11,236.22,78.046,123.18
581.42,237.11,77.598,122.47
575.86,237.3,77.451,122.24
570.96,237.34,77.685,122.61
565.46,236.57,78.245,123.5
560.8,235.95,77.995,123.1
558.74,235.07,78.274,123.54
556.01,235.36,77.642,122.54
552.92,237.58,77.02,121.56
548.76,239.23,76.992,121.52
545.25,240.92,77.109,121.7
541.07,241.18,77.19,121.83
538.42,240.92,77.218,121.87
534.57,241.47,77.188,121.83
533.52,240.85,77.3,122
534,241.4,77.148,121.76
532.11,241.68,76.937,121.43
526.69,243.15,76.622,120.93
520.84,243.58,77.03,121.58
515.67,245.52,76.621,120.93
512.26,246.55,76.453,120.67
511.82,245.13,76.987,121.51
514.36,245.29,77.265,121.95
517.85,245.52,77.474,122.28
519.66,245.3,77.689,122.62
520.24,245.83,77.864,122.89
516.63,246.18,77.717,122.66
513.61,246.27,77.713,122.66
509.91,245.95,77.908,122.96
506.33,245.6,77.929,123
502.71,245.29,77.95,123.03
498.7,244.35,78.287,123.56
494.2,243,78.141,123.33
490.8,243.2,77.821,122.83
487.48,242.31,77.848,122.87
486.59,240.56,78.106,123.28
486.54,240.55,77.896,122.94
484.66,240.49,78.019,123.14
485.48,242.17,77.639,122.54
483.72,241.79,77.797,122.79
481.12,242.75,77.358,122.1
477.92,242.26,77.591,122.46
473.03,240.84,78.04,123.17
470.48,240.57,78.133,123.32
467.84,241.54,77.71,122.65
466.7,242.44,78.042,123.17
465.19,245.06,77.595,122.47
462.12,246.13,77.756,122.72
458.47,246.73,77.531,122.37
453.09,245.76,77.711,122.65
449.17,244.94,77.788,122.77
445.64,244.05,77.843,122.86
443.24,241.69,78.001,123.11
442.56,240.54,77.903,122.96
440.61,240.43,77.834,122.85
440.04,240.75,77.631,122.53
439.36,240.94,77.389,122.14
438.66,242.19,77.328,122.05
438.82,242.83,76.9,121.37
438.15,242.24,76.994,121.52
438.85,242.77,76.877,121.34
437.85,242.26,77.353,122.09
438.11,244.28,76.381,120.55
435.97,245.74,76.197,120.26
434.44,246.09,76.509,120.76
432.62,246.25,76.376,120.55
430.2,246.94,76.639,120.96
427.34,247.73,76.224,120.3
424.11,248.96,75.505,119.17
419.33,249.35,75.582,119.29
413.83,250.03,75.811,119.65
408,249,76.276,120.39
403.32,249.31,76.039,120.01
397.32,248.08,75.79,119.62
391.69,246.08,76.188,120.25
387.37,245.01,76.097,120.1
382.25,244.24,76.223,120.3
379.36,244.2,76.012,119.97
374.49,244.27,76.199,120.27
371.33,245.45,75.857,119.73
366.81,246.01,75.975,119.91
360.5,245.82,76.191,120.25
351.18,244.69,76.972,121.49
342.18,243.23,77.193,121.84
332.53,241.14,77.634,122.53
324.6,239.59,77.273,121.96
316.24,237.01,77.435,122.22
307.85,234.93,77.303,122.01
299.24,232.5,77.504,122.33
292.95,230.7,77.358,122.09
290.94,233.13,76.892,121.36
289.84,233.02,77.131,121.74
289.87,234.58,77.154,121.77
288.27,236.29,77.45,122.24
286.03,237.59,77.262,121.94
281.16,236.91,77.819,122.82
278.76,236.87,77.816,122.82
276.2,236.45,78.093,123.25
273.18,237.65,77.155,121.77
281.05,236.46,77.399,122.16
279.9,236.56,77.297,122
276.95,237.17,77.105,121.7
271.99,236.94,76.968,121.48
269.36,235.92,76.966,121.48
265.59,235.54,77.226,121.89
261.15,235.72,77.216,121.87
257.06,234.81,77.895,122.94
252.94,234.02,78.16,123.36
249.16,234.5,77.532,122.37
245.78,234.07,77.781,122.76
244.85,235.72,77.734,122.69
242.79,235.08,77.713,122.66
238.54,235.74,77.078,121.65
234.13,235.4,77.316,122.03
229.78,234.03,76.925,121.41
226.05,233.08,77,121.53
223.5,232.57,77.085,121.66
222.05,233.39,76.9,121.37
220.27,232.51,78.075,123.23
219.28,233.2,77.775,122.75
216.83,232.73,77.959,123.04
214.42,232.4,77.756,122.72
213.7,232.7,77.658,122.57
213.63,232.7,77.218,121.87
212.12,233.67,77.315,122.03
211.77,237.16,77.317,122.03
211.73,238.74,77.309,122.02
210.01,241.89,77.434,122.22
208.36,244.76,77.248,121.92
205.1,246.96,77.246,121.92
200.39,249.96,77.585,122.45
196.19,253.45,77.884,122.92
193.34,257.12,77.83,122.84
191.55,259.5,78.138,123.33
191.93,264.31,77.926,122.99
191.16,269.72,78.114,123.29
192.6,278.66,77.299,122
194.16,289.98,77.259,121.94
196.84,303.22,76.83,121.26
201.78,316.51,76.607,120.91
208.66,325.61,76.229,120.31
214.3,332.53,76.287,120.41
217.8,336.64,77.007,121.54
218.52,337.9,77.259,121.94
218.03,335.18,77.853,122.88
218.6,331.57,78.245,123.5
220.68,329.04,78.427,123.78
223.43,326.67,78.739,124.27
226.54,321.3,79.138,124.9
230.05,314.91,79.317,125.19
230.45,308.99,79.429,125.36
228.35,303.84,79.176,124.96
227.94,294.74,79.013,124.71
226.71,283.05,78.589,124.04
222.56,272.92,78.481,123.87
216.14,267.08,78.476,123.86
213.46,264.13,78.066,123.21
215.46,264.02,77.713,122.65
218.15,264.75,77.468,122.27
214.91,265.58,77.298,122
210.57,264.04,77.864,122.89
199.7,261.29,78.025,123.15
188.54,258.35,78.081,123.24
177.58,255.44,77.841,122.86
164.91,254.08,77.924,122.99
152.35,253.34,78.453,123.82
141.01,252.81,78.369,123.69
128.13,251.95,78.196,123.42
114.98,250.93,78.833,124.42
104.78,250.18,79.514,125.5
96.46,248.81,79.579,125.6
89.685,247.06,80.026,126.31
83.376,244.54,80.144,126.49
77.689,243.88,80.614,127.23
73.029,242.57,80.961,127.78
68.696,241.57,80.992,127.83
63.536,241.2,81.272,128.27
55.704,240.62,81.047,127.92
46.341,237.53,81.206,128.17
35.732,232.61,81.713,128.97
24.62,229.24,81.544,128.7
13.567,225.37,82.329,129.94
3.0768,222.94,82.738,130.59
-5.3864,220.95,82.608,130.38
-14.067,219.92,82.033,129.47
-21.738,220.34,81.357,128.41
-26.964,219.34,81.743,129.02
-32.389,217.9,81.576,128.75
-38.826,215.42,81.054,127.93
-45.321,212.68,81.001,127.84
-57.609,207.7,81.304,128.32
-66.164,205,81.062,127.94
-74.515,199.33,80.868,127.63
-81.823,197.45,80.239,126.64
-90.075,193.94,80.23,126.63
-102.27,189.88,79.996,126.26
-109.47,190.59,79.962,126.21
-111.64,195.03,80.386,126.87
-117.07,198.3,80.145,126.49
-109.61,201.94,79.496,125.47
-62.566,198.16,79.784,125.92
24.638,204.88,79.737,125.85
21.328,206.06,79.146,124.92
19.58,205.43,78.801,124.37
15.635,204.53,78.399,123.74
11.551,202.91,78.245,123.5
3.6555,199.88,78.066,123.21
-0.21739,198.52,78.232,123.47
-6.2104,195.93,78.224,123.46
-12.051,195.29,77.73,122.68
-16.723,196,77.706,122.64
-16.993,196.58,77.756,122.72
-17.837,193.04,78.106,123.28
-17.9,190.39,78.246,123.5
-18.397,184.93,78.419,123.77
-24.962,184.13,78.017,123.14
-30.809,182.2,77.885,122.93
-34.288,180.03,77.767,122.74
-36.47,180.58,77.438,122.22
-39.953,181.85,77.031,121.58
-44.725,181.58,77.274,121.96
-51.105,179.85,77.37,122.11
-57.093,178.41,77.681,122.61
-66.673,178.03,78.028,123.15
-79.075,177.4,78.295,123.57
-91.739,175.07,78.512,123.92
-104.59,174.59,78.416,123.77
-106.05,178.45,78.615,124.08
-98.815,186.73,78.419,123.77
-103.24,184.85,79.028,124.73
-106.83,186,79.46,125.41
-108.43,186.48,79.681,125.76
-107.23,186.1,79.857,126.04
-105.37,187.61,79.861,126.04
-102.03,189.52,79.09,124.83
-96.016,194.18,78.085,123.24
-97.654,196.7,77.618,122.5
-103.98,192.58,77.917,122.98
-101.86,199.68,77.68,122.6
-96.592,205.38,77.288,121.99
-103.74,203.09,77.63,122.52
-97.656,213.36,77.378,122.13
-101.57,219.06,76.886,121.35
-93.961,228.14,76.568,120.85
-94.154,230.34,75.903,119.8
-95.268,228.05,75.265,118.79
-18.743,221.66,74.717,117.93
2.5185,202.28,75.1,118.53
7.0158,193.68,75.211,118.71
-3.6694,197.74,75.884,119.77
4.2618,190.9,76.151,120.19
9.3906,187.1,76.427,120.63
31.747,175.79,76.628,120.94
32.651,177.86,76.808,121.23
30.567,180.6,76.695,121.05
33.181,182.5,77.005,121.54
32.099,184.58,76.914,121.39
33.344,185.08,76.574,120.86
33.895,186.05,76.569,120.85
33.972,182.87,77.18,121.81
32.233,181.44,77.264,121.95
28.057,182.67,77.244,121.92
20.975,187.22,77.176,121.81
14.385,194.47,76.954,121.46
14.143,201.06,76.714,121.08
21.918,202.03,76.854,121.3
24.13,204.98,77.28,121.97
23.513,206.74,77.407,122.17
19.149,208.78,77.113,121.71
16.3,211.67,77.254,121.93
18.624,213.42,77.1,121.69
21.638,216.61,76.919,121.4
21.421,217.44,77.064,121.63
19.783,216.75,77.285,121.98
18.013,214.87,77.55,122.4
16.345,211.17,77.85,122.87
15.311,209.91,78.065,123.21
14.725,209.25,78.075,123.23
14.007,207.31,78.2,123.42
13.122,205.71,78.178,123.39
11.924,203.32,78.272,123.54
9.9158,200.87,78.267,123.53
7.0917,197.74,78.902,124.53
3.2468,195.36,79.383,125.29
1.0251,193.33,79.47,125.43
1.6571,192.57,79.563,125.58
1.5589,192.16,79.367,125.27
0.14616,192.29,78.938,124.59
-0.68762,192,79.068,124.79
-1.9371,189.07,79.192,124.99
-4.162,185.42,79.565,125.58
-7.6666,181.28,79.357,125.25
-12.407,180.55,78.565,124
-14.45,178.02,78.375,123.7
-20.096,178.6,77.786,122.77
-24.935,177.46,77.59,122.46
-33.047,174.27,77.617,122.5
-44.329,171.01,77.998,123.11
-53.986,170.66,78.037,123.17
-63.614,169.64,78.864,124.47
-73.218,168.56,79.571,125.59
-83.508,168.28,79.859,126.04
-94.605,162.54,79.514,125.5
-50.172,180.9,79.698,125.79
-48.787,170.73,80.448,126.97
-84.733,176.93,80.913,127.71
-97.25,171.62,80.459,126.99
-101.95,168.65,79.587,125.61
-114.96,159.49,79.529,125.52
-84.258,191.39,79.182,124.97
-86.187,192.6,78.692,124.2
-99.328,179.57,78.791,124.36
-104.84,176.33,78.862,124.47
-101.7,179.75,79.032,124.74
-103.47,180.63,79.303,125.16
-105.78,178.88,79.539,125.54
-106.85,181.02,79.612,125.65
-104.02,179.91,79.716,125.82
-98.734,179.98,79.84,126.01
-103.17,182.08,79.61,125.65
-106.13,179.32,79.122,124.88
-105.17,176.05,79.301,125.16
-102.06,174.93,79.657,125.72
-101.12,171.74,79.942,126.17
-87.918,183.52,80.056,126.35
-83.835,181.48,80.72,127.4
-82.955,175.52,81.191,128.14
-110.31,150.38,81.591,128.78
-108.42,151.16,81.569,128.74
-105.41,150.07,81.426,128.52
-104.28,148.72,81.617,128.82
-100.62,148.94,81.374,128.43
-96.276,151.56,81.47,128.59
-94.222,152.02,81.18,128.13
-89.475,151.4,81.037,127.9
-84.987,156.54,80.754,127.46
-83.109,158.46,80.988,127.83
-81.958,156.82,81.309,128.33
-82.826,156.47,81.568,128.74
-83.477,155.01,82.451,130.13
-82.498,156.71,83.129,131.2
-81.733,158.07,83.401,131.63
-82.336,159.82,83.304,131.48
-83.485,160.26,83.733,132.16
-84.594,160.65,84.136,132.79
-83.509,156.67,84.605,133.53
-86.029,156.84,84.847,133.92
-88.771,159.69,84.815,133.86
-86.568,159.54,84.815,133.86
-84.465,159.77,85.219,134.5
-82.676,162.7,85.225,134.51
-79.079,164.53,85.212,134.49
-70.789,160.45,85.839,135.48
-65.267,159.01,86.37,136.32
-64.526,158.75,87.32,137.82
-64.238,162.34,86.931,137.21
-65.341,161.82,86.927,137.2
-69.212,161.35,87.02,137.34
-71.712,160.31,87.626,138.3
-72.89,160.79,88.06,138.99
-73.72,161.33,88.088,139.03
-73.47,161.56,88.367,139.47
-71.329,161.41,87.897,138.73
-69.916,161.29,88.43,139.57
-70.394,162.83,88.674,139.96
-70.46,163.75,88.699,140
-71.076,163.86,88.888,140.29
-74.354,163.76,88.776,140.12
-77.701,165.37,88.683,139.97
-79.358,163.97,88.818,140.18
-82.951,163.65,89.204,140.79
-83.854,164.9,89.184,140.76
-85.395,163.88,89.662,141.51
-89.398,162.8,90.171,142.32
-94.128,157.61,90.966,143.57
-103.07,153.79,92.22,145.55
-111.37,146.95,91.866,144.99
-120.28,143.09,90.924,143.51
-91.221,157.03,91.08,143.75
-98.263,155.65,92.01,145.22
-119.13,143.53,91.348,144.18
-120.25,143.71,91.895,145.04
-121.79,145.12,91.687,144.71
-111.11,159.5,92.912,146.64
-114.27,151.35,91.922,145.08
-38.008,165.64,92.231,145.57
-37.847,194.69,91.339,144.16
-51.178,191.3,90.154,142.29
5.4837,171.19,89.956,141.98
-80.834,180.87,90.046,142.12
-92.682,174.48,90.039,142.11
-103.37,166.34,90.038,142.11
-110.69,165.55,90.234,142.42
-110.72,180.31,89.83,141.78
-81.587,190.11,89.662,141.51
-90.728,187.22,90.142,142.27
-100.3,183.64,90.461,142.78
-57.631,194.41,91.096,143.78
-66.643,190.13,91.56,144.51
-83.002,186.7,92.174,145.48
-90.654,177.67,92.197,145.51
-93.707,167.02,91.22,143.97
-97.181,164.02,90.33,142.57
-101.87,162.37,89.607,141.43
-102.02,160.42,88.736,140.05
-103.22,157.63,87.971,138.85
-104.94,161.98,87.368,137.89
-106.24,160.61,86.393,136.36
-106.34,160.45,85.601,135.11
-106.11,159.93,85.19,134.46
-106.18,158.82,84.54,133.43
-75.333,167.77,84.324,133.09
-49.173,188.02,84.435,133.26
-88.508,174.28,84.666,133.63
-92.429,170.43,84.96,134.09
-88.967,164.14,84.359,133.15
-69.897,185.64,84.223,132.93
-77.263,183.34,84.364,133.15
-85.57,181.53,84.364,133.15
-88.993,177.78,83.889,132.4
-94.436,176.64,83.409,131.65
-92.283,175.67,83.336,131.53
-76.68,174.44,83.662,132.05
-79.132,173.47,83.79,132.25
-86.634,174.5,84.118,132.76
-90.288,176.1,84.854,133.93
-93.372,175.8,85.409,134.8
-95.653,176.43,86.342,136.27
-102.12,175.12,87.444,138.01
-71.474,172.58,88.503,139.69
-76.285,172.76,88.017,138.92
-82.316,185.61,87.814,138.6
-86.387,176.93,88.994,140.46
-92.178,185.21,88.603,139.84
-94.078,180.38,89.505,141.27
-96.223,176.68,90.422,142.71
-98.286,171.77,92.357,145.77
-101.12,170.18,93.581,147.7
-100.97,168.8,94.92,149.81
-100.01,169.6,95.828,151.25
-98.438,166.69,96.727,152.67
-96.567,170.65,96.575,152.42
-94.06,174.01,95.134,150.15
-90.824,177.12,93.232,147.15
-88.921,176.98,92.123,145.4
-87.528,173.91,91.944,145.12
-88.884,172.55,91.794,144.88
-91.303,168.99,92.648,146.23
-93.311,169.79,93.674,147.85
-96.481,169.02,94.035,148.42
-97.196,168.67,93.461,147.51
-95.857,165.76,93.29,147.24
-95.216,163.62,93.371,147.37
-94.24,163.17,92.786,146.45
-93.258,162.04,92.898,146.62
-91.958,162.01,92.726,146.35
-91.018,163.63,91.755,144.82
-89.404,162.65,91.712,144.75
-87.24,163.84,90.936,143.53
-86.418,163.06,90.857,143.4
-86.071,162.99,90.783,143.28
-87.388,163.56,90.472,142.79
-89.654,160.34,91.084,143.76
-96.792,158.66,92.069,145.31
-101.14,153.59,93.222,147.13
-106.08,151.34,94.49,149.13
-107.57,149.4,95.232,150.31
-109.04,149.13,95.857,151.29
-108.5,149.22,96.492,152.3
-105.26,153.09,96.224,151.87
-99.163,155.82,95.987,151.5
-89.433,160.99,93.793,148.04
-80.655,159.34,93.478,147.54
-101.9,158.91,93.308,147.27
-97.589,162.46,92.843,146.54
-90.147,165.66,91.937,145.1
-96.629,170.08,90.554,142.92
-91.59,173.81,91.663,144.67
-89.27,173.74,92.321,145.71
-86.885,175.03,92.986,146.76
-85.994,176.5,93.158,147.03
-84.39,178.2,93.859,148.14
-83.138,178.84,94.623,149.34
-80.308,174.92,95.481,150.7
-103.09,162.36,95.387,150.55
-99.724,162.82,94.751,149.55
-96.374,162.28,94.146,148.59
-113.1,144.36,94.709,149.48
-104.56,154.16,94.324,148.87
-100.18,159.54,93.737,147.95
-94.555,162.31,92.913,146.65
-88.57,166.23,92.51,146.01
-84.973,173.5,92.689,146.29
-82.711,174.69,91.992,145.19
-77.906,173.25,91.543,144.48
-73.446,175.13,91.346,144.17
-73.252,176.7,90.703,143.16
-71.175,177.73,89.773,141.69
-70.545,177.47,89.236,140.84
-72.998,174.36,89.245,140.86
-79.413,174.79,88.742,140.06
-84.289,173.82,89.198,140.78
-86.776,172.61,89.39,141.08
-84.475,172.47,89.496,141.25
-81.836,173.37,89.221,140.82
-76.369,172.77,89.442,141.17
-69.562,178.8,89.152,140.71
-61.221,180.49,88.426,139.56
-50.881,184.55,86.867,137.1
-90.971,178.51,86.96,137.25
-88.842,181.45,86.509,136.54
-38.366,190.18,84.985,134.13
-35.247,190.97,84.194,132.88
-32.722,190.81,83.062,131.1
-77.247,185.41,83.731,132.15
-77.238,181.57,84.991,134.14
-78.544,183.9,85.526,134.99
-78.405,183.48,86.156,135.98
-30.347,188.03,86.183,136.02
-30.31,188.95,86.282,136.18
-30.489,189.22,86.15,135.97
-75.262,180.52,86.485,136.5
-75.066,181.86,86.299,136.21
-74.868,184.03,85.587,135.08
-71.704,185.62,84.833,133.89
-66.444,185.13,84.625,133.57
-62.539,189.1,83.603,131.95
-8.5948,190.74,83.88,132.39
-4.5682,190.29,83.924,132.46
-0.2139,191.22,83.79,132.25
5.8134,190.44,83.423,131.67
11.406,190.04,83.248,131.39
14.94,190.32,83.146,131.23
21.424,190.52,83.544,131.86
32.456,194.72,83.297,131.47
40.051,196.43,82.953,130.93
45.499,198.77,82.293,129.88
52.73,200.09,82.273,129.85
61.385,201.76,82.043,129.49
67.006,204.16,81.71,128.96
70.969,204.84,81.579,128.76
76.529,205.5,81.687,128.93
82.483,206.42,82.012,129.44
86.532,206.49,82.349,129.97
90.21,206.23,82.371,130.01
93.744,206.11,82.622,130.4
95.539,205.48,83.039,131.06
98.873,205.44,83.2,131.32
101.9,205.64,82.536,130.27
104.96,204.05,82.43,130.1
107.72,200.7,82.558,130.3
108.55,197.66,82.371,130.01
108.74,197.41,82.33,129.94
111.02,201.98,81.925,129.3
112.5,207.44,81.657,128.88
112.5,213.31,81.64,128.85
113.41,219.83,81.819,129.14
116.22,224.83,81.595,128.78
120.39,228.34,81.956,129.35
121.85,229.56,82.285,129.87
123.09,229.65,82.528,130.26
124.9,229.14,82.75,130.6
131.51,230.43,82.684,130.5
138.82,234.24,82.673,130.48
145.5,235.95,82.748,130.6
152.09,237.09,82.548,130.29
156.63,237.65,82.491,130.2
159.82,235.88,82.749,130.6
164.21,234.31,82.613,130.39
168.7,233.82,82.467,130.16
173.41,233.94,82.364,130
182.17,236.08,82.045,129.49
189.63,238.28,81.792,129.09
196.52,240.27,81.699,128.95
203.2,239.59,81.773,129.06
208.2,237.4,81.924,129.3
212.3,235.51,81.944,129.33
215.82,234.18,81.753,129.03
219.86,232.37,81.752,129.03
223.37,232.48,81.595,128.78
228.24,233.45,81.534,128.69
233.65,233.63,81.64,128.85
239.72,233.43,81.583,128.76
242.33,233.32,81.676,128.91
244.92,232.93,81.638,128.85
247.62,231.67,81.744,129.02
250.55,232.45,81.439,128.54
255.41,232.69,81.446,128.55
260.81,234.57,81.064,127.94
267.54,236.75,80.802,127.53
273.07,235.88,80.928,127.73
277.9,235.88,81.254,128.24
281.91,236.8,81.291,128.3
286.13,238.69,81.005,127.85
291.17,242.87,80.709,127.38
298.05,247.88,80.617,127.24
306.06,250.98,81.133,128.05
314.02,253.39,80.949,127.76
321.48,254.53,81.159,128.09
326.1,253.81,81.289,128.3
327.21,254.08,81.441,128.54
326.68,254.05,81.355,128.4
327.05,253.29,81.551,128.71
328.73,252.41,81.602,128.79
330.75,252.6,81.54,128.7
334.34,252.7,81.589,128.77
338.98,252.98,81.631,128.84
343.4,252.37,81.709,128.96
346.91,250.53,81.802,129.11
349.16,249.61,81.74,129.01
351.41,247.23,81.859,129.2
353.13,243.84,81.61,128.81
354.74,241.92,81.64,128.85
355.83,238.21,81.767,129.05
355.65,235.41,81.424,128.51
354.22,232.5,81.367,128.42
354.5,227.99,81.3,128.32
356.65,225.76,81.113,128.02
358.22,222.59,81.157,128.09
359.65,221.18,81.415,128.5
362.64,220.82,81.417,128.5
365.07,220.86,81.67,128.9
367.95,222.03,81.541,128.7
371.22,219.79,81.825,129.15
373.64,218.17,81.561,128.73
375.01,216.26,81.553,128.72
376.19,214.58,81.151,128.08
378.19,213.83,81.06,127.94
380.08,213.87,81.009,127.86
381.06,213.88,80.816,127.55
381.03,214.26,80.755,127.46
381.16,214.8,80.741,127.43
382.43,216.61,80.796,127.52
382.85,218.02,80.913,127.71
383.47,222.06,80.943,127.75
384.94,228.86,80.784,127.5
388.63,233.9,81.16,128.1
393.67,240.12,80.996,127.84
398.24,245.17,81.085,127.98
400.74,248.72,81.064,127.94
401.88,254.01,81.231,128.21
403.05,258.7,81.021,127.88
402.38,263.07,81.126,128.04
401.92,265.57,81.104,128.01
401.35,269.08,80.675,127.33
398.27,270.45,80.799,127.53
394.14,268.72,81.232,128.21
391.58,268.75,81.478,128.6
390.02,266.26,82.267,129.84
389.31,263.84,82.7,130.53
389.17,263.9,82.459,130.15
390.02,265.07,82.118,129.61
391.87,264.17,82.135,129.63
391.92,265.03,82.023,129.46
392,264.83,82.028,129.47
392.18,263.13,82.164,129.68
392.43,260.79,82.134,129.63
392.61,260.29,82.169,129.69
393.35,260.17,81.843,129.17
394.05,258.72,81.825,129.14
394.22,260,81.719,128.98
394.36,258.96,81.929,129.31
393.55,258.78,81.836,129.16
391.2,257.96,81.834,129.16
389.37,257.04,81.588,128.77
388.41,257.67,81.476,128.6
387.42,257.59,81.527,128.68
386.48,257.23,81.571,128.74
384.19,256.6,81.536,128.69
382.17,256.59,81.715,128.97
381.48,255.93,81.56,128.73
381.69,256.01,81.529,128.68
382.26,257.71,81.59,128.77
384.67,257.31,81.677,128.91
386.93,258.2,81.606,128.8
388.57,257.92,81.891,129.25
390.92,258.11,81.928,129.31
393.48,258.49,81.988,129.4
395.8,257.97,81.794,129.1
397.88,257.64,81.66,128.89
400.1,256.31,81.52,128.66
401.6,254.49,81.564,128.73
404.69,253.93,81.673,128.91
408.04,253.11,81.797,129.1
410.54,253.74,81.553,128.72
412.42,254.08,81.615,128.81
412.78,254.1,81.717,128.97
412.21,254.15,81.817,129.13
411.27,252.5,81.995,129.41
409.39,251.06,81.994,129.41
407.67,248.94,82.347,129.97
406.6,247.1,82.232,129.79
406.36,246.44,82.166,129.68
407.31,247.31,82.039,129.48
410.16,247.99,81.886,129.24
412.74,248.15,81.957,129.35
