870.5,377.5,69,133
867.22,376.52,68.857,132.72
866.81,377.02,68.496,132.03
866.01,376.05,68.389,131.82
865.94,374.97,68.67,132.36
865,374.75,67.794,130.68
864.57,374.59,67.695,130.48
863.17,373.49,68.227,131.51
860.81,372.14,69.479,133.92
860.21,373.11,69.202,133.39
859.77,373.22,68.85,132.71
860.13,373.91,68.415,131.87
858.88,372.9,69.051,133.1
857.56,373.07,69.616,134.19
857.04,373.66,69.438,133.84
856.65,374.25,69.574,134.11
856.19,374.59,69.807,134.56
855.62,373.9,69.914,134.76
855.58,373.26,69.996,134.92
855.32,371.77,70.248,135.41
856.38,371.6,69.936,134.8
857.06,371,69.866,134.67
857.39,371.19,69.702,134.35
858.78,372.32,69.376,133.72
859.05,372.52,69.99,134.91
859.08,373.17,69.804,134.55
859.13,373.95,69.749,134.44
859.51,374.96,69.913,134.76
859.53,375.23,70.229,135.37
859.92,375.47,70.485,135.86
859.41,373.96,70.829,136.53
859.44,373.38,70.913,136.69
858.83,372.65,71.117,137.08
858.96,372.45,70.818,136.5
858.76,372.76,70.985,136.83
858.72,373.27,71.02,136.89
858.56,374.16,70.96,136.78
858.33,374.44,71.198,137.24
858.54,374.88,71.079,137.01
859.18,375.23,70.907,136.68
859.46,375.55,70.737,136.35
859.55,375.07,70.819,136.51
859.91,374.95,70.753,136.38
859.1,373.24,70.931,136.72
858.38,373.79,70.493,135.88
857.39,372.45,71.169,137.18
856.27,371.85,71.481,137.78
855.23,371.97,71.407,137.64
854.21,372.28,71.069,136.99
853.67,372.43,70.702,136.28
852.34,371.26,70.955,136.77
851.47,370.16,70.918,136.7
850.49,369.48,70.778,136.43
848.78,368.24,71.014,136.88
847.15,366.99,71.487,137.79
845.18,366.12,71.777,138.35
843.99,365.94,71.595,138
842.58,365.75,71.411,137.65
842.11,365.46,71.159,137.16
840.1,364.62,71.376,137.58
840.07,365.07,71.034,136.92
840.1,364.83,71.263,137.36
840.59,364.83,71.257,137.35
841.4,364.52,71.412,137.65
842.15,364.41,71.511,137.84
843.41,364.51,71.563,137.94
842.33,364.87,71.38,137.59
841.97,364.47,71.346,137.52
841.26,364.32,71.585,137.98
840.62,364.38,71.616,138.04
839.87,364.07,71.765,138.33
839.85,364.08,71.669,138.14
839.64,364.2,71.718,138.24
839.39,364.23,71.814,138.42
838.85,364.12,71.835,138.46
838.2,363.63,72.217,139.2
837.46,362.78,72.722,140.17
836.32,362.26,73.023,140.75
835.7,362.32,73.313,141.31
835.42,361.96,73.654,141.97
834.62,362.26,73.751,142.16
834.51,362.11,73.735,142.13
833.71,362.17,73.689,142.04
833.38,362.19,73.735,142.13
832.45,362.26,73.712,142.08
831.39,363.01,73.373,141.43
831.53,363.76,73.103,140.91
830.49,363.54,72.989,140.69
831.13,365.48,72.184,139.14
830.22,365.46,71.742,138.28
833.7,353.59,72.157,139.08
833.34,329.47,71.872,138.54
849.32,288.96,72.024,138.83
806.65,293.36,72.079,138.93
828.2,297.67,71.632,138.07
803.47,278.59,71.724,138.25
803.92,292.26,71.033,136.92
807.35,290.87,70.248,135.41
810.09,277.71,70.333,135.57
791.2,322.58,70.64,136.16
788.98,325.27,71.24,137.32
822.38,363.1,71.354,137.54
823.9,364.72,72.269,139.3
822.72,364.37,72.685,140.1
820.27,364.43,72.625,139.99
818.21,364.46,72.584,139.91
815.65,364.17,72.666,140.07
813.28,364.01,73.053,140.81
811.56,363.84,73.317,141.32
810.08,363.45,73.297,141.28
808.32,364.07,73.277,141.24
807.53,363.91,73.52,141.71
807.85,364.76,73.39,141.46
806.44,365.88,73.623,141.91
806.26,366.89,73.51,141.69
803.52,368.75,73.088,140.88
803.91,369.33,72.712,140.15
802.51,369.92,72.589,139.92
800.45,369.86,72.572,139.89
797.99,369.9,72.582,139.9
794.09,370.04,72.654,140.04
787.5,371.93,72.605,139.95
781.75,372.86,72.778,140.28
776.53,373.5,73.143,140.99
773.94,373.29,73.596,141.86
762.69,376.28,73.586,141.84
756.25,377.14,73.681,142.02
749.11,377.88,73.563,141.79
746.43,375.9,73.632,141.93
743.77,373.86,73.852,142.35
736.64,373.06,73.574,141.82
727.99,375.19,73.635,141.93
724.02,375.36,73.636,141.94
720.7,377.25,73.625,141.91
715.15,379.32,73.413,141.51
706.73,380.56,73.512,141.7
696.24,380.55,73.692,142.04
685.72,382.55,73.7,142.06
676.03,382.45,73.565,141.8
665.32,374.4,73.57,141.81
658.23,372.85,73.865,142.38
650.23,372.18,74.129,142.89
643.14,372.18,74.49,143.58
636.79,372.31,74.825,144.23
621.84,367.3,74.609,143.81
617.58,369.88,74.708,144
627.6,380.56,75.067,144.69
625.42,384.14,75.117,144.79
620.97,386.23,74.946,144.46
615.51,389.5,74.965,144.5
609.24,391.78,75.27,145.09
600.06,394.52,75.402,145.34
588.13,398.55,75.4,145.34
579.58,400.73,75.484,145.5
571.7,402.86,75.647,145.81
562.88,405.04,75.866,146.23
553.67,406.15,75.697,145.91
521.61,408.21,75.499,145.53
493.95,408.66,75.37,145.28
481.77,407.65,75.079,144.72
462.88,409.48,75.113,144.78
443.58,410.13,75.36,145.26
424.08,412.04,75.238,145.02
404.71,410.21,75.062,144.68
