307,97,14,26
307.58,97.432,14.015,26.028
308.1,97.485,14.033,26.062
308.72,97.66,14.159,26.296
309.87,98.162,13.958,25.922
309.32,98.986,13.992,25.985
310.23,99.807,13.737,25.512
311.06,100.19,13.715,25.47
310.9,100.68,13.715,25.47
310.63,100.06,13.75,25.536
310.19,99.818,14.038,26.07
308.79,98.954,14.042,26.079
309.39,99.249,13.97,25.945
310.11,100.63,13.788,25.606
311.11,101.16,13.954,25.914
310.69,102.16,13.925,25.861
313.05,103.28,13.891,25.797
313.54,105.94,13.608,25.272
314.44,104.38,13.439,24.958
314.81,104.96,13.392,24.871
316.06,104.89,13.407,24.898
316.53,105.09,13.818,25.663
318.11,105.57,13.961,25.928
318.72,105.35,14.044,26.082
319.78,106.22,14.166,26.308
320.81,105.55,14.214,26.397
323.55,105.81,13.778,25.587
323.9,105.14,13.485,25.043
323.96,104.8,13.498,25.067
324.2,98.795,13.492,25.057
326.36,98.922,13.776,25.584
330.19,106.13,13.715,25.471
333.95,109.23,13.921,25.854
335.77,109.28,14.061,26.114
337.81,110.58,14.067,26.124
339.98,110.96,14.041,26.076
341.42,111.71,14.124,26.231
342.55,111.98,13.998,25.996
344.73,112.4,14.148,26.276
346.86,113.35,14.116,26.215
347.99,113.34,14.223,26.414
349.55,113.67,14.107,26.199
350.27,114.62,14.013,26.025
351.33,115.21,13.968,25.941
352.2,115.82,14.192,26.357
353.43,115.94,14.217,26.402
354.15,116.75,14.304,26.564
355.64,117.49,14.457,26.849
356.85,117.76,14.451,26.837
357.48,118.56,14.499,26.927
359,118.91,14.475,26.881
360.07,119.33,14.515,26.956
361.31,120.17,14.552,27.025
362.4,120.03,14.568,27.055
363.43,121,14.432,26.803
364.01,121.64,14.565,27.05
364.91,122.29,14.675,27.253
365.39,122.37,14.583,27.084
366.69,123.03,14.582,27.081
367.6,124.05,14.526,26.977
368.34,125,14.601,27.115
369.45,125.49,14.569,27.058
369.92,125.73,14.567,27.052
370.48,126.85,14.491,26.913
371.31,127.48,14.619,27.149
372.02,128.06,14.724,27.344
372.07,128.47,14.653,27.213
372.7,129.68,14.515,26.957
373.2,130.59,14.636,27.181
373.86,131.44,14.68,27.263
373.28,131.66,14.617,27.146
373.64,132.62,14.621,27.153
373.47,133.74,14.596,27.106
373.39,134.86,14.605,27.124
373.39,135.61,14.592,27.099
372.64,136.71,14.675,27.253
371.76,137.57,14.628,27.165
371.27,138.86,14.456,26.846
370.28,139.06,14.451,26.837
369.32,140.2,14.68,27.263
368.31,140.58,14.669,27.242
366.53,141.58,14.773,27.436
365.61,142.56,14.785,27.459
363.96,143.12,14.815,27.513
362.54,143.84,14.734,27.362
360.26,145.1,14.696,27.292
358.44,146.3,14.683,27.269
357.01,147.77,14.574,27.066
354.86,148.77,14.447,26.83
352.08,149.92,14.474,26.881
350.41,150.77,14.422,26.784
349.07,151.97,14.433,26.804
347.31,153.2,14.507,26.941
345.52,154.48,14.421,26.781
345.47,156.03,14.523,26.972
344.86,157.02,14.524,26.974
346.02,158.7,14.621,27.152
345.85,159.25,14.783,27.454
345.52,159.11,14.873,27.622
346.14,161.19,14.861,27.598
346.48,162.39,14.927,27.721
346.94,162.78,15.009,27.874
348.56,161.36,15.103,28.049
348.68,162.65,15.167,28.167
349.51,164.04,15.147,28.13
349.29,165.2,15.083,28.012
349.51,165.94,15.023,27.9
349.8,167.75,15.075,27.996
348.61,168.36,15.198,28.225
348.33,170.44,15.122,28.084
346.39,170.59,15.07,27.987
344.77,172.18,15.092,28.029
344.25,173.82,15.144,28.124
341.82,175.28,15.147,28.13
340.72,176.78,15.158,28.15
338.77,178,15.186,28.203
335.26,179.54,15.233,28.291
333.11,180.68,15.252,28.326
328.3,182.17,15.232,28.288
324.07,183.65,15.233,28.29
320.43,185.99,15.209,28.246
315.24,187.64,15.242,28.307
310.3,189,15.247,28.315
305.94,191.27,15.157,28.148
301.42,192.48,15.095,28.033
295.68,194.8,15.162,28.159
288.93,196.1,15.227,28.278
281.38,197.63,15.151,28.137
272.9,199.73,15.069,27.985
267.06,205.04,15.065,27.979
259.07,205.45,15.224,28.273
250.71,207.13,15.104,28.05
245.27,209.48,14.978,27.817
238.03,210.97,14.931,27.729
233.2,212.26,14.915,27.699
229.05,213.9,14.874,27.623
225.32,215.26,14.951,27.765
222.94,216.9,15.072,27.99
219.82,218.92,15.248,28.318
216.27,220.08,15.286,28.388
213.05,222.13,15.307,28.428
210.62,224.32,15.381,28.564
207.78,226.17,15.417,28.631
204.64,228.46,15.443,28.68
203.94,230.42,15.514,28.811
201.53,232.55,15.517,28.816
198.48,234.94,15.546,28.872
197.11,236.96,15.46,28.711
193.97,239.66,15.429,28.653
191.19,240.73,15.439,28.673
188.21,242.35,15.483,28.754
184.08,245.07,15.491,28.77
179.78,246.96,15.488,28.763
176.11,249.94,15.468,28.726
171.29,252.64,15.476,28.742
167.06,254.72,15.413,28.624
162.81,257.06,15.364,28.533
156.4,260.15,15.467,28.724
150.23,262.53,15.503,28.791
143.85,265.07,15.673,29.107
136.47,267.23,15.686,29.132
127.66,269.63,15.533,28.847
122.81,273.09,15.492,28.771
115.43,277.06,15.586,28.946
106.9,279.5,15.628,29.024
94.141,284.44,15.675,29.111
84.254,288.02,15.658,29.08
74.571,291.28,15.666,29.095
62.64,295.35,15.662,29.087
50.73,298.14,15.665,29.093
40.041,301.16,15.678,29.116
