701.5,262.5,52,50
700.33,261.11,52.019,50.019
700.33,261.01,52.047,50.045
700.22,261.31,51.717,49.727
699.92,261.33,51.964,49.965
698.7,261.08,52.59,50.568
698.12,261.05,52.729,50.701
697.82,261.22,52.532,50.511
697.63,261.23,52.464,50.446
697.3,261.12,52.816,50.784
697.35,261.26,52.578,50.556
696.95,261.06,52.791,50.761
697.19,261.16,52.92,50.885
697.17,261.08,53.409,51.355
696.71,260.92,53.986,51.909
696.49,261.15,53.612,51.55
696.25,260.77,53.676,51.612
696.61,260.9,53.797,51.728
696.71,261.05,53.718,51.652
697.16,261.25,53.457,51.401
697.22,261.24,53.356,51.304
697.76,261.45,53.276,51.227
697.76,261.28,53.494,51.437
697.65,261.29,53.453,51.397
697.72,261.1,53.718,51.652
697.57,260.75,54.415,52.322
697.26,260.6,55.091,52.972
697.34,260.64,54.85,52.74
697.8,261,55.076,52.957
697.52,260.62,55.011,52.895
697.79,260.7,55.115,52.995
698.13,260.88,54.77,52.663
698.67,260.99,55.232,53.108
698.63,260.97,55.109,52.99
698.22,260.8,55.129,53.009
698.56,261,55.278,53.151
699.21,261.6,54.746,52.64
698.95,261.3,54.802,52.694
699.02,261.39,55.084,52.965
697.98,260.69,55.724,53.581
697.99,261.39,55.537,53.401
694.62,261.42,55.422,53.29
688.33,262.38,54.689,52.586
679.82,262.42,54.349,52.259
674.35,263,53.983,51.907
670,263.29,53.554,51.494
667.85,263.31,53.426,51.371
664.02,263.29,53.432,51.377
658.36,263.46,53.66,51.596
653.13,263.48,53.819,51.749
648.69,263.93,53.248,51.2
642.51,264.45,52.65,50.625
636.16,264.31,53.052,51.012
630.33,264.82,52.969,50.932
624.14,264.82,53.246,51.199
618.37,264.88,53.284,51.235
613.1,265.2,53.065,51.024
606.83,264.97,53.003,50.965
599.69,264.9,52.97,50.932
593.19,264.7,52.95,50.914
588.55,264.27,53.042,51.002
584.51,264.02,52.89,50.856
580.45,263.44,53.27,51.221
578.73,263.25,53.492,51.435
577.19,262.6,53.711,51.645
576.82,262.23,53.854,51.783
576.76,262.23,53.921,51.847
576.09,261.77,53.631,51.569
576.43,261.44,53.675,51.611
576.41,261.25,53.746,51.679
576.44,260.79,54.237,52.151
576.29,260.29,54.535,52.438
576.35,259.79,54.867,52.757
577.32,259.91,55.049,52.932
576.83,259.24,55.459,53.326
577.16,258.91,56.006,53.852
577.12,258.49,56.186,54.025
577.62,258.67,56.487,54.315
575.13,259.75,56.72,54.538
576.29,260.09,57.102,54.905
576.77,259.66,56.975,54.783
577.27,259.2,57.389,55.182
578.13,259.05,57.547,55.334
578.89,258.62,57.489,55.278
579.37,258.13,57.693,55.474
579.72,258.14,57.731,55.511
578.02,258.93,57.386,55.178
575.19,260.13,56.644,54.466
570.27,261.01,56.288,54.123
563.58,260.91,55.685,53.544
555.69,260.97,54.958,52.844
546.21,261.42,54.737,52.632
536.21,262.05,54.539,52.441
528.34,262.03,54.357,52.267
524.88,261.99,54.067,51.988
522.03,261.83,53.553,51.493
522.37,261.86,53.482,51.425
523.7,261.85,53.317,51.266
523.54,262.04,53.085,51.043
522.8,261.7,53.19,51.145
522.49,262.24,53.079,51.037
521.62,262.04,53.296,51.247
520.96,262.18,53.335,51.284
520.72,262.1,53.499,51.441
519.6,261.76,53.766,51.698
518.98,261.68,53.979,51.903
518.25,261.33,54.137,52.055
518.07,261.4,54.061,51.981
517.16,261,54.107,52.026
516.87,260.88,54.106,52.025
516.72,260.74,54.02,51.942
516.58,260.67,53.984,51.908
516.21,260.61,54,51.923
515.9,260.73,53.891,51.819
515.64,260.66,53.826,51.756
516.26,260.92,53.775,51.707
516.15,260.77,53.738,51.672
516.31,260.78,54.014,51.937
516.37,260.75,54.109,52.028
516.75,260.6,54.038,51.96
516.95,260.64,54.202,52.117
517.62,260.85,54.375,52.283
518.26,260.91,54.604,52.504
518.28,260.82,55.047,52.93
518.38,260.7,55.369,53.239
518.57,260.94,55.722,53.579
518.02,260.79,55.983,53.829
517.01,260.34,56.033,53.878
517.98,260.43,56.12,53.961
517.23,260.3,56.087,53.93
518.68,260.01,56.279,54.114
518.53,260.37,56.76,54.577
519.32,261.35,56.618,54.44
517.02,260.5,56.622,54.444
518.91,260.86,56.687,54.506
517.08,260.69,56.828,54.642
517.86,261.01,56.9,54.711
515.96,260.87,56.789,54.604
517.87,261.1,56.919,54.73
516.52,260.53,57.025,54.832
517.19,260.12,57.135,54.937
515.47,260.18,57.151,54.953
515.76,260.3,57.142,54.944
515.47,260.21,57.138,54.94
515.74,260.81,56.939,54.749
516.4,260.8,56.557,54.382
514.86,260.33,56.078,53.921
513.76,260.36,55.816,53.669
513.4,260.48,56.244,54.081
514.3,260.64,55.81,53.664
514.21,260.38,55.75,53.605
514.74,260.75,55.457,53.324
518.83,260.2,55.6,53.461
525.59,259.71,55.918,53.767
538.46,259.5,55.807,53.661
553.42,259.35,55.551,53.415
562.25,258.53,55.828,53.681
567.29,259.45,55.722,53.578
569.75,259.1,55.833,53.686
572.5,259.3,55.808,53.661
576.2,259.09,55.734,53.591
581.59,259.4,55.259,53.134
589.73,259.51,55.232,53.108
591.84,259.16,55.217,53.093
592.75,258.86,54.959,52.845
595.5,260.1,54.991,52.876
598.96,260.91,54.744,52.639
605.57,260.42,54.772,52.665
610.25,259.31,54.651,52.549
610.78,258.84,54.462,52.367
610.53,259,54.333,52.243
610.79,259.13,54.298,52.21
610.81,259.38,54.164,52.081
610.19,259.08,54.193,52.109
609.6,258.9,54.261,52.174
609.51,258.54,54.102,52.021
608.56,258.45,53.953,51.878
607.75,258.49,54.348,52.258
606.91,258.53,54.786,52.679
606.24,258.63,54.848,52.738
605.42,258.39,54.99,52.875
604.62,258.41,55.101,52.982
605.64,257.2,55.005,52.89
609.12,258.03,54.744,52.638
615.51,259.36,54.344,52.254
625.61,258.52,54.122,52.041
635.14,257.76,53.834,51.763
644.42,258.8,53.655,51.591
648.35,258.42,53.545,51.486
648.2,259.47,53.278,51.229
648.29,260.3,52.922,50.886
650.75,260.02,52.946,50.909
657.9,260.27,53.013,50.974
667.59,260.18,52.694,50.668
680.97,259.7,52.962,50.925
690.22,259.53,53.016,50.977
695.42,259.35,52.919,50.884
698.29,259.46,52.961,50.924
700.77,259.12,53.34,51.288
702.6,259.05,53.452,51.396
702.28,258.41,53.653,51.589
703.6,257.8,53.843,51.772
707.3,257.43,54.015,51.938
711.05,256.15,54.351,52.261
715.79,257.18,54.359,52.269
717.51,257.18,54.257,52.17
718.4,256.83,54.266,52.179
719.59,257.25,54.245,52.159
720.71,257.06,54.463,52.368
722.04,257.34,54.806,52.698
722.72,257.48,54.929,52.816
722.96,256.87,54.755,52.649
723.54,257.11,54.63,52.529
724.43,256.65,54.587,52.487
724.33,256.27,54.403,52.31
724.81,256.75,54.188,52.103
725.36,256.65,54.153,52.07
726.1,256.66,54.17,52.087
726.88,256.89,54.245,52.159
727.14,257.19,54.18,52.096
727.41,257.24,54.314,52.225
727.74,257.75,54.679,52.576
727.14,257.95,54.801,52.693
728.04,257.73,54.951,52.837
729.53,257.93,55.036,52.919
730.4,257.33,55.047,52.929
730.83,257.25,55.001,52.886
732.11,257.43,55.164,53.043
731.69,257.94,54.994,52.879
731.15,257.79,55.207,53.083
730.23,257.8,54.997,52.881
730.28,257.57,55.04,52.923
726.64,256.63,55.192,53.069
727.22,257.51,54.703,52.599
726.27,257.31,55.025,52.909
725.89,256.97,55.09,52.972
725.68,257.05,55.102,52.983
725.64,256.74,55.181,53.059
725.9,257.2,55.093,52.974
725.57,257.1,55.163,53.041
725.8,257.28,55.242,53.118
725.93,257.42,55.19,53.067
725.72,257.5,55.273,53.147
725.45,257.91,55.594,53.456
725.24,257.22,55.706,53.564
724.67,257.14,55.749,53.604
726.05,257.31,55.971,53.818
725.91,256.81,56.008,53.854
725.72,256.61,55.927,53.776
725.96,256.53,55.931,53.78
727.2,257.44,55.857,53.709
730.06,258.72,56.486,54.313
730.8,259.01,56.7,54.519
730.8,258.99,56.962,54.771
730.03,257.92,57.179,54.979
731.42,259.03,57.086,54.891
729.98,258.15,57.318,55.113
730.18,257.89,57.598,55.383
729.44,257.55,57.456,55.246
728.14,257.04,57.701,55.482
729.23,257.37,57.665,55.447
729.24,257.78,57.675,55.457
728.79,257.5,57.816,55.592
729.16,257.38,57.965,55.735
729.09,257.15,58.036,55.804
729.23,256.98,58.155,55.918
730.02,257.22,58.32,56.077
731.12,257.74,58.08,55.846
731.37,257.13,58.076,55.842
731.73,257.42,58.018,55.787
731.74,257.34,58.016,55.785
730.95,257.1,58.168,55.931
731.46,257.59,58.345,56.101
731.81,257.61,58.394,56.148
731.47,257.37,58.512,56.262
731.15,256.93,58.49,56.241
731.34,256.85,58.446,56.198
731.05,256.62,58.506,56.256
731.01,256.57,58.431,56.183
730.63,256.5,58.323,56.08
730.67,256.81,58.192,55.954
730.08,256.94,58.384,56.138
729.34,256.95,58.256,56.016
729.82,257.51,58.233,55.993
729.52,257.63,58.039,55.807
728.45,257.43,58.028,55.796
728.26,257.39,58.099,55.864
728.37,257.7,57.967,55.737
728.23,257.66,57.851,55.626
728.28,257.5,57.758,55.537
728.04,257.51,57.68,55.462
727.93,257.46,57.753,55.532
727.55,257.29,57.848,55.623
728.06,257.37,57.828,55.604
728.52,257.74,57.877,55.651
727.8,257.39,57.877,55.651
728.03,257.65,57.774,55.552
728.35,257.91,57.956,55.727
727.56,257.48,57.602,55.386
727.88,257.32,57.626,55.41
727.91,257.55,57.814,55.591
728.27,257.5,57.854,55.629
728.6,257.48,58.092,55.858
728.32,256.87,58.066,55.833
728.52,256.38,58.172,55.934
729.02,256.81,58.332,56.089
729.17,256.75,58.514,56.263
729.14,256.62,58.463,56.215
729.37,256.38,58.608,56.354
729.68,256.15,58.944,56.677
729.6,255.91,59.41,57.125
729.67,255.52,59.836,57.535
730.41,255.77,59.845,57.543
730.71,256.15,59.551,57.261
730.88,255.78,59.62,57.327
730.68,255.86,59.612,57.32
730.9,256.08,59.786,57.486
731.36,256.58,59.855,57.552
731.34,256.66,59.918,57.614
731,256.2,60.127,57.815
732.01,256.35,60.385,58.063
731.51,255.98,60.413,58.089
731.78,256.07,60.382,58.06
731.83,256.05,60.32,58
731.63,256.32,60.316,57.996
731.48,256.38,60.253,57.935
731.48,256.37,60.276,57.957
731.28,256.65,59.979,57.672
731.04,256.36,59.817,57.517
731.23,256.64,59.736,57.439
731.67,256.79,59.606,57.313
731.26,256.38,59.658,57.364
731.6,256.69,59.696,57.4
731.62,256.73,59.684,57.389
731.41,256.71,59.981,57.675
730.72,256.21,59.85,57.548
731.28,256.35,59.742,57.444
731.73,256.62,59.668,57.373
731.92,256.39,59.727,57.43
731.86,256.49,59.789,57.489
731.62,256.11,59.969,57.662
731.46,255.77,59.958,57.652
731.71,255.63,60.209,57.893
732.29,256.07,60.424,58.1
731.82,255.82,60.405,58.082
732.13,255.77,60.396,58.073
732.48,255.73,60.525,58.197
732.8,255.93,60.497,58.17
733.05,255.83,60.59,58.259
733.42,256.16,60.311,57.992
733.48,256.35,60.435,58.111
733.12,256.07,60.395,58.072
732.72,256.15,60.424,58.1
732.75,256.25,60.347,58.026
733.13,256.41,60.984,58.638
732.58,256.18,61.365,59.004
732.83,256.33,61.704,59.331
732.82,256.6,61.731,59.357
732.32,256.63,61.91,59.529
731.69,256.37,61.646,59.275
731.96,256.75,61.616,59.246
731.7,256.52,61.381,59.021
731.3,256.34,61.111,58.761
731.41,256.39,60.726,58.391
731.63,256.84,60.454,58.129
731.45,256.71,59.668,57.373
731.63,256.66,59.989,57.682
731.24,256.76,59.349,57.067
731.42,256.82,58.927,56.66
730.82,256.64,58.644,56.389
731.38,256.96,58.327,56.083
731.49,257.13,58.207,55.968
731.18,257.12,58.268,56.027
730.76,257.2,58.165,55.928
730.59,256.81,58.266,56.025
730.37,256.98,58.105,55.87
729.83,256.47,57.699,55.48
729.78,256.62,58.183,55.945
729.49,256.5,58.288,56.047
729.46,256.48,58.408,56.161
729.49,256.47,57.828,55.604
729.94,256.54,57.807,55.584
730.15,256.51,57.843,55.618
730.52,256.5,57.923,55.695
730.23,256.24,57.917,55.69
730.59,256.31,57.937,55.708
730.76,256.48,57.948,55.719
731.43,256.64,57.79,55.567
732.27,257.14,58.095,55.86
732.18,256.68,58.325,56.082
732.9,257.08,58.618,56.363
733.01,256.73,58.683,56.426
733.46,257.01,58.803,56.542
733.43,256.85,59.057,56.785
733.26,256.48,59.325,57.043
733.7,256.73,59.7,57.404
733.71,256.4,60.755,58.418
733.29,256.17,61.147,58.795
733.42,256.18,61.473,59.109
732.88,255.81,61.84,59.462
733.02,255.94,62.025,59.64
732.95,255.71,62.184,59.792
733.31,255.98,62.264,59.869
733.09,255.97,62.247,59.853
732.91,256.05,62.233,59.839
732.92,256.02,62.149,59.759
732.9,256.2,62.018,59.632
732.54,255.85,62.031,59.645
732.23,255.91,62.031,59.645
732.13,255.76,61.946,59.563
731.93,255.85,62.041,59.655
732.08,256.06,61.119,58.768
732.22,255.93,60.54,58.211
732.02,255.69,60.112,57.8
732.21,255.47,59.314,57.032
732.47,255.81,58.85,56.586
732.38,255.81,58.567,56.314
732.21,255.63,58.166,55.928
732.52,256.26,57.971,55.741
731.82,255.89,58.008,55.777
731.88,255.68,57.968,55.739
732.01,255.8,57.849,55.624
732.7,256.36,57.816,55.592
733.32,256.54,57.713,55.493
733.91,256.53,58.04,55.808
733.2,256.33,57.945,55.716
733.32,256.14,57.962,55.733
733.21,256.18,57.92,55.692
733.21,256.31,57.9,55.673
733.64,256.3,58.06,55.827
733.72,256.57,58.084,55.85
733.91,256.52,58.087,55.853
733.54,256.35,58.595,56.341
733.61,256.36,58.764,56.504
733.95,256.53,59.141,56.867
734.25,256.63,59.408,57.123
734.1,256.36,59.674,57.379
734.84,256.59,59.96,57.654
734.27,256.38,60.097,57.785
734.84,256.51,60.078,57.768
734.83,256.39,60.241,57.924
734.65,256.41,60.957,58.613
734.22,256.21,60.504,58.177
734.41,256.29,60.405,58.081
734.11,256.54,60.145,57.831
733.98,256.7,60.571,58.242
733.35,256.41,60.701,58.366
733.37,256.8,60.546,58.218
732.81,256.63,60.51,58.183
732.34,256.73,60.253,57.935
731.87,257,60.251,57.934
731.87,256.92,60.31,57.991
731.42,256.78,60.277,57.959
731.01,256.77,60.218,57.902
731.07,256.91,60.177,57.862
730.93,257.07,60.075,57.764
729.82,256.85,59.943,57.637
729.64,256.88,59.985,57.678
729.56,256.9,59.855,57.553
729.91,257.1,59.96,57.654
729.2,256.84,59.916,57.612
729.21,256.84,59.893,57.589
729.06,256.88,59.905,57.601
729.28,256.91,59.423,57.138
729.14,257.05,58.898,56.633
729.4,257.16,58.45,56.202
729.36,257.37,57.773,55.551
728.87,257.54,57.688,55.469
728.85,257.74,57.712,55.493
728.4,257.76,57.553,55.34
727.31,257.27,57.505,55.293
726.27,257.35,57.434,55.225
725.81,257.2,57.426,55.217
726.07,257.28,57.28,55.077
726.22,257.98,57.073,54.878
723.44,257.1,56.668,54.489
724.61,257.51,56.549,54.374
723.41,256.86,56.131,53.972
723.53,257.28,56.176,54.015
723.17,257.39,56.39,54.222
722.21,257.14,56.29,54.125
722.96,257.62,56.284,54.12
723.04,257.92,56.262,54.098
723.52,258.01,56.404,54.235
724.13,257.51,56.483,54.311
725.1,257.48,56.637,54.459
726.74,258.02,56.785,54.601
727.18,257.99,57.003,54.81
727.58,257.33,57.272,55.07
728.59,257.52,57.344,55.138
728.86,257.26,57.421,55.212
728.81,256.59,57.542,55.329
729.35,256.53,57.657,55.44
730.09,256.93,57.675,55.457
730.74,256.84,57.746,55.525
731,256.77,57.933,55.705
730.64,256.3,58.032,55.8
730.37,256.19,57.962,55.733
730.1,256.28,57.836,55.611
730.24,257.08,57.749,55.528
729.91,257.21,57.739,55.518
729.53,257.36,57.585,55.371
728.74,257.33,57.325,55.121
728.9,257.74,57.214,55.013
728.41,257.77,57.16,54.961
728.34,257.88,56.989,54.797
727.32,257.48,56.886,54.698
727.14,257.42,56.722,54.54
727.68,257.95,56.581,54.405
725.39,257.56,56.384,54.216
725.4,257.7,56.199,54.037
726.12,258.32,55.985,53.832
723.6,257.93,55.916,53.765
725.1,257.86,55.705,53.563
723.06,258.43,55.483,53.349
721.94,258.32,55.293,53.166
721.07,258.66,55.069,52.951
719.99,258.09,55.043,52.926
719.17,258.23,55.098,52.979
718.1,258.16,55.072,52.954
717.08,258.47,55.078,52.959
716.14,258.61,54.93,52.817
716.2,258.96,54.833,52.724
716.07,259.41,54.535,52.437
715.35,258.63,54.34,52.25
715.5,259.31,54.012,51.934
715.31,259.01,53.942,51.867
714.99,258.8,53.877,51.804
714.79,258.46,53.976,51.9
714.84,258.42,53.73,51.664
715.07,258.39,53.741,51.674
715,258.14,53.91,51.837
714.85,257.86,53.793,51.724
715.66,258.36,53.867,51.795
716.17,258.21,53.939,51.864
716.5,257.97,53.938,51.864
717.04,258.09,54.027,51.949
717.57,257.69,54.071,51.991
717.92,257.7,54.193,52.109
718.8,257.99,54.329,52.239
719.39,257.96,54.312,52.223
720.09,258.17,54.232,52.146
720.61,257.98,54.292,52.204
721.35,258,54.461,52.366
721.33,257.82,54.473,52.378
721.93,257.88,54.372,52.28
723.02,258.3,54.4,52.308
722.69,258.06,54.235,52.149
723.04,258.46,54.036,51.958
723.26,258.11,53.804,51.735
723.71,258.55,53.734,51.667
723.59,258.61,53.406,51.352
723.42,258.47,53.135,51.091
723.8,258.76,52.875,50.841
724.39,258.94,52.965,50.928
724.23,258.67,52.848,50.815
725.06,259.32,52.731,50.703
725.96,259.22,52.663,50.638
726.65,259.29,52.819,50.787
727.63,258.94,52.822,50.791
728.76,259,52.867,50.833
729.61,259,52.912,50.877
729.91,258.42,53.107,51.064
730.53,258.09,53.19,51.144
731.27,258.59,53.433,51.378
731.75,258.17,53.629,51.566
732.69,258.14,54.004,51.927
733.15,258.78,53.834,51.763
733.85,259.01,53.903,51.83
733.71,258.79,53.861,51.79
734.5,259.02,53.893,51.82
734.5,258.65,53.716,51.65
734.72,258.9,53.753,51.686
734.71,259.08,53.564,51.504
734.48,258.87,53.244,51.196
734.91,259.37,52.861,50.828
734.85,259.44,52.659,50.633
734.87,259.34,52.311,50.299
734.82,259.12,51.979,49.98
734.74,259.39,51.663,49.676
734.52,259.51,51.481,49.501
734.01,259.37,51.225,49.255
733.52,259.61,51.104,49.138
732.69,259.71,51.128,49.162
733.09,260.3,50.75,48.798
732.78,260.34,50.536,48.593
731.81,259.89,50.318,48.383
731.36,260.43,50.067,48.141
730.33,260.04,50.136,48.207
730.14,261.01,49.676,47.766
729.31,261.31,49.102,47.213
727.68,261.23,48.723,46.849
727.13,261.99,48.552,46.685
725.3,261.39,48.414,46.552
723.7,261.07,48.407,46.545
722.1,260.15,48.5,46.635
720.91,259.56,48.879,46.999
720.09,259.42,48.9,47.02
719.42,258.17,49.165,47.274
719.49,259.1,49.136,47.246
719.77,258.11,49.052,47.166
719.53,258.02,49.164,47.274
719.49,258.36,49.022,47.137
719.38,257.74,49.058,47.171
719.27,256.85,49.085,47.197
720.03,257.26,49.195,47.303
720.77,256.98,49.617,47.708
721.13,257.21,49.822,47.906
720.79,256.05,50.212,48.281
721.09,256.71,50.622,48.675
721.86,256.43,51.233,49.263
721.65,256.04,51.489,49.509
722.51,256.89,52.179,50.172
722.44,256.61,52.687,50.661
722.56,256.82,53.056,51.015
723.69,256.62,53.592,51.531
725.62,256.8,53.843,51.772
726.2,257.17,54.32,52.23
727.3,256.97,54.74,52.635
727.94,256.78,55.178,53.056
728.7,256.91,55.643,53.503
727.25,257.33,55.621,53.482
725.3,257.35,55.5,53.365
726.02,257.58,55.432,53.3
727.73,257.18,55.655,53.514
728.62,257.01,55.992,53.839
728.44,256.71,56.204,54.042
729.84,257.42,56.279,54.115
729.87,257.59,56.643,54.465
729.62,257.59,56.774,54.59
729.81,257.89,56.869,54.682
729.74,258.03,56.939,54.749
729.78,257.67,56.887,54.699
729.66,257.74,56.835,54.649
730.88,258.2,57.158,54.96
731.13,258.28,57.389,55.182
730.74,258.06,57.034,54.84
730.66,258.05,56.835,54.649
731.06,258.6,56.917,54.727
730.9,258.25,56.648,54.469
731.69,258.38,56.754,54.571
731.71,258.64,56.764,54.581
732.37,258.51,56.974,54.783
731.97,258.19,57.072,54.877
732.3,258.08,57.175,54.976
732.55,258.62,56.974,54.782
732.13,258.61,56.732,54.55
733.14,258.72,56.542,54.367
733.17,258.44,56.007,53.853
733.52,258.4,55.687,53.545
733.86,259.01,55.933,53.782
733.31,258.86,55.719,53.575
733.52,258.86,56.039,53.883
734.35,258.57,55.997,53.844
735.51,258.59,55.94,53.788
736.06,258.45,55.819,53.673
737.12,259.08,55.719,53.576
737.85,259.11,55.611,53.472
733.01,259.2,55.478,53.344
741.82,258.27,55.427,53.295
743.57,258.37,55.481,53.347
744.27,257.96,55.657,53.516
745.71,258.34,55.966,53.814
746.21,257.95,56.036,53.881
746.6,258.11,56.205,54.043
747.9,259.12,56.368,54.2
748.44,258.69,56.412,54.242
749.16,258.74,56.148,53.989
749.96,259.22,55.912,53.761
749.88,258.9,55.915,53.764
751.39,258.79,55.976,53.823
751.55,258.81,56.097,53.939
751.9,258.61,56.282,54.118
752.27,259.06,56.664,54.484
752.22,258.79,56.93,54.74
752.32,258.72,57.105,54.909
752.79,258.72,57.139,54.941
753.3,259.22,57.489,55.278
753.05,258.38,57.595,55.38
753.27,258.3,57.777,55.555
754.05,258.49,58.319,56.076
754.59,258.48,58.578,56.325
754.15,258.01,59.066,56.794
754.54,258.09,59.531,57.241
754.94,257.73,59.878,57.575
754.96,257.83,60.329,58.008
755.72,257.97,60.656,58.323
756.09,258.21,61.093,58.743
755.88,257.87,61.325,58.967
756.44,258.29,61.806,59.429
756.6,257.63,62.345,59.947
756.17,258.03,62.525,60.121
756.6,257.13,62.804,60.389
756.34,257.99,63.158,60.728
756.07,258.14,63.589,61.144
756.25,257.77,63.776,61.323
756.63,257.62,64.384,61.907
757.01,257.22,64.518,62.036
756.97,257.33,64.539,62.056
756.58,257.32,64.567,62.084
756.71,257.71,64.711,62.222
757.09,257.77,65.287,62.776
756.58,258.05,65.331,62.818
756.59,257.8,65.979,63.441
756.46,257.35,65.675,63.149
756.48,257.74,66.113,63.57
756.18,257.14,65.931,63.396
756.53,257.47,66.159,63.615
756.83,258.08,66.384,63.831
756.63,257.19,66.354,63.802
757.22,258.11,66.467,63.911
757.16,257.58,66.38,63.827
757.33,257.39,66.926,64.352
757.74,257.65,67.083,64.503
757.84,257.28,67.282,64.694
758.19,257.72,67.617,65.017
757.87,256.62,67.876,65.265
758.34,257,68.14,65.519
759.01,257.53,68.361,65.732
758.88,257.01,68.539,65.903
758.95,256.86,68.797,66.151
759.64,257.27,68.513,65.878
759.44,256.88,68.533,65.897
759.38,257.13,68.459,65.826
759.87,256.95,68.516,65.881
760.13,256.85,68.381,65.751
760.78,257.27,68.265,65.639
760.71,257.23,68.209,65.585
761.63,257.72,68.101,65.482
761.92,257.52,67.986,65.371
762.79,257.54,68.099,65.48
762.58,257.41,67.942,65.329
763.68,257.69,67.815,65.207
763.46,257.96,67.6,65
763.76,257.61,67.648,65.046
765.37,258.05,67.404,64.811
764.99,257.96,67.18,64.596
765.98,258.34,67.056,64.477
765.48,258.31,66.96,64.385
765.54,258.3,67.104,64.523
765.63,258.33,67.033,64.455
765.79,258.34,66.954,64.379
766.17,258.57,66.82,64.25
766.64,258.65,66.783,64.214
766.91,258.33,66.866,64.295
766.21,258.39,66.915,64.341
765.61,257.9,67.064,64.485
764.95,257.45,67.171,64.587
765.66,257.46,67.21,64.625
765.66,257.1,67.386,64.794
764.74,257,67.146,64.563
765.25,257.65,67.162,64.579
765.44,257.8,67.212,64.627
765.65,258,67.114,64.533
764.89,258.05,66.88,64.308
764.59,258.82,66.939,64.365
764.3,259.15,66.921,64.347
764.43,259.37,66.917,64.344
764.01,260.46,66.83,64.26
764.46,261.36,66.732,64.166
764.16,261.15,66.617,64.055
763.73,260.72,66.575,64.015
763.44,260.88,66.25,63.702
764.39,261.4,65.697,63.17
764.38,261.9,65.151,62.645
765.07,261.56,64.78,62.288
764.56,262.39,64.631,62.145
765.06,263.06,64.221,61.751
765.95,262.26,64.095,61.63
766.3,261.95,64,61.538
766.24,262.86,63.72,61.269
766.29,262.85,63.534,61.09
766.32,262.66,63.504,61.061
766.41,263.11,63.332,60.896
766.41,262.37,63.58,61.134
765.6,262.57,63.848,61.392
765.48,262.86,63.914,61.456
765.65,262.62,64.057,61.593
765.02,262.82,64.111,61.645
