84.5,227.5,19,44
85.086,229.11,19.028,44.064
85.086,228.99,19.127,44.294
85.335,229.08,19.523,45.21
85.419,229.65,19.435,45.007
86.246,229.89,19.601,45.393
85.687,230.28,19.591,45.369
85.662,230.54,19.338,44.783
85.849,230.29,19.129,44.3
86.772,230.62,19.225,44.521
86.605,230.92,19.355,44.821
87.063,230.75,19.566,45.312
87.281,230.63,19.478,45.106
87.797,231,19.561,45.3
87.123,230.7,19.647,45.499
90.387,232.27,19.72,45.668
93.04,234.23,19.773,45.79
93.634,234.78,19.62,45.435
93.907,234.47,19.558,45.293
94.787,235.17,19.719,45.665
95.302,235.49,19.838,45.941
95.022,234.71,19.715,45.655
87.435,237.99,19.692,45.602
87.896,238.95,19.738,45.71
90.239,239.71,19.657,45.521
90.465,239.74,19.508,45.177
90.747,239.91,19.506,45.172
92.06,238.39,19.316,44.732
91.583,240.3,19.498,45.154
104.25,236.95,19.643,45.489
104.76,236.21,19.637,45.475
105.58,236.69,19.722,45.672
106.85,237.56,19.743,45.721
107.51,237.93,19.745,45.725
97.481,244.18,19.856,45.983
94.871,238.72,19.992,46.298
96.292,240.34,20.084,46.511
98.794,240.1,20.21,46.802
98.672,238.7,20.46,47.382
99.627,239.26,20.617,47.745
100.65,239.64,20.73,48.007
101.22,239.93,20.855,48.297
102.08,240.31,21.101,48.865
101.79,240.16,20.986,48.599
103.75,240.22,21.144,48.964
102.8,239.42,21.024,48.686
104.09,239.73,20.999,48.629
104.36,239.9,21.032,48.705
104.71,240.35,21.058,48.766
106.15,241.57,21.094,48.85
107.23,241.22,21.159,48.999
107.52,241,21.149,48.976
108.7,241.51,21.069,48.792
109.36,241.58,20.954,48.525
125.24,247.75,20.864,48.317
124.55,247.81,20.84,48.261
123.9,246.5,20.917,48.438
126.7,248.77,20.956,48.529
127.89,238.73,20.894,48.387
112.92,247.21,20.98,48.586
115.2,246.97,21.12,48.91
116.53,246.99,21.34,49.42
117.57,247.31,21.647,50.129
119.94,249.29,22.063,51.092
118.95,245.88,21.918,50.758
121.2,245.94,21.811,50.509
120.83,245.72,21.715,50.287
122,246.4,21.559,49.927
122.8,246.81,21.572,49.956
124.25,247.66,21.592,50.003
135.36,252.24,21.638,50.109
137.37,252.56,21.631,50.094
139.92,253.47,21.595,50.009
140.39,253.44,21.574,49.96
141.74,253.43,21.577,49.968
141.11,252.92,21.562,49.932
141.1,253.57,21.519,49.834
143.17,254.66,21.595,50.01
146.38,256.39,21.576,49.964
148.22,257.26,21.604,50.03
152.37,257.89,21.727,50.315
154.59,258.12,21.854,50.608
156.52,257.66,21.888,50.689
158.56,257.93,21.99,50.924
161.36,258.65,21.993,50.93
164.55,260.37,22.105,51.19
166.98,260.48,22.107,51.195
169.62,260.4,22.029,51.014
172.36,260.65,22.032,51.022
174.76,260.53,22.01,50.97
177.82,260.29,22.027,51.009
180.17,261.15,22.017,50.986
182.81,261.82,21.985,50.913
184.78,262.1,22.07,51.11
186.92,262.36,22.17,51.34
193.16,261.9,22.357,51.774
196.92,261.97,22.52,52.152
200.41,262.41,22.822,52.851
203.92,262.77,22.894,53.017
207.41,263.85,23.032,53.338
212.34,264.59,23.11,53.519
215.93,264.43,23.158,53.63
218.6,265.36,23.154,53.619
220.74,265.11,23.186,53.694
222.84,264.55,23.281,53.914
230.51,262.92,23.29,53.936
234.3,264.63,23.247,53.834
238,266.7,23.261,53.867
241.45,268.71,23.387,54.159
244.92,268.77,23.348,54.068
252.18,268.53,23.341,54.052
256.76,267.64,23.193,53.711
260.27,267.69,23.041,53.357
263.87,267.85,22.998,53.259
267.88,268.07,23.049,53.377
275.77,270.09,23.177,53.672
279.07,271.59,23.26,53.865
282.96,272.58,23.336,54.042
286.19,272.19,23.241,53.822
289.88,272.55,23.323,54.012
295.01,272.83,23.387,54.16
297.96,273.25,23.446,54.297
302.47,274.57,23.521,54.47
306.92,275.37,23.585,54.617
310.91,275.24,23.472,54.357
317.51,275.38,23.593,54.637
321.1,273.4,23.655,54.78
325.56,273.03,23.595,54.642
331.45,273.89,23.713,54.915
336.51,275.42,23.89,55.324
344.46,276.71,23.878,55.296
348.33,277.05,23.879,55.298
353.42,276.96,23.912,55.376
357.91,276.45,23.908,55.366
362.85,275.35,24.017,55.619
371.52,274.86,24.041,55.673
376.1,275.33,24.057,55.712
380.57,276.48,24.146,55.918
385.49,278.26,24.282,56.232
389.47,278.65,24.36,56.413
400.32,278.68,24.499,56.733
405.21,279.1,24.551,56.856
411.01,280.25,24.54,56.831
416.49,281.55,24.498,56.733
422.91,283.61,24.472,56.673
428.81,284.98,24.465,56.656
430.96,285.36,24.552,56.857
432.88,285.61,24.595,56.957
433.33,285.12,24.651,57.086
433.13,286.49,24.689,57.175
420.94,289.73,24.682,57.159
410.53,293.14,24.873,57.601
400.34,296.82,24.937,57.748
394.93,299.8,25.062,58.039
396.88,301.24,25.115,58.161
407.44,302.88,25.224,58.414
414.6,304.56,25.204,58.367
421.03,306.13,25.056,58.024
428.63,309.55,24.907,57.679
435.73,312.03,24.91,57.687
445.45,315.51,25.093,58.109
451.92,316.1,25.431,58.894
458.95,316.43,25.51,59.075
466.06,315.9,25.481,59.009
473.01,315.51,25.47,58.982
482.21,315.69,25.439,58.91
488.5,316.16,25.411,58.846
495.68,317.48,25.388,58.793
503.36,317.02,25.465,58.972
511.57,316.14,25.484,59.016
522.09,314.16,25.545,59.156
529.78,314.07,25.738,59.604
536.75,313.28,25.812,59.774
543.51,313.62,25.945,60.084
549.92,314.73,25.998,60.206
555.89,315.33,25.953,60.103
557.09,315.4,26.148,60.554
557.78,315.1,26.184,60.637
558.04,313.63,26.164,60.591
562.52,312.1,26.021,60.26
572.98,310.37,25.953,60.102
582.06,309.96,25.851,59.864
588.32,310.83,25.904,59.989
594.6,312.22,26.066,60.363
602.93,313.52,26.27,60.835
615.7,315.59,26.367,61.061
622.24,316.99,26.434,61.216
630.92,319.89,26.393,61.121
639.57,323.29,26.573,61.538
646.93,325.58,26.725,61.889
659.41,328.33,26.815,62.097
665.89,328.78,26.987,62.496
673.29,328.36,26.866,62.215
680.9,327.68,26.929,62.362
690.44,328.58,27.261,63.131
694.59,328.22,26.844,62.166
704.74,334.39,26.865,62.213
711.29,336.61,27.025,62.585
716.74,337.26,27.081,62.714
723.81,337.7,27.098,62.753
739.95,335.98,27.28,63.175
725.21,333.37,27.065,62.676
716.98,331.95,26.822,62.115
704.61,342.21,26.774,62.002
693.69,338.9,26.695,61.819
683.77,330.27,26.968,62.452
680.57,325.87,27.235,63.072
681.1,322.39,27.366,63.373
679.02,307.68,27.375,63.396
680.71,303.66,27.432,63.526
681.83,301.95,27.501,63.686
681.81,301.87,27.428,63.517
680.85,305.94,27.462,63.595
679.6,309.33,27.458,63.588
678.13,313.17,27.454,63.578
677.71,318.77,27.298,63.216
677.71,321.11,27.072,62.693
678.62,322.95,27.255,63.116
679.3,324.04,27.301,63.224
679.36,325.86,27.418,63.494
676.08,327.8,27.523,63.738
670.56,328.47,27.695,64.137
670.3,329.01,27.949,64.724
672.73,328.11,28.223,65.359
679.01,327.64,28.175,65.247
690.6,327.86,28.154,65.198
699.33,328.99,28.234,65.385
707.83,331.91,28.057,64.974
715.33,333.96,28.159,65.211
721.53,335.05,27.977,64.79
728.85,336.22,28.131,65.146
731.27,336.77,27.927,64.674
735.57,337.8,27.857,64.512
741.19,338.25,27.967,64.767
749.19,339.12,27.885,64.576
756.75,339.54,27.55,63.801
767.86,339.45,27.66,64.054
775.36,339.25,27.785,64.345
780.69,337.54,27.865,64.53
787.06,337.19,27.744,64.249
790.9,337.13,27.699,64.145
795.59,338.24,27.63,63.985
797.67,338.35,27.809,64.399
801.33,338.2,27.749,64.262
807.09,336.47,27.92,64.657
811.41,333.83,27.818,64.422
816.95,329.71,27.857,64.51
818.57,328.64,27.917,64.649
820.84,328.52,27.931,64.682
822.9,328.3,27.902,64.614
824.67,328.19,27.831,64.45
828.12,326.65,27.81,64.401
832.16,325.11,27.714,64.179
838.21,323.59,27.684,64.11
844.35,322.43,27.714,64.181
850.25,322.01,27.675,64.088
857.55,323.4,27.706,64.16
859.99,325.62,27.529,63.751
860.76,326.73,27.515,63.718
861.08,328.09,27.488,63.656
861.33,329,27.414,63.486
864.52,329.73,27.34,63.313
870.67,330.43,27.2,62.99
878.32,330.23,27.087,62.729
886.1,331.43,27.064,62.675
893.19,332.15,26.935,62.376
900.87,332.23,26.861,62.205
904.54,331.98,26.838,62.152
907.67,331.78,26.823,62.117
911.93,332.16,26.736,61.914
917.95,333.29,26.619,61.643
