440.5,296.5,28,34
440.34,298.3,28.326,34.396
440.73,298.68,28.534,34.648
441.54,298.44,28.924,35.122
440.7,299.53,29.591,35.932
439.22,298.15,30.016,36.448
438.65,298.37,30.58,37.133
438.15,298.79,30.96,37.595
438.18,298.58,30.996,37.638
438.35,298.5,31.3,38.007
438.47,297.39,31.539,38.298
439.55,297.05,31.503,38.254
443,294.91,31.825,38.644
444.4,294.42,32.054,38.923
447.57,294.65,31.87,38.699
448.02,293.23,31.622,38.398
450.97,292.47,31.473,38.217
452.14,291.44,31.338,38.053
452.3,290.2,30.889,37.509
452.57,289.77,30.85,37.461
452.35,288.41,30.892,37.511
452.02,286.21,30.782,37.378
452.77,286.1,30.532,37.075
452.75,285.31,30.457,36.984
454.68,284.39,30.646,37.213
456.19,283.71,30.524,37.064
458.44,282.6,30.532,37.075
460.02,282.32,30.477,37.008
461.55,281.6,30.889,37.509
463.52,282.2,30.962,37.596
465,281.21,31.162,37.84
467.31,281.46,30.953,37.585
469.29,279.67,31.097,37.761
471.31,279.45,31.131,37.802
472.36,279.51,31.285,37.989
472.31,278.5,31.135,37.807
472.03,278.78,31.079,37.738
470.85,277.97,31.111,37.778
469.69,278.29,31.119,37.787
467.92,278.08,31.164,37.842
464.28,277.63,31.329,38.042
459.99,277.37,31.929,38.77
455.79,278.94,31.803,38.617
453.71,278.74,31.63,38.408
452.67,280.28,31.654,38.436
451.54,280.06,31.597,38.368
450.4,279.98,31.708,38.502
448.05,279.82,31.596,38.366
447.36,280.18,31.631,38.409
447.16,280.77,31.675,38.462
446.42,280.39,31.748,38.552
445.72,279.79,31.839,38.662
445.54,279.66,31.699,38.492
445.92,279.47,31.4,38.129
446.42,279.58,31.154,37.83
446.43,279.56,30.883,37.5
445.89,278.92,30.772,37.366
444.24,278.65,30.635,37.2
442.54,278.14,30.251,36.734
440.49,278.28,30.016,36.448
437.99,276.94,29.822,36.213
435.24,276.59,29.792,36.177
428.16,274.86,29.662,36.018
424.35,273.31,29.56,35.894
420.79,272.64,29.418,35.722
416.25,272.06,29.366,35.659
412.56,271.03,29.122,35.362
412.91,273.05,28.893,35.085
407.56,272.08,28.85,35.033
400.5,272.4,28.994,35.208
395.56,273.64,28.917,35.113
383.84,274.94,28.64,34.778
374.45,276.22,28.49,34.595
371.53,275.19,28.353,34.428
368.33,275.79,28.347,34.422
364.33,275.17,28.303,34.368
361.78,275.06,28.255,34.309
356.25,274.81,28.167,34.203
354.81,274.58,28.122,34.148
353.39,274.86,28.229,34.278
352.36,274.67,28.308,34.374
351.71,274.94,28.347,34.421
352.6,274.73,28.417,34.506
353.59,275.63,28.387,34.47
356.27,276.72,28.462,34.561
357.5,276.24,28.562,34.682
361.75,276.93,28.587,34.713
359.74,278.6,28.564,34.684
375.92,276.31,28.716,34.87
378.53,276.43,28.933,35.132
381.08,275.92,28.902,35.095
382.75,275.36,28.878,35.066
386.75,275.7,28.782,34.949
390.31,275.64,28.765,34.929
395.58,275.49,28.845,35.026
395.64,275.28,28.884,35.073
396.8,276.02,28.919,35.115
413.86,279.56,28.878,35.066
413.96,279.42,28.869,35.055
415.58,280.48,28.85,35.032
416.19,279.93,28.89,35.081
417.4,279.87,28.81,34.984
421.5,280.06,28.891,35.082
422.59,279.68,28.981,35.191
424.47,280.36,29.059,35.286
424.39,279.39,29.077,35.308
424.75,278.3,29.251,35.519
424.48,277.03,29.313,35.594
424.63,276.14,29.382,35.678
425.36,277.22,29.283,35.558
424.92,276.19,29.272,35.544
426.11,275.98,29.212,35.471
432.14,277.32,29.179,35.432
435.03,277.91,29.021,35.24
439.53,278.43,28.939,35.14
441.97,278.05,29.034,35.255
444.23,278.18,28.998,35.212
446.72,277.63,28.991,35.203
448.09,277.05,28.901,35.094
448.65,277.08,28.698,34.848
448.68,276.1,28.607,34.737
448.92,275.95,28.563,34.684
449.36,275.81,28.461,34.559
449.2,275.15,28.471,34.572
450.81,275.77,28.379,34.46
451.38,275,28.298,34.361
452.65,275.14,28.239,34.29
454.89,276.14,28.353,34.428
456.05,275.73,28.487,34.592
457.71,277.14,28.586,34.712
459.15,277.5,28.64,34.777
458.81,277.8,28.703,34.854
459.74,277.79,28.821,34.997
459.43,277.51,28.887,35.077
460.5,278.39,29.003,35.218
460.37,278.41,29.121,35.361
460.12,278.41,29.306,35.586
459.03,278.49,29.353,35.643
459.04,279.12,29.476,35.792
458.7,280.53,29.601,35.944
457.41,280.16,29.747,36.121
456.88,280.46,30.03,36.465
455.34,281.25,30.186,36.654
454.15,281.53,30.29,36.781
451.31,282.56,30.371,36.879
448.95,282.18,30.412,36.929
446.99,281.53,30.416,36.934
440.71,280.51,30.504,37.041
436.62,279.49,30.545,37.09
432.66,279.37,30.683,37.258
428.47,279.28,30.943,37.574
423.26,278.64,31.22,37.91
416.85,279.32,31.174,37.854
414.04,279.09,31.118,37.787
412.41,279.57,31.174,37.854
408.63,279.14,31.151,37.826
406.85,279.02,31.305,38.013
400.88,278.51,31.322,38.033
398.9,278.18,31.346,38.063
396.86,278.5,31.289,37.994
393.67,278.39,31.164,37.842
391.85,278.69,31.159,37.836
388.9,278.39,31.188,37.872
387.11,277.78,31.215,37.904
385.33,277.47,31.346,38.063
382.37,275.55,31.364,38.084
378.71,274.67,31.293,37.999
372.31,273.45,31.343,38.059
368.94,273.34,31.352,38.07
365.25,273.88,31.497,38.247
362.48,273.18,31.565,38.329
360.39,273.38,31.455,38.196
356.92,272.89,31.247,37.943
355.87,272.91,31.204,37.891
355.47,273.64,31.065,37.721
353.52,272.56,30.937,37.566
352.74,271.93,30.895,37.515
352.34,271.56,30.617,37.178
351.75,271.61,30.299,36.792
352.5,272.79,30.001,36.43
351.33,272.15,29.816,36.206
351.65,272.37,29.628,35.977
350.89,272.29,29.357,35.648
350.66,273.03,29.285,35.561
350.37,273.73,29.264,35.535
348.35,273.88,29.214,35.474
347.2,274.18,29.246,35.513
345.95,274.81,29.261,35.531
345.41,274.55,29.306,35.586
347.33,275.69,29.337,35.624
347,274.01,29.305,35.585
347.1,274.08,29.349,35.638
347.67,274.53,29.572,35.909
347.16,275.27,29.598,35.94
347.12,274.43,29.769,36.148
347.44,274.12,29.762,36.139
348.21,273.82,29.844,36.239
348.69,274.68,29.89,36.295
349.68,274.85,29.884,36.288
351.2,276.52,29.608,35.953
351,276.28,29.464,35.778
351.64,276.78,29.431,35.737
354.42,279.28,29.253,35.522
355.93,283.07,29.22,35.481
347.45,275.83,29.096,35.331
357.43,281.81,29.137,35.381
357.38,275.1,29.049,35.274
358.22,275.35,29.103,35.34
360.72,282.01,29.037,35.259
361.45,282.83,29.096,35.331
361.41,281.7,28.995,35.209
363.91,282.07,28.938,35.139
362.35,282.77,29.065,35.293
364.3,283.75,29.266,35.538
380.83,274.68,29.347,35.636
379.77,273.39,29.324,35.608
378.93,272.29,29.446,35.755
378.87,272.21,29.508,35.831
378.84,271.33,29.696,36.059
378.54,270.34,29.912,36.321
377.92,270.22,30.155,36.617
377.32,268.96,30.411,36.928
377.75,268.96,30.662,37.232
378.48,268.62,30.66,37.23
380.67,269.38,30.662,37.232
381.45,268.9,30.63,37.194
382.03,268.46,30.701,37.279
383.55,270.03,30.656,37.225
385.13,270.48,30.578,37.131
385.74,270.47,30.524,37.065
385.28,270.5,30.523,37.064
385.78,270.55,30.502,37.038
385.77,270.52,30.508,37.045
385.85,270.43,30.56,37.109
386.21,271.43,30.58,37.133
385.15,270.34,30.553,37.101
385.2,270.17,30.515,37.054
384.82,270.38,30.426,36.945
384.43,271.1,30.341,36.842
384.87,272.63,30.26,36.744
384.55,271.88,30.158,36.621
384.13,271.86,30.042,36.479
383.56,272.14,30.045,36.483
383.34,272.93,30.104,36.555
384.42,274.68,30.168,36.632
383.79,274.15,30.178,36.645
383.84,274.62,30.203,36.676
383.98,274.58,30.239,36.719
384.64,275.24,30.137,36.595
384.49,275.27,30.018,36.451
384.7,274.97,29.903,36.311
385.45,275.34,29.799,36.184
386.09,275.42,29.758,36.134
386.03,274.67,29.775,36.156
387.61,275.42,29.775,36.156
387.77,275.12,29.783,36.165
389.3,275.52,29.819,36.209
391.03,275.98,29.806,36.193
395.74,276.05,29.659,36.015
397.69,275.52,29.619,35.966
399.4,274.49,29.664,36.02
401.67,273.72,29.606,35.95
403.81,273.23,29.437,35.745
411.16,271.73,29.367,35.659
415.37,271.73,29.265,35.536
420.28,270.78,29.193,35.448
426.16,271.5,28.972,35.18
432.4,272.08,28.888,35.078
439.04,272.13,28.823,35
441.62,273.04,28.765,34.929
442.56,273.25,28.74,34.898
445.92,274.46,28.676,34.821
449.18,276.33,28.457,34.555
455.91,276.83,28.171,34.208
459.44,277.43,28.112,34.136
461.72,276.56,27.912,33.893
467.28,277.71,28.061,34.074
463.47,275.82,27.789,33.744
463,277.35,27.629,33.549
463.25,277.31,27.497,33.389
462.7,276.92,27.475,33.362
463.56,277.75,27.316,33.169
464.56,278.63,27.243,33.081
465.76,279.48,27.108,32.916
466.98,280.59,27.033,32.826
467.69,280.36,26.899,32.663
470.43,279.18,26.849,32.603
472.13,277.15,26.792,32.533
474.81,275.17,26.787,32.527
479.66,273.8,26.677,32.394
480.94,272.56,26.671,32.386
481.6,272.67,26.731,32.459
482.59,273.21,26.708,32.432
482.22,273.62,26.646,32.356
482.73,274.38,26.544,32.231
482.61,274.56,26.456,32.125
483.02,276.38,26.384,32.038
483.06,276.29,26.278,31.909
486.3,273.66,26.25,31.875
487.81,273.98,26.381,32.034
492.8,277.77,26.199,31.813
495.77,278.98,26.114,31.71
507.61,284.21,25.982,31.55
518.82,286.82,25.756,31.275
524.67,287.42,25.656,31.153
531.39,285.42,25.748,31.266
540,284.36,25.724,31.237
547.3,282.38,25.735,31.249
557.97,281.25,25.751,31.269
560.58,281.31,25.85,31.389
561.49,280.78,25.983,31.551
563.04,281.52,26.008,31.581
565.02,283.41,25.903,31.454
565.93,284.64,26.035,31.614
570.53,289.25,25.935,31.493
571.86,288.72,25.827,31.361
573.36,289.15,25.85,31.389
574.91,289.71,25.94,31.499
577.2,289.94,26.164,31.77
579.38,290.57,26.234,31.855
579.32,289.59,26.344,31.989
580.11,289.06,26.392,32.048
580.75,288.55,26.185,31.795
580.13,288.32,26.219,31.838
587.45,284.65,26.105,31.698
580.59,288.78,26.192,31.804
580.62,290.02,26.338,31.982
585.57,281.95,26.27,31.9
589.76,286.23,26.12,31.717
591.5,289.71,26.005,31.578
590.45,290.11,25.988,31.557
587.73,305.27,26.052,31.635
599.02,300.24,26.151,31.754
604.4,303.25,26.23,31.851
623.4,310.59,26.208,31.824
629.63,311.26,26.166,31.773
635.35,312.55,26.03,31.608
638.95,312.5,26.081,31.67
646.78,312.34,26.144,31.746
649.91,312.11,26.179,31.789
652.34,310.89,26.267,31.896
655.51,309.98,26.371,32.021
660.65,309.69,26.377,32.029
665.79,309.39,26.462,32.133
668.73,310.39,26.539,32.226
668.67,309.86,26.586,32.284
669.52,310.11,26.581,32.277
669.96,309.95,26.621,32.325
672.79,309.95,26.809,32.554
674.56,310.18,26.881,32.641
676.66,310.27,26.973,32.752
678.46,310.02,27.072,32.873
