318.5,91.5,92,296
317.34,100.59,91.324,293.82
312.54,95.238,90.919,292.52
311.35,90.745,90.294,290.51
311.58,86.581,88.842,285.84
313.79,85.023,88.063,283.33
317.42,85.137,87.429,281.29
322.95,85.033,87.343,281.02
325.86,81.322,87.829,282.58
328.41,84.134,88.187,283.73
330.03,89.007,87.283,280.82
332.55,98.092,85.748,275.89
331.79,108.31,85.555,275.26
331.23,112.95,85.677,275.66
333.53,120.75,85.941,276.51
336.78,128.38,85.598,275.4
342.67,137.23,85.329,274.54
347.62,149,85.293,274.42
352.07,158.94,84.55,272.03
357.46,173.74,84.082,270.52
359.13,184.35,83.959,270.13
361.31,194.95,84.203,270.91
361.1,194.13,84.349,271.38
361.3,193.99,84.504,271.88
362.31,194.76,84.378,271.48
361.61,194.72,84.42,271.61
361.19,194.75,84.181,270.84
362.05,197.01,83.809,269.65
360.98,198.04,83.545,268.8
360.45,199.83,83.09,267.33
358.18,199.6,83.019,267.1
356.73,199.58,83.051,267.21
357.08,199.93,83.194,267.67
358.7,200.44,83.318,268.07
358.3,200.33,83.4,268.33
356.05,198.28,83.87,269.84
355.65,197.49,83.847,269.77
356.43,198.78,83.745,269.44
356.21,199.37,83.862,269.82
356.5,199.38,83.996,270.25
356.36,199.31,84.023,270.33
357.15,198.93,84.102,270.59
359.13,198.84,84.175,270.83
361.15,199.87,83.858,269.8
361.67,200.42,83.66,269.17
362.29,200.56,83.505,268.67
362.8,199.9,83.451,268.5
362.44,198.42,83.811,269.65
362.85,199.38,83.813,269.66
362.47,198.78,84.059,270.45
362.53,197.69,84.08,270.52
363.74,197.58,84.208,270.93
365.47,196.64,84.509,271.9
369.77,197.13,84.348,271.38
372.35,196.89,84.301,271.23
372.94,195.24,84.388,271.51
373.73,193.47,84.617,272.25
373.56,192.14,84.753,272.68
372.81,190.43,84.808,272.86
372.6,189.58,84.799,272.83
371.24,186.09,84.844,272.98
372.25,182.27,84.441,271.68
373.81,178.4,83.154,267.54
378.65,176.66,82.765,266.29
382.52,176.66,81.957,263.69
387.25,171.62,81.602,262.55
392.95,168.6,81.562,262.42
395.64,165.14,81.732,262.96
397.6,163.25,81.088,260.89
399.69,162.32,80.611,259.36
400.07,161.67,80.474,258.92
398.84,162.17,79.716,256.48
398.66,162.63,79.124,254.57
397.65,159.17,78.54,252.69
397.7,154.65,77.609,249.7
398.86,151.52,76.986,247.69
399.7,149.95,76.376,245.73
403.76,149.95,74.998,241.3
407.35,148.12,74.347,239.2
409.51,146.48,73.984,238.04
409.58,141.9,74.068,238.31
409.73,140.96,74.425,239.45
406.41,138.88,74.806,240.68
403.43,136.96,74.426,239.46
401.59,132.76,73.813,237.49
397.78,125.49,73.552,236.65
397.74,122.89,73.44,236.28
397.15,120.92,73.159,235.38
397.38,120.44,73.198,235.51
397.3,116.53,72.397,232.93
397.84,114.43,71.646,230.51
396.13,113.62,71.243,229.22
392.37,114.05,70.833,227.9
383.58,110.65,70.308,226.21
374.51,111.42,69.98,225.15
364.1,107.96,69.426,223.37
354.6,108.02,68.593,220.69
347.43,106.38,67.719,217.88
340.97,106.69,67.146,216.04
335.59,106.5,66.826,215.01
329.87,106.28,66.433,213.74
316.75,103.28,65.609,211.09
309.68,103.11,65.247,209.93
302.02,101.03,65.1,209.45
296.35,101.46,65.294,210.08
287.06,101.48,65.229,209.87
276.92,99.716,64.824,208.56
262.45,95.7,63.708,204.97
251.93,96.489,63.176,203.26
245.61,95.492,62.789,202.02
236.2,95.654,62.903,202.38
221.06,86.831,62.062,199.68
211.21,90.102,61.225,196.98
202.64,91.464,60.849,195.78
195.3,97.222,61.403,197.56
185.73,91.767,61.572,198.1
176.34,90.036,61.448,197.7
166.13,90.564,61.258,197.09
158.94,94.327,61.7,198.51
146.68,93.83,61.646,198.34
128.35,78.197,60.588,194.93
127.32,87.08,59.698,192.07
119.19,89.344,59.047,189.98
114.77,89.913,58.576,188.46
109.74,94.346,58.528,188.31
102.76,88.708,58.269,187.47
97.508,86.849,58.009,186.64
94.618,84.782,57.716,185.69
91.498,85.138,57.409,184.71
92.42,86.546,57.161,183.91
92.445,86.151,57.078,183.64
94.439,88.542,56.951,183.24
98.607,90.309,56.825,182.83
99.966,88.637,56.736,182.54
109.61,94.67,56.773,182.66
112.71,94.214,56.548,181.94
118.16,90.097,56.302,181.15
117.13,93.982,56.133,180.6
118.22,92.089,56.043,180.31
120.11,92.255,55.788,179.49
