369.5,262.5,25,43
367.35,261.17,24.818,42.687
360.56,261.24,24.604,42.319
354.88,260.63,24.632,42.367
349.78,258.5,24.818,42.687
345.51,257.01,24.762,42.591
337.3,256.79,24.855,42.751
332.01,256.41,24.961,42.933
328.98,257.07,24.83,42.708
319.69,252,24.633,42.369
325.77,247.79,24.684,42.457
336.09,249.18,25.241,43.414
336.28,253.41,25.524,43.902
337,252.72,26.094,44.882
336.18,253.97,26.186,45.04
336.74,253.41,26.072,44.844
336.34,252.38,26.225,45.107
337,252.35,26.657,45.85
336.33,252.62,26.729,45.974
336.09,252.61,26.642,45.824
336.15,252.23,26.943,46.341
335.58,251.7,27.432,47.183
335.67,251.17,27.259,46.885
335.87,252.08,27.274,46.91
335.74,252.17,27.225,46.828
335.89,252.19,27.129,46.661
336.19,253.37,27.183,46.755
335.93,252.71,26.965,46.379
334.98,253.16,26.893,46.255
335.17,253.4,26.587,45.73
335.33,253.37,26.785,46.071
334.47,252.2,26.832,46.151
335.82,252.44,26.883,46.239
335.95,252.59,26.812,46.116
335.39,252.45,26.943,46.343
335.19,252.2,26.814,46.12
335.43,252.61,27.037,46.504
335.09,252.22,26.778,46.058
335.76,252.65,26.848,46.179
335.02,252.55,26.762,46.03
335.47,253.05,26.731,45.978
335.57,252.96,26.739,45.991
335.26,253.35,26.637,45.816
335.8,253,26.605,45.761
335.62,253.3,26.579,45.716
335.44,253.18,26.469,45.526
334.96,252.78,26.464,45.519
335.08,252.71,26.379,45.371
334.95,252.5,26.553,45.671
335.22,252.86,26.613,45.775
335.58,252.92,26.702,45.927
335.65,252.98,26.799,46.095
335.41,252.93,26.922,46.306
335.03,252.21,26.941,46.338
335.03,252.15,26.987,46.417
335.08,252.75,26.998,46.436
334.98,252.08,27.227,46.831
335.29,252.61,27.161,46.717
335.21,252.59,27.195,46.776
335.32,252.39,27.209,46.8
335.03,252.23,27.249,46.868
334.92,251.86,27.337,47.02
334.98,252.21,27.314,46.98
335.08,252.39,27.311,46.975
335.19,252.66,27.234,46.842
335.02,252.55,27.306,46.967
335.37,252.22,27.247,46.864
335.42,252.69,27.251,46.872
335.83,252.92,27.219,46.816
