42.5,259.5,65,98
44.441,262.75,65.023,98.035
43.474,262.26,65.108,98.163
42.999,261.96,65.293,98.441
43.542,262.42,65.192,98.289
43.886,261.47,65.418,98.631
45.343,261.99,65.112,98.168
47.91,262.3,65.099,98.15
51.93,262.07,65.336,98.506
56.783,263.03,65.659,98.993
65.163,263.36,65.709,99.069
73.863,265.25,65.393,98.593
83.471,265.45,65.73,99.101
94.87,265.96,66.263,99.904
108.6,267.04,66.109,99.672
127.79,268.81,66.377,100.08
150.99,271.34,66.421,100.14
179.67,271.76,66.018,99.534
147.03,285.45,66.243,99.875
169.36,286.32,65.049,98.074
191.22,289.62,64.249,96.867
216.49,292.6,64.046,96.561
245.16,286.8,64.34,97.005
275,286.45,64.688,97.53
300.58,286.45,65.344,98.519
328.63,276.36,66.131,99.705
403.73,259.21,66.521,100.29
432.56,259.31,66.338,100.02
395.33,257.15,67.003,101.02
421.09,260.34,67.252,101.39
412.09,260.99,67.759,102.16
413.2,261.69,67.73,102.12
408.44,262.37,67.032,101.06
441.24,264.06,67.088,101.15
462.86,254.32,67.84,102.28
499.01,252.17,68.054,102.6
537.1,249.54,68.376,103.09
542.56,252.38,68.881,103.85
529.33,247.16,68.431,103.17
510.56,243.24,67.966,102.47
500.22,234.66,68.325,103.01
481.27,234.93,67.892,102.36
461.33,221.78,67.587,101.9
445.65,222.3,67.05,101.09
428.81,221.45,66.059,99.596
424.95,196.71,65.665,99.003
388.35,200.54,66.231,99.856
397.16,194.78,65.944,99.423
408.41,191.29,66.181,99.78
421.8,190.39,65.626,98.944
429.18,188.62,65.247,98.372
431.43,190.1,65.17,98.257
436.01,191.41,65.188,98.283
449.03,198.46,64.737,97.604
457.52,200.34,65.061,98.092
457.14,183.8,64.598,97.393
457.25,159.74,64.416,97.12
465.57,166.26,64.535,97.299
470.16,166.86,64.589,97.381
474.88,167.14,64.992,97.988
477.2,162.17,64.875,97.812
479.22,155.61,64.968,97.951
483.84,156.77,64.634,97.448
487.28,150.85,64.036,96.547
489.7,150.03,63.844,96.257
491.31,144.46,63.837,96.247
489.67,132.94,63.488,95.721
491.84,135.24,63.045,95.052
495,135.43,62.921,94.865
494.54,131.63,62.777,94.648
495.72,128,62.092,93.616
495.2,126.77,61.783,93.15
495.88,126.09,61.098,92.117
494.67,123.38,60.887,91.799
494.45,122.11,60.119,90.641
493.01,117.63,59.758,90.097
494.06,118.05,59.801,90.161
489.93,110.13,60.093,90.602
491.9,110.64,60.195,90.755
490.63,108.53,60.154,90.694
489.59,107.48,60.005,90.47
489.45,105.06,59.519,89.736
488.21,103.47,59.098,89.102
485.37,99.151,58.969,88.907
484.45,97.163,58.81,88.667
484.91,96.037,58.337,87.954
483.66,94.697,57.877,87.261
481.99,90.817,57.455,86.625
478.84,79.576,57.164,86.186
478.92,79.507,57.188,86.221
472.91,91.895,57.47,86.647
438.73,90.476,57.566,86.791
400.43,88.049,57.725,87.031
354.38,73.532,57.526,86.731
337.09,78.751,56.992,85.926
342.78,76.99,56.488,85.167
345.67,72.965,55.966,84.379
349.9,75.381,55.916,84.304
356.6,72.99,55.538,83.734
360.15,72.665,55.069,83.027
363.59,67.994,54.766,82.571
367.97,64.648,54.464,82.114
372.95,61.161,54.272,81.825
378.22,63.363,54.056,81.5
383.16,59.138,53.574,80.774
387.64,61.227,53.498,80.659
391.34,57.7,53.049,79.981
397.58,59.934,52.707,79.467
400.3,61.813,52.796,79.6
403.72,57.376,52.906,79.766
408.76,56.648,52.723,79.49
413.23,54.373,52.138,78.608
417.14,53.6,51.757,78.033
422.42,49.636,51.121,77.074
425.71,48.111,50.697,76.436
430.59,46.371,50.182,75.66
435.09,45.201,49.904,75.241
438.57,44.937,49.484,74.607
442.54,43.902,49.25,74.254
445.94,43.113,49.103,74.032
449.34,42.211,48.822,73.608
453.25,41.811,48.644,73.34
456.1,40.957,48.536,73.177
462.44,37.883,48.293,72.812
466.81,36.293,47.96,72.31
468.88,34.87,47.611,71.782
473.07,36.389,47.2,71.163
