245.5,318.5,37,101
239.67,319.03,36.776,100.39
232.12,321.83,36.8,100.45
223.99,321.62,36.621,99.967
218.8,321,36.397,99.355
213.82,322.86,36.301,99.091
203.73,325,36.476,99.569
194.83,325.79,36.312,99.121
188.07,324.61,36.232,98.902
181.97,324.74,36.288,99.056
174.7,325.81,36.025,98.337
170.2,327.13,36.398,99.358
161.53,326.63,36.704,100.19
154.61,326.69,36.82,100.51
151.09,327.15,37.045,101.12
140.58,328.05,37.294,101.8
131.18,329.79,37.462,102.26
122.24,328.91,37.847,103.31
115.56,328.19,37.97,103.65
109.8,327.94,37.973,103.66
102.52,329.9,38.115,104.04
95.791,331.36,38.124,104.07
89.293,331.06,38.584,105.32
81.482,329.84,38.691,105.62
74.4,329.55,38.948,106.32
66.399,331.62,38.772,105.84
58.059,333.34,38.616,105.41
48.968,331.78,38.723,105.7
40.22,330.4,39.64,108.21
34.188,330.11,39.692,108.35
35.316,333,38.987,106.42
61.372,333.79,38.141,104.11
101.18,332.18,37.822,103.24
116.98,331.72,37.759,103.07
145.9,333.03,37.713,102.95
174.24,335.04,37.286,101.78
195.55,335.3,37.181,101.49
226.24,334.1,37.295,101.8
231.18,331.27,37.22,101.6
223.82,333.5,37.449,102.22
216.1,335.05,37.351,101.96
205.86,335.68,37.157,101.43
196.41,335.11,37.791,103.16
191.05,334.86,37.985,103.69
180.86,335.28,37.881,103.4
173.71,336.83,38.158,104.16
163.56,337.5,38.442,104.94
155.43,336.49,39.111,106.76
149.34,334.91,39.513,107.86
141.22,335.93,39.636,108.2
133.67,338.87,39.284,107.23
122.48,339.7,39.585,108.06
113.35,338.43,39.851,108.78
106.45,338.27,39.576,108.03
98.474,340.04,39.777,108.58
87.418,342.16,39.609,108.12
77.71,342.18,39.569,108.01
70.149,340.94,39.614,108.14
64.148,340.68,39.334,107.37
56.56,342.71,39.549,107.96
46.493,344.46,39.787,108.61
35.123,344.53,39.821,108.7
58.138,342.22,39.347,107.41
80.263,344.17,39.312,107.31
108.32,345.34,39.282,107.23
131.35,344.97,39.11,106.76
159.38,343.52,39.279,107.22
186.71,340.32,39.39,107.52
213.93,338.36,39.081,106.68
207.81,341.58,38.797,105.9
200.11,339.98,38.133,104.09
191.57,339.43,38.137,104.1
184.44,337.89,38.3,104.55
175.2,337.06,38.398,104.82
168.25,338.67,38.375,104.75
159.58,339.25,38.52,105.15
149.51,338.87,38.814,105.95
142.83,337.16,39.175,106.94
136.72,337.92,39.198,107
129.22,340.32,39.358,107.44
122.43,342.17,39.554,107.97
115.05,341.52,39.931,109
108.88,340.78,40.394,110.27
118.93,340.47,40.431,110.36
156.55,340.6,40.257,109.89
180.68,343.16,40.237,109.84
210.65,342.11,40.594,110.81
238.99,340.66,40.39,110.25
258.84,343.6,40.263,109.91
255.64,346.45,39.971,109.11
249.37,349.06,40.016,109.23
243.4,348.58,40.017,109.24
239.51,348.85,39.914,108.95
235.08,351.28,39.817,108.69
226.69,351.69,39.646,108.22
219.14,353.69,39.443,107.67
209.63,353.7,39.678,108.31
206.7,352.37,39.742,108.49
193.18,350.62,39.668,108.28
190.24,352.21,39.55,107.96
186.61,353.8,39.646,108.22
169.64,368.07,39.984,109.14
171.51,370.79,39.765,108.55
170.62,370.45,39.794,108.63
168.22,370.68,39.841,108.76
139.8,359.58,39.943,109.03
133.93,359.69,40.046,109.31
126.82,358.03,39.977,109.13
119.89,360.05,40.145,109.59
110.69,362.49,40.456,110.43
101.08,365.54,40.725,111.17
88.86,368.49,40.952,111.79
77.815,366.86,41.378,112.95
66.507,362.58,41.547,113.41
88.334,363.37,41.487,113.25
114.32,365.33,41.632,113.64
140.39,364.32,42.071,114.84
168.84,364.11,41.997,114.64
183.62,361.82,41.733,113.92
212.51,365.49,41.385,112.97
212.04,365.82,41.306,112.75
202.06,363.99,41.443,113.13
192.92,363.28,41.491,113.26
183.43,364.14,41.503,113.29
172.69,364.81,41.686,113.79
162.15,363.19,41.989,114.62
153.11,362.14,41.822,114.16
144.73,361.7,41.962,114.55
140.49,363.17,41.978,114.59
142.06,362.33,42.063,114.82
110.89,361.91,42.084,114.88
105.47,360.79,41.938,114.48
93.09,361.57,41.884,114.33
83.213,363.61,41.848,114.23
71.528,365.22,41.808,114.12
61.062,363.43,42.113,114.96
51.804,361.93,42.091,114.9
41.382,364.16,42.137,115.02
34.089,366.86,42.112,114.95
50.634,365.66,41.902,114.38
71.376,362.85,41.496,113.27
93.349,361.14,41.691,113.81
115.16,357.56,41.545,113.41
145.3,359.1,41.36,112.9
172.25,358.38,41.272,112.66
196.19,356.2,41.286,112.7
230.36,358.6,41.171,112.39
225.62,359.1,41.202,112.47
217.07,362.48,41.006,111.94
205.63,361.79,41.084,112.15
190.92,359.64,41.076,112.13
182.65,359.62,40.939,111.75
169.41,361.83,41.057,112.08
157.2,363.06,41.43,113.09
146.75,362.26,41.664,113.73
137.25,359.13,41.978,114.59
128.21,359.99,42.291,115.44
119.94,362.72,42.441,115.85
