590.5,240.5,36,71
594.09,242.54,35.843,70.69
593.76,240.83,35.935,70.871
592.69,239.15,36.7,72.381
591.85,239.24,37.045,73.06
590.11,239.05,37.189,73.346
588.81,238.52,37.021,73.013
588.32,237.52,36.832,72.641
587.31,237.03,36.941,72.856
586.44,236.81,37.461,73.881
584.98,236.65,37.328,73.619
584.88,236.37,37.094,73.159
583.6,235.14,36.482,71.95
582.75,235.03,36.502,71.991
581.36,235.77,36.362,71.713
579.95,235.78,36.308,71.607
579.03,235.48,36.041,71.081
578.21,234.17,36.201,71.397
577.23,234.03,36.358,71.705
576.45,234.72,35.856,70.716
575.63,234.53,35.649,70.308
574.87,233.44,35.75,70.507
574.36,232.76,35.707,70.421
572.48,232.76,35.736,70.479
570.7,232.84,35.372,69.762
568.94,231.84,35.432,69.88
567.85,230.65,35.146,69.315
567.31,230.25,34.995,69.017
567.02,230.44,34.953,68.935
567.07,230.59,34.681,68.399
567.44,230.63,34.362,67.769
567.63,229.82,34.172,67.396
566.84,228.81,34.217,67.483
565.92,229.36,34.109,67.271
565.46,229.95,33.69,66.444
564.71,229.89,33.702,66.468
563.8,228.69,33.77,66.601
562.95,228.42,33.319,65.713
562.4,229.44,32.927,64.939
561.66,229.24,32.565,64.225
560.68,228.5,32.665,64.423
560.35,228.6,32.704,64.5
558.41,228.76,32.909,64.904
555.33,228.82,32.739,64.569
552.98,228.2,32.698,64.487
551.44,227.41,32.771,64.631
550.01,227.55,32.572,64.239
548.48,228.2,32.349,63.799
548.07,228.72,32.08,63.269
546.91,227.77,31.978,63.068
545.67,227.36,32.103,63.315
544.52,227.86,31.927,62.966
541.96,227.57,31.725,62.568
541.5,227.09,31.747,62.612
540.61,226.31,31.836,62.788
539.87,225.59,31.902,62.919
539.75,226.1,31.781,62.679
539.85,225.83,31.911,62.935
540.03,224.46,32.023,63.157
540.53,224.63,32.016,63.143
540.13,224.87,31.818,62.752
539.24,224.4,31.588,62.3
539.16,224.04,31.511,62.147
538.72,222.65,31.548,62.219
538.86,222.6,31.52,62.165
538.85,222.98,31.458,62.042
539.29,222.87,31.314,61.757
540.45,222.16,31.25,61.631
540.16,221.03,31.236,61.605
539.43,221.31,31.2,61.534
539.27,221.87,31.184,61.502
538.86,221.61,31.059,61.255
539,220.94,31.096,61.329
538.41,219.98,31.092,61.32
538.74,220.14,30.957,61.053
539.53,220.74,30.818,60.78
539.69,219.82,30.613,60.376
540.36,219.31,30.633,60.414
540.28,219.16,30.549,60.249
539.78,219.56,30.542,60.235
539.13,219.27,30.363,59.883
538.99,218.61,30.482,60.117
538.6,217.64,30.472,60.097
538.69,218.42,30.098,59.36
538.79,218.6,29.868,58.906
538.97,217.88,29.735,58.645
538.78,216.75,29.646,58.469
538.75,217.36,29.634,58.445
538.16,218.01,29.559,58.297
537.3,217.4,29.465,58.111
536.31,215.77,29.463,58.108
536.01,215.41,29.399,57.982
536.28,216.07,29.43,58.043
536.35,216.57,29.476,58.133
536.16,215.6,29.386,57.956
536.58,214.89,29.42,58.023
536.51,214.69,29.376,57.936
536.28,215.38,29.309,57.805
535.84,215.77,29.371,57.926
535.06,214.7,29.413,58.01
534.59,213.52,29.379,57.941
534.47,213.07,29.401,57.986
534.57,213.39,29.407,57.997
534.9,213.58,29.301,57.788
535.4,212.8,29.37,57.925
535.21,211.69,29.448,58.078
534.78,211.4,29.381,57.946
534.63,211.79,29.411,58.005
534.13,211.58,29.409,58.001
533.91,210.48,29.362,57.908
533.47,209.78,29.365,57.914
533.44,210.29,29.31,57.806
533.86,210.72,29.213,57.615
533.73,210,29.136,57.463
533.7,208.81,29.014,57.221
533.84,208.24,29.027,57.247
533.4,208.18,28.993,57.181
533.37,208.43,28.89,56.978
533.31,207.36,28.788,56.776
532.93,206.29,28.597,56.4
533.31,206.4,28.478,56.164
533.82,207.38,28.306,55.826
534.45,207.4,28.214,55.643
535.33,206.56,28.338,55.888
535.61,205.93,28.247,55.71
536.05,205.58,28.315,55.844
536.26,206.55,28.198,55.612
536.79,206.37,28.069,55.358
536.88,205.58,27.905,55.035
537.49,205.02,27.946,55.116
537.91,205.15,27.892,55.009
538.92,205.6,27.718,54.666
540.34,204.96,27.53,54.296
541.04,204.63,27.172,53.589
541.6,204.78,27.045,53.338
541.83,204.92,27.129,53.503
542.23,204.96,27.103,53.452
542.58,204.4,26.983,53.217
542.94,203.55,26.794,52.843
543.79,203.8,26.566,52.394
544.29,204.34,26.322,51.913
545.32,203.86,26.263,51.796
545.83,202.75,26.242,51.756
546.11,202.41,26.064,51.403
546.9,203.08,26.117,51.509
546.7,203.39,26.171,51.614
546.33,202.77,26.257,51.785
546.12,201.42,26.123,51.52
546.77,201.94,26.227,51.725
546.6,201.88,26.235,51.742
546.88,201.7,26.299,51.868
547.27,201.56,26.307,51.883
547.34,201.27,26.232,51.734
547.38,200.46,26.115,51.504
547.66,201.6,26.084,51.444
547.33,201.72,25.951,51.182
546.8,200.51,25.786,50.855
547.49,200.48,25.722,50.73
547.6,200.43,25.602,50.494
547.84,200.4,25.441,50.174
548.9,200.69,25.515,50.322
549.68,200.25,25.524,50.339
550.03,200.22,25.489,50.269
551.22,200.05,25.455,50.203
551.41,200.14,25.375,50.046
551.54,201.27,25.695,50.677
550.68,200.56,25.848,50.979
550.47,200.3,25.986,51.25
550.04,200.47,26.086,51.448
550.06,200.97,26.406,52.079
549.37,201.55,26.503,52.269
548.38,202.33,26.52,52.304
548.22,202.57,26.577,52.417
548.01,202.27,26.487,52.238
548.4,202.36,26.357,51.981
547.96,202.15,26.357,51.982
547.65,201.93,26.301,51.871
547.98,201.54,26.353,51.975
547.85,202.29,26.341,51.951
548.05,202.77,26.477,52.218
547.31,203.19,26.463,52.191
547.01,204.32,26.493,52.249
549.7,203.56,26.283,51.835
549.8,202.45,26.074,51.424
550.31,203.45,25.997,51.272
550.77,203.22,25.821,50.925
550.34,203.29,25.909,51.098
550.74,203.69,25.824,50.931
550.8,203.98,25.88,51.041
550.34,203.93,26.03,51.338
550.61,204.11,25.963,51.205
550.27,203.82,25.891,51.063
550.28,203.62,25.84,50.962
550.48,204.21,26.007,51.292
550.21,204.17,26.122,51.518
550.51,204.72,26.291,51.851
549.75,204.59,26.435,52.135
550.01,204.63,26.429,52.124
549.81,205.31,26.61,52.482
549.28,204.95,26.626,52.513
549.27,205.37,26.491,52.245
549.5,204.71,26.505,52.273
549.09,205.33,26.512,52.287
549.21,204.74,26.594,52.45
548.35,204.32,26.641,52.543
548.69,204.26,26.532,52.327
548.71,203.85,26.541,52.345
548.27,203.59,26.632,52.524
547.91,202.98,26.445,52.156
547.69,202.65,26.395,52.057
546.54,202.6,26.029,51.336
544.32,201.8,26.196,51.665
543.29,201.21,26.083,51.441
542.34,201.07,25.996,51.269
541.23,200.25,25.777,50.838
540.29,200.09,25.609,50.507
539.09,198.73,25.376,50.048
538.95,199.22,25.208,49.717
537.57,199.26,25.076,49.456
537.42,199.53,24.944,49.194
535.98,198.52,24.813,48.938
535.89,198.45,24.76,48.833
536,198.53,24.773,48.858
536.6,199.05,24.689,48.692
537.31,199.13,24.592,48.501
538.24,197.58,24.453,48.227
539.48,197.34,24.394,48.111
540.09,198.06,24.408,48.137
541.11,198.27,24.334,47.991
542.08,197.65,24.274,47.873
542.23,196.19,24.241,47.809
542.87,195.85,24.266,47.859
543.87,196.19,24.253,47.833
545.04,196.63,24.256,47.838
545.93,196.32,24.305,47.935
547.04,195.65,24.33,47.985
547.97,195.95,24.378,48.079
548.72,196.6,24.393,48.109
549.26,196.27,24.352,48.027
549.63,194.76,24.314,47.952
549.49,194.39,24.264,47.855
549.77,194.76,24.238,47.803
551.07,194.84,24.164,47.656
551.42,194.38,24.104,47.538
552.25,194.47,24.073,47.477
552.61,194.56,24.072,47.475
552.58,195.12,24.063,47.457
552.69,194.73,24.134,47.598
552.56,194.36,24.09,47.511
552.56,193.85,24.142,47.612
552.32,193.91,24.17,47.668
551.93,193.8,24.128,47.585
552.42,194.97,24.06,47.452
552.28,195.34,23.873,47.083
551.46,194.92,23.796,46.93
552.53,195.66,23.646,46.635
562.07,191.45,23.677,46.696
562.68,191.17,23.473,46.295
563.02,190.46,23.513,46.374
563.38,190.14,23.483,46.314
564.34,190.55,23.459,46.267
565.53,191.17,23.432,46.213
566.87,190.85,23.489,46.326
566.99,189.52,23.466,46.28
567.81,189.82,23.463,46.274
567.74,190.33,23.477,46.302
567.57,190.57,23.417,46.183
568,190.71,23.468,46.284
567.87,190.27,23.392,46.135
568.71,190.5,23.253,45.859
568.96,190.56,23.174,45.704
570.04,190.78,22.978,45.318
570.91,191.33,22.897,45.158
571.22,190.96,22.708,44.785
572.12,191.67,22.595,44.563
572.16,192.2,22.461,44.298
572.63,191.89,22.349,44.077
573.36,192.06,22.232,43.846
573.61,191.84,22.115,43.616
574.59,192.46,22.067,43.52
