412.5,431.5,63,142
413.69,431.04,62.991,141.98
412.75,430.62,63.206,142.46
411.32,430.13,63.282,142.63
409.45,429.29,63.764,143.72
408.31,429.74,63.504,143.14
406.55,429.72,63.512,143.15
405.29,430.14,63.06,142.13
404.02,431.2,62.515,140.91
401.97,430.51,62.737,141.41
399.39,429.57,63.176,142.4
397.7,429.21,63.266,142.6
395.37,428.29,63.535,143.21
393.95,427.85,64.136,144.56
392.36,427.92,64.143,144.58
390.87,428.1,63.819,143.85
389.71,428.44,63.5,143.13
388.46,428.2,63.757,143.71
387.67,428.72,63.378,142.85
386.36,428.6,63.371,142.84
385.35,428.4,63.469,143.06
384.5,427.93,63.876,143.98
383.76,428.26,63.683,143.54
382.99,428.19,64.02,144.3
382.2,428.25,63.915,144.06
381.53,427.91,63.956,144.15
381.11,427.79,63.928,144.09
380.77,427.71,63.868,143.96
380.7,428.26,63.804,143.81
380.51,428.33,63.746,143.68
380.39,428.29,63.742,143.67
380.26,428.06,63.847,143.91
380,428,63.771,143.74
380.07,427.94,63.701,143.58
380.27,428.02,63.716,143.61
380.33,427.56,63.864,143.95
380.26,427.24,63.98,144.21
379.88,426.84,63.953,144.15
379.73,426.62,63.997,144.25
379.65,426.22,64.221,144.75
380.22,426.71,64.197,144.7
379.68,426.51,64.059,144.39
379.77,426.26,64.082,144.44
379.71,426.18,64.08,144.44
379.49,426.24,63.858,143.93
379.38,426.19,63.842,143.9
379.06,426.01,63.832,143.88
378.95,425.73,63.857,143.93
378.33,425.5,63.873,143.97
378.27,425.51,63.755,143.7
377.77,425.35,63.74,143.67
377.43,425.16,63.859,143.94
376.73,425.11,63.867,143.95
376.03,425.12,63.792,143.78
375.38,425.07,63.795,143.79
374.28,424.74,63.906,144.04
372.47,424.37,63.799,143.8
371.37,424.64,63.59,143.33
370.29,424.74,63.46,143.04
368.14,423.65,63.811,143.83
366.39,423.48,63.847,143.91
364.68,423.15,63.861,143.94
362.58,422.26,64.273,144.87
360.8,421.85,64.371,145.09
358.77,420.96,64.526,145.44
356.79,420.26,64.68,145.79
354.83,419.71,64.861,146.19
353.47,419.21,65.086,146.7
351.71,418.86,64.997,146.5
350.13,418.6,64.822,146.11
348.58,418.58,64.525,145.44
347.42,418.68,64.412,145.18
346,418.26,64.447,145.26
344.94,417.81,64.674,145.77
343.75,417.57,64.557,145.51
342.56,417.09,64.549,145.49
342,417.01,64.654,145.73
341.71,417.15,64.695,145.82
341.39,417.15,64.731,145.9
341.23,417.15,64.582,145.57
340.88,416.78,64.366,145.08
341.08,417.08,64.434,145.23
340.93,417.04,64.564,145.53
340.55,416.66,64.339,145.02
340.71,416.76,64.565,145.53
340.71,416.56,64.388,145.13
341.23,416.28,64.655,145.73
341.52,416.12,64.646,145.71
341.59,415.78,64.726,145.89
341.98,415.53,64.865,146.2
342.73,415.65,64.895,146.27
343.14,415.17,65.093,146.72
343.34,414.42,65.274,147.13
343.62,414.21,65.348,147.29
343.99,414.14,65.038,146.59
344.64,414.06,65.006,146.52
344.71,413.75,65.083,146.7
344.85,413.37,65.201,146.96
345.2,413.18,64.909,146.3
345.52,413.08,65.197,146.95
345.56,412.82,65.002,146.51
345.66,412.85,64.953,146.4
345.73,412.86,65.027,146.57
345.74,412.58,64.997,146.5
345.73,412.59,64.928,146.35
345.3,412.47,64.949,146.39
344.96,412.44,64.662,145.75
344.58,412.6,64.644,145.7
343.82,412.38,64.699,145.83
343.41,412.54,64.645,145.71
342.1,412.7,64.526,145.44
340.92,412.25,65.118,146.77
339.79,412.1,65.22,147
338.79,412.55,64.548,145.49
337.76,412.91,64.319,144.97
336.85,413.04,64.479,145.33
335.88,412.72,64.762,145.97
334.79,412.43,64.994,146.49
333.81,412.48,64.89,146.26
333.01,412.81,64.774,146
332.09,412.9,64.662,145.75
331.24,413.1,64.592,145.59
330.19,412.93,64.586,145.57
329.23,412.85,64.68,145.79
328.71,412.81,64.725,145.89
328.37,413,64.758,145.96
327.89,412.86,64.827,146.12
327.36,413,64.705,145.84
327.04,412.92,64.784,146.02
326.74,412.73,64.663,145.75
326.16,412.47,64.841,146.15
325.97,412.65,64.621,145.65
325.8,412.73,64.533,145.45
325.33,412.62,64.459,145.29
325.38,412.74,64.431,145.23
325.15,412.55,64.404,145.16
324.91,412.26,64.495,145.37
325,412.04,64.425,145.21
324.79,411.7,64.414,145.19
324.41,410.96,64.547,145.49
323.85,410.27,64.749,145.94
323.97,409.81,64.799,146.06
323.94,409.43,64.683,145.79
324.17,409.06,64.422,145.21
324.49,409.05,64.533,145.46
324.82,408.98,64.137,144.56
325.19,409.34,63.968,144.18
325.56,408.71,64.014,144.29
325.49,408.98,63.819,143.85
326.47,408.59,63.648,143.46
326.89,408.52,63.661,143.49
327.38,409.12,63.351,142.79
326.92,409.32,62.977,141.95
327.4,410.13,62.924,141.83
326.77,409.7,63.112,142.25
327.66,409.44,63.077,142.17
327.65,409.43,63.099,142.22
327.42,409.86,62.662,141.24
327.51,409.77,62.438,140.73
327.81,410.23,62.731,141.39
326.92,410.43,62.837,141.63
321.97,410.63,62.77,141.48
321.79,410.89,62.991,141.98
324.84,410.85,63.268,142.6
324.79,410.54,63.308,142.69
324.87,410.78,63.542,143.22
325.24,410.87,64.007,144.27
325.06,411.04,64.102,144.48
324.48,411.36,64.427,145.22
325.14,411,64.826,146.12
325.32,410.81,64.98,146.46
325.24,411.27,64.781,146.01
325.31,411.16,65.137,146.82
325.51,411.08,65.108,146.75
325.62,411.03,65.203,146.97
325.51,411.35,65.153,146.85
326.07,411.76,65.053,146.63
326.04,411.9,65.063,146.65
325.33,411.83,65.255,147.08
324.66,411.71,65.727,148.15
323.95,411.88,65.852,148.43
323.83,412.25,66.055,148.89
323.4,412.1,66.16,149.12
322.92,411.81,66.382,149.62
322.67,411.75,66.599,150.11
321.33,411.67,66.672,150.28
320.78,412.17,66.429,149.73
321.39,412.83,66.218,149.25
320.96,413.25,66.023,148.81
319.99,413.13,66.13,149.06
319.05,413.26,66.332,149.51
318.05,412.97,66.478,149.84
316.74,412.81,66.518,149.93
315.06,412.55,66.736,150.42
313.51,412.3,66.854,150.69
312.04,412.02,67.091,151.22
309.72,412.12,67.17,151.4
307.2,412.23,67.27,151.62
304.84,412.6,67.075,151.18
303.69,412.97,66.956,150.92
302.01,413.05,66.745,150.44
299.54,413.1,66.842,150.66
297.7,413.09,67.101,151.24
296.1,413.21,67.146,151.35
294.97,413.52,66.849,150.67
293.78,413.52,66.762,150.48
292.25,413.46,66.565,150.03
291.32,413.9,66.628,150.18
290.5,413.92,66.537,149.97
289.83,414.38,66.463,149.81
288.91,414.39,66.416,149.7
289.16,414.48,66.413,149.69
288.77,414.36,66.634,150.19
288.12,414.95,66.42,149.71
287.85,414.86,66.566,150.04
287.38,414.72,66.716,150.38
287.19,414.89,66.475,149.83
287.17,415.02,66.471,149.82
286.71,414.98,66.621,150.16
286.42,415.04,66.786,150.53
286.59,414.83,67.011,151.04
286.42,414.96,67.108,151.26
286.26,415.08,67.136,151.32
286.11,415.12,67.303,151.7
286.23,415.06,67.479,152.1
286.23,415.26,67.595,152.36
285.7,415.01,67.813,152.85
285.29,415.56,67.617,152.41
285.11,415.86,67.508,152.16
284.78,416.18,67.361,151.83
284.18,416.31,67.374,151.86
283.93,416.65,67.172,151.4
283.17,416.58,67.314,151.72
282.19,416.49,67.393,151.9
281.53,416.32,67.38,151.87
280.92,416.25,67.477,152.09
280.66,416.43,67.471,152.08
279.9,416.17,67.615,152.4
278.94,415.87,67.68,152.55
278.55,416.22,67.514,152.18
277.97,416.18,67.572,152.3
277.58,416.11,67.534,152.22
277.15,416.09,67.682,152.55
276.68,415.85,67.759,152.73
276.26,416.03,67.554,152.26
276.1,416.03,67.584,152.33
275.78,415.91,67.753,152.71
275.42,415.93,67.656,152.49
275.34,416.04,67.722,152.64
275.31,416.11,67.831,152.89
274.6,415.98,67.732,152.67
274.42,415.99,67.735,152.67
274.22,415.81,67.874,152.99
273.88,415.73,67.994,153.26
273.59,415.3,68.135,153.57
273.96,415.61,68.124,153.55
273.96,415.5,68.085,153.46
273.68,415.38,68.166,153.65
273.57,415.33,68.287,153.92
273.49,415.32,68.231,153.79
273.32,415.41,68.109,153.52
273.34,415.47,68.059,153.4
273.34,415.49,67.965,153.19
272.78,415.77,67.973,153.21
272.79,415.56,68.049,153.38
273.06,415.55,68.105,153.51
273.08,415.46,68.116,153.53
272.99,415.44,68.151,153.61
273.12,415.32,68.248,153.83
273.01,415.25,68.277,153.9
273,415.27,68.213,153.75
273.1,415.26,68.2,153.72
272.83,415.25,68.242,153.82
272.83,415.32,68.251,153.84
272.94,415.51,68.225,153.78
273.03,415.23,68.207,153.74
273.02,415.21,68.264,153.87
272.85,415.19,68.345,154.05
273.01,415.37,68.361,154.08
272.97,415.38,68.35,154.06
272.94,415.27,68.405,154.18
272.64,414.97,68.347,154.05
272.94,415.3,68.324,154
272.9,415.4,68.272,153.88
272.6,415.11,68.348,154.05
272.82,415.31,68.38,154.13
272.5,414.91,68.408,154.19
272.57,414.87,68.358,154.08
272.79,415.2,68.339,154.03
272.7,415.35,68.35,154.06
272.8,415.3,68.363,154.09
272.79,415.34,68.332,154.02
272.65,415.2,68.346,154.05
272.54,415.17,68.385,154.14
272.4,415.19,68.03,153.34
272.23,415.1,67.886,153.01
272.42,415.44,67.746,152.7
272.52,415.46,67.772,152.76
272.56,415.44,67.774,152.76
272.38,414.84,68.268,153.87
272.4,414.82,68.368,154.1
272.52,414.94,68.422,154.22
272.4,414.65,68.466,154.32
272.31,414.41,68.493,154.38
272.29,414.44,68.543,154.49
272.3,414.76,68.281,153.9
272.33,414.65,68.51,154.42
272.37,414.78,68.233,153.8
272.35,414.55,68.442,154.27
272.11,414.63,68.27,153.88
272.2,414.8,68.24,153.81
272.15,414.91,68.154,153.62
272.01,414.92,68.232,153.79
271.94,414.81,68.325,154
272.08,414.85,68.322,154
271.92,414.89,68.381,154.13
271.57,414.47,68.472,154.33
271.36,414.13,68.602,154.63
271.42,414.64,68.127,153.56
271.41,414.63,68.325,154
271.41,414.66,68.461,154.31
271.28,414.59,68.195,153.71
271.33,414.2,68.552,154.51
271.16,414.37,68.26,153.86
271.43,414.73,68.121,153.54
271.43,414.69,68.118,153.54
271.4,414.78,68.094,153.48
271.34,414.28,68.537,154.48
271.14,414.34,68.292,153.93
271.25,414.53,68.231,153.79
271.21,414.17,68.588,154.6
271.11,414.47,68.184,153.68
271.22,414.64,68.181,153.68
271.27,414.59,68.207,153.74
271.42,414.32,68.591,154.6
271.18,414.11,68.806,155.09
271.54,414.22,68.605,154.63
271.32,414.58,68.145,153.6
271.51,414.53,68.443,154.27
271.21,414.28,68.666,154.77
271.32,414.45,68.208,153.74
271.41,414.39,68.564,154.54
271.24,414.55,68.28,153.9
271.29,414.89,68.092,153.48
271.32,414.98,68.066,153.42
271.36,415.09,68.032,153.34
270.82,414.71,68.059,153.4
271.3,415.12,68.048,153.38
270.85,415.05,68.045,153.37
270.7,414.83,68.078,153.44
271.32,414.87,68.161,153.63
271.18,414.88,68.183,153.68
270.99,414.79,68.23,153.79
271.13,414.66,68.263,153.86
270.7,414.4,68.359,154.08
270.96,414.54,68.399,154.17
270.47,414.17,68.515,154.43
270.47,414.28,68.523,154.45
270.53,413.8,68.674,154.79
270.34,413.37,68.707,154.86
270.91,413.76,68.676,154.79
270.3,413.31,68.702,154.85
270.58,413.4,68.71,154.87
270.56,413.46,68.747,154.95
270.37,413.44,68.763,154.99
270.24,413.48,68.761,154.98
270.33,413.26,68.798,155.07
270.33,413.59,68.649,154.73
270.09,413.93,68.199,153.72
270.46,414.34,68.018,153.31
270.24,414.18,67.967,153.2
270.24,414.44,67.964,153.19
270.22,414.6,67.984,153.23
270.25,414.6,67.944,153.14
270.13,414.55,67.943,153.14
269.85,414.45,68.056,153.4
270.01,414.35,68.083,153.46
269.91,414.15,68.154,153.62
269.85,414.11,68.164,153.64
269.7,414.1,68.185,153.69
269.54,413.98,68.29,153.92
269.36,413.87,68.348,154.05
269.74,414.26,68.299,153.94
269.87,414.36,68.219,153.76
269.68,414.34,68.154,153.62
269.42,414.51,68.028,153.33
269.19,414.34,67.926,153.1
269.4,414.54,67.896,153.04
269.43,414.79,67.827,152.88
269.39,414.66,67.922,153.09
269.38,414.81,67.891,153.02
269.5,414.99,67.75,152.71
269.4,415,67.803,152.83
269.35,414.95,67.812,152.85
269.29,414.83,67.829,152.88
269.26,414.61,67.927,153.11
269.42,414.69,67.873,152.98
269.33,414.58,67.95,153.16
269.35,414.09,68.297,153.94
269.64,414.26,68.422,154.22
269.4,413.94,68.458,154.3
269.38,413.69,68.568,154.55
269.5,413.6,68.603,154.63
269.71,413.76,68.491,154.38
269.6,413.79,68.489,154.37
269.81,413.79,68.477,154.35
269.58,413.67,68.565,154.54
269.64,413.69,68.514,154.43
269.58,413.77,68.462,154.31
269.59,413.82,68.439,154.26
269.49,413.78,68.489,154.37
269.5,413.66,68.561,154.53
269.53,413.72,68.515,154.43
269.34,413.66,68.52,154.44
269.3,413.72,68.536,154.48
269.29,413.6,68.596,154.61
269.21,413.51,68.644,154.72
269.17,413.74,68.32,153.99
269.7,413.98,68.625,154.68
269.19,413.81,68.331,154.02
269.48,414.02,68.601,154.62
269.3,414.16,68.275,153.89
269.34,414.46,68.209,153.74
269.17,414.5,68.22,153.77
269.1,414.4,68.258,153.85
268.91,414.45,68.235,153.8
268.93,414.54,68.225,153.78
268.88,414.54,68.281,153.9
268.85,414.93,68.078,153.44
268.9,415.03,68.026,153.33
268.45,414.55,68.118,153.54
268.74,414.93,68.022,153.32
268.52,414.75,67.919,153.09
268.65,414.78,68.127,153.56
268.68,414.98,68.125,153.55
