655.5,181.5,51,50
655.43,180.36,51.116,50.114
655.5,180.26,51.118,50.116
655.95,180.65,50.658,49.664
655.71,180.81,50.454,49.465
655.88,179.58,50.963,49.963
656.58,180.54,50.527,49.536
655.7,180.17,51.122,50.12
655.72,180.31,51.236,50.232
655.52,180.16,51.302,50.296
655.31,179.96,51.369,50.361
655.07,180.17,51.304,50.298
655.09,179.79,51.426,50.417
655.37,180.08,51.077,50.076
656.03,180.35,50.746,49.751
655.91,180.86,50.508,49.518
655.91,180.56,50.377,49.389
656.06,180.15,50.353,49.366
656.44,180.25,50.211,49.226
656.82,180.9,49.947,48.968
657.3,181.69,49.529,48.558
657.14,181.45,49.067,48.105
657.49,181.77,48.805,47.848
657.32,181.9,48.989,48.029
657.13,181.75,49.202,48.237
657.44,181.16,49.455,48.485
656.92,180.93,49.602,48.63
656.37,180.8,50.059,49.077
656.69,181.04,49.903,48.924
657.18,181.62,49.571,48.599
656.79,181.71,49.285,48.319
656.93,181,49.234,48.268
656.86,181.12,49.567,48.595
656.9,181.38,49.324,48.357
656.76,181.01,49.683,48.709
656.76,181.12,49.613,48.64
656.46,181.28,49.945,48.965
656.79,180.9,49.998,49.017
657.07,181.45,49.693,48.719
656.75,181.09,49.745,48.77
656.44,181.02,49.917,48.938
657.09,181.19,49.777,48.801
656.84,181.56,49.506,48.536
656.51,181.08,49.733,48.758
656.4,180.99,49.864,48.887
656.78,181.47,49.806,48.83
657.08,181.48,49.515,48.544
656.33,181.05,49.434,48.464
656.44,181.23,49.581,48.608
656.95,181.31,49.398,48.429
656.47,181.07,49.48,48.51
656.89,181.12,49.391,48.422
656.6,181.03,49.418,48.449
656.86,180.94,49.34,48.373
656.91,181.12,49.481,48.511
656.48,180.83,49.623,48.65
656.89,181.35,49.476,48.506
656.62,180.92,49.466,48.497
656.89,181.08,49.621,48.648
656.88,181.03,49.746,48.77
656.72,180.67,49.979,48.999
657.11,181.09,49.879,48.901
656.97,181.28,49.939,48.959
656.99,181.3,49.874,48.896
657.26,181.41,49.672,48.698
657.11,180.9,49.71,48.735
656.79,181.19,49.593,48.62
656.99,180.86,49.709,48.735
656.58,181.15,49.8,48.824
657.02,181.42,49.602,48.629
657,181.06,49.508,48.537
656.62,181.05,49.756,48.78
656.76,180.84,49.781,48.805
657.02,181.51,49.412,48.443
656.48,181.01,49.583,48.61
657.04,180.99,49.627,48.654
656.97,181.4,49.467,48.497
656.6,180.77,49.751,48.776
656.83,181.17,49.673,48.699
657,181.13,49.525,48.554
656.62,181.07,49.59,48.618
656.7,181.44,49.428,48.459
656.78,180.91,49.431,48.461
656.72,181.34,49.447,48.478
656.85,180.82,49.513,48.542
657.07,181.47,49.382,48.413
656.83,180.85,49.504,48.533
656.8,181.12,49.705,48.731
656.96,180.96,49.716,48.741
656.74,181.07,49.715,48.74
656.86,181.18,49.636,48.663
656.88,180.7,49.775,48.799
657.17,181.44,49.63,48.657
656.93,181.22,49.556,48.584
656.7,180.8,49.703,48.728
656.59,181.21,49.808,48.831
657.36,181.35,49.639,48.665
657.08,180.65,49.92,48.942
657.48,181.09,49.916,48.937
657.31,181.36,49.864,48.887
657.41,181.22,49.816,48.839
657.32,181.51,49.676,48.702
657.07,180.98,49.862,48.884
657.21,181.53,49.795,48.818
657.27,181.31,49.894,48.916
657.27,181.31,49.919,48.94
657.49,181.22,49.832,48.855
657.39,181.22,49.889,48.911
657.41,181.24,49.929,48.95
657.3,181.41,49.858,48.88
657.33,181.31,49.9,48.922
657.18,181.5,49.83,48.853
657.26,181.45,49.858,48.881
657.3,181.76,49.661,48.687
657.23,181.53,49.693,48.719
657.3,181.34,49.537,48.566
657.32,181.18,49.505,48.534
656.86,180.53,49.676,48.702
656.76,180.79,49.912,48.934
657.16,181.27,49.881,48.903
657.28,181.43,49.79,48.813
657.41,181.7,49.657,48.683
657.08,181.51,49.696,48.722
657.08,180.98,49.879,48.901
657.43,181.31,49.8,48.823
657.51,181.47,49.719,48.745
657.01,181,49.649,48.676
657,181.37,49.421,48.452
657.17,181.03,49.435,48.466
656.98,181.02,49.443,48.474
657.11,181.48,49.261,48.295
657.49,181.62,48.885,47.926
657.93,182.15,48.767,47.811
657.47,181.8,48.71,47.755
657.49,181.7,48.77,47.814
657.53,181.46,48.998,48.038
658.25,181.93,48.629,47.675
657.73,181.2,49.006,48.045
658.31,182,48.853,47.895
658.25,182.04,48.609,47.656
657.69,181.76,48.794,47.838
658.07,181.7,48.68,47.725
658.07,181.26,49.189,48.225
657.96,181.38,49.048,48.086
658.28,181.69,48.887,47.929
658.33,182.01,48.98,48.019
658.17,181.8,48.906,47.947
658.29,181.88,48.901,47.942
658.36,181.73,48.872,47.914
658.14,181.88,48.803,47.846
658.12,182.03,49.048,48.086
657.77,181.93,48.92,47.961
657.85,181.81,49.011,48.05
658.05,181.78,48.683,47.728
657.74,181.79,48.486,47.536
