174.5,249.5,51,136
172.17,253.49,51.155,136.41
171.18,253.55,50.849,135.6
160.35,256.91,51.115,136.31
152.42,259.39,51.548,137.46
144.82,259.17,51.637,137.7
140.57,261.76,51.429,137.14
136.13,261.85,51.24,136.64
143.99,264.69,50.822,135.53
142.45,254.46,51.33,136.88
139.7,266.88,51.255,136.68
134.5,269.15,51.049,136.13
135.07,270.86,51.123,136.33
135.47,271.69,50.813,135.5
147.05,270.7,50.128,133.68
129.76,271.99,51.119,136.32
153.57,271.16,51.89,138.37
179.53,269.76,51.709,137.89
203.99,270.57,52.103,138.94
239.84,267.57,52.693,140.52
217.8,272.1,53.791,143.44
209.89,271.19,54.876,146.34
205.22,276.56,54.232,144.62
200.51,274.26,54.834,146.22
188.86,280.36,54.526,145.4
180.76,282.27,55.063,146.83
173.22,283.89,54.736,145.96
166.52,287.47,54.375,145
156.91,290.14,54.251,144.67
145.7,290.21,54.42,145.12
141.37,291.31,54.936,146.5
127.95,289.2,55.26,147.36
119.91,254.26,55.426,147.8
111.71,212.8,55.619,148.32
103.75,214.56,55.582,148.22
97.545,218.63,55.428,147.81
89.636,223.49,55.585,148.23
82.584,224.08,55.293,147.45
77.092,224.27,54.92,146.45
70.655,225.09,54.403,145.08
61.254,227.92,53.48,142.61
52.602,229.72,53.092,141.58
80.289,230.28,53.002,141.34
107.07,229.65,53.307,142.15
129.12,230.63,53.987,143.97
158.4,228,53.624,143
184.57,229.79,53.585,142.89
211.48,231.57,53.032,141.42
237.51,233.05,52.695,140.52
249,233.21,52.746,140.66
243.54,232.68,52.314,139.5
233.2,234.28,52.421,139.79
224.21,236.92,52.688,140.5
209.23,240.06,52.976,141.27
195.31,241.84,53.374,142.33
183.75,241.19,53.697,143.19
174.95,241,53.788,143.43
167.62,243.4,53.537,142.76
158.92,245.74,53.362,142.3
145.84,249.78,53.813,143.5
134.52,249.68,53.923,143.8
124.21,250.57,54.268,144.71
112.04,252.37,54.37,144.99
100.64,254.43,54.374,145
88.938,255.08,54.31,144.83
112.93,254.71,54.237,144.63
148.29,254.14,54.394,145.05
167.56,255.22,54.319,144.85
192.65,258.32,54.933,146.49
223.23,258.86,55.466,147.91
248.6,257.77,56.119,149.65
274.62,255.74,55.927,149.14
296.89,256.64,55.795,148.79
322.27,258.08,55.901,149.07
352.46,257.01,56.015,149.37
376.45,257.6,56.737,151.3
401.35,255.92,56.655,151.08
433.76,256.86,56.514,150.7
464.05,257.82,56.798,151.46
458.11,259.04,56.999,152
441.87,260.25,57.294,152.78
431.86,261.32,57.302,152.81
421.95,264.93,57.522,153.39
412.01,266.84,58.175,155.13
398.34,265.35,58.501,156
388.91,265.04,59.069,157.52
381.07,264.35,59.186,157.83
369.12,268.25,59.463,158.57
359.39,271.45,59.841,159.58
349.24,272.59,60.707,161.89
339.13,273.1,60.806,162.15
329,271.79,60.606,161.62
320.71,274.51,60.913,162.43
309.76,276.82,61.623,164.33
295.96,277.75,61.542,164.11
281.59,277.47,61.674,164.46
274.93,279.17,61.497,163.99
266.9,280.56,61.669,164.45
257.05,283.67,62.165,165.77
246.54,283.9,61.937,165.17
235.22,284.41,62.07,165.52
225.85,284.18,62.018,165.38
215.79,283.92,61.913,165.1
205.42,286.47,62.045,165.45
195.98,286.26,62.041,165.44
182.04,287.49,62.135,165.69
170.89,287.72,62.587,166.9
163.5,287.69,62.537,166.77
177.82,287.85,62.512,166.7
206.82,289.23,62.96,167.89
236.45,290.5,63.421,169.12
259.37,293.23,63.233,168.62
282.67,292.15,63.091,168.24
305.21,294.52,63.083,168.22
326.54,298.99,62.84,167.57
347.34,297.77,63.065,168.17
367.16,296.97,63.31,168.83
388.61,296.45,63.748,169.99
412.24,297.13,63.687,169.83
432.98,301.86,63.537,169.43
453.07,303.54,63.144,168.38
438.65,306.42,62.884,167.69
427.62,305.08,62.528,166.74
415.57,302.3,62.639,167.04
404.25,302.09,62.638,167.04
393.94,300.59,62.255,166.01
383.3,299.91,61.403,163.74
369.63,295.87,60.883,162.36
359.93,290.99,60.71,161.89
347.21,258.99,60.928,162.47
337.47,217.04,61.622,164.33
327.39,176.03,61.993,165.31
312.89,167.35,62.578,166.88
298.6,169.24,63.007,168.02
286.47,170.05,63.173,168.46
272.12,171.29,63.751,170
258.03,173.24,64.265,171.37
241.55,171.6,64.448,171.86
228.95,172.8,64.778,172.74
216.55,172.11,65.23,173.95
205.43,172.52,65.399,174.4
188.89,174.87,65.331,174.22
172.95,174.49,65.352,174.27
162.07,174.04,65.347,174.26
149.01,174.44,65.509,174.69
152.38,173.74,65.244,173.98
175.8,173.63,65.217,173.91
198.41,171.79,65.359,174.29
215.53,170.73,65.179,173.81
230.75,170.34,65.096,173.59
248.32,168.68,65.059,173.49
270.59,168.75,64.908,173.09
291.53,170.66,64.753,172.67
310.03,168.6,64.761,172.7
337.03,167.05,64.891,173.04
358.01,167.31,65.069,173.52
351.95,165.57,65.185,173.83
337.51,170.29,65.445,174.52
323.04,168.49,65.227,173.94
305.04,166.77,65.227,173.94
289.84,167.67,65.43,174.48
278.18,167.24,65.611,174.96
264.91,168.55,65.62,174.99
254.41,170.05,65.316,174.18
239.98,170.03,65.065,173.51
226.12,169.85,65.037,173.43
215.14,171.83,65.014,173.37
201.16,171.76,64.856,172.95
203.77,175.8,64.613,172.3
214.64,173.64,64.353,171.61
237.27,171.97,64.351,171.6
257.62,170.63,64.307,171.48
279.17,169.28,64.372,171.66
303.07,170.09,64.287,171.43
321.63,169.85,64.229,171.28
341.48,168.98,64.497,171.99
360.96,169.13,64.701,172.54
381.28,167.29,64.827,172.87
385.86,169.3,65.066,173.51
375.32,170.75,65.306,174.15
360.86,168.93,65.303,174.14
341.81,166.91,65.32,174.19
331.34,163.73,65.383,174.35
319.92,165.84,65.69,175.17
306.84,168.22,65.407,174.42
290.69,168.36,65.279,174.08
277.47,168.01,64.855,172.95
264.87,167.71,64.984,173.29
255.41,165.29,64.935,173.16
245.23,167.22,65.234,173.96
246.2,166.69,65.225,173.93
270.72,164.84,65.249,174
285.85,162.13,64.94,173.17
314.92,160.16,64.844,172.92
338.37,161.74,64.53,172.08
358.26,162.15,64.322,171.52
378.47,159.62,64.184,171.16
398.17,159.3,64.339,171.57
422.1,155.51,64.523,172.06
445.87,156.96,64.626,172.34
468.94,157.79,64.48,171.95
482.98,155.71,64.585,172.23
472.56,153.63,64.958,173.22
457.94,150.93,64.823,172.86
447.06,151.54,64.79,172.77
435.6,153.39,64.94,173.17
421.22,153.77,65.216,173.91
409.87,152.97,65.538,174.77
397.96,151.97,65.566,174.84
388.46,150.47,65.614,174.97
374.78,152.13,65.426,174.47
359.69,153.35,65.493,174.65
346.14,154.54,65.829,175.54
334.86,155.47,65.801,175.47
323.91,180.29,66.051,176.14
315.1,208.78,65.893,175.72
304.02,208.56,65.62,174.99
293.32,207.38,64.935,173.16
282.84,206.01,64.329,171.54
272.26,205.69,63.224,168.6
266.82,244.79,62.849,167.6
265.77,244.8,62.579,166.88
266.03,245.28,62.387,166.37
263.55,244.8,62.073,165.53
271.96,245.67,61.912,165.1
279.63,246.58,61.655,164.41
281.11,245.68,61.389,163.7
304.81,244.29,61.373,163.66
347.73,244.9,61.422,163.79
381.63,245.35,61.459,163.89
410.79,245.22,61.532,164.08
442.88,245.35,61.354,163.61
474.78,244.2,61.31,163.49
505.33,245.01,61.357,163.62
533.28,245.5,61.655,164.41
560.75,245.99,61.652,164.4
561.32,246.18,61.562,164.16
561.74,245.53,61.671,164.46
565.05,246.5,61.523,164.06
565.14,246.31,61.413,163.77
560.8,244.9,61.598,164.26
564.58,245.89,61.54,164.11
564.33,245.9,61.64,164.37
563.64,245.64,61.664,164.44
564.78,246.14,61.576,164.2
564.17,245.6,61.529,164.08
565.15,245.53,61.561,164.16
564.81,245.71,61.565,164.17
565.42,245.5,61.591,164.24
565,245.2,61.667,164.45
564.98,245.08,61.711,164.56
566.17,246.04,61.649,164.4
566.37,246.16,61.549,164.13
565.79,245.8,61.531,164.08
565.84,246.24,61.576,164.2
566.5,245.98,61.571,164.19
566.19,245.94,61.525,164.07
567.49,247.59,61.524,164.07
568.28,249.58,61.59,164.24
570.87,291.48,61.582,164.22
571.14,313.03,61.237,163.3
569.63,312.67,61.206,163.22
570.23,311.79,61.398,163.73
571.07,310.8,61.429,163.81
571.6,310.26,61.379,163.68
570.11,310.41,61.347,163.59
569.09,310.76,61.357,163.62
568.51,311.65,61.418,163.78
568.74,312.58,61.453,163.87
569.62,312.98,61.559,164.16
600.97,313.36,61.243,163.32
565.6,326.12,61.236,163.3
574.75,248.48,60.67,161.79
544.06,174.46,60.949,162.53
566.46,122.07,60.736,161.96
567.9,142.59,60.817,162.18
566.25,148.5,60.796,162.12
542.03,187.41,60.543,161.45
572.89,188.25,60.309,160.82
594.73,187.73,60.475,161.27
594.35,188.15,59.919,159.78
593.48,187.95,60.153,160.41
592.66,191.53,59.769,159.38
592.72,189.76,59.61,158.96
592,189.06,59.704,159.21
591.8,193.02,59.204,157.88
593.38,190.22,59.447,158.53
592.98,191.51,59.394,158.38
591.43,190.44,59.59,158.91
593,189.34,59.712,159.23
592.07,189.94,59.654,159.08
591.92,189.92,59.632,159.02
592.16,187.89,59.92,159.79
591.73,188.07,60.071,160.19
592.09,189.71,59.848,159.59
592.49,189.32,59.94,159.84
591.62,189.11,60.044,160.12
591.37,189.88,59.939,159.84
590.86,189.07,59.966,159.91
591.5,188.82,59.938,159.83
590.73,189.15,60.01,160.03
591.92,189.2,60.06,160.16
591.98,189.21,59.91,159.76
591.35,188.21,60.101,160.27
592.21,190.02,59.848,159.6
592.92,189.49,59.754,159.34
592.99,189.73,59.626,159
592.39,189.52,59.659,159.09
592.26,189.74,59.686,159.16
592.49,189.6,59.827,159.54
592.55,190.25,59.842,159.58
593.01,190.62,59.499,158.66
592.62,190.54,59.559,158.82
593.07,190.59,59.566,158.84
592.03,190.39,59.69,159.17
591.17,189.09,59.965,159.91
590.7,188.79,60.027,160.07
591.45,189.53,60.004,160.01
590.97,188.85,60.056,160.15
591.38,189.81,59.996,159.99
590.55,189.17,60.032,160.09
592.49,189.23,59.965,159.91
592.98,189.4,59.826,159.54
594.3,188.91,59.85,159.6
595.4,188.47,59.735,159.29
599.55,187.36,59.704,159.21
580.98,185.47,58.871,156.99
590.03,216.28,59.017,157.38
590.04,239.95,59.142,157.71
576.19,248.11,59.856,159.62
588.66,205.83,59.035,157.43
594.68,201.6,57.779,154.08
592.01,196.59,57.356,152.95
597.41,195.42,58,154.67
596.58,199.32,57.736,153.96
597.09,199.51,57.444,153.18
598.69,198.75,57.515,153.37
599.13,203.36,56.808,151.49
597.39,208.32,56.077,149.54
602.9,212.42,55.354,147.61
597.08,167.22,55.449,147.86
582.11,200.39,55.573,148.19
608.88,204.49,55.894,149.05
611.43,205.53,55.644,148.39
578.8,205.16,55.522,148.06
608.97,212.39,56.076,149.54
585.27,262.15,55.56,148.16
607.51,309.36,56.234,149.96
609.71,335.15,56.17,149.79
609.71,334.9,56.027,149.41
608.56,335.6,55.857,148.95
608.67,334.74,55.976,149.27
607.59,334.24,56.049,149.46
606.28,336.33,55.536,148.1
607.79,334.64,55.465,147.91
606.74,335.12,54.887,146.37
606.06,335.46,54.59,145.57
604.04,336.52,54.522,145.39
608.64,336.52,54.615,145.64
606.17,335.99,54.387,145.03
608.62,337.09,54.366,144.98
607.03,337.55,54.249,144.66
606.93,337.75,54.331,144.88
605.62,338.73,54.224,144.6
605.96,337.55,54.288,144.77
605.91,335.97,54.39,145.04
604.6,338.18,54.143,144.38
604.79,339.53,53.861,143.63
605.08,339.19,53.786,143.43
605.21,338.26,53.976,143.94
602.61,335.97,54.261,144.7
603.87,337.31,54.181,144.48
602.84,338.93,54.124,144.33
602.39,337.29,54.305,144.81
603.92,336.62,54.284,144.76
605.29,338.99,54.06,144.16
604.94,340.21,53.803,143.48
604.88,339.54,53.875,143.67
604.64,340.76,53.344,142.25
603.98,338.23,53.55,142.8
605.03,339.01,53.675,143.13
605.63,338.62,53.966,143.91
603.47,339.5,53.873,143.66
604.53,340.26,53.572,142.86
605.59,341.7,53.447,142.53
605.52,340.26,53.6,142.93
602.77,338.47,54.014,144.04
603.06,340.24,53.78,143.41
603.5,338.08,54.142,144.38
604.85,338.68,54.014,144.04
604.77,339.05,54.047,144.12
604.39,339.94,53.807,143.48
605.18,340.27,53.953,143.88
605.44,340.16,54.194,144.52
605.76,340.48,54.087,144.23
604.73,339.58,54.002,144
604.05,338.83,53.782,143.42
604.78,340.63,53.758,143.36
605.35,340.37,53.923,143.8
605.35,340.47,53.886,143.7
605.05,340.41,53.809,143.49
605.12,340.45,53.96,143.89
605.28,341.02,53.851,143.6
605.85,340.62,54.176,144.47
605.96,341.42,54.095,144.25
605.31,340.68,53.826,143.54
604.48,341.39,53.622,142.99
605.63,341.12,53.97,143.92
604.66,341.17,53.82,143.52
605.09,340.18,53.902,143.74
605.44,340.59,53.572,142.86
603.32,335.69,54.585,145.56
602.48,320.68,54.985,146.63
604.1,321.52,55.081,146.88
601.65,307.84,55.501,148
602.47,309.59,55.712,148.57
601.95,307.05,55.987,149.3
604.33,314.24,55.715,148.57
603.93,311.81,55.302,147.47
604.22,311.21,55.216,147.24
602.89,312.03,55.084,146.89
605.01,312.24,55.105,146.95
604.74,314.47,55.173,147.13
602.99,308.32,55.76,148.69
602.73,307.48,55.98,149.28
603.36,308.61,55.991,149.31
603.95,311.29,55.868,148.98
603.8,311.66,55.548,148.13
603.32,309.29,55.561,148.16
604.9,309.93,55.705,148.55
604.26,310.55,55.584,148.22
604.01,311.19,55.524,148.06
604.14,312.92,55.317,147.51
603.08,312.03,55.397,147.73
601.79,308.83,55.554,148.14
604.84,314.29,55.404,147.74
604.63,314.22,55.204,147.21
603.22,311.48,55.355,147.61
603.36,310.33,55.492,147.98
602.49,309.66,55.59,148.24
603.03,309.83,55.558,148.15
605.11,310.33,55.871,148.99
603.72,309.65,55.679,148.48
603.06,309.47,55.432,147.82
602.84,309.76,55.713,148.57
603.38,310.42,55.716,148.58
603.11,310.19,55.721,148.59
603.07,310.66,55.757,148.68
603.22,311.16,55.717,148.58
603.61,312.11,55.651,148.4
603.58,311.35,55.861,148.96
603.81,311.2,55.999,149.33
603.26,311.88,55.767,148.71
603.13,310.59,55.808,148.82
602.7,310.59,56.106,149.62
602.64,311.19,55.986,149.3
601.75,311.49,55.597,148.26
602.78,311.58,55.472,147.93
602.66,309.85,55.921,149.12
604.2,311.06,55.961,149.23
602.93,310.02,56.094,149.58
603.18,309.3,56.189,149.84
602.91,308.74,56.274,150.06
602.88,308.34,56.18,149.81
603.33,309.25,56.196,149.86
602.25,309.36,56.048,149.46
602.67,309.69,56.165,149.77
603.25,309.84,56.097,149.59
602.89,309.5,56.2,149.87
604.22,310.71,56.103,149.61
604.02,310.16,56.033,149.42
604.31,308.85,55.494,147.98
603.73,299,55.322,147.53
603.92,284.98,55.469,147.92
604.75,278.66,54.843,146.25
603.45,271.14,53.818,143.52
604.05,262.27,53.037,141.43
603.25,253.11,52.366,139.64
605.32,245.2,51.736,137.96
604.03,242.42,50.872,135.66
604.64,244.31,50.113,133.63
604.09,245.46,49.492,131.98
606.2,246.32,48.962,130.57
605.22,245.07,48.674,129.8
604.7,244.13,48.671,129.79
605.08,244.45,48.321,128.86
606.22,245.03,48.146,128.39
605.85,244.67,48.003,128.01
605.15,244.81,47.904,127.74
606.71,245.85,47.962,127.9
606.56,245.12,48.026,128.07
606.15,245.26,48.146,128.39
605.6,244.81,48.186,128.5
606.42,244.86,48.265,128.71
607.33,244.76,48.347,128.92
606.38,244.74,48.249,128.67
607.46,245.45,48.2,128.53
607.02,245.45,48.239,128.64
605.79,244.86,48.253,128.67
605.91,244.27,48.291,128.78
605.51,245.79,47.89,127.71
605.46,244.82,47.695,127.19
606.4,245.71,47.684,127.16
607.13,246,47.692,127.18
606.44,245.71,47.811,127.5
606.1,244.97,47.933,127.82
605.79,244.74,48.082,128.22
605.89,244.61,48.174,128.46
605.67,243.37,48.216,128.58
605.72,243.58,48.25,128.67
605.75,243.61,48.218,128.58
605.85,243.74,48.193,128.51
606.54,243.88,48.25,128.67
606.02,244.5,48.238,128.63
605.73,243.6,48.335,128.89
605.24,243.32,48.266,128.71
605.38,243.73,48.36,128.96
606.29,240.7,47.957,127.89
608,228.48,46.699,124.53
606.15,214.36,46.544,124.12
608.06,204.64,46.361,123.63
606.15,191.63,46.481,123.95
605.98,194.58,46.68,124.48
605.31,148.63,46.948,125.19
606.69,146.86,47.53,126.75
604.55,147.47,48.087,128.23
605.67,146.73,48.302,128.81
