108.5,380.5,65,85
109.57,381.22,65.645,85.844
109.3,379.14,67.305,88.015
109.26,379.51,66.775,87.321
109.7,380.02,66.625,87.125
112.73,382.42,66.688,87.207
118.86,382.98,67.218,87.9
122.12,382.9,66.701,87.224
125.46,383.75,67.075,87.714
129.65,385.08,66.122,86.467
134.97,386.96,66.223,86.599
137.92,387.75,66.379,86.804
136.14,389.27,66.49,86.948
136.27,390.22,66.073,86.403
138.14,389.04,66.497,86.957
142.41,388.63,66.657,87.166
146.16,388.49,67.557,88.344
149.23,388.33,68.226,89.219
150.54,389.07,69.053,90.301
152.6,389.93,69.754,91.217
156.3,390.86,69.232,90.534
170.36,389.27,69.875,91.375
174.75,387.27,69.599,91.015
180.69,385.93,68.447,89.508
183.88,386.32,68.047,88.985
187.44,387.07,68.583,89.686
197.67,389.1,68.115,89.074
208.38,391.85,68.07,89.015
217.88,393.92,67.754,88.601
223.08,394.48,67.995,88.917
229.97,393.91,68.21,89.198
238.62,393.22,67.857,88.736
246.95,390.78,68.905,90.106
254.11,390.52,68.574,89.674
261.72,390.26,68.431,89.487
268.93,389.91,68.375,89.414
275.9,389.39,68.902,90.102
284.78,389.56,68.82,89.995
290.38,388.61,69.094,90.353
299.46,385.53,69.134,90.406
306.32,383.63,69.273,90.587
319.14,381.09,68.282,89.292
329.15,381.07,67.39,88.125
337.82,379.61,67.732,88.572
342.06,377.72,67.443,88.195
344.39,377.29,67.45,88.203
347.74,376.61,67.579,88.373
351.5,377.01,66.94,87.537
358.47,375.62,66.432,86.873
364.34,377.22,66.21,86.582
369.79,379.11,66.239,86.62
373.61,382.04,66.59,87.079
376.57,386.61,66.839,87.404
374.16,395.02,67.07,87.707
381.69,396.25,67.117,87.769
391.76,394.97,66.789,87.34
400.44,392.54,66.927,87.52
410.33,391.29,67.197,87.873
417.94,388.88,67.86,88.74
422.1,387.17,68.29,89.302
422.77,387.59,68.079,89.026
424.99,389.33,68.024,88.954
428.2,391.09,68.733,89.882
435.7,392.11,69.163,90.444
444.32,393.14,68.749,89.902
451.41,394.75,68.911,90.114
459.62,390.06,69.375,90.721
465.48,387.16,69.574,90.981
469.94,384.92,69.938,91.457
472.57,385.47,69.894,91.4
475.9,388.59,70.218,91.823
478.44,391.57,70.284,91.91
480.84,392.59,70.14,91.721
480.97,391.31,70.303,91.934
479.98,392.25,70.076,91.637
477.9,393.01,70.101,91.671
475.18,393.36,70.49,92.179
471.77,393.29,70.592,92.313
465.15,395.09,71.253,93.176
459.38,396.7,71.899,94.022
451.87,399.33,72.104,94.291
444.47,403.55,72.151,94.351
442.52,404.77,71.876,93.992
444.5,403.22,72.005,94.161
441.15,399.84,71.91,94.036
444.58,395.13,71.698,93.758
451.46,394.33,71.928,94.06
455.3,397.32,72.258,94.491
458.46,398.17,72.123,94.314
461.39,399.43,72.501,94.808
463.48,400.9,72.759,95.147
466.11,403.07,73.168,95.682
468.44,403.05,73.18,95.697
472.01,400.98,73.461,96.064
476.2,398.6,73.159,95.669
477.5,394.91,73.542,96.171
479.56,391.55,73.285,95.834
482.98,387.45,73.231,95.764
485.49,385.45,73.085,95.573
489.35,385.17,73.033,95.505
492.6,384.82,72.881,95.306
496.88,384.97,72.398,94.674
506.02,382.86,72.524,94.839
514.13,383.01,72.398,94.675
521.9,382.31,72.444,94.735
530.89,383.11,72.328,94.582
539.92,383.76,72.192,94.405
548.74,384.72,72.138,94.335
555.93,386.69,71.632,93.672
559,388.93,71.406,93.377
560.12,389.39,71.551,93.567
561.31,389.5,71.314,93.257
565.65,387.9,71.099,92.976
571.38,385.65,70.951,92.782
576.86,382.57,70.786,92.566
578.56,381.24,70.509,92.204
579.44,380.23,70.521,92.219
580.51,379.17,70.358,92.006
581.09,378.72,70.231,91.841
580.99,378.09,69.965,91.493
580.45,377.12,69.228,90.529
579.43,374.99,68.694,89.831
576.47,373.45,68.27,89.277
571.4,372.73,68.082,89.031
566.14,373.69,67.859,88.738
560.86,375.22,68.233,89.228
559.23,376.98,68.294,89.308
558.36,378.37,68.21,89.197
557.52,378.25,68.06,89.002
555.24,378.41,67.857,88.736
549.79,378.44,67.816,88.683
548.05,376.95,67.927,88.828
549.67,376.54,67.947,88.854
553.32,374.83,68.22,89.211
557.53,373.81,68.5,89.577
559.83,373.92,68.598,89.705
561.03,374.56,68.505,89.584
560.74,375.59,68.406,89.454
560.22,375.76,68.245,89.244
559.53,373.7,68.552,89.645
560.47,369.43,68.371,89.408
565.26,367.48,68.347,89.376
570.13,365.87,68.47,89.538
571.48,366.77,68.641,89.762
572.4,369.07,68.704,89.843
572.9,372.2,68.564,89.66
573.07,375.2,68.283,89.293
574.57,376.78,68.255,89.256
577.06,377.13,68.205,89.192
579.63,376.61,68.069,89.013
580.86,377.4,68.154,89.125
583.94,376.59,68.205,89.192
587.11,378.99,68.009,88.935
591.5,379.31,68.115,89.073
593.51,379.37,67.903,88.796
594.75,378.35,67.718,88.554
596.7,378.01,67.463,88.22
596.7,376.59,67.337,88.057
596.26,375.82,67.211,87.891
595.08,375.8,67.05,87.681
595.74,375.66,67.182,87.853
591.17,371.22,66.961,87.565
587.41,367.98,66.97,87.576
587.58,366.57,66.653,87.162
588.81,366.02,66.455,86.903
589.34,366.13,66.325,86.733
594.04,366.08,65.885,86.157
594.62,366.51,65.848,86.109
598.79,365.54,65.884,86.156
605.28,366.03,65.978,86.278
609.32,365.23,65.843,86.102
594.84,360.31,66.071,86.401
591.64,357.37,66.147,86.5
585.65,357.05,65.64,85.836
610.71,353.91,65.903,86.18
609.18,351.68,65.911,86.191
608.39,349.92,65.817,86.068
610.06,350.37,65.968,86.266
613.51,349.48,65.72,85.941
615.66,349.27,65.555,85.726
617.25,349.52,65.861,86.126
620.46,347.74,65.81,86.059
622.76,346.7,65.884,86.156
625.86,344.55,65.748,85.978
628.93,344.32,65.703,85.92
634.18,344.29,65.692,85.905
640.34,345.48,65.632,85.826
646.22,344.99,65.122,85.16
649.92,344.98,65.042,85.055
652.8,344.05,65.175,85.228
654.76,342.06,65.306,85.4
657.63,342.54,65.422,85.552
661.06,340.97,65.274,85.358
663.22,341.31,64.996,84.994
664.56,343.09,64.547,84.407
665.28,343.37,64.282,84.061
666.46,344.7,64.279,84.058
668.49,343.95,64.215,83.974
672.35,343.28,64.542,84.402
674.77,342.52,64.324,84.116
678.81,342.22,64.284,84.064
680.53,342.26,64.258,84.03
682.97,343.18,63.964,83.645
684.07,343.23,63.981,83.667
688.04,342.85,63.783,83.409
689.77,342.17,63.415,82.927
692.73,341.75,63.215,82.666
696.1,339.39,62.965,82.339
701.15,337.69,62.852,82.191
705.83,337.23,62.545,81.79
710.88,338,62.219,81.364
712.92,338.89,62.113,81.225
714.21,340.23,61.878,80.918
715.96,341.14,61.579,80.527
716.92,341.5,61.626,80.588
719.09,341.23,61.38,80.266
719.7,340.67,61.357,80.237
721.6,340.1,61.324,80.192
723.24,340.15,61.274,80.128
726.23,340.01,61.189,80.016
727.12,338.97,61.295,80.155
728.55,339.02,61.088,79.884
728.81,338.65,60.792,79.497
732.22,337.76,60.413,79.002
734.84,335.1,60.059,78.538
739.05,334.92,59.928,78.367
743.25,333.25,59.756,78.143
748.3,332.83,59.31,77.559
754.13,336.39,58.989,77.14
753.14,335.48,58.77,76.853
753.1,336.06,58.641,76.684
753.82,337.13,58.58,76.605
754.63,337.52,58.658,76.707
758.68,336.16,58.454,76.439
764.88,338.32,58.476,76.469
768.61,337.57,58.288,76.223
772.06,337.89,58.018,75.87
774.49,338.56,58.011,75.86
778.89,339.71,57.667,75.411
782.83,340.77,57.406,75.069
787.27,340.95,57.296,74.925
790.52,340.52,57.045,74.597
793.76,340.58,56.828,74.314
796.25,341.75,56.491,73.873
797.19,341.2,56.093,73.352
799.77,342.88,56.07,73.323
800.87,343.69,55.914,73.118
802.26,344,55.995,73.225
803.5,343.98,56.171,73.454
803.85,342.88,55.749,72.902
804.95,342.61,55.635,72.753
806.69,341.97,55.34,72.368
809.78,342.33,55.393,72.438
812.51,341.59,55.235,72.231
814.14,341.31,55.087,72.037
815.36,339.71,54.918,71.816
816.99,338.09,54.556,71.343
818.61,337.32,54.222,70.906
820.84,337.46,54.039,70.666
822.02,337.11,53.774,70.32
823.8,337.41,53.835,70.4
825.59,337.28,53.806,70.362
827.3,338.99,53.798,70.351
829.42,341.51,53.643,70.149
831.19,343.48,53.558,70.038
832.66,345.13,53.714,70.241
834.33,345.49,53.531,70.001
835.93,344.87,53.284,69.679
836.63,343.95,53.102,69.441
838.02,343.02,52.355,68.465
839.44,343.31,52.178,68.232
840.72,343.59,51.628,67.514
841.47,343.57,51.624,67.509
842.4,344.18,51.668,67.565
842.9,343.05,51.679,67.58
843.76,342.32,51.546,67.407
844,341.06,51.723,67.638
845.51,339.74,51.64,67.529
846.72,339.49,51.698,67.605
847.67,339.64,51.834,67.782
847.9,340.35,51.846,67.799
