587.5,238.5,73,130
582.36,236.09,73.513,130.91
575.3,234.3,73.55,130.98
567.67,235.98,72.998,130
559.97,241.85,72.456,129.03
559.63,245.71,72.212,128.6
558.45,251.4,72.207,128.59
560.58,256.54,71.564,127.44
565.62,261.01,72.136,128.46
583.2,275.6,70.33,125.24
595.38,284.01,70.174,124.97
614.24,294.34,70.042,124.73
637.75,301.43,70.21,125.03
667.85,309.67,70.577,125.68
710.59,319.94,71.375,127.11
718.46,324.82,71.188,126.77
712.87,322.69,70.623,125.77
694.66,316.86,71.317,127
678.15,313.8,71.11,126.63
662.63,311.8,71.118,126.65
666.02,309.97,71.513,127.35
675.09,309.89,71.343,127.05
681.28,315.32,70.788,126.06
684.22,324.83,70.802,126.09
684.44,331.69,70.464,125.48
685.75,335.18,70.915,126.29
686.24,335.6,71.255,126.89
684.5,335.33,71.6,127.51
681.36,335.31,71.594,127.5
680.46,337.85,71.428,127.2
682.32,344.23,70.851,126.17
684.5,350.02,71.123,126.66
686.83,354.44,71.744,127.76
689.81,355.95,71.859,127.97
693.3,356.57,71.806,127.87
695.65,358.4,72.44,129
701.9,359.29,72.555,129.21
707.66,359.91,72.059,128.32
710.28,359.68,72.147,128.48
714.2,362.93,72.349,128.84
715.83,365,72.518,129.14
719.17,368.12,72.638,129.36
720.91,370.46,72.615,129.31
722.25,372.45,72.408,128.95
722.32,376.04,72.53,129.16
722.33,378.78,72.856,129.74
721.17,380.85,72.582,129.26
719.41,381.74,72.434,128.99
717.58,382.72,72.376,128.89
713.14,382.38,71.87,127.99
712,382.83,71.709,127.7
710.68,383.17,70.858,126.19
709.62,383.36,71.108,126.63
708.28,383.72,71.19,126.78
705.76,383.93,71.825,127.91
699.34,383.74,72.741,129.54
698.03,384.05,72.174,128.53
697.88,384.78,73.052,130.09
696.11,386.94,73.371,130.66
697.1,395.06,72.542,129.18
770.76,402.71,72.801,129.64
795.9,361.68,72.807,129.66
800.51,361.3,72.429,128.98
803.94,362.23,73.013,130.02
814.97,371.66,72.847,129.73
841.97,384.48,73.292,130.52
819.86,410.55,73.39,130.7
835.84,412.58,72.781,129.61
854.85,417.7,72.693,129.45
854.92,419.67,72.702,129.47
854.11,450.06,71.939,128.11
910.52,420.81,72.935,129.88
908.45,493.69,72.732,129.52
901.1,499.07,71.731,127.74
910.65,499.62,71.447,127.23
876.01,499.1,71.178,126.75
792.86,474.04,70.708,125.92
762.8,475,70.706,125.92
759.85,478.76,70.843,126.16
745.08,477.79,70.517,125.58
730.09,476.65,70.606,125.74
716.39,479.16,71.028,126.49
757.97,481.89,70.473,125.5
756.03,483.13,70.113,124.86
745.28,481.6,69.865,124.42
737.64,480.48,69.56,123.87
733.02,480.62,69.33,123.46
726.77,477.56,68.959,122.8
721.82,476.63,69.066,122.99
722.34,476.88,68.713,122.37
720.7,477.29,68.897,122.69
718.83,477.72,69.141,123.13
719.5,477.42,69.666,124.06
720.34,476.3,69.664,124.06
720.84,476.26,69.538,123.83
724.28,476.66,69.823,124.34
730.93,479.62,69.274,123.36
727.79,478.3,69.557,123.87
725.14,479.52,69.383,123.56
727.37,479.74,68.914,122.72
727.4,479.67,68.511,122.01
723.71,477.72,68.632,122.22
723.61,477.63,68.498,121.98
723.15,477.81,68.636,122.23
723.59,477.27,68.553,122.08
722.57,477.21,68.472,121.94
721.58,477.21,68.216,121.48
721.16,476.52,68.28,121.59
699.13,479.74,68.42,121.84
699.07,479.01,68.881,122.66
697.01,478.87,69.132,123.11
696.93,479.55,69.515,123.79
693.05,477.42,70.146,124.92
692.24,477.65,70.357,125.29
689.24,477.29,70.39,125.35
691.66,475.58,70.582,125.69
689.76,477.07,70.746,125.99
674.49,483.26,71.191,126.78
666.76,483.22,71.283,126.94
656.34,477.67,70.883,126.23
654.77,485.42,70.91,126.28
649.01,485.17,70.657,125.83
646.77,484.31,69.781,124.27
646.08,482.19,69.417,123.62
643.08,480.03,69.271,123.36
700.16,473.37,69.559,123.87
700.38,472.56,69.674,124.08
699.73,471.13,70.117,124.87
696.75,471.92,70.714,125.93
693.92,471.72,70.967,126.38
690.72,470.7,71.789,127.84
688.37,471.27,72.166,128.51
683.56,471.55,72.401,128.93
680.17,472.4,72.729,129.52
678.36,474.03,72.525,129.15
673.89,475.36,72.546,129.19
673.06,475.07,72.461,129.04
669.8,477.05,72.217,128.61
666.6,475.99,72.147,128.48
666.9,477.78,72.176,128.53
665.68,477.63,72.356,128.85
663.48,476.68,72.691,129.45
662.14,475.64,73.078,130.14
661.58,473.69,73.052,130.09
660.87,473.83,73.133,130.24
661.27,473,73.076,130.14
659.39,472.58,72.988,129.98
658.36,472.21,72.588,129.27
656.76,473.16,72.32,128.79
654.84,473.58,72.084,128.37
651.7,474.06,72.017,128.25
648.22,473.47,71.52,127.36
646.15,474.92,71.152,126.71
642.61,474.48,70.953,126.36
638.48,473.95,71.084,126.59
632.44,475.19,71.529,127.38
627.39,475.74,72.13,128.45
623.53,474.91,72.585,129.26
618.42,474.81,72.997,129.99
613.56,474,73.31,130.55
608.09,473.99,73.468,130.83
606.28,475.01,74.067,131.9
605.21,474.76,74.428,132.54
605.75,475.36,74.748,133.11
604.92,476.04,74.909,133.4
603.54,477.67,74.885,133.36
602.03,477.61,75.246,134
600.12,478.14,75.6,134.63
598.26,477.79,75.828,135.04
596.61,477.72,76.374,136.01
593.38,478.98,76.726,136.63
590.97,478.81,77.056,137.22
588.67,478.71,77.351,137.75
587.36,478.23,77.289,137.64
584.91,477.81,76.88,136.91
581.67,477.12,76.662,136.52
579.4,476.45,76.374,136.01
576.59,476,76.302,135.88
573.91,476.24,76.287,135.85
571.28,475.82,76.114,135.55
567.28,476.83,75.468,134.4
564.24,477.86,75.001,133.56
560.48,478.44,74.764,133.14
556.9,480.19,75.138,133.81
553.24,481,75.829,135.04
548.2,480.65,76.376,136.01
544.96,479.95,76.615,136.44
542.22,479.41,76.848,136.85
540.26,478.63,77.171,137.43
538.51,477.54,77.802,138.55
537.07,478.31,78.135,139.14
536.58,478.93,78.103,139.09
536.11,478.82,78.008,138.92
537.66,479.12,77.644,138.27
537.7,479.14,77.544,138.09
537.4,478.14,77.549,138.1
536.17,477.23,77.846,138.63
534.99,476.45,78.197,139.25
534.91,475.37,78.519,139.83
534.83,474.64,78.799,140.33
535.79,473.84,79.494,141.57
535.37,472.44,80.052,142.56
534.26,471.68,80.958,144.17
532.29,470.54,81.394,144.95
531.29,470.19,81.762,145.6
530.72,470.61,81.727,145.54
529.17,470.88,81.329,144.83
526.4,471.47,81.247,144.69
524.09,473.05,80.907,144.08
522.5,473.38,80.58,143.5
521.01,474.18,80.032,142.52
519.13,474.44,80.09,142.63
518.01,474.13,80.033,142.52
516.47,473.85,80.606,143.54
514.85,471.92,81.098,144.42
511.44,472.41,81.916,145.88
506.49,471.96,83.203,148.17
505.25,470.96,83.991,149.57
501.07,469.22,85.314,151.93
500.57,469.76,86.049,153.24
497.33,470.1,87.093,155.1
495.88,471.16,87.642,156.08
494.23,472.12,87.556,155.92
492.73,471.9,87.556,155.92
490.17,472.32,87.291,155.45
485.34,471.48,87.096,155.1
481.11,470.2,87.22,155.32
477.29,469.88,88.015,156.74
473.9,469.76,88.722,158
470.71,469.15,89.377,159.16
466.83,467.28,89.453,159.3
463.79,465.99,89.138,158.74
461.15,465.06,89.49,159.36
457.89,465.02,88.424,157.47
454.06,465.29,88.093,156.88
450.34,466.5,87.164,155.22
445.58,466.92,86.169,153.45
442.73,467.78,85.133,151.61
438.37,469.58,83.93,149.46
434.32,470.41,83.372,148.47
429.56,470.92,82.707,147.29
421.3,472.55,82.574,147.05
414.23,474.65,83.166,148.1
408.6,475.52,84.483,150.45
402.04,477.55,85.218,151.76
394.48,476.86,86.441,153.94
385.25,477.47,86.693,154.39
379.61,476.85,86.923,154.79
376.55,475.98,86.936,154.82
373.04,477.04,86.796,154.57
370.15,476.25,86.394,153.85
363.93,479.59,86.498,154.04
357.99,480.8,86.351,153.78
352.89,481.27,85.766,152.73
340.88,479.4,85.023,151.41
333.47,477.86,83.479,148.66
324.88,478.05,82.621,147.13
321.44,478.03,82.182,146.35
317.55,477.28,81.691,145.48
313.15,476.08,81.948,145.94
308.08,474.54,81.556,145.24
300.19,470.78,80.8,143.89
295.36,471.95,80.647,143.62
290.25,470.58,80.164,142.76
284.12,473.39,79.994,142.46
276.15,475.16,80.221,142.86
268.1,473.67,79.803,142.11
260.35,474.64,79.228,141.09
252.17,474.09,78.513,139.82
244.11,475.66,78.045,138.99
236.65,474.78,78.264,139.37
224.66,474.65,78.384,139.59
214.3,474.35,78.662,140.08
204.45,474.23,79.074,140.82
196.98,475.29,79.417,141.43
190.31,475.89,79.909,142.3
176.01,475.29,80.467,143.3
170.94,474.23,80.765,143.83
160.33,475.01,80.348,143.09
154.76,475.41,79.685,141.9
149.06,476.48,79.191,141.03
135.81,476.4,78.725,140.2
124.26,478.29,77.944,138.8
113.05,478.44,77.472,137.96
106.84,477.98,77.519,138.05
100.88,479.07,77.226,137.53
92.176,477.27,77.698,138.37
84.718,474.19,78.049,138.99
79.317,476.07,78.824,140.37
70.472,475.89,79.303,141.22
62.294,476.49,79.559,141.68
46.051,477.64,80.286,142.97
23.911,470.35,80.722,143.75
12.063,472.47,81.242,144.68
7.7006,470.97,81.467,145.08
-1.7078,470.1,81.442,145.03
-20.076,469.78,81.252,144.7
