196.5,279.5,56,98
204.68,281.06,56.365,98.639
214.3,281.05,56.468,98.819
223.95,281.97,56.567,98.993
231.46,282.46,57.013,99.773
240.29,283.54,57.235,100.16
249.27,282.3,56.67,99.173
254.64,284.1,57.108,99.939
262.95,284.02,57.889,101.31
270.91,284.41,58.314,102.05
280.81,285.17,58.269,101.97
288.69,286.35,58.157,101.77
296.92,286.38,58.738,102.79
309.8,287.16,58.159,101.78
316.03,287.02,59.017,103.28
326.57,285.78,59.147,103.51
335.23,286.23,59.52,104.16
343.63,288.53,59.821,104.69
355.86,287.11,60.576,106.01
367.69,286.49,59.47,104.07
381.73,285.72,60.369,105.65
374.03,288.43,59.989,104.98
372.89,291.08,60.057,105.1
374.09,296.48,60.242,105.42
373.5,299.82,60.635,106.11
372.91,301.95,60.248,105.43
370.16,305.58,59.709,104.49
369.48,307.16,59.602,104.3
377.27,307.34,59.872,104.78
385.47,307.08,60.1,105.18
394.08,308.32,60.213,105.37
406.16,310.16,59.58,104.26
416.44,311.93,60.022,105.04
431.12,315.48,60.118,105.21
437.77,317.34,59.896,104.82
439.54,318.31,59.298,103.77
441.46,317.5,59.056,103.35
442.34,317.26,59.09,103.41
441.74,317.32,59.095,103.42
439.61,317.02,59.306,103.78
436.14,318.1,60.031,105.05
436.61,318.82,60.425,105.74
437.12,320.09,60.178,105.31
439.1,321.86,60.29,105.51
442.45,323.32,59.877,104.78
446.14,323.73,59.944,104.9
451.59,322.83,60.273,105.48
455.51,324.5,60.395,105.69
461.57,320.4,61.34,107.34
471.57,316.73,61.768,108.09
476.55,319.6,62.382,109.17
481.64,320.53,63.055,110.35
483.84,321.61,63.156,110.52
485.27,323.42,63.371,110.9
485.28,324.67,63.744,111.55
485.52,325.53,63.483,111.09
485.17,325.63,63.47,111.07
476.81,325.13,63.831,111.7
470.47,324.76,63.978,111.96
470.84,323.05,64.025,112.04
472.58,321.97,63.831,111.7
472.89,320.51,63.622,111.34
471.54,317.96,63.625,111.34
460.49,315.58,63.356,110.87
449.97,313.76,63.088,110.4
444.27,311.99,63.088,110.4
441.77,312.74,62.979,110.21
441.85,314.03,62.532,109.43
441.97,314.32,62.312,109.05
445.73,317.13,61.862,108.26
450.61,319.12,61.53,107.68
456.06,321.67,61.052,106.84
464,322.9,60.62,106.08
473.01,324.92,59.732,104.53
476.3,325.25,59.192,103.59
478.39,325.68,58.688,102.7
477.77,326.11,58.307,102.04
475.7,327.11,58.158,101.78
470.49,331.47,58.182,101.82
468.18,336.57,57.809,101.17
467.81,341.34,57.249,100.19
468.55,343.19,56.894,99.564
470.81,345.27,56.645,99.128
473.2,344.12,57.034,99.81
475.71,341.04,57.779,101.11
482.2,337.24,58.41,102.22
483.87,335.81,58.869,103.02
485.16,334.35,59.373,103.9
482.89,335.54,59.589,104.28
477.49,337.5,59.005,103.26
475.19,335.47,58.799,102.9
474.2,331.82,58.971,103.2
467.62,331.11,58.679,102.69
461.76,328.83,58.86,103.01
456.81,328.09,58.981,103.22
456.73,326.86,59.133,103.48
457.63,326.34,59.32,103.81
461.03,325.42,59.526,104.17
462.29,325.9,59.434,104.01
462.29,326.44,59.032,103.31
462.38,326.5,59.079,103.39
460.67,326.09,59.13,103.48
457.07,325.63,59.042,103.32
453.89,323.87,58.961,103.18
452.07,323.62,58.863,103.01
452.24,322.79,58.949,103.16
453.77,322.89,59.016,103.28
456.05,323.4,58.794,102.89
459.4,323.78,58.546,102.46
461.37,324.76,58.31,102.04
462.09,324.25,57.907,101.34
463.62,324.25,57.678,100.94
467.04,322.93,57.434,100.51
474.39,319.72,57.368,100.39
480.54,316.32,57.732,101.03
485.09,315.4,58.138,101.74
487.25,315.65,58.324,102.07
488.33,317.11,58.162,101.78
487.35,319.53,57.927,101.37
486.52,322.25,57.414,100.48
487.25,321.04,57.203,100.11
491.49,318.37,57.156,100.02
497.71,316.15,57.071,99.874
503.12,314.85,57.19,100.08
507.36,313.84,57.189,100.08
509.04,314.02,57.046,99.83
508.96,315.39,57.027,99.798
508.17,318.22,56.784,99.372
507.02,322.05,56.474,98.829
507.61,323.06,56.058,98.101
513.24,323.51,55.641,97.373
518.8,321.9,55.391,96.934
523.91,318.58,55.445,97.028
528.56,315.05,55.687,97.453
531.94,313.21,55.559,97.228
536.13,313.23,55.445,97.028
540.09,313.36,55.263,96.711
543.16,313.26,55.17,96.548
547.98,312.92,54.899,96.073
551.88,312.72,54.652,95.641
556.28,311.18,54.557,95.475
560.12,309.35,54.486,95.35
564.69,307.19,54.588,95.53
570.33,306.47,54.561,95.481
575.19,305.81,54.564,95.488
579.2,306.88,54.371,95.148
581.94,309.08,54.187,94.827
585.5,311.71,53.952,94.417
589.28,312.55,53.735,94.035
592.43,312,53.412,93.471
596.01,311.45,53.293,93.264
599.91,310.27,53.098,92.921
603.48,308.34,52.823,92.439
607.88,308.41,52.457,91.801
611.54,308.35,52.009,91.016
614.32,309.74,52.001,91.002
617.22,311.58,51.92,90.86
619.41,312.4,51.799,90.649
621.71,312.78,51.757,90.574
624.47,311.94,51.533,90.183
627.25,310.71,51.486,90.1
629.89,309.36,51.108,89.439
632.51,309.34,50.932,89.13
634.29,309.11,50.41,88.217
637.66,310.32,50.214,87.874
639.37,310.44,50.082,87.644
641.94,310.63,49.751,87.064
645.3,309.48,49.421,86.486
647.72,308.41,49.071,85.874
650.67,308.09,48.857,85.5
652.34,306.98,48.642,85.123
653.93,306.58,48.668,85.168
655.85,306.26,48.719,85.257
657.69,306.07,48.985,85.723
660.02,307.6,48.865,85.513
660.86,307.73,48.934,85.634
662.16,309.03,48.727,85.273
663.28,308.21,48.795,85.39
664.73,307.16,49.072,85.876
667.42,305.96,49.332,86.331
668.5,304.25,49.8,87.15
670.56,303.37,50.027,87.547
671.43,302.41,50.339,88.093
672.83,302.8,50.35,88.113
674.4,302.72,50.285,87.998
675.66,302.2,50.396,88.193
677.99,301.3,50.349,88.11
679.64,299.1,50.476,88.333
680.74,298.4,50.542,88.448
682.48,297.75,50.498,88.371
683.94,297.63,50.486,88.351
686.06,298.34,50.423,88.241
687.86,298.89,50.257,87.95
688.62,299.56,50.021,87.536
690.03,299.75,49.932,87.382
692.21,300.49,49.561,86.731
693.01,298,49.571,86.75
694.72,296.11,49.654,86.895
696.49,294.65,49.558,86.727
697.42,293.54,49.415,86.476
698.5,293.17,49.391,86.434
699.88,294.15,49.135,85.986
701.6,296.12,48.879,85.538
702.33,296.55,48.686,85.201
703.77,297.33,48.525,84.919
705.08,297.22,48.36,84.63
707.26,296.25,48.19,84.332
708.27,295.46,47.98,83.965
709.25,294.12,47.883,83.795
710.54,293.74,47.664,83.411
712.18,294.23,47.627,83.347
713.3,295.08,47.535,83.186
714.27,296.18,47.484,83.097
714.88,296.95,47.487,83.102
716.04,297.08,47.133,82.483
717.05,295.62,47.035,82.311
718.2,294.35,47.107,82.437
718.89,292.22,47.337,82.84
718.99,291.21,47.504,83.131
720.28,291.22,47.571,83.249
721.51,292,47.494,83.115
721.95,292.53,47.548,83.209
722.25,292.67,47.506,83.136
722.61,292.93,47.417,82.98
723.27,291.47,47.369,82.897
723.61,291.18,47.21,82.617
724.83,289.81,47.059,82.353
725.49,289.81,46.657,81.65
726.14,289.13,46.503,81.38
727.36,289.44,46.374,81.155
728.07,289.81,46.419,81.234
728.61,289.85,46.352,81.117
729.52,290.53,46.172,80.801
730.73,290.86,46.087,80.653
731.45,290.22,46.058,80.602
732.28,290.13,45.708,79.988
733.03,289.14,45.409,79.466
734.25,289.09,45.056,78.848
734.55,288.74,44.68,78.19
735.1,288.47,44.561,77.983
735.97,289.05,44.414,77.724
735.8,288.78,44.487,77.852
736.18,288.67,44.492,77.862
736.9,288.67,44.151,77.264
738.03,288.83,43.712,76.495
738.31,288.53,43.269,75.721
739.09,288.89,42.851,74.99
739.47,289.03,42.658,74.652
739.94,289.51,42.677,74.685
740.62,290.1,42.658,74.652
740.97,290.12,42.644,74.627
742.67,289.11,42.748,74.809
744.4,288.07,42.537,74.44
745.64,287.29,42.286,74.001
746.49,286.69,41.879,73.288
747.47,286.5,41.569,72.746
747.53,286.65,41.25,72.187
747.62,287.48,41.002,71.753
748.26,288.36,40.865,71.514
748.32,288.95,40.901,71.577
748.77,289.45,40.83,71.453
748.7,288.81,40.615,71.076
748.61,288.15,40.469,70.82
