899.5,218.5,58,97
894.69,215.81,58.035,97.058
889.64,216.67,58.105,97.175
884.01,218.05,57.294,95.82
878.38,218.62,56.879,95.125
873.35,218.9,56.56,94.592
867.24,218.59,56.31,94.173
862.82,218.03,56.785,94.968
858.04,217.61,56.227,94.034
854.1,217.35,55.893,93.477
850.32,217.98,55.272,92.438
844.4,217.43,55.547,92.898
840.66,217.47,55.691,93.139
837.06,218.47,55.43,92.701
832.4,219.44,54.75,91.565
827.85,220.33,54.665,91.423
823.17,221.57,53.686,89.785
819.71,222.01,52.799,88.302
816.26,222.26,52.748,88.217
811.31,221.43,53.353,89.228
806.97,219.93,53.881,90.112
802.36,219.33,53.607,89.653
797.85,218.64,53.479,89.439
794.14,218.81,53.577,89.602
788.47,218.69,53.833,90.031
784.76,219.63,53.97,90.26
778.29,219.64,54.177,90.606
773.49,221.76,53.894,90.133
768.17,222.66,53.375,89.265
762.92,222.38,53.489,89.457
759.04,222.72,53.628,89.688
753.09,222.08,52.843,88.375
748.84,221.53,53.334,89.197
744.2,220.97,52.811,88.322
740.87,221.3,52.621,88.004
736.71,221.02,52.488,87.782
732.19,221.87,52.679,88.102
728.3,222.11,52.261,87.402
724.34,223.17,51.924,86.838
720.33,224.25,51.293,85.784
716.8,225.18,51.102,85.464
711.48,225.63,50.584,84.598
707.47,225.55,50.393,84.278
704.32,225.21,50.229,84.003
701.37,224.7,50.477,84.418
696.99,224.35,50.49,84.44
691.98,223.73,50.529,84.506
687.06,223.52,50.718,84.821
683.77,224.82,50.372,84.242
681.58,225.12,49.979,83.586
679.94,225.91,49.772,83.239
669.63,227.58,48.896,81.775
663.7,228.43,48.663,81.385
662.46,228.96,48.442,81.014
660.66,229.22,48.539,81.178
660.4,230.06,48.383,80.916
695.04,222.79,48.269,80.726
695.95,222.99,48.495,81.104
696.56,223.15,48.66,81.379
706.04,226.32,48.392,80.931
704.45,225.23,48.172,80.564
712.25,229.91,48.284,80.751
714.72,230.61,48.294,80.768
716.59,230.14,48.206,80.621
718.4,229.78,48.23,80.661
719.16,228.57,48.539,81.177
720.61,227.87,48.535,81.171
721.5,227.56,48.652,81.366
721.64,226.69,48.866,81.725
723.14,226.31,49.002,81.952
722.62,224.1,49.06,82.048
723.61,223.4,48.87,81.73
732.49,227.69,49.038,82.011
728.77,222.8,49.251,82.368
734.17,226.29,49.101,82.118
735.84,226.34,49.282,82.42
735.04,223.99,49.276,82.409
737.76,224.32,49.49,82.768
740.14,225.18,49.419,82.649
742.4,226.2,49.354,82.54
744.29,226.52,49.624,82.992
746.82,225.62,49.953,83.542
748.18,225.77,50.142,83.858
748.98,225.72,50.448,84.37
749.88,224.19,50.661,84.726
751.67,223.92,51.045,85.369
752.59,223.61,51.3,85.796
755.13,223.06,51.86,86.732
755.8,222.35,52.284,87.441
757.44,221.85,52.609,87.984
758.34,221.01,53.099,88.803
760.9,220.82,53.366,89.251
761.75,220.11,53.809,89.992
764.04,219.74,54.154,90.568
765.55,219.1,54.506,91.157
766.34,218.76,54.77,91.597
769.12,219.23,54.886,91.792
769.81,219.75,54.978,91.945
771.15,219.3,55.108,92.163
772.09,218.47,55.145,92.224
773.86,218.98,55.304,92.492
775.07,219.03,55.389,92.634
776.66,218.61,55.633,93.041
778.43,219.04,55.531,92.871
779.41,219.13,55.587,92.965
780.8,218.7,55.594,92.977
781.96,218.46,55.678,93.117
782.54,218.26,55.643,93.058
783.75,218.12,55.702,93.157
784.73,218.35,55.789,93.302
785.42,217.67,55.966,93.598
787.03,218.04,56.177,93.951
787.83,217.58,56.346,94.234
790.25,217.23,56.434,94.381
792.8,216.62,56.519,94.523
794.7,216.63,56.619,94.691
796.25,216.43,56.665,94.768
796.5,215.91,56.814,95.017
798.37,215.57,56.737,94.887
800.91,216.25,56.475,94.449
803.5,217.2,56.492,94.478
803.68,217.23,56.557,94.587
807.37,217.62,56.839,95.059
808.57,216.94,56.951,95.246
810.84,216.81,57.269,95.778
810.12,216.51,57.422,96.033
810.8,215.91,57.336,95.889
811.17,215.59,57.444,96.07
811.74,215,57.493,96.152
812.59,214.49,57.698,96.495
814.67,214.86,57.726,96.542
816.3,215.03,57.781,96.634
817.4,214.64,57.861,96.767
817.52,214.54,57.96,96.933
818.18,214.7,58.152,97.254
819.18,214.27,58.32,97.535
820.5,214.59,58.281,97.469
821.06,214.51,58.493,97.825
821.6,214.25,58.62,98.037
821.63,214.24,59.01,98.689
822.11,213.91,59.225,99.049
822.46,213.85,59.61,99.692
823.4,213.82,59.975,100.3
823.48,213.28,60.314,100.87
825.14,213.13,60.538,101.24
825.41,212.9,60.645,101.42
826.35,212.86,60.759,101.61
826.13,212.45,60.764,101.62
826.87,212.64,60.846,101.76
829.62,211.74,60.73,101.57
836.9,211.55,61.013,102.04
836.01,211.89,61.342,102.59
836.06,212.89,61.348,102.6
837.04,213.42,61.529,102.9
867.39,209.87,61.889,103.5
864.75,210.12,61.95,103.61
879.33,210.03,62.106,103.87
877.11,210,61.963,103.63
874.39,209.34,62.136,103.92
872.39,209.8,62.106,103.87
869.85,209.72,62.083,103.83
868.46,209.76,62.175,103.98
865.8,208.32,62.339,104.26
864.13,208.34,62.459,104.46
861.78,208.38,62.466,104.47
859.49,208.4,62.515,104.55
858.53,208,62.606,104.7
858.04,207.79,62.616,104.72
858.8,207.37,62.631,104.74
860.34,207.11,62.75,104.94
862.02,208.17,62.565,104.64
863.66,207.48,62.522,104.56
865.47,207.88,62.105,103.87
866.89,208.48,61.852,103.44
868.22,208.05,61.864,103.46
868.95,208.6,61.956,103.62
870.47,208.98,62.357,104.29
871.61,209.67,62.495,104.52
872.95,209.67,62.61,104.71
874.97,209.62,62.814,105.05
877.34,209.36,62.89,105.18
880,208.98,63.032,105.42
883.2,208.87,63.109,105.54
885.55,208.75,63.15,105.61
887.34,208.46,63.293,105.85
888.18,207.86,63.338,105.93
889.18,207.68,63.394,106.02
891.46,207.82,63.278,105.83
892.89,207.32,63.267,105.81
894.74,207.52,63.292,105.85
896.93,207.45,63.491,106.18
900.06,207.75,63.636,106.43
902.18,207.28,63.813,106.72
905.05,207.63,63.956,106.96
906.69,206.88,64.202,107.37
909.07,206.87,64.023,107.07
910.79,205.97,64.158,107.3
913.35,206.03,64.06,107.13
915.76,205.39,63.845,106.77
916.89,205.98,63.811,106.72
918.93,207.08,64.146,107.28
921.52,207.64,64.264,107.48
923.31,205.64,64.533,107.93
926.25,206.78,64.195,107.36
928.02,208.09,63.908,106.88
928.48,208.69,63.883,106.84
931.31,209.63,64.153,107.29
934.06,209.72,64.103,107.21
938.39,208.99,63.913,106.89
854.31,209,63.583,106.34
855.4,208.55,63.559,106.3
856.88,208.47,63.419,106.06
858.96,208.72,63.522,106.23
859.52,208.84,63.441,106.1
860.74,208.79,63.407,106.04
861.59,208.71,63.314,105.89
861.81,208.13,63.262,105.8
862.21,208,63.283,105.84
863.01,207.59,63.167,105.64
864.2,208.16,63.197,105.69
864.44,208.38,63.243,105.77
865.46,208.75,63.236,105.76
866.1,209,63.23,105.75
865.85,208.83,63.372,105.98
866.73,209.2,63.451,106.12
866.73,209.41,63.584,106.34
866.89,209.29,63.671,106.49
867.07,209.19,63.626,106.41
866.82,209.12,63.534,106.26
866.43,209.16,63.405,106.04
866.42,209.01,63.362,105.97
865.89,208.92,63.478,106.16
865.07,209.05,63.134,105.59
864.66,208.76,62.803,105.03
863.92,208.42,62.726,104.9
864.55,208.17,62.667,104.81
865.34,207.84,62.387,104.34
868.12,206.85,62.523,104.56
868.33,206.44,62.479,104.49
868.16,206.26,62.609,104.71
867.85,205.84,62.666,104.8
866.56,206.36,62.631,104.75
864.97,206.09,62.363,104.3
864.2,206.9,62.342,104.26
863.71,207.08,62.251,104.11
864.02,207.6,62.128,103.9
864.04,208.21,62.128,103.9
863.01,208.08,62.085,103.83
863.23,208.76,62.22,104.06
864.08,208.38,62.361,104.29
865.55,209.14,62.438,104.42
865.54,209.29,62.329,104.24
863.83,208.96,62.333,104.25
863.5,209.33,62.337,104.25
862.98,209.01,62.511,104.54
862.36,208.69,62.668,104.81
861.21,208.33,62.983,105.33
860.63,207.99,63.203,105.7
861.06,208.15,63.401,106.03
860.37,208.39,63.347,105.94
