393.5,281.5,223,185
401.55,291.98,224.6,186.33
399.78,292.34,223.91,185.76
396.99,289.68,224.65,186.37
374.12,290.34,224.24,186.03
355.84,289.61,222.76,184.8
354.45,289.81,221.28,183.57
353.3,289.63,220.69,183.08
351.99,289.4,219.14,181.8
350.61,289.66,218.71,181.45
348.53,289.27,218.12,180.95
346.98,288.55,217.54,180.47
345.72,287.94,217.07,180.08
344.13,287.24,216.12,179.29
342.64,286.81,216.56,179.66
340.96,286.2,216.37,179.5
339.8,285.73,215.81,179.04
337.82,284.59,215.22,178.55
336.76,284.16,215.74,178.97
335.59,283.6,214.83,178.23
334.69,283.22,214.04,177.56
333.71,283.13,213.52,177.14
332.69,282.61,213.81,177.38
331.95,282.16,212.26,176.09
331.64,282.48,211.71,175.63
330.63,281.89,211.77,175.69
329.97,281.28,211.28,175.28
329.93,281.34,211.46,175.43
329.61,281.22,212.07,175.93
329.13,280.76,211.43,175.4
329.06,280.72,211.53,175.48
328.45,280.57,211.41,175.38
328.01,280.45,211.48,175.45
327.4,279.94,212.22,176.06
327.91,280.02,211.64,175.58
327.51,279.79,211.81,175.72
327.55,279.65,211.16,175.18
327.27,279.69,211.47,175.43
327.25,279.67,211.53,175.49
327.31,279.5,211.72,175.65
327.04,279,211.79,175.7
326.66,278.56,212.31,176.13
327.52,278.89,212.28,176.1
327.31,278.98,212.25,176.08
327.24,278.88,212.25,176.09
327.08,278.78,212.49,176.28
327.31,278.41,212.77,176.51
326.81,277.72,212.45,176.25
327.18,278.05,212.61,176.38
327.47,278.2,212.65,176.41
327.11,277.89,212.91,176.63
326.41,277.2,213.26,176.92
326.92,277.36,213.33,176.98
327.22,277.45,213.18,176.85
327.1,277.34,213.1,176.78
326.49,276.65,213.3,176.95
326.82,276.9,213.62,177.22
326.54,276.72,213.98,177.52
326.18,276.14,213.93,177.48
326.06,275.96,213.67,177.26
326.44,276.33,213.76,177.33
325.59,275.62,213.91,177.46
325.73,275.61,213.56,177.17
325.84,275.78,213.93,177.48
325.65,275.26,213.78,177.35
325.51,275.15,213.48,177.11
326.03,275.47,213.53,177.14
325.55,275.17,213.66,177.25
325.12,274.88,213.33,176.98
324.73,274.57,213.41,177.04
324.12,273.95,213.57,177.17
323.52,273.52,213.21,176.88
322.97,273.18,212.8,176.54
321.92,272.52,211.87,175.77
320.91,272.01,211.97,175.85
320.19,271.39,211.8,175.71
319.05,270.9,210.79,174.87
317.8,269.98,209.84,174.08
316.36,269.74,209.13,173.5
314.26,269.4,208.92,173.32
312.55,269.01,208.23,172.75
310.93,268.61,207.7,172.3
308.09,267.58,206.93,171.66
305.91,266.55,206.05,170.94
303.64,265.95,205.15,170.19
301.32,265.25,204.48,169.64
300.05,265.07,203.65,168.95
298.18,264.31,202.56,168.05
296.56,263.97,201.99,167.57
294.34,262.9,201.33,167.02
292.94,262.41,200.88,166.65
291.4,261.95,200.19,166.07
289.79,261.32,199.81,165.76
287.71,260.75,199.16,165.22
286.18,260.26,198.79,164.91
284.95,260.15,198.23,164.45
283.5,259.45,197.8,164.09
281.47,258.59,197.4,163.76
280.03,258.11,197.1,163.52
278.81,257.95,196.47,162.99
277.73,257.51,195.67,162.33
276.51,257.06,195.33,162.04
275.17,256.68,194.81,161.61
273.96,256.32,193.95,160.9
272.79,256.15,193.58,160.6
271.57,255.63,193.18,160.26
270.07,255.06,193.13,160.22
269.55,255.26,192.49,159.69
267.48,254.25,191.83,159.14
266.74,254.02,191.56,158.92
265.97,253.49,189.67,157.35
265.62,251.97,188.52,156.4
264.65,251.78,186.05,154.35
265.4,251.26,185.76,154.1
263.27,248.02,186.08,154.37
263.57,247.39,186.76,154.94
264.55,242.97,187.8,155.8
265.14,244.68,187.73,155.74
263.78,247.85,188.08,156.03
264.03,248.37,187.18,155.29
261.25,248.94,188.82,156.65
261.36,248.6,189.24,156.99
258.91,250.22,190.16,157.76
257.58,250.2,190.22,157.81
258.56,250.24,189.78,157.44
258.17,250.02,189.68,157.35
257.78,250.16,189.35,157.09
257.89,250.55,189.15,156.92
258.26,251.13,188.92,156.73
257.45,246.8,189.91,157.55
257.65,246.89,190.43,157.98
258.48,247.7,190.25,157.83
259.22,248.4,190.07,157.68
259.4,249.49,189.97,157.6
260.52,250.32,189.24,156.99
261.02,251,189.15,156.92
261.58,251.89,188.95,156.75
261.96,253.43,188.57,156.44
261.84,254.19,188.92,156.72
262.7,255.12,188.85,156.67
262.75,255.9,189.59,157.29
262.83,256.45,189.42,157.15
263.33,256.34,189.45,157.17
263.49,256,189.71,157.38
263.01,255.51,190.09,157.7
263.5,255.65,189.98,157.6
263.46,255.56,189.9,157.54
263.18,254.62,189.94,157.57
263.05,254.51,190.02,157.64
263.67,254.67,190.15,157.75
263.73,254.07,190.14,157.74
263.61,253.97,189.76,157.42
263.52,253.58,189.55,157.25
263.48,253.07,189.56,157.26
263.68,252.84,189.43,157.15
263.73,252.82,189.49,157.2
263.6,252.34,189.54,157.24
263.65,251.81,189.36,157.09
263.89,251.94,189.68,157.35
263.61,251.59,189.99,157.61
263.71,252.09,189.98,157.61
263.58,252.16,190.02,157.64
263.7,252.24,190.11,157.71
263.69,252.27,190.15,157.75
263.63,252.22,190.34,157.9
263.43,252.23,190.01,157.63
263.64,252.21,190.11,157.72
263.54,252.65,189.72,157.39
263.23,252.33,189.52,157.23
263.44,252.24,189.35,157.08
263.65,252.57,189.25,157
263.53,252.84,189.35,157.09
263.67,252.77,189.6,157.29
263.01,252.5,189.7,157.38
263.56,252.69,189.74,157.41
263.35,252.42,190.44,157.99
263.24,252.37,190.6,158.12
263.26,252.24,190.62,158.13
263.5,252.35,189.99,157.61
264.22,253.09,189.71,157.38
263.51,252.72,189.71,157.39
263.42,252.51,190.01,157.63
263.64,253.12,190.11,157.72
263.7,253,190.12,157.72
263.5,253.23,189.81,157.46
263.49,253.2,189.33,157.07
263.44,253.39,189.4,157.12
263.47,253.36,189.24,156.99
263.81,253.74,189.17,156.94
263.5,253.81,189.18,156.94
263.7,253.89,189.08,156.86
264.05,253.88,189.17,156.93
263.86,254.21,188.94,156.74
263.54,253.76,189.27,157.02
263.75,253.75,189.14,156.91
264.08,254.27,188.82,156.64
263.61,253.68,189.29,157.04
263.69,253.96,189.15,156.92
263.95,254.42,188.83,156.65
263.89,254.35,188.85,156.67
263.93,254.38,188.91,156.72
263.85,254.28,188.98,156.78
264.01,254.62,188.88,156.69
263.57,254.43,189.13,156.9
263.92,254.74,188.95,156.75
263.68,254.6,188.73,156.57
263.19,254.37,188.96,156.76
263.57,254.67,189.06,156.85
263.08,255.05,188.77,156.6
261.99,253.86,189.3,157.04
261.63,253.93,188.6,156.46
260.95,253.8,188.46,156.35
260.08,253.18,188.36,156.26
259.64,253.18,188.4,156.3
258.71,252.78,188.32,156.23
258.23,252.87,187.55,155.59
257.82,252.32,187.81,155.81
257.1,252.19,187.65,155.68
256.65,251.87,187.17,155.27
256.45,252.74,186.88,155.04
256.18,252.36,186.27,154.53
255.69,252.46,186.33,154.58
254.94,251.77,186.56,154.77
254.62,251.7,186.47,154.69
254.34,251.84,186.02,154.32
254.94,252.73,185.74,154.09
253.97,252.2,185.8,154.14
253.75,252.15,185.99,154.29
254.61,253.08,185.35,153.77
254.5,253.09,185.12,153.57
254.97,253.12,185.04,153.51
254.9,253.32,185.17,153.62
255.21,252.9,185.68,154.04
254.66,252.63,185.56,153.94
254.65,252.98,185.55,153.93
254.75,252.68,186.01,154.32
255.23,253.14,185.75,154.09
254.61,252.77,185.91,154.23
255,253.09,185.91,154.23
255.1,253.2,185.93,154.25
255.02,253.5,185.83,154.16
254.75,253.11,185.74,154.09
254.68,253.21,185.7,154.06
254.77,252.99,185.76,154.11
254.73,253.29,185.55,153.93
254.77,253.48,185.2,153.64
255.26,253.68,185.23,153.67
255.08,253.81,185.28,153.71
254.86,253.83,184.91,153.4
254.09,253.78,184.84,153.35
253.64,253.39,184.59,153.13
253.56,253.41,184.48,153.05
253.47,253.32,183.79,152.47
253.09,253.33,183.93,152.59
252.69,253.77,184.15,152.77
252.39,253.68,184.41,152.98
251.59,253.49,184.22,152.83
251.17,253.4,184.18,152.79
250.13,253.17,184.41,152.99
249.16,252.72,183.89,152.56
248.56,252.66,183.86,152.53
247.55,252.36,183.51,152.24
246.74,252.02,183.51,152.24
245.74,251.96,183.24,152.01
244.83,251.9,183.42,152.17
243.28,251.2,183.17,151.96
242.05,251.27,183.08,151.88
241.06,251.02,183.31,152.07
239.35,250.49,183.51,152.24
237.02,249.29,183.68,152.38
236.15,249.24,183.39,152.14
235.19,249.45,182.57,151.46
233.38,248.85,182.31,151.25
231.89,249.14,181.5,150.58
229.49,247.87,181.84,150.86
227.6,247.55,181.61,150.66
226.16,247.27,181.45,150.53
224.12,246.59,181.84,150.86
223.12,246.7,181.21,150.33
221.46,246.65,181.23,150.35
220.25,246.3,181.14,150.27
218.14,245.83,180.93,150.1
215.53,244.96,181.79,150.81
213.98,244.35,182.04,151.02
213.67,244.58,182.1,151.07
212.25,244.26,181.79,150.81
209.84,243.42,182.33,151.26
208.87,243.72,182.03,151.02
207.23,243.47,182.42,151.34
204.27,242.75,182.26,151.2
203.33,243.22,181.58,150.64
200.44,242.39,181.46,150.54
198.05,241.57,182.11,151.08
197.55,242.26,181.59,150.64
194.39,241.52,181.5,150.57
192.12,240.83,182,150.99
190.72,240.85,182.17,151.13
187.97,241.2,181.34,150.44
186.28,241.21,181.26,150.37
183.48,240.91,181.06,150.21
181.68,240.18,181.47,150.54
177.6,239.54,181.52,150.59
175.25,238.5,182.35,151.28
173,239.22,181.86,150.87
171.15,239.35,181.39,150.48
169.52,239.23,181.3,150.41
166.57,238.68,181.34,150.44
164.91,238.74,181.61,150.66
163.26,237.55,181.95,150.95
159.02,195.05,182.13,151.1
156.88,141.06,181.49,150.56
155.47,135.26,181.11,150.25
152.44,135.58,181.7,150.74
147.91,134.11,181.58,150.64
144.98,134.24,181.02,150.18
140.52,134.73,180.97,150.13
134.96,134.08,180.88,150.06
130.47,134.12,180.65,149.87
125.31,133.33,180.56,149.79
120.97,132.9,180.27,149.55
115.75,132.06,180.42,149.68
139.12,127.65,178.82,148.35
161.16,126.27,177.6,147.33
149.82,125.76,177.36,147.13
143.29,125.24,177.44,147.2
135.97,125.83,177.6,147.34
130.9,126.88,177.89,147.58
125.8,127.2,177.77,147.48
120.32,126.75,177.69,147.41
145.53,127.63,178.83,148.36
168.14,127.64,179.09,148.57
198.59,126.73,179.29,148.74
199.34,125.01,180.49,149.74
192.31,125.22,181.46,150.54
188.34,123.86,182.5,151.4
182.75,122.63,183.87,152.54
178.76,121.8,184.93,153.42
191.39,122.56,185.2,153.64
219.3,121.53,184.73,153.25
256.24,117.17,186.07,154.36
292.67,121.29,186.12,154.4
302.72,120.6,186.25,154.51
293.45,119.69,187.02,155.15
288.22,119.65,186.12,154.41
280.32,118.36,187.49,155.54
271.96,117.21,188.6,156.46
264.72,116.66,189.23,156.98
257.02,116.44,189.34,157.08
249.02,115.16,189.77,157.43
242.15,114.48,190.38,157.94
234.47,115.91,190.42,157.97
228.45,118.34,189.36,157.09
222.78,120.13,188.41,156.31
257.56,117.16,188.7,156.55
290.06,115.75,188.83,156.65
320.56,117.71,187.51,155.56
342.06,120.11,186.9,155.05
338.9,120.24,187.01,155.15
329.67,120.39,186.71,154.9
324.27,120.79,185.71,154.06
320.42,121.04,186.16,154.44
314.74,120.64,186.32,154.57
311.24,120.8,186.78,154.95
305.21,119.72,187.19,155.29
302.38,120.35,186.16,154.44
298.93,120.38,186.2,154.47
295.7,120.31,186.15,154.43
292.96,119.47,187.4,155.47
289.54,119.43,187.24,155.33
286.87,118.92,187.55,155.59
282.36,118.19,188.75,156.59
279.31,118.44,188.25,156.17
275.92,118.63,188.17,156.11
272.2,118.5,188.66,156.51
267.67,117.53,189.56,157.26
265.4,117.01,189.82,157.47
261.79,117.33,190.43,157.98
258.54,118.22,189.26,157.01
255.22,117.67,190.01,157.64
252.16,116.61,191.06,158.5
250.69,115.95,191.92,159.22
248.23,116.33,191.79,159.11
246.69,116.19,191.53,158.9
244.46,115.36,192.07,159.34
243.25,114.77,193.66,160.66
241.34,114.52,193.93,160.88
239.68,114.16,194.07,161
238.1,114.07,194.38,161.25
236.49,114.28,194,160.95
235.29,114.18,194.8,161.6
233.52,114.62,194.38,161.26
233.03,114.79,194.37,161.25
231.93,115.6,193.22,160.3
230.16,115.98,192.9,160.03
229.39,116.01,192.84,159.98
228.13,117.35,190.93,158.4
226.33,118.19,190.65,158.16
223.96,117.87,190.81,158.3
221.54,118.16,191.12,158.55
219.29,117.98,191.69,159.03
217.21,118.96,189.63,157.32
212.66,119.89,188.52,156.4
208.99,117.21,188.69,156.54
207.58,112.25,189.31,157.06
198.73,113.84,188.89,156.71
195.09,110.92,187.38,155.45
189.06,114.98,186.19,154.46
185.59,112.57,184.03,152.67
180.8,114.98,182.59,151.48
169.78,113.73,182.89,151.72
158.11,120.46,184.1,152.73
186.28,119.71,186.64,154.84
214.63,117.76,188.09,156.04
241.56,122.52,185.49,153.89
276.72,123.01,188.39,156.29
273.75,121.78,184.11,152.74
275.67,124.8,183.28,152.05
280.68,125.38,180.54,149.77
282.56,127.55,179.78,149.14
206.71,117.1,181.9,150.9
209.92,116.45,181.94,150.93
226.97,116.26,180.86,150.04
242.46,114.85,181.26,150.37
259.29,114,181.08,150.22
273.11,113.2,180.43,149.69
288.23,112.9,178.15,147.79
300.77,112,177.46,147.22
287.66,110.86,176.57,146.48
268.8,109.56,175.76,145.81
252.12,109.02,174.44,144.71
228.2,106.87,173.03,143.54
205.61,105.36,172.8,143.35
187.66,104.5,171.8,142.53
172.94,103.06,169.93,140.98
153.04,101.96,169.83,140.89
144.22,100.59,168.97,140.18
156.57,100.21,168.92,140.14
175.44,98.202,168.67,139.92
202.51,94.254,167.85,139.25
221.62,92.317,167.43,138.9
238.17,88.94,166.86,138.43
224.65,87.356,167.08,138.61
212.75,85.57,167.01,138.55
198.47,83.44,166.74,138.33
186.27,82.044,166.61,138.22
176.15,79.774,166.36,138.01
163,77.873,165.69,137.45
148.7,76.402,163.98,136.04
138.3,74.404,162.75,135.02
129.83,72.05,160.98,133.54
119.92,71.214,159.07,131.96
111.84,69.853,157.16,130.38
100.94,69.175,155.94,129.36
93.097,68.468,154.92,128.52
83.607,67.002,154.13,127.86
73.52,65.226,153.11,127.02
66.926,64.063,151.41,125.61
58.633,62.815,150.07,124.5
53.753,62.012,147.85,122.66
