54.5,194.5,64,136
56.092,200.63,63.782,135.54
57.157,201.05,63.144,134.18
58.157,200.41,63.726,135.42
59.225,200.37,64.91,137.93
61.768,200.76,65.48,139.14
65.131,202.08,65.211,138.57
64.888,201.97,64.809,137.72
64.91,202.23,64.426,136.91
65.671,203.37,63.499,134.94
68.539,203.22,63.691,135.34
71.361,203.93,64.082,136.17
73.402,204.78,63.688,135.34
73.684,205.83,63.327,134.57
72.952,205.69,63.74,135.45
71.789,205.85,63.401,134.73
71.582,205.53,62.828,133.51
70.445,206.39,62.897,133.66
68.958,205.82,63.583,135.11
68.428,206.8,63.933,135.86
71.226,206.15,63.586,135.12
77.643,207.42,62.805,133.46
80.72,207.5,62.65,133.13
84.612,209.2,62.688,133.21
87.794,209.73,62.724,133.29
91.447,210.3,62.518,132.85
93.815,209.35,62.701,133.24
94.517,208.72,62.907,133.68
95.08,209.08,62.718,133.27
94.947,209.99,62.512,132.84
97.949,209.74,62.67,133.17
101.57,210.04,62.756,133.36
106.34,208.67,62.804,133.46
109.48,207.81,62.954,133.78
111.56,208.14,62.802,133.45
112.55,208.31,62.123,132.01
115.72,209.58,62.056,131.87
117.1,209.77,62.251,132.28
119.32,209.73,62.23,132.24
122.09,209.96,62.248,132.28
124.24,210.21,62.422,132.65
128.09,209.64,62.079,131.92
133.04,210.37,61.249,130.15
138.78,211.44,61.567,130.83
143.76,212.66,61.578,130.85
148.98,213.07,61.512,130.71
161.43,212.43,61.126,129.89
166.49,210.09,61.396,130.47
168.98,206.69,61.575,130.85
172.51,205.94,61.555,130.8
175.52,206.37,61.724,131.16
182,205.88,61.552,130.8
185.84,206.66,60.951,129.52
189.86,207.95,60.676,128.94
193.5,209.1,60.407,128.36
195.59,210.13,60.072,127.65
198.81,210.51,59.996,127.49
199.52,211.56,59.842,127.17
198.68,211.78,59.721,126.91
196.22,212.19,59.768,127.01
191.45,213.11,59.776,127.02
185.57,214.68,59.809,127.09
183.55,215.42,59.883,127.25
183.29,216.6,60.156,127.83
182.97,216.75,60.221,127.97
184.03,216.98,60.001,127.5
184,216.14,60.022,127.55
183.1,215.05,59.999,127.5
183.04,215.08,59.521,126.48
179.53,214.77,59.55,126.54
174.29,215.32,59.449,126.33
169.29,215.73,59.433,126.3
167.88,215.48,59.427,126.28
167.82,215.75,59.284,125.98
168.79,215.64,59.177,125.75
171.05,215.29,59.24,125.88
174.84,215.75,59.427,126.28
176.72,215.59,59.659,126.78
177.55,214.4,59.698,126.86
178.49,214.68,59.686,126.83
178.12,214.24,59.643,126.74
175.86,214.39,59.263,125.93
175.27,214.44,58.765,124.88
176.24,215.26,58.876,125.11
177.85,215.38,58.662,124.66
181.17,216.14,58.533,124.38
186.41,217.02,58.261,123.8
187.87,217.37,58.055,123.37
188.05,217.5,58.071,123.4
186.94,217.48,58.45,124.21
186.13,218.08,58.415,124.13
182.51,217.75,58.534,124.38
180.55,217.29,58.645,124.62
176.69,216.91,58.711,124.76
173.88,216.74,58.611,124.55
170.5,216.23,58.297,123.88
166.92,215.44,58.32,123.93
164.87,214.9,58.207,123.69
162.82,215.47,58.105,123.47
160.53,215.32,57.917,123.07
158.82,215.13,57.554,122.3
156.19,214.87,57.722,122.66
153.14,212.29,57.927,123.09
150.93,209.91,58.187,123.65
149.16,207.42,58.279,123.84
147.17,204.9,58.16,123.59
147.94,205.1,57.695,122.6
152.65,204,57.645,122.49
156.46,203.34,57.457,122.1
159.46,202.3,57.325,121.81
162.52,200.33,57.188,121.52
173.51,197.66,57.024,121.18
181.26,195.63,56.9,120.91
192.13,194.84,56.797,120.69
200.52,192.49,56.837,120.78
206.4,191.54,56.852,120.81
208.54,193.22,56.943,121
207.52,199.93,56.55,120.17
206.76,206.88,56.115,119.24
204.13,212.64,55.955,118.91
200.52,218.02,55.882,118.75
194.35,222.99,55.755,118.48
188.01,228.04,56.036,119.08
186.63,231.14,56.05,119.11
185.25,233.84,56.001,119
184.49,236.02,55.916,118.82
184.15,236.34,56.006,119.01
187.43,238.91,55.85,118.68
187.3,241.81,55.888,118.76
186.17,245.39,55.915,118.82
184.09,249.07,56.163,119.35
182.09,250.34,56.296,119.63
180.35,252.49,56.131,119.28
178.88,252.96,55.94,118.87
177.82,253.35,56.006,119.01
177.4,253.69,55.832,118.64
177.02,254.07,55.603,118.16
177.63,254.67,55.272,117.45
177.78,254.8,55.001,116.88
178.39,254.5,54.543,115.9
179.31,253.47,54.494,115.8
180.67,253.33,54.282,115.35
179.11,256.17,54.117,115
178.26,258.03,54.011,114.77
177.08,258.26,53.826,114.38
176.66,258.4,54.081,114.92
176.78,258.02,53.91,114.56
176.99,258.78,53.617,113.94
176.77,258.52,53.367,113.4
177.52,257.41,53.419,113.52
178.74,256.92,53.413,113.5
179,256.87,53.332,113.33
179.26,257.38,53.219,113.09
181.24,258.67,52.977,112.58
181.65,260.2,52.724,112.04
180.61,260.85,52.896,112.4
179.23,261.59,53.416,113.51
175.14,262.14,53.494,113.67
172.64,260.59,53.576,113.85
165.25,258.62,54.138,115.04
160.3,258.01,54.571,115.96
159.2,254.66,55.378,117.68
157.51,253.11,55.925,118.84
155.84,251.99,56.104,119.22
153.44,251.18,56.413,119.88
151.83,252.81,56.51,120.08
151.88,251.6,56.483,120.03
148.46,250.14,56.918,120.95
179.78,256.97,56.093,119.2
180.1,257.85,55.013,116.9
181.89,258.56,54.225,115.23
182.1,259.78,53.778,114.28
182.21,262.36,53.163,112.97
182.28,264.36,52.488,111.54
182.4,265.16,52.241,111.01
182.25,266.14,52.125,110.76
181.5,267.83,51.872,110.23
180.89,271.32,51.477,109.39
180.49,273.16,51.385,109.19
179.66,274.31,51.165,108.73
179.93,275.15,51.073,108.53
179.99,274.87,51.086,108.56
181.16,274.5,50.974,108.32
183.19,273.9,50.913,108.19
185.1,273.8,50.965,108.3
186.36,272.96,51.056,108.49
188.03,272.49,51.424,109.28
188.09,272.53,51.615,109.68
186.67,272.44,51.936,110.36
184.66,272.4,52.206,110.94
182.51,270.98,52.939,112.5
178.96,269.74,53.458,113.6
173.93,266.96,54.344,115.48
171.73,267.12,54.678,116.19
169.93,266.92,55.117,117.12
167.93,267.44,55.038,116.96
164.9,269,55.014,116.9
161.11,270.29,54.893,116.65
158.94,269.11,55.075,117.03
158.2,270.67,54.866,116.59
156.32,268.71,55.201,117.3
156.3,267.88,55.481,117.9
156.1,268.64,55.44,117.81
156.07,267.96,55.942,118.88
194.23,272.07,55.224,117.35
197,272.44,54.318,115.43
151.17,273.48,53.668,114.04
201.67,272.05,52.884,112.38
204.32,270.52,52.607,111.79
205.15,267.74,52.424,111.4
205.65,263.18,52.336,111.21
204.8,256.97,52.321,111.18
201.36,244.05,52.567,111.7
201.26,235.41,52.595,111.76
202.9,229.23,52.241,111.01
203.68,229.37,51.503,109.44
203.59,231.42,51.015,108.41
204.21,231.85,50.609,107.54
206.51,230.25,50.62,107.57
207.46,228.74,50.378,107.05
207.58,227.51,50.143,106.55
208.26,227.51,49.854,105.94
205.75,229.66,49.388,104.95
202.71,231.99,49.111,104.36
200.07,234.13,48.945,104.01
197.62,236.94,48.77,103.64
193.86,239.19,48.857,103.82
187.82,246.12,48.609,103.29
184.36,250.61,48.493,103.05
181.24,251.9,48.611,103.3
180.56,251.67,48.682,103.45
180.97,250.25,49.04,104.21
184.57,249.44,48.963,104.05
186.04,250.49,48.67,103.42
186.77,253.06,48.411,102.87
186.86,255.4,48.378,102.8
187.38,257.22,48.487,103.03
189.76,257.85,48.4,102.85
192.23,259.6,48.403,102.86
193.99,261.63,48.361,102.77
195.99,265.2,48.349,102.74
196.66,269.65,48.362,102.77
193.75,278.3,48.305,102.65
190.41,284.64,47.986,101.97
188.04,289.44,47.661,101.28
185.98,291.67,47.824,101.63
184.75,293.56,47.945,101.88
183.14,293.91,47.967,101.93
181.96,294.56,47.907,101.8
181.15,296.45,47.723,101.41
181.08,298,47.612,101.17
180.2,298.38,47.439,100.81
181.02,296.4,47.918,101.83
180.99,293.73,47.93,101.85
180.8,293.42,47.778,101.53
180.71,294.02,47.688,101.34
180.49,294.34,47.418,100.76
181.71,293.7,47.409,100.74
182.45,292.38,47.579,101.1
182.03,290.97,47.565,101.08
181.8,290.29,47.683,101.33
181.91,290.68,47.489,100.91
178.85,290.38,47.524,100.99
175.93,290.29,47.396,100.72
172.8,290.57,47.19,100.28
170.88,291,47.027,99.933
169.63,290.16,47.005,99.885
168.58,287.98,47.254,100.41
167.94,286.91,47.324,100.56
167.25,285.71,47.293,100.5
166.61,284.22,47.24,100.39
166.22,283.4,47.188,100.27
165.87,283.13,47.154,100.2
165.07,282.51,47.017,99.911
164.36,281.68,46.923,99.711
164.61,280.92,46.928,99.722
165.64,279.89,46.893,99.648
167.6,280.42,46.717,99.273
168.43,280.44,46.362,98.519
169.56,280.83,46.092,97.945
170.62,281.18,45.818,97.363
171.77,281.99,45.516,96.721
173.13,283.09,45.344,96.356
174.84,283.64,45.373,96.419
176.63,283.82,45.358,96.385
178.09,283.09,45.51,96.708
180.4,282.54,45.772,97.266
185.9,281.09,45.924,97.589
188.42,281.04,46.035,97.823
190.16,280.99,46.011,97.774
192.94,281.71,46.048,97.853
195.5,282.65,45.871,97.476
197.56,283.87,45.672,97.053
198.76,284.55,45.545,96.784
199.39,285.25,45.353,96.376
199.47,285.16,45.402,96.48
198.86,284.87,45.519,96.729
198.5,285.37,45.407,96.49
195.71,285.97,45.197,96.043
195.71,287.52,45.125,95.891
197.95,288.52,44.989,95.603
203.63,289.79,44.857,95.322
206.83,289.63,44.811,95.223
215.3,288.49,44.776,95.149
219.48,288.49,44.798,95.195
224.03,288.92,44.673,94.931
227.87,290.74,44.372,94.29
231.17,292.97,43.835,93.149
236.9,295.49,43.376,92.174
242.39,296.9,43.315,92.045
245.85,296.76,43.115,91.619
248.82,294.88,42.916,91.196
252.4,291.99,42.852,91.06
258.47,287.39,42.95,91.269
260.82,284.08,42.731,90.804
262.98,280.1,42.64,90.609
265.12,276.66,42.594,90.512
265.26,275.13,42.546,90.41
265.97,274.62,42.644,90.619
265.84,275.24,42.677,90.689
264.63,276.39,42.528,90.371
261.13,278.47,42.335,89.962
259.68,279.09,42.226,89.73
256.75,281.19,42.186,89.645
254.09,283.19,42.033,89.32
251.93,285.95,42.096,89.453
249.78,286.94,42.13,89.526
248.91,287.7,42.04,89.335
245.58,287.38,41.993,89.236
244.96,286.41,41.928,89.096
244.05,285.15,41.809,88.845
242.58,283.87,41.703,88.62
240.15,283.66,41.462,88.107
234.61,283.3,41.247,87.65
230.25,283.64,41.194,87.536
226.81,284.57,41.257,87.671
222.39,285.27,41.15,87.443
218.39,286.12,41.087,87.311
209.79,287.12,41.096,87.328
206.16,289.05,41.142,87.426
201.15,291.17,41.077,87.288
197.3,292.5,41.21,87.572
194.08,294.01,41.087,87.31
189.5,294.28,41.189,87.527
186.92,294.56,41.309,87.781
184.38,294.11,41.224,87.602
181.3,292.62,41.38,87.932
178.73,291.48,41.399,87.973
174.07,288.64,41.691,88.592
172.06,286.82,41.608,88.416
171.23,285.41,41.64,88.486
171.52,283.88,41.786,88.795
171.83,283.25,41.937,89.116
170.92,282.94,41.967,89.18
170.48,283.39,41.858,88.947
169.71,284.24,41.687,88.584
170.18,285.59,41.379,87.931
170.88,287.21,41.012,87.152
171.03,287.84,40.838,86.781
171.51,288.53,40.694,86.475
171.83,288.76,40.587,86.247
172.54,288.79,40.598,86.27
172.8,288.61,40.572,86.215
173.03,289.25,40.512,86.087
171.6,289.63,40.494,86.05
169.56,290.34,40.347,85.738
168.17,290.53,40.242,85.514
168.2,291.47,40.021,85.045
167.67,291.95,39.886,84.757
168.29,292.52,39.948,84.89
167.71,292.53,40.014,85.03
167.61,292.12,40.042,85.09
167.99,291.91,40.14,85.297
169.2,292.21,40.098,85.209
169.63,292,40.062,85.131
170.46,292.7,40.164,85.348
171.46,293.82,40.197,85.419
172.31,294.49,40.095,85.202
173.17,295.58,39.982,84.961
174.47,295.82,39.82,84.618
176.86,296.18,39.765,84.5
177.79,296.26,39.682,84.324
178.81,296.37,39.657,84.271
180.56,296.24,39.56,84.066
182.12,296.53,39.627,84.208
182.46,296.32,39.601,84.153
183.19,296.58,39.574,84.095
184.19,297.5,39.575,84.096
185.5,298.67,39.443,83.816
186.67,299.06,39.315,83.544
188.26,299.6,39.237,83.38
190.08,299.87,39.248,83.402
191.83,299.79,39.284,83.478
194.06,299.76,39.364,83.648
195.23,299.47,39.241,83.386
196.88,300.45,39.214,83.33
197.53,300.87,39.21,83.321
198.59,301.97,39.069,83.022
199.38,302.41,39.014,82.904
200.2,302.9,38.996,82.867
200.95,303.31,39.007,82.89
201.04,303.33,39.058,82.999
200.18,303.27,39.034,82.947
195.39,304.22,39.067,83.017
192.26,304.46,39.079,83.044
189.31,304.84,38.96,82.789
188.42,305.61,38.866,82.59
187.95,305.8,38.864,82.586
189.92,305.09,38.826,82.504
191.28,304.35,38.697,82.231
193.27,304.52,38.434,81.672
194.52,304.01,38.382,81.563
195.62,303.87,38.414,81.63
197.33,304.02,38.314,81.417
198.93,304.59,38.24,81.261
199.59,304.7,38.435,81.675
199.89,304.23,38.342,81.476
200.94,304.62,38.489,81.79
201,304.31,38.416,81.635
201.67,304.34,38.388,81.575
202.23,304.22,38.432,81.668
202.76,304.02,38.394,81.586
203.31,304.07,38.341,81.474
204.43,304.86,38.377,81.551
204.37,305.15,38.331,81.454
205.11,306.03,38.22,81.217
204.56,306.21,38.047,80.849
205.54,307.1,37.943,80.63
206.56,307.71,37.859,80.451
206.96,307.43,37.795,80.315
207.58,307.5,37.722,80.159
208.78,308.12,37.526,79.744
208.7,307.88,37.235,79.125
209.02,307.75,37.111,78.86
209.38,308.12,37.236,79.126
208.33,307.81,37.11,78.858
207.27,308.12,36.998,78.621
205.7,307.04,37.018,78.663
205.69,305.92,37.052,78.735
206.28,304.84,37.084,78.803
206.8,304.08,37.052,78.736
207.8,303.71,37.067,78.768
209.24,303.82,37.005,78.636
212.17,304.12,36.877,78.363
214.28,303.77,36.766,78.127
217.85,304.35,36.72,78.03
220.76,303.88,36.787,78.172
222.92,303.22,36.796,78.192
225.98,302.64,36.737,78.066
227.88,302.38,36.678,77.942
229.13,302.12,36.635,77.849
229.55,302.47,36.451,77.458
230.82,303.36,36.392,77.332
233.32,303.52,36.306,77.151
234.42,302.95,36.36,77.265
236,302.55,36.426,77.406
237.94,302.31,36.446,77.449
239.28,301.69,36.44,77.436
241.76,301.14,36.441,77.438
242.86,300.83,36.489,77.539
243.43,300.71,36.42,77.392
244.57,300.57,36.31,77.159
245.86,299.95,36.116,76.746
248.83,300.53,36.012,76.526
249.56,300.15,35.804,76.084
251.2,300.87,35.673,75.805
251.92,300.43,35.594,75.638
253.52,300.43,35.617,75.686
254.76,300,35.66,75.777
255.65,299.54,35.799,76.073
257.13,300.32,35.717,75.899
257.56,300.19,35.772,76.015
258.1,300.46,35.817,76.11
259.18,301.27,35.724,75.914
259.5,302.03,35.548,75.54
259.51,302.59,35.474,75.383
259.42,303.15,35.378,75.178
259.03,302.95,35.264,74.936
260.09,301.75,35.438,75.306
261.69,298.39,35.817,76.111
264.68,294.15,36.149,76.817
268.75,288.46,36.366,77.277
271.85,281.16,36.434,77.421
275.03,275.06,36.43,77.414
278.02,268.52,36.45,77.456
277.06,266.77,36.506,77.575
274.1,265.68,36.249,77.028
269.87,265.62,35.884,76.253
263.87,264.5,35.561,75.568
254.38,257.96,35.72,75.906
248.52,251.97,35.654,75.765
241.8,247.68,35.343,75.103
235.08,249.37,34.965,74.3
227.15,257.96,34.686,73.708
213.48,271.52,34.594,73.512
198.86,286.16,34.612,73.551
181.93,299.6,34.492,73.296
171.29,307.99,34.344,72.981
164.28,313.92,34.018,72.288
156.53,316.53,33.882,72
153.2,320.13,33.917,72.074
152.43,319.34,34.084,72.428
153.01,317.4,34.177,72.627
153.99,315.01,34.173,72.618
154.54,314.41,34.254,72.79
154.3,317.57,34.24,72.761
150.88,322.18,34.331,72.953
147.78,327.57,34.608,73.542
145.74,330.62,34.987,74.348
144.13,331.25,35.115,74.62
143.91,331.13,35.149,74.691
144.8,330.62,35.195,74.788
147.86,332.17,35.211,74.824
151.69,338.67,35.109,74.606
158.42,348,34.906,74.176
162.51,353.61,34.709,73.757
166.3,353.93,34.871,74.102
174.49,351.93,34.765,73.877
187.63,348.28,34.767,73.881
206.57,342.51,34.925,74.217
212.57,339.61,34.921,74.208
210.37,336.06,34.973,74.318
208.84,334.43,34.986,74.345
204.41,338.47,34.808,73.968
193.6,346.79,34.447,73.201
187.6,353.33,34.247,72.775
180.82,358.83,34.138,72.544
176.33,360.74,34.164,72.598
177.09,360.25,34.076,72.412
177.59,355.26,34,72.25
177.13,354.11,33.761,71.742
176.6,353.91,33.794,71.813
170.52,354.02,33.878,71.99
166.48,354.38,33.863,71.959
163.56,354.62,33.898,72.032
154.61,355.03,33.94,72.122
148.86,358.14,33.8,71.826
142.42,361.1,33.947,72.138
136.61,363.39,34.023,72.299
129.68,364.45,34.011,72.274
129.71,359.17,33.625,71.454
127.07,362.3,33.533,71.257
125.34,363.62,33.618,71.439
124.28,363.91,34.093,72.449
126.04,360.44,34.404,73.108
129.91,356.42,34.583,73.488
133.75,353.74,34.477,73.263
136.67,352.5,34.336,72.964
139.26,351.59,34.334,72.959
140.83,351.92,34.287,72.859
141.54,352.56,34.324,72.939
141.94,354.2,34.305,72.898
142.18,356.31,34.344,72.981
142.24,358.23,34.489,73.289
142.27,360.11,34.519,73.352
142.57,360.73,34.499,73.311
143.6,361.18,34.575,73.471
144.4,362.12,34.619,73.565
145.3,361.47,34.641,73.613
147.26,359.22,34.746,73.835
148.33,357.47,34.833,74.021
149.17,356.74,34.895,74.152
150.75,356.31,34.801,73.953
151.34,355.2,34.657,73.647
151.98,354.52,34.445,73.196
152.56,354.01,34.253,72.787
153,353.61,34.041,72.337
153.37,353.13,33.821,71.869
154.08,352.52,33.639,71.484
155.41,351.45,33.431,71.042
156.69,350.99,33.167,70.479
157.48,350.18,33.089,70.314
158.24,349.79,33.08,70.295
158.93,350.55,33.04,70.209
159.87,351.28,32.987,70.098
160.66,352.05,33.023,70.174
161.26,352.51,33.026,70.181
162.42,353.01,33.105,70.349
163.81,353.39,33.306,70.775
164.62,353.35,33.446,71.072
165.11,353.27,33.502,71.193
165.69,352.99,33.565,71.326
166.57,352.8,33.441,71.062
167.19,352.24,33.437,71.054
168.6,351.57,33.318,70.8
169.8,350.58,33.352,70.873
171.13,349.43,33.373,70.918
172.15,348.67,33.372,70.916
173.2,348.05,33.314,70.791
174.33,347.27,33.278,70.715
175.41,347.18,33.065,70.263
176.15,346.91,33.066,70.265
176.93,347.08,32.993,70.111
178.23,346.83,32.932,69.981
179.64,346.76,32.8,69.7
180.42,346.66,32.624,69.326
181.27,346.37,32.454,68.965
182.39,346.06,32.288,68.611
183.84,345.75,32.107,68.228
185.07,345.21,32.038,68.08
186.69,344.9,31.982,67.961
187.34,344.43,32.002,68.004
188.54,344.16,31.832,67.642
188.61,343.78,31.777,67.527
189.17,343.24,31.778,67.528
189.94,343.16,31.83,67.638
190.5,343.43,31.841,67.661
190.8,343.62,31.821,67.619
191.16,343.91,31.874,67.732
192.2,343.75,31.854,67.689
192.88,343.79,31.852,67.686
193.64,343.64,31.883,67.752
194.43,343.53,31.942,67.878
195.67,343.52,31.887,67.76
196.28,342.73,31.836,67.651
197.19,342.35,31.851,67.684
197.48,342.07,31.88,67.744
198.1,341.81,31.848,67.677
198.94,341.64,31.76,67.491
200.74,341.67,31.695,67.352
201.33,341.54,31.671,67.302
202,341.42,31.696,67.354
202.57,341.31,31.648,67.252
203.49,341.53,31.586,67.12
203.99,340.81,31.528,66.997
204.66,340.46,31.591,67.13
205.23,340.48,31.517,66.975
205.7,340.29,31.546,67.035
206.04,340.04,31.438,66.807
206.93,339.66,31.413,66.753
207.8,339.37,31.466,66.866
208.27,339,31.462,66.856
209,338.54,31.447,66.826
209.56,338.39,31.463,66.858
210.12,338.25,31.501,66.94
211.05,338.36,31.538,67.018
212.1,338.52,31.64,67.235
212.88,338.66,31.668,67.294
213.75,338.28,31.681,67.323
214.99,338.18,31.666,67.291
216.34,338.38,31.726,67.419
217.52,338.18,31.695,67.353
218.59,337.71,31.615,67.182
219.63,337.83,31.348,66.614
220.74,337.9,31.149,66.192
221.28,337.2,30.999,65.873
222.67,337.77,30.815,65.482
223.34,337.43,30.735,65.312
223.78,337.5,30.617,65.061
223.8,337.38,30.532,64.88
223.83,337.09,30.532,64.881
224.29,337.09,30.401,64.603
225.42,337.29,30.463,64.734
225.77,336.72,30.416,64.633
226.82,336.79,30.327,64.446
227.03,336.24,30.495,64.803
228.1,335.68,30.496,64.803
228.61,335.35,30.629,65.087
228.96,335.26,30.737,65.317
229.78,335.57,30.785,65.418
230.27,335.39,30.81,65.472
231.04,335.16,30.801,65.453
231.47,335.39,30.727,65.295
232.25,335.3,30.787,65.423
232.35,334.76,30.774,65.395
233.26,334.26,30.846,65.547
233.66,332.98,30.948,65.764
234.8,332.23,31.092,66.071
235.83,331.05,31.243,66.392
236.78,330.75,31.223,66.348
237.28,330.52,31.256,66.42
237.78,330.68,31.235,66.374
238.08,331.13,31.159,66.213
238.18,331.48,31.089,66.065
238.98,332.37,30.939,65.744
239.53,332.61,30.837,65.53
239.91,332.55,30.829,65.512
241.07,332.47,30.774,65.394
242.63,332.62,30.744,65.33
243.8,332.91,30.783,65.413
244.13,332.28,30.765,65.375
244.78,332.05,30.789,65.427
245.25,331.95,30.722,65.284
245.64,331.99,30.834,65.521
245.66,331.5,30.689,65.214
246.68,331.71,30.648,65.126
247.22,330.98,30.611,65.049
248.15,330.8,30.467,64.743
248.95,330.79,30.426,64.654
250.42,330.78,30.297,64.38
251.08,330.29,30.081,63.921
251.85,330.61,29.952,63.648
252.17,329.81,29.9,63.538
252.82,329.45,29.818,63.364
253.4,330.76,29.812,63.35
254.02,331.68,29.954,63.652
254.21,332.42,29.904,63.546
254.44,333.24,29.943,63.629
254.66,333.61,30.092,63.946
255.36,333.75,30.185,64.143
255.6,333.11,30.207,64.189
255.6,332.27,30.183,64.139
256.03,332.05,30.215,64.207
255.72,331.47,30.277,64.338
255.86,331.22,30.178,64.127
256.53,331.26,30.11,63.983
257.13,331.3,30.117,64
257.56,331,30.05,63.856
257.74,330.61,30.074,63.907
258.35,330.31,29.968,63.683
258.34,329.1,29.823,63.374
259.62,329.71,29.831,63.391
260.11,329.16,29.806,63.337
260.57,329.61,29.827,63.382
261.02,329.73,29.872,63.477
261.37,329.5,29.903,63.544
261.94,330.18,29.93,63.6
262.19,330.72,30.058,63.873
263.65,331.57,30.303,64.393
265.07,332.01,30.336,64.464
267.28,333.09,30.384,64.565
268.73,333.72,30.327,64.444
268.85,333.49,30.106,63.975
269.57,333.54,30.133,64.033
270.19,333.53,29.926,63.592
278.49,334.39,29.614,62.93
281.42,333.44,29.418,62.513
284.31,330.16,29.547,62.787
286.13,326.56,29.602,62.905
285.28,321.6,29.75,63.218
285.55,315.16,29.767,63.255
287.32,311.71,29.706,63.124
293.45,310.48,29.628,62.959
298.7,311.23,29.616,62.935
299.55,312.16,29.74,63.198
297.67,313.34,29.742,63.202
294.25,313.29,29.697,63.106
292.8,313.67,29.586,62.87
291.28,313.74,29.532,62.755
290.16,313.83,29.621,62.945
289.39,313.83,29.571,62.838
289.97,313.65,29.627,62.958
291.52,313.68,29.588,62.874
292.75,313.59,29.573,62.842
293.24,313.38,29.486,62.658
293.78,314.41,29.477,62.638
294.69,316.11,29.416,62.509
295.39,318.19,29.478,62.64
294.91,320.94,29.481,62.646
294.03,324.32,29.502,62.693
294.66,328.53,29.551,62.795
295.75,329.94,29.669,63.046
296.63,331.29,29.704,63.12
298.77,332.31,29.701,63.116
300.32,332.93,29.64,62.984
301.79,333.24,29.638,62.982
303.47,333.04,29.637,62.978
304.57,333.2,29.524,62.739
305.23,333.36,29.404,62.483
305.37,333.49,29.333,62.332
304.54,332.35,29.363,62.396
303.97,331.67,29.33,62.326
303.34,331.03,29.392,62.458
303.59,330.09,29.514,62.718
304.05,329.76,29.586,62.87
303.87,328.86,29.64,62.985
304.53,328.07,29.674,63.057
305.23,327.24,29.761,63.243
306.22,327.63,29.733,63.182
307.52,328.21,29.69,63.091
309.17,329.31,29.604,62.908
309.57,329.51,29.664,63.036
310.35,330.21,29.552,62.798
311.23,330.87,29.533,62.757
312.28,330.83,29.448,62.578
314.5,330.9,29.434,62.547
315.36,330.39,29.515,62.719
315.52,329.84,29.493,62.673
315.69,328.34,29.509,62.706
315.92,327.55,29.46,62.602
316.1,326.23,29.499,62.686
316.37,325.83,29.384,62.441
316.28,325.79,29.226,62.106
316.17,326.09,29.146,61.935
316.6,326.46,29.094,61.824
316.33,327.1,29.074,61.782
315.96,327.76,29.037,61.704
315.74,328.44,28.96,61.539
315.03,329.01,28.986,61.596
315.04,330.37,28.862,61.332
313.24,333.06,28.767,61.13
311.38,334.52,28.664,60.912
310.54,335.11,28.611,60.799
309.06,336.52,28.554,60.678
308.75,337.68,28.554,60.677
306.93,339.44,28.592,60.759
306.03,340.08,28.528,60.622
304.9,341.21,28.461,60.479
304.23,341.52,28.458,60.473
303.94,341.66,28.541,60.65
303.38,341.21,28.59,60.755
303.23,340.93,28.566,60.702
303.31,340.98,28.554,60.678
303.44,340.92,28.64,60.859
303.16,340.76,28.58,60.733
304.27,341.19,28.593,60.759
304.57,341.14,28.644,60.868
304.57,340.83,28.667,60.917
305.39,340.87,28.662,60.907
306.16,340.93,28.622,60.822
306.96,340.99,28.557,60.684
308.18,341.52,28.588,60.75
308.93,341.02,28.564,60.698
309.73,340.57,28.56,60.691
310.65,339.99,28.567,60.706
311.46,339.63,28.56,60.691
312.41,338.6,28.618,60.813
312.8,337.35,28.671,60.926
313.48,336.66,28.826,61.255
314.15,336.4,28.858,61.324
314.92,335.89,28.885,61.381
315.55,335.72,28.902,61.417
316.53,335.79,28.814,61.229
316.91,336.39,28.766,61.128
317.36,336.78,28.678,60.942
317.89,337.13,28.605,60.787
319.12,337.98,28.519,60.603
319.87,338.23,28.51,60.584
320.45,337.9,28.539,60.645
321.14,337.52,28.588,60.75
321.79,337.21,28.466,60.491
322.62,336.74,28.433,60.42
322.64,336.07,28.326,60.193
323.18,335.93,28.274,60.082
324.04,336.52,28.25,60.03
324.7,336.43,28.242,60.015
325.64,336.43,28.298,60.133
326.1,336.1,28.272,60.077
326.97,336.4,28.185,59.893
327.6,336.18,28.195,59.914
328.27,336.05,28.208,59.942
328.44,335.72,28.313,60.165
328.31,335.22,28.182,59.887
329.36,335.6,28.107,59.728
329.06,335.02,28.115,59.744
329.02,334.84,28.155,59.83
329.5,335.33,28.125,59.765
329.06,334.77,28.134,59.785
329.29,334.91,28.137,59.791
329.95,335.17,28.115,59.745
330.25,334.85,28.1,59.713
331.52,334.84,28.141,59.8
332.89,335.06,28.255,60.041
333.92,335.54,28.184,59.891
334.24,335.54,28.389,60.327
334.08,335.01,28.472,60.503
334.93,335.52,28.476,60.512
335.35,335.29,28.412,60.375
335.23,334.67,28.357,60.259
335.86,334.48,28.359,60.263
336.6,334.36,28.279,60.094
337.57,334.57,28.431,60.416
337.45,334.23,28.362,60.268
337.75,334.33,28.345,60.233
338.01,334.52,28.395,60.339
338.34,334.78,28.281,60.097
339.27,335.09,28.349,60.242
339.35,334.54,28.348,60.24
339.76,334.34,28.397,60.343
340.16,334.31,28.325,60.19
340.5,334.13,28.362,60.269
340.95,333.74,28.413,60.378
341.36,333.62,28.347,60.236
341.55,333.49,28.445,60.445
341.76,333.39,28.527,60.619
342.63,333.56,28.581,60.734
342.82,333.14,28.671,60.925
343.16,332.52,28.566,60.702
344.25,333.04,28.48,60.519
344.97,333.22,28.422,60.397
345.2,333.18,28.308,60.154
345.49,333.66,28.312,60.164
346.29,334.08,28.259,60.051
347.7,334.67,28.346,60.235
348.01,334.09,28.143,59.804
349.1,334.27,28.121,59.757
349.4,334.06,28.044,59.594
349.87,333.97,28.03,59.564
349.92,334.04,28.049,59.604
349.94,333.94,28.108,59.729
350.17,333.92,28.121,59.756
350.08,334.03,28.149,59.817
350.45,334.14,28.223,59.973
351.06,334.29,28.245,60.02
351.54,334.09,28.195,59.915
351.88,333.97,28.302,60.142
352.1,333.42,28.376,60.299
351.98,333.42,28.066,59.641
352.1,333.49,27.944,59.382
353.17,333.76,28.087,59.684
353.13,333.33,28.04,59.585
353.32,333.56,27.967,59.43
354.23,334.1,28.068,59.645
354.53,333.31,28.099,59.711
354.5,332.83,28.117,59.748
354.85,332.62,28.082,59.675
355.1,332.59,28.037,59.579
354.92,332.51,28.301,60.14
355,332.4,28.439,60.433
354.5,332.46,28.234,59.997
354.93,332.55,28.456,60.469
354.78,332.32,28.601,60.777
355.27,332.63,28.592,60.757
355.27,332.94,28.502,60.567
355.27,333.54,28.519,60.602
355.72,333.98,28.422,60.396
355.33,334.19,28.324,60.189
355.11,334.38,28.382,60.312
355.05,334.91,28.243,60.016
355.16,335.76,28.243,60.015
354.87,336.12,28.187,59.896
354.45,336.32,28.175,59.872
354.4,335.94,28.105,59.723
353.72,335.41,28.031,59.565
353.35,335.27,27.954,59.402
353.9,335.78,27.912,59.313
353.66,335.68,27.942,59.376
353.74,335.64,27.989,59.477
353.62,335.44,28.06,59.627
353.54,335.31,28.149,59.816
354.12,335.36,28.222,59.971
355.05,335.45,28.254,60.04
355.22,335.38,28.25,60.031
355.6,335.36,28.269,60.071
356.19,335.23,28.264,60.061
356.85,335.05,28.382,60.312
356.96,334.51,28.354,60.253
357.97,334.32,28.189,59.902
359.21,334.45,28.166,59.853
359.93,333.89,28.225,59.978
360.44,333.5,28.312,60.163
360.6,332.91,28.219,59.966
361.73,333.01,28.234,59.996
361.97,332.65,28.316,60.171
361.84,332.15,28.211,59.948
362.94,332.47,28.171,59.863
363.47,332.33,28.176,59.874
364.02,331.89,28.297,60.132
364.3,331.42,28.374,60.294
364.66,331.42,28.202,59.93
365.69,331.71,28.288,60.111
366.46,331.46,28.348,60.239
366.81,331.13,28.179,59.88
368.01,331.58,28.122,59.759
367.8,330.98,28.105,59.724
368.17,330.65,28.17,59.86
369.57,330.8,28.185,59.893
369.79,330.46,28.336,60.214
369.76,329.84,28.219,59.965
371.05,329.81,28.377,60.301
371.33,329.29,28.203,59.932
372.43,329.63,28.107,59.727
372.52,328.78,28.175,59.873
373.75,329.02,28.202,59.93
374.2,328.64,28.367,60.28
374.47,328.3,28.06,59.628
374.51,328.12,28.045,59.597
374.96,327.87,28.156,59.831
376.57,328.37,28.143,59.803
377.26,328.52,28.098,59.708
377.71,328.46,28.065,59.637
378.15,328.59,27.999,59.497
378.56,328.53,28.055,59.617
378.8,328.64,28.101,59.715
379.37,328.55,28.061,59.629
379.9,328.59,28.051,59.608
380.39,328.53,28.017,59.535
381.01,328.66,27.956,59.407
381.61,328.83,28.233,59.996
381.9,328.42,28.438,60.432
381.73,327.89,28.268,60.07
382.7,327.93,28.258,60.048
383.07,327.64,28.28,60.096
383.23,327.37,28.375,60.296
382.99,326.67,28.258,60.049
383.95,326.9,28.268,60.07
384.5,326.57,28.332,60.205
385.06,326.22,28.154,59.827
386.2,326.49,28.349,60.242
386.45,326.08,28.171,59.864
387.32,326.62,28.098,59.708
387.28,326.23,27.994,59.488
388.37,326.31,27.952,59.399
389.26,326.38,27.999,59.498
389.47,325.88,27.791,59.056
390.13,325.76,27.693,58.848
390.66,325.73,27.6,58.649
391.61,326,27.538,58.518
391.63,325.63,27.505,58.449
391.83,325.29,27.467,58.367
391.94,325.33,27.48,58.394
392.07,325.35,27.42,58.267
392.25,325.15,27.413,58.254
392.39,324.85,27.492,58.42
392.65,324.48,27.545,58.533
393.21,324.54,27.645,58.747
393.58,324.25,27.714,58.892
394.04,323.91,27.671,58.802
395.21,323.95,27.879,59.243
395.71,324.03,28.04,59.585
395.39,323.83,28.024,59.552
395.52,324.19,28.017,59.536
395.92,324.07,27.942,59.377
396.7,324.54,27.91,59.309
396.88,324.79,27.828,59.135
396.7,324.33,27.826,59.131
397.23,324.17,27.777,59.026
397.78,323.52,27.739,58.945
398.25,323.06,27.73,58.925
398.62,322.79,27.798,59.071
399.07,322.5,27.801,59.076
399.72,322.18,27.832,59.143
400.51,322.42,27.833,59.145
401,322.42,27.864,59.211
401.26,322.7,28.075,59.66
401.48,322.35,27.886,59.258
402.37,322.88,28.015,59.531
402.67,322.72,27.96,59.415
403.72,323.36,27.969,59.435
404.1,323.65,27.922,59.334
404.59,323.58,27.898,59.283
404.73,323.74,27.876,59.237
405,323.71,27.904,59.296
405.26,323.41,27.936,59.364
405.43,323.04,28.008,59.517
405.23,322.47,27.895,59.278
406.05,322.68,27.93,59.352
406.43,322.44,27.979,59.456
406.55,321.89,28.092,59.696
406.92,321.49,28.086,59.684
407.31,321.5,28.004,59.508
407.57,321.36,27.962,59.419
408.03,321.45,27.969,59.434
408.23,320.68,28.125,59.765
407.95,319.77,28.172,59.866
408.75,319.62,28.297,60.131
408.85,319.2,28.248,60.027
409.54,318.96,28.326,60.193
409.58,317.94,28.277,60.089
410.41,318.06,28.252,60.035
410.84,317.92,28.326,60.192
410.29,317.64,28.089,59.69
410.98,317.81,27.907,59.303
411.73,318.35,27.983,59.464
411.86,318.42,27.979,59.456
412.05,318.87,28.038,59.582
412.03,319.09,28.054,59.616
412.22,319.39,28.011,59.524
412.38,319.94,27.976,59.449
413.03,320.66,27.936,59.364
413.06,321.01,28.061,59.63
412.53,320.63,28.14,59.798
412.85,320.9,28.072,59.654
412.02,320.92,28.068,59.644
411.33,321.07,28.002,59.505
409.9,321.76,27.836,59.152
407.15,322.25,27.891,59.268
403.42,324.31,27.889,59.264
399.72,325.08,27.946,59.386
397.93,325.48,27.92,59.329
395.27,325.88,27.832,59.143
393.13,325.67,27.766,59.003
391.05,325.79,27.678,58.816
390.01,325.65,27.69,58.842
390.11,324.91,27.692,58.846
389.99,324.01,27.702,58.866
390.69,322.56,27.781,59.034
392.24,320.97,27.943,59.379
393.78,320.53,28.213,59.952
394.67,320.1,28.297,60.131
394.79,319.84,28.28,60.095
395.57,320.16,28.315,60.169
395.57,319.98,28.306,60.149
395.87,320.3,28.313,60.165
396.26,320.38,28.483,60.526
396.72,320.92,28.525,60.617
396.76,320.79,28.607,60.79
397.17,320.61,28.691,60.967
396.54,320.12,28.506,60.575
397.26,319.98,28.73,61.05
396.85,319.28,28.606,60.788
397.37,319.19,28.681,60.947
396.78,318.06,28.678,60.942
396.8,317.08,28.697,60.98
397.35,316.53,28.637,60.854
398.36,315.89,28.499,60.56
399.31,315.19,28.533,60.633
399.77,314.67,28.544,60.657
400.1,314.25,28.4,60.351
399.71,313.42,28.457,60.471
400.03,313.38,28.564,60.698
399.99,313.33,28.537,60.642
400.06,313.38,28.451,60.457
399.41,313.04,28.323,60.187
399.71,313.2,28.149,59.817
399.86,313.68,28.057,59.62
399.95,313.77,27.972,59.441
400.36,314.03,28.139,59.794
400.17,313.93,28.157,59.834
400.58,314.07,28.267,60.067
400.59,314.06,28.337,60.216
400.01,313.55,28.308,60.155
400.32,313.67,28.058,59.623
400.41,313.51,28.295,60.126
400.83,314.05,28.301,60.139
400.87,314.48,28.178,59.877
401.24,314.58,28.405,60.36
400.96,314.49,28.096,59.704
401.29,314.69,27.911,59.31
401.71,314.71,28.297,60.132
401.44,314.33,28.511,60.585
401.79,314.66,28.519,60.602
402.13,314.57,28.507,60.578
402.46,314.44,28.592,60.758
402.89,314.64,28.501,60.564
403.25,314.69,28.475,60.509
403.35,314.75,28.451,60.458
403.02,314.32,28.475,60.509
403.63,314.76,28.471,60.5
403.66,314.97,28.458,60.473
403.61,314.79,28.556,60.681
403.52,314.51,28.571,60.712
403.39,314.31,28.597,60.77
403.27,314.29,28.623,60.824
403.06,314.46,28.107,59.727
402.88,314.67,27.961,59.417
403,315,28.236,60.002
402.87,315.17,28.268,60.07
402.81,315.18,28.296,60.128
402.53,314.88,28.343,60.228
402.1,314.66,28.332,60.205
401.97,314.58,28.349,60.241
401.78,314.53,28.402,60.354
401.74,314.59,28.391,60.332
401.81,314.64,28.35,60.243
401.76,314.61,28.373,60.292
401.79,314.61,28.364,60.273
401.72,314.48,28.428,60.41
401.7,314.37,28.491,60.543
402.34,314.75,28.552,60.672
402.49,315,28.48,60.52
402.62,314.94,28.529,60.623
402.66,314.93,28.517,60.598
402.65,314.85,28.556,60.682
402.62,314.73,28.545,60.658
402.6,314.46,28.648,60.878
402.54,314.18,28.222,59.973
403.1,314.25,28.387,60.322
402.66,313.52,28.409,60.37
402.75,313.22,28.502,60.566
403.27,313.28,28.652,60.885
403.23,313.42,28.083,59.677
403.3,313.43,27.984,59.467
403.7,313.57,28.14,59.798
403.68,313.34,28.421,60.395
403.58,313.62,28.107,59.727
403.32,313.35,28.394,60.337
403.4,313.7,27.971,59.438
403.55,313.55,28.483,60.526
403.41,313.45,28.563,60.697
403.27,313.19,28.669,60.921
402.86,313.1,28.252,60.034
402.99,313.14,28.611,60.797
402.66,313.01,28.292,60.121
403,313.5,28.218,59.964
402.95,313.39,28.251,60.034
402.85,313.15,28.562,60.694
402.95,313.33,28.601,60.778
403.01,313.45,28.53,60.627
402.98,313.52,28.484,60.528
403.21,313.63,28.487,60.534
403.4,313.67,28.453,60.463
403.21,313.61,28.491,60.544
403.89,314.42,28.286,60.108
403.97,314.27,28.663,60.908
403.96,314.18,28.32,60.181
403.75,314.32,28.465,60.488
404.73,314.7,28.462,60.482
404.83,314.91,28.418,60.387
404.44,314.78,28.341,60.225
404.07,314.69,28.275,60.084
404.13,315.48,28.167,59.855
403.96,315.35,28.374,60.295
403.42,315.03,28.206,59.937
403.51,315.36,28.181,59.884
403.42,315.6,28.124,59.763
403.09,314.95,28.124,59.764
403.09,314.76,28.133,59.783
402.66,314.61,28.211,59.948
402.92,314.9,28.269,60.072
402.87,314.68,28.309,60.158
402.53,314.24,28.137,59.791
402.97,314.45,28.054,59.616
403.22,314.04,28.017,59.537
403.46,313.79,28.085,59.68
403.56,313.91,28.046,59.599
403.44,313.95,28.128,59.772
403.45,314.2,28.019,59.54
403.71,314.5,27.986,59.471
404.12,314.77,28.194,59.912
404.59,314.9,28.358,60.262
404.12,314.42,28.328,60.197
404.22,314.51,28.358,60.26
404.52,314.82,28.307,60.152
404.71,315.07,28.206,59.938
405.26,315.52,28.436,60.426
405.15,315.54,28.16,59.841
405.58,316.06,28.33,60.201
405.02,315.66,28.355,60.255
404.6,315.52,28.138,59.794
404.25,315.61,28.109,59.732
403.34,314.86,28.156,59.832
403.35,314.74,28.472,60.503
403.32,313.98,28.527,60.62
404.18,312.99,28.754,61.102
405.12,312.36,28.572,60.716
407.79,313.28,28.306,60.151
409.99,314.5,28.226,59.98
414.96,318.65,28.26,60.053
416.35,322.18,28.261,60.055
416.53,324.8,28.328,60.197
415.47,327.49,28.15,59.819
412.47,330.58,28.055,59.617
406.64,332.65,28.212,59.951
405.46,332.17,28.302,60.141
402.76,329.09,28.26,60.052
401.26,325.82,28.394,60.337
399.6,322.32,28.453,60.462
400.37,315.22,28.44,60.435
401.36,311.91,28.195,59.914
404.14,309.62,28.08,59.671
406.79,306.42,28.103,59.719
