138.5,340.5,33,74
145,339.32,32.877,73.724
148.44,337.17,33.263,74.59
152.55,337.99,33.419,74.939
155.31,338.86,33.956,76.145
159.63,340.25,33.846,75.897
164.06,342.04,32.668,73.256
166.7,340.75,32.605,73.113
172.47,339.97,33.039,74.088
178.1,340.72,32.77,73.484
181.83,340.03,32.83,73.618
185.67,340.25,32.526,72.936
190.42,340.89,32.994,73.987
196.61,344.28,33.429,74.963
200.01,347.51,33.174,74.391
203.97,350.48,33.336,74.753
207.32,350.34,33.684,75.534
212.37,349.07,33.897,76.013
218.23,348.38,33.926,76.076
222.61,347.72,34.45,77.253
228.17,349.13,34.12,76.512
232.68,349.63,34.074,76.409
237.6,351.25,33.865,75.939
243.58,354.21,34.39,77.116
248.42,356.08,34.266,76.84
252.81,356.26,34.475,77.307
257.37,355.01,34.508,77.381
262.32,353.21,34.899,78.257
270.84,352.9,34.843,78.133
276.48,353.57,34.899,78.258
281.16,355.85,34.711,77.837
286.03,356.27,34.732,77.883
290.91,357.04,34.86,78.17
298.31,359.71,35.23,79
302.44,359.09,35.513,79.636
308.27,357.57,35.447,79.488
313.85,354.89,35.542,79.701
320.98,353.35,35.79,80.255
326.93,353.03,35.899,80.502
334.68,353.56,36.118,80.991
340.95,354.09,36.238,81.262
347.86,356,36.367,81.55
354.06,356.96,36.518,81.889
360.29,355.47,36.984,82.934
370.88,351.7,37.337,83.725
378.52,349.06,37.347,83.747
386.7,347.52,37.065,83.117
393.06,347.51,36.875,82.69
400.63,346.63,36.903,82.752
408.52,351.08,37.181,83.376
415.04,352.51,37.061,83.107
422.22,354.37,37.16,83.328
428.54,352.79,37.564,84.234
437.92,352.02,37.426,83.925
445.34,351.35,37.664,84.459
453.23,351.92,37.836,84.844
460.41,354.23,37.606,84.329
469.65,355.76,38.01,85.235
481.07,357.78,38.115,85.47
487.92,361.18,38.059,85.343
495.01,363.23,37.929,85.053
501.93,364.03,37.744,84.638
509.83,363.72,37.588,84.287
520.1,362.5,37.38,83.822
527.45,362.35,37.545,84.192
534.45,363.61,37.604,84.324
542.22,364.94,37.534,84.167
550.71,367.37,37.559,84.222
570.24,370.09,37.618,84.356
575.44,373.15,37.912,85.014
580.7,372.45,38.137,85.52
588.09,371.01,38.364,86.027
598.43,371,38.506,86.346
608.96,370.91,38.585,86.523
618.62,372.48,38.604,86.565
627.56,374.57,38.821,87.054
633.35,378.32,38.882,87.191
642.67,383.13,38.852,87.122
652.37,386.55,38.463,86.251
661.46,385.64,38.548,86.441
672.03,385.1,38.8,87.006
682.16,384.03,38.714,86.814
691.89,382.59,38.572,86.494
700.39,381.95,38.557,86.462
710.95,383.67,38.484,86.298
721.04,385.1,38.819,87.05
730.56,386.36,39.053,87.574
737.42,386.24,39.249,88.013
746.61,384.29,39.362,88.266
759.03,384.61,39.285,88.095
769.54,383.15,39.416,88.388
779.01,383.08,39.433,88.425
788.16,384.45,39.575,88.744
797.79,386,39.761,89.161
816.13,383.24,39.889,89.448
823.82,383.96,40.061,89.833
830.34,385.04,40.056,89.821
836.92,383.95,40.398,90.589
847.21,381.73,40.655,91.167
857.67,378.69,40.559,90.951
866.18,376.4,40.568,90.97
875.46,374.62,40.52,90.864
886.52,374.54,40.639,91.129
896.93,375.7,40.9,91.715
