920.5,279.5,36,58
918.48,279.47,36.042,58.068
915.55,280.58,35.898,57.835
913.47,280.46,36.05,58.081
928.15,280.74,35.696,57.51
926.18,280.01,35.721,57.551
926.76,280.07,35.921,57.873
926.41,279.44,35.981,57.969
926.5,279.05,36.066,58.107
927.42,279.38,36.151,58.244
927.08,279.62,35.989,57.983
927.14,278.87,36.11,58.177
927.76,279.48,36.079,58.127
928,279.39,36.047,58.075
927.45,279.43,36.092,58.149
928.39,279.56,36.004,58.007
927.65,279.12,36.044,58.071
928.04,279.2,36.073,58.118
927.9,279.27,35.961,57.937
928.49,279.48,36.025,58.04
928.07,279.14,35.976,57.961
928.42,279.09,36.014,58.022
928.27,279.07,36.012,58.019
927.97,279.09,36.002,58.003
929.5,279.5,36.005,58.007
928.77,278.96,36.024,58.039
929.33,278.69,35.981,57.97
928.69,278.72,36.045,58.072
928.92,278.97,35.974,57.959
929.51,279.52,35.98,57.968
928.73,279.04,35.936,57.897
928.73,278.95,35.887,57.817
929.38,279.13,35.834,57.733
929.55,279.32,35.851,57.76
930.56,279.6,35.873,57.796
929.36,279.26,35.929,57.886
929.03,279,35.975,57.96
929.01,278.74,36.028,58.045
928.96,278.84,35.993,57.989
929.53,279.55,35.943,57.908
928.89,279.01,35.974,57.958
929.13,278.66,35.982,57.971
929.14,278.77,36.006,58.01
929.06,278.76,35.931,57.889
929.54,279.56,35.925,57.879
929.19,278.97,35.912,57.859
929.13,278.87,35.865,57.783
929.4,279.19,35.871,57.793
929.4,279.36,35.87,57.791
929.57,279.61,35.862,57.778
929.27,279.35,35.839,57.74
929.49,279.4,35.865,57.783
929.41,279.25,35.937,57.899
929,278.96,35.993,57.988
929.5,279.51,35.994,57.99
928.95,278.96,35.988,57.98
928.93,278.86,35.983,57.972
928.86,278.92,36.002,58.003
928.95,279,35.959,57.933
929.5,279.51,35.993,57.988
929.01,279.07,36.042,58.068
929.13,279.27,36.017,58.027
928.9,279.06,35.999,57.998
928.92,279.03,36.066,58.107
929.48,279.47,36.032,58.051
929.03,279.05,35.987,57.979
929.03,278.98,36.071,58.115
929.15,279.22,36.022,58.035
929.08,279.07,35.995,57.991
929.46,279.44,36.071,58.115
929.33,279.26,36.084,58.135
929.89,279.58,35.968,57.949
929.19,279.03,36.101,58.163
929.89,279.63,36.003,58.005
929.47,279.45,36.062,58.099
929.53,279.04,36.169,58.272
930.11,279.48,36.045,58.072
929.57,279.15,36.155,58.25
930.03,279.54,36.062,58.099
930.41,279.36,36.171,58.275
930.02,279.28,36.255,58.411
930,279.05,36.246,58.396
929.95,279.15,36.238,58.384
929.85,279.14,36.237,58.382
930.37,279.78,36.268,58.431
929.43,278.8,36.263,58.424
929.68,279.18,36.291,58.468
929.36,278.82,36.298,58.481
929.47,278.77,36.306,58.492
930.37,279.29,36.263,58.423
929.93,279.19,36.229,58.368
929.96,279.19,36.223,58.359
930.03,279.18,36.2,58.321
930.03,279.42,36.178,58.286
930.42,279.87,36.159,58.255
929.94,279.56,36.137,58.221
930.07,279.3,36.241,58.388
929.95,279.22,36.229,58.369
929.87,279.2,36.257,58.415
930.37,279.78,36.267,58.431
929.36,278.92,36.298,58.48
929.37,278.88,36.318,58.512
929.33,278.91,36.318,58.512
929.37,278.84,36.361,58.581
929.79,279.16,36.421,58.679
929.47,278.91,36.451,58.727
929.2,278.91,36.543,58.875
929.92,279.43,36.43,58.692
929.44,279.02,36.484,58.78
930.31,279.69,36.389,58.627
929.2,278.91,36.451,58.727
929.25,279.02,36.44,58.709
929.29,279.11,36.41,58.661
929.19,279.08,36.433,58.697
929.31,279.69,36.38,58.612
928.71,279.02,36.428,58.689
928.98,279.03,36.478,58.77
929.37,279.55,36.156,58.251
929.13,279.56,36.178,58.287
929.4,279.84,36.193,58.312
928.86,279.51,36.22,58.354
928.75,279.19,36.203,58.328
928.74,279.39,36.178,58.286
928.53,279.35,36.209,58.336
929.42,279.87,36.163,58.262
928.54,279.35,36.178,58.287
928.62,279.26,36.176,58.283
928.66,279.23,36.146,58.235
928.62,279.2,36.102,58.165
929.47,279.46,36.051,58.082
928.3,278.97,36.033,58.053
928.25,278.81,35.976,57.962
928.28,278.69,36.015,58.025
928.26,278.76,35.98,57.968
928.49,279.48,36.025,58.04
928.19,278.69,36.047,58.076
928.41,278.86,36.026,58.042
928.2,278.65,36.033,58.052
928.26,278.64,36.035,58.056
928.47,279.46,36.052,58.084
928.37,278.89,36.062,58.1
928.38,278.75,36.092,58.149
928.7,279.15,36.071,58.114
928.32,278.85,36.086,58.138
929.46,279.44,36.081,58.13
928.54,279.14,36.091,58.146
928.64,279.16,36.089,58.143
928.67,279.14,36.127,58.204
928.61,279.22,36.113,58.182
929.44,279.4,36.126,58.204
928.6,279.19,36.103,58.165
928.57,279.1,36.142,58.228
928.61,279.07,36.129,58.208
928.63,279.12,36.101,58.162
929.45,279.42,36.1,58.161
928.58,279.15,36.14,58.225
928.66,279.16,36.108,58.173
928.64,279.16,36.115,58.186
928.68,279.17,36.08,58.128
929.45,279.42,36.095,58.153
928.65,279.18,36.094,58.151
928.76,279.12,36.078,58.125
928.78,279.17,36.067,58.108
928.33,278.85,36.048,58.077
928.49,279.49,36.011,58.018
928.21,278.72,35.988,57.98
928.19,278.68,36.041,58.065
928.44,278.87,36.004,58.007
928.62,278.63,35.956,57.929
929.51,279.51,35.988,57.98
929.41,278.66,35.938,57.9
929.7,278.6,35.96,57.936
929.68,278.61,35.912,57.859
929.58,278.56,35.947,57.915
930.04,279.56,35.919,57.87
929.42,278.81,35.866,57.785
929.89,278.93,35.943,57.909
929.31,278.7,35.976,57.961
929.31,278.68,35.947,57.915
929.52,279.54,35.953,57.925
928.98,278.94,35.912,57.858
929.03,278.8,35.871,57.793
929.44,279.15,35.799,57.677
929.5,279.3,35.802,57.681
929.6,279.65,35.808,57.69
929.07,279.46,35.819,57.708
929.07,279.55,35.748,57.595
929.13,279.69,35.674,57.475
928.58,279.54,35.572,57.31
929.21,279.83,35.585,57.332
