193.5,191.5,28,53
194.4,192.99,27.673,52.381
197.17,192.74,27.776,52.575
198.08,192.31,27.845,52.706
200.36,192.21,28.085,53.16
202.92,192.82,28.046,53.086
205.06,193.89,28.008,53.015
207.35,195.79,27.818,52.656
209.27,197.66,27.722,52.474
211.96,198.43,27.544,52.136
214.42,198.51,27.201,51.488
215.64,198.56,27.335,51.741
215.36,198.34,27.754,52.534
215.43,197.99,28.134,53.253
218.1,198.73,28.336,53.635
223.05,200.93,28.548,54.037
224.64,203.47,28.099,53.188
226.39,203.27,28.21,53.397
229.01,202.76,28.069,53.131
231.47,202.01,28.203,53.385
236.41,202.29,28.313,53.593
237.84,202.05,29.069,55.023
240.14,202.33,29.168,55.211
242.37,201.79,29.456,55.756
244.38,201.67,29.748,56.31
249.61,202.77,29.658,56.139
251.81,203.17,29.395,55.64
254.18,200.94,29.694,56.206
257.9,200.59,29.513,55.864
260.51,199.63,29.536,55.908
265.8,200.19,29.751,56.314
269.22,201.24,29.561,55.955
271.09,201.76,29.774,56.357
273.93,202.73,29.934,56.661
276.3,202.83,29.794,56.396
281.13,201.2,29.807,56.42
283.62,200.04,29.813,56.431
286.92,199.53,29.865,56.53
289.5,199.21,29.961,56.711
292,200.02,29.64,56.105
296.47,201.83,29.834,56.471
300.47,203.59,29.847,56.496
303.98,204.1,29.812,56.431
307.51,204.21,29.685,56.189
310.42,203.99,29.668,56.157
316.64,203.05,29.694,56.206
319.69,203.06,29.604,56.036
322.53,202.91,29.649,56.122
326.29,204.03,29.871,56.542
329.23,205.03,29.867,56.534
333.68,205.91,29.96,56.711
336.17,205.34,29.935,56.663
339.72,204.69,29.888,56.573
342.58,203.67,30.082,56.941
344.36,202.79,30.076,56.929
348.39,203.06,29.914,56.624
350.26,204.29,29.682,56.184
351.91,205.42,29.861,56.522
353.48,206.36,29.721,56.259
355.32,206.4,29.836,56.476
360.06,205.64,29.864,56.528
363.03,204.45,29.917,56.628
366.21,204.19,29.798,56.404
369.84,204.59,29.784,56.377
373.19,206.13,29.814,56.434
379.2,208.89,29.735,56.284
381.58,209.91,29.775,56.359
383.85,210.71,29.994,56.774
385.08,209.55,29.941,56.675
387.28,208.88,29.835,56.473
390.77,208.03,29.923,56.641
391.35,207.44,29.94,56.672
391.78,207.84,29.898,56.593
392.03,209.22,30.001,56.788
392.62,210.85,29.869,56.537
394.67,212.67,29.903,56.602
395.67,212.93,29.976,56.741
397.29,212.53,30.147,57.065
398.16,211.72,30.196,57.157
399.76,211.3,30.22,57.202
403.14,212.99,30.089,56.954
403.82,214.79,30.152,57.073
404.13,216.53,30.26,57.278
404.9,218.7,30.635,57.987
408.12,219.94,30.607,57.935
412.7,219.44,30.642,58.001
414.89,218.64,30.811,58.321
416.96,217.84,30.698,58.108
419.46,218.14,30.616,57.951
421.76,219.62,30.767,58.237
424.96,221.76,30.563,57.851
428.58,223.38,30.448,57.634
432.2,223.6,30.594,57.91
436.11,223.22,30.941,58.567
440.44,222.08,30.926,58.539
445.53,220.47,31.117,58.899
448.69,220.18,31.31,59.265
450.15,220.01,31.511,59.647
451.77,220.11,31.669,59.945
453.25,220.65,32.027,60.622
452.4,220.29,31.759,60.114
453.22,218.77,31.913,60.407
453.69,216.08,32.06,60.685
454.07,212.58,32.107,60.774
454.98,210.79,32.055,60.675
455.87,209.75,32.126,60.811
455.71,209.95,32.347,61.227
456.75,210.69,32.436,61.397
458.94,211.54,32.729,61.952
461.86,211.77,32.772,62.033
466.31,210.73,32.844,62.17
467.76,210.38,32.707,61.91
468.56,210.18,32.744,61.979
468.79,211.72,32.699,61.894
467.95,212.79,32.81,62.106
465.7,216.55,32.734,61.96
462.4,219.38,32.575,61.66
459.97,221.24,32.42,61.366
459.18,221.39,32.271,61.084
459.4,219.95,31.995,60.561
456.7,220.23,31.637,59.883
454.04,221.94,31.461,59.551
449.9,224.82,31.457,59.543
450.04,226.84,31.473,59.573
452.92,228,31.655,59.919
448.1,228.84,31.938,60.454
454.49,228.57,32.182,60.916
465.72,226.76,32.385,61.3
470.65,224.66,32.372,61.275
471.39,223.85,32.449,61.422
474.42,224.85,32.74,61.972
478.79,224.43,33.058,62.573
484.01,225.58,33.446,63.309
489.01,225.15,33.683,63.756
494.6,226.52,33.751,63.886
503.61,229.77,34.036,64.426
509.25,230.31,34.43,65.171
514.63,232.82,34.618,65.527
520.02,235.32,34.888,66.039
525.85,235.59,35.031,66.308
530.27,233.37,35.06,66.364
527.85,232.61,35.015,66.279
529.68,232.36,35.036,66.318
530.21,231.8,35.046,66.338
529.87,231.22,35.249,66.722
528.67,233.27,35.171,66.573
528.9,236.11,35.212,66.651
532.26,238.91,35.081,66.404
535.01,241.49,35.028,66.303
540.17,244.32,34.93,66.118
542.28,247.63,34.799,65.87
543.01,249.46,34.587,65.467
542,250.08,34.323,64.969
540.33,248.84,33.927,64.218
538.8,248.99,33.747,63.878
536.98,248.97,33.777,63.934
537.08,248.64,33.873,64.118
539.2,248.69,33.95,64.262
541.7,248.58,34.119,64.583
543.32,247.38,34.129,64.602
546.93,245.06,34.091,64.529
550.32,242.3,34.106,64.558
551.85,238.77,34.068,64.486
549.24,236.66,34.154,64.649
546.68,234.11,34.32,64.962
542.18,232.54,34.264,64.858
541.8,232.12,34.273,64.873
540.57,232.2,34.273,64.875
540.07,231.85,34.127,64.597
540.28,229.99,34.036,64.425
541.76,227.22,34.012,64.38
542.57,225.91,33.975,64.309
543.4,225.33,33.793,63.965
544.22,225.36,33.604,63.608
544.1,225.65,33.467,63.348
542.93,226.72,33.497,63.405
543.48,226.8,33.592,63.586
544.28,225.68,33.39,63.203
542.75,224.97,33.096,62.646
541.25,224.11,32.928,62.328
536.51,222.27,32.924,62.321
536.03,221.85,32.976,62.419
536.73,222.26,33.183,62.81
537.83,222.54,33.465,63.345
538.03,222.5,33.584,63.569
538.23,221.95,33.609,63.616
539.16,219.6,33.292,63.018
539.26,219.14,32.99,62.445
537.25,218.65,32.771,62.032
535.04,219.34,32.551,61.615
532.76,221.39,32.56,61.631
532.02,224.48,32.902,62.279
532.63,225.95,33.002,62.469
536.37,227.73,33.061,62.58
538.8,228.69,33.037,62.534
539.36,228.96,32.979,62.424
539.79,228.76,32.946,62.362
539.03,229.6,33.029,62.519
538.45,231.03,33.143,62.736
536.19,233.33,33.266,62.968
534.39,234.77,33.369,63.162
531.12,234.32,33.445,63.307
528.15,232.52,33.461,63.337
524.68,231.38,33.239,62.916
519.67,230.78,33.268,62.972
513.57,230.85,33.199,62.84
507.93,231.51,33.33,63.088
505.06,232.93,33.415,63.249
503.71,233.33,33.368,63.161
503.74,233.49,33.345,63.116
500.78,231.58,33.222,62.885
498.22,227.84,33.026,62.514
497.97,225.38,32.753,61.997
497.01,224.25,32.614,61.733
496.18,222.96,32.465,61.452
494.73,222.68,32.309,61.156
493.47,221.44,32.174,60.901
494.05,221.95,31.931,60.441
492.58,225.04,32.119,60.797
495.35,220.12,32.077,60.717
497.49,215.58,32.053,60.673
496.06,209.94,32.121,60.8
497.21,208.38,32.01,60.59
499.75,208.38,32.168,60.889
504.96,209.44,32.227,61.002
503.18,216.94,32.423,61.372
512.14,216.83,32.714,61.922
518.39,214.72,33.003,62.47
525.8,213.93,33.36,63.147
531.32,215.36,33.384,63.192
536.56,216.7,33.378,63.18
543.52,219.63,33.678,63.748
548.64,220.61,34.025,64.404
553.09,220.17,34.169,64.677
555.79,218.22,34.29,64.905
557.02,216.55,34.432,65.175
562.01,215.71,34.672,65.629
565.38,215.24,34.931,66.119
569.28,214.41,35.385,66.979
573.72,214.75,35.801,67.766
576.06,212.91,35.99,68.124
582.13,217.82,36.203,68.527
585.38,218.73,36.162,68.449
589.57,219.02,36.123,68.375
592.66,217.79,36.151,68.429
594.94,216.42,36.303,68.715
599.31,215.25,36.317,68.744
602.21,214.59,36.391,68.883
605.65,214.37,36.252,68.62
607.49,213.37,36.242,68.6
611.02,211.61,36.187,68.497
615.02,206.45,35.992,68.128
617.16,204.24,35.725,67.623
619.36,202.06,35.798,67.761
622.94,203.24,35.739,67.649
628.89,205.76,35.754,67.676
622.1,207.69,35.403,67.012
625.92,209.39,35.062,66.367
632.11,212.45,34.966,66.186
635.82,213.52,34.697,65.676
641.13,213.24,34.62,65.53
641.15,205.73,34.479,65.265
642.67,205.21,34.382,65.08
641.34,202.31,34.285,64.896
640.1,200.51,34.256,64.843
639.53,199.64,34.2,64.735
641.57,199.38,34.142,64.626
644.84,198.91,33.864,64.101
647.48,198.05,33.587,63.576
649.63,196.16,33.161,62.768
652.74,196.96,32.943,62.356
656.12,196.56,32.593,61.694
659.2,197.91,32.513,61.542
663.07,199.89,32.354,61.242
667.18,202.28,32.287,61.114
669.75,202.26,32.249,61.043
672.6,200.72,32.17,60.893
673.23,199.17,32.167,60.888
671.78,196.87,32.081,60.726
669.61,194.7,31.948,60.473
669.13,193.21,31.865,60.316
669.04,190.21,31.829,60.247
669.32,189.1,31.882,60.348
670.29,188.44,31.918,60.416
671.98,187.91,31.684,59.973
674.25,186.68,31.599,59.813
678.14,185.21,31.528,59.679
680.6,184.75,31.517,59.657
683.62,184.72,31.528,59.678
687.26,185.36,31.429,59.491
690.91,186.31,31.35,59.341
696.44,188.57,31.279,59.207
699.89,189.34,31.136,58.935
702.36,190.32,31.046,58.765
705.56,189.9,30.934,58.553
707.42,188.21,30.987,58.655
711.73,188.55,30.98,58.641
713.55,188.63,30.983,58.647
716.37,190.26,31.006,58.69
719.07,191.78,31.012,58.702
720.75,192.73,30.874,58.44
723.22,192.57,30.665,58.045
724.71,192.33,30.523,57.776
725.93,191.95,30.555,57.837
728.51,190.78,30.575,57.875
730.77,190.05,30.524,57.778
735.08,190.61,30.505,57.741
736.72,191.1,30.57,57.865
738.9,191.84,30.598,57.918
741.12,192,30.482,57.698
743.77,191.64,30.393,57.529
746.84,188.99,30.221,57.205
747.33,187.07,29.941,56.674
748.59,185.71,29.834,56.472
749.76,185.04,29.866,56.532
751.69,184.85,29.826,56.456
756.09,185.85,29.885,56.569
757.97,186.37,29.669,56.16
760.93,186.6,29.425,55.697
763.07,185.68,29.334,55.524
766.17,185.04,29.411,55.672
769.06,184.46,29.336,55.529
773.44,185.03,29.284,55.431
775.79,185.3,29.222,55.314
778.29,185.92,29.367,55.587
780.56,186.08,29.309,55.479
783.96,185.66,29.199,55.269
786.73,183.88,29.151,55.178
789.26,181.37,29.096,55.074
790.86,179.62,29.104,55.089
792.66,178.5,29.025,54.94
796.37,180.04,29.115,55.111
797.83,180.99,29.111,55.103
799.8,181.95,29.029,54.948
802.05,182.45,28.909,54.721
804.07,181.87,28.804,54.522
807.66,180.21,28.685,54.297
809.42,179.23,28.502,53.95
810.51,179.41,28.478,53.904
811.86,179.45,28.425,53.804
813.79,179.31,28.511,53.967
817.06,180.06,28.576,54.09
818.78,180.77,28.505,53.955
821.06,181.07,28.332,53.629
823.45,181.56,28.217,53.411
825.2,181.32,28.119,53.225
827.98,180.74,27.979,52.961
829.98,180.17,27.82,52.659
831.84,180.63,27.848,52.712
832.58,180.49,27.849,52.714
833.06,180.69,27.791,52.604
834.5,181.18,27.656,52.348
837.57,180.65,27.496,52.045
839.94,179.37,27.189,51.465
841.72,178.91,27.274,51.625
843.71,178.1,27.353,51.775
845.04,177.91,27.42,51.901
847.49,178.71,27.489,52.032
848.89,179.45,27.332,51.736
850.43,179.28,27.201,51.488
852.47,179.2,27.13,51.353
854.07,177.46,26.935,50.984
855.04,176.06,26.75,50.634
855.46,175.81,26.499,50.159
855.21,175.86,26.308,49.798
856.16,176.82,26.317,49.815
857.72,177.32,26.336,49.85
859.63,177.45,26.345,49.868
861.13,176.99,26.373,49.92
862.95,176.23,26.25,49.687
863.74,175.46,26.303,49.789
865.25,175.42,26.356,49.888
867.7,175.81,26.372,49.918
869.08,176.28,26.338,49.855
870.17,176.79,26.347,49.872
871.31,177.2,26.231,49.651
871.24,177.2,26.245,49.679
871.92,176.98,26.123,49.448
873.32,176.64,25.923,49.068
873.92,176.21,25.764,48.768
874.07,175.85,25.58,48.419
874.6,176.29,25.31,47.909
874.18,176.54,25.093,47.498
873.89,177.09,25.091,47.494
874,177.14,25.039,47.395
874.88,176.96,25.09,47.493
875.84,176.87,24.939,47.206
877.49,176.76,24.855,47.046
878.25,176.45,24.854,47.045
879.16,176.41,24.787,46.918
880.15,176.41,24.793,46.93
881.13,176.06,24.853,47.043
881.9,175.19,24.609,46.581
882.27,173.62,24.455,46.289
882.43,173.04,24.311,46.016
883.12,172.68,24.057,45.536
884.08,172.88,23.87,45.182
884.65,173.29,23.761,44.977
885.61,174.55,23.749,44.953
886.05,174.93,23.862,45.168
887,175.41,23.761,44.976
887.63,175.36,23.638,44.744
889.1,175.06,23.357,44.212
890.41,174.24,23.277,44.059
891.01,174.22,23.227,43.965
891.19,174.05,23.247,44.004
892.29,174.83,23.293,44.09
892.54,174.67,23.361,44.218
893.53,174.45,23.184,43.885
894.14,173.41,23.02,43.573
894.66,171.84,23.058,43.645
894.94,170.93,22.959,43.459
895.54,170.33,22.92,43.385
895.71,169.97,22.845,43.243
896.91,170.51,22.791,43.141
897.73,170.84,22.641,42.856
898.18,171.26,22.436,42.468
898.97,171.23,22.297,42.206
899.89,170.95,22.215,42.05
900.47,170.12,22.211,42.043
900.8,169.47,22.217,42.054
901.17,169.04,22.271,42.156
901.69,168.84,22.284,42.181
902.35,169.17,22.246,42.108
902.62,169.23,22.198,42.018
903.43,168.98,22.153,41.933
904.54,168.62,22.06,41.756
905.18,167.97,21.954,41.557
905.95,167.29,21.851,41.36
906.56,167.29,21.782,41.229
906.9,167.04,21.703,41.08
907.52,167.19,21.631,40.945
908.14,167.57,21.597,40.881
908.32,167.49,21.58,40.848
908.31,167.42,21.589,40.865
908.79,167.14,21.44,40.583
909.49,167.03,21.389,40.487
909.96,166.81,21.363,40.437
910.07,166.73,21.354,40.419
909.92,166.85,21.317,40.351
909.96,167.27,21.273,40.267
910.71,167.55,21.256,40.235
910.89,167.34,21.242,40.209
910.55,166.81,21.184,40.099
910.36,166.06,21.051,39.846
909.89,165.26,20.967,39.688
909.61,164.82,21.01,39.768
901.94,168.86,21.27,40.262
902.51,168.57,21.505,40.706
902.36,168.39,21.768,41.204
902.98,168.76,21.91,41.473
903.64,168.95,22.279,42.171
904.41,168.23,22.512,42.612
905.38,166.84,22.635,42.844
906.64,167.91,22.799,43.155
906.88,170.05,23.084,43.695
905.96,170.82,23.29,44.085
906.61,172.36,23.387,44.269
906.51,170.81,23.542,44.562
906.58,169.72,23.723,44.904
906.41,167.52,23.896,45.232
906.35,166.37,23.965,45.363
906.98,167.71,24.138,45.69
906.74,167.93,24.347,46.085
906.83,168.67,24.402,46.189
907.9,169.9,24.436,46.254
908.23,170.25,24.499,46.373
908.72,169.47,24.65,46.659
909.58,168.35,24.862,47.061
909.87,167.21,24.875,47.084
910.68,166.15,24.943,47.213
910.87,165.01,24.927,47.183
911.17,164.2,24.861,47.058
911.19,163.58,24.782,46.908
910.81,162.8,24.685,46.724
911.39,162.64,24.689,46.734
911.29,162.07,24.602,46.569
911.25,160.51,24.431,46.244
912.03,159.99,24.209,45.824
914.08,160.38,24.018,45.463
914.79,163.35,24.019,45.465
913.75,165.61,24.122,45.659
913.56,166.23,24.094,45.606
912.48,167.91,24.187,45.783
912.35,175.62,24.001,45.43
912.37,177.2,23.934,45.303
913.04,177.72,23.885,45.21
914.02,178.79,23.815,45.079
914.7,178.5,23.841,45.128
914.96,177.97,23.733,44.923
915.73,177.75,23.647,44.761
916.88,177.98,23.554,44.585
918.41,178.57,23.613,44.695
919.24,178.21,23.718,44.894
920.06,178.07,23.81,45.069
921.23,176.56,23.813,45.074
922.15,175.81,23.837,45.119
923.79,173.47,23.809,45.068
924.87,173.22,23.815,45.079
925.28,173.13,23.791,45.034
926.27,173.48,23.697,44.854
926.81,174.1,23.678,44.819
926.77,173.86,23.6,44.672
926.66,173.24,23.574,44.622
926.74,171.74,23.469,44.424
926.82,170.69,23.498,44.479
927.07,169.28,23.44,44.369
927.32,168.83,23.409,44.31
927.75,168.38,23.343,44.186
927.73,168.26,23.232,43.974
927.3,167.44,23.331,44.163
926.69,167.02,23.329,44.158
926.68,166.75,23.306,44.116
927.1,166.14,23.391,44.275
927.54,165.62,23.485,44.455
927.78,165.27,23.48,44.443
928.14,165.14,23.49,44.464
929.08,165.12,23.465,44.416
930.15,165.25,23.329,44.158
930.59,165.53,23.189,43.893
930.53,165.84,23.059,43.647
930.79,166.39,22.936,43.414
