595.5,33.5,24,38
596.4,34.716,23.738,37.585
597.7,35.211,23.48,37.176
599.38,36.266,23.178,36.698
600.89,37.68,23.022,36.451
600.83,38.236,23.328,36.936
600.97,39.126,23.747,37.599
600.78,39.933,23.941,37.906
600.95,41.334,23.999,37.998
600.6,42.434,23.897,37.836
599.87,43.046,24.397,38.629
599.09,43.527,24.523,38.828
598.12,44.868,24.498,38.788
596.99,45.353,25.067,39.689
596.4,47.083,25.007,39.594
595.43,48.225,24.884,39.399
594.05,48.452,24.983,39.556
592.77,50.226,25.144,39.811
591.61,50.986,25.335,40.114
591.09,52.714,25.51,40.391
590.21,53.858,25.537,40.433
589.95,55.266,25.429,40.263
589.45,56.535,25.817,40.877
588.9,58.207,26.011,41.185
588.03,58.251,26.351,41.722
587.72,59.727,26.526,42
588.42,61.786,26.783,42.406
587.88,62.017,27.013,42.77
588.89,63.601,27.302,43.227
589.79,64.502,27.388,43.365
589.97,66.173,27.702,43.861
591.32,68.017,27.713,43.879
592.46,69.797,28.009,44.348
593.57,71.557,28.166,44.597
594.81,72.4,28.412,44.985
596.54,74.828,28.965,45.861
597.06,76.398,29.069,46.026
598.45,78.265,29.369,46.501
599.52,79.736,29.767,47.132
600.87,81.644,30.167,47.765
601.94,83.908,30.328,48.02
602.53,85.453,30.404,48.14
602.98,87.93,30.445,48.205
590.71,90.109,30.802,48.77
556.73,92.458,31.081,49.211
548.74,95.087,31.38,49.686
547.03,96.473,31.748,50.267
546.08,98.683,32.214,51.005
544.19,101.09,32.872,52.048
542.31,104.32,33.159,52.502
540.59,106.07,33.369,52.834
537.77,109.08,34.018,53.861
535.27,111.09,34.231,54.199
533.15,114.22,34.574,54.742
529.8,117.17,35.171,55.687
525.5,119.56,35.748,56.601
523.24,123.29,36.027,57.043
520.17,125.56,36.37,57.586
516.12,128.83,36.56,57.886
512.21,131.58,36.923,58.461
507.93,135.55,37.359,59.151
503.78,139.12,38.015,60.191
499.89,142.08,38.478,60.923
494.99,146.76,38.983,61.723
489.45,150.86,39.585,62.676
483.61,155.28,39.929,63.221
477.3,160.03,40.428,64.01
469.32,165.7,40.809,64.614
462.36,169.88,41.399,65.549
453.6,174.19,41.517,65.735
444.25,179.39,41.874,66.3
433.88,184.77,42.145,66.729
420.72,191.61,42.601,67.452
409.34,198.14,42.936,67.982
395.85,203.6,43.421,68.751
380.71,209.11,43.693,69.18
366.98,215.34,44.094,69.816
350.15,222.8,44.53,70.506
338.32,228.07,44.896,71.085
320.6,235.07,45.322,71.76
296.71,241.99,45.687,72.338
275.86,250.51,45.884,72.65
253,259.48,46.374,73.426
228.74,267.51,46.991,74.402
203.04,275.87,47.404,75.056
175.85,286.23,47.816,75.709
145.48,295.75,47.945,75.913
115.1,305.71,48.466,76.738
80.833,315.97,49.029,77.63
53.395,312.61,49.103,77.746
