383.5,188.5,243,80
374.9,192.8,244.2,80.395
359.53,193.85,243.94,80.309
346.48,194.5,246.03,80.998
333.51,195.18,247.98,81.641
321.15,195.13,246.33,81.096
309.9,197.04,247.58,81.509
302.57,199.13,247.35,81.433
290.33,199.92,248.74,81.89
280.22,201.42,249.55,82.158
270.41,202.2,248.68,81.868
263.52,204.35,247.26,81.403
255.19,206.91,244.64,80.541
247.32,207.27,244.46,80.481
239.48,210.16,242.05,79.686
230.32,209.95,243.28,80.091
220.56,211.64,241.57,79.529
205.83,212.04,236.5,77.859
199.6,214.16,234.7,77.269
194.54,217.66,232.91,76.68
188.05,219.45,232.61,76.58
177.58,218.81,229.69,75.62
168.99,222.31,229.2,75.458
164.16,223.46,228.17,75.117
157.18,226.54,230.64,75.93
148.85,229.58,229.85,75.671
139.93,231.86,233.09,76.739
133.1,234.22,235.45,77.514
126.99,235.35,235.7,77.596
120.36,237.77,235.27,77.457
111.77,200.49,234.88,77.327
101.5,160.68,236.19,77.758
95.119,149.41,236.14,77.741
87.755,147.65,238.25,78.437
77.547,151.84,240.91,79.311
66.196,153.3,244.31,80.43
54.407,157.45,247.03,81.327
39.429,158.61,253.08,83.318
25.662,159.71,257.04,84.623
14.561,163.56,260.88,85.886
12.902,165.75,263.08,86.611
51.098,169.25,263.09,86.613
77.195,169.85,265.65,87.456
88.535,172.22,269.8,88.821
107.26,173.48,273.47,90.032
130.52,172.25,275.91,90.835
128.26,176.31,281.49,92.671
156.01,178.11,285.98,94.151
174.06,180.41,285.53,94.002
185.69,178.16,287.62,94.689
196.73,181.13,290.57,95.661
209.2,181.4,292.16,96.185
222.51,182.07,292.96,96.448
235.95,181.59,293.14,96.507
250.32,182.37,292.36,96.25
255.88,182.52,295.68,97.343
264.34,182.54,297.47,97.932
245.82,183.4,299.22,98.51
217.69,183.61,301.59,99.289
197.4,186.42,301.19,99.159
169.4,186.26,302.48,99.581
136.6,177.33,301.66,99.313
121.42,178.9,301.74,99.337
88.376,180.42,305,100.41
77.622,177.51,306.76,100.99
66.189,179.49,306.62,100.94
83.598,229.76,307.06,101.09
129.04,224.19,304.52,100.25
83.503,166.73,301.12,99.134
103.64,166.16,299.73,98.676
102.44,164.19,297.83,98.052
123.82,160.55,297.76,98.029
142.08,157.67,296.14,97.494
150.82,154.82,294.19,96.852
158.63,156.15,293.74,96.705
196.42,149.27,292.51,96.298
180.32,149.76,292.71,96.365
189.81,143.69,291.94,96.113
182.33,142.64,289.46,95.295
187.79,141.69,290.43,95.614
142.42,132.9,289.52,95.315
125.76,129.39,288.38,94.941
106.51,127.85,287.03,94.495
89.204,123.22,285.07,93.849
92.492,125.41,283.02,93.174
86.634,122.49,281.86,92.794
72.425,118.97,281.13,92.554
49.409,111.06,279.29,91.948
39.978,106.34,277.82,91.464
