266.5,390.5,43,96
266.05,380.13,43.495,97.105
276.62,381.17,43.063,96.141
283.52,378.76,43.46,97.026
289.03,379.02,44.179,98.633
296.11,381.29,44.31,98.925
300.28,381.78,44.98,100.42
305.97,381.4,44.232,98.751
312.02,381.95,43.268,96.598
315.49,383.47,42.91,95.798
317.91,388,44.435,99.204
321.56,380.37,43.957,98.135
324.07,381.56,43.434,96.968
323.98,385.83,43.485,97.083
323.98,389.95,43.9,98.01
322.11,392.97,43.403,96.9
320.09,393.62,42.231,94.282
318.81,393.56,41.484,92.615
315.86,391.92,41.143,91.855
309.25,391.49,41.041,91.626
303.35,396.87,41.057,91.663
303.98,395.98,40.759,90.998
313.27,397.64,40.398,90.191
317.48,395.99,40.519,90.462
322.84,395.9,40.018,89.343
333.6,396.41,40.015,89.336
338.3,396.13,39.923,89.13
343.4,397.13,39.916,89.114
349.2,397.24,40.054,89.423
354.36,397.09,40.276,89.919
363.62,397.63,40.691,90.845
368.85,397.22,40.863,91.229
373.74,396.37,41.204,91.99
378.34,393.46,41.258,92.11
381.09,390.32,41.166,91.907
388.7,385.23,41.218,92.021
392.42,383.61,41.086,91.726
396.2,380.1,41.863,93.461
400.47,379.6,41.814,93.353
405.05,379.71,41.918,93.584
419.48,381.81,41.84,93.41
426.53,383.16,41.727,93.159
436.6,382.76,41.554,92.772
446.57,382.54,41.592,92.857
456.82,381.75,42.074,93.932
469.37,381.78,42.44,94.749
479.39,382.43,42.544,94.981
485.81,384.18,42.406,94.673
490.65,386.2,42.164,94.134
495.06,387.73,41.93,93.612
507.9,385.3,41.886,93.513
514.08,382.89,42.178,94.164
520.36,381,42.265,94.36
524.64,379.05,42.727,95.39
527.76,376.92,42.975,95.943
531.6,375.93,42.791,95.534
532.95,376.2,42.81,95.576
533.25,376.12,42.797,95.547
534.19,375.95,42.738,95.415
534.26,375.38,42.505,94.896
529.86,373.66,42.387,94.632
528.56,373.94,42.318,94.478
527.08,374.71,42.086,93.959
527.07,375.58,41.917,93.581
527.82,376.64,41.722,93.146
529.97,378.57,41.405,92.44
530.3,379.59,41.2,91.982
529.09,380.24,40.918,91.352
529.01,381.1,40.637,90.724
529.34,380.05,40.716,90.9
538.07,378.44,40.552,90.534
544.34,378.23,40.509,90.439
549.27,378.77,40.557,90.546
552.8,379.96,40.433,90.269
555.17,379.31,40.431,90.265
555,377.33,40.257,89.876
556.38,374.64,40.218,89.79
559.12,371.16,40.105,89.537
563.54,369.7,39.863,88.996
570.6,367.06,39.626,88.468
579.41,367.81,39.676,88.58
580.45,369.71,39.854,88.977
581.13,369.57,39.917,89.118
584.11,372.26,39.993,89.286
589.47,374.55,39.7,88.632
599.31,375.05,39.621,88.456
603.78,374.74,39.875,89.024
608.03,374.6,39.935,89.158
611.57,375.16,40.028,89.366
613.23,376.05,40.069,89.456
617.22,377.52,40.033,89.376
620.11,378.43,40.001,89.304
622.65,379.51,39.894,89.067
625.83,378.15,39.901,89.08
626.93,374.51,39.974,89.244
626.71,373.56,40.115,89.559
626.39,373.49,40.399,90.194
626.12,373.05,40.289,89.947
627.05,373.86,40.351,90.085
627.53,374.28,40.332,90.043
629.19,372.08,40.178,89.699
629.73,368.36,40.045,89.403
629.49,365.86,39.722,88.681
630.7,364.77,39.531,88.255
631.37,363.73,39.505,88.198
637.74,363.54,39.119,87.336
644.04,363.14,38.823,86.675
649.4,361.38,38.761,86.537
651.22,358.61,38.862,86.762
652.27,355.93,38.904,86.855
649.96,351.11,38.663,86.318
646.98,347.9,38.708,86.417
642.54,346.48,38.682,86.36
640.15,345.33,38.651,86.291
639.76,345.43,38.63,86.243
641.52,345.08,38.443,85.825
643.95,345.52,38.311,85.531
647.1,344.57,38.277,85.455
649.95,343.38,38.446,85.833
650.89,341.91,38.575,86.121
653.8,340.32,38.511,85.978
655.78,339.34,38.532,86.024
661.25,338.47,38.648,86.283
665.79,339.21,38.597,86.169
671.29,339.19,38.294,85.493
676.19,340.16,38.123,85.111
679.04,339.95,37.846,84.493
681.51,340,37.594,83.93
683.68,339.89,37.442,83.591
687.84,338.69,37.374,83.439
690.73,338.82,37.036,82.684
692.59,339.51,36.876,82.328
694.2,341.42,36.761,82.071
696.59,342.51,36.771,82.094
699.79,342.57,36.706,81.947
704.61,339.72,36.55,81.599
708.23,338.36,36.556,81.614
711.93,337.57,36.427,81.325
713.89,337.42,36.173,80.758
715.18,338.14,35.974,80.313
716.04,338.96,35.739,79.79
719.89,338.56,35.844,80.025
721.63,338.82,35.699,79.701
722.82,338.89,35.651,79.592
724.07,338.5,35.615,79.512
728.63,337.77,35.504,79.265
732.59,335.52,35.411,79.057
737.8,336.18,35.387,79.004
741.85,337.35,35.381,78.99
745.02,338.58,35.409,79.053
747.45,338.73,35.542,79.35
748.76,338,35.385,78.998
751.21,336.8,35.338,78.894
752.74,335.62,35.275,78.753
755.66,334.74,35.12,78.407
756.65,334.72,34.988,78.113
758.96,334.68,34.619,77.289
759.52,333.96,34.495,77.012
759.98,334.05,34.596,77.237
758.97,333.1,34.527,77.083
759.43,333.06,34.372,76.738
761.56,332.1,34.257,76.48
764.8,330.3,34.237,76.436
768.13,329.23,34.153,76.248
771.53,329.46,33.982,75.866
774.3,329.53,33.931,75.754
776.97,331.75,33.828,75.523
779.94,333.06,33.9,75.684
782.25,332.95,33.854,75.581
784.1,331.81,33.855,75.584
786.7,331.52,33.728,75.299
789.83,331.23,33.495,74.779
792.24,330.7,33.288,74.317
794.97,332.28,33.225,74.177
798.45,333.77,33.168,74.05
802.29,335.48,33.239,74.209
805.08,336.72,33.241,74.213
808.33,337.23,33.134,73.974
812.4,338.58,33.281,74.301
814.86,339.04,33.108,73.915
817.09,339.59,32.912,73.477
818.3,339.34,32.845,73.329
820.51,340.69,32.83,73.296
822.9,341.39,32.912,73.478
