900.5,172.5,40,70
898.56,170.96,39.675,69.431
897.44,171.06,39.358,68.877
896.76,172.4,38.82,67.935
895,172.49,38.808,67.914
892.99,172.16,39.038,68.316
886.31,170.44,39.729,69.526
880.46,169.68,40.016,70.028
876.99,169.73,39.525,69.169
882.4,176.03,39.623,69.339
880.65,175.2,39.445,69.03
877.49,176.43,39.631,69.355
874.64,175.99,39.473,69.077
875.2,178.88,38.971,68.199
873.07,178.7,38.806,67.911
873.3,178.37,38.676,67.684
874.49,180.6,38.437,67.264
870.96,180.69,38.686,67.7
872.34,181.77,38.338,67.091
871,180.04,38.343,67.1
869.02,179.64,38.208,66.864
869.48,179.82,38.025,66.544
870.2,178.98,38.051,66.589
868.05,176.69,38.1,66.675
867.11,176.11,38.273,66.978
872.2,172.98,38.403,67.206
870.82,167.98,38.847,67.983
869.81,163.32,39.168,68.544
872.38,162.22,39.368,68.893
875.69,161.77,39.726,69.521
866.75,162.33,39.573,69.254
872.56,162.14,39.934,69.885
890.93,160.48,39.584,69.273
895.21,160.73,39.477,69.085
903.96,161.39,39.106,68.435
909.91,161.16,39.168,68.544
912.31,160.85,38.918,68.106
914.55,163.74,38.77,67.847
919.18,167.06,39.03,68.303
925.94,171.69,39.067,68.367
929.33,176.57,39.295,68.767
909.27,161.19,39.267,68.718
910.65,161.22,39.185,68.574
911.73,161.99,39.03,68.303
929,177.88,39.081,68.393
931.73,179.05,38.964,68.188
937.09,179.11,39.189,68.581
938.79,177.33,39.273,68.729
940.96,177.16,39.271,68.725
939.61,178.03,38.994,68.239
938.86,180.73,39.412,68.971
937.02,183.35,39.349,68.861
915.06,185.84,39.289,68.755
915.54,185.75,39.277,68.734
916.87,185.68,39.233,68.658
917.71,186.21,39.181,68.567
921.46,186.69,39.177,68.56
914.79,189.46,39.33,68.828
918.56,189.1,39.463,69.06
923.91,187.34,39.736,69.538
926.45,187.88,39.777,69.609
928.67,187.39,39.799,69.648
928.85,188.48,39.835,69.711
928.76,189.34,39.939,69.894
929.56,189.43,40.055,70.096
934.81,188.53,40.06,70.105
937.63,188.11,40.176,70.308
937.53,189.81,40.025,70.044
937.49,190.29,39.96,69.931
933.69,190.7,39.775,69.606
931.31,190.88,39.873,69.778
932.62,190.42,39.661,69.407
935.63,191.82,39.458,69.052
937.27,192.93,39.595,69.291
933.22,191.53,39.512,69.146
932.46,191.38,39.378,68.912
932.06,191.5,39.244,68.678
931.43,191.79,39.028,68.299
931.99,191.49,38.934,68.134
932.1,192.73,38.748,67.808
931.89,192.61,38.454,67.294
932.58,193.22,38.419,67.233
933.16,192.17,38.252,66.941
933.79,192.26,38.347,67.108
933.61,192.42,38.374,67.154
933.02,192.34,38.247,66.932
932.24,193.02,38.146,66.755
930.61,192.31,38.349,67.111
930.31,192.55,38.379,67.163
930.5,192.21,38.527,67.423
903.61,192.99,38.476,67.333
902.64,191.02,38.609,67.566
895.85,183.24,38.61,67.567
900.05,179.08,38.513,67.398
902.31,178.39,38.577,67.509
908.95,182.34,38.574,67.505
910.17,182.59,38.679,67.688
910.7,180.66,38.738,67.792
909.85,179.1,38.809,67.915
911.38,178.65,38.786,67.875
913.82,178.94,38.903,68.081
918.98,181.39,39.043,68.325
920.48,184.12,39.169,68.545
921.64,186.37,39.301,68.777
921.89,187.42,39.422,68.988
921.4,187.97,39.439,69.018
920.37,188.16,39.413,68.972
919.4,188.47,39.486,69.101
917.83,187.33,39.527,69.172
915.49,186.54,39.356,68.873
916.67,187.32,39.426,68.995
918.7,187.54,39.59,69.283
923.68,187.13,39.785,69.624
926.19,188.73,40.001,70.002
929.37,190.45,40.002,70.003
931.73,190.54,40.07,70.123
934.39,191.01,40.023,70.04
935.86,191.55,40.071,70.125
936.88,192.26,40.206,70.361
936.53,192.81,40.208,70.364
939.3,192.1,40.292,70.511
943.27,186.9,40.692,71.211
946.03,186.86,41.04,71.821
935.58,197.26,40.878,71.536
935.16,196.41,40.617,71.08
928.75,204.03,40.757,71.324
929.73,216.54,40.984,71.721
932.36,196.76,40.957,71.675
930.28,196.25,40.57,70.998
930.71,196.84,40.227,70.397
930.96,197.13,39.936,69.888
931.93,196.93,39.762,69.583
931.78,197.37,39.679,69.438
931.63,197.34,39.564,69.237
931.56,197.18,39.527,69.171
931.74,197,39.505,69.134
931.9,197.42,39.517,69.155
931.54,197.75,39.517,69.155
931.76,197.55,39.602,69.304
931.67,197.59,39.518,69.156
932.06,197.18,39.597,69.296
931.11,196.68,39.641,69.372
929.89,194.31,39.779,69.614
929.31,191.23,39.796,69.644
920.47,178.31,39.46,69.056
921.44,175.87,39.295,68.766
920.5,172.66,39.437,69.015
917.33,169.86,39.395,68.94
917.14,167.01,39.517,69.154
912.58,163.61,39.694,69.465
909.23,156.21,39.907,69.837
909.14,154.31,40.002,70.003
908.64,157.03,40.398,70.697
888.52,153.24,40.333,70.583
884.21,159.83,40.274,70.479
881.16,168.68,40.234,70.41
883.58,176.4,40.25,70.437
885.82,182.72,40.126,70.221
886.58,187.13,40.149,70.261
884.12,188.7,40.123,70.216
879.01,189.45,40.241,70.422
871.73,191.59,40.036,70.063
864.08,192.52,40.073,70.128
855.15,192.47,40.006,70.011
849.71,192.53,39.851,69.74
847.11,194.36,39.424,68.992
846.07,194.23,39.205,68.609
844.83,195.57,38.812,67.921
845.4,196.56,38.54,67.444
845.53,197.21,38.337,67.09
845.4,198.2,38.224,66.891
844.35,198.92,37.993,66.488
843.55,198.97,37.828,66.199
828.56,195.55,37.769,66.096
824.25,191.99,38.041,66.572
824.72,191.96,37.982,66.469
826.6,190.83,37.861,66.257
830.67,191.1,38.019,66.533
832.77,192.7,38.007,66.513
835.01,191.32,38.238,66.916
840.79,195.09,38.492,67.361
845.04,195.75,38.888,68.054
848.57,196.51,39.191,68.585
853.84,197.51,39.222,68.639
855.94,197.89,39.384,68.923
867.85,197.68,39.571,69.249
878.96,196.31,39.625,69.344
885.2,195.27,39.711,69.495
886.13,195.08,39.785,69.623
881.56,196.3,39.972,69.95
873.72,195.55,39.993,69.987
864.47,196.46,39.925,69.868
859.93,196.09,39.816,69.678
858.83,196.64,39.545,69.204
857.33,197.4,39.247,68.683
858.24,197.87,39.072,68.376
862.3,198.29,38.887,68.053
865.19,196.6,38.963,68.185
870.71,195.45,39.052,68.341
873.92,195.35,39.036,68.313
877.14,196.08,38.958,68.177
878.62,197.04,38.754,67.82
876.7,195.98,38.754,67.819
875.75,195.68,38.649,67.636
874.23,195.57,38.583,67.52
870.39,195.23,38.491,67.36
861.09,194.44,38.4,67.2
856.73,194.58,38.249,66.935
852.41,194.79,38.122,66.714
850.57,195.72,37.977,66.46
850.37,198.12,38.055,66.596
854.07,200.97,38.164,66.787
867.96,204.69,38.167,66.791
882.73,207.19,38.419,67.233
898.21,206.55,38.548,67.458
910.14,205.48,38.672,67.675
914.02,207.34,38.813,67.923
913.8,207.94,38.884,68.046
912.38,208.02,39.127,68.472
910.87,208.12,39.456,69.048
907.54,207.12,39.622,69.339
902.67,202.35,39.877,69.785
901.07,197.43,40.306,70.535
901.68,195.1,40.406,70.71
912.52,196.02,40.443,70.776
915.63,196.42,40.442,70.774
916.18,196.08,40.541,70.946
916.87,196.01,40.639,71.119
916.17,196.34,40.799,71.398
910.1,195.86,40.781,71.367
900.63,194.92,40.713,71.248
877.12,192.03,40.718,71.257
859.49,189.09,40.464,70.811
844.09,187.82,40.138,70.241
835.93,188.98,39.657,69.4
831.54,189.43,39.499,69.123
826.83,188.93,39.329,68.826
823.77,189.08,39.149,68.511
819.53,189.66,39.107,68.437
818.63,190.26,38.996,68.243
819.94,191.15,38.719,67.758
825.19,192.75,38.395,67.192
830.07,191.95,38.415,67.226
838.51,192.08,38.475,67.331
847.56,192.85,38.403,67.205
857.46,193.61,38.324,67.067
874.91,195,38.44,67.269
883.71,192.02,38.693,67.714
890.9,189.93,39.111,68.445
897.28,188.74,39.425,68.993
898.05,187.98,39.681,69.442
897.95,186.88,39.838,69.717
898.64,184.94,40.053,70.093
898.26,181.85,40.257,70.449
898.03,178.31,40.392,70.687
897.75,174.35,40.452,70.791
896.56,174.05,40.652,71.141
893.8,175.69,40.486,70.85
890.35,179.75,40.369,70.646
887.22,184.82,40.177,70.309
885.46,190.17,40.07,70.122
879.09,193.96,39.919,69.858
875.18,195.61,39.732,69.531
872.22,196.16,39.587,69.278
870.67,196.06,39.543,69.2
870.44,196.08,39.42,68.985
870.84,196.3,39.375,68.907
872.42,198.08,39.374,68.904
875.02,201.71,39.207,68.613
877.64,205.79,39.051,68.339
881.07,208.57,38.999,68.248
885.41,208.83,38.952,68.166
887.14,208.14,39.114,68.449
888,207.15,39.38,68.914
887.99,206.23,39.509,69.14
888.28,206.39,39.509,69.141
887.68,207.11,39.421,68.986
887.21,207.46,39.176,68.558
887,207.68,39.105,68.433
887.62,208.23,38.973,68.203
888.29,208.61,38.915,68.1
887.79,208.34,38.777,67.859
887.37,208.83,38.857,68
887.64,209.71,38.824,67.942
887.71,210.15,38.904,68.083
887.6,210.26,38.829,67.951
887.26,210.1,38.9,68.074
887.2,210.11,38.918,68.106
887.17,210.13,38.983,68.22
887.59,210.52,39.25,68.687
886.99,210.16,39.196,68.593
886.79,210.05,39.455,69.046
887.25,210.07,39.614,69.324
887.09,209.93,39.493,69.113
887.26,209.84,39.704,69.482
887.11,209.65,39.596,69.293
887.05,209.67,39.549,69.21
887.56,209.48,39.595,69.291
888.58,209.57,39.612,69.322
890.02,209.59,39.588,69.279
890.77,209.39,39.804,69.657
891.98,209.44,39.904,69.833
892.69,208.89,39.959,69.928
893.3,208.98,40.07,70.123
893.74,209.05,39.973,69.952
893.79,209.22,39.963,69.935
893.82,209.39,39.948,69.91
893.88,209.52,39.964,69.938
893.72,209.3,39.803,69.654
893.82,209.61,39.749,69.56
893.47,209.28,39.969,69.945
893.08,208.85,40.126,70.221
893.3,209.03,40.263,70.46
893.43,209.18,40.253,70.442
893.49,209.04,40.233,70.407
893.08,208.87,40.265,70.464
893.19,208.94,40.248,70.433
893.65,209,40.071,70.125
893.7,208.82,40.126,70.22
893.84,208.69,40.333,70.583
893.79,208.5,40.458,70.801
893.68,208.55,40.539,70.944
894.18,208.62,40.506,70.886
894.21,208.42,40.571,71
894.55,208.69,40.504,70.882
895.11,208.82,40.443,70.775
894.96,208.58,40.358,70.627
895.54,208.87,40.252,70.442
895.76,209.15,40.264,70.461
895.89,209.03,40.23,70.403
896.09,209.04,40.24,70.419
896.1,209.11,40.213,70.373
896.16,209.05,40.316,70.553
895.85,208.82,40.28,70.491
896.22,209.06,40.313,70.547
895.93,208.7,40.329,70.576
895.95,208.68,40.334,70.585
895.95,208.67,40.324,70.566
896.08,208.8,40.356,70.622
896.09,208.78,40.378,70.661
896.32,208.82,40.367,70.643
896.45,208.73,40.385,70.673
896.59,208.84,40.305,70.534
896.54,208.82,40.314,70.549
896.71,208.89,40.365,70.638
896.76,208.81,40.423,70.74
896.75,208.97,40.385,70.674
896.79,208.96,40.352,70.615
896.86,208.97,40.362,70.633
896.98,208.88,40.406,70.711
896.96,208.94,40.332,70.582
896.98,208.9,40.357,70.625
896.96,208.88,40.411,70.719
897,208.92,40.361,70.633
896.99,208.84,40.443,70.776
897.1,208.81,40.422,70.738
897.23,208.91,40.405,70.71
897.31,209,40.381,70.667
898.1,208.97,40.303,70.53
898.74,208.99,40.275,70.482
899.57,209.17,40.266,70.466
900.3,209.09,40.336,70.589
900.87,208.6,40.489,70.855
902.46,209.07,40.402,70.703
902.68,208.91,40.311,70.544
902.92,208.95,40.415,70.727
902.78,208.86,40.488,70.854
903.32,209.02,40.449,70.786
903.1,208.87,40.489,70.855
903.59,208.83,40.49,70.858
903.36,208.25,40.454,70.795
902.99,207.31,40.291,70.509
903.52,207.2,40.278,70.487
904.13,207.91,40.279,70.488
904.55,208.52,40.146,70.256
904.46,208.34,40.15,70.263
904.28,208.19,40.251,70.439
903.41,208.07,40.259,70.454
901.19,207.88,40.35,70.613
899.01,207.64,40.411,70.72
898.42,208.27,40.131,70.229
898.33,208.98,40.016,70.029
898.46,209.67,39.82,69.685
898.75,210.4,39.54,69.196
898.73,209.94,39.715,69.501
899.87,210,39.783,69.62
899.44,209.61,39.888,69.805
899.05,209.37,39.934,69.884
898.04,208.92,39.971,69.949
897.87,208.89,40.002,70.003
897.03,208.39,40.147,70.257
896.86,208.11,40.316,70.553
896.61,207.72,40.507,70.887
896.83,208.46,40.403,70.705
896.85,209.43,40.342,70.598
897.11,209.98,40.411,70.719
897.33,210.41,40.317,70.555
897.14,209.83,40.224,70.392
897.04,209.93,40.133,70.233
896.59,210.31,40.016,70.029
896.1,210.6,39.924,69.867
895.46,210.85,39.789,69.631
895.33,211.05,39.758,69.576
895.51,210.95,39.849,69.736
895.34,210.91,39.859,69.753
895.07,210.74,39.932,69.881
894.24,210.34,39.869,69.771
894.13,210.5,39.863,69.761
893.92,210.52,39.562,69.233
893.51,210.3,39.498,69.121
893.65,210.55,39.424,68.992
893.2,210.42,39.456,69.048
893.22,210.44,39.413,68.973
893.12,210.35,39.489,69.106
892.81,210.39,39.434,69.009
892.23,210.55,39.216,68.628
891.03,210.63,38.992,68.236
890.32,210.37,39.111,68.444
890.14,209.89,39.087,68.401
889.78,209.77,39.201,68.602
889.36,210.02,39.081,68.392
889.58,210.63,39.017,68.279
889.11,211.15,39.015,68.277
889.29,211.37,39.065,68.364
889.18,211.3,39.169,68.545
888.77,211.13,39.302,68.779
888.93,211.23,39.18,68.565
888.83,210.92,39.331,68.828
889.08,210.99,39.242,68.673
888.67,210.02,39.438,69.016
888.64,210.02,39.405,68.959
888.48,211.27,39.15,68.512
887.91,211.39,38.97,68.197
887.76,212.12,38.989,68.231
886.55,211.06,39.001,68.251
885.97,210.35,39.126,68.471
885.69,210.24,39.049,68.336
885.7,210.88,38.951,68.164
885.69,211.28,38.889,68.055
885.33,210.96,38.823,67.94
885.26,210.81,38.947,68.157
885.72,211.08,39.032,68.306
885.52,210.81,39.098,68.421
885.41,210.41,39.271,68.723
885.29,210.38,39.303,68.78
885.65,210.57,39.254,68.695
886.02,210.58,39.279,68.739
886.04,210.55,39.322,68.813
886.16,210.57,39.422,68.988
886.34,210.7,39.496,69.119
886.6,210.66,39.552,69.216
886.3,210.19,39.699,69.473
885.88,209.89,40.009,70.017
885.37,209.59,40.174,70.305
885.94,209.69,40.263,70.46
886.13,209.56,40.248,70.435
886.45,209.6,40.128,70.224
886.28,209.52,40.133,70.233
886.12,208.91,40.275,70.482
885.94,208.45,40.101,70.177
884.8,208,40.227,70.398
882.86,207.93,40.13,70.227
881.29,207.86,39.926,69.87
879.32,207.17,39.924,69.866
878.83,206.51,39.917,69.855
878.3,206.37,40.02,70.035
877.92,206.2,40.11,70.193
878.2,206.9,40.006,70.01
878.29,206.76,39.864,69.762
877.99,207.02,39.759,69.578
877.56,207.06,39.751,69.564
877.35,207.43,39.637,69.365
877.21,207.7,39.456,69.048
877.44,208.26,39.308,68.788
877.47,207.95,39.316,68.803
877.41,207.89,39.368,68.894
877.3,208.15,39.349,68.861
877.31,208.27,39.418,68.982
878.67,208.17,39.407,68.963
882.55,207.96,39.333,68.833
884.47,208.17,39.394,68.939
885.61,209.14,39.35,68.862
886.65,210.05,39.184,68.573
886.39,209.71,39.293,68.763
886.32,208.38,39.42,68.985
886.27,207.36,39.469,69.07
886.4,206.15,39.426,68.996
886.19,205.42,39.65,69.387
885.32,205.09,39.823,69.691
885.3,205.76,39.759,69.578
885.5,206.92,39.646,69.38
886.02,207.08,39.414,68.974
886.15,207.18,39.383,68.921
886.2,206.9,39.405,68.959
886.12,206.45,39.468,69.07
886.13,206.28,39.476,69.083
886.23,206.52,39.486,69.1
886.28,206.58,39.458,69.052
886.42,205.9,39.632,69.357
886.59,205.3,39.739,69.543
886.82,205.41,39.647,69.383
886.7,205.21,39.643,69.374
887.4,205.23,39.698,69.472
888.59,205.38,39.778,69.611
889.42,205.57,39.955,69.922
889.68,205.47,39.841,69.721
890.13,205.64,39.926,69.87
889.86,205.34,39.908,69.839
889.94,204.98,39.747,69.558
890.27,204.74,39.857,69.75
890.26,204.88,39.916,69.853
890.06,205.06,39.786,69.626
890.11,205.58,39.799,69.647
890.42,205.91,39.776,69.607
890.57,205.94,39.795,69.641
890.77,206.14,39.587,69.278
890.48,205.82,39.724,69.518
890.61,205.75,39.832,69.706
890.82,205.92,39.874,69.779
890.87,206.1,39.948,69.909
891.04,205.95,40.058,70.102
891.45,205.85,40.114,70.199
892.01,206.01,40.086,70.151
891.9,205.86,40.125,70.219
892.13,206.2,40.049,70.085
892.1,205.84,40.182,70.319
892.55,206.01,40.165,70.289
892.57,206.01,40.133,70.233
892.99,206.12,40.101,70.177
893.31,206.39,40.129,70.225
893.56,206.42,39.936,69.888
893.7,206.36,39.87,69.773
894.51,206.8,39.864,69.763
894.9,206.82,39.83,69.703
895.38,206.72,39.911,69.845
895.89,206.61,39.935,69.887
896.2,206.45,40.096,70.168
896.9,206.6,40.164,70.288
897.26,206.78,40.144,70.252
897.9,206.77,40.091,70.158
897.85,206.57,40.048,70.085
898.21,206.58,40.01,70.018
898.77,206.7,39.83,69.702
899.5,207.08,39.762,69.584
899.69,207.09,39.726,69.521
899.75,206.97,39.742,69.548
899.78,207.07,39.704,69.482
899.41,206.63,39.899,69.824
899.45,206.69,40.023,70.04
899.19,206.32,40.21,70.367
899.49,206.19,40.285,70.499
899.71,206.03,40.333,70.582
899.72,205.46,40.249,70.435
899.86,205.53,40.21,70.367
899.76,205.58,40.175,70.307
899.55,205.73,40.17,70.297
899.51,205.85,40.162,70.283
899.63,206.08,40.104,70.181
899.67,206.35,40.132,70.231
899.58,206.77,39.87,69.772
899.49,206.9,39.768,69.595
899.17,206.77,39.846,69.73
897.37,206.71,39.779,69.614
895.86,206.41,39.722,69.513
895.45,206.13,39.735,69.535
895.02,205.4,39.693,69.462
894.32,204.65,39.731,69.53
894.01,204.43,39.658,69.401
893.53,203.99,39.681,69.441
892.88,204.01,39.623,69.341
891.56,203.46,39.659,69.404
890.58,203.19,39.7,69.475
889.03,203,39.726,69.521
888.15,203.07,39.802,69.654
887.72,203.21,39.729,69.525
887.26,203.26,39.698,69.472
887.16,203.17,39.644,69.378
887.1,203.45,39.587,69.277
886.66,203.77,39.658,69.401
886.41,204.07,39.677,69.435
886.54,204.8,39.599,69.298
886.64,205.22,39.39,68.933
886.77,206.04,39.149,68.511
886.41,205.84,39.191,68.585
886.11,205.89,39.234,68.66
885.48,205.88,39.297,68.77
884.53,205.16,39.568,69.245
884.44,205.03,39.768,69.594
884.21,204.94,39.754,69.57
883.4,204.9,39.667,69.417
881.53,204.55,39.679,69.437
880.13,204.94,39.614,69.325
879.71,205.5,39.3,68.774
879.4,207.23,39.144,68.502
879.38,207.95,39.046,68.33
879.57,208.39,39.052,68.34
879.31,208.46,38.984,68.223
879.41,208.14,39.109,68.44
879.1,207.98,39.296,68.768
879.11,207.83,39.288,68.754
879.07,207.81,39.287,68.752
879.22,207.66,39.304,68.782
879.06,207.1,39.487,69.102
879.23,207.2,39.564,69.238
878.94,206.83,39.583,69.27
878.86,206.6,39.693,69.464
878.9,206.46,39.793,69.638
878.98,206.52,39.818,69.681
878.88,206.46,39.71,69.492
878.74,206.18,39.692,69.462
878.91,206.28,39.705,69.484
878.87,206.34,39.744,69.552
879.13,206.31,39.783,69.62
879.12,206.03,39.797,69.645
879.14,206.01,39.712,69.496
879.36,206.09,39.688,69.453
878.96,205.59,39.788,69.63
878.44,205.93,39.785,69.624
877.83,206.24,39.607,69.313
876.79,206.12,39.45,69.038
876.56,206.61,39.424,68.991
876.28,206.67,39.542,69.199
875.99,206.38,39.439,69.018
876.44,206.89,39.33,68.827
876.66,206.98,39.348,68.859
876.37,207,39.415,68.977
875.79,206.84,39.419,68.983
875.82,206.71,39.446,69.031
875.78,206.55,39.375,68.907
876.01,206.38,39.323,68.814
875.89,206.07,39.314,68.799
876,206.09,39.331,68.83
876.58,206.52,39.294,68.764
876.56,206.16,39.34,68.845
877.35,206.54,39.386,68.925
877.45,206.5,39.384,68.922
877.41,206.49,39.448,69.035
877.5,206.66,39.386,68.925
877.6,206.66,39.408,68.963
877.54,206.63,39.423,68.991
877.65,206.66,39.398,68.947
877.67,206.76,39.375,68.906
877.72,206.75,39.416,68.977
877.77,206.79,39.449,69.036
877.86,206.94,39.318,68.806
877.7,206.79,39.375,68.907
877.78,206.92,39.384,68.922
877.69,206.81,39.462,69.059
877.52,206.95,39.424,68.992
877.43,206.83,39.717,69.506
877.66,207.05,39.673,69.429
877.43,206.85,39.541,69.197
877.36,206.9,39.555,69.221
877.36,206.94,39.561,69.231
877.4,207.02,39.469,69.07
877.55,207.16,39.498,69.122
877.61,207.22,39.439,69.018
877.6,207.24,39.451,69.04
877.62,207.23,39.425,68.994
877.64,207.17,39.477,69.085
877.64,207.19,39.494,69.114
877.58,207.1,39.516,69.154
877.63,207.1,39.477,69.085
877.64,207.13,39.497,69.121
877.64,207.17,39.415,68.976
877.62,207.12,39.468,69.068
877.64,207.13,39.435,69.011
877.68,207.15,39.415,68.976
