487.5,184.5,33,32
483.97,183.18,33.027,32.026
480.03,183.3,33.143,32.138
475.36,183.48,33.042,32.041
470.89,185.06,33.027,32.027
466.75,185.32,32.994,31.995
463.25,185.42,32.848,31.852
458.15,185.88,32.513,31.528
456.95,186.29,32.105,31.132
456.85,186.19,32.157,31.183
454.81,186.51,32.111,31.138
449.36,172.4,31.467,30.513
447.63,173.08,31.659,30.7
448.21,172.95,31.585,30.628
447.98,174.09,31.012,30.073
454.42,170.94,31.48,30.526
446.85,171.16,31.542,30.586
435.55,178.21,31.034,30.094
441.73,182.02,30.638,29.709
446.95,171.73,30.812,29.878
435.57,169.6,30.854,29.919
435.48,169.72,30.663,29.734
436.41,169.27,30.901,29.964
435.74,168.25,31.317,30.368
434.73,167.57,31.313,30.365
435.1,168.48,31.299,30.351
436.09,169.54,30.906,29.97
435.93,169.28,30.704,29.773
435.39,169.18,30.755,29.823
436.58,169.47,30.446,29.523
435.61,169.1,30.29,29.372
419.69,172.95,30.487,29.563
397.45,176.07,30.365,29.445
396.29,176.58,30.548,29.623
394.95,176.24,30.402,29.481
396.19,176.95,30.481,29.557
396.81,176.76,30.57,29.643
396.92,176.74,30.676,29.746
397.51,176.79,30.679,29.749
397.11,176.58,30.86,29.924
397.07,176.24,30.862,29.927
396.78,176.33,30.86,29.925
396.32,176.91,30.919,29.982
396.85,177.04,31.107,30.164
396.86,177.48,31.3,30.352
396.2,177.02,31.13,30.187
383.86,173.13,30.94,30.003
384.21,173.6,30.706,29.775
384.5,173.83,30.496,29.572
384.75,173.94,30.498,29.574
384.11,174.1,30.426,29.504
384.63,174.11,30.33,29.411
384.15,174.1,30.154,29.241
384.45,174.48,30.204,29.289
384.94,174.41,30.332,29.413
384.26,174.62,30.249,29.333
384.47,174.8,30.33,29.411
384.06,174.71,30.148,29.235
384.6,175.07,30.18,29.265
384.48,175.48,30.243,29.326
384.54,175.26,30.276,29.358
384.55,175.38,30.22,29.304
384.46,175.47,30.245,29.328
384.44,175.32,30.294,29.376
384.42,175.72,30.314,29.395
384.38,175.34,30.359,29.439
384.38,175.6,30.349,29.429
384.35,175.86,30.012,29.103
384.53,176.02,30.205,29.29
384.29,176.22,30.424,29.502
384.37,176.52,30.23,29.314
384.63,176.46,30.408,29.487
384.27,176.33,30.518,29.593
384.41,176.43,30.574,29.647
384.61,176.82,30.703,29.772
384.18,176.58,30.676,29.747
384.28,176.84,30.621,29.693
384.45,177.31,30.673,29.743
384.44,177.13,30.625,29.696
384.41,177.63,30.76,29.828
384.32,177.58,30.77,29.837
384.07,177.99,30.503,29.579
384.37,178.79,30.166,29.252
384.35,179.27,29.947,29.039
384.41,179.5,29.844,28.94
383.94,179.68,29.721,28.821
384.15,180.46,29.818,28.914
383.88,181.02,29.814,28.91
383.96,181.24,29.948,29.041
383.76,181.43,30.045,29.135
383.56,181.94,29.875,28.97
383.37,182.11,29.669,28.77
383.34,182.92,29.662,28.763
382.89,183.06,29.847,28.942
382.13,183.15,29.808,28.905
381.14,183,29.82,28.916
379.82,182.32,30.104,29.192
378.48,181.79,30.172,29.258
377.09,181.09,30.12,29.207
375.3,181.28,29.881,28.976
373.1,182.66,29.835,28.931
372.03,184.66,29.81,28.907
370.61,187.14,30.189,29.275
