584.5,224.5,31,59
584.16,226.58,30.752,58.527
585.89,227.23,30.638,58.311
586.13,226.96,30.949,58.904
586.43,226.84,30.898,58.807
586.57,226.98,31.153,59.29
586.45,226.78,30.962,58.927
586.43,226.77,31.08,59.153
586.48,226.7,30.75,58.523
586.56,226.41,31.319,59.607
586.5,226.45,31.462,59.879
586.55,226.7,31.558,60.061
586.36,226.9,31.629,60.197
586.16,226.34,32.063,61.022
584.95,225.95,32.126,61.143
585.28,226.14,31.933,60.775
586.01,226.79,31.787,60.498
585.42,226.21,31.765,60.456
585.63,226.28,31.738,60.405
585.21,226.06,31.942,60.793
585.89,227.3,31.401,59.763
585.34,226.41,31.725,60.38
585.14,226.09,31.705,60.341
584.94,226.37,31.339,59.644
585.15,226.4,31.261,59.496
585.39,226.95,31.16,59.305
585.49,226.93,30.998,58.996
585.07,226.75,30.972,58.946
585.42,226.97,30.979,58.96
585.57,226.85,30.929,58.866
585.43,226.8,31.061,59.116
585.1,226.5,30.971,58.945
585.48,226.95,31.04,59.077
585.29,226.45,31.027,59.051
585.3,226.59,31.11,59.209
585.15,226.55,31.16,59.304
585.21,227.03,31.06,59.115
584.49,226.58,31.136,59.259
584.25,226.52,31.28,59.533
584.29,226.6,31.208,59.397
584.53,226.86,31.13,59.247
584.09,226.64,31.061,59.116
583.74,226.35,31.196,59.374
584.18,227.08,31.045,59.087
583.76,226.36,31.138,59.263
584.22,226.82,31.164,59.313
584.34,227.17,31.018,59.034
583.68,226.62,31.145,59.277
583.91,226.79,31.095,59.182
583.75,226.41,31.215,59.41
583.84,226.77,31.256,59.488
583.87,226.66,31.238,59.453
583.86,226.99,31.128,59.243
583.89,226.72,31.096,59.182
584.09,226.4,31.071,59.135
584.2,226.21,31.121,59.231
584.72,226.56,31.234,59.446
585.08,227.12,31.12,59.228
585.16,226.71,31.128,59.243
584.98,226.52,31.191,59.364
585.32,226.75,31.134,59.254
585.11,226.82,31.091,59.173
584.5,226.33,31.223,59.425
584.72,226.77,31.343,59.653
584.11,226.34,31.223,59.424
584.48,227.03,31.171,59.325
584.51,226.86,31.097,59.184
583.99,226.68,31.051,59.096
584.02,226.52,31.045,59.086
584.04,226.67,30.982,58.966
584.26,226.87,31.005,59.01
583.75,226.4,31.234,59.446
584.29,227.2,31.037,59.071
583.81,226.5,31.152,59.29
584.32,227.13,31.031,59.06
583.84,226.49,31.163,59.311
584.29,227.05,31.065,59.125
583.69,226.46,31.085,59.161
583.72,226.48,31.134,59.255
584.09,226.77,31.025,59.047
583.79,226.51,31.132,59.25
583.92,226.64,31.127,59.242
584.11,226.89,30.936,58.879
584.39,227.03,30.859,58.732
584.47,227.26,30.842,58.7
584.5,227.48,30.787,58.595
584.19,227.01,30.807,58.633
584.01,226.94,30.927,58.861
584.44,227.32,30.85,58.715
584.37,227.38,30.783,58.587
584.01,226.94,30.916,58.84
584.08,227.07,30.85,58.714
583.96,226.99,31.041,59.079
583.7,226.45,31.054,59.103
583.81,226.36,31.225,59.428
584.59,226.86,31.242,59.46
584.85,226.91,31.156,59.296
585.07,226.93,31.102,59.193
584.58,226.4,31.222,59.423
585.41,227.07,31.026,59.05
585.12,226.65,30.934,58.875
585.44,226.97,30.955,58.914
585.31,226.77,31.05,59.095
585.19,226.83,30.984,58.97
585.16,226.54,31.082,59.156
585.07,226.49,31.1,59.191
585.09,226.56,31.043,59.083
585.2,226.63,31.06,59.115
585.17,226.65,30.981,58.964
585.55,226.77,31.034,59.064
585.22,226.7,30.973,58.948
585.48,226.81,31.046,59.087
585.21,226.54,31.011,59.021
585.23,226.6,31.02,59.038
