564.5,336.5,155,175
561.22,325.98,155.04,175.05
550.95,323.01,153.92,173.78
542.77,321.7,151.17,170.68
534.77,318.87,149.76,169.09
527.43,316.4,147.51,166.54
519.97,315.11,144.56,163.21
514.17,311.94,145.45,164.21
506.39,308.73,144.38,163.02
499.21,305.86,143.82,162.37
490.52,302.65,142.44,160.82
484.62,302.47,138.99,156.92
479.95,300.95,137.99,155.79
474,298.97,136.68,154.32
467.1,296.32,135.31,152.77
462.1,295.72,133.72,150.97
454.32,293.12,132.65,149.77
450.36,291.32,131.55,148.53
443.08,287.88,130.05,146.83
440.44,287.92,127.64,144.1
434.95,285.37,127.46,143.91
429.92,283.86,125.25,141.41
425.49,280.64,124.95,141.07
419.76,277.8,123.91,139.9
414.18,275.99,122.63,138.45
411.13,275.22,121.39,137.05
407.42,273.57,120.04,135.53
402.78,272.11,119.85,135.31
398.59,270.56,118.17,133.42
393.55,269.12,117.47,132.63
389.75,267.43,116.38,131.4
385.84,266.17,114.82,129.63
381.65,264.92,114.42,129.19
377.96,262.98,113.55,128.2
373.89,261.5,112.02,126.47
369.72,259.77,111.32,125.68
366.25,258.84,109.87,124.05
362.8,256.65,108.77,122.81
359.67,255.67,108.01,121.95
356.57,253.85,107.57,121.45
353.33,252.7,106.02,119.7
349.33,250.62,105.36,118.95
346.36,250.06,104.04,117.47
343.45,248.87,103.13,116.43
341.33,247.73,102.17,115.36
337.28,245.44,101.87,115.02
334.15,244.46,101.41,114.5
331.4,242.91,100.84,113.85
327.98,240.96,100.2,113.13
325.58,239.99,99.456,112.29
323.52,239.61,98.556,111.27
319.91,237.6,97.575,110.16
317.52,236.44,96.936,109.44
315.17,235.3,96.048,108.44
312.47,233.92,95.224,107.51
310.81,233.58,94.319,106.49
308.06,231.91,94.209,106.36
305.03,230.1,93.497,105.56
302.92,228.96,92.996,105
300.6,227.57,92.228,104.13
298.97,227.46,91.286,103.07
296.31,225.63,90.79,102.5
294.44,224.49,90.242,101.89
292.37,223.73,89.581,101.14
289.63,221.94,88.728,100.18
286.61,220.09,88.552,99.978
285.5,220.47,87.223,98.477
282.81,218.92,87.077,98.313
281.04,217.94,86.66,97.842
278.87,217.29,86.076,97.183
277.38,216.7,85.424,96.447
275.35,215.83,84.69,95.617
273.82,215.29,83.983,94.819
271.5,213.76,83.708,94.509
269.46,212.88,83.271,94.016
266.7,211.17,82.937,93.638
263.65,210.14,82.49,93.133
261.68,209.35,81.96,92.536
259.21,208.13,81.706,92.249
256.75,206.77,81.434,91.941
255.63,206.29,80.7,91.113
253.49,205.71,80.213,90.563
251.98,204.64,79.837,90.139
250.19,204.06,79.155,89.368
248.43,202.86,78.971,89.161
246.48,202.5,78.309,88.414
244.28,201.33,78.023,88.091
242.27,200.28,77.775,87.811
240.02,199.52,77.69,87.714
239.18,199.6,76.388,86.244
236.88,198.77,75.92,85.716
234.63,198.56,75.286,85
232.38,197.7,74.621,84.25
230.55,197.15,73.957,83.5
228.93,197.14,73.27,82.724
226.64,196.39,72.952,82.365
224.14,195.74,72.57,81.934
221.96,194.76,71.942,81.225
219.74,194,71.629,80.872
216.98,193.5,70.984,80.144
215.33,193.31,70.368,79.448
213.19,193.05,69.769,78.771
210.98,192.13,69.436,78.396
208.84,192,68.793,77.67
205.35,190.92,68.488,77.325
203.02,190.44,68.366,77.188
200.16,189.19,68.239,77.044
197.38,188.36,67.958,76.727
194.32,187.78,68.211,77.012
192.07,187.61,67.858,76.614
189.43,186.91,67.674,76.406
187.14,186.88,66.958,75.597
183.84,185.62,67.074,75.729
180.95,184.88,66.82,75.442
178.9,185.3,66.28,74.832
175.8,185.12,65.97,74.482
173.46,184.82,65.307,73.733
170.16,183.73,65.217,73.632
167.05,182.95,65.091,73.49
164.28,183.11,64.655,72.997
161.42,182.35,64.404,72.714
157.45,180.81,64.544,72.872
154.35,180.5,64.463,72.781
150.98,179.71,64.735,73.088
148.89,180.19,64.365,72.67
146.4,179.62,63.821,72.056
143.46,179.49,63.41,71.592
141.18,178.4,63.176,71.328
137.56,177.24,63.237,71.396
134.1,176.96,63.056,71.192
131.28,176.44,63.087,71.227
128.57,175.84,63.151,71.299
125.37,175.3,62.841,70.95
122.87,175.39,62.426,70.481
120.51,175.58,61.939,69.931
116.84,175.25,61.577,69.523
113.71,175.35,61.146,69.036
110.98,174.71,60.999,68.869
108.44,175.15,60.651,68.477
105.9,173.73,60.694,68.525
103.34,173.92,60.391,68.183
100.62,174.01,59.938,67.672
97.264,173.99,59.481,67.156
94.43,173.07,59.329,66.985
91.721,171.97,59.546,67.229
88.804,171.66,59.243,66.887
86.378,171.5,58.681,66.253
83.515,171.24,58.378,65.911
80.683,170.25,58.315,65.839
77.82,169.86,58.148,65.651
75.125,169.2,58.001,65.485
72.37,169.31,57.62,65.055
69.75,169.08,57.364,64.766
66.885,168.55,56.952,64.3
64.399,168.2,56.857,64.194
61.665,168.26,56.49,63.779
59.56,168.2,55.904,63.117
56.841,167.55,55.981,63.205
53.958,167.43,55.779,62.976
50.188,165.96,56.055,63.288
47.713,165.62,56.288,63.551
45.625,165.19,55.874,63.083
42.548,164.91,55.944,63.162
40.413,164.95,55.672,62.855
37.154,164.57,55.028,62.128
