594.5,315.5,31,86
587.35,315.91,30.981,85.948
582.23,315.94,31.103,86.285
576.45,314.97,30.964,85.899
571.23,314.03,30.418,84.385
567.95,315.25,29.73,82.476
563.89,315.02,29.567,82.025
558.6,311.57,29.956,83.103
554.67,308.22,30.267,83.966
552,309.43,30.143,83.623
545.43,309.27,30.274,83.987
540.42,307.1,30.247,83.91
536.35,305.02,29.85,82.81
532.54,305.63,29.709,82.418
528.3,305.58,29.42,81.617
521.24,302.74,29.501,81.842
516.76,301.47,29.521,81.898
510.87,301.52,29.744,82.516
505.28,302.14,29.537,81.941
498.47,299.05,29.626,82.188
494.62,297.9,29.832,82.76
490.22,298.13,29.625,82.185
486.32,297.96,29.397,81.554
482.08,295.85,29.112,80.761
479.33,294.54,29.006,80.469
476.07,295.05,28.712,79.653
471.85,294.73,28.644,79.464
467.73,293.62,28.543,79.184
464.73,292.13,28.116,78
461.46,292.26,27.852,77.266
458.84,291.88,27.563,76.465
456.45,290.61,27.674,76.774
454.25,289.62,27.678,76.785
452.47,289.43,27.755,76.998
450.22,289.02,27.713,76.882
447.91,288.25,27.735,76.943
444.71,287.18,27.537,76.394
442.09,286.76,27.483,76.243
439.67,287.31,27.408,76.036
436.58,286.06,27.087,75.144
434,284.12,27.219,75.512
431.78,282.75,27.393,75.993
430.18,282.87,27.326,75.808
428.59,283.07,27.32,75.791
427.05,283.04,27.347,75.867
421.02,276.75,27.288,75.703
419.15,273.28,26.923,74.689
415.83,271.01,26.533,73.608
413.47,271.37,26.01,72.157
410.69,271.57,25.771,71.494
407.62,269.99,25.657,71.176
404.2,278.74,25.34,70.299
400.14,268.45,25.106,69.65
398.28,267.84,24.879,69.02
394.43,267.42,24.849,68.936
391.52,266.79,24.882,69.028
388.44,269.29,24.624,68.312
384.44,267.65,24.572,68.169
381.92,268.25,24.244,67.259
377.13,270.49,24.039,66.689
374.78,270.73,23.792,66.005
369.03,268.85,23.433,65.008
365.52,268.03,23.327,64.713
361.89,269.82,23.189,64.331
357.48,270.31,23.037,63.908
354.08,270.39,22.907,63.548
349.86,272.38,22.845,63.377
345.32,271.84,23.001,63.81
339.72,271.76,23.329,64.719
335.64,271.72,23.521,65.251
333.35,271.7,23.771,65.945
328.3,269.95,23.844,66.148
324.98,269.52,24.074,66.786
320.87,269.84,24.082,66.807
317.16,270.42,24.172,67.057
312.32,267.82,24.1,66.858
308.65,267.44,24.106,66.876
303.75,266.43,24.106,66.874
300.25,266.03,23.923,66.368
298.3,265.35,23.723,65.813
295.17,263.73,23.681,65.697
294.42,269.87,23.677,65.685
291.71,274.43,23.682,65.699
287.21,273.71,23.749,65.885
284.65,273.07,23.75,65.888
279.44,264.19,23.904,66.314
275.18,262.28,23.819,66.078
276.08,275.22,23.906,66.32
271.77,273.78,23.978,66.518
270.07,273.42,24.017,66.628
266.97,273.63,24.152,67.002
261.96,272.37,24.062,66.753
258.17,261.09,24.274,67.34
254.54,256.83,24.163,67.032
251.67,256.08,23.981,66.527
249.33,262.23,24.023,66.643
246.25,263,24.047,66.711
243.76,263.23,24.039,66.688
240.35,264.01,24.008,66.603
233.25,253.69,24.003,66.59
223.99,253.05,24.02,66.635
215.71,251.37,23.91,66.33
210.6,251.74,23.734,65.843
207.57,251.27,23.638,65.577
204.54,251.43,23.587,65.434
201.18,252.02,23.626,65.544
196.48,252.24,23.644,65.592
191.53,252.19,23.534,65.288
186.66,251.8,23.37,64.834
180.26,251.87,23.297,64.629
176.72,251.36,23.183,64.314
171.38,250.36,23.188,64.327
164.9,248.86,23.053,63.952
160.44,250.08,22.928,63.607
154.21,250.14,22.878,63.469
147.94,248.67,22.811,63.283
142.32,247.6,22.712,63.006
136.85,248.21,22.543,62.538
129.45,248.05,22.604,62.708
123.06,245.74,22.651,62.837
118.48,245.36,22.643,62.816
112.57,246.19,22.487,62.383
101.94,248.17,22.449,62.278
91.864,246.32,22.429,62.223
91.071,248.39,22.4,62.141
90.168,230.5,22.505,62.432
80.372,234.9,22.487,62.385
85.76,229.45,22.564,62.596
82.851,229.4,22.65,62.836
76.355,229.42,22.704,62.987
70.24,229.73,22.789,63.222
68.13,238.62,22.284,61.821
68.502,237.35,21.917,60.802
72.837,234.6,21.918,60.805
69.351,238.37,21.569,59.835
64.317,241.29,21.524,59.713
66.329,243.26,21.364,59.269
65.793,242.25,21.17,58.729
67.642,241.2,20.932,58.071
67.715,241.32,20.784,57.659
67.54,241.76,20.61,57.175
65.841,242.08,20.556,57.028
70.701,240.24,20.533,56.963
69.786,240.02,20.539,56.981
66.758,241.79,20.484,56.827
68.508,241.11,20.455,56.746
66.752,242.94,20.474,56.8
67.174,242.9,20.295,56.301
65.654,243.43,20.247,56.168
65.957,243.36,20.194,56.023
66.911,242.79,20.167,55.948
79.768,237.97,20.31,56.344
74.117,236.93,20.332,56.406
