240.5,160.5,24,71
238.71,163.37,23.866,70.603
237.98,164.52,23.77,70.319
236.2,164.72,23.867,70.607
234.96,164.05,23.892,70.681
233.32,165.01,23.797,70.4
231.19,166.33,23.736,70.219
230.46,167.33,23.609,69.842
228.99,166.85,23.748,70.255
227.71,166.3,23.809,70.436
227.04,167.41,23.491,69.495
225.55,168.7,23.453,69.381
223.82,175.35,23.447,69.363
223.61,169.86,23.494,69.504
221.96,173.64,23.559,69.697
219.66,174.84,23.588,69.78
217.97,174.29,23.514,69.562
216.69,173.16,23.456,69.392
215.21,174.27,23.284,68.88
214.18,175.14,23.359,69.105
212.71,175.93,23.05,68.188
210.84,174.45,23.257,68.8
209.33,175.09,23.286,68.888
207.31,177.7,23.528,69.602
205.68,177.44,23.817,70.457
205.08,176.5,24.016,71.046
203.05,177.39,24.357,72.055
203.49,177.7,24.17,71.503
202.71,181.39,24.336,71.995
202.2,181.02,24.15,71.445
201.66,181.74,24.187,71.552
201.17,183.28,24.533,72.576
200.53,184.07,24.603,72.784
200.11,183.52,24.782,73.314
200.62,182.92,24.772,73.282
200.43,184.4,24.686,73.03
200.27,185.35,24.594,72.757
200.4,185.68,24.21,71.622
200.31,186.1,24.1,71.295
199.24,186.97,23.838,70.521
198.95,188.86,24.197,71.583
198.6,189.4,24.258,71.764
198.39,189.34,24.167,71.494
197.87,191.97,24.131,71.387
199.7,194.12,23.869,70.612
197.21,192.09,23.763,70.298
196.48,190.75,23.76,70.29
198.56,180.08,23.615,69.86
200.32,180.16,23.417,69.274
196.86,180.01,23.415,69.27
197.69,181.35,23.367,69.128
197,182.75,23.303,68.937
184.64,197.47,23.41,69.256
183.58,198.49,23.618,69.869
182.55,199.12,23.688,70.076
181.1,200.23,23.905,70.718
180.46,203.6,24.152,71.45
178.9,203.74,24.554,72.639
177.61,203.18,24.76,73.249
176.54,202.87,25.03,74.047
174.92,204.02,25.505,75.454
172.03,203.34,25.794,76.308
171.46,202.83,26.012,76.952
169.69,203.12,26.274,77.727
168.03,205.24,26.745,79.119
167.2,205.68,26.877,79.51
165.83,205.39,27.007,79.897
164.56,205.33,27.258,80.639
163.44,206.23,27.473,81.274
160.89,207.57,27.777,82.173
159.37,207.17,27.975,82.76
157.45,207.02,27.909,82.565
156.17,209.69,27.934,82.637
154.74,211.96,28.15,83.277
153.59,211.72,28.175,83.35
152.08,210.89,28.005,82.847
150.64,212.34,28.103,83.139
148.99,214.59,28.363,83.908
147.16,214.45,28.516,84.361
145.38,213.59,28.669,84.814
143.53,215.9,28.71,84.935
142.25,217.83,28.887,85.458
140.05,218.25,29.104,86.098
138.3,217.33,29.388,86.941
137.02,218.75,29.438,87.089
134.3,220.83,29.631,87.658
132.1,221.29,29.839,88.273
130.45,220.99,30.042,88.875
128.69,221.93,29.785,88.114
126.66,224.82,29.784,88.111
123.97,226,29.947,88.592
121.06,225.07,30.138,89.157
118.68,225.77,30.181,89.285
115.84,227.65,30.111,89.08
112.97,228.85,30.303,89.647
109.96,227.98,30.376,89.863
107.5,228.79,30.185,89.298
104.17,231.3,29.804,88.17
98.487,236.24,30.201,89.344
95.83,234.62,30.311,89.67
89.425,237.99,30.542,90.353
90.103,240.58,30.926,91.489
94.229,244.02,31.129,92.089
76.715,235.88,31.069,91.912
75.59,235.66,30.917,91.462
74.231,237.66,30.713,90.86
72.71,240.86,30.594,90.507
70.78,242.55,30.51,90.26
68.269,241.42,30.256,89.507
66.95,243.29,30.099,89.043
65.24,247.56,30.118,89.1
64.426,249.62,30.088,89.011
83.247,254.41,30.288,89.603
119.46,256.65,30.28,89.577
155.7,257.76,30.403,89.943
198.37,258.17,30.343,89.765
215.09,252.87,30.209,89.368
252.37,252.71,30.074,88.968
247.34,243.99,30.355,89.8
276.63,245.58,30.641,90.647
316.54,240.2,30.906,91.43
353.14,239.03,31.12,92.063
390.97,235.03,31.337,92.704
424.3,233.37,31.486,93.145
458.03,232.13,31.71,93.808
476.36,230.82,32.073,94.881
511.92,256.09,32.349,95.7
513.12,257.29,32.683,96.686
511.89,255.1,32.663,96.627
512.46,255.98,32.751,96.888
512.24,258.47,32.864,97.222
511.23,261.37,33.262,98.4
510.36,260.91,33.487,99.066
509.95,260.81,33.657,99.567
508.48,263.81,33.952,100.44
505.89,265.26,34.149,101.02
503.21,264.68,34.237,101.29
500.19,265.29,34.617,102.41
496.08,268.05,35.167,104.04
493.54,267.65,35.665,105.51
489.18,268.2,36.116,106.84
481.08,270.59,36.547,108.12
470.59,285.69,36.439,107.8
461.9,279.45,36.833,108.96
448.53,276.62,36.678,108.5
443.43,278.95,36.585,108.23
435.44,280.3,36.394,107.66
424.45,280.11,36.425,107.76
416.05,279.79,36.449,107.83
412.53,282.8,36.424,107.75
393.68,283.92,36.391,107.66
373.78,282.52,36.442,107.81
363.38,282.38,36.512,108.01
344.16,285.41,36.424,107.75
321.91,284.85,36.636,108.38
312.9,283.08,36.833,108.97
304.56,282.2,36.839,108.98
296.75,284,36.642,108.4
276.14,284.99,36.935,109.27
259.54,281.43,36.724,108.64
246.24,284.4,36.429,107.77
235.65,284.87,36.486,107.94
217.58,262.78,36.57,108.19
207.8,261.31,36.616,108.32
195.18,284.42,36.382,107.63
183.36,285,36.423,107.75
167.89,285.29,36.612,108.31
151.35,280.75,36.354,107.55
147.12,283.4,36.186,107.05
135.05,286.8,36.12,106.85
118.59,284.53,35.65,105.46
105.92,284.28,35.719,105.67
92.369,282.97,35.117,103.89
75.034,275.67,34.34,101.59
61.573,269.38,33.964,100.48
50.721,270.37,33.444,98.939
40.628,270.13,33.405,98.822
27.832,270.26,33.409,98.835
17.046,270.42,33.233,98.314
40.481,269.76,33.201,98.221
58.107,272.33,32.953,97.487
74.377,270.46,32.766,96.932
91.335,270.84,32.45,95.998
80.924,281.06,32.736,96.843
68.335,281.71,32.922,97.395
56.005,283.04,33.205,98.231
46.723,283.61,33.401,98.81
30.506,281.69,33.808,100.02
