128.5,164.5,35,44
135.24,165.35,34.869,43.835
142.42,165.74,34.529,43.408
147.26,165.73,34.948,43.935
153.3,166.15,35.695,44.873
126.87,164.35,36.315,45.653
126.72,164.49,37.389,47.004
126.33,164.51,37.534,47.186
127.54,166.01,36.323,45.664
127.08,166.37,36.406,45.768
126.96,166.39,36.068,45.343
125.61,165.1,36.793,46.254
126.52,166.66,36.311,45.648
126.3,166.82,36.193,45.5
125,166.61,36.229,45.545
129.47,144.2,36.233,45.55
122.73,163.31,36.211,45.523
122.55,163.94,35.895,45.125
122.63,167.19,35.742,44.933
126.44,160.99,35.512,44.644
123.66,164.35,35.433,44.544
123.8,163.51,35.803,45.01
120.26,166.91,36.184,45.488
115.87,174.15,36.688,46.122
112.52,179.16,37.061,46.59
121.44,164.23,37.302,46.894
120.41,166.16,36.924,46.419
119.95,167.47,36.729,46.174
119.39,169.42,36.411,45.774
116.43,173.02,36.675,46.105
123.04,163.07,36.902,46.391
121.93,163.93,37.099,46.639
122.58,163.94,37.159,46.715
123.2,163.75,37.051,46.579
122.85,162.87,37.331,46.931
122.34,163.9,37.254,46.833
122.31,164.35,37.166,46.723
121.03,166.29,37.411,47.031
121.49,164.24,37.532,47.183
122.08,164.81,37.512,47.158
122.96,163.91,37.244,46.821
122.63,164.05,37.268,46.852
122.98,164.36,36.904,46.394
121.32,164.95,37.13,46.678
122.37,164.55,37.169,46.727
122.65,164.06,37.27,46.854
122.17,163.9,37.309,46.903
121.79,163.99,37.292,46.882
122.14,164.75,37.323,46.92
122.73,163.14,37.277,46.862
122.81,163.76,37.265,46.847
122.48,164.03,37.345,46.948
121.59,164.11,37.259,46.839
122.83,163.7,37.214,46.784
122.93,163.24,37.245,46.822
122.4,163.87,37.289,46.877
122.26,164.21,37.24,46.816
121.76,164.32,37.277,46.862
122.96,163.49,37.276,46.862
122.54,163.72,37.368,46.977
121.71,164.11,37.345,46.948
121.75,164.02,37.324,46.921
122.12,163.71,37.281,46.867
122.1,164.28,37.357,46.963
121.57,163.85,37.335,46.936
121.62,163.47,37.403,47.021
121.63,164.17,37.489,47.128
122.06,163.37,37.542,47.196
122.66,163.93,37.454,47.085
121.93,163.86,37.633,47.311
122.38,163.44,37.676,47.364
121.99,163.98,37.653,47.335
122.27,163.6,37.712,47.409
122.12,163.44,37.714,47.411
122.33,163.18,37.742,47.447
122.61,162.85,37.71,47.406
122.93,163.27,37.646,47.327
123.05,163.27,37.521,47.169
122.96,163.46,37.467,47.102
123.13,163.47,37.385,46.998
122.69,163.08,37.391,47.006
122.62,163.02,37.358,46.965
122.86,162.93,37.33,46.93
122.7,163.03,37.376,46.987
122.51,163.15,37.416,47.037
123.03,163.09,37.519,47.167
123.14,163.2,37.619,47.292
123.16,163.35,37.547,47.202
123.24,163.59,37.494,47.135
122.89,163.08,37.496,47.138
122.58,163.38,37.577,47.239
123.31,163,37.625,47.3
123.12,163.33,37.651,47.332
122.73,163.45,37.609,47.279
123.06,163.34,37.563,47.222
123.04,163.54,37.55,47.205
123.17,163.46,37.518,47.166
122.67,163.7,37.486,47.126
122.5,163.17,37.626,47.301
122.91,163.39,37.595,47.262
122.87,163.44,37.646,47.327
122.56,163.28,37.725,47.426
122.09,162.89,37.799,47.519
122.74,162.8,37.837,47.566
122.52,163.08,37.812,47.535
122.44,163.04,37.778,47.492
122.28,163.26,37.902,47.649
122.48,163.48,37.9,47.645
122.25,163.28,37.938,47.693
122.77,164,37.877,47.617
122,163.77,37.796,47.515
121.41,163.84,37.889,47.632
121.47,164.14,37.906,47.653
121.11,164.07,38.027,47.805
121.38,164.52,38.066,47.855
120.69,164.36,38.248,48.084
120.16,164.21,38.455,48.343
120.35,165.18,38.335,48.193
120.17,165.26,38.233,48.064
119.48,165.16,38.411,48.288
119.86,165.55,38.39,48.262
119.81,165.64,38.369,48.236
119.77,165.75,38.431,48.313
119.69,166.05,38.406,48.281
119.88,165.77,38.399,48.274
120.07,165.36,38.491,48.389
120.21,165.03,38.362,48.227
119.99,165.67,38.344,48.204
120.46,165.51,38.327,48.183
120.83,165.06,38.353,48.215
120.69,165.23,38.44,48.325
120.36,165.21,38.525,48.432
120.79,164.84,38.472,48.365
121.19,165.02,38.441,48.325
121.23,166.09,38.449,48.336
121.35,167.03,38.729,48.687
121.28,167.71,39.133,49.196
123.74,168.52,39.131,49.193
126.97,170.28,38.623,48.555
128.53,169.77,38.613,48.542
128.74,168.05,38.542,48.453
125.69,164.7,38.831,48.816
126.9,164.87,38.941,48.954
