553.5,307.5,50,144
548.41,301.29,50.253,144.73
546.72,300.11,50.409,145.18
544.69,297.96,50.186,144.54
543.17,295.56,49.976,143.93
541.96,294.4,49.266,141.89
539.19,293.26,48.997,141.11
534.88,292.5,48.817,140.59
532.59,290.41,49.064,141.31
527.96,287.61,48.778,140.48
525.94,285.37,48.579,139.91
523.95,284.77,48.257,138.98
520.78,284.48,47.812,137.7
517.49,284.2,47.851,137.81
514.21,282.03,47.425,136.58
511.05,279.71,47.135,135.75
509.07,279.56,46.459,133.8
506.53,279.58,45.998,132.47
502.93,278.26,45.833,132
499.87,275.8,45.587,131.29
498.3,273.86,45.799,131.9
496.58,271.92,45.749,131.76
495.28,270.73,46.079,132.71
494.23,270.33,45.981,132.42
492.46,267.38,45.564,131.22
490.47,264.95,45.328,130.55
488,264.13,44.785,128.98
485.17,264.66,44.13,127.09
481.29,264.14,43.662,125.75
477.38,261.76,43.479,125.22
474.98,259.75,43.751,126
473.73,258.15,44.074,126.93
470.62,257.06,43.708,125.88
467.71,256.35,43.958,126.6
464.8,254.5,43.506,125.3
462.86,252.68,43.115,124.17
461.35,251.96,42.652,122.84
459.55,251.52,42.543,122.52
457.04,251.26,42.343,121.95
454.72,249.63,42.289,121.79
452.84,247.44,42.327,121.9
452.36,246.13,42.524,122.47
451,244.09,42.819,123.32
450.28,244.75,42.41,122.14
448.63,244.05,42.097,121.24
447.07,242.65,41.904,120.68
445,240.78,41.639,119.92
443.52,239.83,41.239,118.77
442.09,240.32,40.824,117.57
438.98,239.42,40.576,116.86
436.69,237.57,40.165,115.68
435.55,235.99,39.978,115.14
434.65,234.89,39.809,114.65
433.81,234.48,39.537,113.87
433.65,233.91,39.399,113.47
433.82,232.04,39.414,113.51
432.93,230.31,39.371,113.39
431.53,229.2,39.005,112.33
429.86,228.85,38.631,111.26
427.83,228.58,38.569,111.08
425.74,226.9,38.273,110.23
424.53,225.59,37.908,109.17
423.69,224.73,37.958,109.32
422.82,224.65,37.78,108.81
422.41,224.35,37.595,108.27
421.43,222.19,37.343,107.55
420.65,221.12,37.247,107.27
419.6,220.45,37.24,107.25
417.62,219.95,37.257,107.3
415.07,219.41,37.171,107.05
412.6,217.74,37.052,106.71
410.81,216.15,37.104,106.86
409.17,215.12,36.963,106.45
408.1,214.84,36.885,106.23
405.73,213.86,36.839,106.09
404.47,212.14,36.514,105.16
370.46,208.45,36.542,105.24
335.89,243.4,36.117,104.02
339.72,239.19,36.277,104.48
356.33,246.2,36.4,104.83
394.89,262.02,36.557,105.28
436.11,277.71,36.871,106.19
475.9,289.99,37.104,106.86
442.98,318.23,36.889,106.24
482.68,334.57,36.614,105.45
505.29,336.92,35.905,103.41
560.24,327.05,35.673,102.74
580.52,328.74,35.749,102.96
581.54,294.24,35.749,102.96
577.54,296.1,35.779,103.04
576.2,296.43,35.825,103.17
578.95,294.04,35.898,103.39
573.81,292.8,36.131,104.06
575.04,294.84,36.116,104.01
576.19,295.45,36.174,104.18
577.31,295.18,36.117,104.02
576.3,296.14,36.206,104.27
575.96,294.75,36.061,103.86
577.07,294.58,35.824,103.17
575.86,295.47,36.166,104.16
574.72,294.49,36.229,104.34
573.34,294.73,36.191,104.23
575.53,295.1,36.177,104.19
575.98,295.11,36.057,103.84
577.03,295.11,36.174,104.18
576.33,294.56,36.021,103.74
576.98,295.84,36.078,103.91
577.04,295.96,36.199,104.25
576.19,295.71,36.261,104.43
576.31,295.29,36.192,104.23
575.94,295.17,36.039,103.79
575.68,295.82,36.194,104.24
575.92,294.9,36.11,104
576.4,295.48,36.172,104.17
576.19,295.64,36.321,104.61
575.73,295.2,36.436,104.94
575.77,295.07,36.565,105.31
575.85,294.89,36.346,104.68
575.34,295.2,36.205,104.27
575.51,295.22,36.309,104.57
575.7,295.4,36.148,104.11
576.06,295.49,35.919,103.45
576.28,295.55,36.007,103.7
576.28,295.49,36.005,103.69
576.47,295.33,36.078,103.9
315.26,170.42,35.99,103.65
312.38,168.66,35.762,103
311.18,168.27,35.624,102.6
309.74,168.76,35.483,102.19
308.31,168.27,35.098,101.08
307.69,167.71,34.822,100.29
306.4,166.8,34.673,99.86
305.35,165.49,34.573,99.57
304.72,166.05,34.537,99.467
304.26,166.15,34.431,99.16
303.63,165.15,34.263,98.678
303.46,164.47,34.051,98.067
302.54,163.98,33.93,97.719
301.52,164.17,33.888,97.597
300.53,163.95,33.702,97.063
299.53,163.13,33.532,96.573
298.65,161.96,33.362,96.082
298.72,161.31,33.234,95.715
298.7,160.68,33.287,95.868
298.73,160.63,33.293,95.883
299.44,160.64,33.074,95.253
300.28,159.16,32.832,94.555
301.04,157.87,32.73,94.263
300.82,158.02,32.46,93.486
300.4,158.12,32.367,93.217
300.47,157.9,32.15,92.592
300.11,156.57,32.089,92.416
300,155.76,31.982,92.108
299.76,155.43,31.868,91.779
300.98,156.24,31.566,90.91
302.26,155.68,31.419,90.488
302.59,154.63,31.118,89.619
303.33,154.25,31.096,89.557
303.77,154.01,31.122,89.632
304.37,153.51,31.157,89.732
304.28,152.54,31.248,89.995
304.93,151.94,31.382,90.379
305.85,150.66,31.538,90.83
307.62,150.81,31.496,90.709
309.27,150.26,31.304,90.157
310.82,149.71,31.527,90.797
312.81,148.96,31.67,91.209
313.74,147.78,31.566,90.91
315.19,148.07,31.453,90.585
315.14,147.17,31.262,90.034
316.08,147.52,31.159,89.738
316.19,146.83,30.959,89.163
317.14,146.33,30.944,89.119
318.03,146.03,30.814,88.744
318.93,145.78,30.727,88.495
320.11,145.57,30.788,88.671
321.15,145.1,30.895,88.977
321.84,144.29,30.684,88.369
323.36,143.74,30.742,88.537
324.14,143.78,30.718,88.469
324.11,144.07,30.623,88.193
323.65,142.76,30.374,87.476
323.66,141.26,30.231,87.066
325.17,141.21,30.281,87.21
325.5,140.55,30.224,87.044
327.15,140.94,30.163,86.871
328.18,140.44,30.191,86.949
330.12,139.51,30.295,87.25
331.11,138.67,30.29,87.236
332.57,138.56,30.301,87.267
333.27,138.45,30.254,87.132
334.44,138.41,30.198,86.97
335.23,137.29,29.966,86.303
336.69,136.6,29.778,85.762
337.11,135.82,29.607,85.267
339.14,136.41,29.465,84.86
342.42,136.18,29.176,84.028
345.85,135.76,29.127,83.885
348.28,135.22,29.002,83.525
350.33,134.24,28.864,83.127
353.1,134.65,28.684,82.609
355.1,134.21,28.748,82.794
357.74,133.25,28.675,82.583
360.23,132.3,28.373,81.716
363.47,133.02,28.079,80.868
367.66,133.56,28.135,81.03
370.65,131.72,28.2,81.216
374.86,130.55,28.095,80.915
377.4,129.97,28.046,80.773
379.7,130.22,28.051,80.787
382.34,130.36,28.06,80.812
384.95,128.83,28.222,81.281
386.49,127.05,28.307,81.524
389.24,126.89,28.142,81.048
391.97,127.02,28.156,81.088
395.64,126.53,28.11,80.958
399.46,125.09,28.003,80.647
402.99,124.15,27.96,80.525
405.69,124.38,27.924,80.422
407.63,124.35,27.854,80.22
408.94,123.67,27.892,80.328
410.73,122.16,27.847,80.199
412.4,120.65,27.584,79.442
414.01,120.04,27.446,79.043
416.43,120.68,27.282,78.574
419.17,120.45,27.291,78.598
421.47,118.4,27.28,78.565
424.84,116.61,27.187,78.299
426.66,115.58,27.185,78.292
427.86,115.05,27.209,78.363
428.75,115.08,27.145,78.178
429.67,114.6,27.177,78.27
431,113.86,27.294,78.607
431.36,112.4,27.233,78.432
432.66,111.94,27.159,78.217
434.03,112.01,27.144,78.175
435.24,112.03,27.089,78.017
437.89,111.75,26.895,77.456
440.25,110.68,26.98,77.701
442.31,109.76,26.915,77.515
443.94,109.58,26.852,77.333
445,109.6,26.678,76.833
446.15,109.43,26.629,76.692
447.8,108.61,26.639,76.72
449.11,107.5,26.657,76.773
450.7,106.83,26.614,76.647
452.24,106.59,26.639,76.719
454.2,105.98,26.648,76.747
456.65,104.23,26.765,77.083
458.5,104.18,26.822,77.248
459.78,105.39,26.874,77.398
459.35,102.94,26.925,77.543
460.02,101.66,27.006,77.778
459.26,122.85,27.082,77.995
459.29,145.56,27.073,77.97
459.28,144.7,26.987,77.724
459.18,169.78,27.065,77.947
458.21,169.87,27.264,78.521
456.52,168.79,27.358,78.79
456.47,169.66,27.542,79.32
457.55,171.26,27.709,79.801
466.97,177.8,27.589,79.457
480.96,176.01,27.494,79.183
479.69,175.43,27.387,78.876
452.23,166.31,27.533,79.295
452.58,166.62,27.656,79.649
452.04,166.19,27.768,79.972
457.31,169.81,27.998,80.635
456.03,168.43,28.075,80.855
457.9,169.58,28.344,81.631
459.37,169.31,28.53,82.166
456.91,167.94,28.684,82.609
456.44,168.13,28.793,82.923
456.51,168.7,28.811,82.977
456.71,168.18,28.821,83.004
448.47,158.94,28.722,82.721
447.57,153.55,28.733,82.751
447.06,153.54,28.811,82.976
446.61,152.94,28.811,82.975
458.56,163.67,28.764,82.84
446.58,153.4,28.802,82.95
446.95,153.92,28.773,82.867
447.19,154.62,28.642,82.489
445.47,151.75,28.6,82.369
445.13,150.48,28.605,82.383
444.96,149.32,28.61,82.396
444.97,150.08,28.502,82.087
444.85,149.49,28.614,82.409
444.1,148.71,28.674,82.581
444.46,147.49,28.759,82.825
445.18,147.69,28.788,82.91
445.64,148.62,28.829,83.028
444.98,147.9,28.895,83.219
444.36,146.09,28.939,83.344
444.33,145.77,28.996,83.51
443.84,146.11,29.178,84.033
441.79,145.84,29.197,84.088
448.66,151.76,29.09,83.78
448.3,150.42,28.936,83.337
447.81,150.33,28.84,83.06
447.59,150.74,28.836,83.047
446.63,148.24,28.871,83.148
446.22,146.84,28.98,83.464
446.58,147.41,29.026,83.596
446.03,147.4,29.074,83.732
444.72,147.08,29.106,83.826
443.96,144.59,29.282,84.334
444.26,145.3,29.411,84.704
443.66,145.31,29.357,84.547
444.13,144.62,29.394,84.655
444.35,144.38,29.453,84.824
437.43,138.16,29.319,84.44
437.02,137.98,29.186,84.055
442.72,145.9,29.194,84.08
440.6,145.16,29.134,83.905
440.56,143.09,29.178,84.034
439.59,141.87,29.19,84.068
439.82,142.14,29.221,84.156
439.6,141.86,29.198,84.089
439.01,141.12,29.079,83.749
439.13,141.17,29.008,83.543
438.24,140.69,28.976,83.451
437.73,141.36,28.845,83.073
436.34,139.99,28.78,82.887
436.5,140.54,28.884,83.187
436.75,139.9,28.868,83.139
436.92,139.62,28.882,83.181
437.48,139.9,28.989,83.488
436.4,137.99,29.055,83.678
435.65,138.4,29.193,84.075
433.79,137.63,29.209,84.121
432.26,137.33,29.226,84.171
431.53,136.62,29.279,84.325
460.34,158.12,29.178,84.034
460.16,158.85,29.135,83.91
458.89,159.07,29.104,83.818
457.49,156.29,29.065,83.706
457.48,156.24,29.08,83.749
457.19,155.37,29.026,83.595
457.06,154.87,29.007,83.54
457.25,153.56,28.952,83.382
456.91,153.46,28.89,83.204
456.5,153.46,28.872,83.153
455.44,153.49,28.888,83.198
454.63,151.81,28.681,82.602
454.23,151.59,28.625,82.439
453.7,151.46,28.505,82.094
453.45,151.51,28.341,81.623
453.47,150.96,28.274,81.429
452.98,150.48,28.306,81.52
452.24,149.91,28.241,81.335
451.86,150.43,28.118,80.981
451.35,150.55,28.072,80.848
450.78,149.34,28.028,80.722
450.19,148.58,28.014,80.679
449.89,149.11,28.066,80.829
449.81,148.41,28.123,80.993
450.07,147.85,28.287,81.466
449.38,146.83,28.322,81.566
447.57,146.9,28.2,81.216
446.72,147.6,28.126,81.004
446.17,146.33,28.119,80.981
445.61,146.12,28.213,81.253
444.93,145.87,28.289,81.471
443.4,145.41,28.209,81.242
443.45,144.78,28.28,81.446
442.76,144.23,28.338,81.612
442.46,143.95,28.373,81.715
440.91,143.67,28.192,81.193
440.22,143.46,28.077,80.861
440.22,142.85,27.948,80.491
440.1,142.79,27.911,80.383
439.67,143.3,27.796,80.051
439.46,142.86,27.781,80.008
438.85,141.38,27.798,80.059
438.42,141.16,27.825,80.136
437.1,141.59,27.678,79.711
436.13,141.31,27.574,79.412
434.99,139.84,27.211,78.367
434.63,140.5,27.111,78.079
433.5,141.55,26.918,77.522
433.75,141.26,26.815,77.229
433.29,139.87,26.777,77.116
433.31,139.1,26.61,76.636
432.68,140.07,26.723,76.961
430.77,140.22,26.656,76.768
429.36,140.38,26.607,76.627
429.37,139.87,26.501,76.322
428.84,139.56,26.106,75.184
428.54,140.71,25.912,74.626
429.17,140.19,25.936,74.697
428.87,139.43,25.928,74.672
429.02,138.74,25.895,74.578
428.53,139.59,25.957,74.755
428.4,139.96,25.872,74.51
428.37,139.7,25.856,74.465
428.11,139,25.802,74.311
428.51,139.66,25.759,74.185
428.23,139.43,25.804,74.315
429.1,138.88,25.861,74.481
429.21,137.69,25.936,74.696
428.57,137.41,25.667,73.921
427.15,138,25.721,74.076
426.77,136.46,25.729,74.1
426.02,135.68,25.743,74.14
425.78,135.68,25.462,73.332
425.48,136.12,25.214,72.616
425.81,135.79,25.217,72.625
425.74,134.07,25.009,72.027
426.42,134.37,24.879,71.652
425.52,134.53,24.774,71.35
424.81,134.4,24.737,71.243
423.72,133.08,24.846,71.557
422.97,132.03,24.799,71.422
422.99,132.98,24.879,71.651
422.67,132.81,24.723,71.203
423.25,131.77,25.109,72.315
422.88,130.92,25.179,72.516
422.61,130.25,25.077,72.22
422.65,131.03,25.233,72.671
421.34,130.05,25.553,73.594
420.42,129.48,25.808,74.328
419.73,129.24,26.032,74.972
418.98,129.02,26.086,75.129
419.26,129.37,26.094,75.15
419.06,128.83,26.099,75.164
418.57,127.84,26.087,75.131
418.05,127.89,26.16,75.34
417.05,128.11,26.083,75.12
416.69,128.13,25.906,74.61
415.6,126.86,25.79,74.276
415.09,126.83,25.429,73.236
414.39,126.96,25.146,72.421
414.09,127.24,24.911,71.744
414.09,126.05,24.519,70.616
414.53,125.57,24.226,69.77
413.58,125.61,24.272,69.904
412.2,125.72,24.237,69.803
410.77,124.84,24.087,69.371
