174.5,94.5,81,114
176.43,95.363,80.775,113.68
177.08,95.706,81.127,114.18
177.66,96.123,80.758,113.66
178.14,96.455,80.488,113.28
178.44,96.913,80.156,112.81
178.6,97.136,80.138,112.79
179.16,98.609,80.217,112.9
179.3,100.48,79.607,112.04
181.66,103.3,78.53,110.52
182.11,103.2,78.196,110.05
181.61,102.07,78.637,110.67
178.77,99.859,79.249,111.53
175.58,97.6,79.486,111.87
171.77,95.144,80.944,113.92
169.73,94.707,81.082,114.12
167.73,94.196,81.243,114.34
164.95,92.94,81.962,115.35
162.79,91.988,82.429,116.01
160.51,89.953,83.184,117.07
160.17,90.161,82.987,116.8
159.93,90.058,83.22,117.12
159.81,89.81,83.869,118.04
159.93,90.111,83.996,118.22
162.08,93.094,84.257,118.58
161.97,92.174,84.752,119.28
164.05,94.377,84.784,119.33
164.1,95.792,84.638,119.12
163.47,95.01,85.213,119.93
160.04,92.045,86.273,121.42
157.15,89.993,86.922,122.34
157.5,91.335,87.184,122.7
145.28,82.614,88.546,124.62
130.09,75.505,88.567,124.65
116.5,71.495,88.694,124.83
110.17,73.019,88.652,124.77
102.35,71.416,87.388,122.99
97.971,70.449,87.983,123.83
96.808,69.404,89.961,126.61
74.622,57.163,91,128.07
65.879,54.136,91.972,129.44
55.582,51.903,92.777,130.58
46.706,49.789,93.313,131.33
31.054,44.132,94.668,133.24
8.2792,39.22,94.415,132.88
-9.9986,36.331,94.469,132.96
-20.599,36.429,93.983,132.27
-27.207,31.251,92.513,130.2
-35.19,27.905,91.234,128.4
-49.931,26.764,90.704,127.66
-41.47,28.38,89.282,125.66
-38.093,25.931,87.761,123.52
-21.094,27.701,86.896,122.3
-35.877,29.313,87.34,122.92
-40.391,29.126,86.875,122.27
-36.507,29.036,87.482,123.12
-38.631,28.772,87.081,122.56
-37.985,29.779,87.05,122.52
-40.814,29.086,85.733,120.66
-38.786,28.771,85.095,119.76
-21.393,32.931,84.737,119.26
-37.708,29.433,85.016,119.65
-38.154,28.183,85.218,119.94
-37.951,28.773,85.466,120.29
-38.557,29.286,85.826,120.79
-37.899,29.612,85.204,119.92
-37.041,29.633,85.222,119.94
-36.225,30.07,85.161,119.86
-36.654,29.888,84.602,119.07
-37.2,29.763,84.747,119.27
-37.419,29.961,84.917,119.51
-38.394,29.83,85.628,120.51
-37.83,29.989,85.217,119.94
-45.865,34.398,85.466,120.29
-43.058,32.54,85.372,120.15
-35.054,30.62,84.912,119.51
-28.797,27.372,83.744,117.86
-41.328,31.616,83.84,118
-34.989,29.968,84.388,118.77
-31.863,32.864,84.751,119.28
-26.294,34.82,85.158,119.85
-32.822,35.257,84.819,119.37
-36.164,37.46,84.839,119.4
-10.259,58.043,85.406,120.2
5.4202,52.331,85.747,120.68
10.874,58.083,86.568,121.84
38.666,52.249,87.396,123
42,55.565,87.681,123.4
64.451,61.848,88.238,124.19
83.044,66.116,88.103,124
94.763,67.923,88.569,124.65
101.3,70.537,88.412,124.43
104.51,74.256,88.73,124.88
106.67,74.53,88.329,124.31
109.19,74.587,88.25,124.2
117.37,77.234,88.862,125.07
127.91,78.754,88.978,125.23
149.34,83.151,89.464,125.91
155.12,83.185,89.715,126.27
160.14,84.975,89.765,126.34
163.7,84.538,89.811,126.4
166.83,86.115,90.247,127.01
172.05,89.866,89.787,126.37
176.89,92.558,89.171,125.5
171.68,87.71,88.799,124.98
177.07,92.234,88.413,124.43
209.37,99.929,88.615,124.72
227.06,102.95,89.288,125.66
221.08,98.599,90.137,126.86
250.42,99.406,90.857,127.87
249.55,94.655,91.397,128.63
292.04,115.5,92.278,129.87
323.93,141.62,92.16,129.71
339.79,187.25,91.555,128.86
359.31,204.44,91.194,128.35
373.71,232.74,91.196,128.35
366.29,235.43,92.253,129.84
370.43,248.3,92.084,129.6
349.83,242.16,91.33,128.54
373.15,228.12,91.779,129.17
378.48,223.15,92.022,129.51
377.7,222.73,92.197,129.76
378.78,196.9,91.825,129.23
385.74,161.97,91.991,129.47
389.94,161.37,92.044,129.54
396.11,160.09,91.659,129
398.79,160.55,91.438,128.69
405.07,166.03,91.226,128.39
417.93,166.37,90.764,127.74
423.82,167.99,91.069,128.17
429.02,168.61,91.288,128.48
432,170.41,91.362,128.58
436.13,171.17,91.044,128.14
