318.5,135.5,16,45
319.37,135.15,16.252,45.708
318.75,134.81,16.49,46.379
318.26,134.82,16.487,46.368
318.15,134.51,16.701,46.972
317.68,133.51,16.748,47.104
318.07,131.19,17.051,47.957
317.79,127.39,17.072,48.016
320.85,133.16,17.042,47.931
322.51,134.13,16.975,47.742
320.6,132.55,16.934,47.626
320.45,133.15,16.87,47.447
319.9,133.58,16.89,47.503
320.09,133.24,17.159,48.26
320.52,134.64,16.965,47.714
318.5,134.83,16.982,47.763
316.23,135.66,16.945,47.658
322.4,131.72,17.406,48.953
322.05,132.14,17.496,49.207
321.05,132.34,17.893,50.323
321.03,130.77,18.029,50.706
319.51,130.67,18.183,51.139
320.24,131.08,18.107,50.927
318.88,130.94,18.246,51.317
319.43,131.5,18.133,50.998
319.28,131.24,18.265,51.37
319.6,131.03,18.576,52.246
318.59,130.87,18.711,52.624
319.05,130.19,18.681,52.542
318.71,131.37,18.584,52.267
318.27,130.03,18.733,52.686
317.75,130.34,18.632,52.403
317.82,129.82,18.671,52.511
317.82,129.68,18.604,52.325
318.71,130.87,18.579,52.254
317.58,130.07,18.722,52.656
318.21,130.12,18.712,52.629
318.17,130.09,18.708,52.618
317.78,130.24,18.76,52.761
318.54,130.9,18.917,53.204
317.83,130,19.025,53.508
318.38,130.17,19.025,53.508
318.43,130.04,19.109,53.743
318.59,130.23,19.15,53.86
318.92,130.55,19.163,53.897
319.02,129.84,19.124,53.785
318.3,130.31,19.156,53.878
318.37,130.18,19.129,53.799
318.34,130.27,19.109,53.745
318.48,130.73,19.04,53.549
318.51,129.95,19.03,53.521
318.43,130.1,19.045,53.564
318.97,130.12,19.047,53.57
318.84,129.93,19.051,53.58
319.46,130.68,19.072,53.64
319.34,130.24,18.936,53.258
319.21,129.61,18.946,53.287
319.58,129.63,18.84,52.987
320.03,130.39,18.793,52.855
320.59,130.53,18.82,52.931
319.89,130.2,18.855,53.03
319.11,130.01,18.877,53.091
318.9,129.87,18.953,53.306
318.74,129.8,18.887,53.119
319.56,130.45,18.88,53.099
318.64,130,18.886,53.116
318.59,130.05,18.91,53.183
318.19,129.91,18.875,53.085
318.48,130.18,18.87,53.071
319.08,130.51,18.838,52.981
318.88,130.42,18.819,52.927
318.87,130.47,18.842,52.994
318.86,130.48,18.849,53.013
318.49,130.29,18.838,52.982
319.08,130.51,18.839,52.985
318.31,130.6,18.847,53.007
318.37,130.46,18.849,53.014
317.97,130.31,18.895,53.143
317.76,130.04,18.902,53.162
318.56,130.44,18.887,53.121
318.3,130.23,18.895,53.141
318.28,130.04,18.879,53.098
318.73,130.15,18.904,53.167
318.38,129.9,18.933,53.248
318.53,130.37,18.94,53.269
317.99,129.83,18.984,53.392
317.97,129.79,18.968,53.347
317.93,129.82,19.006,53.456
318.22,130.05,19.04,53.55
318.97,130.69,19.068,53.629
318.46,130.12,19.101,53.722
318.46,130.22,19.092,53.695
318.48,130.14,19.136,53.819
318.35,129.8,19.178,53.939
318.41,129.53,19.178,53.938
318.03,129.35,19.242,54.118
318.01,129.29,19.196,53.989
318.07,129.44,19.179,53.941
318.15,129.39,19.127,53.794
319.45,130.64,19.104,53.729
318.7,130.07,19.125,53.788
318.39,129.98,19.137,53.822
318.37,129.8,19.067,53.626
318.42,130.16,19.04,53.551
318.5,130.78,18.999,53.433
317.77,129.96,18.983,53.39
317.47,129.85,18.933,53.25
317.55,129.92,18.901,53.158
317.56,129.8,18.941,53.27
318.53,130.37,18.938,53.263
317.9,129.74,18.975,53.367
318.2,129.78,18.977,53.373
318.45,129.72,18.991,53.412
318.45,129.6,19.006,53.454
319.52,130.32,18.969,53.351
318.55,129.69,18.977,53.374
318.55,129.53,19.04,53.551
319.17,130.1,19.042,53.557
319.1,130.07,19.007,53.458
319.51,130.32,18.972,53.36
318.84,129.58,19.011,53.468
319.37,130.03,18.952,53.302
319.02,129.7,18.984,53.392
319.09,129.64,19.067,53.626
320.47,130.69,19.065,53.62
319.6,130.04,19.044,53.563
319.68,130.17,19.006,53.455
319.5,129.73,18.99,53.411
319.19,129.45,19.047,53.568
320.51,130.3,18.988,53.402
319.41,129.43,18.957,53.316
319.36,129.51,18.961,53.327
319.21,129.52,18.969,53.35
319.44,129.51,18.913,53.194
319.55,130.43,18.895,53.142
319.56,129.74,18.859,53.041
319.84,129.94,18.868,53.066
319.72,129.8,18.896,53.144
319.7,129.59,18.857,53.035
320.58,130.49,18.85,53.016
319.91,129.77,18.89,53.127
319.69,129.52,18.956,53.314
319.43,129.26,18.997,53.428
319.4,129.36,18.991,53.412
319.48,129.73,19.034,53.533
319.56,129.73,19.065,53.62
319.4,129.77,19.128,53.797
319.35,129.7,19.092,53.697
319.35,129.67,19.093,53.699
319.46,130.16,19.086,53.678
319.3,129.58,19.126,53.791
319.43,129.65,19.102,53.724
319.56,129.61,19.086,53.681
319.71,129.67,19.004,53.448
320.49,129.76,19.017,53.484
319.63,129.39,19.005,53.451
319.72,129.41,19.079,53.66
319.99,129.65,19.118,53.769
319.64,129.56,19.156,53.877
319.41,129.54,19.17,53.917
319.12,129.1,19.161,53.891
319.35,129.43,19.14,53.83
319.06,129.28,19.153,53.868
318.96,129.51,19.163,53.896
319.43,129.59,19.133,53.811
319.43,129.81,19.098,53.713
319.51,129.69,19.061,53.608
319.61,129.64,19.104,53.731
319.5,129.78,19.063,53.615
320.47,130.19,19.062,53.611
319.39,129.74,19.064,53.616
319.36,129.7,19.099,53.717
319.32,129.77,19.13,53.803
319.27,129.69,19.12,53.774
319.44,130.62,19.116,53.765
319.21,129.8,19.133,53.812
319.14,129.63,19.172,53.92
318.5,129.32,19.179,53.942
318.79,129.19,19.188,53.967
319.39,129.48,19.217,54.049
318.61,129.24,19.25,54.142
318.59,129.93,19.046,53.568
319.37,130.96,18.927,53.232
318.91,131.37,18.67,52.509
319.68,132.28,18.647,52.444
318.93,132,18.553,52.181
319.3,132.75,18.372,51.67
318.81,132.28,18.359,51.634
318.76,132.38,18.337,51.573
319.34,133.24,18.319,51.522
318.61,132.55,18.373,51.675
318.33,132.27,18.438,51.856
318.31,132.18,18.564,52.212
318.2,132.25,18.554,52.182
319.23,133.44,18.534,52.127
318.51,132.67,18.482,51.981
318.66,132.69,18.468,51.942
318.44,132.31,18.533,52.123
319.05,132.48,18.513,52.067
319.79,133.09,18.428,51.83
319.24,132.4,18.436,51.853
318.95,132.16,18.48,51.974
319.11,132.41,18.521,52.091
319.23,132.56,18.486,51.992
319.23,132.92,18.546,52.162
318.86,132.41,18.546,52.162
