600.5,279.5,31,78
600.59,276.25,30.842,77.603
600.93,276.6,31.004,78.011
600.59,277.54,30.816,77.538
601.32,278.63,30.303,76.247
600.99,279.05,29.956,75.373
600.65,280.24,29.19,73.446
601.26,281.04,28.882,72.672
601.12,282.7,29.441,74.078
601.75,283.38,29.605,74.489
602.18,283.05,29.791,74.958
601.84,283.92,29.691,74.706
601.8,284.72,29.713,74.762
601.25,284.5,30.244,76.098
601.03,284.73,30.19,75.961
600.23,285.34,30.325,76.302
599.18,285.29,30.249,76.11
598.14,284.9,30.272,76.167
597.32,284.22,30.421,76.542
594.98,284.25,30.339,76.336
592.87,287.23,30.068,75.655
591.69,288.92,30.063,75.643
589.87,290.18,30.171,75.914
587.49,290.26,30.71,77.269
585.15,291.7,31.16,78.401
584.87,292.07,31.506,79.272
583.85,292.2,31.317,78.798
583.87,292.65,31.433,79.09
583.16,292.72,30.814,77.532
583.08,293.18,30.846,77.613
582.32,293.69,30.541,76.845
581.44,294.34,30.192,75.967
580.84,296.19,30.21,76.012
580.19,297.25,30.113,75.769
579.19,298.29,30.02,75.535
578.36,299.23,30.626,77.059
576.22,299.59,30.622,77.048
574.37,299.9,30.484,76.701
572.35,299.83,30.698,77.239
564.04,296.13,31.506,79.274
556.39,292.59,31.491,79.236
552.7,289.28,31.984,80.476
549.33,284.66,32.21,81.044
546.3,281.17,32.27,81.196
545.4,281.48,32.113,80.8
543.35,283.6,31.903,80.272
540.26,287.68,31.796,80.004
536.92,293.92,31.336,78.845
532.74,299.6,31.331,78.832
528.38,307.07,31.514,79.294
525.64,312.63,31.286,78.719
523.98,316.21,31.236,78.593
524.73,318.85,31.165,78.416
530.46,318.08,31.427,79.074
536.67,313.73,31.635,79.597
540.56,306.6,32.023,80.573
542.36,294.98,32.427,81.59
545.74,289.39,31.846,80.129
549.52,290.73,31.837,80.106
552.98,294.34,31.481,79.209
553.02,302.7,31.286,78.719
552.94,310.99,31.528,79.329
555.31,317.51,31.422,79.063
556.31,321.94,31.35,78.881
557.87,322.23,31.514,79.294
554.93,320.72,32.062,80.672
553.89,318.08,32.375,81.459
553.58,316.3,32.302,81.277
553.87,314.16,32.363,81.43
553.68,312.42,32.409,81.545
551.82,309.52,32.562,81.93
550.93,307.45,32.679,82.226
550.64,307.7,32.819,82.576
548.32,305.95,33.04,83.132
543.77,303.93,33.267,83.705
540.81,301.87,33.648,84.662
541.87,299.08,33.816,85.085
543.63,298.19,33.521,84.343
546.52,298.4,33.202,83.541
548.96,300.04,33.114,83.319
550.28,303.73,32.761,82.43
551.2,307.13,32.438,81.617
550.93,308.92,32.139,80.865
551.68,311.31,32.103,80.776
551.37,313.56,32.071,80.695
551.72,315.13,31.931,80.343
551.78,316.02,32.02,80.567
554.27,316.79,32.367,81.439
557.28,318.52,32.654,82.161
558.19,319.78,32.707,82.295
556.29,322.39,32.581,81.977
553.11,322.9,32.708,82.298
551.06,323.03,33.006,83.047
549.62,321.72,33.014,83.067
548.99,320.63,32.92,82.832
547.55,319.93,33.245,83.648
545.3,320,33.417,84.082
543.39,320.1,33.317,83.831
541.89,321.2,33.458,84.185
539.04,321.06,33.879,85.244
534.77,321.25,33.834,85.13
530.53,321.4,33.831,85.124
528.54,320.57,33.867,85.215
526.44,319.16,33.59,84.517
525.86,317.6,33.721,84.846
525.65,315.39,33.853,85.179
525.02,314.18,33.636,84.634
525.33,313.77,33.639,84.641
525.46,313.47,33.713,84.827
524.91,314.24,33.895,85.284
524.06,316.13,33.486,84.256
523.31,317.42,33.565,84.455
523.56,319.01,33.83,85.121
524.28,319.78,34.12,85.85
525.17,321.34,34.258,86.198
525.08,321.27,34.274,86.238
524.63,320.78,34.395,86.543
523.78,319.96,34.406,86.57
523.79,319.18,34.389,86.527
523.85,317.17,34.52,86.857
523.9,316.7,34.655,87.196
523.9,316.74,35.075,88.252
523.25,317.4,35.002,88.068
522.37,317.01,35.362,88.977
521.56,317.48,35.381,89.024
520.91,318.46,35.553,89.457
520.21,319.69,35.54,89.422
519.16,319.8,35.801,90.081
518.06,319.53,35.754,89.963
517.54,320.08,35.771,90.004
516.46,320.19,35.598,89.569
516.55,320.8,35.636,89.665
516.71,320.91,35.677,89.767
516.79,320.65,35.56,89.473
517.03,320.35,35.569,89.496
516.36,320.22,35.762,89.982
515.94,319.84,35.977,90.523
514.66,319.08,36.237,91.177
514.45,319.31,36.395,91.574
513.51,319.48,36.414,91.622
513.16,320.05,36.562,91.996
513.61,320.68,36.759,92.491
514.56,320.53,36.442,91.693
516.09,320.95,36.336,91.427
517.62,321.92,36.453,91.721
518.97,322.94,36.375,91.524
519.95,323.68,36.466,91.752
520.88,324.42,36.357,91.478
521.71,325.46,36.198,91.08
522.71,326.87,36.414,91.622
521.6,328.96,36.133,90.916
520.65,330.85,36.389,91.56
518.82,331.75,36.613,92.124
518.41,332.45,36.897,92.838
516.92,331.93,37.09,93.324
515.56,331.35,37.2,93.599
514.13,329.92,37.351,93.98
512.67,328.76,37.426,94.17
511.04,327.69,37.395,94.09
509.72,327.13,37.47,94.278
508.58,326.23,37.384,94.064
506.59,326.06,37.49,94.329
504.21,325.49,37.625,94.67
502.38,325.2,37.789,95.081
501.52,325.14,37.593,94.589
499.22,325.16,37.945,95.475
498.11,324.43,38.042,95.719
497.69,323.45,38.078,95.81
497.09,322.7,38.241,96.219
496.21,322.08,38.029,95.687
494.06,321.47,38.249,96.239
492.69,320.84,38.204,96.127
491.62,320.48,38.096,95.853
490.3,320.12,38.596,97.112
489.06,319.38,38.7,97.374
488.04,318.42,39.074,98.315
487.46,318.39,38.903,97.884
486.61,317.9,38.927,97.947
486.63,317.65,39.071,98.307
485.65,317.19,39.266,98.798
484.96,316.44,39.261,98.787
484.08,316.27,39.272,98.812
483.14,316.38,39.031,98.208
483.42,316.53,38.747,97.493
482.97,316.7,38.492,96.85
482.51,317.96,38.404,96.628
480.92,318.27,38.146,95.981
480.03,319.5,38.1,95.865
479,320.13,38.16,96.015
477.49,320.47,38.553,97.004
476.56,320.49,38.711,97.403
475.95,320.29,38.835,97.715
474.77,320.06,38.912,97.909
473.34,319.82,39.167,98.549
473.03,318.78,39.661,99.792
472.79,316.4,39.964,100.55
473.59,314.44,40.238,101.24
474.14,312.07,40.042,100.75
475.18,310.57,39.964,100.55
475.88,309.08,39.719,99.938
475.91,307.01,39.736,99.982
475.48,306.04,39.536,99.477
474.28,306.5,39.48,99.336
471.53,307.31,39.609,99.661
469.27,308.61,39.702,99.896
465.83,310.09,39.688,99.859
462.67,311.57,39.979,100.59
460.27,311.99,40.039,100.74
458.11,312.03,40.005,100.66
456.6,311.92,40.051,100.77
453.55,311.83,40.056,100.79
450.44,311.43,40.1,100.9
448.94,310.83,40.297,101.39
446.94,310.06,40.289,101.37
445.71,310.05,40.01,100.67
443.42,310.05,40.046,100.76
440.67,309.53,40.546,102.02
438.22,309.8,40.604,102.17
436.42,310.81,40.836,102.75
434.23,310.35,41.239,103.76
432.87,309.17,41.855,105.31
432.68,307.7,42.327,106.5
431.83,306.53,42.32,106.48
430.09,305.31,42.445,106.8
429.07,304.65,42.452,106.81
427.34,304.75,42.27,106.36
424.31,305.81,41.756,105.06
420.73,306.3,41.384,104.13
417.99,308.07,41.227,103.73
414.34,309.6,41.349,104.04
410.53,311.62,41.577,104.61
406.15,311.81,41.705,104.94
401.97,310.57,42.114,105.96
397.3,310.61,42.463,106.84
393.59,309.94,42.706,107.45
390.44,308.79,42.776,107.63
388.44,307.6,43.077,108.39
386.56,307.84,43.028,108.26
384.57,308.36,42.918,107.99
382.39,307.9,43.524,109.51
380.68,307.53,43.405,109.21
379.08,307.59,43.139,108.54
377.13,307.27,42.471,106.86
392.68,311.97,43.046,108.31
399.67,304.41,42.319,106.48
437.61,309.39,42.588,107.16
434.87,307.19,43.448,109.32
434.15,305.85,43.942,110.56
432.66,304.29,43.596,109.69
430.14,301.93,43.227,108.77
429.78,300.94,42.854,107.83
430.19,299.73,42.846,107.81
430.3,299.66,42.969,108.12
430.38,299.39,42.845,107.8
428.98,298.1,43.351,109.08
428.18,297.55,43.714,109.99
425.2,296.8,44.289,111.44
423.03,296.13,43.961,110.61
418.06,295.85,44.037,110.8
417.23,295.13,44.067,110.88
415.65,295.42,43.959,110.61
414.16,296.37,44.027,110.78
413.39,296.56,43.8,110.21
413.07,298.18,43.567,109.62
413.7,298.16,43.39,109.17
413.08,298.94,43.252,108.83
413.87,298.63,42.816,107.73
430.22,294.93,42.301,106.43
428.52,295.49,41.686,104.89
426.78,295.52,41.425,104.23
453.48,298.35,41.237,103.76
468.22,295.76,41.381,104.12
467.16,297.44,41.859,105.32
464.81,297.49,42.615,107.23
462.82,296.93,43.496,109.44
461.91,295.94,44.029,110.78
462.69,294.72,44.683,112.43
459.96,292.46,44.865,112.89
458.53,291.66,45.197,113.72
456.19,290.41,44.957,113.12
456.65,289.9,44.7,112.47
453.02,289.61,44.126,111.03
450.87,290.34,43.644,109.81
450.47,291.2,43.621,109.76
448.55,292.17,43.602,109.71
446.82,293.03,43.816,110.25
442.33,293.2,44.311,111.49
440.11,292.37,44.821,112.77
439.72,291.77,45.359,114.13
436.3,290.28,45.525,114.55
433.68,291.5,45.925,115.55
433.36,291.2,46.118,116.04
433.34,289.99,45.653,114.87
451.01,287.21,45.035,113.31
454.17,286.19,44.436,111.81
453.96,287.85,43.822,110.26
453.59,289.3,43.505,109.46
453.91,290.36,43.623,109.76
452.68,289.25,43.806,110.22
452.41,286.47,43.841,110.31
454.62,287.66,44.594,112.2
471.59,282.97,43.977,110.65
507.84,281.54,44.049,110.83
509.92,282.07,44.313,111.5
513.68,280.75,44.576,112.16
515.26,279.64,44.531,112.05
518.77,280.32,44.23,111.29
520.84,281.37,43.968,110.63
521.13,285.06,43.846,110.32
521.22,287.3,43.705,109.97
520.9,288.35,43.807,110.22
519.95,288.65,44.569,112.14
519.21,286.78,45.136,113.57
519.7,285.43,45.481,114.44
520.65,283.3,45.562,114.64
520.68,282.64,45.627,114.8
517.73,280.03,45.311,114.01
518.66,279.05,45.044,113.34
541.87,272.18,45.022,113.28
541.6,270.63,45.027,113.29
539.98,269.52,44.94,113.07
537.98,270.05,44.789,112.7
534.82,271.5,44.86,112.87
533.29,273.69,45.065,113.39
533.9,274.33,45.567,114.65
533.76,272.24,45.584,114.7
531.89,269.51,45.191,113.71
529.14,269.03,45.035,113.31
527,271,45.038,113.32
529.05,276.14,45.004,113.24
527.03,274.52,44.5,111.97
527.13,273.3,44.001,110.71
486.52,275.87,44.569,112.14
485.37,278.33,44.774,112.66
486.86,282.92,44.567,112.14
486.53,286.4,44.556,112.11
480.66,288.76,45.135,113.57
475.49,289.84,45.601,114.74
474.75,287.58,45.672,114.92
472,284.86,45.646,114.85
468.31,280.54,45.514,114.52
448.51,280.38,46.086,115.96
406.71,275.12,45.944,115.6
406.01,275.08,45.887,115.46
407.45,274.45,45.727,115.05
404.43,273.77,45.514,114.52
404.07,273.22,45.244,113.84
402.31,274.4,45.412,114.26
399.84,275.43,45.669,114.91
398.54,274.9,45.662,114.89
398.29,273.72,45.601,114.74
395.24,274.52,46.488,116.97
392.48,269.65,46.663,117.41
392.08,267.75,46.683,117.46
394.25,265.56,46.99,118.23
394.75,262.68,46.913,118.04
396.37,260.77,47.123,118.57
397.9,260.21,47.19,118.74
399.63,261.13,47.297,119
401.43,262.88,46.936,118.1
401.81,265.88,46.731,117.58
400.62,270.41,46.883,117.96
397.07,273.66,47.633,119.85
393.6,276.01,48.255,121.41
426.9,273.71,48.277,121.47
424.67,272.23,48.399,121.78
428.15,262.23,48.159,121.17
433.5,255.57,48.161,121.18
439.94,244.65,48.178,121.22
446.87,232.71,48.249,121.4
450.95,222.26,48.237,121.37
456.87,212.8,48.361,121.68
459.64,208.4,48.441,121.88
461.52,206.37,48.483,121.99
466.05,206.42,48.8,122.79
469.75,207.55,48.846,122.9
472.75,211.25,48.959,123.19
476.33,221.83,49.164,123.7
479.15,228.03,49.305,124.06
478.23,233.43,49.554,124.68
479.77,239.46,50.043,125.91
483.56,242.24,50.464,126.98
490.37,242.38,50.493,127.05
497.94,242.4,50.432,126.89
502.21,243.76,50.173,126.24
505.27,245.53,50.382,126.77
510.95,247.38,50.736,127.66
516.86,247.15,50.999,128.32
522,247.85,51.352,129.21
528.34,247.78,51.952,130.72
533.38,245.92,52.6,132.35
534.92,243.75,53.089,133.58
535.53,244.85,53.053,133.49
535.38,247.84,52.914,133.14
533.19,252.26,52.836,132.94
533.71,255.85,52.72,132.65
534.75,258.68,52.55,132.22
535.93,262.4,52.644,132.46
536.82,264.13,52.727,132.67
539.95,264.49,53.106,133.62
542.98,265.49,53.23,133.93
544.25,265.88,53.75,135.24
545.22,266,54.089,136.09
546.69,266.42,54.537,137.22
548.51,266.16,55.277,139.08
550.81,264.88,55.489,139.62
551.02,263.72,55.319,139.19
554.12,262.6,55.779,140.35
556.8,260.87,55.771,140.33
554.57,259.35,55.801,140.4
554.26,258.97,55.31,139.17
553.66,263.01,54.911,138.16
553.68,268.65,54.376,136.82
554.72,271.76,53.938,135.71
554.68,275.32,53.746,135.23
553.76,277.28,53.743,135.22
553.56,277.84,54.092,136.1
553.94,276.39,54.755,137.77
553.19,271.99,55.348,139.26
555.03,267.57,55.742,140.25
563.08,266.63,56.063,141.06
571.84,265.85,56.301,141.66
579.86,266.63,55.819,140.45
581.99,268.91,55.311,139.17
579.11,275.66,54.535,137.22
573.58,286.18,54.145,136.24
568.5,293.21,53.891,135.6
561.27,300.57,53.738,135.21
558.12,303.63,54.252,136.5
556.21,303.81,54.564,137.29
553.54,301.1,55.276,139.08
548.65,294.04,55.804,140.41
544.42,287.05,56.164,141.32
537,287.15,56.356,141.8
529.15,286.31,56.419,141.96
524.83,284.56,56.832,143
521.78,279.95,57.175,143.86
521.85,274.5,57.355,144.31
523.77,270.86,57.224,143.98
523.4,268.12,57.055,143.56
524.72,265.9,57.15,143.8
524.87,261.78,57.257,144.06
525.69,258.17,57.269,144.1
525.67,256.64,57.526,144.74
524.46,255.52,58.335,146.78
521.28,252.6,58.881,148.15
516.2,250.57,58.684,147.66
513.04,248.35,58.65,147.57
509.07,246.97,58.748,147.82
508.42,244.41,58.403,146.95
508.43,243.18,58.338,146.78
509.31,241.2,58.344,146.8
508.65,239.81,58.644,147.56
505.38,239.7,58.803,147.96
500.05,240.96,58.837,148.04
492.49,241,58.795,147.94
485.8,239.54,58.952,148.33
482.3,239.85,59.028,148.52
479.53,239.89,59.161,148.86
476.75,238.71,59.16,148.86
473.18,239.7,59.344,149.32
468.98,240.51,59.673,150.14
462.68,241.84,59.14,148.8
461.03,243.78,58.67,147.62
460.78,248.1,58.429,147.01
459.93,252.98,58.223,146.5
456.46,254.97,58.135,146.28
452.68,254.15,58.307,146.71
450.05,253.1,58.309,146.71
451.39,251.44,58.608,147.46
454.87,250.11,59.107,148.72
457.87,248.77,59.135,148.79
461.96,247.73,59.445,149.57
469.53,248.08,59.67,150.14
485.57,245.39,59.554,149.85
508.04,243.12,59.025,148.51
529.87,241.96,58.745,147.81
546.4,242.8,58.693,147.68
564.17,242.24,58.725,147.76
573.84,242.12,58.886,148.17
581.97,240.93,59.532,149.79
586.22,239.02,59.608,149.98
590.12,237.73,59.732,150.29
592.2,237.67,60.033,151.05
593.41,237.45,60.226,151.54
596.41,237.37,60.385,151.94
602.25,236.44,60.765,152.89
610.88,236.27,60.981,153.44
619.63,237.61,61.098,153.73
622.5,236.54,61.443,154.6
628.08,235.49,61.155,153.87
634.17,233.92,60.79,152.96
643.86,233.07,60.925,153.29
649.99,233.59,61.196,153.98
650.17,234.28,60.976,153.42
648.64,235.91,61.048,153.61
641.94,237.43,61.169,153.91
636.99,237.74,62.031,156.08
634.48,236.45,62.611,157.54
633.09,233.88,62.914,158.3
630.15,233.08,62.948,158.39
626.79,231.17,62.917,158.31
622.9,228.64,63.081,158.72
619.77,225.9,62.674,157.7
617.75,225.53,62.219,156.55
616.93,226.63,61.845,155.61
613.09,227.74,61.666,155.16
609.24,229.47,61.551,154.87
607.79,231,61.565,154.91
607.5,231.77,61.677,155.19
607.96,232.15,61.859,155.65
608.23,232.99,62.113,156.29
607.03,233.61,62.402,157.01
606.45,234.07,62.928,158.33
604.67,235.43,62.773,157.95
608.49,235.91,63.043,158.62
608.96,238.59,63.528,159.84
610.44,241.18,63.33,159.35
612.29,243.53,63.071,158.7
613.76,244.91,62.367,156.92
615.22,246.23,62.167,156.42
616.43,246.38,62.241,156.61
616.22,246.92,62.452,157.14
612.09,244.66,62.54,157.36
606.87,242.69,62.605,157.52
603.65,241.82,62.995,158.5
600.57,241.95,63.203,159.03
596.35,242.26,63.562,159.93
593.68,242.11,63.48,159.72
594.59,243.32,63.473,159.71
598.29,243.13,63.566,159.94
602.67,242.97,63.388,159.49
616.3,242.15,63.295,159.26
628.21,242.14,63.065,158.68
639.99,242.43,63.177,158.96
649.39,243.07,63.561,159.93
653.61,243.56,63.937,160.87
656.82,243.41,64.08,161.23
659.28,243.88,64.371,161.97
661.15,243.23,64.693,162.78
662.4,242.03,64.724,162.85
667.74,240.93,64.74,162.89
670.64,241.39,64.655,162.68
679.69,241.49,64.775,162.98
682.79,241.73,65.363,164.46
687.13,240.2,65.464,164.72
691.74,239.74,64.705,162.81
696.44,241.12,64.394,162.02
702.61,242.15,64.254,161.67
709.18,243.23,64.41,162.06
714.85,244.27,64.425,162.1
718.75,244.71,64.664,162.7
724.25,246.12,65.182,164.01
728.23,245.26,65.484,164.77
732.34,245.15,65.633,165.14
737.6,244.99,65.515,164.84
738.17,244.8,65.408,164.57
738.58,244.53,65.386,164.52
737.72,243.74,64.993,163.53
739,243.62,64.265,161.7
738.98,243.99,63.912,160.81
738.85,244.08,63.684,160.24
740.45,245.28,63.573,159.96
743.57,245.66,63.694,160.26
744.86,246.42,63.74,160.38
745.33,247.45,63.576,159.97
743.85,247.43,63.844,160.64
740.15,247.94,64.282,161.74
736.19,247.36,64.603,162.55
731.93,246.2,64.346,161.9
730.4,245.73,64.675,162.73
731.15,243.48,64.902,163.3
728.11,243.88,65.288,164.27
726.46,242.09,65.212,164.08
723.54,241.78,64.732,162.87
719.08,242.52,64.598,162.54
713.18,242.39,64.223,161.59
708.41,242.98,64.162,161.44
702.84,243.52,64.078,161.23
699.32,243.33,64.08,161.23
696.89,243.88,63.986,161
695.81,243.34,64.223,161.59
697.2,244.15,64.443,162.15
697.51,243.56,64.643,162.65
692.39,243.63,65.058,163.69
690.49,240.71,64.865,163.21
686.16,241.1,64.673,162.73
683.33,241.02,64.758,162.94
680.16,240.61,64.652,162.67
679.25,240.97,64.255,161.67
678.79,241.85,64.017,161.08
678.32,243.53,63.692,160.26
677.12,245.87,63.518,159.82
673.9,248.9,63.657,160.17
670.21,250.57,63.631,160.1
664.43,251.47,63.603,160.03
665.69,249.49,63.762,160.43
665.89,249.54,64.174,161.47
669.71,245.68,64.346,161.9
674.72,244.48,64.721,162.85
674.26,243.68,64.755,162.93
675.53,242.33,64.778,162.99
676.11,242.51,64.26,161.69
679.12,242.74,63.683,160.24
686.98,245.48,63.436,159.61
693.87,245.55,63.403,159.53
697.88,245.83,64.19,161.51
696.16,245.45,64.431,162.12
690.86,244.43,64.659,162.69
684.86,243.61,65.272,164.23
682.31,243.12,65.397,164.55
676.76,241.7,65.467,164.72
668.33,244.61,65.486,164.77
664.37,244.08,64.671,162.72
658.45,245.06,64.615,162.58
655.11,244.43,64.462,162.19
651.64,245.12,64.433,162.12
646.68,246.67,64.614,162.58
642.94,249.88,63.986,161
639.68,253,63.889,160.75
635.78,255.07,63.731,160.35
629.52,257.81,63.844,160.64
628.67,255.94,62.9,158.26
620.35,255.62,62.841,158.12
608.6,256.94,63.41,159.55
612.61,253.86,64.145,161.4
616.74,251.3,64.905,163.31
624.83,247.29,65.249,164.18
635.84,243.62,65.766,165.47
654.29,239.48,65.94,165.91
668.01,237.6,65.451,164.68
682.47,238.08,65.058,163.69
696.39,238.04,64.965,163.46
704.34,238.69,64.514,162.33
707.77,240.12,64.466,162.2
709.34,240.24,64.444,162.15
708.28,239.7,65.126,163.87
708.04,238.27,65.153,163.93
706.46,235.53,64.952,163.43
704.24,234.25,64.384,162
701.83,233.25,63.837,160.62
700.49,234.82,64.128,161.35
702.7,234.68,63.782,160.48
711.99,234.86,63.693,160.26
720.61,234.98,63.114,158.8
725.32,235.17,62.728,157.83
726.13,236.46,62.48,157.21
724.26,236.55,63.082,158.72
720.54,236.32,63.343,159.38
719.73,235.34,63.588,159.99
720.53,233.67,63.151,158.9
723.25,233.2,62.955,158.4
725.76,233.39,62.83,158.09
725.09,232.86,62.769,157.94
724.3,232.38,62.936,158.36
723.63,232.31,62.815,158.05
724.18,232.02,62.65,157.63
724.78,231.92,62.427,157.07
725.74,232.79,62.235,156.59
726.26,234.11,61.891,155.73
727.22,235.51,61.849,155.62
726.08,235.83,61.951,155.88
723.99,235.52,62.284,156.71
723.86,235.2,62.566,157.42
726.35,233.64,62.72,157.81
726.5,233.1,62.852,158.14
723.79,232.48,63.141,158.87
726.21,231.33,62.95,158.39
732.31,230.65,62.793,157.99
737.45,230.29,62.136,156.34
741.69,229.9,61.835,155.58
745.09,230.28,61.723,155.3
745.35,230.71,61.836,155.59
739.48,231.8,62.046,156.12
734.29,231.75,61.981,155.95
729.99,231.9,62.388,156.98
729.25,230.52,62.914,158.3
729.99,230.11,62.942,158.37
732.07,230.56,63.587,159.99
735.29,230.05,64,161.03
737.48,229.02,63.776,160.47
737.03,228.26,63.551,159.9
735.8,227.33,63.371,159.45
733.89,227.8,63.073,158.7
729.24,227.89,62.648,157.63
728.92,227.67,62.336,156.85
728.79,229.38,62.241,156.61
731.58,231.05,61.869,155.67
734.32,232.7,61.837,155.59
735.45,233.15,62.096,156.24
733.84,232.65,62.326,156.82
733.23,231.66,62.802,158.02
730.99,230.17,62.633,157.59
724.75,228.99,62.607,157.53
721.95,227.15,62.378,156.95
718.88,227.33,61.961,155.9
716.19,227.98,61.823,155.55
717.76,227.99,61.88,155.7
721.58,228.4,61.589,154.97
722.75,229.19,61.245,154.1
723.66,229.53,61.243,154.1
724.58,230.23,61.195,153.97
725,230.82,61.212,154.02
724.21,229.57,61.183,153.94
724.62,228.34,61.028,153.55
724.56,229.1,61.196,153.98
726.34,228.68,61.042,153.59
727.66,227.8,61.388,154.46
728.62,227.01,61.733,155.33
729.63,225.41,61.69,155.22
727.36,224.98,61.264,154.15
722.12,225.78,60.817,153.02
720.63,226.52,60.767,152.9
719.23,227.88,60.454,152.11
717.86,229.08,60.211,151.5
718.37,229.71,60.284,151.68
721.54,230.79,60.128,151.29
724.45,230.84,60.353,151.85
724.97,230.8,60.408,151.99
723.95,230.4,60.524,152.29
718.72,229.13,60.361,151.88
711.01,228.25,60.603,152.49
702.36,224.45,60.06,151.12
691.91,226.39,59.842,150.57
691.21,228.84,59.68,150.16
691.83,227.81,59.352,149.34
694.49,228.86,59.468,149.63
696.4,229.87,59.514,149.74
696.38,230.58,59.368,149.38
694.92,229.52,59.165,148.87
692.83,229.18,58.937,148.29
689.1,230.16,59.031,148.53
689.25,229.9,59.118,148.75
687.83,228.56,59.123,148.76
689.01,228.74,58.983,148.41
689.58,228.71,58.944,148.31
690.26,229.36,58.799,147.95
694.84,228.57,58.469,147.11
699.93,228.18,58.463,147.1
703.28,228.31,58.33,146.77
705.87,229.64,57.889,145.66
707.29,231.37,57.901,145.69
706.69,232.56,57.957,145.83
702.99,232.56,58.108,146.21
701.82,231.7,58.161,146.34
701.78,231.45,57.889,145.66
703.12,229.54,57.663,145.09
699.52,226.31,57.336,144.27
700.11,224.94,57.083,143.63
698.81,225.84,56.729,142.74
693.43,226.71,56.78,142.86
692.78,225.59,56.721,142.72
694,226.19,57.042,143.53
694.72,227.91,57.314,144.21
692.96,228.51,57.382,144.38
690.44,229.67,57.052,143.55
686.01,229.54,56.872,143.1
681.55,231.2,56.709,142.69
679.21,231.28,56.639,142.51
678.1,230.42,56.713,142.7
674.89,230.37,56.851,143.04
671.53,231.06,57.195,143.91
665.66,230.22,57.173,143.86
661.22,230.24,56.861,143.07
656.97,231.99,56.683,142.62
653.14,232.71,56.315,141.7
647.71,234.27,55.74,140.25
639.44,237.46,55.391,139.37
633.72,240.05,54.838,137.98
621.66,246.32,54.744,137.74
613.03,250.65,54.636,137.47
607.39,252.9,54.631,137.46
603.96,253.58,54.562,137.29
601.44,254.26,54.679,137.58
598.71,253.05,54.629,137.45
590.34,252.5,54.415,136.91
588.56,251.59,53.892,135.6
583.55,251.55,53.543,134.72
579.61,251.93,53.577,134.81
579.58,252.33,53.81,135.39
577.89,251.78,53.828,135.44
576.78,251.21,53.853,135.5
575.53,251.02,53.897,135.61
576.39,249.81,53.947,135.74
579.85,247.86,53.71,135.14
584.86,248.6,53.673,135.05
589.02,249.08,53.687,135.08
592.55,249.68,53.753,135.25
595.16,249.65,53.633,134.95
600.67,249.9,53.534,134.7
607.37,249.27,53.333,134.19
615.14,248.75,53.195,133.85
623.34,249.31,53.119,133.65
630.06,249.7,53.1,133.61
637.07,250.73,52.947,133.22
642.72,251.77,52.663,132.51
645.89,252.41,52.807,132.87
649.99,251.71,52.781,132.8
653.04,250.93,52.632,132.43
657.69,249.96,52.483,132.06
659.2,249.22,52.239,131.44
661.6,249.12,52.282,131.55
663.21,248.69,52.331,131.67
663.43,247.68,52.519,132.15
663.25,246.71,52.581,132.3
666.45,245.46,52.382,131.8
668.03,244.46,52.127,131.16
667.91,245.07,52.018,130.88
668.83,245.22,52.143,131.2
669.84,245.35,51.935,130.67
670.17,245.79,51.8,130.33
670.88,245.95,51.61,129.86
671.51,245.97,51.551,129.71
671.88,245.63,51.477,129.52
670.37,243.79,51.539,129.68
668.96,242.51,51.839,130.43
666.12,239.95,51.828,130.41
665.35,236.5,51.78,130.29
664.27,233.37,51.719,130.13
662.7,231.46,51.712,130.11
661.76,229.68,51.461,129.48
660.98,229.41,51.128,128.65
659.37,230.48,50.78,127.77
658.75,232.19,50.554,127.2
658.37,234.22,50.19,126.28
657.96,235.3,50.01,125.83
656.1,235.69,49.92,125.61
654.6,236.26,49.722,125.11
653.41,237.14,49.752,125.18
652.63,236.26,49.728,125.12
652.13,235.03,49.73,125.13
650.36,234.63,49.586,124.76
646.63,234.9,49.42,124.35
647.58,234.89,49.313,124.08
648.4,235.75,48.952,123.17
649.59,237.01,48.728,122.61
652.39,237.22,48.848,122.91
653.97,238.1,48.919,123.09
655.69,239.13,48.591,122.26
660.13,238.75,48.297,121.52
663.88,237.82,48.363,121.69
669.1,237.48,48.283,121.49
673.19,237.04,48.488,122
674.7,236.32,48.628,122.35
676.17,235.46,48.496,122.02
676.5,234.36,48.677,122.48
676.2,233.84,48.852,122.92
673.23,233.2,48.664,122.44
671.13,232.84,48.859,122.94
666.71,232.11,48.888,123.01
663.98,232.03,48.93,123.11
662.4,232.06,49.061,123.44
661.08,231.73,49.235,123.88
657.81,232.54,49.312,124.08
655.23,232.99,49.071,123.47
653.25,233.4,48.617,122.33
651.12,234.03,48.377,121.72
647.63,234.08,47.833,120.35
644.47,234.21,47.939,120.62
641.39,233.63,47.608,119.79
639.55,234.13,47.3,119.01
634.49,235.56,47.064,118.42
632.8,235.88,46.576,117.19
630.98,236.44,46.074,115.93
626.94,236.14,45.716,115.03
625.51,237.48,45.267,113.9
623.73,237.94,45.194,113.71
621.78,237.85,45.24,113.83
620.62,237.29,45.475,114.42
621.04,236.31,45.671,114.91
621.09,235.85,45.84,115.34
621.17,235.76,46.087,115.96
620.4,234.72,46.097,115.98
620.39,233.92,46.042,115.85
620.72,234.26,45.367,114.15
620.07,235.47,45.393,114.21
620.11,236.74,45.105,113.49
619.53,236.74,45.132,113.56
619.32,237.08,44.954,113.11
617.94,238.04,44.96,113.12
616.45,238.33,44.978,113.17
614.2,238.11,44.682,112.43
611.89,238.17,44.486,111.93
610.43,237.99,44.678,112.42
607.92,236.8,44.353,111.6
606.12,237.21,43.929,110.53
605.61,237.46,43.715,109.99
605.06,236.73,43.642,109.81
603.11,237.37,43.51,109.48
603.35,237.96,43.408,109.22
601.53,238.63,43.332,109.03
601.88,239.13,43.009,108.22
602.14,239.68,42.656,107.33
600.94,239.43,42.526,107
600.01,239.55,42.618,107.23
599.25,239.52,42.617,107.23
600.45,238.64,42.641,107.29
599.48,237.78,42.923,108
599,236.68,42.989,108.17
598.36,236.41,42.81,107.71
596.22,235.97,42.844,107.8
594.44,235.74,42.704,107.45
592.33,235.72,42.561,107.09
589.63,235.88,42.278,106.38
586.72,236.66,41.753,105.06
584.11,237.9,41.46,104.32
581.53,238.5,41.372,104.1
579.9,239.53,41.086,103.38
579.32,239.69,40.949,103.03
579.33,239.79,41.159,103.56
579.18,239.66,41.033,103.25
579.14,239.57,41.082,103.37
578.33,239.63,41.048,103.28
577.87,239.14,41.002,103.17
576.49,238.95,41.004,103.17
574.18,239.41,40.954,103.05
571.83,239.95,40.682,102.36
569.24,241.88,40.373,101.58
564.19,243.8,39.889,100.37
561.29,245.14,39.701,99.893
557.6,245.89,39.679,99.837
554.8,246.25,39.71,99.916
554.82,245.81,39.931,100.47
552.65,244.9,40.243,101.26
549.98,244.29,40.284,101.36
548.74,243.7,40.172,101.08
548.27,243.08,40.279,101.35
549.69,242.74,40.17,101.07
551.46,242.36,40.168,101.07
552.73,242.07,40.166,101.06
555.26,242.06,39.897,100.39
557.63,242.21,39.671,99.818
559.52,241.04,39.601,99.642
560.83,239.11,39.658,99.785
561.55,237.54,39.525,99.45
564.07,236.02,39.649,99.763
565.36,234.1,39.648,99.759
565.91,231.79,39.865,100.31
566.12,229.8,39.847,100.26
566.98,228.63,39.509,99.41
568.69,226.83,39.282,98.838
569.17,226.3,39.029,98.202
569.38,226.08,38.992,98.109
568.7,226.18,38.894,97.863
568.22,225.96,38.764,97.534
567.92,227.4,38.471,96.799
568,229.58,38.032,95.693
566.89,231.79,37.663,94.764
564.43,233.05,37.354,93.987
562.11,234.35,37.302,93.856
558.35,234.22,37.328,93.922
556.25,233.09,37.466,94.27
553.59,232.13,37.577,94.548
551.5,230.95,37.493,94.337
549.8,230.46,37.313,93.885
547.26,230.23,37.237,93.693
545.53,230.6,37.044,93.207
545.27,230.9,37.141,93.452
545.09,230.91,37.146,93.464
543.6,231.3,36.971,93.024
540.7,231.97,36.631,92.168
539.32,232.51,36.455,91.726
537.64,232.96,36.497,91.83
536.65,233.74,36.632,92.17
535.66,234.21,36.606,92.106
534.75,234.34,36.614,92.126
533.76,233.59,36.725,92.405
532.72,233.31,36.753,92.474
531.6,233.89,36.45,91.712
531.23,234.71,36.445,91.701
531.21,235.39,36.376,91.526
530.65,235.29,36.314,91.371
531.59,234.62,36.18,91.035
534.86,234.33,36.257,91.228
535.23,233.83,36.013,90.612
535.52,234.17,36.112,90.862
533.79,234,36.029,90.652
532.84,232.61,36.172,91.012
532.84,230.95,36.039,90.679
534.26,229.76,36.108,90.852
532.76,228.7,36.106,90.848
531.86,229,35.975,90.518
531.13,228.94,35.846,90.194
530.25,229.44,35.531,89.402
530.09,230.21,35.389,89.043
529.37,229.94,35.071,88.244
529.58,230.31,34.882,87.768
530.62,229.73,34.88,87.762
532.22,230.32,34.676,87.25
533.7,231.21,34.746,87.426
534.45,231.69,34.52,86.856
534.61,231.56,34.592,87.038
534.77,231.79,34.659,87.205
533.43,231.7,34.614,87.093
531.13,231.24,34.816,87.6
529.95,230.18,34.825,87.624
529.46,229.97,34.578,87.002
529.86,230.21,34.73,87.385
530.45,231.03,34.691,87.287
532.23,232.09,34.453,86.689
532.46,232.28,34.18,86.001
531.42,232.98,34.278,86.248
528.49,233.19,34.183,86.008
526.22,233.53,34.113,85.832
524.48,233.75,34.209,86.074
522.23,234.06,34.192,86.031
520.13,234.38,34.175,85.988
517.17,234.13,34.236,86.141
515.06,233.31,34.287,86.27
512.75,232.36,34.239,86.15
508.92,232,34.149,85.923
506.3,232.71,33.955,85.436
504.75,233.81,33.645,84.655
505.67,236.06,33.618,84.587
505.07,237.64,33.536,84.381
503.77,238.43,33.274,83.721
502.95,239.31,33.319,83.834
501.58,239.06,33.43,84.115
499.33,238.4,33.588,84.513
497.91,238.29,33.884,85.256
495.49,237.84,33.799,85.042
494.86,237.61,34.133,85.882
494.49,237.58,34.051,85.675
493.59,237.21,34.001,85.552
493.09,237.27,33.567,84.459
492.6,236.86,33.399,84.036
492.01,237.04,33.313,83.819
491.77,237.81,33.034,83.118
490.52,237.83,32.793,82.512
490.13,238.43,32.779,82.476
490.08,238.87,32.585,81.989
489.87,238.88,32.438,81.619
491.38,239.29,32.355,81.409
494.91,239.58,32.533,81.858
498.54,239.07,32.482,81.73
501.12,238.83,32.557,81.918
501.89,238.59,32.504,81.785
501.81,237.96,32.579,81.972
502.13,237.35,32.502,81.78
502.68,236.89,32.525,81.837
503.44,236.02,32.543,81.883
504.24,235.77,32.285,81.232
505.31,235.63,32.274,81.205
506.14,235.42,32.296,81.26
506.71,235.05,32.411,81.549
506.72,234.73,32.275,81.207
507.17,234.78,32.533,81.858
506.52,234.05,32.499,81.771
506.93,234.16,32.29,81.247
506.99,235.22,32.197,81.012
506.37,235.71,31.996,80.507
505.93,236.02,31.356,78.896
506.13,236.64,31.249,78.627
505.74,237.31,30.998,77.994
505.78,237.63,30.818,77.543
506.49,237.84,30.877,77.69
506.3,237.96,30.988,77.97
504.83,237.61,31.033,78.084
503.15,237.77,30.887,77.715
502.31,238.26,30.935,77.835
500.45,238.39,30.908,77.768
500.01,238.62,31.219,78.552
498.58,238.87,31.336,78.845
498.03,239.35,31.374,78.94
496.17,239.31,31.082,78.207
494.84,239.4,30.815,77.535
494.72,240.92,30.665,77.156
494.09,240.8,30.533,76.825
493.32,241.06,30.668,77.164
492.46,241.08,30.533,76.825
491.83,240.9,30.786,77.462
492.75,241.03,30.934,77.835
492.51,240.4,30.847,77.616
492.95,239.89,31.09,78.227
492.2,238.29,30.967,77.917
491.97,237.4,30.886,77.714
491.84,237.27,30.899,77.745
490.96,237.19,30.887,77.715
490.44,237.7,30.664,77.154
489.78,238.16,30.241,76.091
489.61,239.11,30.076,75.676
487.79,238.96,30.028,75.554
487.18,238.21,29.984,75.443
488.17,237.13,29.943,75.34
493.54,236.65,29.931,75.31
495.85,235.68,30.113,75.767
497.49,235.12,30.147,75.853
497.79,235.33,30.086,75.701
497.95,235.82,30.2,75.988
498.24,236.38,30.424,76.55
499.45,236.3,30.325,76.302
500.15,236.3,30.122,75.791
499.96,236.11,29.956,75.372
500.17,236.35,29.853,75.115
500.48,236.48,29.763,74.887
500.64,236.34,29.809,75.002
500.08,236.23,29.838,75.076
499.15,236.15,29.666,74.643
498.36,235.93,29.492,74.206
497.75,236.2,29.355,73.861
497.32,236.5,29.246,73.586
495.7,236.72,29.34,73.824
494.63,236.82,29.311,73.751
493.25,237.15,29.227,73.538
491.73,237.36,29.049,73.09
489.45,238.15,28.86,72.615
487.45,238.78,28.806,72.48
485.82,239.52,28.598,71.957
484.08,239.54,28.459,71.607
482.81,239.82,28.301,71.209
480.8,239.9,28.226,71.02
478.63,239.48,28.199,70.952
477.16,239.04,28.272,71.136
476.1,238.82,28.402,71.462
475.41,238.52,28.397,71.451
475.02,238.48,28.301,71.208
473.91,238.53,28.3,71.207
474.6,238.85,28.107,70.722
474.45,239.34,27.772,69.878
475.42,240.04,27.758,69.843
475.15,239.94,27.632,69.526
475.89,239.87,27.49,69.168
480.26,239.19,27.615,69.482
480.91,238.64,27.658,69.591
481.63,237.24,27.688,69.668
481.61,236.59,27.888,70.17
483.59,235.27,28.115,70.74
484.34,234.64,28.117,70.746
485.94,234.22,28.128,70.775
487.9,234.14,27.891,70.177
489.74,234.36,27.777,69.889
490.51,234.55,27.646,69.56
491.14,234.38,27.47,69.117
491.85,234.41,27.353,68.825
491.79,234.22,27.321,68.744
491.78,233.8,27.185,68.4
490.58,232.89,27.12,68.236
490.2,232.74,27.126,68.251
490.36,232.26,27.271,68.616
490.4,232.25,27.059,68.083
490.41,231.99,26.979,67.882
490.36,232.34,26.901,67.686
490.19,232.61,26.879,67.63
490.17,232.71,26.813,67.465
490.29,232.58,26.979,67.883
490.48,232.74,26.99,67.91
490.68,232.86,26.939,67.782
490.9,233.43,26.764,67.341
490.52,233.74,26.608,66.949
490.9,234.15,26.494,66.661
490.91,234.53,26.534,66.763
489.76,234.73,26.54,66.778
488.55,234.55,26.603,66.937
488.35,234.09,26.516,66.718
488.58,234,26.514,66.713
488.4,233.8,26.562,66.833
487.86,233,26.658,67.074
487.05,232.95,26.772,67.361
486.51,232.93,26.515,66.716
486.45,233.01,26.431,66.503
485.84,232.72,26.452,66.556
485.06,232.4,26.518,66.723
484.69,232.54,26.453,66.56
484.28,232.68,26.313,66.206
483.89,232.49,26.333,66.257
483.16,232.36,26.393,66.408
482.31,232.1,26.274,66.109
480.79,232.25,26.214,65.959
480.24,232.05,26.213,65.955
479.14,232.15,26.132,65.751
478.29,231.98,26.031,65.497
478.34,232.44,25.891,65.145
477.68,232.91,25.921,65.221
476.7,233.12,25.865,65.08
476.62,233.88,25.695,64.652
476.9,234.02,25.485,64.124
478.44,234.12,25.446,64.025
479.72,234.55,25.361,63.812
479.34,234.42,25.311,63.686
478.21,233.86,25.404,63.919
477.75,234.26,25.47,64.085
476.52,234.04,25.459,64.057
475.34,233.99,25.465,64.073
474.73,234.18,25.411,63.938
473.74,234.6,25.308,63.678
471.65,234.94,25.033,62.985
470.3,235.31,25.017,62.946
469.41,235.74,24.972,62.833
468.75,235.87,24.873,62.583
467.63,236.01,24.841,62.504
466.24,235.72,24.809,62.423
465.37,235.76,24.839,62.499
464.26,235.72,24.876,62.59
463.57,235.7,25.045,63.017
463.14,235.15,25.157,63.297
462.33,234.56,25.211,63.433
461.83,234.17,25.296,63.648
461.48,234.31,25.263,63.564
461.21,234.45,25.186,63.371
460.76,234.41,25.128,63.226
460.56,234.57,25.081,63.107
460.45,234.93,25.11,63.18
459.4,234.86,24.95,62.776
459.35,235.44,25.077,63.096
458.95,235.29,25.151,63.283
458.28,234.96,25.126,63.221
458,234.97,25.161,63.307
457.6,235.2,25.15,63.281
457.69,235.67,25.05,63.029
457.96,236.3,25.047,63.022
458.01,236.33,25.067,63.072
457.96,236.52,25.044,63.014
458,236.52,25.066,63.069
458.04,236.51,25.091,63.133
458.07,236.55,25.087,63.121
458.03,236.55,25.106,63.169
457.71,236.18,25.107,63.173
457.85,236.33,25.078,63.099
458.29,236.8,25.008,62.925
457.85,237,24.927,62.72
456.94,237.04,25.079,63.101
455.87,237.18,25.075,63.092
454.74,237.49,25.038,62.999
453.41,237.62,25.028,62.974
451.94,237.76,25.04,63.004
450.56,237.86,25.042,63.008
449.09,238.06,24.972,62.832
447.61,238.23,25.141,63.258
446.65,237.99,25.173,63.338
446.26,238.02,25.188,63.375
446.29,237.88,25.213,63.44
447.05,237.88,25.083,63.111
448.61,238.23,25.082,63.109
448.96,238.1,25.135,63.243
449.07,237.63,25.1,63.155
449.28,237.38,25.093,63.137
449.41,237.19,25.131,63.232
448.1,236.82,25.047,63.021
447.21,237.23,25.036,62.994
445.99,237.24,25.014,62.937
444.48,237.25,25.059,63.051
443.02,237.29,25.067,63.071
441.88,237.43,25.057,63.047
440.82,237.35,25.09,63.131
439.9,237.21,25.108,63.176
438.84,236.85,25.078,63.099
438.23,237.05,25.07,63.08
437.1,236.7,25.071,63.083
436,236.51,25.125,63.217
434.77,236.12,25.126,63.22
434.07,235.95,25.168,63.327
433.17,235.84,25.195,63.395
432.44,235.97,25.12,63.206
431.58,236.17,25.101,63.156
430.66,236.35,25.066,63.07
430.47,236.69,25.065,63.067
428.81,236.85,25.009,62.927
427.41,237.11,24.952,62.781
425.85,237.24,25.04,63.005
424.44,236.94,25.07,63.08
424.03,236.57,25.046,63.019
423.51,234.73,25.142,63.26
422.28,232.32,25.142,63.261
420.6,231.05,25.067,63.072
420.04,230.35,25.036,62.994
418.95,229.8,24.993,62.886
418.27,229.65,25.04,63.003
417.32,229.7,24.969,62.824
416.35,230.05,25.1,63.155
415.2,230.05,24.971,62.829
415.23,230.74,24.996,62.893
414.69,231,25.053,63.036
414.4,231.08,24.996,62.893
414.23,230.94,25.036,62.995
414.17,230.51,25.056,63.045
413.95,229.9,25.011,62.93
413.99,229.25,25.136,63.244
413.64,228.51,25.074,63.091
413.89,228.65,25.041,63.007
414.06,228.65,25.008,62.923
414,228.53,25.092,63.136
413.56,228.71,25.049,63.027
412.59,229.07,24.958,62.798
411.63,229.45,24.987,62.872
410.58,229.22,25.035,62.99
409.04,229.01,25.025,62.967
407.69,228.88,25.034,62.99
407.13,229.02,25.044,63.014
406.8,229.77,24.94,62.752
406.88,230.64,24.949,62.775
406.89,231.07,25.054,63.04
406.98,231.2,24.995,62.892
407.38,231.63,24.928,62.721
407.58,231.81,24.907,62.67
407.65,231.49,24.976,62.843
407.88,230.65,25.057,63.047
407.73,229.6,25.053,63.037
407.95,228.26,25.011,62.931
408.08,227.16,25.143,63.264
403.63,227.44,25.229,63.479
403.7,227.51,25.204,63.416
402.79,227.34,25.229,63.479
403.59,227.45,25.257,63.549
403.62,227.43,25.246,63.523
402.15,227.56,25.273,63.591
402.07,227.24,25.285,63.62
401.93,227.75,25.302,63.662
401.85,227.98,25.307,63.675
401.86,227.58,25.347,63.776
402.44,227.73,25.238,63.501
402.24,227.56,25.089,63.126
402.91,227.49,25.147,63.273
404.52,226.9,25.169,63.329
405.13,226.92,25.047,63.022
404.49,227.2,25.049,63.027
406.49,227.36,24.991,62.881
407.26,227.13,25.008,62.922
410.18,228.54,25.233,63.489
411.27,229.02,25.529,64.235
411.79,228.74,25.764,64.826
412.79,228.9,25.808,64.936
412.91,228.57,25.819,64.963
414.07,227.76,26.049,65.542
414.69,226.98,26.029,65.491
415.89,227,25.776,64.856
416.41,226.79,26.024,65.481
417.16,226.8,25.822,64.972
417.59,226.29,25.893,65.151
418.62,225.83,25.828,64.986
419.04,225.19,25.931,65.246
419.89,224.94,25.81,64.941
420.93,225.21,25.63,64.488
422.08,226.28,25.474,64.097
423.93,227.89,25.479,64.108
425.71,228.81,25.562,64.316
426.91,229.01,25.575,64.351
427.62,229.19,25.575,64.35
428.82,228.9,25.656,64.554
429.93,228.31,25.75,64.791
430.89,228.37,25.861,65.07
431.78,227.88,25.965,65.331
432.95,226.67,26.144,65.782
434.72,224.49,25.989,65.393
437.71,217.7,25.818,64.962
437.43,216.97,25.784,64.875
437.3,216.28,25.693,64.648
437.17,216.02,25.723,64.723
438.14,216.76,25.769,64.839
439.62,217.78,25.596,64.402
440.08,217.79,25.611,64.44
441.21,218.01,25.631,64.49
442.14,217.22,25.681,64.616
439.56,214.23,25.701,64.668
440.42,213.98,25.626,64.477
439.91,213.02,25.716,64.704
439.34,212.82,25.666,64.579
439.39,212.48,25.659,64.561
441.45,213.59,25.61,64.438
441.92,214.14,25.71,64.69
442.8,215.11,25.704,64.674
443.42,215.4,25.671,64.591
442.93,214.27,25.708,64.684
440.42,212.23,25.763,64.824
439.65,211.59,25.928,65.238
438.79,211.48,25.966,65.335
438.73,211.77,25.923,65.227
439.94,213.07,25.849,65.039
440.72,213.93,26.008,65.44
441.25,214.51,25.959,65.317
441.71,213.49,26.157,65.814
442.18,212.78,26.162,65.826
441.17,212.1,26.047,65.538
440.87,211.74,26.108,65.69
441.38,211.25,26.054,65.556
441.65,211.42,26.028,65.491
441.72,211.52,25.921,65.22
442.12,211.49,25.874,65.102
442.7,211.51,25.952,65.298
442.73,211.15,26.003,65.426
442.78,210.96,25.987,65.387
442.61,210.85,26.034,65.506
442.26,210.94,25.898,65.164
442.37,211.07,25.744,64.775
441.61,211.02,25.825,64.979
441.32,211.42,25.787,64.882
441.01,211.51,25.793,64.898
440.65,211.51,25.839,65.015
440.51,211.8,25.852,65.047
440,211.56,25.88,65.118
439.46,211.21,25.841,65.02
438.6,210.97,25.981,65.373
437.18,209.75,26.054,65.555
433.87,207.89,25.907,65.185
435.25,207.78,25.903,65.175
435.3,207.44,25.935,65.257
433.06,206.47,25.894,65.153
431.72,204.74,25.824,64.976
431.45,204.2,25.811,64.944
437.55,203.64,25.706,64.681
441.05,201.11,25.77,64.84
443.59,200.34,25.545,64.274
446.83,200.65,25.519,64.208
453.1,201.4,25.513,64.195
461.1,195.65,25.716,64.705
458.66,183.34,25.94,65.267
452.1,177.14,25.976,65.358
446.12,172.42,26.042,65.524
441.68,170.35,25.991,65.398
437.89,170.18,25.942,65.274
434.27,169.67,25.812,64.948
429.07,172.67,25.833,64.999
423.9,174.46,25.798,64.91
419.88,174.8,25.607,64.43
416.88,176.65,25.334,63.743
417.31,179.08,25.232,63.488
416.21,181.37,25.101,63.158
416.76,183.11,24.882,62.606
418.32,186.11,24.883,62.61
418.83,190.29,24.878,62.596
419.39,195.24,24.771,62.327
421.53,199.44,24.776,62.34
425.04,203.12,24.734,62.233
424.24,204.64,24.829,62.473
425.87,204.53,24.888,62.622
427.05,205.03,25.145,63.269
425.26,204.69,25.371,63.836
425.6,205.77,25.427,63.978
429.14,211.95,25.408,63.929
432.59,220.65,25.499,64.159
445.5,227.77,25.45,64.036
451.86,236.15,25.245,63.519
456.9,243.65,25.203,63.413
458.12,245.42,25.377,63.853
461.2,245.37,25.616,64.454
464.08,244.63,25.662,64.569
465.83,244.86,25.617,64.455
468.87,245.43,25.594,64.399
471.09,247.05,25.475,64.099
471.72,249.59,25.429,63.983
473.74,251.03,25.397,63.903
472.99,251.74,25.381,63.863
472.41,253.57,25.406,63.925
471.12,253.96,25.378,63.854
470.42,254.82,25.345,63.772
468.66,254.99,25.383,63.867
465.91,255.65,25.537,64.253
466.57,257.25,25.421,63.962
466.87,258.22,25.504,64.17
470.12,258.48,25.579,64.36
473.52,261.06,25.474,64.096
473.17,261.94,25.482,64.116
474.3,262.14,25.423,63.969
477.53,262.35,25.345,63.77
479.94,262.95,25.323,63.716
479.36,262.97,25.236,63.497
478.15,261.35,25.056,63.045
474.63,260.85,24.952,62.782
471.93,259.27,24.917,62.694
481.89,255.25,25.05,63.03
465.76,256.14,24.928,62.722
461.75,256.12,24.818,62.445
459.87,255.32,24.724,62.209
459.56,253.61,24.706,62.163
459.2,253.87,24.744,62.26
459.7,254.33,24.808,62.42
460.31,254.23,24.957,62.795
462.02,252.77,25.113,63.188
463.91,250.8,25.12,63.204
464.57,250.07,25.27,63.582
463.86,248.91,25.481,64.112
464.8,245.26,25.728,64.734
466.24,244.06,25.634,64.499
467.25,244.31,25.543,64.271
467.4,244.66,25.665,64.577
467.29,243.06,25.71,64.69
467.63,242.04,25.813,64.949
467.55,242.22,25.898,65.163
467.29,242.58,25.914,65.204
467.06,241.33,26.016,65.459
466.96,240.66,25.944,65.278
467.04,240.75,25.949,65.291
466.23,240.09,25.955,65.307
465.57,239.68,26.015,65.458
465.53,238.93,26.046,65.534
465.65,238.83,25.982,65.374
464.93,239.01,26.016,65.46
464.24,238.85,25.985,65.382
463.99,238.82,26.034,65.505
463.63,239.58,25.817,64.96
462.77,240.06,25.598,64.409
461.78,240.5,25.381,63.862
461.45,241.04,25.357,63.801
460.04,242,25.357,63.802
458.79,242.45,25.557,64.305
457.92,242.39,25.648,64.534
456.97,242.39,25.464,64.07
457.57,243.34,25.405,63.922
457.56,244,25.406,63.925
457.43,244.38,25.369,63.831
457.69,244.67,25.211,63.434
458.35,244.96,24.937,62.745
458.94,246.14,24.928,62.722
458.64,246.34,24.973,62.836
458.28,245.76,25.038,62.999
458.14,244.79,25.242,63.511
457.75,244.49,25.223,63.465
457.67,244.24,25.215,63.445
457.72,243.75,25.228,63.476
457.7,243.53,25.26,63.557
458.11,243.67,25.289,63.631
458.03,243.63,25.267,63.576
458.33,242.83,25.467,64.079
458.68,242.29,25.49,64.136
458.64,242.07,25.602,64.418
458.17,241.29,25.561,64.315
458.43,241.3,25.591,64.391
458.15,240.68,25.636,64.503
458.16,240.71,25.588,64.383
458.11,240.67,25.597,64.405
458.21,240.51,25.688,64.635
458.14,240.52,25.735,64.752
458.2,240.89,25.658,64.56
458.25,240.96,25.56,64.311
458.29,241.1,25.614,64.449
458.06,240.16,25.712,64.695
458.31,240.24,25.75,64.791
458.24,239.91,25.907,65.186
458.14,239.04,26.136,65.763
456.43,235.96,26.29,66.149
454.61,235.13,26.541,66.781
452.05,234.97,26.676,67.121
450.39,235.27,26.304,66.185
449.62,236.23,26.016,65.46
449.5,239.02,25.766,64.83
447.61,242.46,25.472,64.09
446.87,244.84,25.511,64.19
446.24,246.63,25.44,64.011
446.05,248.52,25.295,63.647
443.82,248.75,25.37,63.833
442.66,248.78,25.478,64.106
441.05,247.75,25.618,64.457
439.46,247.3,25.521,64.215
438.85,246.07,25.546,64.277
439.27,243.68,25.673,64.596
440.67,241.05,25.537,64.254
442.56,241.07,25.658,64.558
443.18,239.31,25.71,64.69
443.09,237.86,25.667,64.583
441.49,236.32,25.748,64.785
439.26,235.12,25.969,65.342
435.93,233.79,26.171,65.849
433.37,232.53,26.235,66.011
431.77,232.51,26.033,65.502
430.9,232.32,25.889,65.14
429.25,232.15,25.943,65.276
428.22,231.99,25.841,65.02
427.31,231.95,25.789,64.889
425.6,231.66,25.715,64.701
424.5,232.12,25.57,64.337
423.82,232.8,25.624,64.474
423.29,233.82,25.478,64.105
422.81,234.77,25.51,64.186
421.04,235.37,25.644,64.524
419.91,236.07,25.484,64.121
419.29,237.04,25.471,64.087
416.73,237.01,25.596,64.403
414.23,235.71,25.696,64.656
412.98,235.11,25.62,64.462
411.41,234.41,25.486,64.126
409.47,233.31,25.738,64.761
408.26,232.43,25.698,64.66
407.75,232.23,25.565,64.326
407.76,232.95,25.475,64.098
406.53,234.4,25.415,63.948
405.82,235.78,25.183,63.364
404.84,237.22,24.997,62.896
405.02,239.04,25.054,63.04
404.9,239.78,24.853,62.534
404.89,240.27,24.813,62.433
404.6,252.07,24.596,61.886
405.65,251.25,24.518,61.691
406.63,249.93,24.546,61.76
404.98,249.8,24.266,61.057
404.94,247.89,24.082,60.593
405.65,248.63,23.847,60.002
406.58,248.46,23.847,60.003
406.74,248.19,23.782,59.84
408.81,249.39,23.481,59.082
410.84,249.45,23.373,58.809
411.16,249.37,23.253,58.508
410.26,250.38,23.115,58.159
410.62,250.59,22.996,57.861
411.81,250.31,22.924,57.68
412,249.99,22.948,57.74
412.79,250.38,22.956,57.761
415,249.91,22.964,57.78
416.27,250.13,22.989,57.844
416.27,250.44,22.937,57.713
416.26,249.99,22.9,57.619
416.53,249.76,22.878,57.563
416.23,250.35,22.814,57.404
416.09,250.83,22.887,57.586
416.08,251.79,22.743,57.225
417.46,252.04,22.752,57.248
416.88,252.4,22.628,56.935
416.93,253.17,22.515,56.65
417,253.54,22.6,56.863
417.39,253.05,22.681,57.068
416.17,253.41,22.655,57.004
416.84,254.2,22.714,57.152
417.13,254.8,22.519,56.66
418.37,256.45,22.686,57.082
418.2,255.14,22.638,56.96
419.58,253.96,22.545,56.727
419.67,253.06,22.605,56.877
419.33,253.4,22.683,57.074
419.04,252.17,22.682,57.072
419.91,251.22,22.675,57.053
420.77,251.03,22.743,57.224
420.64,251.07,22.55,56.739
420.62,251.15,22.623,56.922
420.26,250.99,22.559,56.761
419.93,250.98,22.559,56.762
419.39,250.57,22.665,57.028
418.71,250.75,22.675,57.054
418.45,250.37,22.677,57.058
418.56,250.46,22.611,56.892
418,252.88,22.678,57.061
417.09,253.72,22.581,56.816
417.91,254.58,22.722,57.172
417.15,254.42,22.69,57.091
417.21,254.94,22.57,56.788
419.57,256.05,22.771,57.294
419.94,255.24,22.868,57.539
419.89,253.61,22.741,57.219
421.03,251.74,22.824,57.427
422.67,250.83,22.763,57.276
424.02,249.4,22.732,57.197
424.46,248.43,22.695,57.105
426.56,247.89,22.805,57.381
427.7,247.78,22.788,57.338
427.46,247.73,22.942,57.725
427.22,247.67,23.12,58.173
427.25,247.52,23.033,57.955
425.64,248.59,22.936,57.711
424.1,248.8,22.802,57.373
423.16,249.33,22.751,57.245
422.67,250.44,22.692,57.095
421.52,251.27,22.733,57.198
419.97,250.56,22.716,57.156
420.38,249.35,22.741,57.22
420.68,249.07,22.757,57.261
419.92,248.89,22.867,57.536
419.83,248.58,23,57.871
421.55,248.96,23.152,58.254
421.87,249.37,23.011,57.897
420.87,249.29,23.268,58.545
420.09,248.27,23.099,58.12
420.84,248.42,23.042,57.976
420.73,249.43,22.953,57.753
420.27,250.02,23.052,58.003
420.13,250.19,23.33,58.7
420.39,250.26,23.113,58.157
420.76,251.37,22.985,57.832
420.73,251.65,22.914,57.655
420.12,251.44,23.111,58.15
420.14,251.33,23.104,58.134
418.55,251.32,23.241,58.478
417.39,251.15,23.076,58.062
418.35,251.65,22.891,57.596
417.87,251.87,22.696,57.105
418.13,251.93,22.59,56.84
418.31,251.55,22.681,57.068
417.05,250.32,22.739,57.215
416.76,250.57,22.652,56.995
417.44,251.24,22.736,57.208
417.94,251.06,22.565,56.776
418.83,250.15,22.79,57.343
418.91,248.96,22.894,57.604
419.9,248.42,23.152,58.253
420.64,248.14,23.048,57.992
420.75,247.37,23.348,58.746
420.8,247.44,23.1,58.123
420.45,248.44,23.295,58.613
419.37,248.07,22.989,57.843
420.33,248.28,22.966,57.786
420.95,248.63,23.074,58.058
420.56,248.74,23.169,58.297
420.11,248.31,23.017,57.913
421.59,248.49,22.914,57.655
421.93,247.67,23.016,57.91
421.91,246.58,22.836,57.457
422.48,244.56,22.806,57.382
423.19,244.23,22.843,57.475
423.81,244.95,22.825,57.43
423.72,245.84,22.77,57.292
423.05,246.15,22.646,56.979
420.3,247.42,22.76,57.268
418.73,247.53,22.761,57.269
417.52,249.42,22.692,57.097
415.82,250.85,22.856,57.508
413.98,250.91,22.659,57.012
415.09,250.99,22.75,57.243
415.8,251.03,22.746,57.233
414.63,250.71,22.829,57.441
413.19,248.79,23.054,58.007
414.88,247.94,23.265,58.539
416.03,248.28,23.002,57.876
416.97,248.77,23.005,57.884
416.16,248.57,23.16,58.274
416.86,248.65,22.903,57.627
418.08,249.88,22.681,57.069
415.5,249.8,22.749,57.238
415.21,249.3,22.774,57.303
416.38,249.13,22.703,57.123
416.41,250.27,22.632,56.945
413.8,251.02,22.755,57.256
414.23,249.5,22.76,57.266
416.73,250.04,22.634,56.951
417.78,251.42,22.759,57.265
415.67,251.48,22.698,57.11
415.16,250.93,22.713,57.149
416.35,250.92,22.643,56.972
416,252.62,22.512,56.643
412.87,252.98,22.528,56.683
412.78,252.53,22.569,56.787
414.59,252.78,22.649,56.987
414,252.79,22.627,56.934
412.45,251.53,22.736,57.206
412.48,249.78,22.59,56.839
414.46,250.2,22.62,56.916
414.88,250.7,22.494,56.598
413.98,250.98,22.407,56.379
413.4,249.41,22.135,55.696
415.87,249.67,22.091,55.585
417.51,250.71,21.881,55.056
417.88,250.71,21.744,54.711
419.94,249.65,21.579,54.295
423.08,248.98,21.589,54.32
423.71,248.76,21.555,54.235
423.31,248.98,21.552,54.226
423.18,248.79,21.593,54.33
424.29,250.18,21.518,54.142
425.38,251.79,21.483,54.053
424.89,251.69,21.427,53.913
424.19,251.19,21.382,53.801
425.35,251.53,21.326,53.66
424.28,252.39,21.255,53.481
422.72,252.62,21.105,53.104
423.44,251.75,20.942,52.693
423.07,252.18,20.671,52.011
407.62,253.61,20.825,52.398
406.04,252.16,21.204,53.353
405.85,251.96,21.65,54.474
405.19,250.16,21.918,55.148
403.92,249.36,22.028,55.425
403.12,249.37,22.176,55.799
402.3,248.7,22.506,56.627
402.43,250.29,22.569,56.787
399.24,251.17,22.763,57.275
396.9,250.83,22.814,57.403
395.97,250.45,22.689,57.088
395.68,251.93,22.563,56.773
394.02,255.19,22.48,56.562
392.46,256.55,22.307,56.126
390.78,255.81,22.238,55.954
389.28,254.29,22.238,55.955
388.07,252.72,22.16,55.756
387.71,251.44,22.034,55.442
385.68,250.58,21.667,54.517
384.74,249.95,21.351,53.722
382.51,247.32,21.432,53.926
382.07,246.12,21.558,54.242
382.49,245.63,21.717,54.642
380.44,244.73,21.798,54.848
379.67,244.55,21.75,54.726
379.57,243.84,21.955,55.241
379.86,244.83,22.079,55.553
379.68,248.07,22.241,55.962
379.61,249.39,22.267,56.026
381.61,251.27,22.387,56.33
383.13,253.14,22.492,56.592
383.77,255.08,22.579,56.811
382.7,259.44,22.367,56.279
381.67,261.84,22.148,55.726
381.56,264.12,21.776,54.791
380.59,264.35,21.836,54.943
380.12,264.57,21.918,55.148
377.99,263.58,21.847,54.97
376.05,261.79,21.862,55.008
375.87,260.73,21.623,54.406
376.02,259.78,21.474,54.031
377.03,259.14,21.709,54.624
381.53,262.21,22.117,55.649
383.68,266.47,22.147,55.726
384.02,266.98,21.873,55.035
382.27,262.99,21.814,54.887
382.47,262.74,21.727,54.668
383.27,263.21,21.727,54.667
383.32,264.84,21.706,54.614
382.94,266.38,21.62,54.399
385.02,269.26,21.632,54.429
384.98,270.71,21.953,55.236
381.35,270.72,21.858,54.998
380.28,269.18,21.892,55.084
381.34,270.57,21.463,54.003
382.15,273.57,21.242,53.449
382.06,273.46,21.234,53.427
381.81,273.64,21.294,53.578
382.43,273.99,21.244,53.453
381.99,275.62,21.04,52.94
381.18,276.44,20.873,52.519
380.24,275.71,21.249,53.464
380.61,277.55,20.894,52.573
380.11,277.17,21.075,53.027
379.2,276.74,20.601,51.834
378.38,273.68,20.464,51.49
377.57,269.58,20.506,51.595
377.12,268.12,20.813,52.367
376.93,266.33,21.294,53.579
377.7,267.13,21.046,52.954
378.32,268.09,21.04,52.939
378.58,268.38,21.236,53.434
378.91,269.31,20.993,52.822
379.07,269.32,21.294,53.578
378.42,267.91,21.598,54.343
378.53,268.19,21.647,54.467
376.38,266.46,21.509,54.119
373.36,261.78,21.511,54.125
373.15,260.45,21.113,53.122
374.26,260.64,20.68,52.034
375.26,260.07,20.515,51.618
374.76,258.46,20.218,50.87
377.73,257.43,20.511,51.608
378.43,259.35,20.27,51.001
377.34,261.9,19.853,49.952
377.53,260.79,20.322,51.133
377.96,260.96,20.613,51.864
378.28,264.99,20.547,51.699
376.78,267.21,20.271,51.005
376.05,266.88,20.6,51.833
375.76,268.85,20.914,52.623
375.05,271.47,21.105,53.103
374.59,272.49,21.182,53.296
374.42,273.9,21.028,52.91
373.84,273.5,21.277,53.536
373.49,273.13,21.284,53.554
374.46,275.21,20.939,52.686
374.26,275.43,21.483,54.054
374.56,276.09,21.17,53.266
374.92,275.33,20.954,52.724
374.62,274.66,21.175,53.279
375.04,274.81,20.969,52.761
373.56,272.74,20.987,52.806
374.78,271.61,21.305,53.606
375.54,272.29,21.287,53.562
375.34,273.45,21.034,52.925
375,272.84,21.036,52.928
374.91,272.66,21.012,52.868
375.08,272.2,21.417,53.888
372.26,272.95,21.196,53.331
371.94,273.32,20.861,52.489
371.67,271.62,21.324,53.653
372.01,272.16,21.155,53.23
372.04,273.36,20.809,52.358
371.1,272.62,21.062,52.995
372.21,272.73,21.188,53.313
372.77,274.61,20.894,52.572
371.25,274.25,21.012,52.87
370.55,274.23,20.987,52.806
371.2,274.44,20.795,52.322
370.86,274.81,20.763,52.241
368.78,275.03,20.998,52.835
367.99,273.11,21.316,53.633
367.7,272.4,21.268,53.512
367.77,272.29,21.249,53.466
366.87,272.36,21.168,53.262
366.66,271.42,21.236,53.432
367.35,271.27,20.945,52.701
367.29,270.93,21.149,53.215
367.79,271.54,20.68,52.034
367.43,269.84,21.017,52.882
367.6,269.61,21.066,53.004
367.95,269.92,20.825,52.399
366.77,268.72,20.94,52.688
366.11,267.57,21.392,53.825
366.04,267.26,21.462,54.002
366.29,267.92,21.538,54.193
365.55,268.93,21.253,53.476
364.73,268.71,20.948,52.708
364.69,268.14,21.019,52.888
365.02,268.39,21.229,53.414
364.61,268.5,21.096,53.081
365.4,269.47,20.736,52.175
365.63,269.57,20.855,52.473
365.65,269.55,21.098,53.085
365.23,269.42,20.942,52.693
364.38,268.61,21.086,53.055
365.25,268.88,20.918,52.632
364.82,268.45,21.379,53.792
364.68,269.14,21.155,53.228
365.18,270.43,20.728,52.153
365.28,270.94,20.65,51.958
365.26,270.82,20.556,51.721
364.56,270.1,20.715,52.122
364.8,269.87,20.778,52.281
364.64,269.91,20.909,52.611
364.1,269.09,21.141,53.194
364.3,269.85,20.801,52.339
363.64,268.78,21.069,53.013
363.82,269.69,20.73,52.159
362.89,269.92,20.709,52.108
362.43,269.89,20.647,51.952
362.27,269.8,20.54,51.682
360.72,269.91,20.418,51.373
356.31,268.22,20.799,52.332
355.26,267.39,21.032,52.919
353.56,268.37,21.006,52.854
350.63,268.42,21.144,53.2
348.18,268.87,21.043,52.946
346,269.9,21.061,52.992
344.16,271.63,21.088,53.06
342.11,273.26,20.969,52.761
340,274.44,20.991,52.817
339.73,276.76,20.961,52.74
338.18,278.08,21.202,53.346
337.31,280.92,20.889,52.558
333.7,280.64,21.208,53.362
331.09,281.56,21.042,52.944
327.61,280.75,21.03,52.913
323.22,277.61,21.26,53.493
317.72,275.48,20.707,52.101
314.79,273.9,20.807,52.353
310.96,271.04,21.033,52.921
306.97,269.47,20.844,52.445
301.45,265.71,20.678,52.028
299.49,264.18,20.445,51.442
297.18,261.67,20.703,52.092
293.58,262.94,20.605,51.845
289.57,262.99,20.599,51.83
287.1,262.64,20.567,51.749
285.68,262.65,20.546,51.696
283,262.8,20.58,51.782
282.22,262.84,20.709,52.107
284.45,263.35,20.852,52.466
290.28,264.33,20.804,52.345
297.08,264.63,20.821,52.389
302.46,262.49,21.304,53.604
307.37,259.81,21.609,54.372
311.45,255.65,21.907,55.12
311.43,251.75,21.333,53.677
311.75,246.29,21.506,54.112
313.46,244.42,21.251,53.471
313.57,243.08,21.277,53.535
313.14,242.42,21.394,53.829
315.15,242.28,21.461,53.999
317.28,244.13,21.144,53.201
317.25,245.21,20.908,52.606
317.06,244.98,21.087,53.058
318.88,245.62,20.654,51.969
319.21,243.8,20.585,51.794
318.39,241.98,20.427,51.397
317.74,239.35,20.652,51.962
317.88,237.65,21.004,52.849
316,237.62,21.179,53.29
313.67,238.68,20.802,52.34
312.12,238.34,20.932,52.667
311.65,239.96,20.983,52.796
311.16,240.39,21.286,53.558
311.37,240.3,21.424,53.906
310.08,240.1,21.547,54.216
307.94,241.91,21.521,54.149
304.8,244.06,21.43,53.922
302.22,245.33,21.192,53.321
300.19,245.33,21.143,53.199
297.39,245.39,20.797,52.328
293.21,243.26,21.011,52.866
289.03,241.47,21.22,53.391
285.25,241.37,21.134,53.176
281.01,242.99,20.798,52.33
274.95,242.63,21.122,53.146
269.59,244.6,20.734,52.168
264.5,244.85,20.963,52.747
260.58,246.36,20.834,52.422
257.34,245.95,21.08,53.039
253.43,246.64,21.001,52.84
248.15,247.91,21.03,52.915
244.31,248.29,21.322,53.649
241.07,250.03,21.326,53.658
237.27,251.85,21.407,53.862
230.41,254,21.4,53.845
223.13,256.13,21.061,52.993
217.72,256.6,21.025,52.901
213.39,256.1,21.044,52.95
211.39,255.4,21.069,53.012
207.97,255.57,20.798,52.33
201.48,253.25,21.068,53.009
195.06,251.54,21.062,52.995
190.1,251.45,21.186,53.306
187.09,251.38,20.931,52.664
184.03,250.16,21.237,53.436
182.46,250.08,21.113,53.122
181.44,250.57,21.173,53.274
178.89,250.64,21.26,53.494
175.66,250.95,21.111,53.118
172.42,251.66,21.107,53.108
170.29,252.83,20.85,52.461
168.15,252.26,21.136,53.18
167.44,253.33,20.884,52.548
165.25,252.63,21.183,53.299
163.81,252.64,21.263,53.5
161.39,253.02,21.098,53.085
158.94,254.77,20.747,52.202
155.18,254.55,21.12,53.141
150.31,255.4,21.039,52.936
145.09,256.25,20.936,52.678
137.23,254.57,21.378,53.79
130.42,254.33,21.381,53.798
126.67,252.82,21.395,53.833
124.48,251.99,21.627,54.416
121.5,250.91,21.752,54.731
117.59,249.76,22.035,55.443
115.54,250.44,21.633,54.432
113.87,249.95,21.889,55.074
111.67,249.35,21.708,54.62
109.47,249.95,21.853,54.984
106.65,251.36,21.771,54.778
104.06,253.23,21.706,54.616
100.54,253.87,21.838,54.948
94.577,255.35,21.892,55.084
88.836,257.67,21.616,54.388
83.532,258.05,21.695,54.588
78.599,258.07,21.785,54.813
74.802,258.93,21.861,55.005
74.386,258.94,21.774,54.786
73.481,259.1,21.807,54.87
72.658,259.25,21.729,54.672
70.938,259.51,21.715,54.639
69.17,259.66,21.781,54.804
67.013,257.62,21.901,55.106
66.173,257.47,21.585,54.31
66.139,256.71,21.823,54.909
65.608,256.29,21.799,54.848
65.11,256.2,21.879,55.05
65.008,256.68,22.039,55.454
65.84,258.68,21.758,54.745
65.99,258.25,22.082,55.562
66.755,259.56,21.867,55.021
66.962,260.62,21.933,55.186
67.074,262.53,21.854,54.988
67.051,262.52,22.123,55.665
67.011,263.78,21.938,55.198
64.584,263.84,21.807,54.87
62.233,264.49,21.813,54.883
60.02,264.69,21.932,55.183
57.98,264.3,21.651,54.476
57.123,264.5,21.648,54.468
56.528,263.84,21.872,55.032
55.511,263.34,21.818,54.897
52.848,261.51,21.925,55.166
50.796,261.6,21.817,54.894
49.525,261.32,21.714,54.636
48.827,261.39,21.876,55.042
47.374,261.8,21.935,55.191
45.642,262.52,21.572,54.279
45.321,263.68,21.64,54.45
44.365,265.65,21.548,54.217
44.646,265.6,21.583,54.306
44.565,265.71,21.712,54.63
43.632,265.42,21.868,55.023
43.471,266.73,21.797,54.845
43.105,266.45,22.076,55.547
42.745,266.68,21.867,55.019
41.982,265.67,21.991,55.331
40.231,264.68,21.819,54.899
36.402,261.32,21.632,54.429
33.347,257.9,21.718,54.646
31.577,255.38,21.958,55.249
30.962,254.38,21.749,54.722
30.555,253.49,22.233,55.942
29.184,253.08,22.249,55.981
27.776,253.2,22.201,55.862
25.576,255.2,21.902,55.109
22.666,255.51,21.792,54.832
21.764,256.77,22.023,55.412
21.022,257.66,21.786,54.816
18.4,258.29,21.784,54.81
14.502,258.63,21.914,55.137
9.1546,258.58,21.678,54.546
2.6056,259.74,21.663,54.507
-7.3018,260.08,21.741,54.704
-10.705,246.81,21.501,54.099
-3.5871,253.09,21.851,54.979
-5.4311,260.13,21.95,55.229
-2.3728,260.94,21.885,55.066
-3.0935,262.44,21.833,54.936
-2.3603,263.52,21.814,54.886
-2.8248,264.09,21.812,54.882
-3.6291,263.71,22.037,55.447
-4.3077,266.3,21.784,54.812
-4.738,265.28,21.848,54.973
-5.3061,262.2,22.043,55.464
-6.5832,261.94,21.971,55.281
-8.1009,261.03,21.944,55.213
-8.9974,259.87,22.158,55.754
-8.6791,259.74,22.179,55.804
-8.5894,258.83,22.228,55.927
-10.002,259.04,22.417,56.403
-12.272,257.92,22.667,57.033
-7.3987,255.89,22.61,56.89
2.0178,242.32,22.359,56.259
-3.6166,229.84,22.473,56.544
-11.091,230.83,22.479,56.56
-4.2275,230.63,22.461,56.514
-7.3606,230.43,22.3,56.11
-9.1833,229.99,22.345,56.224
-9.8206,230.36,22.352,56.24
-11.031,230.83,22.515,56.651
-1.5878,234.56,21.992,55.336
-1.1817,234.16,21.689,54.574
-6.9534,235.26,21.348,53.714
-5.322,234.44,21.07,53.014
-1.0468,234.07,20.98,52.789
-4.4035,217.19,20.75,52.211
-6.8955,215.12,20.677,52.027
-8.9571,216.88,20.673,52.017
-7.727,215.91,20.552,51.711
-3.6526,208.96,20.356,51.217
-7.6796,217.42,20.302,51.082
-4.522,213.82,20.081,50.526
2.0121,219.7,19.989,50.295
-3.1264,219.2,19.953,50.205
1.7298,220.01,19.971,50.249
-2.507,218.69,19.819,49.867
-8.1252,220.26,19.677,49.51
-5.6751,216.28,19.578,49.261
-7.1026,218.38,19.396,48.803
-5.7775,213.75,19.232,48.39
-1.7034,219.31,19.166,48.223
3.4754,217.45,19.09,48.033
3.2674,217.17,19.106,48.072
-3.1119,216.17,19.066,47.972
-2.9409,212.77,19.103,48.065
3.7866,210.01,18.961,47.709
18.931,201.95,18.941,47.658
23.722,206.59,18.753,47.184
19.936,205.1,18.79,47.279
23.46,204.56,18.895,47.543
33.495,193.91,18.772,47.233
24.476,195.21,18.951,47.682
14.871,194.16,18.991,47.783
5.1814,194.49,19.014,47.841
-5.404,194.73,18.997,47.799
-4.5747,193.04,18.949,47.679
-7.8889,195.28,19.333,48.643
-7.6095,204.66,19.435,48.9
-4.0101,197.99,19.574,49.25
-11.406,200.23,19.582,49.271
5.2355,202.35,19.65,49.441
-0.46362,201.83,19.832,49.899
-1.588,206.83,19.942,50.178
-7.3874,205.71,20.053,50.457
-7.845,206.68,19.947,50.19
-9.3608,200.17,19.94,50.171
2.5178,187.17,20.034,50.407
-2.4464,187.86,20.152,50.705
-3.3973,178.59,20.017,50.366
-3.5564,175.7,20.045,50.436
8.9432,167.45,20.071,50.5
9.0694,159.01,20.044,50.433
2.6501,151.91,20.212,50.856
-9.578,145.06,20.065,50.485
-9.2896,156.86,20.025,50.386
-11.099,156.96,19.969,50.243
-3.9991,171.71,19.938,50.166
-6.6733,162.39,19.965,50.234
-5.0502,170.76,19.992,50.301
-7.0836,170.91,20.083,50.532
-5.2472,171.29,20.136,50.664
-7.3311,171.15,20.229,50.898
-7.563,170.46,20.281,51.031
-5.6099,169.59,20.393,51.312
10.989,173.04,20.472,51.511
15.663,158.19,20.368,51.248
13.196,156.77,20.276,51.017
10.219,157.02,20.251,50.955
3.3,156.84,20.206,50.84
5.7694,138.17,20.063,50.481
-6.052,136.78,19.929,50.144
-6.9554,135.22,19.74,49.669
-8.8536,136.04,19.673,49.499
-8.9677,134.67,19.688,49.538
-6.8845,136.95,19.673,49.499
-9.1704,135.83,19.481,49.016
-5.0747,143.02,19.409,48.836
-1.0453,145.47,19.453,48.947
9.7392,141.36,19.447,48.932
4.3188,140.41,19.462,48.968
-8.1105,135.27,19.468,48.983
-5.8809,138.62,19.349,48.686
-6.635,137.61,19.301,48.565
-10.616,136.21,19.21,48.336
-9.407,140.31,19.245,48.423
-8.1466,149.64,19.113,48.092
-9.6356,152.18,18.987,47.774
-7.4092,155.24,19.051,47.935
-2.3634,156.53,19.045,47.92
-1.3527,156.57,19.058,47.952
-2.5273,156.75,19.079,48.005
-4.5563,155.88,19.023,47.863
-6.0453,155.88,18.964,47.715
-7.7453,155.18,18.9,47.554
-9.1598,154.42,18.963,47.713
-8.1071,154.46,18.868,47.473
-4.811,165.36,18.841,47.405
-9.4937,157.58,18.815,47.34
-10.253,160.39,18.861,47.458
-10.842,157.9,18.885,47.518
-10.737,152.25,18.979,47.753
-10.875,146.98,19.006,47.821
-6.2857,144.25,18.998,47.803
-5.3111,151.06,19.004,47.816
-11.925,148.69,18.942,47.659
-2.9464,129.92,19.05,47.933
-7.0596,131.04,19.106,48.073
-7.7347,112.59,19.304,48.571
-0.79346,103.88,19.308,48.582
-4.6752,103.37,19.257,48.454
-5.8324,103.13,19.142,48.164
-8.4468,102.78,19.177,48.251
-7.3559,106.18,19.096,48.048
-8.6086,105.25,19.056,47.948
-10.623,105.44,19.058,47.952
-7.9516,101.27,19.038,47.903
-7.1416,99.121,19.256,48.45
-7.4446,97.922,19.336,48.652
-8.2106,98.896,19.406,48.827
-2.5777,94.247,19.468,48.985
-6.1156,93.109,19.541,49.167
-7.6037,93.227,19.554,49.201
-9.4042,93.597,19.645,49.43
-4.5599,98.434,19.605,49.33
9.0191,95.451,19.669,49.491
7.9588,94.599,19.645,49.429
4.4079,95.725,19.692,49.547
0.86909,95.261,19.787,49.787
3.756,95.42,19.932,50.152
-2.5914,94.671,19.858,49.965
-8.0788,94.507,19.929,50.144
-6.3919,96.814,19.901,50.074
-9.4874,98.469,19.881,50.024
-10.253,106.72,19.822,49.875
-5.563,114.85,19.725,49.631
-6.2729,114.34,19.646,49.431
-8.1692,114.72,19.565,49.229
-7.5497,119.84,19.584,49.275
-8.0576,122.08,19.467,48.981
-5.7554,129.72,19.525,49.128
-5.9541,129.12,19.521,49.116
-6.1849,133.3,19.403,48.821
-4.7088,120.27,19.312,48.591
-2.5154,121.64,19.229,48.383
-5.6507,122.32,19.252,48.442
-5.6154,130.54,19.424,48.874
-6.4251,123.24,19.517,49.107
-4.5881,120.72,19.438,48.908
-8.948,123.79,19.467,48.982
6.1005,127.24,19.651,49.445
0.98574,127.03,19.772,49.75
-4.7887,126.99,19.716,49.607
-7.4434,124.41,19.71,49.593
-4.7054,106.12,19.749,49.692
-9.0983,110.63,19.596,49.306
-5.679,88.922,19.485,49.027
-6.5703,84.387,19.531,49.143
-0.77682,77.598,19.664,49.476
-0.23237,79.874,19.561,49.218
-1.5283,79.362,19.446,48.928
-2.7722,79.892,19.347,48.68
-3.4353,79.101,19.333,48.644
-3.7217,78.975,19.304,48.572
-7.3175,77.427,19.294,48.547
-3.0535,66.84,19.413,48.846
-8.2782,66.746,19.314,48.596
-7.7672,57.727,19.513,49.097
-5.5029,57.323,19.47,48.99
4.8569,58.752,19.487,49.031
-5.4199,56.923,19.552,49.196
0.34125,63.972,19.741,49.672
-4.5293,64.072,19.791,49.796
-6.942,63.915,19.852,49.949
-8.444,62.972,19.945,50.185
-8.9155,63.192,19.998,50.319
-6.0817,68.247,19.997,50.315
-2.3465,80.73,19.926,50.137
-6.6062,81.284,19.898,50.066
-5.1341,86.438,19.977,50.264
-0.51709,88.14,19.973,50.256
-9.1276,89.471,19.967,50.241
-7.7353,95.878,19.981,50.275
-10.538,98.563,20.013,50.356
-9.6071,107.49,20.086,50.539
-8.6489,115.08,20.01,50.349
-8.6085,122.14,20.008,50.343
-8.4994,125.39,19.995,50.31
-6.9253,127.92,19.994,50.307
-7.7486,125.48,19.848,49.939
-7.5886,114.21,19.772,49.75
-3.0895,112.49,19.754,49.704
-5.7691,121.88,19.698,49.564
1.8521,119.02,19.787,49.787
-9.3377,118.74,19.819,49.867
-7.3716,130.45,19.874,50.006
-2.0805,131.14,19.958,50.218
-1.3364,130.89,20.045,50.435
-1.5794,131.14,20.159,50.722
-3.6599,131.61,20.184,50.786
-4.5693,131.55,20.183,50.783
-9.0288,124.83,20.309,51.101
-9.5728,123.77,20.459,51.478
-10.409,122.97,20.367,51.247
-9.8069,123,20.335,51.166
-9.8193,123.87,20.434,51.415
-9.0288,124.31,20.502,51.586
-9.3198,125.34,20.798,52.329
-9.4851,125.34,20.955,52.726
-10.531,124.34,21.054,52.973
-8.6948,125.02,21.271,53.521
-9.6168,123.93,21.256,53.482
-9.3183,124.8,21.433,53.928
-2.6726,129.8,21.357,53.738
-6.0458,130.97,21.348,53.715
-0.19869,125.26,21.508,54.117
-7.3788,132.69,21.5,54.096
-8.555,154.26,21.482,54.052
-8.9568,159.92,21.418,53.891
-5.8097,146.69,21.336,53.683
-6.8355,120.68,21.015,52.877
-6.367,116.88,20.937,52.679
-7.013,115.66,20.955,52.725
-7.8153,116.34,20.852,52.466
-7.5901,114.94,20.877,52.528
-9.8134,115.28,20.948,52.707
-6.8069,116.64,20.902,52.592
-8.2465,120.58,20.833,52.418
-7.9652,105.09,20.832,52.416
-7.3818,84.715,20.761,52.237
-10.411,86.086,20.831,52.413
-8.3953,74.722,20.819,52.384
10.323,71.785,20.98,52.788
6.365,71.798,21.023,52.896
0.63515,72.133,21.003,52.846
-3.8129,71.375,21.019,52.885
-7.4214,71.869,21.037,52.931
-9.0941,71.427,21.054,52.974
-9.349,82.157,21.02,52.888
9.6312,77.447,20.924,52.647
3.9036,77.616,20.983,52.796
-3.8896,78.479,20.913,52.621
-10.341,80.085,20.945,52.701
-8.9947,86.987,20.801,52.339
-6.3996,93.351,20.611,51.859
-9.7909,94.333,20.549,51.704
-6.7372,101.49,20.448,51.45
-7.5671,101.8,20.365,51.24
-7.5512,102.08,20.281,51.029
-7.5141,103.15,20.25,50.952
-7.932,104.03,20.352,51.208
-9.1039,105.96,20.521,51.633
-9.4285,109.82,20.552,51.713
-8.3226,115.49,20.506,51.596
-4.2081,108.34,20.382,51.283
-4.7377,106.7,20.156,50.715
-4.4835,105.78,20.011,50.351
-4.1326,107.15,20.02,50.373
-4.1692,108.43,19.908,50.091
7.8538,118.35,20.058,50.468
1.0931,118.28,20.021,50.375
-2.5079,118.25,20.131,50.652
-5.1395,117.46,20.184,50.785
-8.7981,117.17,20.194,50.811
-8.9804,120.29,20.348,51.197
-8.2107,125.54,20.51,51.606
-6.1398,130.73,20.448,51.449
-6.4963,122.04,20.412,51.359
-2.4888,117.66,20.298,51.073
-7.0011,116.17,20.226,50.891
-1.9382,118.58,20.183,50.784
-5.695,117.96,20.191,50.804
-9.2143,115.27,20.163,50.732
0.4921,108.66,20.392,51.31
-9.2016,104.77,20.66,51.983
-7.7405,107.85,20.607,51.849
-7.8615,115.66,20.597,51.823
1.77,123.66,20.735,52.172
-9.3439,129.34,20.723,52.141
-6.0407,116.32,20.381,51.281
-9.3275,122.16,20.331,51.156
-9.0081,119.54,20.291,51.055
-8.2594,121.22,20.164,50.736
-6.2723,120.19,20.031,50.4
-6.9762,124.28,20.12,50.625
-7.2043,125.18,20.2,50.826
-6.3251,119.66,20.146,50.69
-6.2709,124.61,20.19,50.802
-1.9464,116.19,20.206,50.841
-7.2565,116.37,20.25,50.952
1.5704,112.35,20.304,51.088
-2.5611,112.52,20.45,51.454
-5.7932,111.77,20.559,51.73
-6.1486,112.02,20.561,51.734
-7.1126,112.15,20.6,51.832
-8.3879,113.73,20.859,52.484
-9.3712,115.23,21.058,52.984
-10.006,116.5,21.114,53.125
-10.552,120.1,21.051,52.968
-10.559,125.15,21.13,53.167
-6.9713,132.93,21.135,53.179
-8.6418,134.7,21.078,53.035
-9.3452,135.91,21.062,52.995
5.0677,125.5,21.011,52.868
3.845,126.03,20.923,52.645
0.57052,126.42,21.029,52.913
-1.7757,126.84,21.044,52.95
-3.5904,125.63,20.916,52.627
-5.9206,120.79,20.821,52.388
-5.9023,114.93,20.904,52.596
-4.9012,109.27,20.909,52.61
-4.1965,102.84,20.962,52.742
-9.8541,97.618,21.126,53.156
-8.6112,93.354,21.252,53.473
-7.1174,89.309,21.453,53.98
-10.368,79.716,21.502,54.102
-8.353,65.41,21.729,54.674
-10.371,71.218,21.855,54.99
-8.9088,73.997,21.845,54.965
-8.2796,72.058,21.721,54.654
-7.5031,79.487,21.778,54.796
-10.655,73.723,21.94,55.203
-9.7351,74.328,22.045,55.467
-9.6063,55.88,22.151,55.735
-9.74,56.441,22.195,55.846
-10.172,56.45,22.244,55.97
-7.7229,50.792,22.54,56.713
-6.903,50.456,22.634,56.951
-7.4254,51.929,22.746,57.233
-7.7077,50.357,22.797,57.36
-8.9628,52.089,22.912,57.65
-9.1257,51.239,22.908,57.641
-9.289,48.875,23.047,57.988
-8.8314,51.793,23.031,57.948
-9.7756,52.198,23.145,58.236
-9.2343,50.914,23.152,58.255
-9.3687,51.122,23.205,58.388
-9.9559,51.08,23.146,58.238
-9.3554,51.974,23.183,58.331
-10.486,51.906,23.281,58.579
-11.08,52.013,23.321,58.679
-9.6082,53.008,23.146,58.237
-10.158,52.989,23.15,58.249
-9.589,53.137,22.98,57.819
-10.018,53.242,23.021,57.923
-10.065,53.239,23.044,57.981
-10.223,53.428,23.061,58.025
-10.187,53.167,23.051,58
-10.546,52.526,22.887,57.588
4.6298,50.971,22.921,57.673
5.5639,52.237,22.482,56.567
5.2686,53.312,22.444,56.473
13.881,58.21,22.422,56.417
4.641,52.326,22.413,56.395
13.729,58.948,22.256,56
14.768,60.811,22.063,55.513
14.571,57.372,22.015,55.393
5.9242,53.576,21.864,55.013
4.7202,52.077,22.464,56.523
5.6225,52.919,22.314,56.145
14.381,60.627,22.268,56.03
3.7668,50.838,22.501,56.616
4.9178,51.931,22.336,56.2
4.1533,50.937,22.623,56.923
4.873,51.814,22.432,56.441
4.8955,52.054,22.31,56.135
3.8104,51.025,22.615,56.902
4.5995,51.785,22.401,56.363
3.8092,51.471,22.324,56.17
3.7785,51.524,22.259,56.007
3.7761,51.61,22.224,55.919
3.8329,51.667,22.159,55.755
4.4971,52.24,22.114,55.641
4.9371,52.352,22.044,55.467
4.9603,52.496,22.002,55.36
4.9723,52.53,21.968,55.275
4.9857,52.566,21.94,55.203
4.5882,52.098,21.872,55.033
4.6648,51.891,22.012,55.386
5.0474,52.286,21.972,55.285
4.6226,52.354,21.931,55.181
4.7079,52.053,21.906,55.117
4.713,51.755,22.184,55.817
4.9976,51.665,22.383,56.317
3.8937,51.141,22.615,56.901
4.6516,51.386,22.724,57.177
3.711,50.876,22.766,57.283
3.8955,51.498,22.589,56.838
4.6421,51.554,22.828,57.439
4.1545,50.04,22.732,57.196
4.1582,50.297,22.793,57.351
4.1945,50.38,22.74,57.218
3.8081,49.194,23.162,58.279
3.8865,49.445,23.164,58.282
2.6726,49.908,23.01,57.895
3.8531,50.162,22.937,57.712
3.7039,50.41,22.82,57.419
3.3534,50.011,22.663,57.024
4.1786,50.589,22.725,57.18
3.5385,50.187,22.633,56.948
4.0118,50.396,22.91,57.644
3.1166,49.332,23.062,58.026
3.6337,49.856,23.103,58.129
3.773,49.804,23.157,58.267
3.0489,49.427,23.188,58.343
3.1921,49.622,23.117,58.165
3.6768,49.682,23.191,58.35
3.6951,49.616,23.115,58.161
4.5286,49.948,22.944,57.731
4.7714,50.287,22.761,57.269
4.5163,50.247,22.582,56.818
4.5973,49.985,22.866,57.533
3.8292,49.2,23.23,58.45
3.8976,49.669,22.955,57.757
4.4692,50.267,22.692,57.095
4.0204,50.063,22.729,57.188
5.8613,61.969,22.012,55.386
4.6111,66.435,21.852,54.983
4.8868,65.979,21.786,54.817
5.0646,65.747,22.004,55.366
5.4907,66.48,21.787,54.819
4.9065,66.061,21.812,54.881
5.0707,65.941,21.733,54.682
5.1151,66.182,21.696,54.59
5.9162,66.542,21.754,54.736
4.8309,66.078,21.682,54.554
5.8993,67.285,21.917,55.146
3.6023,66.624,22.135,55.694
4.9512,66.708,21.927,55.171
4.8892,66.396,21.863,55.009
4.5793,66.924,21.88,55.053
4.8798,65.977,21.91,55.127
4.6234,66.595,21.891,55.08
5.1723,66.012,21.867,55.02
5.0355,66.074,21.874,55.037
5.1765,66.262,21.862,55.008
5.0592,66.254,21.863,55.011
5.1637,66.646,21.895,55.091
5.106,66.764,21.945,55.217
5.4146,66.492,21.966,55.269
5.4576,66.456,21.987,55.322
5.7869,66.603,21.903,55.11
4.8494,65.978,21.938,55.2
5.0923,65.968,21.929,55.175
4.9992,65.227,21.521,54.15
5.9494,65.861,21.394,53.829
4.9727,65.053,21.491,54.074
5.7721,65.571,21.544,54.208
5.5578,64.783,20.899,52.584
3.9728,69.752,21.009,52.861
4.5903,70.015,20.997,52.832
4.2415,70.286,20.935,52.676
4.1674,70.3,20.918,52.632
4.9215,69.859,21.049,52.962
4.9029,86.798,20.443,51.438
4.8745,86.532,20.288,51.047
4.8871,86.723,20.143,50.683
4.5911,88.759,19.949,50.193
6.4637,89.66,19.689,49.541
7.228,90.444,19.627,49.383
7.2432,91.05,19.617,49.36
7.1751,90.894,19.722,49.624
7.2125,90.934,19.707,49.586
7.0226,90.769,19.747,49.685
6.9086,90.511,19.631,49.394
6.7924,93.401,19.913,50.105
5.7558,96.032,19.583,49.273
5.9823,96.233,19.469,48.987
5.7609,96.134,19.257,48.453
6.0376,97.034,19.109,48.081
5.9645,95.955,18.963,47.713
5.3475,95.633,18.642,46.907
5.5452,96.358,18.606,46.816
6.0226,96.685,18.549,46.671
5.5489,97.154,18.498,46.545
5.3814,96.898,18.481,46.501
5.3255,96.703,18.496,46.538
5.8035,96.386,18.296,46.035
8.5302,107.67,18.288,46.015
7.5189,107.93,18.125,45.605
7.3228,108.19,17.948,45.159
6.6955,108.06,17.729,44.609
7.6488,108.35,17.75,44.663
7.7885,108.63,17.766,44.701
7.8155,108.52,17.765,44.699
7.9504,108.19,17.763,44.693
7.8343,108.46,17.772,44.717
8.3019,109.17,17.79,44.761
8.062,109.44,17.792,44.766
8.2178,109.55,17.762,44.692
8.0814,109.51,17.743,44.644
8.2201,109.6,17.739,44.633
8.0352,108.88,17.892,45.018
7.4233,108.18,17.954,45.175
7.4835,107.84,18.041,45.393
7.537,108.01,18.058,45.436
7.5584,107.98,18.067,45.46
8.0159,110.18,17.846,44.903
7.7426,109.79,17.734,44.622
7.8975,110.9,17.624,44.345
8.5832,111.83,17.564,44.193
8.2884,111.82,17.523,44.09
8.3128,111.9,17.495,44.019
8.1714,112.85,17.52,44.083
7.9134,111.91,17.467,43.948
8.3096,111.39,17.426,43.846
8.307,112.13,17.44,43.882
8.0925,111.61,17.368,43.699
8.4702,111.27,17.306,43.545
8.607,111.76,17.375,43.719
8.6843,111.71,17.388,43.75
8.6738,111.73,17.392,43.762
8.7586,111.57,17.319,43.577
8.1139,112.43,17.507,44.05
7.9653,126.44,17.442,43.885
7.3158,126.81,17.305,43.542
8.8573,127.82,17.434,43.867
7.9562,127.4,17.376,43.721
8.0876,127.62,17.298,43.524
8.7795,127.67,17.471,43.958
8.0203,127.17,17.38,43.73
7.1021,127.53,17.26,43.429
8.4375,127.73,17.378,43.726
8.1802,127.55,17.317,43.571
9.604,127.62,17.426,43.847
6.9756,130.58,17.47,43.957
7.529,131.33,17.504,44.042
7.2534,131.46,17.441,43.884
7.5737,131.98,17.497,44.025
7.4407,132.29,17.516,44.072
7.6047,133.08,17.554,44.169
7.3446,131.92,17.571,44.21
7.1655,132.73,17.435,43.869
13.824,120.43,17.608,44.304
23.086,121.27,17.409,43.803
22.206,121.41,17.442,43.887
8.5223,121.03,17.21,43.304
10.939,121.11,17.089,42.997
5.7488,118.79,16.911,42.551
0.23622,117.71,16.866,42.437
-7.6872,114.08,16.789,42.243
-4.5134,108.18,16.69,41.994
-3.618,102.55,16.5,41.517
-3.1387,100.05,16.456,41.405
-2.5403,97.857,16.377,41.208
1.8137,94.141,16.406,41.28
0.85222,93.8,16.291,40.992
-5.8445,88.961,16.207,40.778
-4.1813,90.807,16.129,40.584
-2.5277,93.378,16.166,40.676
6.377,99.919,16.177,40.703
20.004,97.96,16.264,40.921
21.664,98.115,16.204,40.771
24.887,98.433,16.243,40.871
20.61,96.698,16.201,40.764
23.972,96.139,16.201,40.764
13.412,84.56,16.33,41.089
9.2241,90.322,16.189,40.734
0.78355,83.468,16.185,40.723
3.7774,78.616,16.228,40.831
-4.7085,74.933,16.155,40.648
-6.4583,73.949,16.117,40.552
-7.0915,74.675,16.036,40.348
-6.1505,71.545,15.918,40.051
-1.7522,50.509,15.828,39.824
-7.2413,56.391,15.805,39.767
-6.042,66.103,15.794,39.74
-6.8617,72.904,15.887,39.974
1.1575,82.989,15.799,39.753
-7.0155,82.322,15.763,39.663
-5.8592,75.515,15.805,39.768
-6.4446,73.671,15.899,40.003
-5.4457,73.209,15.953,40.14
-6.3193,74.06,16.06,40.41
-7.0697,73.838,16.123,40.568
-7.2425,73.418,16.237,40.854
-5.4151,73.077,16.095,40.497
-5.8825,71.342,16.041,40.362
-5.4836,71.72,16.041,40.362
-5.41,71.661,15.952,40.138
4.5708,84.778,15.899,40.003
7.3778,83.214,15.892,39.987
9.7254,81.832,15.894,39.991
11.247,80.907,15.835,39.842
10.891,81.525,15.786,39.72
8.9121,82.609,15.739,39.6
7.5207,82.647,15.786,39.719
4.3208,85.038,15.775,39.691
0.12628,88.782,15.695,39.492
-4.7345,93.06,15.604,39.263
-7.0968,95.806,15.547,39.119
-2.0256,95.193,15.52,39.051
-2.0818,95.749,15.511,39.027
-4.4566,95.104,15.532,39.081
-6.0334,94.079,15.636,39.342
-5.7586,94.006,15.65,39.377
-5.2543,93.503,15.541,39.103
-5.5404,92.581,15.592,39.232
-3.1908,91.794,15.608,39.272
-6.8799,94.162,15.5,39
-5.5729,94.271,15.415,38.785
-5.9662,94.725,15.413,38.781
-5.8954,94.072,15.28,38.447
-5.0476,94.315,15.185,38.208
-5.3054,93.993,15.111,38.021
-5.9913,93.565,14.953,37.623
-6.1471,92.818,14.864,37.401
-0.89344,91.29,14.762,37.144
0.97741,88.245,14.822,37.294
-5.8446,89.57,14.906,37.507
-6.3066,89.556,14.914,37.527
-3.9508,86.843,15.025,37.806
-3.9942,85.202,15.179,38.191
-4.0739,84.767,15.151,38.121
-4.6947,82.073,15.372,38.678
-5.3198,82.955,15.382,38.702
-5.7522,84.982,15.237,38.338
-2.0005,89.307,15.141,38.096
8.8588,93.371,15.125,38.058
7.3863,93.108,14.944,37.6
9.7303,93.716,15.012,37.772
7.9725,93.644,14.953,37.623
7.6583,93.817,14.931,37.568
7.4682,93.562,14.948,37.611
6.2898,94.409,14.926,37.554
3.6771,94.192,14.932,37.571
4.5716,93.969,14.898,37.486
3.6929,94.784,14.869,37.413
3.5344,94.452,14.868,37.411
4.4802,94.35,14.903,37.497
3.1283,94.595,14.92,37.54
4.4261,92.754,14.937,37.584
5.034,92.663,14.971,37.669
5.3551,92.485,15.017,37.785
5.6241,92.16,15.066,37.909
4.5744,91.782,15.135,38.081
3.5545,91.661,15.147,38.113
5.3136,92.422,15.223,38.304
4.7892,93.038,15.168,38.165
4.7462,93.221,15.11,38.018
4.4164,92.882,15.133,38.077
4.3878,92.885,15.126,38.058
4.9135,93.698,15.124,38.055
4.1689,94.512,15.156,38.134
4.3678,95.374,15.128,38.063
4.0498,95.733,15.097,37.987
3.531,96.495,15.062,37.897
2.1689,97.09,15.038,37.839
2.3899,97.636,15.043,37.851
2.4477,97.543,15.008,37.762
2.4331,97.296,14.992,37.723
3.0967,97.779,14.999,37.74
3.5577,98.076,14.948,37.611
4.3047,98.401,14.943,37.599
4.3043,98.812,14.902,37.496
5.4487,99.346,14.846,37.356
6.2566,99.725,14.851,37.368
6.967,99.744,14.812,37.268
6.7673,99.736,14.806,37.253
6.7764,99.194,14.816,37.28
6.0232,98.447,14.719,37.035
6.4864,97.896,14.744,37.097
6.5506,97.892,14.755,37.125
7.149,98.161,14.765,37.151
7.0563,98.115,14.73,37.062
6.207,98.266,14.758,37.134
4.1657,97.511,14.789,37.212
3.8259,96.737,14.848,37.36
1.0535,96.099,14.82,37.289
-2.9268,95.806,14.785,37.2
-5.6061,95.669,14.796,37.229
-5.1998,97.52,14.792,37.219
-7.0134,98.624,14.819,37.287
-6.9776,98.728,14.82,37.288
-2.5967,95.259,14.861,37.392
-2.7023,93.945,14.911,37.519
-6.3967,79.115,14.899,37.489
-5.9477,77.702,14.889,37.463
-5.6986,77.188,14.679,36.935
-5.0734,76.772,14.647,36.853
-7.2077,70.252,14.56,36.634
-6.5762,66.194,14.541,36.586
-6.1065,63.581,14.525,36.546
-6.3826,62.863,14.591,36.713
-6.3424,63.843,14.555,36.621
-5.7549,63.827,14.556,36.625
-5.1906,64.289,14.561,36.637
-5.3448,64.53,14.609,36.758
-3.8388,64.822,14.603,36.743
-6.2037,57.817,14.553,36.616
-6.2962,56.061,14.553,36.618
-7.3031,52.116,14.531,36.561
-6.522,51.256,14.588,36.704
-7.3038,49.12,14.584,36.695
-6.9746,51.607,14.561,36.636
-7.6238,52.69,14.538,36.579
-7.0207,53.203,14.572,36.665
-5.725,57.749,14.544,36.596
-6.5643,61.313,14.567,36.654
-7.3585,60.541,14.53,36.56
-1.9532,66.984,14.541,36.588
-3.8488,65.682,14.398,36.227
-5.8585,63.686,14.491,36.461
-4.3806,73.487,14.522,36.54
3.7687,75.279,14.496,36.475
-1.6876,76.27,14.521,36.538
-3.9913,74.493,14.628,36.806
-3.6807,70.792,14.601,36.739
-5.2906,71.38,14.638,36.831
-3.665,65.427,14.608,36.756
-4.8392,66.251,14.686,36.952
-3.8886,63.192,14.724,37.048
-6.3045,62.192,14.756,37.128
-5.6574,59.899,14.718,37.031
-5.202,59.326,14.625,36.798
-6.0894,59.886,14.632,36.816
3.3827,60.509,14.448,36.353
1.1157,60.546,14.271,35.909
-0.60279,60.371,14.287,35.949
-4.8065,59.617,14.296,35.969
-6.2549,59.03,14.309,36.004
-5.3019,66.443,14.247,35.848
-5.973,66.117,14.357,36.123
-6.7264,65.807,14.467,36.401
-7.2969,63.21,14.496,36.474
-6.7076,65.287,14.483,36.44
-6.1194,65.989,14.462,36.388
-6.7813,70.289,14.466,36.399
-4.3365,70.181,14.505,36.497
-7.3232,69.364,14.551,36.611
-6.5619,66.621,14.512,36.515
-2.1649,52.916,14.401,36.235
-5.0754,51.944,14.422,36.288
-4.1687,52.934,14.574,36.67
0.068927,51.889,14.692,36.966
-4.4395,52.857,14.542,36.589
-6.0089,52.106,14.601,36.739
-5.1612,49.305,14.72,37.037
1.0531,38.115,14.649,36.859
0.46864,34.191,14.438,36.329
-1.7529,21.313,14.522,36.539
-2.2624,19.574,14.527,36.551
-2.4213,19.557,14.541,36.588
-2.3093,19.583,14.599,36.732
-1.6282,18.853,14.639,36.833
-0.20991,19.48,14.64,36.836
1.3226,19.488,14.694,36.971
2.7486,20.433,14.773,37.17
4.167,21.169,14.864,37.399
6.1345,21.537,14.744,37.097
6.6613,21.128,14.858,37.386
7.5599,21.55,15.035,37.831
7.7358,21.343,15.148,38.114
8.2447,21.343,15.239,38.344
9.5072,22.035,15.247,38.362
10.476,22.893,15.124,38.055
11.779,22.782,15.055,37.88
11.631,22.298,15.095,37.981
12.333,22.941,14.993,37.724
13.798,24.209,14.87,37.414
15.102,24.737,14.725,37.05
15.317,24.821,14.577,36.677
14.662,23.704,14.717,37.029
15.636,24.253,14.565,36.648
15.589,23.451,14.627,36.803
15.601,23.408,14.677,36.928
15.955,24.267,14.51,36.509
15.712,23.841,14.69,36.963
16.652,24.379,14.486,36.448
15.495,23.53,14.63,36.811
15.229,23.636,14.698,36.983
15.789,23.897,14.758,37.134
15.691,24.38,14.59,36.709
14.726,23.903,14.72,37.037
15.912,24.316,14.584,36.696
15.71,23.972,14.715,37.025
16.212,24.853,14.585,36.698
15.532,24.653,14.551,36.611
15.734,24.636,14.55,36.61
15.622,24.633,14.543,36.592
14.905,24.618,14.659,36.884
14.776,24.989,14.656,36.877
14.753,24.782,14.755,37.125
15.31,25.285,14.586,36.701
14.969,25.604,14.54,36.583
14.643,25.692,14.599,36.733
14.706,25.708,14.585,36.698
14.778,25.707,14.598,36.731
14.429,25.949,14.599,36.734
14.743,26.083,14.604,36.747
15.148,25.907,14.588,36.705
14.972,25.917,14.624,36.797
14.303,26.201,14.614,36.771
14.406,26.442,14.584,36.695
13.952,26.315,14.559,36.633
11.517,25.829,14.541,36.587
8.7939,24.378,14.7,36.987
7.1005,23.277,14.607,36.754
5.2427,22.091,14.696,36.976
3.6043,21.317,14.925,37.553
1.5617,20.729,15.037,37.835
-0.14775,21.035,14.878,37.434
-1.8185,21.414,14.992,37.721
-4.5766,21.407,15.126,38.058
-5.4011,21.904,15.022,37.798
-5.501,21.907,14.924,37.551
-6.5321,22.306,14.912,37.521
-7.0071,22.263,15.009,37.766
-7.3035,21.069,15.096,37.984
-6.9042,26.841,14.939,37.589
-6.3195,36.757,15.081,37.945
-6.2489,47.455,15.433,38.831
-0.94049,52.232,15.134,38.08
-0.55698,52.394,15.153,38.127
-0.79203,52.526,15.051,37.869
-0.77255,52.188,14.984,37.702
-0.77063,52.564,14.925,37.554
-0.85935,52.381,14.907,37.508
0.085177,52.81,14.836,37.33
1.2536,52.367,14.725,37.049
2.1314,53.341,14.608,36.756
2.0771,53.323,14.534,36.569
2.3601,53.194,14.547,36.602
2.1399,53.258,14.558,36.629
1.7592,53.686,14.582,36.69
1.0902,53.49,14.621,36.789
1.0836,53.358,14.608,36.755
-0.23488,53.567,14.654,36.871
-1.9995,53.31,14.582,36.691
-4.0048,52.364,14.459,36.38
-5.753,50.902,14.372,36.161
0.44687,50.078,14.468,36.402
-0.68968,50.681,14.454,36.368
-4.3077,50.077,14.456,36.373
-5.0396,50.146,14.359,36.129
-4.3475,50.581,14.253,35.864
-5.0994,50.817,14.176,35.668
-5.2412,51.078,14.099,35.475
-5.6564,51.461,14.084,35.437
-5.0902,51.113,14.027,35.293
-5.0864,50.137,14.064,35.386
-6.2309,49.841,14.07,35.403
-7.1853,49.667,14.023,35.284
-5.7083,50.153,14.085,35.439
7.239,51.542,14.05,35.351
6.2709,52.156,14.072,35.407
4.9652,51.672,14.021,35.279
3.2225,51.794,13.998,35.22
1.2054,52.129,14.055,35.363
0.038624,49.614,14.008,35.247
-1.6914,49.415,13.992,35.205
-3.1705,49.604,14.041,35.329
-5.1365,50.045,14.067,35.394
-6.121,50.301,14.107,35.496
-6.8817,58.308,14.266,35.896
-4.7638,56.395,14.267,35.897
-5.4154,56.812,14.35,36.105
-6.1187,55.661,14.376,36.171
-4.3527,61.896,14.49,36.459
-6.1774,60.128,14.554,36.619
-5.6664,60.185,14.727,37.056
-5.1536,61.402,14.826,37.303
-6.2091,55.332,14.738,37.083
0.027753,60.864,14.805,37.25
-0.5412,61.553,14.864,37.4
-1.6693,61.713,14.798,37.233
-4.637,62.506,14.669,36.909
-4.5079,62.399,14.617,36.777
-4.9527,62.318,14.597,36.729
-5.778,58.573,14.543,36.591
-5.3562,61.194,14.6,36.735
-6.3141,62.3,14.651,36.865
-5.628,62.778,14.724,37.047
-6.0397,63.023,14.747,37.106
-5.8597,63.026,14.773,37.17
-6.3882,62.576,14.753,37.12
-6.1018,62.413,14.753,37.12
-4.6361,60.959,14.695,36.975
-5.7382,62.401,14.72,37.036
-5.8135,61.82,14.654,36.872
-6.1347,61.551,14.595,36.723
-4.5247,61.52,14.495,36.472
-5.4464,61.181,14.577,36.679
-6.2146,61.652,14.645,36.848
-6.2273,61.399,14.645,36.849
-5.8964,61.468,14.632,36.815
-6.1131,60.806,14.585,36.698
-6.4114,60.736,14.535,36.573
-6.2465,60.479,14.52,36.535
-5.3491,60.31,14.535,36.573
-5.8164,60.562,14.553,36.618
-6.3896,60.722,14.536,36.574
-6.1549,60.478,14.578,36.68
-6.3028,60.362,14.587,36.702
-5.2736,60.374,14.56,36.636
-5.5646,60.631,14.561,36.638
-6.2271,60.546,14.679,36.934
-5.341,60.087,14.652,36.868
-5.9616,60.06,14.585,36.698
-6.1212,59.511,14.621,36.789
-6.1307,59.664,14.627,36.804
-6.0281,60.052,14.667,36.905
-6.276,59.744,14.619,36.782
-5.747,60.099,14.544,36.596
-6.3396,60.04,14.497,36.475
-6.0479,59.895,14.449,36.356
-6.1853,59.907,14.424,36.292
-5.8426,59.933,14.466,36.398
-6.0669,59.994,14.483,36.442
-6.3128,60.289,14.459,36.38
-5.9892,59.426,14.563,36.642
-6.3485,59.677,14.564,36.645
-6.1548,59.689,14.608,36.757
-6.0584,58.922,14.542,36.59
-6.3021,57.253,14.663,36.894
-6.2895,56.587,14.657,36.879
-5.4061,48.212,14.865,37.402
-4.9706,53.363,14.924,37.551
-5.9496,51.798,14.814,37.275
-5.2119,51.56,14.808,37.259
-5.6602,52.175,14.876,37.43
-5.9674,52.677,14.835,37.327
-5.9607,51.615,14.748,37.108
-4.8215,51.789,14.649,36.858
-5.9208,51.149,14.51,36.508
-5.7223,51.291,14.393,36.215
-5.2718,51.424,14.37,36.156
-4.7807,51.25,14.429,36.306
-6.3306,51.293,14.39,36.207
-5.1129,51.918,14.307,35.998
-4.9956,51.537,14.292,35.959
-5.55,50.56,14.37,36.157
-6.3801,50.87,14.315,36.02
-6.241,52.466,14.245,35.842
-4.3043,58.836,14.268,35.901
-3.7328,58.648,14.272,35.911
-4.8171,58.498,14.231,35.807
-3.8497,58.149,14.199,35.726
-5.656,50.733,14.178,35.675
-6.9946,51.714,14.197,35.722
-6.079,52.219,14.174,35.664
-6.2561,51.535,14.191,35.705
-5.9072,51.451,14.194,35.713
-5.4304,51.871,14.17,35.653
-6.1095,51.528,14.163,35.635
-6.4192,51.536,14.149,35.6
-6.8036,51.965,14.147,35.594
-7.1392,51.537,14.183,35.687
-7.0026,51.793,14.169,35.652
-6.7623,51.406,14.223,35.786
-6.3248,52.487,14.169,35.652
-6.8971,51.331,14.177,35.671
-6.7327,51.339,14.166,35.644
-7.197,51.85,14.157,35.62
-5.342,59.144,14.176,35.669
-5.8858,59.665,14.294,35.965
-5.0639,58.881,14.249,35.853
-5.7855,60.023,14.338,36.077
-5.7464,59.735,14.352,36.111
-5.3379,59.769,14.296,35.97
-5.294,58.715,14.221,35.781
-5.8756,59.011,14.172,35.66
-5.984,59.654,14.097,35.469
-6.0567,62.786,14.124,35.538
-5.6675,60.344,14.023,35.283
-6.4952,64.915,14.146,35.594
-6.3554,68.756,14.126,35.544
-6.3997,68.427,14.174,35.664
-6.6666,69.689,14.182,35.684
-7.0598,70.244,14.185,35.692
-6.9252,69.222,14.139,35.575
-7.2398,72.096,14.144,35.588
-7.195,72.767,14.153,35.61
-7.3064,72.853,14.254,35.865
-6.8799,74.393,14.351,36.108
-6.5115,75.061,14.491,36.461
-7.2011,73.977,14.505,36.495
-7.1882,74.43,14.456,36.373
-6.9331,74.168,14.381,36.186
-6.2437,73.495,14.402,36.236
-6.3399,73.572,14.425,36.295
-6.9159,73.061,14.439,36.33
-6.6489,73.924,14.42,36.283
-6.4809,74.372,14.526,36.548
-7.2669,73.38,14.473,36.415
-7.1438,74.12,14.402,36.237
-6.9168,74.551,14.493,36.467
-7.0738,74.543,14.527,36.552
-7.5107,72.632,14.417,36.274
-6.4203,74.75,14.502,36.489
-6.4256,74.57,14.596,36.726
-6.0288,74.984,14.511,36.511
-6.3346,73.416,14.48,36.433
-5.6237,74.206,14.463,36.392
-5.0023,74.246,14.497,36.477
-5.2171,73.865,14.604,36.745
-5.1209,73.146,14.42,36.283
-4.1429,73.529,14.55,36.61
-5.3065,71.993,14.487,36.452
-4.9503,73.08,14.573,36.668
-6.476,69.479,14.379,36.18
-5.7064,70.787,14.375,36.17
-5.827,68.796,14.342,36.086
-6.0413,69.861,14.346,36.097
-5.6345,71.096,14.276,35.919
-5.3415,73.384,14.415,36.27
-5.69,72.287,14.38,36.182
-4.9308,73.324,14.405,36.244
-4.9558,72.365,14.44,36.333
-5.0275,72.972,14.476,36.424
-4.7279,73.846,14.515,36.522
-4.5996,73.425,14.591,36.713
-4.972,73.541,14.598,36.73
-5.1826,72.997,14.447,36.351
-5.2941,73.342,14.568,36.654
-4.2954,73.333,14.591,36.713
-5.067,72.81,14.609,36.759
-4.682,72.811,14.445,36.345
-4.2089,72.701,14.379,36.18
-3.7465,73.386,14.45,36.359
-4.6949,73.296,14.405,36.244
-4.8907,73.249,14.356,36.122
-4.627,74.217,14.377,36.174
-4.8116,73.393,14.367,36.148
-5.2323,73.443,14.443,36.339
-5.9174,73.395,14.37,36.156
-5.2095,73.416,14.421,36.285
-5.2582,73.557,14.46,36.383
-5.9785,73.409,14.343,36.089
-5.2347,73.485,14.292,35.96
-4.9403,73.557,14.426,36.298
-5.3794,73.341,14.36,36.131
-4.9977,73.608,14.451,36.362
-5.7883,72.698,14.487,36.452
-5.4364,72.887,14.415,36.271
-5.4482,73.09,14.401,36.236
-4.5114,73.34,14.382,36.187
-5.0711,72.792,14.509,36.505
-5.388,72.556,14.629,36.809
-5.3614,72.658,14.569,36.659
-4.5029,72.824,14.502,36.49
-5.0206,72.267,14.487,36.452
-4.9988,72.235,14.486,36.449
-4.6351,72.592,14.546,36.6
-4.8721,72.28,14.686,36.951
-4.0053,72.801,14.907,37.507
-4.4656,72.687,14.772,37.168
-4.058,72.421,14.755,37.125
-4.3812,72.569,14.7,36.988
-3.9304,72.947,14.718,37.033
-3.5565,73.268,14.781,37.191
-3.7526,72.813,14.867,37.407
-3.9865,73.118,14.957,37.634
-5.0206,72.395,14.892,37.469
-4.6017,72.652,14.772,37.167
-4.4371,72.916,14.846,37.353
-4.651,73.11,14.88,37.44
-4.5187,73.016,14.855,37.377
-4.4053,72.986,14.702,36.992
-4.1666,73.846,14.592,36.716
-4.2195,74.348,14.627,36.804
-4.0776,74.143,14.475,36.42
-4.2494,73.695,14.419,36.28
-4.4093,73.926,14.345,36.094
-4.6131,74.389,14.437,36.326
-5.1171,74.053,14.412,36.263
-5.1058,74.366,14.357,36.124
-5.2828,74.419,14.395,36.219
-5.3441,74.772,14.388,36.202
-5.41,74.883,14.451,36.361
-6.0773,74.294,14.322,36.036
-6.0058,74.56,14.215,35.766
-5.935,74.648,14.182,35.684
-6.2438,74.55,14.151,35.605
-6.6296,74.371,14.146,35.593
-6.852,74.541,14.3,35.98
-6.3763,75.004,14.338,36.077
-6.4015,75.019,14.326,36.047
-6.6406,74.939,14.311,36.009
-6.3892,74.682,14.309,36.002
-6.4358,74.808,14.276,35.92
-6.6526,74.63,14.28,35.93
-6.46,74.761,14.289,35.953
-6.4223,74.72,14.275,35.919
-6.6731,74.659,14.238,35.823
-6.8904,74.972,14.235,35.817
-6.4108,75.259,14.202,35.735
-6.4057,75.217,14.186,35.694
-6.9016,75.05,14.201,35.732
-6.6577,74.835,14.225,35.791
-6.522,74.601,14.121,35.531
-6.9449,74.433,14.035,35.313
-7.2189,74.764,14.013,35.258
-6.6009,74.783,14.01,35.251
-6.8137,74.316,14,35.225
-7.0543,74.091,13.921,35.028
-6.8038,74.895,13.909,34.997
-6.8647,74.91,13.904,34.984
-6.841,74.905,14.041,35.329
-7.323,74.921,14.073,35.411
-7.1651,75.189,14.063,35.384
-7.0366,74.694,13.974,35.161
-7.2899,74.817,14.074,35.413
-7.128,75.094,14.067,35.394
-7.1096,75.134,14.065,35.39
-7.1381,75.288,14.075,35.415
-6.8854,75.203,14.113,35.511
-6.9465,75.396,14.111,35.505
-6.6882,76.792,14.168,35.649
-5.5405,66.348,14.267,35.898
-5.5587,63.953,14.326,36.047
-5.6683,67.517,14.213,35.761
-5.0672,69.782,14.168,35.647
-5.0802,66.92,14.207,35.747
-4.096,59.808,14.246,35.844
-4.6427,69.756,14.234,35.815
-4.8761,69.192,14.237,35.823
-5.0205,69.58,14.443,36.342
-4.0602,66.69,14.458,36.379
-5.422,70.585,14.478,36.428
2.3287,82.756,14.512,36.513
6.9521,96.917,14.522,36.539
6.2922,96.391,14.693,36.97
5.3474,96.96,14.729,37.061
3.9394,96.793,14.807,37.256
3.1311,96.571,14.883,37.446
2.0354,96.501,14.908,37.509
1.1378,96.545,15.127,38.061
0.21112,96.631,15.204,38.256
0.41373,96.94,15.269,38.418
-0.91325,96.538,15.342,38.602
-0.92774,96.486,15.376,38.688
-1.163,96.332,15.157,38.138
-0.81457,96.566,15.046,37.857
-1.3627,96.393,15.018,37.786
-1.5283,95.55,15.094,37.978
-1.4122,94.906,15.208,38.265
-1.136,95.043,15.296,38.486
-2.2399,94.273,15.252,38.377
-1.7047,93.799,15.283,38.453
-2.6563,93.363,15.114,38.028
-3.601,93.501,15.085,37.955
-4.2521,93.044,15.266,38.412
-3.7477,93.093,15.291,38.474
-5.4115,93.14,15.317,38.54
-5.6229,93.199,15.267,38.413
-5.4305,92.79,15.163,38.152
-5.8036,93.092,15.099,37.991
-6.2147,93.058,15.021,37.794
-5.5884,95.138,14.969,37.665
-6.2292,96.367,14.995,37.728
-6.0095,95.763,15.04,37.842
-5.3722,104.63,14.915,37.527
-5.437,103.49,14.71,37.012
-3.9218,102.53,14.57,36.66
-4.5681,115.03,14.499,36.481
-6.102,116.56,14.366,36.147
-5.0513,115.29,14.351,36.109
-5.2546,114.89,14.312,36.011
-5.3759,113.26,14.264,35.89
-5.1177,111.67,14.239,35.826
-5.4575,111.28,14.148,35.598
-5.6833,108.99,14.136,35.567
-5.4638,108.45,14.161,35.631
-5.7831,106.45,14.127,35.546
-5.771,105.12,14.185,35.692
-5.1566,104.82,14.177,35.671
-5.6527,103.82,14.203,35.735
-4.5936,102.95,14.242,35.835
-4.8392,103.03,14.247,35.847
-5.0162,99.65,14.158,35.623
-5.8313,99.422,14.158,35.623
-5.8835,98.063,14.128,35.547
-5.437,96.773,14.111,35.505
-5.965,95.899,14.185,35.691
-5.4786,93.742,14.197,35.722
-5.3422,92.13,14.216,35.769
-5.3975,91.272,14.292,35.961
-5.6407,89.988,14.358,36.126
-5.664,88.309,14.518,36.528
-5.7538,85.697,14.576,36.675
-5.8638,85.029,14.481,36.437
-5.7812,83.512,14.505,36.498
-5.9033,82.947,14.615,36.774
-5.596,81.497,14.632,36.816
-5.5677,80.102,14.686,36.952
-5.5241,79.056,14.69,36.961
-5.7237,78.117,14.595,36.723
-6.2148,77.276,14.625,36.798
-6.1235,76.514,14.52,36.533
-6.2808,74.18,14.568,36.654
-6.1765,73.543,14.575,36.672
-5.8757,70.01,14.506,36.499
-5.4844,66.631,14.503,36.491
-6.0343,64.794,14.549,36.608
-6.3391,63.838,14.499,36.481
-6.3688,63.404,14.518,36.529
-6.226,62.164,14.511,36.511
-6.3295,61.555,14.479,36.43
-6.4452,61.253,14.372,36.161
-5.781,60.495,14.343,36.089
-5.2538,60.11,14.238,35.826
-5.074,60.265,14.173,35.661
-5.9297,60.168,14.154,35.613
-5.7281,60.068,14.247,35.848
-5.3281,60.143,14.266,35.896
-5.3058,59.918,14.366,36.146
-5.4373,59.626,14.467,36.4
-5.8909,59.327,14.426,36.299
-5.1298,59.323,14.554,36.62
-5.2586,58.974,14.441,36.334
-5.4388,58.575,14.361,36.135
-5.1455,58.222,14.345,36.093
-4.8241,57.706,14.446,36.348
-5.7312,56.909,14.407,36.25
-5.2388,56.672,14.45,36.359
-5.8708,56.295,14.53,36.56
-5.9407,56.208,14.368,36.152
-5.3784,56.855,14.468,36.404
-5.9609,56.278,14.541,36.586
-6.4365,56.126,14.374,36.168
-6.0605,57.38,14.34,36.081
-5.8411,57.672,14.407,36.251
-5.692,57.291,14.333,36.064
-5.8237,57.079,14.297,35.972
-5.4913,56.354,14.452,36.362
-5.9607,55.345,14.581,36.687
-5.9762,55.423,14.615,36.772
-6.14,55.481,14.506,36.5
-6.1462,55.235,14.37,36.157
-5.8077,55.395,14.473,36.415
-6.0316,55.233,14.385,36.194
-5.5456,55.85,14.44,36.333
-6.1142,55.462,14.42,36.284
-5.4708,55.876,14.301,35.984
-5.3954,56.329,14.185,35.692
-5.3399,56.549,14.294,35.966
-5.3014,56.569,14.231,35.808
-5.1627,56.623,14.197,35.721
-4.983,56.611,14.199,35.727
-4.9633,56.408,14.405,36.245
-5.12,56.516,14.245,35.843
-4.8045,56.519,14.37,36.157
-4.7499,56.293,14.516,36.524
-4.9524,56.077,14.297,35.973
-4.8135,56.491,14.435,36.319
-4.6814,56.142,14.269,35.903
-4.0726,56.513,14.385,36.193
-4.5583,56.886,14.406,36.248
-4.7922,57.222,14.211,35.758
-4.5704,57.213,14.177,35.672
-5.3203,56.714,14.094,35.462
-5.3728,56.741,14.002,35.231
-5.4568,56.921,13.91,34.999
-5.2719,56.899,14.232,35.811
-5.3534,56.617,14.393,36.214
-5.5104,56.556,14.512,36.515
-5.6328,56.506,14.292,35.961
-5.2698,56.821,14.365,36.144
-5.3359,57.377,14.225,35.792
-4.8298,57.474,14.34,36.081
-4.7664,57.573,14.354,36.116
-4.9051,58.363,14.166,35.645
-5.2949,58.34,14.093,35.46
-5.2047,58.286,14.055,35.363
-5.1102,58.129,14.026,35.292
-5.2371,58.256,14.101,35.48
-4.7833,58.124,14.146,35.593
-5.1008,57.83,14.21,35.755
-4.8912,58.474,14.132,35.557
-5.2034,58.681,14.176,35.667
-5.0536,59.104,14.131,35.556
-4.8124,59.399,14.107,35.495
-4.7238,59.406,14.102,35.481
-5.1396,59.488,14.06,35.377
-5.1095,59.5,13.969,35.148
-5.0624,59.913,13.853,34.855
-4.7793,60.179,13.941,35.077
-4.8301,60.062,13.97,35.15
-4.9299,59.861,13.822,34.777
-4.6428,60.375,13.935,35.063
-5.011,60.265,13.975,35.163
-5.1701,59.615,13.969,35.147
-5.3898,59.574,13.921,35.028
-5.369,59.686,14.213,35.762
-5.3121,59.725,14.329,36.054
-5.5358,59.526,14.384,36.193
-5.7765,59.9,14.163,35.636
-6.2445,59.853,13.95,35.1
-6.2529,60.026,13.831,34.801
-6.099,60.373,13.929,35.048
-6.4692,60.55,13.874,34.908
-6.3603,61.089,13.709,34.494
-6.7834,61.057,14.021,35.278
-6.8283,60.529,13.964,35.135
-6.5368,60.91,13.941,35.078
-6.4498,60.842,14.057,35.369
-6.3124,61.111,14.084,35.437
-6.1786,61.321,14.089,35.45
-6.1084,61.364,14.079,35.424
-5.8761,62.359,14.067,35.393
-5.9825,62.619,14.047,35.344
-6.2003,62.417,14.042,35.333
-5.9796,61.917,14.065,35.388
-5.6392,62.406,14.025,35.29
-6.0785,62.402,14.124,35.539
-6.2293,62.909,14.098,35.472
-5.9686,62.275,14.169,35.65
-6.0291,62.464,14.094,35.462
-5.7789,62.006,14.106,35.492
-5.7876,62.084,14.053,35.36
-5.6216,61.846,14.03,35.301
-5.9277,62.179,14.02,35.277
-6.1821,62.641,13.962,35.131
-5.9177,62.178,14.037,35.319
-5.9326,61.864,14.071,35.405
-6.1304,62.12,14.039,35.325
-6.2184,61.74,14.092,35.457
-6.0152,62.072,14.058,35.371
-5.983,61.655,14.134,35.564
-5.997,62.154,14.157,35.621
-5.9593,62.03,14.111,35.505
-6.1359,62.102,14.109,35.501
-6.1636,62.057,14.073,35.41
-6.0723,62.034,14.043,35.334
-6.3013,61.759,14.011,35.254
-6.6182,61.96,14.129,35.549
-6.824,61.805,14.205,35.742
-6.1823,62.06,14.194,35.713
-5.8645,61.158,14.186,35.695
-5.0892,59.543,14.162,35.632
-5.1949,56.733,14.184,35.69
-5.0092,56.928,14.199,35.726
-4.6988,56.882,14.195,35.717
-4.6236,58.063,14.185,35.692
-5.0083,57.515,14.177,35.672
-5.7949,57.265,14.17,35.655
-6.006,59.716,14.155,35.617
-5.5859,59.482,14.152,35.608
-5.5871,59.486,14.15,35.603
-5.5463,59.344,14.136,35.569
-5.5824,59.592,14.137,35.571
-5.5328,59.355,14.128,35.548
-5.5411,59.366,14.121,35.53
-5.5229,59.413,14.115,35.515
-6.0824,59.444,14.134,35.563
-6.0519,59.49,14.151,35.606
-6.0186,59.21,14.154,35.613
-5.9963,59.239,14.163,35.637
-6.3415,66.801,14.172,35.659
-6.0625,67.26,14.176,35.668
-5.8479,68.512,14.108,35.498
-5.9515,68.204,14.081,35.429
-5.8874,68.011,14.027,35.293
-6.0577,77.47,14.02,35.275
-5.8458,77.977,14.117,35.52
-5.9254,78.709,14.101,35.479
-5.9634,78.661,14.073,35.409
-5.9413,78.6,14.052,35.357
-5.9321,78.623,14.036,35.316
-5.9713,78.523,14.115,35.516
-5.9656,78.548,14.096,35.466
-5.8778,78.017,14.09,35.451
-5.9178,78.394,14.085,35.439
-5.8586,77.959,14.08,35.428
-5.8856,78.174,14.077,35.42
-5.8841,78.177,14.074,35.412
-5.8828,78.18,14.072,35.406
-5.8817,78.183,14.07,35.401
-5.9758,78.572,14.061,35.379
-5.8165,78.037,14.06,35.376
-5.8353,78.174,14.059,35.373
-5.8349,78.175,14.058,35.371
-5.9213,78.494,14.051,35.355
-5.8787,78.4,14.046,35.341
-5.8761,78.406,14.041,35.329
-5.8265,78.429,14.018,35.272
-5.8567,78.328,14.086,35.443
-5.7781,78.038,14.087,35.444
-5.8056,78.161,14.087,35.446
-5.806,78.16,14.088,35.448
-5.8063,78.158,14.089,35.45
-5.7844,78.203,14.09,35.453
-5.785,78.202,14.091,35.455
-5.7856,78.2,14.092,35.458
-5.8681,78.455,14.088,35.446
-5.7517,78.095,14.089,35.45
-5.7846,78.203,14.09,35.453
-5.7666,78.224,14.092,35.457
-5.8322,78.449,14.088,35.448
-5.7698,78.324,14.085,35.44
-5.7683,78.328,14.082,35.432
-5.7669,78.332,14.079,35.426
-5.7652,78.335,14.077,35.42
-5.7041,78.155,14.079,35.425
-5.7488,78.242,14.081,35.429
-5.7499,78.239,14.083,35.435
-5.7508,78.236,14.085,35.44
-5.7501,78.233,14.087,35.445
-5.7518,78.23,14.089,35.45
-5.7226,78.322,14.089,35.449
-5.6464,78.209,14.089,35.449
-5.7227,78.322,14.089,35.449
-5.6466,78.208,14.089,35.45
-5.7229,78.321,14.089,35.45
-5.6469,78.207,14.09,35.451
-5.7195,78.315,14.09,35.452
-5.6439,78.208,14.09,35.453
-5.7201,78.314,14.091,35.455
-5.6441,78.207,14.092,35.457
-5.7419,78.316,14.093,35.459
-5.6786,78.271,14.093,35.461
-5.6786,78.268,14.094,35.463
-5.8062,78.331,14.095,35.466
-5.7505,78.321,14.096,35.468
-5.7511,78.32,14.098,35.471
-5.7517,78.318,14.099,35.474
-5.7523,78.317,14.1,35.477
-5.7524,78.315,14.101,35.48
-5.7514,78.316,14.103,35.484
-5.7538,78.311,14.105,35.489
-5.7554,78.307,14.107,35.495
-5.7572,78.305,14.109,35.501
