471.5,208.5,157,70
434.12,204.19,155.44,69.305
392.05,203.61,154.48,68.877
363.33,202.89,153.22,68.317
330.34,203.3,148.39,66.16
335.33,200.84,142.5,63.535
326.25,199.35,140.47,62.628
320.02,198.34,137.75,61.417
310.49,197.47,134.45,59.947
302.36,195.68,131.12,58.461
296.22,194.48,128.16,57.141
288.45,194.02,128.18,57.152
328.23,194.67,130.18,58.044
322.55,191.86,131.47,58.619
319.08,188.33,131.45,58.607
317.15,186.77,130.29,58.09
314.7,184.92,128.69,57.379
311.55,183.38,125.67,56.031
306.88,182.47,125.52,55.965
305.47,180.53,124.41,55.471
303.27,179.25,124.24,55.393
302.99,177.35,123.41,55.023
301.47,176.43,122.85,54.773
299.57,175.35,122.96,54.823
301.73,172.44,119.38,53.228
304.54,171.23,118.58,52.868
316,169.07,115.49,51.493
319.65,168.03,113.41,50.566
319.36,165.8,110.59,49.307
329.58,164.92,110.04,49.064
336.58,159.57,110.81,49.408
330.47,160.47,110.22,49.144
338.04,157.19,108.12,48.205
342.03,156.12,106.74,47.592
346.18,154.47,106.39,47.433
350.45,154.64,107.05,47.73
354.19,150.06,106.65,47.551
361.75,148.49,105.81,47.178
366.02,146.13,105.1,46.859
372.3,145.2,103.97,46.356
373.9,143.25,102.16,45.548
376.87,141.71,101.27,45.152
381.56,140.99,101.54,45.271
385.35,139,101.31,45.168
390.74,136.79,100.43,44.776
398.16,134.57,99.114,44.191
401.55,132.97,98.256,43.809
406.3,131.75,98.022,43.704
411.39,130.2,97.868,43.636
413.43,127.65,97.738,43.577
418.94,126.72,96.588,43.065
427.06,125.76,95.443,42.554
431.77,125.45,95.358,42.516
435.17,123.2,95.071,42.389
439.64,121.93,94.294,42.042
442,120.64,93.047,41.486
447.94,119.56,91.645,40.861
450.92,118.56,91.24,40.68
454.54,117.97,91.019,40.582
458.54,116.17,90.133,40.187
461.45,115.03,88.753,39.572
468.56,113.54,88.507,39.462
472.35,112.74,88.434,39.429
477.32,111.59,88.815,39.599
480.41,109.78,88.854,39.616
483.5,108.97,88.036,39.252
484.55,108.14,87.218,38.887
486.26,107.57,85.648,38.187
493.41,108.48,84.628,37.732
500.75,106.08,83.308,37.144
487.33,104.4,83.23,37.109
506.77,105.16,82.419,36.747
506.87,103.76,82.598,36.827
505.67,103.77,82.48,36.774
503.78,104.07,82.945,36.982
505.56,104.68,83.011,37.011
