34.5,195.5,28,68
35.451,191.47,27.995,67.988
36.97,191.17,27.851,67.639
38.86,190.81,27.695,67.259
41.741,190.31,28.151,68.366
45.232,189.98,28.429,69.042
48.032,188.78,28.196,68.476
51.808,188.75,28.406,68.986
53.705,188.1,28.303,68.735
55.124,188.37,28.175,68.424
56.988,188.44,28.48,69.165
57.577,187.53,28.467,69.135
57.585,186.05,28.528,69.283
58.177,185.32,28.665,69.614
59.916,186.2,28.459,69.115
60.77,186.27,28.376,68.913
62.874,186.06,28.407,68.988
64.947,185.32,28.319,68.775
66.592,184.57,28.812,69.971
67.761,184.38,28.865,70.101
68.667,184.02,28.882,70.142
68.562,184.32,28.949,70.306
68.333,184.65,28.586,69.423
67.905,184.38,28.508,69.233
67.2,182.5,28.37,68.899
66.983,182.9,28.256,68.622
66.901,182.87,28.151,68.366
67.236,183.6,28.192,68.465
67.083,183.69,28.249,68.604
66.982,182.55,28.108,68.261
67.598,181.96,28.199,68.483
67.549,181.07,28.372,68.903
66.788,180.84,28.4,68.97
66.656,181.43,28.207,68.502
66.678,181.49,27.914,67.792
65.966,180.05,27.89,67.732
65.896,179.53,27.697,67.265
66.311,179.45,27.532,66.862
67.752,179.84,27.742,67.374
68.777,179.72,27.718,67.316
70.767,179.08,27.704,67.281
72.799,178.61,27.626,67.092
74.153,178.11,27.719,67.318
75.581,178.06,27.515,66.823
76.719,178.03,27.611,67.056
77.455,177.57,27.691,67.249
77.961,177.29,27.773,67.449
78.684,177.12,27.85,67.636
80.343,176.54,27.835,67.6
81.952,176.86,27.608,67.048
83.964,176.87,27.456,66.68
84.944,176.13,27.553,66.914
86.416,176.02,27.482,66.742
88.441,176.33,27.558,66.926
90.923,176.45,27.18,66.009
94.772,175.85,27.047,65.685
98.151,175.6,26.831,65.16
102.18,176.92,26.783,65.046
105.71,177.49,26.977,65.516
107.56,176.56,26.963,65.483
111.24,176.25,26.827,65.152
113.15,177.03,26.572,64.532
118.09,176.25,26.376,64.057
130.73,175.68,26.124,63.444
132.43,175.57,26.016,63.183
133.23,183.41,26.174,63.564
135.95,187.24,26.462,64.266
139.42,182.35,26.493,64.339
144.1,183.28,26.338,63.963
149.8,186.49,26.27,63.8
150.5,190.01,26.213,63.659
155.16,194.29,26.358,64.013
157.12,203.19,26.337,63.962
160.27,201.32,26.297,63.864
165.53,204.25,26.281,63.824
170.61,207.43,26.236,63.716
174.47,211.65,26.236,63.716
178.95,216.98,26.021,63.193
185.02,218.85,25.959,63.043
190.9,221.85,26.069,63.31
192.79,207.04,25.878,62.846
196.45,226.78,25.798,62.653
192.84,220.75,25.49,61.904
208.27,217.05,25.221,61.251
216.31,214.64,25.212,61.229
226.77,217.84,25.28,61.395
224.83,211.99,25.275,61.382
221.76,202.42,25.313,61.475
227.18,203.72,25.317,61.483
236.7,210.11,25.123,61.014
247.61,217.4,25.108,60.977
258.41,225.24,24.979,60.664
268.36,230.99,24.887,60.441
284.69,243.07,24.696,59.976
297.61,248.84,24.743,60.09
308.47,242.11,24.676,59.929
320.27,227.19,24.528,59.567
335.99,220.08,24.455,59.391
333.08,222.99,24.451,59.382
325.04,218.15,24.427,59.322
316.2,221.54,24.274,58.951
314.82,223.75,24.247,58.885
323.58,217.75,23.99,58.261
320.89,209.66,24.022,58.339
340.51,219.27,23.719,57.602
358.02,229.81,23.609,57.336
374.94,239.86,23.44,56.927
392.88,250.34,23.351,56.71
412.61,260.23,23.331,56.661
432.99,274.1,23.455,56.961
455.57,286.32,23.336,56.674
456.19,276.27,23.371,56.757
459.9,280.01,23.39,56.805
455.03,282.71,22.979,55.806
448.7,298.22,23.214,56.378
441.46,299.3,23.431,56.905
441.1,297.75,23.477,57.015
439.03,283.4,23.577,57.26
441.46,297.97,23.784,57.761
441.5,295.93,23.876,57.984
445.1,295.49,24.192,58.752
449.59,295.6,24.236,58.858
452.3,307.09,24.456,59.392
449.08,308.37,24.583,59.701
457.01,305.9,24.629,59.813
462.3,300.15,24.691,59.965
469.65,322.01,24.914,60.505
473.24,324.9,24.959,60.615
478.55,315.08,25.093,60.939
468.07,314.1,25.081,60.911
476.68,312.35,24.917,60.512
474.93,313.65,24.909,60.494
461.84,305.19,24.924,60.53
467.08,305.93,24.892,60.452
457.22,307.37,24.915,60.508
456.53,305.6,24.858,60.37
455.54,314.51,24.929,60.541
458.47,314.61,24.991,60.693
471.52,318.39,25.174,61.138
472.71,315.61,25.287,61.412
470.16,317.09,25.255,61.333
476.14,312.85,25.295,61.431
465.35,317.67,25.236,61.287
458.37,320.61,25.192,61.179
462.56,318.06,25.091,60.935
471.97,317.52,24.985,60.678
473.21,315.51,24.983,60.674
472.81,306.17,25.106,60.972
470.81,303.46,24.933,60.551
471.93,304.85,24.898,60.466
468.57,305.15,25.002,60.718
474.28,315.63,25.157,61.097
475.22,323.15,25.001,60.717
475.08,316.4,25.03,60.788
473.45,315.04,25.136,61.044
471.88,317.69,25.098,60.953
475.9,318.2,25.189,61.173
482.31,321.79,25.06,60.86
476.12,322.17,25.076,60.898
464.51,322,25.135,61.043
455.94,320.66,25.262,61.35
473.46,309.47,25.19,61.177
474.68,311.25,25.191,61.179
469.15,306.66,25.291,61.421
458.44,317.05,25.362,61.593
466.65,325.72,25.45,61.807
464.26,325.81,25.69,62.391
450.44,318.82,25.934,62.983
446.7,317.97,26.078,63.333
457.17,316.23,26.226,63.691
458.28,313.82,26.253,63.757
452.81,314.16,26.27,63.798
434.25,309.64,26.19,63.605
431.86,314.4,26.214,63.662
432.67,317.09,26.077,63.331
429.59,308.99,26.102,63.391
433.04,302.69,26.214,63.662
422.35,297.23,26.307,63.888
424.78,295.25,26.432,64.191
424.69,296.44,26.425,64.174
429.36,295.94,26.574,64.536
417.41,299.46,26.646,64.711
423,294.57,26.621,64.651
423.7,290.97,26.512,64.386
441.79,289.59,26.458,64.255
441.7,289.41,26.342,63.974
442.95,288.34,26.349,63.99
451.4,293.05,26.42,64.164
442.21,293.58,26.399,64.113
453.23,291.42,26.353,64
448.7,288.67,26.315,63.909
430.02,287.55,26.27,63.798
424.5,293.88,26.284,63.831
439.96,289.01,26.266,63.789
444.97,285.75,26.292,63.853
457.02,283.46,26.282,63.828
457.6,281.33,26.169,63.552
461.68,268.87,26.064,63.299
457.85,257.45,26.097,63.377
461.61,257.26,26.147,63.499
455.18,254.11,26.113,63.417
457.48,252.8,26.199,63.627
453.96,256.07,26.326,63.934
458.16,256.13,26.437,64.204
444.01,256.22,26.292,63.853
448.08,254.93,26.219,63.674
447.94,255.34,26.19,63.604
448.62,254.46,26.118,63.43
444.6,256.15,26.074,63.321
443.33,256.25,25.995,63.132
447.39,258.12,25.966,63.059
444.07,256.35,25.969,63.068
442.17,255.97,25.822,62.71
442.57,260.82,25.87,62.826
441.37,256.8,25.801,62.66
449.09,255.68,25.765,62.573
456.25,254.74,25.789,62.631
464.06,257.8,25.765,62.572
462.55,268.53,25.825,62.717
461.63,267.68,25.926,62.963
457.94,258.07,25.975,63.083
444,255.93,26.013,63.175
441.47,254.82,25.999,63.14
445.11,256.8,26.057,63.282
451.11,255.58,25.925,62.96
448.69,255.39,25.967,63.062
443.08,256.23,26.059,63.286
445.72,256.2,26.015,63.18
446.05,254.33,26.002,63.147
445.96,255.26,25.958,63.041
440.95,252.23,25.804,62.668
442.53,253.97,25.738,62.507
443.16,254.97,25.67,62.342
443.61,257.04,25.754,62.546
444.41,256.16,25.701,62.416
443.34,255.57,25.665,62.329
443.74,256.57,25.785,62.62
442.95,255.35,25.786,62.623
443.59,255.83,25.753,62.544
443.28,255.76,25.679,62.362
442.73,256.8,25.728,62.482
444.06,255.98,25.685,62.379
445.11,257.1,26.047,63.257
443.44,255.1,26.18,63.581
443.66,255.41,26.15,63.506
443.68,255.43,26.055,63.277
444.88,255.9,25.92,62.948
445.14,256.27,26.013,63.174
443.2,255.52,25.956,63.037
443.95,254.93,26.055,63.277
445.03,255.29,25.972,63.074
442.77,255.38,25.988,63.114
443.32,255.4,26.032,63.221
446.39,255.46,25.998,63.139
445.22,255.72,26.054,63.275
442.61,255.66,26.224,63.687
442.9,254.77,26.216,63.667
442.79,256.15,26.375,64.053
442.9,255.02,26.27,63.798
444.25,255.51,26.224,63.688
445.71,256.26,26.275,63.81
442.99,255.26,26.349,63.99
443.68,254.51,26.25,63.75
444.36,255.27,26.235,63.714
447,256.23,26.253,63.758
444.05,255.5,26.174,63.565
445.43,255.8,26.254,63.76
446.16,255.86,26.391,64.092
444.34,255.05,26.244,63.736
443.1,255.51,26.267,63.792
443.92,255.17,26.397,64.107
443.47,255.22,26.343,63.976
442.31,254.72,26.33,63.944
444.29,256.1,26.681,64.797
445.11,254.6,26.569,64.526
443.25,254.32,26.517,64.399
442.36,254.1,26.417,64.156
442.29,254.4,26.475,64.297
442.85,253.76,26.325,63.932
444.11,254.62,26.077,63.33
442.65,254.79,26.007,63.161
443.08,254.96,25.902,62.904
443.74,255.03,25.82,62.705
442.54,255.5,25.77,62.584
444.42,255.42,25.762,62.564
443.17,255.96,25.786,62.623
444.68,255.55,25.664,62.326
444.35,255.26,25.612,62.201
443.06,255.43,25.697,62.407
442.36,254.57,25.731,62.489
445.79,256.33,25.735,62.499
443.51,255.16,25.773,62.591
444.48,256.12,25.893,62.883
443.96,254.89,25.783,62.616
443.24,255.77,25.758,62.555
442.14,255.35,25.799,62.655
441.3,254.22,25.711,62.441
437.1,250.85,25.694,62.399
423.31,256.76,25.704,62.424
421.93,255.42,25.632,62.249
422.47,255.45,25.571,62.102
416.76,257.33,25.726,62.478
417.5,256.36,25.774,62.593
420.76,255.32,25.376,61.629
422.61,255.01,25.238,61.293
428.13,255.86,24.988,60.684
429.59,246.1,25.003,60.722
435.18,247.22,24.831,60.304
442.19,256.44,25.111,60.985
445.61,258.67,25.614,62.204
446.03,257.15,25.994,63.128
461.57,257.11,26.113,63.416
459.85,258.2,26,63.142
456.12,255.78,25.542,62.031
449.56,256.54,25.404,61.696
445.95,256.51,25.287,61.412
445.52,256.58,25.474,61.866
447.8,256.99,25.585,62.136
444.76,256.24,25.539,62.023
444.78,255.74,25.541,62.027
443.8,255.7,25.596,62.163
444.06,255.37,25.631,62.248
444.21,255.48,25.774,62.594
442.89,254.83,25.758,62.555
443.32,255.89,25.769,62.583
442.97,254.86,25.64,62.269
437.71,252.1,25.609,62.194
452.53,252.25,25.356,61.58
462.55,253.6,24.997,60.706
469.51,255.71,24.816,60.266
470.96,255.56,24.565,59.657
474.45,256.54,24.594,59.729
462.47,254.92,24.44,59.353
461.98,255.19,24.208,58.791
461.94,252.53,24.095,58.516
461.5,256.17,23.824,57.859
459.96,255.66,23.786,57.766
461.57,255.1,23.543,57.176
464.46,249.39,23.332,56.664
460.73,255.77,23.178,56.29
459.48,256.01,23.06,56.003
462.16,256.98,23.201,56.344
461.26,256.58,23.197,56.336
461.95,256.37,23.222,56.396
460.65,257.26,23.388,56.799
459.83,256.7,23.424,56.887
459.28,255.11,23.234,56.424
460.03,255.97,23.151,56.223
462.5,256.63,23.202,56.348
461.27,256.61,23.18,56.294
461.69,257.1,23.121,56.152
462.59,257.02,23.144,56.207
461.87,256.41,23.166,56.261
461.83,257.55,23.424,56.886
460.81,256.36,23.451,56.953
460.62,256.07,23.483,57.031
460.52,256.05,23.322,56.639
461.11,256.18,23.335,56.671
460.93,256.29,23.356,56.722
461.31,256.14,23.337,56.675
459.95,256.09,23.376,56.771
460.88,256.06,23.341,56.686
460.3,256.6,23.292,56.567
460.42,256.22,23.258,56.484
461.06,256.12,23.338,56.679
460.89,255.73,23.432,56.906
460.24,256.29,23.418,56.873
460.49,255.9,23.358,56.726
460.56,256.61,23.342,56.688
460.48,256.11,23.303,56.592
462.12,256.05,23.342,56.687
461.19,256.48,23.385,56.792
461.24,255.76,23.494,57.056
460.77,255.9,23.417,56.87
460.19,255.55,23.372,56.76
460.59,255.75,23.358,56.727
460.43,256.25,23.374,56.766
460.55,256.22,23.28,56.536
461.36,256.34,23.28,56.538
461.93,256.88,23.307,56.602
461.7,256.4,23.347,56.7
460.61,256.38,23.263,56.496
449.66,244.73,23.384,56.789
445.32,253.84,23.128,56.169
445.15,260.48,23.141,56.199
446.13,260.81,23.169,56.267
452.71,262.89,23.167,56.264
452.02,267.77,23.113,56.132
