32.5,278.5,59,105
39.78,278.19,58.813,104.67
48.757,280.07,57.798,102.86
57.589,281.34,57.612,102.53
64.35,281.98,57.684,102.66
76.247,283.49,58.534,104.17
85.904,286.02,58.471,104.06
94.621,286.81,58.775,104.6
104.38,288.29,58.502,104.11
112.45,289.54,58.885,104.8
126.71,291.57,59.405,105.72
137.58,292.84,59.859,106.53
148.23,294.1,60.567,107.79
161.69,295.72,61.396,109.26
172.19,297.38,61.452,109.36
183.51,299.07,61.694,109.79
193.94,300.25,62.08,110.48
205.27,301.72,62.286,110.85
217.04,304.36,62.7,111.59
232.98,305.85,63.707,113.38
246.25,306.34,65.372,116.34
259.42,307.41,65.991,117.44
271.05,308.75,66.703,118.71
283.71,310.39,67.897,120.83
298.09,311.9,68.322,121.59
309.94,313.33,69.59,123.85
321.7,314.55,70.589,125.63
341.61,316.28,70.519,125.5
343.53,318.6,70.985,126.33
344.33,321.14,70.941,126.25
346.62,324.88,70.877,126.14
347.46,327.01,71.203,126.72
348.65,329.17,71.854,127.88
350.73,331.91,72.977,129.87
351.74,334.39,73.642,131.06
353.26,335.86,74.96,133.4
353.5,337.69,75.656,134.64
356.57,340.27,75.296,134
359.49,342.35,75.5,134.36
360.36,347.33,75.844,134.98
365.31,350.07,76.185,135.58
366.67,353.75,76.745,136.58
367.13,355.69,78.142,139.07
371.65,360.33,78.967,140.54
375.75,364.5,79.346,141.21
377.64,367.4,79.555,141.58
382.43,370.86,80.707,143.63
386.09,375.03,81.115,144.36
390.83,380.39,81.571,145.17
395.55,383.16,82.699,147.18
415.69,386.44,83.916,149.34
