430.5,202.5,44,110
432.96,204.41,44.075,110.19
434.44,204.35,44.122,110.3
434.56,203.65,43.878,109.7
434.44,203.36,44.111,110.28
433.24,202.89,44.574,111.43
432.3,202.04,45.547,113.87
431.85,202.49,45.228,113.07
431.16,202.47,45.063,112.66
431.71,203.28,44.573,111.43
431.52,203.38,44.336,110.84
430.8,203.41,44.039,110.1
430.62,204.38,43.592,108.98
429.88,204.98,42.876,107.19
429.52,205.79,42.966,107.42
428.2,204.23,43.567,108.92
427.24,204.25,43.646,109.12
427.8,202.71,42.977,107.44
429.02,204.87,42.982,107.45
428.74,205.09,43.528,108.82
428.94,204.76,43.943,109.86
429.16,204.3,44.042,110.1
429.86,204.99,43.932,109.83
429.97,204.12,44.114,110.29
430.6,204.75,43.8,109.5
430.05,204.81,44.189,110.47
429.51,204.24,44.446,111.11
429.09,204.24,44.8,112
428.4,204.99,44.859,112.15
428.46,206.14,45.09,112.72
426.55,205.33,44.946,112.36
425.25,205.76,44.886,112.22
424.07,205.02,44.794,111.98
422.86,204.31,44.604,111.51
423.27,205.43,44.455,111.14
422.57,204.69,44.144,110.36
422.24,204.53,43.769,109.42
422.8,204.97,43.554,108.88
421.16,204.96,43.292,108.23
420.53,205.81,42.948,107.37
421.47,206.32,43.049,107.62
416.85,205.54,43.135,107.84
400.57,224.82,42.797,106.99
394.98,223.75,42.216,105.54
394.7,226.51,41.59,103.98
396.35,227.9,41.661,104.15
400.31,227.44,41.93,104.83
407.37,226.2,42.145,105.36
407.98,225.48,42.05,105.12
408.52,226.55,41.958,104.89
407.73,225.51,41.862,104.65
407.53,224.87,41.638,104.1
409.13,225.21,41.553,103.88
406.67,206.92,42.301,105.75
408.59,208.47,42.821,107.05
408.41,206.69,43.152,107.88
408.68,206.66,43.468,108.67
407.63,206.83,43.65,109.13
406.18,206.23,43.814,109.53
405.47,207.42,44.066,110.16
404.5,206.08,44.074,110.19
403.26,206.74,43.735,109.34
402.45,206.78,44.27,110.68
406.13,221.52,44.006,110.01
407.62,223.29,43.765,109.41
408.33,222.16,43.501,108.75
412.81,223.38,43.208,108.02
413.81,221.37,43.177,107.94
414.01,220.44,43.127,107.82
412.47,220.68,43.058,107.64
408.71,221.91,42.899,107.25
408.14,224.84,42.843,107.11
399.51,208.02,42.752,106.88
408.32,221.3,42.649,106.62
409.76,223.9,42.479,106.2
410.48,222.64,42.656,106.64
410.51,222.33,42.497,106.24
401.56,207.65,42.822,107.06
400.71,206.46,43.23,108.08
413.51,222.77,42.982,107.46
411.93,221.28,43.025,107.56
411.98,221.48,42.984,107.46
412.28,221.72,42.981,107.45
410.99,222.12,42.825,107.06
411.57,223.44,42.851,107.13
411.86,222.49,42.777,106.94
411.13,221.89,42.682,106.7
411.45,222.63,42.836,107.09
411.46,222.76,42.827,107.07
411.58,222.45,42.84,107.1
411.58,222.78,42.832,107.08
411.39,222.53,42.747,106.87
410.63,222.13,42.7,106.75
410.37,222.47,42.589,106.47
411.7,223.25,42.598,106.5
411.55,222.74,42.66,106.65
411.57,222.4,42.657,106.64
411.71,222.77,42.708,106.77
410.98,222.79,42.652,106.63
412.06,223.4,42.877,107.19
411.21,222.62,42.84,107.1
410.81,223.21,42.852,107.13
410.35,223.12,42.887,107.22
410.72,223.25,42.981,107.45
411.53,223.33,42.932,107.33
410.68,222.83,43.092,107.73
410.56,222.61,43.096,107.74
410.24,222.34,43.145,107.86
410.26,222.54,43.355,108.39
410.49,222.73,43.018,107.55
409.84,221.94,43.006,107.52
409.74,222.08,42.978,107.45
409.89,222.43,42.842,107.11
410.15,222.61,43.072,107.68
410.51,223.28,42.976,107.44
409.98,222.87,42.834,107.08
410.11,222.7,42.875,107.19
410.56,223.01,43.01,107.52
410.12,222.38,43.005,107.51
411.49,223.22,43.026,107.57
410.76,222.41,43.05,107.63
410.64,222.28,43.066,107.67
410.54,222.69,42.957,107.39
410.56,222.65,42.849,107.12
411.29,222.73,43.42,108.55
410.77,222.44,43.568,108.92
410.16,221.77,43.37,108.43
410.57,221.94,43.226,108.07
410.91,222.43,43.153,107.88
411.38,222.46,43.235,108.09
409.73,222.53,42.989,107.47
409.5,222.2,42.996,107.49
409.5,222.38,42.951,107.38
409.85,222.75,42.877,107.19
410.58,223.46,42.836,107.09
410.42,222.75,43.134,107.83
410.11,222.49,43.163,107.91
410.02,222.28,43.268,108.17
409.86,222.6,42.873,107.18
410.6,223.5,42.8,107
409.79,222.92,42.935,107.34
409.88,222.9,42.994,107.49
409.45,222.41,42.846,107.11
410.01,223.4,42.85,107.13
410.5,223.25,42.997,107.49
409.77,222.83,42.761,106.9
410.01,223.23,42.584,106.46
410.26,222.85,42.956,107.39
410.17,222.72,42.813,107.03
410.63,223.58,42.738,106.84
409.86,222.73,42.482,106.21
410.1,223.14,42.226,105.57
410.23,223.47,42.283,105.71
410.54,223.73,42.146,105.37
410.37,223.67,42.261,105.65
410.18,223.15,42.472,106.18
410.09,223.11,42.322,105.8
410.53,223.57,42.454,106.14
409.93,222.91,42.346,105.86
410.7,223.74,42.609,106.52
410.31,223.53,42.57,106.43
410.16,223.22,42.721,106.8
409.89,222.72,42.639,106.6
409.9,223.13,42.782,106.95
410.19,223.22,42.626,106.57
410.44,223.25,42.692,106.73
410.09,223.45,42.431,106.08
410.24,223.5,42.319,105.8
410.24,223.63,42.552,106.38
410.29,223.97,42.42,106.05
410.11,223.63,42.2,105.5
409.74,223.02,42.336,105.84
409.69,223.03,42.822,107.05
409.75,223.27,42.551,106.38
410.31,223.52,42.382,105.95
409.75,223.31,42.373,105.93
409.6,223.45,42.419,106.05
409.18,223.02,42.405,106.01
409.3,223.27,42.439,106.1
409.8,223.49,42.409,106.02
409.13,223.19,42.476,106.19
409.02,223.26,42.473,106.18
408.95,223.12,42.473,106.18
408.88,223.12,42.474,106.18
409.31,223.52,42.383,105.96
408.96,223.26,42.435,106.09
408.82,223.2,42.391,105.98
409.02,223.49,42.37,105.92
409.01,223.51,42.364,105.91
409.64,223.6,42.718,106.8
408.56,222.67,42.656,106.64
408.62,223.02,42.844,107.11
408.93,222.88,43.063,107.66
408.34,222.68,42.877,107.19
409.5,223.74,43.004,107.51
408.27,222.59,42.872,107.18
408.57,222.92,43.135,107.84
408.61,222.7,43.238,108.09
407.92,222.73,42.941,107.35
408.41,223.53,43.176,107.94
406.21,223.12,43.27,108.18
404.96,222.85,43.221,108.05
405.22,223.68,42.979,107.45
404.52,223.6,42.965,107.41
405.44,224.59,43.13,107.82
406.45,226.67,43.233,108.08
407.71,230.29,42.885,107.21
410.14,233.32,42.224,105.56
411.41,232.54,41.961,104.9
413.5,234.49,42.006,105.01
413.55,236.39,41.636,104.09
412.82,237.76,41.371,103.43
412.44,238.41,41.388,103.47
411.83,239.13,41.362,103.41
413.73,242.57,41.541,103.85
415.6,244.54,41.888,104.72
417.85,243.83,42.423,106.06
420.47,242.29,42.446,106.12
422.24,241.27,42.489,106.22
422.84,242.59,42.329,105.82
421.88,245.91,42.408,106.02
420.36,248.16,42.567,106.42
420.14,250.02,42.512,106.28
419.49,249.64,42.389,105.97
419.68,249.71,42.634,106.58
420.26,250.11,42.521,106.3
421.51,251.47,42.48,106.2
424.78,253.88,42.814,107.04
426.57,253.91,43.602,109
427.53,251.57,43.943,109.86
427.45,249.7,43.973,109.93
427.59,251.51,43.732,109.33
426.46,255.81,43.725,109.31
424.78,258.73,43.992,109.98
424.44,258.36,44.116,110.29
422.5,256,43.977,109.94
423.08,257.11,43.811,109.53
425.57,260.79,43.877,109.69
427.52,262.96,44.215,110.54
430.57,264.44,44.851,112.13
433.52,262.14,44.984,112.46
434.24,258.22,44.792,111.98
434.46,256.57,44.421,111.05
434.22,260.57,44.47,111.18
434.71,265.77,44.586,111.46
435.4,267.97,45.193,112.98
436,266.18,45.268,113.17
437.77,268.09,45.542,113.85
440.35,267.39,45.453,113.63
447.19,272.47,45.625,114.06
450.71,272.76,46.21,115.53
457.56,270.69,46.303,115.76
463.75,267.34,45.94,114.85
469.99,258.59,45.412,113.53
472.82,259.29,45.368,113.42
472.79,266.13,44.999,112.5
467.3,273.99,45.635,114.09
465,271.47,45.559,113.9
465.56,274.5,45.826,114.57
445.97,253.43,46.053,115.13
475.16,275.42,46.155,115.39
482.25,273.56,45.938,114.84
490.23,276.55,46.064,115.16
492.79,274.25,45.885,114.71
492.78,275.71,45.431,113.58
515.28,272.72,45.232,113.08
516.11,277.32,45.008,112.52
513.18,280.84,45.507,113.77
513.05,282.1,46.136,115.34
513.26,281.4,46.482,116.21
512.88,279.84,46.269,115.67
514.17,279.7,45.973,114.93
516.53,281.34,45.681,114.2
519.52,285.08,45.918,114.8
524.18,287.2,46.644,116.61
528.08,287.87,47.48,118.7
531.3,286.68,48.033,120.08
533.72,286.45,48.357,120.89
535.07,286.07,48.447,121.12
535.65,288.63,48.697,121.74
536.79,291.91,49.109,122.77
539.3,292.32,49.304,123.26
541.43,291.52,49.151,122.88
542.46,291.38,49.194,122.99
543.69,293.47,49.623,124.06
543.72,293.24,49.971,124.93
543.51,292.97,49.572,123.93
543.3,295.81,50.011,125.03
543.42,295.5,49.864,124.66
544.69,295.49,49.611,124.03
546.15,295.09,49.1,122.75
546.91,295.87,48.845,122.11
548.19,296.77,49.464,123.66
547.54,297.2,49.895,124.74
547.91,298.78,50.173,125.43
545.64,298.84,50.322,125.8
542.24,301.21,50.45,126.12
538.71,304.32,51.123,127.81
533.72,303.14,51.174,127.94
530.49,304.21,51.03,127.57
529.33,304.14,51.221,128.05
530.66,303.91,51.254,128.13
533.75,305.23,51.358,128.4
539.71,306.95,51.488,128.72
544.37,306.44,51.252,128.13
545.19,304.86,50.634,126.58
544.17,304.7,50.317,125.79
544.48,304.8,50.215,125.54
544.5,307.54,50.446,126.11
543.61,310.53,50.776,126.94
541.28,309.48,51.145,127.86
539.34,308.69,51.141,127.85
537.81,310.51,51.314,128.29
536.86,314.55,51.711,129.28
536.5,316.5,51.996,129.99
535.58,316.27,51.973,129.93
534.23,316.09,52.426,131.07
532.34,317.67,52.843,132.11
531.29,316.43,52.858,132.15
532.16,316.16,52.673,131.68
532.97,316.84,52.486,131.21
534.95,319.08,52.762,131.9
536.44,317.97,53.357,133.39
536.19,315.15,53.094,132.74
537.22,314.8,52.562,131.4
536.51,314.69,52.011,130.03
535.09,316.73,51.969,129.92
532.51,318.73,52.449,131.12
527.13,319.84,52.999,132.5
521.39,320.47,53.225,133.06
514.28,319.72,53.052,132.63
510.64,320.26,53.13,132.82
507.24,320.25,53.236,133.09
507.13,320.78,53.539,133.85
510.5,323.5,53.999,135
511.35,323.61,53.987,134.97
512.76,322.89,54.326,135.82
511.56,322.43,54.54,136.35
503.89,324.07,54.845,137.11
486.18,329.7,54.641,136.6
463.2,326,54.794,136.99
446.66,318.01,54.032,135.08
435.94,311.06,54,135
437.59,312.39,53.876,134.69
446.65,315.37,53.701,134.25
504.08,320.21,53.386,133.46
503.58,319.95,53.539,133.85
501.05,318.7,53.303,133.26
497.46,319.03,53.208,133.02
492.51,318.77,52.982,132.45
487.32,318.89,52.876,132.19
426.43,323.58,52.865,132.16
415.63,322.44,52.901,132.25
412.9,320.5,52.733,131.83
417.23,322.32,52.546,131.36
421.27,323.57,52.749,131.87
432.06,326.56,52.974,132.44
444.95,327.37,53.33,133.32
453.22,321.95,53.143,132.86
456.2,317.74,52.604,131.51
453.23,316.48,52.092,130.23
448.72,319.27,51.935,129.84
445.31,322.46,51.948,129.87
444.93,323.42,52.275,130.69
445.85,323.63,52.292,130.73
446.52,323.86,52.435,131.09
447.34,323.59,52.801,132
448.08,322.57,52.892,132.23
488.19,324.22,52.968,132.42
508.88,324.46,53.23,133.08
541.98,323.01,53.329,133.32
564.06,322.53,52.948,132.37
567.96,326.73,52.348,130.87
570.59,327.44,52.011,130.03
573.35,328.87,51.301,128.25
575.41,329.4,50.774,126.93
575.89,329.02,50.325,125.81
574.9,329.15,49.838,124.59
574.55,329.73,49.537,123.84
574.79,330.21,49.428,123.57
573.74,329.76,49.525,123.81
573.43,330.05,49.439,123.6
573.29,329.94,49.471,123.68
573.06,329.74,49.553,123.88
574.18,330.44,49.649,124.12
573.5,329.43,49.645,124.11
573.62,329.63,49.584,123.96
573.85,330.01,49.545,123.86
573.74,329.6,49.591,123.98
574.62,330.3,49.761,124.4
573.33,329.31,49.823,124.56
573.09,329.46,49.924,124.81
572.43,329.33,49.856,124.64
571.59,329.56,49.768,124.42
571.27,330.18,49.459,123.65
570.82,329.62,49.627,124.07
571.8,330.15,49.682,124.2
572.32,329.98,49.525,123.81
573.32,330.04,49.666,124.16
574.13,330.34,49.731,124.33
573.79,329.4,49.77,124.43
573.77,329.23,49.826,124.56
573.56,330.46,49.596,123.99
572.83,330.46,49.818,124.55
572.71,330.52,49.587,123.97
571.26,330.29,49.574,123.93
571.14,330.45,49.682,124.21
571.42,330.46,49.503,123.76
571.72,330.48,49.662,124.16
572.84,331.34,49.329,123.32
573.32,330.84,49.294,123.24
573.4,330.25,49.37,123.42
573.49,330.03,49.422,123.55
573.65,329.97,49.27,123.18
573.56,331.4,48.879,122.2
571.98,330.5,49.017,122.54
570.27,331.07,49.046,122.62
568.68,331.72,49.474,123.69
566.62,332.48,49.953,124.88
564.82,333.54,50.365,125.91
560.94,333.61,50.915,127.29
556.91,334.07,51.195,127.99
551.68,334.28,51.437,128.59
545.26,333.98,52.054,130.13
542.37,334.67,52.264,130.66
535.52,332.61,52.621,131.55
532.59,331.88,52.874,132.19
534.01,332.47,53.221,133.05
538.98,336.07,53.204,133.01
549.6,336.5,52.801,132
554.56,337.2,52.748,131.87
554.6,338.19,52.625,131.56
553.09,338.3,52.397,130.99
551.51,337.75,52.573,131.43
550.49,336.22,53.025,132.56
550.01,335.32,53.314,133.29
549.3,334.66,53.511,133.78
546.8,331.23,53.561,133.9
545.47,327.4,52.9,132.25
546.46,320.65,53.077,132.69
549.74,318.59,53.006,132.52
552.57,318.4,52.52,131.3
552.76,316.94,52.66,131.65
547.38,315.92,52.931,132.33
542.42,313.56,53.153,132.88
539.44,311.28,53.086,132.71
539.32,311.14,53.026,132.57
539.65,312.97,52.627,131.57
540.98,314.21,52.893,132.23
543.35,316.37,53.301,133.25
545.2,317.99,53.46,133.65
544.86,317.79,53.738,134.35
544.26,318.05,54.004,135.01
543.23,317.13,54.175,135.44
543.97,317.43,54.054,135.13
542.77,317.58,53.742,134.35
542.46,317.24,53.937,134.84
543.12,317.69,54.247,135.62
542.6,318.72,54.186,135.46
542.3,319.5,54.398,135.99
541.59,318.87,54.207,135.52
541.19,319.05,54.347,135.87
539.85,318.39,54.75,136.87
540.97,320.29,53.891,134.73
542.68,321.45,53.642,134.11
542.25,320.01,53.622,134.06
541.3,319.34,53.705,134.26
539.71,317.55,53.364,133.41
538.95,315.49,52.342,130.86
538.51,314.52,51.986,129.97
539.03,314.32,51.258,128.14
540.05,315.81,50.782,126.96
541.32,317.05,50.608,126.52
541.15,317.23,50.676,126.69
542.84,318.6,50.323,125.81
542.93,317.22,50.811,127.03
543.33,316.84,50.907,127.27
542.81,315.44,50.881,127.2
542.02,315.54,50.996,127.49
540.54,318.34,50.927,127.32
539.01,319.69,51.606,129.01
540.02,324.47,51.497,128.74
543.52,327.69,51.935,129.84
549.45,317.43,52.006,130.01
571.61,341.28,51.778,129.45
574.3,326.87,51.539,128.85
574.77,325.36,51.445,128.61
583.15,336.39,51.306,128.26
547.62,328.11,51.419,128.55
537.21,323.53,51.577,128.94
532.41,318.69,51.894,129.73
534.32,321.02,52.276,130.69
545.61,327.6,52.336,130.84
542.08,317.01,52.496,131.24
574.36,330.65,52.282,130.71
575.71,327.94,51.813,129.53
575.22,328.77,51.727,129.32
577.24,336.65,51.412,128.53
543.31,329.13,51.63,129.08
533.85,326.38,51.296,128.24
531.47,325.38,51.265,128.16
534.42,327.3,50.925,127.31
540.62,330.09,51.298,128.25
549.11,331.92,51.668,129.17
544.51,322.54,51.971,129.93
579.24,336.62,51.706,129.26
579.11,337.33,51.355,128.39
544.12,313.98,51.175,127.94
544.44,315.84,51.373,128.43
543.22,328.55,51.562,128.91
540.83,328.17,51.368,128.42
578.13,335.51,51.3,128.25
552.76,336.34,50.652,126.63
567.79,335.37,50.76,126.9
571.56,334.41,50.871,127.18
571.98,330.79,51.034,127.58
565.51,328.67,51.156,127.89
557.36,329.95,51.449,128.62
558.37,329.13,51.433,128.58
513.82,320.29,51.368,128.42
503.78,310.52,51.501,128.75
501.53,305.41,51.78,129.45
503.34,308.57,52.124,130.31
516.36,320.77,52.064,130.16
542.57,327.67,51.866,129.67
551.62,323.08,51.789,129.47
554.41,316.13,51.609,129.02
550.53,314.98,51.453,128.63
537.95,322.7,51.232,128.08
508.44,323.1,51.118,127.8
536.96,328.25,51.233,128.08
540.9,326.64,51.287,128.22
547.39,333.5,51.03,127.57
535.49,326.98,50.889,127.22
538.04,328.35,50.916,127.29
511.11,324.55,50.609,126.52
522.67,325.34,50.258,125.65
522.35,327.77,50.275,125.69
516.87,328.05,50.087,125.22
510.71,328.52,49.587,123.97
506.12,325.14,49.528,123.82
504.26,322.96,49.393,123.48
504.9,322.23,49.407,123.52
506.63,320.91,49.593,123.98
508.86,320.4,49.282,123.21
509.47,318.06,49.093,122.73
510.38,317.58,49.16,122.9
510.52,317.99,49.04,122.6
510.98,317.5,48.988,122.47
511.13,317.58,48.734,121.83
510.25,316.48,48.282,120.7
510.15,317.02,47.854,119.64
510.22,317.89,47.646,119.12
509.72,318.25,47.687,119.22
509.72,318.54,47.566,118.91
509.44,317.84,47.417,118.54
509.44,318.37,47.375,118.44
509.01,317.97,47.341,118.35
507.45,318.5,47.377,118.44
508.81,318.27,47.38,118.45
507.94,317.47,47.381,118.45
508.23,316.68,47.648,119.12
508.2,316.12,47.62,119.05
508.17,315.73,47.442,118.61
508.38,315.96,47.235,118.09
508.19,314.79,47.13,117.83
507.82,314.6,46.631,116.58
508.27,314.95,46.376,115.94
508.51,314.91,46.315,115.79
509.34,315.59,46.325,115.81
508.54,314.69,46.372,115.93
508.52,315.34,46.373,115.93
508.73,315.41,46.349,115.87
509,316.16,46.469,116.17
508.65,316.13,46.698,116.74
508.73,315.73,46.738,116.84
508.6,315.26,46.774,116.93
508.71,315.38,46.703,116.76
508.89,315.63,46.627,116.57
509.19,316.22,46.621,116.55
508.34,315.41,46.405,116.01
508.03,315.19,46.086,115.22
507.57,315.31,46.031,115.08
507.21,315.38,45.761,114.4
507.15,315.88,45.695,114.24
505.77,315.51,45.36,113.4
505.34,315.27,45.083,112.71
505.48,315.65,44.597,111.49
506.49,316.46,45.034,112.58
506.53,316.84,44.931,112.33
505.98,320.01,44.97,112.43
504.44,319.25,44.747,111.87
528.73,331.2,45.091,112.73
520.42,328.94,44.628,111.57
524.35,329.13,44.299,110.75
525.67,328.58,44.104,110.26
524.16,328.01,43.888,109.72
520.58,328,43.495,108.74
517.07,328.97,42.769,106.92
514.64,328.61,42.712,106.78
509.61,328.91,42.653,106.63
507.18,329.65,42.279,105.7
503.67,329.05,42.177,105.44
473.12,323.94,42.196,105.49
475.36,325.64,42.289,105.72
475.87,324.13,42.477,106.19
480.23,360.03,42.515,106.29
480.72,359.08,42.425,106.06
479.99,359.54,42.499,106.25
479.75,360.88,42.5,106.25
479.01,359.22,42.427,106.07
479.37,360.03,42.524,106.31
481.19,358.51,42.71,106.77
480.43,359.1,42.822,107.05
480.46,359.14,43.085,107.71
479.09,359.36,42.987,107.47
478.88,359.3,42.819,107.05
478.48,359.32,42.749,106.87
479.07,358.7,42.704,106.76
479.64,359.59,42.725,106.81
479.13,358.39,42.846,107.12
480.02,358.31,43.027,107.57
480.33,357.68,43.03,107.57
479.98,358.86,42.929,107.32
481.55,359.87,42.906,107.26
481.11,359.5,42.969,107.42
480.39,359.33,42.927,107.32
480.95,358.51,42.976,107.44
480.56,358.98,42.903,107.26
481.57,360.43,42.854,107.14
480.58,359.09,42.787,106.97
480.53,359.05,42.783,106.96
480.16,358.88,42.832,107.08
479.89,359.58,42.675,106.69
480.65,359.63,42.696,106.74
479.63,358.63,42.801,107
479.56,358.84,42.79,106.98
479.79,358.68,42.865,107.16
479.97,359.4,42.716,106.79
479.61,359.53,42.775,106.94
478.83,358.73,42.787,106.97
479.3,358.84,42.924,107.31
479.55,359.18,42.845,107.11
479.99,359.19,42.689,106.72
479.63,359.57,42.744,106.86
479.13,359.13,42.758,106.89
479.22,359.17,42.809,107.02
479.42,359.39,42.773,106.93
479.18,358.77,42.962,107.4
479.57,359.41,42.87,107.17
479.61,359.47,42.762,106.91
479.16,359.29,42.746,106.87
479.19,359.27,42.749,106.87
479.05,359.13,42.75,106.88
479.61,359.53,42.774,106.94
478.77,358.77,42.855,107.14
479.18,359.18,42.862,107.16
479.07,359.19,42.889,107.22
479.15,359.16,42.915,107.29
480.13,360.08,42.733,106.83
479.17,359.19,42.694,106.74
479.44,359.04,42.697,106.74
479.75,359.08,42.698,106.75
479.95,359.25,42.65,106.62
480.66,360.64,42.688,106.72
480.1,359.53,42.751,106.88
479.79,359.26,42.691,106.73
480.08,359.37,42.742,106.85
479.76,359.13,42.706,106.77
480.08,359.46,42.834,107.08
480.1,359.14,42.823,107.06
480.12,359.49,42.695,106.74
479.67,359.49,42.659,106.65
480.02,359.55,42.732,106.83
480.18,359.7,42.638,106.6
480.07,359.64,42.694,106.74
479.74,359.28,42.745,106.86
479.66,359.1,42.781,106.95
479.53,359.3,42.737,106.84
480.17,359.68,42.652,106.63
480.22,359.86,42.708,106.77
479.65,359.32,42.789,106.97
479.5,358.59,43.079,107.7
479.3,358.28,43.274,108.18
479.84,358.85,43.317,108.29
479.08,358.16,43.339,108.35
479.26,358.27,43.334,108.34
479.36,358.35,43.305,108.26
479.54,358.24,43.317,108.29
479.84,358.34,43.33,108.32
479.55,358.78,43.09,107.72
479.92,359.25,42.831,107.08
480.06,359.49,42.642,106.61
480.11,359.92,42.646,106.61
480.65,360.12,42.707,106.77
479.88,359.24,42.699,106.75
479.74,358.64,42.964,107.41
480.04,359.31,42.727,106.82
479.9,359.36,42.654,106.64
480.57,359.43,42.856,107.14
480.22,359.29,42.823,107.06
480.18,359.29,42.765,106.91
479.63,358.35,43.06,107.65
479.58,358.27,43.2,108
480.45,359.61,43.109,107.77
479.81,358.96,42.961,107.4
479.92,359.4,42.807,107.02
480.14,359.29,42.783,106.96
479.78,359.06,42.766,106.91
480.55,359.36,42.909,107.27
480.44,359.32,42.896,107.24
480.21,359.45,42.899,107.25
480.25,359.47,42.849,107.12
480.18,359.56,42.809,107.02
480.67,359.67,42.663,106.66
480.17,359.22,42.831,107.08
480.2,359.07,42.809,107.02
479.96,358.74,42.922,107.3
480.51,359.25,42.902,107.25
480.58,359.46,42.832,107.08
480.09,359.35,42.649,106.62
480.38,359.54,42.786,106.96
479.46,358.56,43.033,107.58
479.79,358.88,42.964,107.41
480.61,359.52,42.783,106.96
479.73,359.11,42.736,106.84
479.78,358.94,42.83,107.07
480.06,359.37,42.591,106.48
480.28,359.55,42.819,107.05
480.68,360.19,42.65,106.62
480.22,359.2,42.79,106.98
479.83,359.12,42.74,106.85
479.81,359.07,42.749,106.87
479.54,358.58,43.018,107.54
480.43,359.09,43.13,107.83
480.12,358.94,43.068,107.67
479.4,358.86,42.922,107.3
480.11,359.33,42.884,107.21
480,359.61,42.665,106.66
480.13,360.08,42.735,106.84
479.65,359.23,42.704,106.76
479.67,359.18,42.862,107.16
480.36,359.39,42.834,107.09
480.3,359.68,42.823,107.06
480.59,359.47,42.824,107.06
480.06,359.41,42.685,106.71
479.85,359.23,42.702,106.75
479.62,358.79,42.888,107.22
480.12,359.55,42.693,106.73
480.66,359.65,42.68,106.7
480.07,359.37,42.736,106.84
479.84,358.69,42.922,107.3
480.14,359.26,42.933,107.33
480.08,359.27,42.948,107.37
480.65,359.62,42.706,106.77
479.76,359.11,42.738,106.85
479.74,359.31,42.691,106.73
479.85,359.18,42.729,106.82
479.57,358.83,42.872,107.18
480.65,359.61,42.708,106.77
479.66,358.98,42.759,106.9
479.38,358.99,42.805,107.01
479.88,359.6,42.623,106.56
480.27,359.64,42.717,106.79
479.59,359.46,42.828,107.07
479.98,359.53,42.656,106.64
480.07,359.44,42.652,106.63
480.14,359.38,42.738,106.84
479.53,358.84,42.764,106.91
479.56,359.41,42.871,107.18
480.06,359.53,42.713,106.78
479.4,358.67,42.998,107.5
479.42,358.46,43.122,107.8
479.74,359.09,42.924,107.31
480.5,359.24,43.005,107.51
479.75,358.71,42.98,107.45
479.63,358.56,43.092,107.73
479.92,359.03,42.915,107.29
480.08,359.24,42.874,107.18
480.62,359.56,42.752,106.88
479.8,358.72,42.865,107.16
480.93,359.14,42.898,107.24
480.14,360.54,43.415,108.54
480.25,358.3,43.203,108.01
480.65,360.38,43.699,109.25
480.55,359.42,43.6,109
479.52,356.71,43.936,109.84
479.98,357.22,43.933,109.83
480.28,357.34,43.915,109.79
480.64,358.36,43.712,109.28
481.16,358.73,43.217,108.04
481.03,358.98,43.162,107.91
481.16,359.1,43.066,107.67
480.68,358.87,42.949,107.37
481.57,359.44,42.851,107.13
480.97,359.52,42.745,106.86
480.78,359.12,42.769,106.92
480.68,358.86,42.802,107.01
481.1,359.42,42.722,106.81
481.11,359.52,42.785,106.96
480.8,359.11,42.736,106.84
480.84,359.19,42.657,106.64
481.48,359.32,42.847,107.12
481.86,359.6,42.748,106.87
481.59,359.48,42.819,107.05
481.65,359.27,42.822,107.06
481.72,359.19,42.733,106.83
481.49,358.79,42.86,107.15
482.34,359.3,42.905,107.26
482.55,359.88,42.894,107.23
481.8,359.4,42.869,107.17
481.66,359.34,42.832,107.08
481.21,358.97,42.843,107.11
481.49,359.3,42.815,107.04
481.56,359.4,42.877,107.19
481.09,359.46,42.893,107.23
481.01,359.43,42.788,106.97
480.73,358.86,42.835,107.09
481.34,359.41,42.784,106.96
481.12,359.54,42.768,106.92
480.67,358.9,42.77,106.92
480.55,358.89,42.896,107.24
480.75,359.21,42.83,107.08
480.5,359.23,42.84,107.1
480.59,359.46,42.829,107.07
480.39,359.16,42.801,107
480.41,359.08,42.87,107.17
480.66,359.34,42.832,107.08
480.62,359.38,42.75,106.87
480.51,359.28,42.978,107.44
480.16,358.46,43.184,107.96
480.6,359.14,43.071,107.68
479.72,358.33,43.313,108.28
479.28,358.44,43.317,108.29
479.32,358.8,43.362,108.41
478.91,358.52,43.199,108
479.46,358.9,43.31,108.27
478.82,357.77,43.662,109.16
478.95,357.68,43.619,109.05
479.71,358.52,43.587,108.97
478.78,357.66,43.686,109.22
479.21,358.75,43.405,108.51
478.01,358.8,43.317,108.29
501.27,357.9,43.358,108.39
536.34,359.34,43.325,108.31
572.35,358.91,43.414,108.54
586,358.81,43.566,108.91
613.8,355.58,43.5,108.75
612.49,355.87,43.969,109.92
613.91,355.78,44.177,110.44
613.25,354.93,43.9,109.75
613.18,355.19,43.796,109.49
613.56,355.31,43.747,109.37
613.84,355.7,43.585,108.96
613.68,355.46,43.633,109.08
612.91,355.18,43.521,108.8
613.14,355.99,43.464,108.66
613.02,355.78,43.499,108.75
612.85,355.97,43.481,108.7
613.23,356.57,43.546,108.87
612.19,355.14,43.499,108.75
612.74,356.02,43.465,108.66
612.56,355.91,43.489,108.72
612.75,355.85,43.589,108.97
612.75,355.63,43.495,108.74
612.52,356.09,43.472,108.68
612.59,355.88,43.467,108.67
612.45,355.98,43.635,109.09
611.98,355.58,43.443,108.61
613.28,356.71,43.434,108.59
612.73,356,43.481,108.7
612.51,356.03,43.503,108.76
612.38,356.05,43.46,108.65
612.36,355.99,43.464,108.66
612.77,356.68,43.452,108.63
612.48,355.77,43.508,108.77
612.45,355.89,43.472,108.68
612.22,355.86,43.634,109.09
611.55,355.63,43.492,108.73
612.66,356.41,43.674,109.19
611.68,355.56,43.553,108.88
611.45,355.26,43.529,108.82
611.71,355.57,43.548,108.87
611.68,355.01,43.671,109.18
612.76,356.14,43.488,108.72
612.71,355.85,43.653,109.13
612.54,355.49,43.436,108.59
613.33,356.09,43.505,108.76
613.26,355.99,43.466,108.66
614.28,356.71,43.43,108.58
613.62,356.4,43.352,108.38
612.94,355.71,43.347,108.37
613.06,355.83,43.385,108.46
613.15,356.25,43.373,108.43
613.31,356.28,43.378,108.45
612.88,355.67,43.423,108.56
613.43,356.16,43.41,108.53
613.53,356.32,43.316,108.29
612.88,355.83,43.32,108.3
613.33,356.32,43.346,108.36
612.98,355.8,43.33,108.32
613.09,355.74,43.363,108.41
613.14,355.95,43.244,108.11
613.4,356.25,43.21,108.02
614.4,356.49,43.206,108.01
613.85,356.33,43.222,108.06
613.75,356.45,43.19,107.97
613.78,356.56,43.063,107.66
613.36,356.39,42.885,107.21
614.43,356.58,43.133,107.83
626.35,356.11,42.822,107.05
656.7,356.08,42.998,107.5
693.82,356.21,43.278,108.2
726.96,356.31,43.649,109.12
670.41,353.53,43.173,107.93
669,374.61,43.065,107.66
691.74,379.3,43.218,108.05
691.27,379.54,43.612,109.03
715.95,350.15,43.604,109.01
713.13,351.33,43.736,109.34
714.59,351.33,43.798,109.49
714.79,353.99,42.451,106.13
706.89,347,41.639,104.1
712.36,349.02,41.714,104.28
715.7,354.49,41.61,104.02
714.91,355.4,41.163,102.91
715.13,355.14,40.936,102.34
716.33,355.02,41.134,102.84
714.25,353.78,41.214,103.03
715.4,354.51,41.19,102.98
715.61,355.37,41.185,102.96
715.79,353.79,41.045,102.61
715.18,355.09,40.999,102.5
715.48,354.4,41.043,102.61
715.74,356.34,40.529,101.32
716.7,355.52,40.615,101.54
715.29,355.39,40.87,102.17
715.97,355.1,41.146,102.87
715.46,355.3,41.085,102.71
716.51,355.78,40.978,102.45
714.93,354.74,40.617,101.54
715.54,355.25,40.69,101.73
715.72,354.96,40.782,101.95
715.17,355.09,40.601,101.5
715.6,355.51,40.791,101.98
715.07,355.02,40.687,101.72
715.04,355.21,40.694,101.73
715.56,355.12,40.771,101.93
714.95,355.46,40.62,101.55
715.67,355.68,40.653,101.63
715.65,355.31,40.722,101.8
715.57,355.48,40.782,101.95
715.33,355.15,40.801,102
715.36,355.08,40.813,102.03
715.64,355.61,40.716,101.79
715.33,355.2,40.761,101.9
715.07,355.07,40.643,101.61
715.29,355.02,40.74,101.85
714.91,354.93,40.618,101.54
716.16,356.16,40.673,101.68
715.47,355.26,40.708,101.77
715.36,355.38,40.786,101.96
715.59,355.22,40.733,101.83
715.15,354.81,40.675,101.69
716.11,355.53,40.775,101.94
