427.5,214.5,108,235
437.67,228.46,106.66,232.09
445.63,230.46,105.74,230.08
450.67,233.46,106.66,232.08
446.27,237.26,105.46,229.47
435.21,247.81,104.98,228.42
426.15,253.6,105.17,228.84
415.79,260.25,105.8,230.21
404.96,266.33,105.6,229.79
400.5,266.59,107,232.83
398.44,269.45,106.45,231.63
398.4,267.59,106.64,232.03
400.84,262.02,107.93,234.84
401.32,261.14,107.13,233.11
409.71,261.13,105.58,229.74
417.66,258.1,105.78,230.18
425.52,253.97,104.71,227.85
427.2,249.3,103.67,225.57
426.91,245.01,102.16,222.29
434.44,244.49,101.11,220.02
447.14,243.78,101.26,220.33
454.43,242.79,101.47,220.79
460.88,242.01,101.77,221.45
463.15,235.97,102.12,222.2
463.18,237.42,101.64,221.15
473.11,243.23,101.79,221.49
482.95,247.26,100.59,218.87
488.91,250.77,100.04,217.67
497.73,255.19,99.394,216.27
512.66,258.64,98.676,214.71
531.34,258.26,98.424,214.16
535.98,257.86,98.707,214.78
542.52,259.34,98.96,215.33
549.81,255.51,98.539,214.41
558.3,258.94,98.402,214.12
563.79,260.77,98.17,213.61
563.93,263.5,98.326,213.95
557.83,265.67,97.047,211.17
561.08,268.67,96.051,209
556.94,273.42,96.127,209.16
541.68,273.9,95.186,207.12
540.24,271.39,94.502,205.63
544.82,270.67,94.309,205.21
550.31,268.74,94.491,205.61
562.18,264.53,94.643,205.94
576.55,261.08,94.157,204.88
582.9,258.25,94.127,204.81
585.39,256.87,94.771,206.21
587.45,256.37,94.938,206.58
592.1,258.86,94.802,206.28
587.89,257.75,94.793,206.26
574.61,260.23,93.827,204.16
561.22,262.54,93.79,204.08
553.52,264.43,93.56,203.58
545.93,265.66,93.145,202.68
540.05,267.1,93.29,202.99
535.45,266.8,93.08,202.54
531.83,266.64,93.033,202.43
528.76,265.45,92.925,202.2
526.67,264.7,92.65,201.6
523.46,263.89,93.021,202.41
519.55,262.1,93.893,204.3
518.44,262.02,94.118,204.79
512.03,260.27,94.329,205.25
507.34,262.39,94.312,205.22
501.42,262.68,94.356,205.31
498.87,262.87,94.392,205.39
496.79,263.69,94.332,205.26
494.66,264.77,93.701,203.89
492.78,266.35,93.436,203.31
490.4,267.06,92.695,201.7
489.9,269.42,91.857,199.87
488.86,271.2,91.479,199.05
487.27,271.05,91.22,198.49
485.17,272.36,90.664,197.28
482.64,273.3,89.986,195.8
478.14,272.83,89.389,194.5
472.24,270.68,88.967,193.59
467.99,269.21,89.146,193.98
465.36,267.37,89.276,194.26
462.74,266.51,89.633,195.03
460.31,265.58,89.95,195.73
458.54,265.07,90.359,196.62
457.08,265.03,90.55,197.03
457.69,267.4,90.629,197.2
457.22,268.4,90.746,197.46
456.98,272.22,90.467,196.85
457.21,274.56,90.105,196.06
459.91,279.24,89.793,195.38
461.37,280.38,89.268,194.24
467.72,289.64,88.737,193.08
473.56,297.32,87.974,191.43
478.17,302.35,87.242,189.83
484.76,307.65,86.312,187.81
492.26,312.5,85.479,186
497.96,315.6,84.913,184.76
504.16,322.04,84.432,183.72
506.03,325.24,84.054,182.89
508.27,331.11,83.796,182.33
507.46,336.52,84.086,182.96
503.43,336.58,83.811,182.37
494.81,335.94,83.756,182.25
490.25,337.09,83.856,182.47
485.45,338.08,83.628,181.97
478.89,343.47,83.212,181.06
471.7,346.53,82.675,179.9
460.44,349.6,81.526,177.4
451.03,350.8,80.844,175.91
438.84,349.87,80.761,175.73
430.49,347.36,81.013,176.28
420.13,337.21,81.848,178.1
410.56,335.31,82.362,179.21
396.67,331.1,82.885,180.35
392.3,326.19,82.714,179.98
386.26,326.27,82.473,179.46
387.94,322.75,82.643,179.83
378.32,315.65,81.733,177.85
375.52,309.93,81.797,177.98
380.69,359.03,80.945,176.13
381.42,354.28,80.169,174.44
380.56,351.91,79.412,172.79
381.31,348.25,79.283,172.51
376.58,293.43,79.668,173.35
377.26,290.52,79.854,173.76
376.53,288.54,79.933,173.93
375.64,282.71,79.566,173.13
375.71,277.42,79.24,172.42
375.52,272.14,79.037,171.98
376.82,266.78,79.009,171.92
376.34,262.29,78.323,170.42
376.54,256.52,78.303,170.38
376.42,250.41,78.402,170.6
376.03,246.49,78.506,170.82
376.52,243.31,78.911,171.7
377.12,240.31,78.76,171.38
381.84,239.68,78.901,171.68
389.77,236.53,79.259,172.46
389.48,231.82,79.555,173.11
387.06,232.39,79.056,172.02
389.6,235.27,78.801,171.47
394.3,239.45,78.829,171.53
403.09,232.38,78.99,171.88
409.2,233.44,79.115,172.15
416.31,236.39,79.867,173.78
423.33,237.49,81.349,177.01
428.68,239.14,82.604,179.74
434.65,237.86,83.484,181.65
438.46,238.83,84.17,183.15
442.67,240.63,85.513,186.07
449.62,243.69,85.764,186.62
454.18,246.15,85.682,186.44
465.86,250.37,85.563,186.18
478.02,254.96,85.18,185.35
487.69,258.22,84.999,184.95
497.59,261.21,84.83,184.58
507.28,262.87,84.935,184.81
521.34,265.17,84.163,183.13
530.13,268.6,83.931,182.63
536.89,271.84,83.686,182.09
542.68,274.49,83.648,182.01
544.98,275.43,83.624,181.96
549.06,274.36,83.895,182.55
551.74,274.69,84.014,182.81
555.06,274.06,84.302,183.44
559.96,275.53,84.074,182.94
565.63,276.22,83.799,182.34
571.3,278.36,83.357,181.38
575.68,280.21,83.278,181.21
578.74,280.78,83.305,181.26
581.37,282.42,83.259,181.16
583.75,281.78,82.91,180.41
587.26,283.38,82.158,178.77
589.35,285.68,82.307,179.09
586.4,285.54,82.014,178.46
583.08,287.46,81.84,178.08
576.74,287.19,81.296,176.89
565.41,284.97,80.861,175.95
558.78,284.19,80.358,174.85
550.21,284.53,80.23,174.57
542.34,284.62,80.316,174.76
533.01,281.62,80.123,174.34
526.49,280.45,79.918,173.9
522.13,280.27,79.855,173.76
517.88,278.66,79.509,173.01
515.62,278.8,78.767,171.39
514.09,277.17,78.361,170.51
515.56,275.07,78.139,170.02
525.54,275.62,78.221,170.2
530.87,277.58,78.273,170.32
537.35,278.82,78.295,170.37
543.7,279.31,78.156,170.06
547.37,278.7,77.968,169.65
548.96,279.22,77.776,169.24
552.85,280.16,77.717,169.11
559.22,282.12,77.56,168.76
564.52,282.58,77.329,168.26
575.67,283.64,77.236,168.06
584.53,285.26,76.81,167.13
592.49,286.79,76.519,166.5
600.33,288.45,76.333,166.09
605.81,288.73,76.247,165.91
614,289.7,76.339,166.11
624.87,289.98,76.433,166.31
633.15,290.53,76.322,166.07
639.49,291.29,76.024,165.42
646.42,292.89,75.931,165.22
656.85,295.79,75.827,164.99
664.17,299.3,75.474,164.23
670.83,303.07,75.116,163.45
676.62,307.17,74.755,162.66
683.35,311.16,74.503,162.11
691.64,316.39,73.904,160.81
697.82,319.02,73.307,159.51
707.63,317.13,73.088,159.03
709.51,316.6,72.983,158.8
710.03,314.64,72.648,158.08
707.62,314.81,71.974,156.61
698.23,312.36,72.124,156.94
694.32,309.57,72.166,157.03
690.52,307.7,71.965,156.59
678.09,299.31,72.049,156.77
653.16,295.14,71.988,156.64
632.41,292.91,72.33,157.38
611.55,288.34,72.536,157.83
593.61,284.82,72.78,158.36
574.53,284.61,72.873,158.57
531.76,279.85,72.935,158.7
513.11,276.78,72.268,157.25
492.63,277.19,71.965,156.59
467.75,275.7,71.505,155.59
446.55,272.68,71.238,155.01
411.14,271.12,70.467,153.33
385.96,269.58,69.92,152.14
364.43,261.94,69.497,151.22
346.4,258.72,69.195,150.56
328.23,258.4,69.446,151.11
302.21,254.06,69.419,151.05
282.42,249.9,69.767,151.81
265.55,244.68,70.105,152.54
253.46,240.25,70.083,152.49
242.21,241.1,70.272,152.91
231.96,238.92,70.334,153.04
209.73,237.21,70.108,152.55
205.98,237.03,69.976,152.26
193.52,241.38,69.969,152.25
184.27,241.86,69.721,151.71
176.9,243.36,69.599,151.44
168.02,245.5,68.932,149.99
161.66,246.92,68.204,148.41
155.24,247.54,67.525,146.93
152.39,245.17,67.2,146.22
145.65,244.08,66.914,145.6
147.88,242.33,66.654,145.03
148.28,242.64,66,143.61
148.7,243.12,65.605,142.75
147.33,243.23,65.251,141.98
152.71,243.54,65.478,142.48
161.2,243.95,66.062,143.75
169.55,244.32,66.633,144.99
174.5,245.61,66.998,145.78
179.67,247.38,67.08,145.96
186.28,249.36,67.266,146.37
208.52,252.11,67.272,146.38
216.49,253.93,67.144,146.1
224.44,256.97,67.124,146.06
232.58,258.22,66.81,145.37
240.93,260.23,66.377,144.43
251.61,262.51,66.12,143.87
259.97,263.98,65.985,143.58
269.6,265.41,65.801,143.18
277.39,266.31,65.577,142.69
287.2,268.23,65.513,142.55
297.96,269.33,65.759,143.09
306.65,270.18,65.668,142.89
315.19,271.61,65.616,142.78
320.91,272.73,65.274,142.03
326.42,274.54,64.941,141.31
334.18,277.95,64.712,140.81
341.63,280.75,64.29,139.89
347.5,283.37,63.999,139.26
353.27,285.57,63.698,138.6
359.41,289.27,63.206,137.53
366.81,295.19,62.86,136.78
372.62,299.18,62.498,135.99
377.86,302.25,62.271,135.5
383.61,303.66,61.907,134.71
392.71,306.42,61.87,134.62
402.65,307.97,61.889,134.66
409.78,310.32,61.857,134.6
415.59,312.23,61.827,134.53
419.17,312.21,61.77,134.41
421.22,312.37,61.82,134.52
426.96,313.19,62.085,135.09
429.48,312.81,62.425,135.83
433.68,313.35,62.641,136.3
435.89,314,62.981,137.04
438.21,314.61,62.982,137.04
441.59,315.28,63.145,137.4
443.2,315.68,63.856,138.95
444.84,317.52,64.324,139.96
446.02,317.88,64.474,140.29
446.64,318.7,64.758,140.91
446.14,317.97,65.088,141.63
446.29,316.25,65.327,142.15
447.74,315.72,65.521,142.57
447.99,313.55,65.561,142.66
446.85,312.52,65.548,142.63
442.8,312.29,65.288,142.06
438.7,311.65,65.289,142.06
435.23,312.19,65.544,142.62
430.51,313.43,65.445,142.4
425.24,313.25,65.632,142.81
417.53,313.07,65.506,142.54
407.24,311.41,65.502,142.53
398.47,311.72,65.056,141.56
389.69,313.1,65,141.43
379.71,314.11,65.194,141.86
357.77,314.03,65.423,142.35
350.87,315.36,65.792,143.16
344.45,316.58,66.104,143.84
337.16,319.13,66.157,143.95
331.81,325.35,66.277,144.21
322.28,353.65,66.571,144.85
314.22,367.25,65.944,143.49
305.38,383.43,66.244,144.14
294.28,398.69,65.929,143.46
280.31,407.07,64.74,140.87
267.13,414.99,65.005,141.45
257.81,411.91,64.624,140.62
253.27,407.96,63.459,138.08
248.42,401.96,62.489,135.97
243.8,404.09,61.903,134.7
