448.5,188.5,26,52
443.92,186.3,26.414,52.829
439.23,186.68,26.472,52.944
436.09,185.41,26.604,53.209
432.64,184.73,26.352,52.703
426.11,186.62,26.597,53.194
421.45,187.43,27.175,54.35
416.99,186.68,27.177,54.354
412.9,185.69,27.384,54.768
409.45,186.63,27.436,54.871
404.12,188.98,27.299,54.597
413.4,185.4,27.235,54.471
395.86,188.59,27.194,54.388
391.71,187.98,26.984,53.968
387.38,188.81,26.984,53.968
380.6,188.84,27.222,54.444
377.59,188.95,27.148,54.295
374.38,188.1,27.402,54.803
370.29,187.56,27.311,54.623
366.31,187.92,27.311,54.621
362.42,187.68,27.403,54.807
356.89,187.53,27.456,54.911
353.05,188.37,27.445,54.891
347.8,188.68,27.336,54.671
343.62,188.36,27.227,54.454
339.75,187.75,27.113,54.226
335.99,187.97,26.661,53.321
330.29,189.47,26.619,53.238
327.62,189.18,26.662,53.323
323.42,189.23,26.544,53.089
320.03,187.82,26.46,52.919
313.82,189.02,26.361,52.723
308.62,189.74,26.367,52.735
304.32,188.46,26.502,53.004
300.64,187.53,26.634,53.268
297.3,189.45,26.613,53.225
292.94,189.71,26.474,52.948
288.45,188.83,26.591,53.182
285.38,187.66,26.535,53.07
280.29,188.37,26.49,52.979
276.17,189.11,26.558,53.115
272.87,188.79,26.464,52.928
287.14,195.69,26.491,52.981
309.31,185.62,26.307,52.615
304.61,185.84,26.477,52.954
300.19,185.69,26.535,53.07
298.02,186.59,26.739,53.479
289.3,187.46,26.92,53.84
286.76,189.42,27.195,54.391
280.3,185.42,27.144,54.288
277.94,184.34,26.954,53.909
277.24,187.59,27.196,54.393
267.16,184.89,27.388,54.775
263.8,182.84,27.462,54.923
227.29,185.96,27.293,54.585
224.44,186.22,27.11,54.22
221.36,186.81,26.858,53.717
215.76,187.7,26.835,53.669
211.6,186.9,26.845,53.69
208.84,186.53,26.775,53.55
215.87,184.48,26.69,53.381
202.16,187.71,26.69,53.38
198.91,186.9,26.701,53.402
194.03,185.92,26.686,53.372
191.87,186.72,26.632,53.264
187.74,187.59,26.659,53.318
183.44,187.44,26.68,53.359
180.94,186.06,26.686,53.371
177.36,186.02,26.613,53.227
174.85,185.76,26.543,53.086
171.71,186.55,26.507,53.015
168.73,185.96,26.369,52.739
165.5,185.65,26.314,52.627
163.07,184.89,26.34,52.68
159.88,185.27,26.385,52.769
154.89,184.89,26.282,52.563
152.02,184.92,26.165,52.331
148.53,184.23,26.122,52.243
145.76,184.66,26.031,52.061
142.97,184.89,26.085,52.17
140.1,183.95,26.018,52.035
137.92,184.55,25.975,51.95
135.94,184.65,25.977,51.954
133.21,184.83,25.987,51.975
128.63,184.01,25.966,51.932
124.94,183.37,26.044,52.089
122.68,183.5,26.037,52.073
120.51,183.95,25.96,51.919
118.87,183.52,25.929,51.858
117.04,182.13,25.903,51.806
114.31,182.32,25.994,51.988
112.04,183.47,26.066,52.132
109.7,183.44,26.025,52.05
108.25,182.19,25.907,51.814
106.14,180.76,25.795,51.589
103.3,181.47,25.6,51.201
102.47,182.32,25.49,50.979
100.26,180.62,25.469,50.938
98.778,180,25.405,50.81
97.143,180.89,25.379,50.759
94.523,181.1,25.492,50.984
91.92,180.2,25.484,50.968
89.853,179.06,25.471,50.942
87.723,179.05,25.407,50.814
85.894,179.9,25.402,50.805
83.53,178.92,25.437,50.873
82.243,177.64,25.446,50.893
80.504,178.11,25.414,50.829
100.42,182.57,25.356,50.713
128.6,182.05,25.234,50.469
115.05,197.27,24.978,49.956
113.61,194.4,25.022,50.044
114.94,194.69,24.957,49.914
114.12,192.65,24.931,49.862
111.52,190.9,24.867,49.735
108.92,188.73,24.847,49.695
107.55,186.81,24.903,49.806
90.152,189.95,24.773,49.546
93.145,209.15,24.689,49.378
82.416,213.58,24.581,49.161
109.9,206.32,24.609,49.218
109.98,208.46,24.648,49.296
107.42,209.2,24.618,49.236
113.06,205.6,24.574,49.147
113.76,205.86,24.545,49.091
112.41,214.53,24.443,48.886
113.52,214.4,24.458,48.915
113.74,216.07,24.403,48.806
117.31,217.48,24.414,48.828
119.05,218.75,24.336,48.672
121.23,219.63,24.309,48.618
122.19,220.11,24.245,48.49
123.37,222.02,24.258,48.516
122.68,223.67,24.382,48.764
124.27,224.06,24.347,48.694
125.92,226.23,24.472,48.945
125.99,226.41,24.518,49.036
127.51,227.58,24.619,49.238
128.69,230.19,24.672,49.344
129.28,232.05,24.77,49.541
131.08,233.31,24.893,49.787
133.33,234.56,24.948,49.897
136.96,235.18,25.084,50.168
137.31,236.87,25.114,50.228
139.25,237.97,25.192,50.384
141.18,239.31,25.329,50.658
144.75,241.05,25.365,50.731
146.95,242.97,25.392,50.783
150.54,244.33,25.517,51.035
154.81,245.35,25.645,51.289
156.62,248.16,25.892,51.784
159.47,249.22,26.185,52.371
161.98,250.62,26.286,52.572
163.99,253.77,26.491,52.981
164.74,254.95,26.594,53.188
166.4,256.68,26.728,53.456
167.46,259.55,26.993,53.987
168.18,261.67,27.287,54.573
169.3,264.02,27.387,54.774
169.63,266.19,27.641,55.281
169.88,267.46,27.846,55.693
170.18,269.46,27.983,55.966
171.19,272.08,28.095,56.191
171.72,274.65,28.354,56.708
172.55,277.02,28.596,57.193
173.32,278.72,28.719,57.439
174.57,281.45,29.091,58.182
175.17,283.98,29.335,58.67
175.77,287.22,29.568,59.136
176.66,288.92,29.779,59.557
178.89,292.55,29.994,59.987
181.93,294.89,30.25,60.5
184.85,297.36,30.536,61.073
189.08,300.77,30.891,61.782
192.48,302.85,31.241,62.482
197.04,305.08,31.561,63.123
201.34,308.42,31.918,63.835
205.69,310.49,32.374,64.749
210.77,314.01,32.774,65.548
217.28,318.67,33.134,66.267
223.88,322.24,33.473,66.946
230.51,326.18,33.724,67.448
236.28,328.74,34.058,68.115
242.61,332.52,34.41,68.82
250.24,337.06,34.751,69.502
256.77,340.14,35.029,70.059
264.58,343.39,35.366,70.732
272.64,347.72,35.756,71.512
279.57,352.92,36.154,72.308
287.12,356.05,36.719,73.439
294.05,359.88,37.137,74.275
302.68,365.26,37.38,74.76
308.98,368.86,37.79,75.58
317.02,373.15,38.322,76.644
327.17,379.32,38.795,77.591
335.61,383.44,39.336,78.673
349.9,389.83,39.755,79.511
360.45,394.76,40.076,80.151
373.65,400.29,40.435,80.87
385.97,405.5,40.791,81.583
399.69,412.31,40.982,81.963
413.7,418.26,41.069,82.138
433.21,427.35,41.24,82.481
450.67,434.49,41.67,83.341
471.3,440.82,42.012,84.024
490.17,444.67,41.688,83.376
501.9,449.49,41.416,82.831
524.99,458.4,41.446,82.891
543.49,449.69,40.979,81.958
573.6,467.19,40.954,81.908
555.87,445,40.649,81.297
560.55,445.9,40.546,81.093
549.51,447.39,40.696,81.391
554.29,447.6,40.544,81.089
557.37,446.17,40.114,80.227
556.62,445.36,39.887,79.774
555.94,447.76,39.963,79.927
551.02,447.25,39.718,79.436
506.95,448.57,39.711,79.423
538.99,458.03,39.774,79.549
552.68,449.85,39.508,79.017
547.79,446.53,39.337,78.673
555.09,447.41,39.12,78.239
555.23,446.05,38.867,77.733
554.92,449.66,39.155,78.31
550.95,447.47,38.907,77.814
552.42,448.35,38.584,77.168
549.9,448.12,38.715,77.431
552.9,447.57,38.509,77.019
548.83,448.04,38.618,77.235
553.1,448.66,38.613,77.225
554.42,446.87,38.562,77.124
551.13,448.48,38.538,77.076
547.17,448.07,38.416,76.831
551.81,447.87,38.675,77.35
550.51,447.76,38.677,77.354
552.5,447.77,38.929,77.858
554.26,447.86,39.053,78.107
550.63,447.69,38.687,77.374
550.21,447.59,38.572,77.143
550.37,447.41,38.806,77.612
549.68,446.14,38.9,77.8
550.37,447.61,38.835,77.67
551.93,447.15,38.698,77.397
548.34,446.99,38.723,77.445
550.26,446.65,38.591,77.182
552.21,447.89,38.915,77.83
553.4,447.37,39.218,78.437
550.49,447.54,39.467,78.934
550.44,447.38,40.12,80.24
551.74,446.85,39.77,79.54
549.76,446.88,39.798,79.596
549.2,446.58,39.927,79.853
550.72,446.9,39.805,79.61
550.44,447,39.722,79.444
551.9,447.05,39.388,78.776
550.24,446.95,39.688,79.375
549.47,447.09,39.406,78.811
550.84,447.12,39.528,79.057
552.32,447.02,39.707,79.413
