471.5,361.5,125,91
473.51,357.04,123.54,89.939
478.93,353.67,121.92,88.761
484.78,350.38,117.84,85.79
488.61,345.91,115.94,84.408
493.48,342.85,113.7,82.775
497.42,338.89,110.36,80.339
500.34,335.11,108.69,79.123
503.62,332.18,106.2,77.311
504.82,328.86,106.29,77.377
507.42,325.49,103.9,75.642
509.3,322.68,101.47,73.869
510.45,319.58,100.11,72.878
511.36,317.12,96.259,70.076
512.05,315.44,94.936,69.114
512.27,311.66,93.383,67.983
511.53,309.89,92.081,67.035
510.42,307.47,91.07,66.299
509.08,304.89,90.958,66.217
508.08,302.89,90.311,65.747
506.12,300.06,90.354,65.778
505.93,297.6,87.502,63.701
504.08,295.89,87.291,63.548
502.42,293.64,85.521,62.259
500.15,290.87,84.205,61.301
497.67,290.2,82.995,60.421
494.52,287.41,81.435,59.285
492.84,286.18,79.946,58.201
491.28,284.73,79.457,57.844
489.46,282.8,79.409,57.81
486.62,280.74,79.053,57.55
484.25,279.24,77.74,56.594
482.39,277.1,76.582,55.751
480.01,275.91,74.589,54.301
478.36,274.27,73.098,53.215
477,272.88,72.347,52.668
475.26,271.54,71.7,52.197
472.83,269.79,70.934,51.64
471.01,268.78,70.348,51.213
468.71,266.58,69.936,50.914
466.6,265.37,69.205,50.381
465.78,264.75,68.65,49.977
464.26,263.34,67.709,49.292
461.84,261.85,67.774,49.339
460.45,260.95,66.595,48.481
458.71,259.3,66.527,48.432
457.3,258.35,65.642,47.787
455.36,256.3,64.907,47.252
453.86,255.65,64.296,46.808
452.78,254.97,64.05,46.629
450.65,253.01,63.613,46.31
448.74,251.81,62.937,45.818
447.37,251.24,62.079,45.193
444.71,249.55,62.02,45.151
442.11,248.2,61.347,44.661
440.09,247.19,60.66,44.161
438.39,246.65,59.948,43.642
435.95,245.44,59.558,43.358
433.09,244.47,59.23,43.12
430.98,243.98,59.144,43.057
429.55,243.33,58.898,42.878
427.29,241.87,58.82,42.821
424.29,241.45,57.673,41.986
422.55,240.94,56.766,41.325
420.1,239.94,56.072,40.82
418.34,239.94,55.512,40.413
414.93,238.39,55.052,40.078
413.7,237.82,54.77,39.872
411.49,236.96,54.361,39.575
409.8,236.17,53.372,38.854
408.05,236.04,53.134,38.681
406.29,234.76,52.438,38.175
405.42,234.2,51.783,37.698
404.4,234.16,51.324,37.364
403.17,233.31,51.136,37.227
401.46,232.33,50.542,36.794
400.29,232.06,50.055,36.44
398.94,231.07,49.76,36.225
398.77,231.19,49.636,36.135
396.94,230.07,49.349,35.926
396.2,229.44,49.293,35.885
395.48,229.39,48.912,35.608
394.14,228.35,48.309,35.169
393.3,228.14,47.826,34.818
392.21,228.01,47.209,34.368
391.28,226.93,47.063,34.262
390.23,226.8,47.147,34.323
389.05,226.03,47.131,34.311
387.56,225.41,46.791,34.064
385.75,224.95,46.421,33.795
384.03,223.71,46.031,33.511
383.19,224.01,45.501,33.124
381.64,223.51,45.103,32.835
380.12,222.8,44.684,32.53
378.28,222.81,44.201,32.178
376.42,221.66,43.775,31.868
375.06,221.62,43.587,31.732
373.77,221.21,43.403,31.597
372.03,220.33,43.376,31.578
370.9,220.23,42.976,31.286
369.55,219.71,42.637,31.04
367.29,219.06,42.522,30.956
366.3,219.65,42.252,30.759
364.7,218.19,42.215,30.732
363.44,217.69,42.02,30.59
362.45,217.97,41.546,30.246
361.18,217.32,41.456,30.18
359.56,216.93,41.16,29.964
358.64,216.52,41.094,29.916
357.17,215.85,41.071,29.899
355.86,215.73,40.734,29.655
354.73,215.55,40.703,29.631
353.19,214.6,40.719,29.644
352.29,214.81,40.584,29.545
351.26,214.4,40.257,29.307
349.61,213.84,40.124,29.211
348.99,213.98,39.924,29.065
348.05,213.38,39.833,28.999
347.13,212.9,39.731,28.924
345.45,212.56,39.247,28.572
344.53,212.13,39.128,28.485
343.4,211.92,38.941,28.349
342.67,212.1,38.647,28.135
340.8,210.81,38.364,27.929
339.96,211.17,38.365,27.929
338.83,210.52,38.42,27.969
337.76,210.29,38.347,27.917
336.43,210.08,38.059,27.707
335.46,209.24,38.128,27.757
334.44,208.84,37.849,27.554
333.49,209.15,37.603,27.375
331.65,207.92,37.497,27.298
330.3,207.97,37.213,27.091
329.91,207.65,37.207,27.087
328.42,207.44,37.109,27.015
326.61,206.53,36.897,26.861
325.64,206.38,36.874,26.844
324.93,206.65,36.795,26.786
323.74,205.91,36.747,26.752
323.14,205.6,36.549,26.608
321.76,205.13,36.476,26.555
320.62,204.55,36.383,26.487
319.97,204.88,36.246,26.387
319.08,204.8,36.095,26.277
317.68,203.32,36.031,26.231
316.38,203.75,35.805,26.066
316.39,203.76,35.672,25.969
315.11,203.06,35.533,25.868
313.77,202.85,35.167,25.601
313.01,202.6,35.191,25.619
312.08,202.31,35.101,25.553
310.92,202.41,34.987,25.47
309.4,201,35.042,25.511
307.83,201.41,34.939,25.436
306.97,201.29,34.708,25.267
305.98,201.13,34.374,25.024
304.77,200.28,34.277,24.954
303.87,200.47,34.254,24.937
302.37,199.98,34.459,25.087
300.67,199.45,34.447,25.077
299.19,199.14,34.209,24.904
298.45,199.47,34.118,24.838
297.25,199.53,34.02,24.767
296.28,198.2,34.019,24.766
294.62,197.97,33.962,24.724
293.08,197.65,33.803,24.609
292.26,197.38,33.601,24.461
