175.5,188.5,28,22
175.02,188.98,28.006,22.004
177.7,188.94,28.236,22.186
178.95,189.89,28.476,22.374
180.87,193.12,28.808,22.635
182.22,196,28.763,22.599
191.26,196.83,29.325,23.041
182.14,194.78,28.86,22.675
183.53,196.23,28.685,22.538
186.33,199.46,28.701,22.551
188.57,200.91,28.546,22.429
191.49,201.04,28.678,22.533
191.16,215.72,28.76,22.597
195.48,206.1,29.088,22.855
195.8,207.56,29.406,23.105
198.3,204.99,29.014,22.797
188.19,210.84,29.284,23.009
194.46,212.72,28.55,22.432
194.02,211.55,29.086,22.853
193.22,211.42,29.369,23.076
193.51,211.81,29.144,22.899
194.12,212.09,28.675,22.531
201.84,221.71,28.426,22.334
199.8,218.84,28.933,22.733
202.08,218.44,28.702,22.552
193.5,211.31,29.039,22.817
191.98,211.25,28.579,22.455
194.09,212.03,28.567,22.445
193.15,211.43,28.644,22.506
194.51,211.11,28.737,22.579
197.04,213.73,28.484,22.38
194.54,212.03,28.392,22.308
194.54,211.75,28.563,22.442
194.31,211.74,28.727,22.571
194.45,211.14,28.744,22.584
195.23,211.36,28.72,22.565
195.81,211.19,28.665,22.522
194.95,210.59,28.671,22.528
194.71,210.62,28.659,22.517
194.8,210.25,28.466,22.366
196,211.41,28.575,22.452
195.98,210.81,28.52,22.409
195.17,210,28.512,22.403
194.97,195.53,28.578,22.454
199.62,198.76,28.8,22.629
204.12,203.39,28.99,22.777
201.32,210.79,29.018,22.8
194.87,199.53,29.323,23.039
191.86,203.56,29.669,23.312
188.69,201.76,29.69,23.328
186.82,203.61,29.785,23.402
191.2,200.28,29.586,23.246
177.7,189.14,29.851,23.455
177.14,195.55,29.942,23.526
176.9,194.38,29.938,23.523
178.29,196.06,30.327,23.829
177.98,184.01,30.498,23.963
176.51,172.1,30.658,24.088
173.75,183.01,30.841,24.232
177.43,184.06,30.586,24.031
178.07,194.65,30.673,24.101
177.9,192.8,30.82,24.216
188.73,204.56,30.728,24.144
199.81,213.18,30.702,24.123
194.06,196.54,30.929,24.301
186.67,192.15,31.186,24.503
176.51,192.99,31.454,24.714
176.56,192.74,31.501,24.751
181.9,194.39,31.321,24.609
178.26,194.78,31.372,24.649
177.57,193.38,31.254,24.557
177.88,193.69,31.304,24.596
176,192.33,31.432,24.697
177.08,193.06,31.547,24.787
176.2,193.2,31.663,24.878
177.54,193.13,31.969,25.119
176.37,192.42,32.075,25.202
175.67,192.77,32.043,25.177
177.37,193.66,32.038,25.173
178.62,192.67,32.042,25.176
178.68,193.82,32.038,25.173
180.02,193.88,31.981,25.128
182.85,194.81,31.925,25.084
182.75,194.48,32.107,25.227
183.96,193.85,32.225,25.319
192.08,189.7,32.204,25.303
184.8,188.96,32.305,25.382
177.43,192.06,32.472,25.514
178.01,192.37,32.477,25.518
178.49,192.44,32.376,25.438
179.42,192.98,32.536,25.564
179.73,192.36,32.532,25.561
180.52,191.28,32.503,25.538
180.92,191.9,32.558,25.581
180.2,191.66,32.482,25.521
178.62,192.2,32.526,25.556
177.55,191.77,32.594,25.61
175.64,192.74,32.549,25.574
173.55,192.14,32.498,25.534
174.35,192.36,32.476,25.517
177.11,192.51,32.496,25.533
178.16,191.72,32.62,25.63
170.3,204.23,32.797,25.769
158.66,193.18,32.856,25.815
144.36,207,32.72,25.708
139.25,208.72,32.512,25.545
134.35,208.35,32.486,25.525
145.94,206.76,32.258,25.346
146.45,207.72,32.247,25.337
137.1,208.51,32.133,25.248
140.59,204.92,32.278,25.361
137.76,209.38,32.129,25.244
127.87,211.69,31.846,25.022
141.16,207.78,31.885,25.053
149.85,214.85,31.697,24.905
147.48,228.31,31.625,24.848
139.05,221.5,31.663,24.878
144.63,226.84,31.663,24.878
162.71,235.14,31.608,24.835
170.33,256.48,31.699,24.907
170.3,255.43,31.589,24.82
165.68,249.58,31.64,24.86
171.66,256.98,31.491,24.743
169.9,260.82,31.542,24.783
172.68,258.91,31.489,24.741
172.77,247.68,31.63,24.852
176.22,259.69,31.577,24.811
181.53,260.95,31.696,24.904
182.79,242.63,31.598,24.827
193.71,232.78,31.632,24.854
193.11,215.38,31.589,24.82
194.83,211.91,31.581,24.813
177.89,216,31.655,24.872
184.12,204.12,31.392,24.665
193.84,212.07,31.383,24.658
185.61,214.71,31.42,24.687
191.37,221.52,31.424,24.69
200.79,252.32,31.438,24.702
206.68,241.87,31.462,24.72
210.84,239.54,31.502,24.751
208.32,225.06,31.642,24.862
195.9,229.52,31.945,25.1
207.73,241.16,31.806,24.991
222.03,240.23,31.594,24.824
210.47,243.42,31.515,24.762
210.13,239.75,31.357,24.637
220.61,239.77,31.326,24.613
203.3,245.1,31.559,24.797
202.26,256.45,31.655,24.872
201.18,242.42,31.624,24.847
196.87,259.23,31.442,24.704
