587.5,188.5,33,92
584.39,183.49,33.029,92.081
578.84,183.82,33.081,92.226
570.57,185.38,32.554,90.756
562.86,184.99,32.52,90.662
557.01,185.57,32.455,90.481
557.64,185.9,31.863,88.83
552.71,186.48,31.762,88.548
544.61,186.84,31.865,88.834
539.1,186.01,31.876,88.866
534.09,186.07,31.794,88.638
528.52,186.38,32.119,89.545
522.77,186.22,32.244,89.892
517.78,185.52,31.812,88.689
509.39,186.04,31.994,89.196
505.34,186.61,31.884,88.889
496.59,188.07,31.498,87.814
493.38,186.71,31.252,87.126
488.39,186.74,31.485,87.776
483.77,187.24,31.106,86.72
478.5,188.12,31.069,86.617
471.46,189.02,31.026,86.495
465.73,188.14,31.161,86.874
467.65,186.35,31.062,86.598
463.08,187.11,31.044,86.546
461.97,186.19,30.968,86.336
465.93,190.64,30.619,85.361
463.73,191.46,30.365,84.653
457.91,192.93,30.157,84.073
443.87,187.69,30.103,83.922
445.06,186.86,30.176,84.128
442.56,186.21,30.065,83.818
440.16,184.82,30.265,84.374
436.05,184.71,30.424,84.818
432.33,184.11,30.607,85.329
430.74,184.22,30.443,84.872
427.06,183.7,30.495,85.015
424.68,183.27,30.824,85.934
423.74,183.5,30.736,85.688
421.24,183.64,30.727,85.664
417.92,183.35,30.639,85.418
414.41,182.08,30.571,85.227
411,182.08,30.273,84.398
407.65,184.27,30.08,83.859
403.41,183.97,29.867,83.266
399.56,183.82,29.624,82.587
397.22,185.24,29.564,82.422
393.27,184.54,29.455,82.118
389.59,184.42,29.322,81.747
385.99,184.52,29.307,81.705
382.49,184.79,29.234,81.5
379.31,183.79,29.045,80.974
376.14,183.86,28.936,80.671
371.6,185.09,28.693,79.992
368.16,185.69,28.75,80.15
368.29,183.89,28.576,79.666
367.21,184.02,28.464,79.354
365.36,184.58,28.381,79.123
363.67,183.1,28.442,79.293
363.24,180.02,28.375,79.106
361.6,180.42,28.286,78.857
358.52,181.46,28.225,78.687
354.85,181.95,28.185,78.576
353.43,179.76,27.992,78.038
352.98,178.74,27.907,77.802
351.89,180.06,27.976,77.995
351.08,180.4,28.019,78.114
350.46,178.78,27.932,77.871
350.25,178.11,27.847,77.635
349.54,179.35,27.898,77.776
349.09,178.61,27.897,77.774
347.82,178.77,27.893,77.762
345.98,178.69,27.968,77.97
343.9,178.6,27.982,78.01
342.58,179.46,28.127,78.416
339.72,179.48,28.233,78.71
338.8,178.73,28.085,78.298
333.52,180.78,28.247,78.75
332.48,179.63,28.342,79.013
347.85,177.54,28.184,78.574
353.32,179.04,28.053,78.208
351.99,179.16,27.98,78.004
330.6,179.35,27.94,77.892
318.36,161.31,27.831,77.59
305.44,148.06,27.965,77.964
311.04,138.36,27.839,77.613
295.77,139.82,27.674,77.15
292.15,138.11,27.412,76.422
289.57,139.08,27.241,75.944
287.71,139.83,27.145,75.678
283.97,139.64,27.044,75.396
280.4,139.58,26.928,75.072
276.48,137.89,26.989,75.243
274.49,139.24,26.904,75.004
272.66,140.13,26.962,75.166
270.54,141.07,26.944,75.117
266.65,140.3,26.914,75.034
264.68,141.39,26.966,75.179
260.83,141.09,26.94,75.105
257.09,140.52,26.922,75.054
254.68,141.14,26.94,75.107
251.42,141.31,26.936,75.096
250.18,140.31,26.841,74.83
249.98,140.98,26.88,74.939
248.06,141.99,26.949,75.13
243.02,140.88,27.026,75.346
241.44,141.83,27.091,75.527
239.03,142.62,27.166,75.736
237.7,140.93,27.27,76.026
237.22,142.02,27.252,75.977
252.59,144.77,27.214,75.869
250.28,144.73,27.027,75.348
247.55,143.86,26.957,75.154
243.68,143.56,26.846,74.844
243.24,142.98,26.909,75.02
242.23,143.86,26.818,74.766
241.5,144.4,26.761,74.605
240.33,144.05,26.571,74.078
252.04,150.04,26.689,74.405
249.45,147.16,26.77,74.631
246.4,146.05,26.809,74.741
244.12,146.82,26.658,74.32
248.24,144.67,26.703,74.444
246.28,145.63,26.603,74.165
240.47,145.9,26.598,74.153
238.1,144.17,26.591,74.132
246.86,143.01,26.811,74.746
243.75,140.45,26.995,75.258
241.81,141.2,27.181,75.776
258.89,139.15,27.081,75.499
258.27,142.83,27.1,75.552
255.03,143.33,27.089,75.521
250.5,142.06,27.065,75.455
246.21,143.79,27.174,75.758
242.01,144.18,27.282,76.06
240.49,145.23,27.214,75.868
238.79,145.67,27.174,75.759
238.58,146.15,27.086,75.513
239.46,145.62,27.135,75.649
238.64,146.23,27.151,75.694
238.52,146.26,27.071,75.472
238.78,146.5,27.019,75.326
238.55,146.18,27.023,75.337
237.93,146.3,26.963,75.17
237.69,146.25,26.876,74.928
238.31,147.55,26.636,74.258
237.85,147.18,26.644,74.279
238.77,147.69,26.476,73.812
240.04,145.96,26.553,74.028
240.45,146.91,26.631,74.244
260.81,145.35,26.885,74.953
294.19,145.03,26.984,75.229
290.15,154.48,27.127,75.627
271.08,157.84,27.192,75.808
252.86,154.48,27.479,76.608
240.34,163.72,27.853,77.65
238.69,164.31,28.017,78.107
238.57,162.29,28.18,78.563
241.88,159.97,28.031,78.147
236.65,161.97,28.212,78.651
236.37,160.16,28.302,78.904
238.03,158.59,28.25,78.757
237.56,158.18,28.222,78.68
237.03,158.68,28.223,78.682
235.66,158.88,28.201,78.622
236.07,159.28,28.151,78.482
242.8,156.43,28.138,78.446
237.48,157.75,28.163,78.514
235,157.33,28.169,78.53
236.99,157.34,28.336,78.997
229.6,158.09,28.375,79.105
234.36,159.19,28.571,79.653
232.43,157.61,28.689,79.98
233.52,156.75,28.713,80.047
233.51,155.51,28.72,80.067
234.41,154.75,28.835,80.388
234.26,154.58,28.71,80.039
234.84,153.68,28.517,79.502
231.37,153.68,28.484,79.41
231.63,152.66,28.318,78.947
231.88,153.05,28.346,79.026
232.06,153.52,28.383,79.128
231.38,152.47,28.323,78.96
231.47,151.9,28.333,78.988
230.87,152.11,28.113,78.376
230.58,151.58,27.951,77.923
230.93,151.77,27.711,77.255
229.66,151.09,27.674,77.15
228.86,150.92,27.671,77.144
227.58,150.08,27.634,77.04
226.97,149.81,27.54,76.778
227.01,149.96,27.602,76.952
227.18,149.89,27.586,76.905
224.47,149.4,27.51,76.696
222.83,149.76,27.519,76.72
222.65,149.08,27.474,76.595
222.11,149.16,27.496,76.655
221.63,148.74,27.56,76.834
223.38,146.88,27.547,76.797
219.5,147.33,27.517,76.715
218.15,147.29,27.387,76.351
216.81,147.63,27.283,76.063
216.13,147.54,27.155,75.705
216.37,146.74,27.247,75.962
215.28,147.26,27.205,75.844
213.43,146.59,27.088,75.518
212.61,146.22,27.079,75.493
212.48,146.2,27.148,75.684
