415.5,345.5,52,126
411.41,355.68,51.2,124.06
399.9,356.28,51.217,124.1
393.09,354.6,50.712,122.88
384.96,353.92,51.446,124.66
378.46,356.74,50.716,122.89
373.04,359.26,50.235,121.72
367.62,359.59,50.306,121.9
361.34,356.15,50.711,122.88
356.63,356.68,50.214,121.67
351.46,355.3,49.879,120.86
348.66,358.01,50.313,121.91
342.93,356.99,50.406,122.14
339.34,357.26,50.377,122.07
334.56,357.16,50.396,122.11
332.41,355.16,50.598,122.6
328.89,355.99,49.901,120.91
328.78,358.17,50.398,122.12
328.46,359.62,50.112,121.42
327.97,358.36,49.324,119.52
328.05,358.39,49.89,120.89
327.95,355.45,49.437,119.79
327.57,345.51,49.559,120.08
328.19,334,49.531,120.02
327.64,326.41,49.714,120.46
326.93,326.16,49.482,119.9
328.12,326.37,49.421,119.75
328.29,326.18,49.841,120.77
327.61,327,49.825,120.73
325.18,325.26,49.901,120.92
325.65,325.18,50.168,121.56
325.48,325.61,49.963,121.06
326.08,324.83,49.907,120.93
326.97,325.31,50.179,121.59
325.94,324.43,50.449,122.24
326.06,324.62,50.022,121.21
327.14,325.12,49.907,120.93
327.42,324.47,49.808,120.69
327.61,325.16,49.712,120.46
327.38,324.22,49.821,120.72
327.17,323.95,50.03,121.23
327.56,324.94,49.694,120.41
327.95,324.8,49.392,119.68
328.03,324.56,49.566,120.1
327.76,324.77,49.53,120.01
328.52,324.73,49.577,120.13
328.35,325.42,49.408,119.72
328.69,325.72,49.181,119.17
328.56,325.28,49.547,120.06
328.29,325.26,49.744,120.53
328.82,325.26,49.78,120.62
328.41,325.32,50.155,121.53
328.2,325.17,50.161,121.54
327.82,324.76,50.296,121.87
328.07,324.89,50.218,121.68
327.8,324.84,50.355,122.01
327.71,325.16,50.351,122
327.49,324.97,50.392,122.1
327.28,325.18,50.432,122.2
327.08,325.02,50.547,122.48
326.17,324.6,50.484,122.33
327.05,325.34,50.281,121.83
327.35,325.18,50.621,122.66
327.04,324.84,50.948,123.45
327.46,325.37,50.958,123.48
326.99,325.68,51.009,123.6
327.16,324.87,51.167,123.98
326.9,325.09,51.261,124.21
327.42,324.85,51.391,124.52
326.62,324.77,51.2,124.06
327.06,325.22,51.301,124.31
326.86,325.27,51.241,124.16
327.18,325.33,51.374,124.48
326.32,325.02,51.223,124.12
326.38,325.02,51.157,123.96
325.61,324.89,51.17,123.99
325.39,324.83,51.122,123.87
324.3,324.53,51.252,124.19
323.7,324.61,51.36,124.45
323.01,324.09,51.211,124.09
321.22,322.77,51.173,124
320.27,322.13,50.958,123.47
319.82,322.09,51.003,123.58
317.22,321.8,50.963,123.49
315.7,322.13,50.848,123.21
313.57,322.69,50.482,122.32
310.15,323.76,49.849,120.79
305.05,324.3,49.413,119.73
299.19,324.23,49.106,118.99
294.14,324.68,48.731,118.08
289.05,324.75,48.58,117.71
285.46,324.5,48.439,117.37
282.73,325.12,48.248,116.91
279,325.12,48.28,116.99
274.84,326.28,47.983,116.27
269.87,325.86,48.041,116.41
265.1,325.42,47.908,116.08
260,324.54,47.73,115.65
254.98,323.16,47.316,114.65
252.08,323.92,47.164,114.28
248.07,323.3,47.222,114.42
245.53,323.67,47.312,114.64
242.88,324.58,47.533,115.18
238.69,324.65,47.615,115.38
233.21,324.48,47.552,115.22
226.88,324,47.738,115.67
223.03,324.65,47.649,115.46
220.49,325.22,47.907,116.08
217.57,325.66,48.06,116.45
213.83,326.07,48.272,116.97
208.7,325.99,47.819,115.87
203.88,326.82,47.692,115.56
198.29,325.74,47.785,115.79
191.57,324.52,47.67,115.51
186.95,324.69,47.859,115.97
182.49,324.57,48.042,116.41
177.95,325.25,48.112,116.58
173.02,326.48,48.153,116.68
167.06,327.88,48.071,116.48
161.32,328.55,47.749,115.7
153.26,328.11,47.664,115.49
148.33,328,47.713,115.61
143.58,328.24,47.7,115.58
139.52,328.96,47.948,116.18
134.86,329.98,47.951,116.19
128.24,330.02,47.798,115.82
121.78,329.84,47.785,115.79
114.61,328.85,47.948,116.18
109.15,328.31,48.087,116.52
105.18,328.02,48.437,117.37
100.29,328.06,48.569,117.69
96.335,328.51,48.521,117.57
92.081,328.21,48.942,118.59
88.416,329.44,48.679,117.95
82.917,329.82,48.87,118.42
77.233,329.69,49.151,119.1
73.413,330.1,49.004,118.74
70.502,330.22,48.769,118.17
67.214,330.19,48.598,117.76
63.966,331.02,48.191,116.77
58.002,332.37,47.683,115.54
51.03,332.77,47.444,114.96
44.053,332.15,47.276,114.55
