170.5,104.5,24,33
172.76,105.75,24.032,33.044
176.46,105.48,24.018,33.024
181.43,106.21,23.99,32.986
187.03,107.26,24.167,33.229
191.13,107.62,24.002,33.003
194.98,107.47,24.024,33.034
200.53,109.05,24.003,33.004
205.51,110.41,23.878,32.832
209.6,109.91,23.437,32.225
213.98,110.14,23.553,32.385
217.36,111.35,23.618,32.475
222.25,112.43,23.707,32.597
228.29,113.89,23.473,32.276
232.59,113.5,23.188,31.883
235.49,114.14,23.448,32.241
239.76,115.78,23.589,32.435
245.03,117.04,23.884,32.84
248.46,116.47,24.012,33.017
252.52,115.94,23.895,32.855
256.37,117.1,23.565,32.403
262.01,120.11,23.66,32.533
265.71,119.98,23.815,32.745
270.77,120.38,23.985,32.98
274.41,121.92,24.209,33.288
279.4,122.8,24.399,33.548
283.34,122.98,24.38,33.523
286.59,122.76,24.351,33.483
290.35,124.46,24.148,33.203
296.09,125.27,23.989,32.985
299.24,126,24.031,33.043
302.62,126.39,24.202,33.278
306.24,126.61,23.993,32.991
310.6,127.92,23.725,32.622
314.61,127.31,23.808,32.736
318.82,128.48,23.728,32.627
322.91,128.06,23.912,32.879
325.22,129.62,23.687,32.57
330.21,131.6,23.5,32.313
331.57,131.56,23.676,32.554
335.13,132.58,23.679,32.558
339.08,134.13,23.848,32.791
342.5,135.21,23.66,32.533
346.9,136.35,23.824,32.757
350.75,134.86,23.943,32.921
356.32,137.49,24.054,33.074
358.49,138.32,24.308,33.424
361.72,138.55,24.485,33.667
365.36,139.47,24.638,33.877
368.65,138.95,24.713,33.98
372.54,140.5,24.874,34.201
377.24,143.07,24.826,34.135
381.8,141.34,24.926,34.273
385.19,141.66,24.985,34.355
390.52,142.83,24.974,34.339
395.62,145.15,24.868,34.194
399.1,145.72,25.124,34.545
402.49,145.39,25.287,34.769
406.74,148.09,25.155,34.588
409.93,148.32,25.11,34.526
413.15,147.66,24.999,34.373
416.07,148.92,24.982,34.35
419.13,149.37,24.984,34.353
424.3,151.54,24.982,34.35
427.31,151.41,24.853,34.173
430.56,152.44,24.651,33.895
436.9,152.45,24.805,34.107
439.48,153.65,24.829,34.14
443.03,154.12,24.764,34.051
446.84,153.53,24.489,33.673
449.72,155.47,24.438,33.602
458.69,153.82,24.269,33.369
457.92,156.95,24.281,33.387
461.65,157.96,24.167,33.229
465.23,158.95,23.99,32.986
469.14,159.46,24.021,33.029
471.91,160,24.018,33.025
474.2,160.94,23.929,32.902
478.53,160.27,24.129,33.177
482.79,157.29,24.306,33.421
488.39,156.24,24.325,33.447
490.33,159.79,24.193,33.265
491.84,161.08,24.206,33.284
