432.5,63.5,19,50
428.28,65.084,19.239,50.629
424.2,64.73,19.297,50.783
419.33,66.005,19.318,50.838
414.26,66.835,19.299,50.788
409.6,67.03,19.501,51.318
405.92,69.375,19.329,50.866
398.05,68.65,19.809,52.128
420.28,66.846,19.918,52.417
419.38,66.938,20.292,53.401
414.43,54.535,19.795,52.092
426.78,50.23,19.403,51.06
415.82,55.476,19.91,52.394
413.43,69.153,20.036,52.726
412.61,71.912,19.891,52.346
405.82,70.523,20.005,52.644
402.42,71.883,20.368,53.599
395.56,70.529,20.51,53.974
397.37,75.358,20.508,53.97
388.08,111.64,20.778,54.678
387.67,111.35,20.789,54.709
387.41,111.18,20.856,54.885
388.13,112.39,20.766,54.647
387.53,111.29,21.055,55.407
387.38,111.14,21.23,55.867
388.3,111.95,21.192,55.768
387.62,112.18,21.185,55.749
387.5,112.02,21.117,55.57
387.67,112.16,21.092,55.506
386.75,111.44,21.313,56.088
387.2,111.71,21.253,55.928
387.15,111.95,21.365,56.223
387.12,112.08,21.271,55.975
387,111.84,21.226,55.857
387.38,112.64,21.22,55.842
387.49,112.71,21.17,55.712
387.37,113.43,21.138,55.626
386.97,113.3,21.151,55.66
387.01,112.88,21.272,55.978
386.65,112.69,21.349,56.182
386.75,112.41,21.408,56.337
387.71,112.9,21.309,56.076
387.32,112.62,21.331,56.134
387.82,112.79,21.29,56.028
387.79,112.75,21.297,56.044
388.28,112.78,21.3,56.052
388.48,113.2,21.248,55.916
388.23,113.19,21.264,55.959
387.18,112.9,21.226,55.858
387.69,113.58,21.28,56
401.08,113.39,21.354,56.195
406.53,116.03,21.677,57.045
384.96,113.46,21.587,56.808
370.24,125.08,21.546,56.7
366.97,125.09,21.717,57.149
365.67,127.98,21.594,56.827
364.58,127.86,21.519,56.629
364.38,113.63,21.583,56.797
358.38,113.42,21.574,56.773
356.69,115.71,21.691,57.081
355.06,116.25,21.634,56.931
353.69,117.09,21.551,56.713
356.99,129.65,21.541,56.687
355.74,132.06,21.553,56.719
353.76,133.15,21.571,56.765
352.97,132.82,21.598,56.838
354.2,133.02,21.663,57.008
352.34,134.14,21.742,57.215
343.41,122.91,21.723,57.165
341.47,123.38,21.663,57.007
344.94,135.21,21.629,56.917
344.21,136.58,21.687,57.07
343.09,139.07,21.653,56.981
341.93,138.86,21.699,57.102
342.13,138.36,21.837,57.466
341.71,139.52,21.866,57.542
338.2,141.88,21.718,57.152
329.59,128.76,21.826,57.436
334.14,140.97,21.896,57.622
332.01,140.73,21.904,57.642
330.25,142.33,21.735,57.198
327.9,144.73,21.874,57.562
325.62,144.43,21.946,57.753
324.62,144.19,21.967,57.807
323.53,145.39,21.909,57.656
319.84,146.97,21.881,57.581
316.64,147.64,21.929,57.708
313.29,146.46,22.133,58.246
310.59,147.46,22.169,58.34
308.21,149.93,22.17,58.341
306.5,150.46,22.308,58.705
306.07,150.35,22.468,59.127
304.78,149.43,22.57,59.396
303.81,151.96,22.873,60.193
300.45,153.91,23.034,60.617
298.05,154.77,23.282,61.269
295.02,152.94,23.36,61.474
292.27,153.74,23.477,61.782
290.99,156.27,23.487,61.809
289.3,157.7,23.764,62.536
289.09,156.52,23.877,62.835
289.26,157.74,24.014,63.195
285.67,159.94,24.24,63.788
281.58,160.79,24.362,64.111
279.78,159.86,24.273,63.877
275.3,159.72,24.106,63.438
273.37,160.94,24.062,63.32
270.87,163.24,24.05,63.29
267.72,163.9,23.921,62.95
266.65,163.36,23.989,63.13
265.06,164.02,24.173,63.613
262.49,166.6,24.129,63.497
258.07,168,24.19,63.659
254.23,167.32,24.203,63.692
250.11,167.25,24.152,63.558
248.07,168.62,24.011,63.186
245.12,171.09,24.045,63.277
242.49,172.65,24.09,63.396
241.16,171.92,24.257,63.834
238.96,172.43,24.523,64.534
237.43,174.39,24.655,64.882
232.47,175.85,24.628,64.81
228.42,175.96,24.405,64.224
224.34,175.68,24.338,64.048
221.51,177.72,24.298,63.941
218.55,180.54,24.257,63.834
215.29,182.17,24.289,63.919
213.1,181.63,24.543,64.588
210.89,182.85,24.666,64.911
206.29,185.12,24.721,65.054
201.85,186.89,24.959,65.681
196.06,186.42,25.062,65.954
192.62,187.24,24.976,65.726
188.86,190.29,24.959,65.683
184.53,191.63,24.877,65.466
180.96,192.06,25.115,66.092
177.32,193.05,25.73,67.71
178.92,195.41,25.779,67.838
213.49,196.13,25.859,68.051
245.88,195.19,26.104,68.694
267.59,195.22,26.181,68.898
263.79,198.05,26.106,68.7
259.52,198.34,26.253,69.088
258.21,197.78,26.603,70.009
257.34,197.97,27.029,71.129
255.67,199.31,27.044,71.169
251.19,201.47,27.043,71.166
243.42,200.07,26.878,70.73
239.38,200.41,26.879,70.735
235.61,203.75,26.787,70.493
231.94,205.09,26.598,69.994
229.39,205.64,26.725,70.328
229.61,204.44,26.947,70.914
229.24,207.02,27.225,71.645
222.38,211.11,26.928,70.863
196.1,210.17,27.088,71.285
190.15,212.05,27.027,71.123
214.46,221.13,26.983,71.008
247.97,222.05,26.889,70.761
276.51,219.21,26.813,70.559
285.21,218.79,27.323,71.902
282.43,222.08,27.719,72.946
276.95,224.27,27.916,73.464
268.01,223.65,28.192,74.188
260.32,224.83,28.105,73.961
254.99,227.82,28.046,73.805
249.89,228.9,27.997,73.677
243.33,229.07,28.058,73.838
237.2,231.29,28.377,74.675
230.26,234.63,28.496,74.988
222.25,234.86,28.606,75.279
215.11,234.75,28.68,75.474
208.84,235.03,28.462,74.899
201.91,239.5,28.402,74.743
193.92,242.56,28.407,74.754
184.57,242.64,28.451,74.871
179.48,242.66,28.57,75.185
173.82,245.55,28.78,75.737
165.71,247.54,28.857,75.94
158.38,248.69,29.077,76.518
153.2,247.97,29.393,77.35
146.85,247.37,29.438,77.469
138.88,252.63,29.664,78.064
132.38,254.43,29.562,77.794
136.38,253.71,29.883,78.639
168.46,252.59,30.075,79.144
197.25,256.03,30.468,80.18
220.93,257.36,30.663,80.693
215.6,257.6,30.962,81.48
207.29,257.23,31.175,82.038
198.41,260.78,31.075,81.776
190.99,264.44,30.933,81.402
183.77,265.17,30.99,81.553
177.85,264.4,31.202,82.11
173.33,266.04,31.56,83.052
163.55,270.65,31.537,82.991
151.81,272.84,32.035,84.303
142.77,271.53,32.202,84.743
135,274.55,32.693,86.035
127.4,277.48,32.795,86.302
119.64,279.41,32.681,86.002
112.64,279.59,32.908,86.6
105.35,280.77,33.268,87.549
