747.5,210.5,80,159
728.55,215.13,80.435,159.87
703.05,218.95,78.995,157
682.99,219.95,79.245,157.5
664.76,222.54,79.383,157.77
653.32,225.34,79.649,158.3
638.62,229.89,78.572,156.16
625.72,231.9,77.903,154.83
616.15,231.77,77.319,153.67
605.32,232.74,76.228,151.5
598.15,233,75.958,150.97
593.35,233.46,75.715,150.48
589.71,235.7,75.701,150.46
586.67,236.43,75.691,150.44
583.61,236.79,75.577,150.21
578.71,237.02,75.796,150.64
572.83,236.86,75.069,149.2
563.76,235.1,75.693,150.44
558.77,234.69,76.301,151.65
553.37,235.36,76.572,152.19
547.8,235.22,76.71,152.46
543.5,235.82,76.042,151.13
536.76,236.78,75.701,150.46
534.52,236.73,75.711,150.47
532.56,238.85,75.061,149.18
528.96,240.07,75.443,149.94
524.77,241.9,74.963,148.99
512.15,241.56,75.808,150.67
507.14,240.75,75.641,150.34
502.5,239.97,76.111,151.27
499.29,239.88,75.624,150.3
495.23,239.94,75.7,150.45
491.4,239.71,75.192,149.44
493.37,239.04,75.601,150.26
492.93,238.71,75.866,150.78
492.67,236.56,76.014,151.08
494.46,234.51,75.903,150.86
500.15,230.63,76.091,151.23
508.1,229.7,75.102,149.27
515.93,229.73,74.486,148.04
523.37,229.76,73.88,146.84
528.2,230.01,73.925,146.93
530.03,229.77,73.695,146.47
527.38,231.24,73.597,146.27
522.99,233.65,73.551,146.18
517,236.92,73.456,145.99
512.49,237.56,73.688,146.46
506.3,241.54,73.121,145.33
502.71,242.06,73.245,145.58
499.56,240.46,73.695,146.47
499.25,240.54,73.859,146.8
499.4,239.77,73.868,146.81
501.46,239.45,74.044,147.16
503.66,239.18,73.761,146.6
502.46,238.3,73.986,147.05
500.59,237.25,73.76,146.6
499.79,237.96,73.687,146.45
497.19,239.24,73.311,145.71
492.41,239.99,73.402,145.89
490.5,240.14,73.799,146.68
487.67,239.03,74.019,147.11
486.39,238.96,74.128,147.33
476.29,241.74,74.121,147.32
473.64,242.1,74.047,147.17
473.05,243.02,73.512,146.1
470.55,244.68,73.625,146.33
468.67,245.29,73.446,145.97
464.72,247.32,73.088,145.26
464.08,249.01,72.555,144.2
466.79,248.4,72.426,143.95
471.95,248.09,72.155,143.41
477.38,245.53,72.386,143.87
482.89,241.1,72.473,144.04
484.37,239.87,72.452,144
483.65,238.79,72.459,144.01
483.34,238.48,72.519,144.13
485.7,238.71,72.537,144.17
491.41,239.37,72.497,144.09
497.17,239.63,72.23,143.56
502.18,240.65,71.933,142.97
506.19,240.23,72.143,143.38
513.14,242.72,71.724,142.55
525.06,244.82,71.52,142.15
531.51,245.3,71.551,142.21
537.4,244.7,71.897,142.89
542.83,244.8,71.879,142.86
546.05,242.71,71.865,142.83
549.87,240.12,71.987,143.07
551.4,238.99,71.984,143.07
553.76,237.97,71.886,142.87
556.03,236.63,71.869,142.84
557.68,236.19,71.911,142.92
560.61,235.96,71.701,142.51
563.62,236.42,71.729,142.56
566.15,236.85,71.339,141.79
567.89,236.65,71.005,141.12
570.01,236.88,70.815,140.74
571.42,236.13,70.418,139.96
573.17,235.57,70.316,139.75
575.08,234.05,70.408,139.94
578.63,233.39,70.5,140.12
579.43,234.05,70.603,140.32
580.51,234.36,70.427,139.97
582.4,235.48,70.127,139.38
584.14,235,70.041,139.21
585.45,234.06,69.993,139.11
585.29,232.64,70.078,139.28
585.55,232.26,69.758,138.64
586.76,232.16,69.482,138.1
587.72,231.13,68.811,136.76
589.84,231.85,68.311,135.77
591.33,232.16,67.927,135.01
591.51,230.57,67.764,134.68
592.85,231.71,67.403,133.96
593.21,231.84,67.253,133.67
594.34,232.56,67.035,133.23
594.95,233.76,66.804,132.77
593.39,232.89,66.689,132.54
592.76,232.75,66.75,132.67
593.34,232.77,66.863,132.89
594.62,233.57,66.484,132.14
596.72,234.64,65.986,131.15
597.35,234.46,66.009,131.19
596.6,234.53,65.958,131.09
594.36,233.95,65.946,131.07
592.95,233.1,65.965,131.1
592.06,233.46,65.747,130.67
589.85,233.02,65.88,130.94
588.18,232.06,65.986,131.15
585.35,235.49,65.963,131.1
583.61,229.95,66.131,131.44
581.74,230.13,65.93,131.04
581.01,230.3,65.653,130.49
580.11,230.76,65.505,130.19
579.48,231.43,65.142,129.47
578.17,232.7,64.95,129.09
576.49,233.57,64.647,128.49
573.81,234.18,64.551,128.3
572.09,234.57,64.3,127.8
569.53,234.51,64.419,128.03
567.03,234.99,64.317,127.83
564.45,234.96,64.37,127.94
562,234.74,64.318,127.83
560.41,234.44,64.264,127.72
558.95,234.15,64.237,127.67
557.89,233.99,64.117,127.43
555.94,233.59,64.056,127.31
554.74,233.9,64.078,127.36
554.16,233.58,63.923,127.05
554.71,233.52,63.794,126.79
555.3,233.75,63.593,126.39
555.35,234.02,63.489,126.18
555.48,233.33,63.578,126.36
556.42,233.93,63.653,126.51
557.79,233.93,63.699,126.6
559.42,234.12,63.654,126.51
561.36,234.47,63.487,126.18
563.45,234.83,63.449,126.1
564.94,235.45,63.286,125.78
566.68,236.65,63.278,125.77
567.33,237.09,63.211,125.63
568.14,237.57,63.004,125.22
568.5,237.86,62.734,124.68
568.89,238.4,62.665,124.55
568.62,238.46,62.611,124.44
567.49,238.74,62.624,124.46
566.64,238.52,62.584,124.38
565.1,238.38,62.645,124.51
565.32,239.15,62.739,124.69
566.07,238.87,62.654,124.53
566.43,239.23,62.605,124.43
565.9,239.39,62.72,124.66
565.6,239.34,62.799,124.81
564.4,239.97,62.812,124.84
564.09,240.3,62.963,125.14
565.51,240.35,62.943,125.1
565.57,240.97,62.803,124.82
566.59,241.09,62.516,124.25
567.61,241.32,62.319,123.86
568.82,241.34,62.27,123.76
570.37,241.44,62.275,123.77
570.88,241.33,62.679,124.58
571.42,241.1,62.849,124.91
573.07,241.93,62.816,124.85
574.28,244.08,62.742,124.7
576.67,247.51,62.775,124.77
579.5,250.03,62.687,124.59
582.11,251.2,62.718,124.65
585.43,252.66,62.7,124.62
589.06,254.52,62.728,124.67
593.99,257.13,62.871,124.96
598.25,260.14,62.898,125.01
602.96,263.19,62.886,124.99
606.74,265.54,62.917,125.05
611.05,266.92,63.012,125.24
616.28,269.3,62.929,125.07
618.95,272.4,62.773,124.76
620.77,276.14,62.693,124.6
622.39,279.45,62.495,124.21
623.59,280.81,62.454,124.13
624.29,282.13,62.323,123.87
625.07,282.42,62.285,123.79
625.7,284.98,62.244,123.71
625.15,286.79,62.299,123.82
625.26,288.31,62.148,123.52
624.93,288.82,62.063,123.35
625.08,289.81,61.728,122.68
626.31,290.11,61.349,121.93
627.23,290.37,61.087,121.41
628.38,290.77,60.85,120.94
629.71,292.58,60.782,120.8
629.59,292.8,60.805,120.85
630.02,293.77,60.78,120.8
630.05,294.72,60.757,120.75
629.41,295.22,60.81,120.86
628.91,296.55,60.734,120.71
628.96,298.23,60.549,120.34
628.8,298.27,60.422,120.09
629.44,298.49,60.603,120.45
629.67,298.44,60.372,119.99
630.1,298.63,60.358,119.96
631.47,298,60.334,119.91
633.32,296.99,60.348,119.94
635.11,296.66,60.177,119.6
636.78,297.39,60.154,119.56
637.88,298.9,59.962,119.17
638.91,300.36,59.905,119.06
640.42,300.91,59.82,118.89
642.3,302.49,59.588,118.43
643.61,304.09,59.352,117.96
644.01,305.32,59.02,117.3
644.35,305.75,58.802,116.87
644.48,306.77,58.543,116.35
643.75,306.89,58.374,116.02
642.58,308.48,58.236,115.74
641.63,309.1,58.09,115.45
640.55,308.6,57.921,115.12
640.28,307.98,57.628,114.54
639.69,307.68,57.501,114.28
638.96,307.14,57.45,114.18
636.35,306.04,57.533,114.35
634.72,306.13,57.532,114.35
634.4,306.27,57.619,114.52
633.43,306.35,57.487,114.25
631.99,305.44,57.556,114.39
632.35,304.85,57.313,113.91
631.24,303.71,57.179,113.64
629.8,302.51,56.989,113.27
629.43,302.18,56.992,113.27
627.87,301.81,56.836,112.96
625.83,301.69,56.821,112.93
623.37,301.51,56.615,112.52
619.95,300.83,56.651,112.59
616.49,301.34,56.377,112.05
614.05,301.95,56.306,111.91
610.69,302.44,55.954,111.21
605.97,302.38,55.776,110.85
602.47,303.24,55.541,110.39
598.85,304.51,55.591,110.49
595.54,305,55.605,110.52
591.58,305.4,55.59,110.49
588.8,305.7,55.538,110.38
586.46,305,55.613,110.53
583.56,305.34,55.408,110.12
579.8,305.82,55.358,110.02
576,306.59,55.425,110.16
572.82,307.76,55.37,110.05
569.93,307.38,55.321,109.95
567.59,307.93,55.238,109.78
565.78,308.35,55.09,109.49
565.66,307.06,54.874,109.06
565.28,305.6,54.591,108.5
559.05,305.59,54.653,108.62
538.6,311.99,55.253,109.81
514.66,302.76,55.083,109.48
519.14,300.82,54.958,109.23
519.26,304.66,54.453,108.23
516.66,306.33,54.036,107.4
517.77,304.19,53.736,106.8
518.4,305.26,53.532,106.4
518.89,307.06,53.265,105.86
519.83,305.31,53.012,105.36
545.46,303.76,52.751,104.84
578.51,305.95,52.869,105.08
581.64,306.87,53.014,105.37
583.41,306.37,52.95,105.24
584.08,305.69,52.971,105.28
584.44,305.28,52.924,105.19
584.16,303.89,53.038,105.41
582.68,302.92,53.075,105.49
581.23,302.71,52.952,105.24
580.16,302.81,52.813,104.97
578.2,302.29,52.743,104.83
576.68,302.27,52.677,104.7
575.36,302.58,52.552,104.45
574.53,302.75,52.396,104.14
574.83,303.78,52.292,103.93
574.73,303.92,52.259,103.86
574.4,304.02,52.246,103.84
574.2,303.3,52.195,103.74
573.77,301.75,51.983,103.32
573.46,301.45,51.89,103.13
573.44,301.17,51.888,103.13
573.9,300.74,51.849,103.05
574.84,300.33,51.724,102.8
576.16,300.3,51.684,102.72
576,300.65,51.606,102.57
574.88,301.27,51.412,102.18
572.5,301.22,51.306,101.97
571.54,301.26,51.246,101.85
570.04,301.28,51.212,101.78
569.83,301.26,51.239,101.84
570.05,300.98,51.225,101.81
570,300.19,51.157,101.67
569.51,299.97,51.023,101.41
570.52,300.27,51.02,101.4
