782.5,342.5,24,42
782.65,340.97,24.03,42.053
782.64,340.83,24.045,42.079
782.54,340.63,24.094,42.165
782.35,340.59,24.141,42.246
782.25,340.59,24.198,42.347
782.19,340.51,24.355,42.622
781.58,340.21,24.514,42.9
781.26,340.11,24.653,43.143
781.33,340.3,24.634,43.11
781.38,340.2,24.648,43.134
781.57,340.13,24.686,43.201
781.67,340.43,24.485,42.849
780.9,340.01,24.691,43.21
781.52,340.97,24.433,42.758
780.94,340.6,24.442,42.773
780.96,340.68,24.366,42.641
780.92,340.88,24.285,42.498
781.17,340.89,24.221,42.387
781.38,340.91,24.408,42.715
780.98,339.84,24.424,42.743
780.71,339.31,24.603,43.056
781.08,339.51,24.677,43.184
780.7,339.67,24.763,43.335
780.69,339.79,24.573,43.003
780.6,339.73,24.535,42.936
780.03,339.66,24.468,42.819
780.01,340.03,24.319,42.558
779.73,339.98,24.647,43.132
779.97,340.16,24.68,43.19
779.77,340.24,24.855,43.496
779.72,340.82,24.626,43.095
779.49,340.76,24.682,43.193
779.3,340.53,24.922,43.614
778.56,339.91,25.049,43.835
778.08,339.52,25.071,43.875
778.3,338.18,24.826,43.446
776.94,333.17,24.792,43.385
775.68,332.83,24.707,43.237
767.21,334.3,24.635,43.11
764.11,333.84,24.904,43.582
760.78,333.72,25.102,43.929
754.8,333.79,25.142,43.999
748.43,331.86,25.049,43.836
745.97,330.67,24.641,43.122
747.47,331.32,24.419,42.734
735.79,323.29,24.52,42.91
735.97,299.11,24.565,42.989
727.78,292.59,24.547,42.957
717.85,292.28,24.681,43.191
711.7,293.13,24.732,43.281
707.77,298.31,24.587,43.027
698.66,299.17,24.531,42.929
687.84,314.61,24.756,43.323
700.7,319.48,24.807,43.412
713.41,323.53,24.985,43.723
708.07,321.95,25.265,44.214
689.13,323.33,25.106,43.935
688.55,324.37,24.792,43.387
689.76,318.54,24.753,43.318
694.7,328.01,24.598,43.047
694.45,328.42,24.392,42.686
695.36,327.6,24.031,42.054
698.92,326.78,23.89,41.808
700.82,323.67,23.951,41.915
706.04,324.48,23.668,41.419
708.36,326.29,23.56,41.23
709.26,328.76,23.387,40.928
708.98,330.49,23.278,40.737
709.21,332.14,23.286,40.751
708.88,332.17,23.266,40.715
709.27,330.98,23.114,40.449
709.59,327.33,23.097,40.421
708.64,326.69,22.931,40.13
709.69,326.43,22.855,39.997
711.5,326.93,22.878,40.037
712.2,328.34,22.818,39.931
711.55,329.38,22.71,39.742
712.52,330.93,22.601,39.552
712.38,331.46,22.555,39.471
711.96,330.93,22.508,39.388
712.29,329.9,22.639,39.619
711.85,327.98,22.588,39.53
713.6,327.06,22.611,39.57
717.57,326.47,22.514,39.399
722.92,325.8,22.53,39.427
726.71,325.04,22.545,39.454
728.62,325.28,22.6,39.549
730.33,325.61,22.658,39.652
730.39,327.18,22.685,39.698
730.78,328.71,22.696,39.718
730.42,328.9,22.792,39.887
730.18,329.13,22.88,40.039
730.37,329.6,22.894,40.064
730.64,329.2,22.976,40.209
731.89,328.51,23.089,40.406
734.87,327.96,23.172,40.551
736.36,327.25,23.111,40.444
737.77,327.21,23.116,40.454
737.7,328.63,23.122,40.464
737.64,330.57,23.132,40.482
737.7,332.58,23.137,40.49
737.76,333.3,23,40.251
737.97,332.96,22.992,40.236
737.65,332.33,23.163,40.535
737.13,331.35,23.138,40.492
736.79,330.15,23.082,40.394
736.91,329.73,23.056,40.348
736.63,329.26,22.928,40.124
736.56,329.26,22.825,39.944
736.24,329.49,22.834,39.96
736.15,330.23,22.963,40.185
735.9,330.49,23.043,40.325
735.64,330.75,23.203,40.606
735.14,330.22,23.071,40.374
734.79,328.97,23.265,40.714
733.13,327.84,23.298,40.771
731.16,326.3,23.375,40.907
728.53,325.49,23.346,40.855
727.23,325.56,23.234,40.659
726.16,325.99,23.204,40.607
725.87,326.21,23.161,40.533
725.86,326.75,23.219,40.633
725.98,328.27,23.153,40.518
726.45,329.71,23.269,40.72
726.51,330.43,23.37,40.897
726.41,330.88,23.412,40.972
726.63,330.99,23.625,41.344
726.61,330.57,23.915,41.852
726.04,329.43,23.686,41.45
726.55,328.54,23.981,41.966
726.13,327.56,23.988,41.979
726.34,327.67,23.989,41.981
726.5,327.57,24.051,42.09
726.43,327.74,24.033,42.059
726.31,328.02,23.893,41.814
725.96,328.35,23.701,41.476
726.09,329,23.825,41.694
726.29,329.9,23.787,41.627
726.17,330.6,23.684,41.447
726.78,331.1,23.825,41.694
726.62,331.1,24.033,42.058
726.73,329.85,24.213,42.373
727,329.21,24.045,42.08
726.96,328.71,24.01,42.018
727.07,328.44,24.072,42.126
726.95,328.44,24.181,42.317
727.06,328.24,24.204,42.357
727.07,328.01,24.283,42.495
726.91,327.29,24.507,42.887
727.07,326.53,24.571,43
727.94,325.87,24.566,42.991
727.64,325.26,24.566,42.991
727.31,325.02,24.668,43.169
727.47,325.46,24.696,43.218
727.36,325.89,24.503,42.879
726.44,326,24.632,43.106
726.83,325.97,24.721,43.262
726.87,326.44,24.676,43.183
726.81,326.66,24.619,43.083
726.5,326.69,24.559,42.979
726.02,326.83,24.353,42.618
725.85,327.42,24.312,42.545
725.54,327.71,24.324,42.568
725.01,327.69,24.364,42.637
724.54,327.61,24.438,42.767
724.19,327.2,24.313,42.547
724.23,327.32,24.619,43.084
724.45,326.86,24.942,43.649
724.25,326.86,24.672,43.176
724.81,326.98,25.015,43.776
724.79,326.69,25.057,43.85
724.74,327.05,24.955,43.671
724.73,327.21,24.9,43.575
724.76,327.68,24.747,43.308
724.82,328.32,24.728,43.275
724.54,328.54,24.736,43.289
724.2,328.64,25.057,43.851
723.63,328.4,24.916,43.603
723.56,328.6,24.906,43.585
723.53,328.4,24.912,43.596
723.03,327.98,25.088,43.904
722.58,327.45,24.995,43.742
722.18,326.91,25.089,43.906
721.93,326.55,25.098,43.922
721.82,326.57,24.992,43.737
721.47,326.73,25.032,43.805
721.45,327.77,24.88,43.54
721.07,328.58,24.821,43.437
721.29,329.45,24.754,43.32
720.82,329.9,24.977,43.709
719.76,329.62,25.088,43.904
719.07,329.45,25.004,43.756
718.51,329.26,24.981,43.716
718.17,328.68,25.188,44.079
718.25,328.04,25.308,44.289
718.11,327.68,25.51,44.643
717.8,326.83,25.336,44.338
718.17,327,25.287,44.252
718.37,326.48,25.322,44.314
718.9,326.41,25.205,44.109
719.32,326.33,25.08,43.89
719.39,326.12,25.013,43.773
720.24,326.61,24.966,43.691
721.41,327.19,25.065,43.863
722.18,327.49,25.102,43.928
722.55,327.49,25.38,44.415
723.17,327.7,25.575,44.756
722.43,327.01,25.83,45.202
722.03,327.22,26.061,45.607
720.4,326.57,25.966,45.441
719.5,326.68,26.209,45.867
717.84,326.62,25.988,45.479
717.16,327.65,25.921,45.361
715.92,328.31,25.974,45.455
714.69,329.57,25.995,45.491
714.03,329.96,26.074,45.63
713.21,329.74,26.107,45.687
712.21,329.96,26.181,45.816
711.39,329.95,26.214,45.875
710.37,330.22,26.283,45.996
708.56,330.4,26.353,46.118
707.24,330.57,26.658,46.652
705.38,330.12,26.785,46.873
704.66,330.87,26.731,46.78
704.06,331.39,26.695,46.715
703.8,332.05,26.632,46.606
703.56,332.63,26.557,46.476
702.78,333.62,26.593,46.538
701.46,334.02,26.842,46.974
700.33,334.03,26.781,46.867
699.92,334,26.705,46.734
699.26,334,26.887,47.052
698.37,334.17,26.957,47.175
698.17,334.79,27.166,47.54
697.43,334.79,27.29,47.757
696.53,334.45,27.153,47.518
696.31,334.78,27.297,47.77
695.16,334.76,27.125,47.469
694.81,335.28,27.176,47.558
694.04,335.56,27.089,47.405
693.12,335.66,27.379,47.913
689.97,335.04,27.326,47.821
686.73,334.76,27.363,47.885
684.67,334.48,27.528,48.173
683.04,335.16,27.592,48.286
681.43,335.39,27.765,48.59
680.52,335.28,27.662,48.408
680.28,333.73,27.809,48.666
678.6,329.57,27.689,48.456
677.72,327.32,27.533,48.183
675.93,325.7,27.619,48.334
673,325.21,27.466,48.065
667.48,326.68,27.595,48.291
665.92,328.76,27.549,48.21
665.07,330.9,27.393,47.937
664.23,332.08,27.485,48.099
665.48,333.52,27.528,48.174
666.15,333.39,27.683,48.445
666.69,333.06,27.701,48.477
666.45,332.38,27.872,48.776
665.74,331.94,27.734,48.534
665.49,332.28,27.853,48.743
664.88,332.25,27.926,48.871
664.55,333.16,27.857,48.75
664.16,334.41,27.78,48.615
664.2,335.56,27.706,48.485
663.97,337.68,27.635,48.361
663.63,339.37,27.709,48.49
663.54,341.08,27.733,48.532
663.08,342.46,27.753,48.567
662.57,343.1,27.797,48.644
662,343.02,28.084,49.147
662.28,343.09,28.329,49.576
662.21,342.52,28.477,49.835
661.76,341.78,28.552,49.966
661.55,341.83,28.46,49.805
661.35,342.13,28.434,49.759
661.34,342.4,28.43,49.752
661.2,342.66,28.326,49.57
661.42,342.9,28.437,49.765
661.07,342.71,28.478,49.837
661.02,342.68,28.526,49.92
660.93,342.79,28.474,49.83
660.85,342.95,28.535,49.937
660.81,343.09,28.498,49.872
660.8,343.13,28.464,49.812
660.51,343.22,28.486,49.85
660.37,343.23,28.478,49.836
660.33,343.53,28.341,49.596
660.44,343.96,28.495,49.867
659.99,343.88,28.489,49.855
659.94,344.14,28.403,49.706
659.74,344.37,28.276,49.483
659.83,344.98,28.439,49.768
659.03,344.58,28.509,49.891
658.45,344.63,28.59,50.033
658.35,345.1,28.549,49.961
658.05,345.04,28.651,50.139
657.87,345.36,28.932,50.63
657.26,344.91,28.846,50.48
657.37,345.17,28.811,50.419
657.52,344.99,28.893,50.563
657.08,344.79,28.856,50.498
656.86,345.05,28.732,50.281
656.92,345.16,28.61,50.068
656.46,344.94,28.485,49.849
656.09,344.58,28.514,49.9
656.21,344.65,28.381,49.666
655.33,344.61,28.546,49.955
654.4,344.47,28.487,49.852
653.84,344.61,28.779,50.363
653.72,345.73,28.868,50.519
653.27,345.77,28.89,50.558
652.82,345.65,29.052,50.84
652.32,344.88,28.94,50.644
651.97,344.81,28.97,50.697
651.77,344.91,28.9,50.576
651.97,345.64,28.847,50.483
651.66,346.22,29.016,50.778
651.26,347.42,28.957,50.675
650.78,348.02,29.203,51.106
650.41,348.41,29.343,51.351
650.15,348.6,29.715,52.002
649.38,348.13,29.75,52.063
649.21,348,29.781,52.117
648.94,347.69,29.87,52.272
648.78,347.7,29.921,52.361
648.32,347.45,30.054,52.595
648.24,347.13,29.826,52.195
648.13,347.5,29.612,51.821
647.55,347.37,29.426,51.496
647.81,347.55,29.314,51.3
647.82,347.83,29.514,51.649
647.39,348.22,29.6,51.8
647.08,348.41,29.664,51.912
647.68,348.62,29.552,51.717
647.3,348.54,29.471,51.574
647.75,348.74,29.746,52.055
647.95,348.88,29.741,52.047
648.29,348.68,29.703,51.98
648.15,348.54,29.79,52.133
648.32,348.3,29.556,51.724
648.22,348.51,29.379,51.413
648.41,348.81,29.459,51.554
648.22,348.8,29.353,51.367
648.32,349.56,29.219,51.133
647.78,349.57,29.164,51.036
647.36,349.86,29.077,50.884
646.92,350.09,28.975,50.707
646.59,350.15,28.86,50.506
646.44,350.45,28.904,50.583
646.1,350.39,28.978,50.712
645.49,350.08,29.063,50.861
644.95,350.12,29.223,51.14
645.2,350.89,29.329,51.325
644.88,350.69,29.529,51.677
644.09,350.02,29.735,52.037
644.1,350.32,29.636,51.862
643.77,350.36,29.622,51.838
643.59,350.56,29.604,51.807
643.28,350.88,29.727,52.023
643.35,351.38,29.67,51.922
643.02,351.44,29.736,52.038
642.97,351.61,29.915,52.352
643.25,351.99,30.109,52.69
642.53,351.53,30.269,52.971
642.39,351.7,30.388,53.179
642.33,351.88,30.551,53.465
641.95,351.53,30.587,53.528
641.85,351.42,30.608,53.564
641.63,351.37,30.615,53.576
641.43,351.41,30.595,53.542
641.32,351.42,30.565,53.489
640.89,351.5,30.498,53.371
640.61,351.62,30.737,53.79
639.74,351.28,30.625,53.593
639.52,351.43,30.72,53.76
638.38,350.65,30.867,54.018
637.45,350.47,31.009,54.265
636.95,350.32,31.183,54.57
636.52,350.29,31.045,54.328
636.08,350.33,31.183,54.571
635.81,350.28,30.991,54.234
635.51,349.89,31.001,54.252
635.07,349.19,30.817,53.93
633.6,348.21,30.689,53.705
631.28,347.53,30.565,53.489
629.47,347.78,30.597,53.544
626.98,348.49,30.795,53.892
625.47,348.71,31.011,54.27
625,349.4,31.096,54.418
624.17,350.09,31.011,54.27
623.65,350.28,31.348,54.859
622.85,349.95,31.258,54.702
622.6,350.13,31.263,54.71
622.06,349.92,31.561,55.231
622.08,350.47,31.632,55.356
621.71,350.58,31.541,55.197
621.43,351.01,31.207,54.612
621.09,352.03,30.968,54.194
620.98,352.78,30.935,54.136
620.29,352.89,30.925,54.119
619.8,353.56,30.747,53.807
618.56,353.06,30.952,54.166
620.1,350.81,31.016,54.277
627.27,346.01,31.099,54.424
637.93,339.07,31.144,54.502
646.45,332.3,31.286,54.751
651.9,327.34,31.522,55.163
650.5,325.56,31.48,55.09
637.73,327.31,31.513,55.148
619.29,329.97,31.297,54.77
604.87,329.31,31.045,54.329
597.42,333.99,30.887,54.052
596.89,331.1,31.02,54.285
599.44,333.26,30.863,54.01
609.74,325.76,31.074,54.38
615.15,324.23,31.301,54.778
623.29,319.02,31.448,55.033
593.16,314.73,31.425,54.994
601.91,311.42,31.427,54.997
605.97,306.64,31.376,54.908
603.86,303.97,31.53,55.177
594.25,301.98,31.507,55.137
587.94,303.79,31.673,55.427
585.09,306.93,31.677,55.435
583.49,311.56,31.447,55.032
587.88,316.42,31.261,54.707
604.1,316.2,31.419,54.983
613.15,319.21,31.723,55.516
617.91,321.9,31.802,55.654
617.22,324.7,31.719,55.509
613.7,328.08,31.772,55.602
604.79,330.88,31.755,55.572
579.34,332.31,31.866,55.765
566.74,333.61,31.96,55.93
558.28,334.34,31.617,55.329
555.65,335.28,31.518,55.157
556.59,334.57,31.571,55.248
567.12,331.9,31.837,55.715
577.88,329.6,31.813,55.674
585.33,328.63,32.109,56.191
587.45,326.96,32.053,56.092
582.9,324.58,32.197,56.344
569.84,321.37,32.314,56.549
567.91,319.85,32.223,56.391
573.04,318.1,32.188,56.329
584.49,318.45,32.388,56.678
599.44,317.29,32.475,56.831
612.06,318.82,32.432,56.756
604.6,322.62,32.275,56.482
583.57,328.07,32.213,56.373
555.72,332.36,32.029,56.05
524.11,335.09,32.057,56.101
529.59,339.04,31.831,55.703
520.63,337.66,31.979,55.963
510.9,332.37,32.04,56.07
526.41,325.17,31.809,55.665
490.01,317.06,31.955,55.92
510.04,314.95,31.968,55.945
539.86,312,32.022,56.039
548.82,316.77,32.172,56.3
554.23,310.09,32.166,56.291
544.03,311.88,32.201,56.352
534.77,306.76,32.253,56.442
521.7,313.63,32.232,56.407
517.94,322.25,32.31,56.542
518.27,332.02,32.27,56.473
522.37,340.12,32.336,56.587
535.22,341.64,32.313,56.548
540.99,343.11,32.332,56.581
542.15,345.42,32.472,56.826
540.74,343.61,32.628,57.099
540.89,338.81,32.762,57.334
539.42,331.26,32.795,57.391
550.94,343.48,32.72,57.259
571.51,342.1,32.691,57.21
593.59,342.87,32.712,57.246
606.34,346.18,32.674,57.18
606.26,329.8,32.656,57.147
610.28,322.54,32.656,57.148
578.3,327.08,32.727,57.272
539.64,332.23,32.76,57.331
507.71,337.82,32.677,57.185
498.97,343.6,32.619,57.083
475.53,343.71,32.873,57.528
481.13,348.04,33.019,57.784
512.01,343.8,33.246,58.181
545.6,338.61,33.436,58.513
540.14,321.21,33.309,58.291
557.31,317.2,33.278,58.237
559.75,313.45,33.235,58.161
563.16,311.85,33.277,58.234
581.87,333.91,33.287,58.252
553.11,326.15,33.587,58.777
529.36,329.43,33.741,59.047
511.32,333.85,33.781,59.117
496.24,337.38,33.835,59.211
493.13,338.27,33.781,59.116
500.34,347.74,34.006,59.511
528.28,342.74,34.042,59.574
558.23,338.37,34.185,59.824
584.64,333.46,34.268,59.969
607.66,326.49,34.361,60.132
623.45,325.99,34.422,60.239
621.61,321,34.41,60.218
607.36,316.41,34.394,60.19
604.04,309.36,34.434,60.259
582.67,290.78,34.293,60.013
545.96,295.34,34.408,60.215
532.29,299.37,34.398,60.196
518.16,304.14,34.555,60.472
515.96,291.99,34.459,60.304
511.96,311.98,34.46,60.304
547.97,330.72,34.537,60.44
575.42,332.81,34.621,60.587
599.97,334.77,34.847,60.982
614.77,337.18,35.029,61.301
616.46,340.94,35.118,61.457
614.07,332.02,35.206,61.61
601.91,337.71,35.216,61.629
587.56,341.81,35.384,61.922
571.99,343.31,35.342,61.848
555.08,343.41,35.364,61.888
523.15,341.72,35.461,62.057
507.72,335.52,35.597,62.294
500.53,325.59,35.652,62.391
500.55,317.34,35.478,62.087
503.72,314.27,35.601,62.302
493.49,315,35.702,62.479
493.52,313.21,35.842,62.724
509.94,300.49,36.03,63.052
540.83,300.79,35.722,62.514
554.82,301.17,35.721,62.511
562.27,302.71,35.717,62.504
586.35,302.16,35.787,62.627
607.83,305.25,35.899,62.823
630.01,319.97,36.083,63.146
602.16,316.2,36.294,63.515
592.99,315.55,36.392,63.686
591.75,313.82,36.324,63.568
592.24,332.78,36.108,63.189
579.69,309.03,36.287,63.502
596.76,301.12,36.42,63.735
598.65,299.9,36.425,63.744
589.02,298.23,36.409,63.716
574.47,300.46,36.545,63.954
579.85,302.81,36.672,64.175
573.01,302.48,36.546,63.955
575.95,301.12,36.623,64.09
579.63,300.25,36.811,64.419
607.84,308.1,36.883,64.545
637.35,309.05,37.066,64.866
661.92,300.53,37.17,65.048
663.64,299.34,37.539,65.694
660.45,298.04,37.817,66.179
648.24,296.95,37.891,66.31
631.98,299.63,38.051,66.589
608.65,303.8,38.222,66.888
616.79,308.28,38.335,67.087
610.99,312.04,38.289,67.006
581.34,312.2,38.116,66.703
556.61,312.94,38.082,66.644
567.14,312.17,38.005,66.509
566.79,312.42,38.26,66.955
547.42,309.04,38.543,67.45
548.81,305.59,38.631,67.604
513.62,301.65,38.825,67.944
514.54,299.05,38.864,68.012
519.07,295.48,38.878,68.037
494.16,290.55,38.84,67.97
490.03,286.06,39.121,68.462
483.13,287.07,38.944,68.152
457.27,282.23,38.883,68.045
487.49,280.62,38.642,67.623
502.96,283.65,38.688,67.704
510.19,285.63,38.559,67.478
511.68,287.08,38.435,67.26
513.69,290.8,38.533,67.433
516.22,294.96,38.226,66.896
513.37,301.87,38.279,66.988
502.22,306.85,38.508,67.388
486.05,309.72,38.573,67.503
468.83,309.99,38.68,67.69
439.09,309.86,38.942,68.149
423.77,307.36,39.2,68.599
415.97,305.78,39.348,68.86
415.01,303.84,39.179,68.563
415.35,303.08,39.129,68.476
421.18,299.37,39.406,68.96
430.78,294.37,39.575,69.257
443.35,289.9,39.62,69.335
460.97,285.59,39.57,69.248
481.7,281.73,39.709,69.491
515.18,276.82,39.877,69.784
534.25,273.37,39.965,69.939
551.37,272.61,40.138,70.242
561.74,273.68,40.24,70.42
561.99,275.7,40.092,70.162
535.93,284.07,40.115,70.201
516.95,291.77,39.983,69.97
497.13,303.14,39.967,69.942
478.82,315.05,39.928,69.875
464.44,322.91,39.928,69.874
455.56,327.49,40.093,70.162
448.71,331.11,40.283,70.495
443.37,332.11,40.658,71.152
436.82,329.75,40.893,71.563
433.31,324.71,41.219,72.134
432.26,317.95,41.59,72.783
437.83,311.19,41.927,73.373
446.11,305.7,42.183,73.82
460.16,300.7,42.461,74.307
474.44,295.97,42.941,75.147
494.76,291.95,43.32,75.81
543.05,288.37,43.293,75.763
559.7,286.93,43.264,75.713
566.44,285.22,43.25,75.688
569.01,284.47,43.145,75.503
570.84,284.58,42.859,75.003
572.2,286.69,42.633,74.609
570.8,290.62,42.5,74.376
560.4,296.74,42.686,74.701
546.85,305.09,42.553,74.468
533.49,314.8,42.316,74.054
504.78,326.43,42.309,74.041
489.3,332.37,42.439,74.268
475.47,338.07,42.256,73.948
464.82,340.59,42.39,74.183
454.53,341.83,42.306,74.035
442.05,342.23,42.343,74.1
427.27,342.89,42.33,74.077
411.72,342.41,42.435,74.261
397.94,341.38,42.4,74.201
386.6,338.11,42.734,74.784
378.31,332.67,42.901,75.076
377.71,328.25,43.201,75.602
379.03,325.2,43.596,76.293
385.49,322.63,43.831,76.704
398.64,321.74,44.33,77.578
431.89,320.38,44.193,77.338
449.78,320.33,44.152,77.265
464.49,319.35,43.95,76.912
478.31,318.2,44.063,77.11
494.35,315.69,44.061,77.106
526.86,312.54,43.931,76.879
535.81,313.04,43.916,76.853
539.67,314.74,44.023,77.04
539.44,318.83,44.307,77.538
531.87,323.31,44.531,77.93
511.82,327.75,44.792,78.386
506.67,330.17,45.115,78.952
500.16,332.44,45.162,79.033
490.52,334.63,44.978,78.711
479.7,336.86,44.87,78.522
466.99,337.68,44.692,78.211
457.7,338.25,44.603,78.055
448.72,338.38,44.599,78.048
439.48,338.42,44.655,78.146
427.52,338.26,44.89,78.558
415.22,339.66,45.016,78.778
404.8,340.87,44.987,78.728
395.01,341.84,45.431,79.505
385.38,342.18,45.479,79.589
375.35,342.49,45.57,79.747
359.14,342.38,45.545,79.703
351.32,342.51,46.04,80.57
346.83,342.09,46.381,81.166
345.44,342.45,46.3,81.025
347.97,341.78,46.62,81.584
362.05,340.69,46.765,81.839
373.74,335.47,47.162,82.534
388.86,337.63,47.247,82.683
406.23,333.44,47.435,83.011
421.76,334.94,47.695,83.467
447.99,332.18,47.976,83.957
460.78,328.27,48.408,84.714
472.41,323.79,48.261,84.456
481.65,320.79,48.824,85.442
490.42,317.68,49.079,85.889
499.77,314.84,48.534,84.935
503.6,313.72,48.293,84.512
507.87,313.38,48.135,84.237
510.4,314.27,47.767,83.592
511.47,315.86,47.347,82.857
511.43,320.22,46.96,82.18
508.41,324.01,46.809,81.916
502.45,327.73,46.912,82.096
493.84,331.24,47.011,82.269
482.35,333.92,47.671,83.425
457.96,335.71,48.113,84.197
442.95,338.64,48.554,84.97
429.82,340.38,48.808,85.415
419.34,342.46,49.069,85.87
409.1,344.25,49.448,86.535
395.97,347.25,49.404,86.456
385.02,350.08,49.521,86.662
375.16,352.65,49.523,86.665
366.76,354.95,49.667,86.917
361.28,356.85,49.859,87.254
357.3,357.67,50.254,87.944
357.4,356.24,50.765,88.838
366.16,352.75,51.359,89.878
380,348.8,51.848,90.734
402.74,344.82,52.348,91.609
429.35,341.26,52.297,91.519
453.69,338.67,52.464,91.811
474.39,337.16,52.438,91.767
488.01,336.33,52.453,91.793
495.34,335.79,52.535,91.936
501.82,335.78,52.666,92.166
506.5,334.14,52.774,92.354
508.55,332.9,52.819,92.434
509.31,332.96,52.996,92.743
503.6,334.65,53.1,92.924
483.68,341.83,53.229,93.15
469.65,345.54,53.337,93.34
452.71,348.11,53.519,93.659
429.94,350.6,53.7,93.976
408.05,354.48,53.852,94.241
372.22,357.27,54.258,94.951
355.41,359.25,54.64,95.621
341.33,360.67,54.819,95.933
331.25,362.98,54.939,96.143
324.55,364.38,54.892,96.062
316.83,365.32,54.692,95.71
314.09,365.47,54.605,95.558
312.52,365.49,54.708,95.74
314.2,363.33,54.79,95.882
323.46,360.86,55.379,96.913
351.61,355.77,55.659,97.403
374.17,352.09,55.933,97.883
394.84,347.67,56.228,98.398
415.43,343.75,56.249,98.435
432.74,339.72,56.142,98.249
462.93,336.77,56.194,98.339
474.89,334.17,56.026,98.045
481.1,333.39,55.881,97.791
483.46,333.19,55.884,97.797
483.7,334.69,55.986,97.976
482.9,337.22,56.081,98.143
481.49,338.47,55.998,97.996
479.62,339.82,56.236,98.413
476.93,340.44,56.449,98.785
475.36,341.43,56.649,99.136
473.72,343.44,56.819,99.433
472.2,345.33,57.035,99.812
470.36,347.52,57.102,99.928
468.73,349.35,57.438,100.52
466.72,351.58,57.24,100.17
464.35,355.19,57.057,99.849
462.47,356.5,56.784,99.372
460.95,358.26,56.707,99.237
458.46,360.39,56.894,99.564
454.63,362.59,57.042,99.823
451.23,366.17,57.217,100.13
448.25,369.67,57.532,100.68
444.93,372.37,58.052,101.59
443.44,375.49,58.2,101.85
442.14,378.18,58.721,102.76
439.67,378.88,59.386,103.93
436.72,377.23,59.517,104.15
433.87,375.44,59.423,103.99
431.1,372.92,59.438,104.02
426.72,372.84,59.403,103.96
420.71,375.36,59.393,103.94
416.73,379.29,59.414,103.97
414.89,382.96,59.304,103.78
416.24,385.9,59.231,103.65
419.01,386.7,59.458,104.05
426.51,389.08,59.455,104.05
445.01,390.7,59.745,104.55
461.4,392.3,60.163,105.29
478.29,396.15,60.553,105.97
491.4,403.17,61.096,106.92
505.5,412.61,61.612,107.82
518.2,417.45,61.506,107.64
535.61,415.38,61.858,108.25
554.37,408.97,62.013,108.52
574.06,402.35,62.342,109.1
605.65,397.7,62.512,109.4
639.26,397.27,62.589,109.53
656.93,397.08,62.57,109.5
676.66,396.39,63.03,110.3
686.14,398.15,63.241,110.67
684.05,404.71,63.852,111.74
678.09,407.53,64.232,112.41
671.18,404.11,64.719,113.26
663.1,397.13,65.118,113.96
652.54,385.79,65.374,114.41
639.33,374.92,65.141,114
627.04,372.05,64.622,113.09
622.68,375.76,64.421,112.74
619.92,383.93,64.447,112.78
612.68,391.86,64.629,113.1
599.15,393.23,64.425,112.74
580.25,388.08,64.285,112.5
569.41,382.44,64.456,112.8
564.96,378.49,64.547,112.96
562.8,378.32,64.61,113.07
561.38,380.58,64.69,113.21
561.53,382.91,64.765,113.34
562.74,384.02,65.051,113.84
565.67,383.42,65.308,114.29
568.66,383.9,65.4,114.45
569.99,387.05,65.785,115.12
570.25,391.41,65.974,115.46
568.03,393.93,66.23,115.9
558.07,393.7,66.475,116.33
548.1,394.94,66.66,116.65
536.14,399.62,66.851,116.99
532.96,406.88,66.449,116.29
542.02,413.28,66.426,116.25
554.95,419.26,66.766,116.84
558.91,426.06,67.042,117.32
554.59,431.28,67.62,118.33
520.31,429.15,68.285,119.5
504.67,421.77,68.272,119.48
494.31,413.63,68.103,119.18
485.1,408.64,67.834,118.71
478.22,408.3,67.517,118.16
471.23,409.7,67.452,118.04
467.08,414.92,67.32,117.81
463.31,421.58,67.433,118.01
461.33,427.6,67.588,118.28
459.43,432.15,67.683,118.44
458.61,436.92,68.064,119.11
459.07,440.22,68.516,119.9
459.61,442.23,69.171,121.05
458.23,441.36,69.701,121.98
455.37,440.64,70.199,122.85
452.1,442.7,70.344,123.1
450.64,448.97,70.055,122.6
449.3,456.14,69.815,122.18
445.26,458.17,69.855,122.25
442.72,457.18,70.089,122.66
439.23,455.62,70.316,123.05
435.7,453.18,70.681,123.69
434.66,450.18,71.066,124.37
431.72,444.04,71.405,124.96
426.16,438.73,71.888,125.8
421.31,432.15,72.285,126.5
419.54,427.43,72.965,127.69
418.2,422.21,73.273,128.23
418.83,416.11,73.527,128.67
418.46,411.67,73.734,129.04
418.44,410.19,73.857,129.25
417.25,410.03,73.84,129.22
412.65,411.91,73.97,129.45
409.12,413.65,73.985,129.47
406.72,414.64,74.278,129.99
404.44,414.87,74.495,130.37
403.42,411.67,74.651,130.64
399.81,407.98,75.201,131.6
393.26,405.09,75.929,132.88
384.13,403.38,76.193,133.34
372.7,403.19,76.373,133.65
363.69,402.89,76.831,134.45
356.88,402.54,77.131,134.98
352.99,403.16,77.574,135.75
346.57,406.75,77.352,135.37
332.7,416.35,76.99,134.73
324.69,428.15,76.811,134.42
316.08,437.4,76.975,134.71
308,444.63,77.101,134.93
303.08,446.56,77.186,135.08
303.64,446.81,77.674,135.93
315.05,444.98,78.366,137.14
328.39,443.97,78.677,137.68
340.88,445.61,79.087,138.4
348.22,446.59,79.352,138.87
351.91,448.99,79.65,139.39
352.27,449.02,79.466,139.06
352.03,450.18,78.936,138.14
350.13,449.93,78.86,138
348.69,449.22,79.327,138.82
347.75,448.27,79.613,139.32
347.92,448.47,79.68,139.44
350.32,449.86,79.892,139.81
351.32,451.39,80.478,140.84
351.76,451.53,81.148,142.01
352.58,451.01,81.364,142.39
353.38,450.22,81.652,142.89
353.93,450.51,82.36,144.13
353.56,452.37,82.538,144.44
351.12,454.92,82.634,144.61
347.81,459.02,82.384,144.17
345.95,462.53,82.087,143.65
348.64,463.91,82.022,143.54
363.96,466.13,82.337,144.09
379.56,466.06,82.015,143.53
384.2,464.43,81.922,143.36
380.14,461.84,82.485,144.35
370.49,457.8,83.09,145.41
355.99,452.83,83.418,145.98
343.06,448.13,83.743,146.55
324.45,443.33,84.291,147.51
315.89,440.83,85.096,148.92
308.88,441.26,86.088,150.65
298.92,441.68,86.481,151.34
287.26,442.98,86.93,152.13
274.59,445.35,87.179,152.56
266.75,448.37,86.834,151.96
258.55,452.35,87.189,152.58
252.26,456.34,86.96,152.18
246.21,460.42,87.347,152.86
238.36,463.55,88.253,154.44
234.19,465.58,88.754,155.32
230.4,467.79,89.631,156.85
226.56,469.74,90.381,158.17
225,472.93,90.725,158.77
223.48,475.65,91.369,159.9
220.61,478.57,91.676,160.43
216.15,481.73,92.358,161.63
211.1,485.31,92.36,161.63
