385.5,350.5,278,173
379.62,354.58,277.75,172.85
379.44,355.78,277.11,172.45
380.34,355.9,278.31,173.19
380.49,355.68,279.02,173.63
378.52,355.93,279,173.63
378.68,356.7,278.92,173.58
379.51,356.57,278.65,173.41
379.35,356.88,279.73,174.08
378.78,356.74,280.43,174.52
378.93,357.16,278.48,173.3
378.38,356.64,279.23,173.77
377.05,355.6,280.4,174.49
378.95,357.38,279.91,174.19
378.63,356.96,279.74,174.08
378.91,356.66,280.05,174.27
378.42,356.54,280.3,174.43
377.84,357.26,280.61,174.62
376.27,356.59,281.16,174.97
376.48,356.55,281.04,174.89
374.9,355.74,280.3,174.43
376.16,357.39,280.9,174.81
376.55,356.99,280.62,174.63
376.66,356.21,280.98,174.86
377.56,356.41,279.88,174.17
378.36,356.49,279.81,174.12
378.12,356,279.94,174.21
378.09,356.29,279.73,174.08
378.16,356.48,279.32,173.82
378.35,356.1,279.3,173.81
377.27,354.95,280.15,174.34
378.86,357.14,279.33,173.83
376.59,355.45,280.22,174.38
377.97,357.35,279.78,174.11
378.28,357.55,279.44,173.9
377.04,355.55,280.22,174.38
378.17,357.19,279.59,173.99
378.27,356.37,279.51,173.94
376.76,355.57,280.32,174.44
378.66,357.47,279.69,174.05
377.94,356.36,279.98,174.23
377.09,356.74,279.86,174.16
377.12,356.39,280.22,174.38
378.37,357.54,279.76,174.09
378.8,357.57,279.4,173.87
377.11,355.25,280.58,174.61
379.02,356.13,279.95,174.22
379,355.75,279.74,174.08
378.84,355.2,280.18,174.36
379.44,357.34,280.12,174.32
379.07,357.13,280.26,174.41
378.93,356.76,280.19,174.37
379.28,356.01,280.24,174.4
378.61,356.54,280.05,174.28
378.29,356.25,280.42,174.51
377.51,356.19,280.69,174.68
378.7,356.36,280.11,174.32
379.27,356.42,280.38,174.48
378.26,356.44,280.91,174.81
379.36,356.79,280.28,174.42
380.53,356.84,280.27,174.41
381.55,357.02,280.5,174.56
379.64,356.46,280.67,174.66
379.39,356.44,280.55,174.59
379.76,356.73,280.49,174.55
378.5,356.49,280.9,174.8
377.74,356.4,281.16,174.97
377.21,355.22,280.72,174.69
378.27,356.37,280.38,174.48
379.84,356.78,280.32,174.44
379.51,356.83,280.22,174.38
379.3,356.82,280.14,174.33
379.33,356.96,280.01,174.25
379.08,356,279.97,174.23
378.35,356.29,280.29,174.43
377.95,356.88,280,174.24
376.85,355.61,280.78,174.73
376.27,356.44,280.28,174.42
377.14,356.71,280.29,174.42
377.69,357.19,280.61,174.63
377.29,356.76,279.83,174.14
377.21,356.29,279.32,173.82
375.9,355.3,279.77,174.1
376.43,356.52,279.16,173.72
378.21,356.51,279.57,173.98
377.81,356.03,279.81,174.13
377.99,356.17,279.68,174.05
378.42,356.19,279.52,173.94
376.99,355.57,279.58,173.98
377.57,356.42,279.86,174.16
376.65,356.26,279.92,174.2
376.69,355.8,279.54,173.96
375.84,354.94,279.87,174.17
375.67,355.76,279.73,174.07
377.05,356.41,279.9,174.18
376.67,355.52,279.81,174.13
376.53,355.72,279.95,174.21
376.86,355.34,279.86,174.16
376.48,355.71,279.99,174.24
376.5,356.38,280,174.25
376.53,355.98,279.35,173.84
375.1,355.12,279.56,173.97
374.89,356.07,279.38,173.86
374.39,355.74,279.46,173.91
375.6,355.94,279.8,174.12
376.91,355.83,279.51,173.94
376.82,355.43,279.03,173.64
377.14,356.64,279.18,173.73
377.61,356.2,279.39,173.86
377.39,356.62,279.22,173.76
376.97,355.12,280.21,174.38
378.08,356.29,280.18,174.36
378.87,356.16,280.46,174.53
377.55,355.3,280.98,174.86
377.29,355.24,280.43,174.51
377.39,355.92,280.64,174.64
377.87,355.73,280.45,174.53
377.62,355.54,280.39,174.49
378.74,356.24,280.37,174.47
379.39,356.31,280.23,174.39
378.19,356.1,280.41,174.5
377.89,356,279.7,174.06
378.01,355.33,279.77,174.1
377.79,355.45,280.02,174.26
378.07,355.42,279.86,174.16
377.48,354.79,280.35,174.46
377.97,356.3,279.93,174.2
377.02,355.33,280.56,174.59
376.95,355.67,280.89,174.8
377.66,355.66,280.68,174.67
377.69,356.03,279.78,174.11
377.94,355.92,279.56,173.97
377.87,355.7,279.78,174.11
377.59,355.43,280.2,174.37
379.45,357.35,280.1,174.31
379.33,356.61,279.78,174.11
378.35,355.59,280.47,174.54
377.55,356.12,280.9,174.81
377.84,355.56,280.92,174.82
377.6,356.63,280.79,174.74
377.67,356.64,280.61,174.62
378.24,355.85,280.28,174.42
378.4,356.46,280.22,174.38
378.39,356.9,280.34,174.46
379.37,357.3,280.26,174.4
379.01,356.75,280.3,174.43
378.97,357.14,280.25,174.4
379.18,357.3,280.01,174.25
378.17,355.97,279.96,174.22
378.37,356.3,280.25,174.4
378.47,356.93,280.28,174.42
378.17,356.69,280.29,174.42
378.53,356.7,280.08,174.3
378.57,356.53,280.29,174.43
379.52,356.89,279.97,174.23
378.28,355.79,280.09,174.3
378.61,356.73,280.09,174.3
379.44,356.38,280.29,174.42
379.6,356.74,279.86,174.16
379.59,356.43,279.83,174.14
378.18,356.01,279.52,173.94
376.68,355.32,280.1,174.31
378.24,357,279.98,174.23
377.69,356.06,280.13,174.32
379.49,357.37,280.02,174.26
378.44,355.79,279.82,174.13
378.18,356.08,279.7,174.06
378.07,355.5,280.18,174.36
378.63,356.87,279.86,174.16
378.89,356.31,280.22,174.38
379.44,356.84,279.94,174.2
378.52,355.6,280.39,174.49
378.34,357.15,280.22,174.38
379.24,356.87,279.69,174.05
379.24,356.53,279.52,173.95
377.65,355.44,279.98,174.23
378.3,355.43,280.08,174.29
379.26,356.73,280.15,174.34
380.23,356.65,280.13,174.32
380.76,356.73,280.47,174.54
379.3,356,280.38,174.48
380.37,356.47,280.2,174.37
380.55,356.09,280.19,174.36
380.28,356.11,280.34,174.46
380.45,356.85,280.09,174.3
380.42,356.5,280.27,174.41
380.27,355.87,280.85,174.77
380.21,355.78,280.37,174.48
381.01,356.38,280.37,174.48
381.8,356.75,280.4,174.49
381.6,356.97,279.84,174.15
381.11,355.87,279.6,174
380.62,355.81,279.99,174.24
380.34,355.93,279.95,174.21
380.37,356.3,280.26,174.41
380.51,356.19,280.33,174.45
380.24,356.87,280.1,174.3
380.1,356.73,280.38,174.48
379.73,355.91,280.8,174.74
379.41,356.32,280.19,174.36
379.59,356.4,280.34,174.46
379.62,356.17,280.05,174.28
379.13,355.65,279.86,174.16
379.33,355.78,279.6,174
378.64,355.66,280.72,174.69
378.41,356.03,280.33,174.45
378.16,356.47,280.35,174.46
377.64,356.47,280,174.24
376.91,355.65,279.6,174
376.56,356.41,279.88,174.17
376.91,355.86,279.51,173.94
375.75,355.01,280.13,174.32
376.91,356.46,279.86,174.16
376.54,355.8,279.57,173.98
377.47,355.86,280.06,174.28
378.16,355.49,279.67,174.04
378.1,355.54,279.87,174.16
378.61,355.66,279.6,173.99
377.84,355.47,280.24,174.39
378.53,357.4,279.94,174.21
377.34,355.53,280.28,174.42
377.68,356.19,280.17,174.35
378.48,356.35,279.46,173.91
376.64,354.52,280.12,174.32
378.53,356.4,279.93,174.2
377.67,355.36,280.07,174.29
378.07,356.16,279.8,174.12
377.97,355.28,279.84,174.15
377.52,355.3,280,174.25
377.56,355.92,279.88,174.17
377.09,355.26,280.21,174.38
377.01,356.24,280.12,174.32
377.71,356.28,279.52,173.95
375.35,355.2,279.67,174.04
376.49,356.37,280.02,174.26
377.19,355.62,279.97,174.23
377.68,356.11,279.89,174.18
378.07,355.8,279.94,174.2
379.63,355.49,280.3,174.43
380.44,356.53,281.12,174.94
379.46,355.15,280.36,174.47
380.51,356.29,281.46,175.15
380.73,355.57,280.07,174.29
380.51,356.52,281.1,174.93
380.16,355.17,280.68,174.67
378.61,356.08,281.63,175.26
379.57,355.52,280.4,174.49
379.4,356.5,281.02,174.88
378.66,354.85,280.79,174.74
380.18,356.18,280.64,174.64
380.88,354.64,280.62,174.63
383.34,353.12,279.45,173.9
385.82,350.73,278.23,173.14
391,349.92,276.09,171.81
396.7,346.37,273.61,170.27
402.07,344.92,271.35,168.86
408.08,341.45,267.44,166.43
413.57,336.5,263.32,163.86
421.36,333.78,261.89,162.97
429.31,327.41,257.38,160.17
436.59,322.17,255.99,159.3
445.3,316.94,252.21,156.95
453.32,310.71,248.28,154.5
463.01,301.03,246.29,153.27
470.44,295.54,244.12,151.92
481.85,290.34,237.94,148.07
489.85,282.11,231.08,143.8
498.95,275.18,226.1,140.7
505.92,264.57,225.58,140.38
514.37,255.34,222.27,138.32
524.25,244.44,217.98,135.65
529.59,239.1,211.57,131.66
538.04,229.22,207.15,128.91
539.91,225.17,199.82,124.35
547.22,217.46,194.57,121.08
551.78,208.9,188.44,117.26
557.09,202.4,183.16,113.98
558.41,194.46,177.79,110.64
560.99,188.93,173.93,108.24
562.65,181.7,169.69,105.6
562.97,173.3,166.05,103.33
569.83,166.03,162.55,101.15
571.08,159.69,161.09,100.25
572.19,153.45,158.66,98.735
573.39,147.39,156.22,97.213
573.93,140.59,153.01,95.218
579.4,135.41,151.36,94.194
577.35,128.8,149.19,92.844
582,125.75,148.21,92.233
579.5,201.45,147.99,92.095
573.76,221.83,147.36,91.7
575.9,209.35,146.51,91.174
569.32,207.86,145.65,90.641
567.81,205.81,144.63,90.004
563.42,201.15,144.15,89.707
559.86,197.81,143.19,89.107
554.67,191.75,142.99,88.982
552.25,188.75,141.52,88.067
547.11,184.46,140.29,87.3
542.72,178.58,139.55,86.845
541.14,173.16,139.12,86.575
539.25,171.29,139.03,86.518
536.91,169.05,138.74,86.339
530.03,169.21,139.14,86.585
524.51,164.94,139.98,87.112
537.52,137.72,140.46,87.407
523.48,137.91,140.08,87.171
514.88,139.17,139.87,87.04
501.43,150.32,139.71,86.941
507.49,135.74,139.02,86.514
500.4,133.54,139.54,86.838
498.11,129.4,140.61,87.5
487.08,133.76,141.26,87.906
473.2,146.79,140.46,87.407
501.71,276.26,140.58,87.483
512.98,273.99,141.07,87.788
528.24,264.98,141.62,88.133
542.84,256.36,141.41,87.997
552.87,247.64,141.36,87.968
563.22,239.26,140.57,87.477
567.67,232.18,139.92,87.071
571.84,226.02,139.54,86.837
576.08,219.76,139.01,86.504
578.27,213.37,139.32,86.7
580.51,207.75,138.99,86.493
580.22,204.28,138.53,86.21
579.43,199.07,137.27,85.426
578.22,195.14,136.65,85.035
575.74,191.84,136.15,84.725
575.55,186.72,135.89,84.565
570.29,181.72,135.43,84.276
567.19,178.53,134.73,83.841
566.15,174.18,134.58,83.752
560.35,171.02,133.2,82.888
557.31,168.81,132.37,82.376
552.85,165.7,131.63,81.914
549.79,162.9,130.84,81.419
546.73,160.81,129.87,80.82
543.86,156.43,129.25,80.435
537.54,155.2,127.91,79.602
531.24,147.45,127.62,79.42
528.11,145.31,127.27,79.197
525.5,143.2,127.22,79.171
518.46,142.68,126.59,78.779
515.53,140.31,125.94,78.374
509.31,138.52,125.32,77.988
501.45,139.46,124.51,77.48
493.62,138.29,123.43,76.814
490.58,135.42,122.31,76.111
486.36,134.45,122.29,76.101
479.63,133.09,122,75.919
478.52,129.8,121.36,75.521
479.52,124.47,121.04,75.321
468.46,130.11,120.93,75.257
463.39,130.59,120.22,74.816
458.92,126.23,120.06,74.713
456.69,124.54,120,74.676
451.1,118.79,118.83,73.947
445.31,119.7,117.81,73.312
445.57,111.33,117.85,73.341
445.41,103.95,118.44,73.706
430.17,119.55,117.82,73.322
427.26,118.05,116.37,72.42
424.46,116.88,115.47,71.856
415.83,113.42,114.34,71.152
413.21,112.48,113.05,70.349
409.92,114.39,112.78,70.183
409.87,111.99,112.25,69.856
408.66,111.27,111.99,69.693
396.45,111.62,112.1,69.758
354.21,186.79,111.84,69.599
353.54,188.01,112.01,69.701
353.65,187.31,112.22,69.837
353.06,187.09,112.36,69.922
352.68,188.45,112.64,70.097
353.09,187.7,112.73,70.15
352.3,187.31,112.82,70.207
353.05,187.3,112.78,70.184
352.52,186.92,112.69,70.127
352.66,187.44,112.68,70.122
351.85,187.14,112.56,70.044
351.96,187.41,112.64,70.098
352.29,186.82,112.58,70.061
351.94,187.69,112.75,70.165
352.79,188.52,112.41,69.955
352.51,187.36,112.3,69.884
352.06,187.52,112.02,69.712
351.61,188.78,112.72,70.147
350.48,187.41,112.45,69.981
353.32,187.54,112.37,69.928
351.23,188.16,112.29,69.876
350.39,188.23,112.33,69.906
351.74,187.45,111.47,69.367
352.16,188.13,111.65,69.477
352.6,188.21,111.8,69.573
352.05,187.42,111.75,69.54
350.7,188.34,111.71,69.519
353.58,186.93,112,69.695
352.89,187.7,112.3,69.883
353.6,187.72,111.79,69.569
352.87,187.17,111.92,69.648
351.52,187.78,112.6,70.071
351.39,187.93,112.71,70.138
