372.5,437.5,55,57
369.05,415.44,54.235,56.208
361.21,399.45,55.068,57.07
331.9,367.74,53.958,55.92
325.8,352.77,54.622,56.608
294.56,342.37,55.222,57.23
323.8,322.79,55.236,57.245
311.57,323.98,55.247,57.256
295.46,325.69,55.11,57.114
288.39,329.2,55.08,57.083
285.59,332.66,55.165,57.171
284.17,334.95,54.984,56.984
240.74,356.18,55.025,57.026
239.69,359.44,55.102,57.106
281.9,337.07,54.96,56.959
289.2,363.04,55.021,57.022
266.4,390.27,54.985,56.984
229.51,363.52,55.441,57.457
217.44,364.03,55.854,57.885
228.89,367.74,55.92,57.953
225.11,367.92,56.332,58.381
221.16,367.7,56.725,58.787
217.08,367.31,57.139,59.217
215.65,366.46,57.31,59.394
217.1,366,56.97,59.042
217.46,365.57,56.972,59.044
216.04,365.71,57.214,59.294
213.52,365.86,57.059,59.134
220.07,366.6,56.637,58.696
210.03,370.08,56.798,58.864
209.08,370.28,57.103,59.18
208.67,369.51,57.118,59.196
207.8,368.45,57.293,59.376
208.15,367.97,57.324,59.408
208.2,367.57,57.272,59.354
208.27,367.93,57.677,59.774
208.27,367.92,57.965,60.073
208.06,367.7,58.108,60.221
208.39,368.06,58.101,60.214
208.44,367.51,58.283,60.402
207.78,367.55,57.982,60.09
208.14,368.1,57.716,59.815
208.5,368.43,57.304,59.388
208.74,368.78,57.34,59.425
208.92,366.63,57.062,59.137
208.97,365.05,56.898,58.967
208.19,367.59,57.091,59.167
208.14,370.25,57.441,59.53
208.07,370.2,57.672,59.769
207.75,369.43,58.041,60.151
208.32,369.01,58.011,60.121
208.21,368.26,58.679,60.813
208.2,367.21,58.481,60.608
208.95,367.27,58.596,60.726
209.94,366.78,58.336,60.457
210.32,366.5,58.224,60.341
211.52,365.94,57.934,60.041
212.97,365.77,58.035,60.146
214.75,365.62,58.241,60.358
215.49,364.26,58.35,60.472
217.3,363.63,58.357,60.479
218.12,363.13,57.993,60.102
218.61,362.68,58.14,60.254
218.43,362.13,58.08,60.192
219.06,362.35,58.125,60.239
218.38,362.18,58.165,60.281
218,362.45,58.074,60.185
218.28,363.18,58.281,60.4
217.79,363.26,58.393,60.516
218.6,364.31,58.628,60.76
218.1,364.63,58.613,60.744
217.46,365.07,58.752,60.889
216.18,365.27,58.576,60.706
214.91,365.82,58.574,60.704
213.9,366.43,58.37,60.493
213.47,366.84,58.54,60.669
212.37,366.99,58.621,60.752
211.09,366.83,58.565,60.695
210.07,366.73,58.134,60.248
208.6,367.03,58.022,60.132
207.26,367.36,58.198,60.315
205.65,367.41,58.095,60.207
203.19,367.75,58.144,60.258
200.31,368.18,58.024,60.134
199.21,368.67,57.566,59.66
198.33,368.3,57.514,59.606
197.39,367.83,57.626,59.722
197.82,368.36,57.416,59.504
205.99,366.79,57.699,59.797
208.02,365.87,58.067,60.179
208.5,365.44,58.001,60.11
205.64,366.59,57.592,59.686
206.34,366.11,57.201,59.281
190.75,369.63,56.939,59.01
200.34,365.93,57.128,59.205
205.19,365.4,56.986,59.058
196.37,367.54,56.931,59.002
199.58,367.29,56.709,58.771
200.53,367.23,56.182,58.225
199.1,366.13,56.06,58.098
198.58,364.98,55.638,57.662
195.56,365.13,55.376,57.389
200.56,365.84,55.701,57.726
199.06,366.73,55.714,57.74
197.45,367.78,55.475,57.492
197.51,369.14,54.989,56.989
196.87,369.9,54.92,56.917
196.47,370.34,54.945,56.943
193.38,370.13,55.067,57.069
191.37,370.86,55.28,57.29
187.83,371.74,55.352,57.365
193.11,370.01,55.439,57.454
202.06,371.74,55.15,57.155
198.44,373.33,54.648,56.635
231.24,362.17,55.449,57.465
233.52,358.6,55.915,57.949
233.13,360.59,56.243,58.289
232.72,360.61,56.376,58.426
191.56,371.44,56.229,58.273
190.12,372.36,56.411,58.463
196.64,375.1,56.546,58.602
198.29,374.51,56.404,58.455
197.48,374.12,56.053,58.091
196.07,376.2,56.202,58.246
200.97,373.01,55.791,57.82
204.45,371.84,55.418,57.433
204.86,372.48,55.101,57.105
203.81,372.12,55.346,57.359
205.05,372.35,55.353,57.366
205.33,372.3,55.444,57.46
204.63,373.16,55.554,57.574
203.57,372.97,55.845,57.876
203.05,373.06,56.088,58.127
201.75,372.67,56.814,58.88
200.85,371.47,57.471,59.561
201.88,371.81,57.45,59.539
203.18,373.05,57.788,59.889
203.24,373.18,58.112,60.226
201.47,372.83,58.371,60.493
198.97,372.05,58.453,60.579
197.49,372.31,58.543,60.672
195.2,372.23,58.592,60.723
193.33,371.98,58.545,60.673
191.92,372.5,58.471,60.597
189.95,372.86,58.528,60.656
188.41,373.49,58.432,60.557
186.47,373.84,58.554,60.683
184.11,373.76,58.643,60.776
182.01,373.67,59.122,61.272
180,373.44,59.721,61.893
178.7,374.14,59.834,62.009
177.71,374.83,59.695,61.866
175.74,374.83,59.539,61.704
174.17,375.13,59.595,61.762
173.18,375.29,59.639,61.807
172.54,375.47,59.72,61.892
172.65,375.84,59.595,61.762
172.13,375.37,59.563,61.728
172.07,375.36,59.693,61.864
172.26,375.38,59.628,61.796
172.49,375.31,59.53,61.695
172.62,375.26,59.486,61.649
173,375.43,59.322,61.479
173.61,375.75,59.252,61.406
173.76,375.53,59.394,61.554
174.27,375.54,59.421,61.581
174.69,375.59,59.361,61.52
174.94,375.72,59.264,61.419
174.91,375.55,59.366,61.525
175.62,375.79,59.737,61.909
175.92,375.62,60.052,62.236
175.83,375.32,59.981,62.162
175.94,375.51,59.975,62.155
175.84,375.66,59.939,62.119
175.9,376.2,59.791,61.965
176.14,376.69,59.645,61.814
176.04,376.48,59.309,61.466
176.71,377.2,59.265,61.42
176.53,377.03,59.334,61.491
176.52,377.43,59.419,61.58
176.15,377.98,59.362,61.52
175.43,378.65,59.525,61.689
174.45,379.15,59.389,61.549
174,380.08,59.401,61.561
173.27,381.24,59.497,61.661
172.06,382.29,59.396,61.556
171.23,383.46,59.265,61.42
166.26,385.27,58.608,60.74
164.1,385.88,58.644,60.777
160.07,386.24,58.904,61.046
157.25,388.26,59.048,61.196
155.14,388.34,59.569,61.736
147.2,389.85,59.327,61.484
148.46,389.87,59.358,61.517
149.48,389.59,59.588,61.755
142.5,388.95,59.641,61.81
147.52,388.56,59.38,61.539
123.46,367.53,58.902,61.044
121.57,346.22,58.68,60.814
112.54,303.33,58.291,60.41
104.52,290.74,57.816,59.919
109,288.67,57.215,59.295
115.08,286.71,57.16,59.239
108.21,276.27,56.773,58.837
128.84,285.41,57.048,59.122
138.47,284.75,57.23,59.311
144.43,283.01,57.11,59.187
152.06,280.99,57.252,59.334
159.09,276.1,56.884,58.953
168.19,274.45,56.831,58.897
176.69,270.53,57.1,59.176
184.7,266.51,57.578,59.672
190.45,261.23,57.52,59.612
197.92,258.63,57.403,59.49
198.62,249.01,57.158,59.236
203.26,245.05,56.666,58.726
202.16,216.23,56.771,58.836
228.37,249.64,56.615,58.674
235.75,246.05,56.571,58.628
246.3,245.35,56.57,58.627
258.5,242.79,56.581,58.638
267.62,240.38,56.633,58.693
271.49,235.24,56.619,58.678
277.73,231.13,56.744,58.807
283.39,227.99,56.706,58.768
290.22,224.8,56.483,58.537
296.91,222.28,56.484,58.538
304.28,222.05,56.381,58.431
311.72,221.51,56.513,58.568
316.79,220.19,56.465,58.518
322.5,214.75,56.624,58.683
328.39,212.42,56.901,58.97
333.15,209.44,56.988,59.06
343.12,209.75,57.269,59.351
339.76,198.13,56.675,58.736
347.62,196.92,56.458,58.511
363.88,189.91,56.792,58.857
380.06,191.68,56.902,58.972
379.45,181.92,56.954,59.026
388.92,177.9,57.277,59.359
403.55,173.01,56.968,59.04
416.15,169.01,56.861,58.929
432.92,166.56,56.702,58.764
444.26,160.53,56.538,58.593
449.78,149.19,56.064,58.102
467.8,143.22,55.497,57.515
475.15,138.42,55.503,57.521
485.94,133.85,55.761,57.788
494,129.33,55.684,57.708
501.84,126.56,55.693,57.718
510.38,125.67,55.533,57.553
520.15,125.35,55.69,57.715
528.63,123.47,56.09,58.13
534.43,121.55,56.199,58.242
540.99,117.67,56.426,58.478
550.6,111.33,56.529,58.585
556.98,103.81,56.31,58.357
567.51,97.191,56.53,58.585
577.31,86.618,56.443,58.496
586.07,79.175,56.369,58.419
598.81,74.803,56.425,58.477
610.6,69.276,56.447,58.499
613.23,61.684,56.349,58.398
624.97,56.755,56.333,58.381
642.76,51.363,56.561,58.618
657.78,43.506,56.891,58.96
686.15,31.353,56.688,58.749
703.09,23.758,56.895,58.964
684.42,28.615,56.654,58.714
700.87,20.788,56.336,58.384
718.29,11.594,55.992,58.028
726.27,5.5793,55.623,57.646
738.44,2.7125,55.209,57.217
728.25,2.9332,55.179,57.185
740.66,4.06,55.242,57.25
745.32,7.2438,55.701,57.726
755.88,6.6223,56.08,58.119
773.66,3.1243,55.875,57.907
785.26,3.8865,55.266,57.276
793.06,19.285,54.841,56.835
781.9,34.495,54.986,56.986
800.82,46.124,55.086,57.089
790.63,36.731,55.25,57.259
853.08,8.4916,55.531,57.551
881.59,12.128,55.238,57.246
874.79,14.933,55.336,57.348
873.98,12.307,55.214,57.221
887.26,12.15,55.126,57.131
887.7,11.634,54.84,56.835
887.71,10.98,54.709,56.699
887.36,10.88,54.569,56.553
887.52,9.6073,54.263,56.236
886.61,12.262,53.803,55.759
886.82,10.928,53.691,55.644
887.21,12.448,53.931,55.892
886.48,13.456,53.712,55.665
886.52,12.689,53.799,55.755
882.47,12.867,53.581,55.53
880.84,11.769,53.006,54.933
327.72,435.24,53.566,55.513
318.34,457.04,53.677,55.629
300.05,442.65,53.853,55.812
227.72,375.32,54.472,56.453
223.24,372.97,55.327,57.339
221.81,372.59,55.744,57.771
222.04,371.35,56.372,58.422
222.25,370.1,56.741,58.805
222.72,368.41,57.115,59.192
223.84,367.19,57.109,59.186
223.92,366.37,57.294,59.377
223.36,365.88,57.547,59.639
223.6,365.86,57.843,59.946
223.14,365.35,57.971,60.079
223.05,365.51,58.254,60.372
221.93,365.66,58.23,60.347
221.18,366.28,58.192,60.308
220.62,366.68,58.112,60.225
220.06,367.25,58.043,60.154
220.04,368.12,57.951,60.059
219.31,368.33,58.068,60.179
219.17,368.82,57.864,59.969
218.33,368.61,57.951,60.058
217.95,369.28,58.114,60.227
216.69,369.26,58.229,60.347
215.58,369.33,58.192,60.308
215.04,369.79,57.961,60.069
214.38,370.29,57.951,60.058
213.94,370.63,57.975,60.084
213.72,370.84,57.944,60.051
213.71,370.97,57.87,59.974
213.62,371.04,57.764,59.865
212.64,370.77,57.664,59.761
212.38,371.15,57.701,59.799
212.31,371.47,57.845,59.949
212.5,371.77,57.712,59.81
212.68,372.48,57.833,59.936
212.38,372.69,57.688,59.785
212.24,372.81,57.646,59.742
212.02,372.81,57.526,59.617
212.13,372.88,57.356,59.442
211.93,372.43,57.435,59.524
212.61,372.63,57.331,59.416
212.82,372.28,57.362,59.448
213.26,372.29,57.156,59.235
213.81,372.74,57.138,59.215
213.78,372.69,57.191,59.271
213.31,372.38,57.233,59.314
213.28,372.35,57.279,59.361
213.13,372.18,57.424,59.512
213.05,372.19,57.343,59.428
212.65,372.13,57.049,59.123
212.33,372.55,57.399,59.487
211.56,372.21,57.48,59.57
212.16,373.75,55.951,57.986
210.94,373.3,56.121,58.162
211.22,373.73,55.549,57.569
210.18,373.84,55.226,57.234
210.14,374.78,54.599,56.585
210,375.06,53.874,55.833
209.78,376.48,53.394,55.336
209.37,377.04,53.377,55.318
209.29,376.65,53.41,55.353
208.9,377.12,53.154,55.086
209.07,376.82,53.284,55.222
210.11,377.03,52.861,54.784
209.02,377.4,52.548,54.458
207.39,377.66,51.73,53.611
206.38,377.73,51.167,53.028
205.78,378.56,50.954,52.807
205.52,378.24,50.462,52.297
205.07,378.7,50.374,52.205
204.82,378.9,50.302,52.132
205.19,379.76,49.871,51.684
204.78,380.3,49.719,51.527
204.29,381.44,49.705,51.512
204.65,381.7,49.723,51.531
203.98,381.1,49.584,51.387
203.35,380.98,49.347,51.141
203.17,381.35,48.97,50.751
201.84,381.28,48.415,50.175
219.5,245.12,48.01,49.756
193.18,274.93,48.253,50.008
190.41,272.17,48.055,49.802
187.33,269.54,47.893,49.635
184.61,269.84,47.655,49.388
180.88,269.56,47.592,49.322
177.57,289.35,47.672,49.406
174.44,289.88,47.754,49.491
170.13,277.2,47.404,49.128
167.28,291.5,47.38,49.102
164.4,291.86,47.011,48.72
168.08,278.23,46.894,48.599
208.11,267.44,46.95,48.657
207.6,270.09,47.799,49.538
194.43,266.33,47.277,48.996
189.02,265.27,46.758,48.459
191.49,267.17,46.286,47.97
189.18,267.43,46.006,47.679
187.77,267.21,45.766,47.431
186.27,289.99,45.799,47.464
183.86,291.22,45.959,47.631
180.06,292.59,46.017,47.69
178.21,292.85,46.048,47.723
176.4,293.37,46.123,47.8
175.28,295.37,46.256,47.938
174.15,296.56,46.574,48.268
174.69,297.19,46.641,48.337
176.05,297.36,46.921,48.628
171.6,269.38,46.868,48.572
170.6,269.83,46.977,48.685
168.76,269.98,47.078,48.79
165.91,268.57,47.155,48.87
164.52,269.46,47.618,49.349
162.74,266.88,47.839,49.579
164.62,267.85,48.276,50.031
165.74,266.31,48.333,50.091
170.68,263.14,47.843,49.582
176.35,263.45,47.945,49.689
182.13,261.64,47.805,49.544
187.88,260.31,47.72,49.456
190.87,284.61,47.786,49.524
194.15,280.89,47.813,49.551
197.97,277.49,47.865,49.606
202.07,272.77,47.744,49.481
205.28,266.41,48.153,49.904
208.95,263.68,48.308,50.065
217.3,258.49,47.952,49.696
220.63,257.99,48.04,49.787
224.21,258.09,48.203,49.956
225.87,259.23,48.357,50.115
228.83,260.5,49.257,51.049
231.03,256.68,48.967,50.748
234.87,256.95,48.681,50.452
239.29,257.33,48.52,50.285
243.68,257.99,48.519,50.283
248.45,259.31,48.53,50.294
257.66,262.32,48.604,50.371
264.49,263.72,48.578,50.344
272.79,267.38,48.417,50.178
275.29,267.15,48.412,50.172
273.56,265.35,48.293,50.049
273.6,262.98,48.44,50.201
274.81,262.35,48.273,50.028
276,262.47,48.152,49.903
276.73,262.28,48.022,49.769
278.35,262.65,48.169,49.921
280.91,262.62,48.1,49.849
283.77,262.19,47.798,49.536
287.26,261.91,47.58,49.31
289.97,261.45,47.233,48.951
291.59,261.12,46.766,48.467
293.01,261.25,46.41,48.097
294.97,261.63,46.612,48.307
296.44,262.02,46.43,48.119
297.83,262.96,46.652,48.349
299.99,264.31,46.651,48.348
302.83,267.25,47.088,48.8
303.29,269.79,47.474,49.201
304.56,272.91,47.999,49.744
305.81,275.65,48.425,50.186
308.33,276.47,48.443,50.205
315.33,300.78,48.21,49.963
308.02,286.35,48.411,50.171
306.07,287.51,48.214,49.967
300.9,286.59,47.867,49.607
296.29,287.91,47.921,49.664
290.2,315.31,47.864,49.605
284.86,313.14,48.328,50.085
282.89,307.67,47.757,49.493
283.04,302.25,47.167,48.882
284.1,297.95,46.736,48.436
286.1,297.5,46.375,48.061
288.69,297.62,46.144,47.821
282.09,282.99,46.34,48.025
282.39,282.77,46.532,48.224
284.95,283.31,46.479,48.169
288.86,283.21,46.331,48.016
293.46,284.27,46.061,47.736
296.29,285.66,46.165,47.844
291.95,285.88,46.242,47.923
293.13,286.25,46.092,47.768
295.98,286.9,45.699,47.36
298.79,287.35,45.382,47.033
303.48,288.25,44.894,46.527
307.12,289.68,44.494,46.112
310.68,291.2,44.21,45.817
314.7,292.72,43.789,45.382
317.59,293.98,43.283,44.857
319.2,294.76,42.863,44.421
321.66,295.1,42.233,43.768
324.93,295.58,41.682,43.197
331.3,299.05,41.548,43.058
334.67,301.9,41.493,43.002
336.42,304.91,41.575,43.087
338.31,307.67,41.686,43.202
339.59,311.04,41.928,43.453
339.51,313.81,42.205,43.74
339.37,313.78,42.428,43.971
338.92,314.28,42.951,44.513
338.17,314,43.5,45.082
337.37,311.09,43.96,45.558
338.23,308.2,44.308,45.919
337.16,306.35,44.8,46.429
335.29,304.82,44.978,46.613
333.1,303.59,44.998,46.635
332.45,302.55,44.766,46.394
332.36,302.82,44.786,46.414
333.05,303.85,44.756,46.384
333.77,305.86,44.907,46.54
335.59,308.64,45.318,46.966
337.69,311.14,45.458,47.111
345.38,323.24,45.488,47.142
349.33,322.9,45.272,46.919
354.36,309.26,45.087,46.727
356.15,310.98,44.872,46.504
357.28,313.14,44.576,46.197
358.44,315.66,44.319,45.93
359.58,317.11,44.039,45.64
359.71,318.18,43.836,45.43
359.57,320.2,43.626,45.213
359.17,320.89,43.23,44.802
357.24,322.85,43.155,44.724
354.24,324.87,43.111,44.679
351.15,326.22,43.259,44.832
347.73,328.02,43.158,44.727
344.46,330.02,43.29,44.864
337.84,331.03,43.155,44.724
332.79,331.33,43.442,45.021
327.28,330.64,43.65,45.238
322.37,329.5,43.464,45.045
319.03,329.17,43.361,44.938
314.69,327.74,43.239,44.811
311.91,326.79,43.015,44.579
310.57,325.03,42.812,44.369
309.01,323.27,42.663,44.214
308.15,321.53,42.377,43.918
307.14,320.23,42.278,43.816
305.57,318.62,42.132,43.664
304.59,318.09,42.125,43.657
304.29,317.49,42.148,43.681
305.99,317.65,42.13,43.662
308.52,318.6,42.214,43.749
311.3,321.02,42.569,44.117
313.54,322.95,42.947,44.509
315.97,324.77,43.117,44.685
318.01,326.08,43.367,44.944
318.95,326.25,43.572,45.157
320.5,326.89,43.582,45.167
321.91,326.83,43.515,45.097
324.13,326.56,43.415,44.994
325.48,326.37,43.38,44.958
326.14,326.2,43.137,44.705
327.43,326.29,42.925,44.486
327.9,326.36,42.742,44.296
328.52,326.45,42.335,43.874
328.63,326.65,42.423,43.966
328.55,327.24,42.437,43.98
328.52,328.46,42.677,44.228
328.11,329.28,43.08,44.647
326.7,330.18,43.624,45.21
324.68,330.67,44.271,45.881
322.54,330.79,44.503,46.121
320.33,330.5,44.075,45.678
318.42,329.83,43.524,45.107
317.19,329.48,43.388,44.966
316.12,328.89,43.106,44.673
315.66,328.21,43.116,44.683
315.42,327.48,43.027,44.592
315.69,326.24,43.043,44.608
316.27,325.21,42.824,44.381
316.55,323.52,42.839,44.397
317.1,322.68,42.784,44.34
318.46,322.13,42.738,44.292
320.8,322.03,42.799,44.355
323.27,322.35,43.238,44.811
325.89,323.32,43.759,45.351
328.43,324.25,44.292,45.902
333.01,325.48,44.642,46.265
335.09,325.31,44.568,46.189
337.42,324.9,44.547,46.167
339.76,324.75,44.534,46.154
342.13,324.47,44.469,46.086
344.88,324.61,44.084,45.687
345.65,323.97,43.996,45.596
346.24,324.24,43.949,45.547
346.6,324.45,43.794,45.386
347.02,325.07,43.921,45.518
348.59,325.99,44.138,45.743
349.44,326.47,44.172,45.779
349.6,326.89,44.374,45.988
348.17,327.74,44.682,46.307
345.43,328.48,44.978,46.614
342.71,329.13,45.42,47.072
340.74,329.73,45.93,47.6
339.27,330.54,46.488,48.178
337.71,331.41,46.731,48.43
335.42,331.39,46.967,48.675
332.5,331.71,46.803,48.505
330.16,330.43,46.21,47.89
329.1,329.71,45.979,47.651
328.09,328.84,45.652,47.312
327.48,327.96,45.633,47.292
325.93,327.24,45.47,47.123
324.2,325.73,45.161,46.804
323.26,325.44,45.219,46.863
323.17,325.56,45.302,46.95
322.81,325.17,45.488,47.143
323.52,324.98,45.39,47.041
325.17,325.33,45.619,47.278
326.91,325.94,46.098,47.774
328.65,326.45,46.676,48.374
330.8,327.44,46.662,48.359
333.05,328.73,46.688,48.386
333.96,329.32,46.776,48.477
334.69,329.57,46.532,48.224
336.01,330.64,46.452,48.141
336.55,330.76,46.178,47.857
337.41,331.18,45.703,47.365
338.43,332,45.28,46.926
338.91,332.12,44.561,46.182
339.51,331.91,43.582,45.167
339.91,332.14,43.168,44.737
340.17,331.44,42.7,44.253
339.47,330.31,42.25,43.786
338.51,329.53,41.997,43.525
338.53,328.94,41.778,43.297
338.38,329.28,41.432,42.939
339.58,328.68,41.171,42.668
340.37,327.42,41.162,42.659
340.86,326.3,41.332,42.835
341.81,326.42,41.783,43.303
341.39,326.18,42.513,44.058
341.97,326.62,43.418,44.997
343.17,326.94,44.225,45.834
343.35,326.02,44.876,46.508
343.99,325.26,45.77,47.435
344.35,323.07,46.438,48.127
343.33,319.54,46.738,48.438
343.35,318.42,47.212,48.929
342.73,316.45,47.311,49.031
342.24,315.67,47.318,49.039
341.58,315.27,47.459,49.184
341.25,314.83,47.588,49.319
341.33,313.72,47.722,49.457
340.6,312.09,47.745,49.481
339.8,310.56,47.976,49.721
339.37,309.26,48.053,49.801
337.76,306.24,48.046,49.794
337.01,304.01,48.019,49.765
335.89,301.72,47.987,49.732
334.41,299.19,47.645,49.377
332.11,295.26,47.146,48.86
329.09,292.64,47.015,48.725
325.43,290.4,46.914,48.62
320.43,288.16,46.642,48.338
316.4,285.99,46.468,48.158
312.26,284.26,46.259,47.941
307.74,282.54,46.397,48.085
302.4,281.92,46.29,47.973
297.84,282.28,46.027,47.7
293.92,283.32,45.86,47.527
290.63,284.19,45.732,47.395
289.09,284.75,45.439,47.092
288.39,284.38,45.27,46.916
291.58,283.08,45.291,46.938
296.16,280.42,45.196,46.839
300.83,277.95,44.925,46.558
304.97,272.74,44.517,46.136
317.03,284.65,44.317,45.929
320.06,277.31,44.343,45.956
323.38,282.45,44.191,45.798
322.31,278.04,43.833,45.427
321.45,266.68,43.612,45.198
321.96,264.94,43.678,45.267
378.22,344.43,43.564,45.148
373.75,329.08,43.826,45.42
377.82,320.53,43.663,45.251
374,310.72,43.746,45.336
369.91,300.98,43.902,45.499
368.59,296.7,44.466,46.083
368.35,293.07,44.767,46.394
371.02,292.74,44.883,46.515
373.79,293.75,44.924,46.558
378.28,294.8,44.794,46.423
379.82,291.45,44.964,46.599
381.81,285.87,44.932,46.566
378.83,277.24,45.029,46.667
378.5,270.79,44.658,46.282
379.09,264.59,44.387,46.001
381.53,261.4,44.239,45.847
383.07,261.3,43.93,45.527
382,262.16,43.686,45.274
387.43,256.1,43.579,45.163
388.22,256.87,43.522,45.105
387.83,250.82,43.336,44.912
362.65,244.35,43.025,44.59
330.84,265.82,43.039,44.604
329.91,265.9,43.126,44.694
328,265.71,43.151,44.72
325.07,266.46,43.214,44.785
321.77,267.09,43.188,44.758
317.58,267.51,43.394,44.972
313.39,267.79,43.534,45.117
307.77,267.79,43.62,45.206
302.64,267.43,43.874,45.469
297.41,267.48,44.098,45.702
292.72,267.29,44.099,45.703
289.51,267.23,44.123,45.727
285.29,267.3,44.211,45.819
281.59,267.3,44.28,45.89
277.81,267.14,44.373,45.987
274.92,267.54,44.326,45.938
271.8,267.73,44.279,45.889
268.96,267.66,44.184,45.791
267.72,268.49,43.914,45.511
267.08,269.09,43.822,45.415
265.56,270.1,43.719,45.309
264.37,270.64,43.527,45.11
262.69,271.22,43.531,45.114
260.61,272.03,43.435,45.015
258.77,272.47,43.479,45.06
257.15,273.18,43.401,44.979
255.54,273.3,43.287,44.861
253.31,273.18,43.606,45.191
288.49,242.26,43.426,45.005
284.56,241.96,43.049,44.614
280.32,241.79,42.78,44.335
276.24,241.5,42.535,44.082
272.04,242.28,42.368,43.909
268.56,242.46,42.171,43.704
265.6,242.47,41.936,43.461
262.8,242.34,41.781,43.3
261.27,242.08,41.667,43.182
259.79,241.7,41.384,42.888
259.44,241.5,41.285,42.786
258.62,241.78,41.125,42.62
257.59,242.03,40.85,42.335
256.31,242.34,40.713,42.193
254.21,242.43,40.58,42.056
253.4,242.62,40.729,42.21
252.83,242.47,40.523,41.997
252.53,243.36,40.602,42.078
250.6,244.44,40.497,41.969
248.08,246.27,40.528,42.002
245.83,247.52,40.442,41.913
243.26,248.2,40.374,41.843
241.03,249.55,40.467,41.938
238.99,251.41,40.324,41.79
235.87,253.3,40.393,41.862
233.35,253.53,40.499,41.972
232.7,253.86,40.537,42.011
232.07,253.86,40.581,42.057
233.3,253.78,40.733,42.214
236.44,254.18,40.737,42.219
239.96,253.99,40.862,42.348
245.2,253.8,41.243,42.743
251.19,253.54,41.533,43.044
257.03,252.79,41.91,43.434
264.55,252.3,41.759,43.277
270.09,251.93,41.823,43.344
276.07,251.51,41.704,43.22
282.15,250.77,41.567,43.078
288.33,249.63,41.424,42.93
296.11,249.26,41.382,42.887
302.37,248.94,41.66,43.175
308.74,248.29,41.827,43.348
315.42,247.82,41.993,43.52
321.45,246.86,42.047,43.576
329.95,246.77,41.841,43.362
336.37,246.33,41.818,43.339
342.67,245.61,41.71,43.226
349.69,245.78,41.492,43
356.06,245.67,41.267,42.768
360.73,245.39,41.009,42.5
326.68,266.44,41.282,42.784
333.65,265.84,41.689,43.205
339.81,265.21,42.028,43.556
346.15,263.56,42.312,43.851
353.09,261.84,42.581,44.129
358.91,260.71,42.877,44.436
364.48,260.18,42.864,44.423
369.48,259.37,42.993,44.556
373.7,258.99,42.927,44.488
377.35,258.25,42.746,44.3
379.16,258.31,42.523,44.069
380.35,258.91,42.5,44.045
382.36,258.22,42.394,43.936
383.73,257.58,42.314,43.853
384.49,256.7,42.358,43.898
385.13,255.75,42.341,43.881
384.73,254.53,42.489,44.034
383.21,253.33,42.646,44.196
382.17,252.63,42.932,44.493
380.46,253.07,43.192,44.763
377.69,255.88,43.228,44.8
375.05,260.34,43.42,44.998
371.86,267.38,43.397,44.975
367.74,272.17,43.448,45.028
363.55,277.48,43.437,45.017
360.79,255.87,43.325,44.901
357.84,264.5,43.19,44.76
355.99,275.46,43.093,44.66
356,261.18,42.852,44.41
354.83,260.82,42.658,44.209
353.22,261.8,42.484,44.029
353.67,261.57,42.233,43.769
355.42,260.93,42.131,43.663
357.61,259.55,41.972,43.498
360.75,257.99,41.914,43.438
363.08,256.67,41.901,43.425
364.7,255.62,41.865,43.388
365.99,254.97,41.797,43.317
366.64,254.63,41.819,43.339
367.05,254.71,41.68,43.196
367.28,254.93,41.523,43.033
368.11,255.43,41.46,42.968
368.79,256.73,41.311,42.813
369.29,257.52,41.204,42.702
373.9,279.11,41.219,42.718
374.86,259.95,41.08,42.574
370.75,283.76,40.83,42.315
373.53,255.48,40.446,41.917
377.11,252.67,39.988,41.443
381.29,250.84,39.693,41.137
384.52,248.93,39.344,40.775
386.45,247.18,38.971,40.388
387.81,246.21,38.529,39.93
387.19,244.77,38.318,39.711
385.46,243.91,38.331,39.725
381.61,242.45,38.626,40.031
376.35,241.8,39.067,40.488
368.89,241.05,39.648,41.089
