70.5,467.5,25,61
69.547,465.01,24.774,60.447
68.801,463.38,24.954,60.889
51.818,443.75,25.144,61.351
45.78,435.49,24.719,60.315
47.665,432.85,24.345,59.403
52.399,431.1,24.602,60.03
53.109,430.64,24.507,59.797
44.127,427.08,24.401,59.538
39.397,426.81,24.52,59.828
36.602,427.13,24.178,58.993
36.739,428.46,23.975,58.499
38.37,432.55,24.004,58.569
41.077,438.55,23.978,58.506
44.304,440.81,23.968,58.483
49.568,440.57,23.69,57.803
55.752,439.04,23.704,57.838
60.928,437.68,23.525,57.402
68.245,436.04,23.83,58.144
71.392,435.71,23.765,57.987
78.051,437.11,23.651,57.708
81.833,438.37,24.03,58.634
85.115,440.08,24.236,59.136
90.791,448.37,24.594,60.01
96.503,454.23,24.901,60.759
103.5,460.97,24.804,60.522
108.72,464.81,24.838,60.604
111.12,468.29,24.966,60.916
109.03,476.04,24.777,60.457
106.53,480.3,24.727,60.334
104.99,486.63,24.647,60.14
105.6,489.43,24.558,59.921
107.37,490.82,24.811,60.539
117.78,493.66,24.37,59.464
125.33,493.92,24.314,59.327
132.64,493.24,24.139,58.898
138.78,492.23,24.143,58.908
146.18,492.11,23.968,58.482
158.92,492.15,23.939,58.411
166.51,491.73,24.135,58.891
173.52,489.41,24.159,58.948
179.21,485.42,24.231,59.124
183.01,481.39,24.315,59.328
185.67,473.11,24.199,59.044
185.19,468.33,24.068,58.726
184.74,463.04,24.087,58.772
184.29,459.41,24.254,59.18
182.63,453.71,24.227,59.113
180.88,444.77,24.223,59.103
179.08,442.1,24.246,59.161
174.25,438.07,24.423,59.591
166.39,434.28,24.816,60.551
154.12,428.08,25.233,61.57
153.72,428.34,25.465,62.135
138.24,421.15,25.447,62.09
123.6,415.48,25.517,62.262
102.54,408.49,25.475,62.158
87.959,397.14,25.327,61.798
84.056,396.56,25.405,61.988
79.649,393.98,25.358,61.873
72.095,390.69,25.329,61.804
59.347,385.52,25.364,61.889
49.708,383.58,25.279,61.68
37.142,386.13,25.327,61.797
23.085,377.76,25.362,61.883
14.971,373.9,25.189,61.46
12.659,373.43,24.969,60.925
13.958,371.21,25.011,61.028
9.5075,367.37,25.307,61.748
30.137,364.9,25.317,61.773
31.813,361.83,25.304,61.742
46.581,347.49,25.141,61.345
65.514,348.55,24.963,60.909
79.489,353.97,24.929,60.828
87.54,363.88,24.818,60.555
112.6,367.04,24.712,60.297
123.79,368.17,24.497,59.773
136.87,374.81,24.517,59.822
141.68,375.64,24.322,59.347
123.92,343.25,24.405,59.548
139.39,313.69,24.636,60.113
150.48,318.08,24.863,60.666
155.68,320.38,24.987,60.969
159.51,320.69,25.144,61.352
163.78,318.82,25.179,61.437
169.51,315.32,25.169,61.412
177.1,310.12,25.165,61.402
186.4,305.06,25.062,61.152
190.84,298.98,25.15,61.366
196.58,292.43,25.127,61.31
197.72,288.08,25.158,61.387
197.67,287.06,25.217,61.531
193.45,285.62,25.258,61.629
188.64,284.28,25.235,61.575
182.6,282.88,25.335,61.818
175.48,281.44,25.438,62.069
167.65,281.59,25.391,61.954
155.84,282.78,25.478,62.166
142.97,283.84,25.367,61.895
129.94,283.25,25.494,62.205
120.21,283.8,25.46,62.122
110.4,286.38,25.391,61.954
98.857,289.11,25.328,61.8
82.782,291.58,25.279,61.682
66.967,294.41,25.472,62.152
53.685,297.08,25.595,62.452
44.34,300.13,25.65,62.586
33.756,304.53,25.688,62.678
21.474,306.31,25.822,63.006
11.835,305.08,25.952,63.324
3.3977,302.88,26.178,63.874
-3.7137,301.68,26.257,64.067
-9.7076,300.73,26.485,64.624
-17.082,299.89,26.622,64.957
-20.468,298.81,26.846,65.505
4.4793,283.28,27.019,65.927
14.58,298.28,27.2,66.368
10.703,299.58,27.204,66.378
-4.9901,305.45,27.352,66.739
-8.8444,306.57,27.442,66.958
3.4553,279.9,27.613,67.375
-1.7488,282.39,27.82,67.88
-9.9911,286.91,27.815,67.87
-8.7258,300.98,27.865,67.992
-18.258,300.95,28.092,68.545
5.144,309.75,27.914,68.109
7.9845,327.61,27.918,68.12
9.7888,345.39,27.958,68.218
6.7405,347.55,27.847,67.947
14.692,354.77,27.755,67.721
8.1012,354.35,27.739,67.682
0.77373,355.62,27.753,67.717
-8.8767,357.24,27.749,67.708
-13.772,360.49,27.68,67.54
-9.612,368.57,27.705,67.6
-4.6504,375.09,27.643,67.449
-12.688,377.06,27.605,67.355
15.567,374.68,27.48,67.052
37.365,392.79,27.083,66.081
76.703,370.14,26.829,65.463
74.627,370.96,26.695,65.137
71.76,371.56,26.691,65.126
67.616,370.43,26.656,65.04
62.286,371.79,26.77,65.318
59.932,371.24,26.802,65.397
57.616,371.05,26.856,65.529
54.03,371.28,26.787,65.36
47.774,372.74,26.683,65.107
38.93,376.79,26.606,64.918
7.6573,373.35,26.517,64.702
-1.2709,378.38,26.586,64.871
-8.568,384.91,26.635,64.989
13.389,390.79,26.761,65.297
9.856,387.61,26.726,65.211
10.238,382.48,26.454,64.549
3.9947,383.29,26.519,64.707
4.0813,380.24,26.293,64.155
7.0248,378.76,26.028,63.509
16.866,379.97,26.069,63.608
21.377,378.16,26.042,63.543
20.283,374.62,26.16,63.831
16.369,371.47,26.343,64.278
14.413,370.44,26.421,64.467
14.12,368.34,26.416,64.455
20.172,363.33,26.4,64.416
27.407,359.44,26.366,64.332
35.878,355.52,26.092,63.665
40.509,350.55,25.764,62.865
47.237,348.25,25.625,62.525
60.986,346.91,25.545,62.331
67.622,345.6,25.557,62.359
71.491,344.17,25.601,62.465
72.545,342.34,25.624,62.522
73.023,340.71,25.609,62.487
73.367,338.5,25.732,62.786
72.651,336.1,25.71,62.732
72.02,333.69,25.734,62.79
71.145,331.21,25.703,62.716
69.298,330.05,25.569,62.389
64.86,328.52,25.528,62.288
60.197,327.4,25.436,62.064
55.455,327.44,25.466,62.136
54.152,327.33,25.699,62.705
53.336,326.56,25.564,62.377
57.677,326.28,25.612,62.493
62.362,325.24,25.487,62.188
65.816,324.5,25.41,62.001
68.004,324.1,25.485,62.183
70.744,324.07,25.761,62.858
71.828,323.03,25.643,62.569
72.593,322.64,25.678,62.654
72.991,322.37,25.672,62.639
73.408,322.79,25.616,62.502
72.838,323.28,25.725,62.768
70.88,323.03,25.822,63.006
69.709,322.71,25.753,62.837
68.805,322.3,25.902,63.201
68.236,320.76,25.893,63.179
68.994,318.53,25.973,63.373
71.662,315.12,26.098,63.679
72.568,312.63,26.33,64.246
72.978,311.07,26.4,64.416
71.906,308.8,26.423,64.473
70.874,307.79,26.36,64.319
67.707,306.62,26.086,63.649
64.323,306.43,25.881,63.151
59.958,306.53,25.668,62.629
54.66,307.18,25.681,62.661
47.96,307.95,25.674,62.644
38.795,308.45,25.635,62.55
33.025,308.66,25.599,62.462
27.166,309.15,25.495,62.209
23.637,309.42,25.474,62.157
22.43,308.88,25.375,61.915
6.1156,311.39,25.372,61.907
6.4988,309.9,25.224,61.546
0.49539,310.15,24.786,60.478
-6.49,311.59,24.712,60.298
-9.0439,314.22,24.729,60.338
-12.699,318.08,24.405,59.548
-14.269,323.78,24.288,59.262
-9.2773,331.57,24.172,58.979
-8.5498,336.59,24.241,59.148
-8.9756,338.36,24.301,59.294
-11.168,340.94,24.321,59.342
-8.6709,340.85,24.306,59.306
-9.5956,340.99,24.348,59.41
-6.0295,359.58,24.259,59.192
8.9953,352.76,24.014,58.595
8.1264,310.01,24.117,58.845
34.486,307.84,24.399,59.534
54.308,303.91,24.257,59.188
73.922,302,24.069,58.728
91.48,301.35,23.974,58.496
112.05,299.59,24.13,58.878
128.61,298.91,24.036,58.647
145.79,301.73,23.729,57.898
161.73,304.84,23.82,58.12
174.63,306.34,24.294,59.277
185.11,305.62,24.568,59.945
186.39,304.93,24.665,60.183
186.69,304.35,24.747,60.382
185.88,303.53,24.784,60.474
186.1,302.32,24.843,60.616
191.58,301.41,24.746,60.381
196.75,301.15,24.55,59.902
200.89,299.97,24.494,59.764
203.74,298.66,24.576,59.965
205.17,297.43,24.632,60.103
205.37,295.57,24.74,60.365
204.73,295.23,24.503,59.787
203.44,295.61,24.367,59.456
202.55,295.9,24.495,59.768
201.4,295.48,24.768,60.434
199.44,293.68,24.765,60.425
197.94,291.54,24.736,60.356
196.75,289.8,24.713,60.299
195.45,288.79,24.767,60.431
194.07,287.78,24.672,60.199
190.79,286.57,24.68,60.22
188.33,286.37,24.574,59.96
184.97,286.67,24.437,59.626
181.29,287.43,24.341,59.393
178.44,288.65,24.348,59.41
173.42,290.08,24.512,59.81
170.7,290.28,24.42,59.584
167.45,289.95,24.475,59.719
165.01,289.64,24.533,59.861
162.95,289.3,24.545,59.891
160.53,287.75,24.537,59.87
159.92,286.76,24.351,59.415
159.18,286.81,24.267,59.213
158.43,286.95,24.236,59.136
156.88,287.41,24.208,59.067
153.87,289.47,24.181,59.001
151.5,291.2,23.98,58.512
147.9,293,24.006,58.575
143.93,294.23,23.956,58.453
138.52,295.08,24.13,58.878
133.03,296.33,24.184,59.008
130.29,296.91,24.111,58.832
129.25,297.35,24.217,59.089
127.98,297.06,24.196,59.037
127.3,295.76,24.153,58.934
124.81,293.16,24.261,59.197
122.55,291.79,24.314,59.327
118.83,291.87,24.253,59.177
114.07,291.61,24.195,59.035
110.46,291.71,24.216,59.087
106.4,291.48,24.297,59.285
105.57,291.15,24.433,59.616
104.69,290.58,24.525,59.84
104.1,290.82,24.279,59.24
102.42,291.48,24.131,58.88
97.036,292.05,23.929,58.387
93.289,292.19,23.795,58.06
90.261,292.21,23.902,58.322
86.323,291.88,23.876,58.257
83.786,292.13,23.779,58.021
80.999,292.69,23.864,58.228
79.454,293.65,23.676,57.769
78.336,295.95,23.516,57.38
76.788,299.18,23.513,57.371
74.222,302.3,23.293,56.836
70.724,305.2,23.01,56.145
65.379,308.01,22.95,55.997
62.096,308.53,23.135,56.45
58.944,308.57,23.053,56.25
55.302,307.71,22.95,55.997
50.858,307.38,23.069,56.287
48.261,307.71,22.938,55.97
44.345,308.33,22.903,55.884
39.812,309.03,23.117,56.404
34.039,308.5,23.212,56.638
25.377,308.05,23.322,56.906
20.033,306.99,23.235,56.693
16.321,306.12,23.23,56.682
13.669,305.32,23.26,56.753
10.185,304.15,23.254,56.74
4.2169,303.55,23.18,56.559
1.4107,303.8,23.099,56.36
-2.379,303.25,22.993,56.104
-4.9624,302.86,22.921,55.928
-5.9979,302.28,22.901,55.878
-7.1073,300,22.999,56.117
-7.9077,298.5,23.121,56.415
-8.6607,298.71,23.078,56.309
-8.6158,297.8,23.107,56.38
-9.9911,297.58,22.899,55.873
-10.936,297.47,22.855,55.767
-7.5213,300.64,22.447,54.771
-11.353,301.36,22.219,54.215
-10.393,301.86,22.127,53.991
-6.4087,302.83,21.836,53.28
-2.3563,322.2,21.786,53.157
-10.8,321.05,21.831,53.267
-12.069,319.12,21.782,53.147
-7.0714,332.96,21.768,53.114
-7.7007,332.85,21.61,52.728
-6.4832,343.72,21.492,52.441
-8.4617,327.31,21.633,52.784
-8.3363,329.02,21.86,53.338
-8.6473,329.28,21.761,53.098
-8.1679,344.12,21.721,52.998
-6.9439,331.89,21.914,53.471
5.1164,319.77,21.752,53.075
2.232,334.88,21.976,53.621
-3.2805,295.73,21.754,53.08
16.379,294.82,21.752,53.075
33.605,293.48,21.861,53.341
50.192,292.64,21.897,53.429
72.717,289.29,21.844,53.3
87.332,288.14,21.883,53.396
98.351,287.32,21.817,53.233
107.01,286.24,21.733,53.029
118.28,285.52,21.758,53.089
124.35,284.59,21.769,53.117
132.05,283.53,21.659,52.847
140.33,282.62,21.579,52.653
148.75,280.9,21.427,52.281
165.46,279.06,21.338,52.065
173.9,277.61,21.18,51.678
179.64,275.54,21.204,51.737
185.6,274.37,21.197,51.72
191.14,273.32,21.221,51.779
200.23,271.15,21.248,51.845
206.23,269.43,21.438,52.308
212.66,269.11,21.448,52.333
217.55,268.57,21.46,52.363
220.85,268.01,21.458,52.358
223.42,267.68,21.528,52.527
224.1,267.26,21.482,52.417
225.83,267.26,21.294,51.956
228.51,266.76,21.323,52.029
232.78,266.7,21.192,51.71
238.48,264.84,21.183,51.687
241.69,264.17,21.174,51.665
244.55,263.15,21.229,51.798
247.29,262.21,21.263,51.882
249.99,261.67,21.359,52.117
253.81,262.07,21.268,51.895
255.11,261.44,21.133,51.563
257.51,262.17,21.159,51.628
259.55,262.65,21.303,51.98
261.7,263.05,21.207,51.746
266.04,264.79,21.183,51.687
267.91,265.58,21.249,51.849
269.47,265.86,21.299,51.97
270.3,266.05,21.289,51.945
270.97,265.84,21.384,52.176
272.37,266.42,21.298,51.967
272.24,266.63,21.32,52.021
271.92,267.5,21.282,51.929
269.41,266.93,21.352,52.098
267.75,266.97,21.304,51.981
264.77,265.33,21.231,51.803
263.41,264.05,21.254,51.861
262.52,263.4,21.262,51.878
261.22,262.85,21.259,51.872
259.11,262.44,21.38,52.168
256.65,262.54,21.244,51.835
254.94,261.58,21.141,51.585
254.78,261.35,21.12,51.532
254.01,260.74,21.178,51.674
251.15,259.74,21.044,51.347
247.07,259.83,20.834,50.836
242.72,259.66,20.749,50.626
239.08,259.04,20.758,50.649
235.81,258.57,20.809,50.774
232.84,258.32,20.8,50.753
228.3,258.52,20.821,50.802
225.27,258.69,20.781,50.706
222.28,259.07,20.827,50.819
219.26,259.32,20.868,50.917
216.44,259.3,20.8,50.752
213.33,259.36,20.737,50.598
212.07,259.1,20.661,50.413
210.71,258.21,20.611,50.291
210.22,257.39,20.626,50.327
210.54,256.92,20.529,50.091
212.16,256.68,20.477,49.965
212.71,256.39,20.545,50.13
212.82,256.42,20.533,50.101
211.96,256.85,20.457,49.916
209.71,257.97,20.448,49.894
207.61,260.2,20.496,50.009
207.22,261.6,20.638,50.356
206.92,262.73,20.51,50.044
208.05,264.52,20.448,49.892
208.79,265.03,20.495,50.007
209.25,265.57,20.412,49.804
208.31,265.74,20.249,49.407
206.98,266.87,20.115,49.081
203.93,268.55,19.958,48.697
202.26,270.21,19.905,48.568
200.72,271.89,20.015,48.837
198.01,272.08,19.932,48.635
197.45,271.52,20.096,49.035
195.53,269.89,20.019,48.847
193.72,269.26,19.863,48.466
191.77,270.23,19.896,48.546
190.52,271.84,19.816,48.351
187.97,272.08,19.716,48.107
183.94,271.48,19.819,48.359
178.64,270.33,19.816,48.351
175.08,270.59,19.793,48.294
172.95,270.82,19.77,48.239
170.01,270.44,19.797,48.304
168.65,269.63,19.883,48.514
168.51,268.3,20.075,48.982
171.09,266.4,20.123,49.099
174.46,265.9,20.247,49.402
176.04,265.88,20.342,49.634
176.77,266.2,20.319,49.577
176.8,267.88,20.283,49.492
176.28,270.87,20.278,49.479
176.45,271.52,20.404,49.785
176.21,271.51,20.364,49.689
175.92,269.76,20.379,49.724
176.01,268.09,20.44,49.873
177.35,261.54,20.602,50.268
176.54,256.82,20.628,50.333
174.83,252.71,20.658,50.405
171.75,247.8,20.708,50.526
169.41,244.04,20.803,50.76
168.12,240.29,20.801,50.755
168.14,239.69,20.723,50.565
167.82,239.33,20.655,50.398
166.71,240.16,20.394,49.762
164.78,242.05,20.276,49.474
161.32,244.69,20.204,49.298
159.78,245.27,20.196,49.277
158.9,245.77,20.099,49.041
158.58,245.88,20.034,48.882
159.39,246.83,19.908,48.576
160.95,249.06,19.95,48.678
160.88,249.49,20.074,48.98
160.29,249.72,19.987,48.769
160.16,250.1,20.06,48.946
159.51,250,19.871,48.486
159.79,250.55,20.011,48.828
159.28,250.34,19.961,48.704
159.84,250.42,20.113,49.075
160.02,250.29,20.151,49.169
160.69,250.54,20.206,49.302
159.04,250.75,20.15,49.165
156.72,250.62,20.137,49.134
153.41,251.19,20.081,48.999
149.48,251.6,19.914,48.59
146.24,252.24,19.806,48.328
141.24,250.06,19.682,48.023
139.75,249.17,19.681,48.021
137.56,248.31,19.552,47.707
136.08,247.24,19.665,47.982
134.48,246.17,19.688,48.039
132.48,245.48,19.701,48.072
130.93,244.84,19.579,47.772
130.55,245.39,19.601,47.827
129.98,245.63,19.536,47.668
129.41,245.59,19.473,47.513
129.37,245.84,19.534,47.663
128.91,245.71,19.554,47.712
128.52,245.71,19.497,47.573
127.31,245.2,19.462,47.487
126.47,244.85,19.388,47.306
125.77,244.57,19.392,47.318
125.09,243.62,19.547,47.695
125.42,243.11,19.612,47.852
126.55,241.92,19.64,47.922
127.1,241.48,19.663,47.977
126.95,241.08,19.696,48.059
124.7,240.54,19.728,48.136
122.66,240.52,19.573,47.757
120.82,240.77,19.691,48.047
119.11,240.53,19.598,47.819
117.78,240.48,19.549,47.7
116.04,240.02,19.501,47.582
114.55,239.17,19.411,47.363
113.48,237.7,19.412,47.366
112.53,236.77,19.395,47.324
112.04,236.3,19.5,47.58
112.86,235.95,19.526,47.644
118.3,237.46,19.341,47.193
124.27,238.17,19.229,46.918
134.23,238.2,18.952,46.242
144.46,237.72,18.927,46.181
162.7,236.69,18.884,46.076
169.45,237.37,18.735,45.713
175.22,238.29,18.65,45.507
182.01,239.28,18.533,45.221
191.08,240.75,18.335,44.737
197.45,241.42,18.213,44.441
203.74,243.16,18.05,44.041
208.85,244.19,17.892,43.656
213.06,245.41,17.893,43.659
216.76,246.71,18.019,43.966
222.16,247.38,17.946,43.789
227.23,248.67,17.875,43.614
232.64,249.71,17.878,43.622
237.77,250.37,17.764,43.344
243,250.48,17.639,43.04
249.9,249.78,17.578,42.89
253.32,249.24,17.619,42.99
254.55,248.67,17.651,43.069
255.07,247.9,17.713,43.22
255.18,246.62,17.746,43.3
254.96,245.22,17.855,43.565
255.33,244.1,17.913,43.707
254.94,243.23,18.023,43.977
253.74,242.71,18.147,44.278
251.57,242.22,18.139,44.259
248.64,241.86,18.103,44.171
247.32,241.81,17.942,43.778
245.72,242.14,17.893,43.659
244.88,242.29,17.838,43.525
243.73,242.43,17.831,43.507
242.26,242.58,17.733,43.27
241.2,242.13,17.721,43.24
240.93,241.26,17.706,43.203
240.66,240.47,17.715,43.225
240.39,239.62,17.73,43.261
240.28,238.81,17.644,43.051
240.21,238.42,17.607,42.962
240.65,238.56,17.577,42.889
241.03,238.83,17.569,42.869
241.18,239.52,17.532,42.778
241.5,241.45,17.549,42.82
241.69,242.43,17.522,42.753
241.95,242.71,17.564,42.855
243.24,242.65,17.542,42.803
245.55,242.34,17.583,42.902
249.6,241.48,17.55,42.822
252.42,241.6,17.492,42.682
255.05,242.57,17.476,42.642
256.6,243.27,17.384,42.418
258.12,244.29,17.35,42.334
258.9,244.33,17.439,42.55
259.39,244.35,17.495,42.687
260.02,244.41,17.505,42.712
260.56,244.65,17.435,42.542
260.52,244.82,17.405,42.467
259.99,245.4,17.417,42.498
258.73,246.08,17.291,42.19
257.7,246.76,17.269,42.136
256.6,247.25,17.237,42.058
255.77,247.5,17.201,41.971
254.91,247.29,17.395,42.443
254.03,247.34,17.247,42.083
252.82,247.44,17.205,41.981
251.03,246.6,17.443,42.562
249.4,245.85,17.443,42.561
248.58,245.41,17.436,42.544
247.55,246.39,17.243,42.073
246.2,247.24,17.191,41.946
245.01,247.58,17.332,42.29
244.83,247.73,17.371,42.385
245.13,247.14,17.277,42.155
246.57,247.06,17.258,42.111
247.17,247.51,17.15,41.845
246.35,248.59,16.995,41.468
244.34,250.53,17.078,41.67
239.99,252.84,17.117,41.766
238.92,252.87,17.117,41.766
238.34,252.41,17.322,42.264
239.44,251.42,17.437,42.547
243.47,249.33,17.297,42.204
245.55,247.15,17.259,42.113
247.28,245.46,17.326,42.276
248.78,244.03,17.364,42.368
249.18,242.5,17.336,42.301
250.56,241.35,17.217,42.009
254.71,239.76,17.149,41.845
257.53,238.43,16.994,41.467
260.96,236.49,16.864,41.149
263.25,235,16.688,40.719
264.99,234.71,16.747,40.864
264.87,234.12,16.653,40.634
262.28,234.87,16.701,40.751
258.97,236.71,16.781,40.945
255.33,238.32,16.887,41.203
252.18,239.72,16.857,41.13
248.65,240.51,16.854,41.123
248.25,240.85,16.884,41.197
249.61,240.37,16.894,41.222
253.08,239.68,16.903,41.244
255.44,239.88,16.862,41.143
255.77,240.41,16.781,40.945
255.16,241.82,16.854,41.124
253.78,242.99,16.895,41.223
253.21,243.84,16.891,41.213
252.77,244.49,16.904,41.247
253.82,244.55,16.899,41.233
256.07,244.26,16.924,41.293
259.13,242.68,16.961,41.385
262.67,240.9,17.022,41.534
266.1,239.19,17.118,41.768
270.03,236.12,17.105,41.737
272.19,234.65,17.125,41.784
273.49,233.78,17.081,41.678
274.06,232.7,16.876,41.177
274.03,231.41,16.702,40.752
273.94,230.41,16.673,40.683
273.23,229.37,16.65,40.626
273.2,228.87,16.553,40.389
272.93,228.27,16.468,40.182
273.15,228.42,16.544,40.368
272.56,228.58,16.671,40.678
272.18,229.17,16.72,40.797
271.87,230.09,16.692,40.729
270.61,231.57,16.604,40.514
268.21,234.1,16.691,40.727
265.46,236.5,16.736,40.836
265.1,237.41,16.733,40.83
265.13,238.81,16.793,40.974
265.14,239.42,16.856,41.128
264.53,240.56,16.793,40.975
263.3,241.78,16.803,40.999
262.34,242.23,16.83,41.066
261.77,242.56,16.772,40.925
261.26,243.1,16.655,40.639
260.89,243.2,16.704,40.757
259.27,242.99,16.704,40.757
257.91,242.07,16.658,40.645
256.75,240.04,16.596,40.494
256.15,238.99,16.593,40.488
255.15,237.7,16.48,40.212
253.64,237.3,16.396,40.007
251.82,236.51,16.42,40.066
249.9,235.94,16.385,39.978
248.4,234.86,16.505,40.273
247.26,233.38,16.517,40.301
246.49,231.89,16.498,40.256
245.67,231.14,16.468,40.182
244.68,230.5,16.527,40.326
243.48,230.06,16.516,40.3
242.45,229.61,16.581,40.458
241.99,229.02,16.516,40.299
242.2,229.23,16.461,40.165
242.18,229.36,16.378,39.962
242.29,229.92,16.421,40.067
242.04,230.62,16.55,40.383
242.23,230.3,16.473,40.193
244.8,229.34,16.604,40.515
249.59,227.56,16.608,40.523
257.51,226.19,16.639,40.599
266.1,226.3,16.577,40.447
273.89,225.34,16.624,40.561
284.47,224.71,16.683,40.707
292.03,222.77,16.697,40.741
300.86,222.23,16.704,40.759
309.52,221.69,16.673,40.681
319.31,222.13,16.519,40.306
329.9,222.95,16.456,40.152
336.61,224.01,16.349,39.892
341.3,225.05,16.261,39.678
344.15,226.02,16.175,39.467
348.81,228.41,16.095,39.271
355.59,230.39,16.006,39.056
361.67,230.02,15.924,38.853
369.3,229.52,15.857,38.691
377.25,229.75,15.82,38.602
383.83,230.01,15.778,38.498
389.09,229.4,15.9,38.795
391.66,228.83,15.93,38.87
394.98,229.13,15.869,38.721
398.59,230.19,15.904,38.807
402.67,232.14,15.868,38.718
406.78,235.01,15.891,38.775
409.33,236.65,15.913,38.827
411.37,237.01,15.992,39.02
414.34,237.02,15.995,39.029
418.63,236.9,15.929,38.868
424.56,236.09,15.885,38.76
429.34,234.75,15.924,38.856
432.84,232.66,15.943,38.902
435.62,230.84,15.963,38.95
437.21,229.24,16.098,39.28
438.15,227.96,16.149,39.405
436.84,226.32,16.289,39.745
434.33,225.55,16.248,39.644
431.36,224.96,16.192,39.509
427.3,223.2,16.114,39.319
425.91,222.22,16.113,39.316
423.88,220.23,16.127,39.35
422.9,218.48,16.096,39.275
422.87,217.27,16.089,39.256
422.86,216.57,16.094,39.268
423.01,216.91,16.139,39.379
423.49,217.61,16.117,39.325
424.21,217.94,16.187,39.495
425.24,217.73,16.084,39.245
427.44,217.99,16.111,39.31
430.58,218.23,16.144,39.391
433.27,218.6,16.039,39.135
435.65,218.75,15.966,38.958
439.68,218.17,15.91,38.819
445.52,217.76,15.88,38.748
452.39,216.95,15.829,38.622
456.38,217.04,15.825,38.612
457.89,216.61,15.878,38.742
458.46,215.2,15.868,38.718
458.34,214.55,15.857,38.692
458.3,214.12,15.891,38.774
458.38,213.34,15.927,38.861
458.67,212.75,15.96,38.943
458.63,211.99,16.022,39.094
459.34,211.56,16.012,39.068
457.12,210.39,16.05,39.161
453.91,208.82,16.061,39.188
450.34,209.05,16.036,39.128
446.49,209.28,16.032,39.117
443.49,209.84,15.936,38.883
440.61,209.74,15.907,38.814
438.74,210.66,15.928,38.864
437.35,210.72,15.914,38.829
436.39,211.08,15.965,38.954
435.9,210.81,15.981,38.994
435.91,210.54,15.996,39.029
435.52,210.22,16.043,39.144
435.52,210.55,16.063,39.195
435.1,211.6,16.089,39.258
434.29,213.56,16.19,39.503
432.41,215.16,16.232,39.606
430.84,216.57,16.203,39.535
429.75,217.15,16.156,39.42
428.75,217.8,16.168,39.45
427.55,218.13,16.153,39.413
424.93,218.93,16.139,39.38
421.95,219.8,16.043,39.144
419.1,220.01,16.006,39.053
416.52,220.25,15.996,39.029
414.64,220.16,15.974,38.976
412.35,220.43,15.923,38.853
409.97,220.75,15.857,38.691
407.34,221,15.81,38.577
404.57,221.98,15.826,38.615
402.21,222.4,15.86,38.699
398.85,223.81,15.839,38.647
396.68,224.71,15.793,38.534
395.04,225.05,15.737,38.397
393.46,225.17,15.629,38.135
391.94,225.54,15.607,38.08
390.12,227.36,15.56,37.966
388.61,228.73,15.671,38.238
387.09,229.58,15.667,38.228
386.48,230.19,15.682,38.265
386.91,230.93,15.763,38.462
388.37,231.66,15.847,38.667
389.01,232.01,15.906,38.81
389.14,231.63,15.946,38.909
389.08,231.05,15.948,38.914
389.4,230.63,15.933,38.877
389.59,229.86,15.982,38.997
390.21,229.5,16.006,39.054
390,229.72,16.063,39.195
388.29,230.19,16.183,39.486
385.68,230.65,16.177,39.472
382.33,231.33,16.196,39.518
379.74,230.92,16.247,39.642
377.43,229.73,16.258,39.67
374.87,228.77,16.087,39.253
372.3,227.93,15.982,38.997
367.13,225.61,15.971,38.97
363.8,224.98,15.887,38.765
361.43,224.62,15.801,38.554
359.29,224.61,15.769,38.476
357.37,224.28,15.679,38.257
355.31,224.35,15.586,38.03
354.19,225.04,15.581,38.018
353.41,225.47,15.705,38.32
352.72,225.71,15.697,38.3
353.28,226.49,15.719,38.353
355.37,227.4,15.714,38.341
357.57,227.65,15.657,38.203
360.99,227.6,15.629,38.136
362.62,227.56,15.671,38.237
363.76,227.93,15.653,38.193
364.15,228.51,15.67,38.234
364.17,229.26,15.592,38.045
364.6,230.02,15.602,38.069
365.97,230.52,15.703,38.315
367.41,230.97,15.656,38.2
368.29,231.91,15.666,38.225
367.42,233.36,15.69,38.283
363.63,235.03,15.647,38.179
360.54,235.43,15.551,37.944
359.14,235.66,15.544,37.928
357.81,234.45,15.536,37.908
358.35,233.4,15.501,37.822
359.25,232.42,15.538,37.912
359.65,231.45,15.535,37.905
359.55,230.41,15.663,38.218
358.67,228.94,15.625,38.125
359.29,228.02,15.596,38.054
363.61,226.99,15.524,37.878
370.16,226.17,15.508,37.838
374.97,225.67,15.48,37.772
376.1,225.34,15.341,37.432
374.76,224.4,15.221,37.138
371.46,224.32,15.2,37.089
368.96,223.75,15.239,37.182
368.17,222.89,15.36,37.479
367.03,221.99,15.43,37.649
366.41,220.62,15.514,37.855
364.86,220.03,15.593,38.048
362.26,219.42,15.669,38.231
359.33,218.94,15.644,38.171
356.48,219.37,15.582,38.021
354.49,219.67,15.619,38.111
353.44,219.89,15.637,38.155
352.52,220.04,15.612,38.093
351.69,220.45,15.634,38.147
351.03,219.97,15.595,38.052
350.26,219.53,15.591,38.043
349.94,219.24,15.605,38.075
350.18,218.9,15.634,38.147
350.22,218.18,15.666,38.224
350.5,217.71,15.692,38.289
351.22,216.88,15.692,38.29
351.41,216.4,15.688,38.28
352.42,215.84,15.686,38.273
353.82,214.92,15.67,38.234
354.72,214.14,15.592,38.044
355.45,214.15,15.472,37.752
355.83,214.28,15.426,37.64
355.66,214.27,15.31,37.357
354.83,214.57,15.28,37.282
354.41,215.17,15.3,37.332
354.15,216.27,15.239,37.183
354.32,217.44,15.15,36.965
354.46,217.7,15.102,36.848
354.47,217.85,15.111,36.87
354.58,218.2,15.113,36.875
353.9,218.45,15.042,36.702
352.96,218.76,14.934,36.44
352.72,219.78,14.847,36.227
352.46,219.93,14.767,36.032
352.36,220.06,14.688,35.838
352.82,220.34,14.605,35.637
353.2,220.63,14.56,35.526
352.98,220.53,14.505,35.393
352.17,219.59,14.292,34.872
351.52,219.18,14.343,34.996
349.28,217.16,14.166,34.566
346.7,216.26,14.104,34.413
343.95,216,14.06,34.307
342.1,216.3,14.061,34.31
340.84,215.62,14.044,34.267
338.85,214.91,14.018,34.203
338.27,214.84,13.988,34.132
337.66,214.57,13.92,33.964
336.22,214.91,13.834,33.756
335.27,215.64,13.669,33.353
335.35,216.52,13.63,33.257
335.6,216.42,13.621,33.236
336.76,216.15,13.539,33.035
337.21,215.67,13.527,33.005
337.68,215.58,13.469,32.864
338.04,215.3,13.426,32.759
339.03,215.09,13.447,32.81
340.43,213.81,13.527,33.005
340.7,214.12,13.596,33.175
341.65,213.33,13.638,33.276
341.93,211.49,13.56,33.085
342.58,209.15,13.507,32.957
343.91,208.54,13.499,32.938
344.04,209.14,13.557,33.08
343.97,209.33,13.564,33.095
344.14,209.56,13.554,33.071
344.19,209.56,13.535,33.024
344.2,209.74,13.501,32.941
343.96,209.31,13.528,33.008
343.12,207.83,13.434,32.778
342.07,207.48,13.354,32.585
340.89,207.03,13.341,32.553
340.09,206.49,13.358,32.593
340.88,206.06,13.313,32.483
340.83,212.27,13.359,32.596
341.94,212.79,13.359,32.595
342.39,214.09,13.35,32.574
342.39,215.21,13.386,32.663
341.94,217.65,13.398,32.692
341.25,221.99,13.437,32.786
341.14,225.74,13.421,32.747
340.97,228.71,13.44,32.793
340.79,225,13.507,32.957
341.23,224.06,13.46,32.842
344.33,227.37,13.439,32.792
344.87,226.83,13.392,32.676
344.95,226.35,13.404,32.706
345.24,224.82,13.368,32.618
344.73,223.54,13.337,32.542
343.88,220.43,13.303,32.46
340.71,224.63,13.291,32.43
339.51,225.91,13.258,32.35
339.3,226.47,13.268,32.374
338.8,226.81,13.29,32.428
338.34,226.49,13.308,32.471
338.01,225.68,13.285,32.416
337.69,223.92,13.216,32.246
338.82,221.94,13.137,32.053
341.38,220.68,13.138,32.056
342.83,220,13.159,32.107
345.01,219.9,13.142,32.066
346.84,220.35,13.125,32.024
349.27,220.29,13.143,32.069
353.51,220.6,13.143,32.069
356.87,221.28,13.233,32.288
359.03,221.13,13.272,32.384
363.01,221.39,13.379,32.644
369.07,220,13.476,32.881
374.43,222.18,13.506,32.956
386.87,225.39,13.494,32.924
389.59,225.15,13.458,32.836
391.37,225.72,13.421,32.748
392.19,226.88,13.359,32.595
392.58,229.27,13.315,32.488
393.69,231.01,13.234,32.292
394.19,233.01,13.169,32.133
395.64,234.27,13.154,32.095
396.86,235.47,13.146,32.076
397.72,236.9,13.137,32.055
397.31,239.55,13.172,32.139
396.3,240.5,13.165,32.122
396.83,241.31,13.184,32.169
396.4,240.44,13.183,32.167
396.03,240.33,13.165,32.122
395.11,242.3,13.191,32.185
393.97,243.53,13.195,32.197
394.28,243.36,13.187,32.176
393.39,243.6,13.217,32.25
392.39,243.05,13.215,32.244
390.74,243.31,13.213,32.24
389.02,243.31,13.171,32.138
388.12,242.36,13.139,32.058
387.41,240.66,13.154,32.095
387.65,239.15,13.16,32.111
388.76,236.8,13.137,32.054
388.96,235.93,13.12,32.012
389.6,234.84,13.148,32.081
390.88,233.81,13.155,32.098
393.11,234.24,13.138,32.058
395.48,234.61,13.174,32.145
397.33,233.58,13.18,32.159
399.22,234.27,13.165,32.122
400.01,234.47,13.132,32.042
401.45,234.97,13.131,32.04
403.12,234.75,13.15,32.086
405.08,234.66,13.156,32.101
407.13,235.14,13.172,32.14
408.5,235.23,13.154,32.095
409.27,235.44,13.221,32.26
408.6,234.94,13.22,32.257
406.64,236.87,13.183,32.167
405.89,239.56,13.157,32.103
406,240.67,13.179,32.156
407.6,240.52,13.203,32.214
408.83,240.25,13.178,32.154
410.2,240.63,13.181,32.163
410.82,241.14,13.166,32.126
410.9,241.22,13.149,32.084
411.31,241.34,13.148,32.082
410.69,241.36,13.115,32
409.68,241.45,13.103,31.971
408.54,241.87,13.127,32.029
408.25,242.11,13.134,32.048
407.95,242.11,13.15,32.086
408.52,241.53,13.177,32.151
409.19,239.61,13.136,32.051
410.24,238.12,13.125,32.025
410.48,237.36,13.12,32.012
410.31,237.2,13.126,32.028
409.87,237.4,13.127,32.029
409.71,237.39,13.115,32.002
410.66,236.61,13.094,31.95
411.99,234.35,13.083,31.922
412.98,232.44,13.069,31.889
413.4,230.95,13.051,31.844
413.67,229.59,13.022,31.773
413.71,228.31,13.016,31.76
414.13,227.38,13.007,31.736
414.6,227.34,12.974,31.658
414.85,227.23,12.961,31.625
414.99,227.18,13.084,31.926
415.57,227.49,13.067,31.884
415.7,227.27,13.042,31.823
414.7,226.82,13.044,31.829
413.17,226.68,13.085,31.927
412.27,226.9,13.12,32.012
411.85,226.85,13.117,32.006
411.74,226.76,13.11,31.988
411.17,227.42,13.103,31.97
408.57,228.91,13.141,32.063
405.06,231.72,13.218,32.253
402.19,231.91,13.248,32.324
399.75,232.43,13.263,32.362
396.49,232.29,13.27,32.378
392.25,232.21,13.341,32.551
387.45,232.13,13.296,32.443
382.85,232.33,13.335,32.538
379.26,233.99,13.385,32.659
374.88,235.92,13.423,32.753
369.01,236.27,13.446,32.809
365.42,236.41,13.46,32.843
361.79,235.06,13.464,32.852
359.59,233.94,13.418,32.741
358.05,232.59,13.439,32.791
356.18,231.55,13.422,32.75
355,230.35,13.412,32.725
352.56,230.9,13.407,32.714
351.21,231.78,13.374,32.634
349.36,233.06,13.336,32.541
346.56,234.1,13.281,32.406
344.72,235.37,13.284,32.412
344.85,235.4,13.29,32.427
346.82,235.18,13.272,32.385
349.37,234.34,13.267,32.371
351,234.25,13.262,32.359
351.8,234.15,13.248,32.326
352.75,236.45,13.267,32.372
353.84,238.6,13.25,32.331
356.16,241.05,13.261,32.357
358.81,242.6,13.257,32.347
362.28,243.38,13.259,32.351
365.98,244.34,13.271,32.382
367.53,244.64,13.226,32.273
368.43,244.45,13.194,32.194
368.15,244.66,13.177,32.152
367.06,243.88,13.153,32.093
366.26,243.29,13.153,32.094
366.24,242.16,13.167,32.128
366.32,241.55,13.187,32.175
366.54,241.33,13.165,32.123
366.71,240.46,13.156,32.102
366.3,239.56,13.157,32.103
365.1,238.86,13.15,32.085
363.75,238.51,13.176,32.148
360.98,238.34,13.17,32.135
357.93,238.26,13.179,32.156
355.33,238.27,13.196,32.197
353.86,238.1,13.157,32.104
352.52,237.06,13.162,32.116
348.02,235.65,13.182,32.165
345.34,234.82,13.193,32.191
342.94,234.38,13.178,32.155
342.49,233.82,13.149,32.083
345.1,233.07,13.141,32.065
346.79,231,13.138,32.058
346.06,228.69,13.165,32.122
340.08,224.21,13.206,32.223
336.43,221.37,13.261,32.356
336.14,220.62,13.323,32.508
339.97,221.13,13.408,32.716
341.95,221.83,13.455,32.831
360.32,223.78,13.549,33.06
366.65,231.01,13.393,32.679
362.81,240.37,13.47,32.866
362.03,247.02,13.561,33.089
379.97,250.2,13.677,33.373
384.01,240.55,13.89,33.891
381.67,239.2,13.898,33.91
383,237.71,14.203,34.655
379.29,245.59,13.967,34.079
374.9,243.61,13.916,33.956
372.62,252.44,13.911,33.942
367.32,251.36,13.807,33.689
363.42,261.07,13.837,33.762
362.81,257.4,13.89,33.892
376.52,278.64,13.956,34.052
384.06,278.33,13.977,34.103
383.08,278.7,13.969,34.084
381.72,279.89,13.92,33.966
381.86,280.26,13.92,33.966
380.04,284.25,13.947,34.032
374.67,289.46,13.966,34.078
372.64,290.74,14.011,34.188
373.48,293.8,14.095,34.391
368.65,297.99,14.107,34.422
367.34,300.35,14.083,34.363
367.28,300.55,14.082,34.36
366.61,298.95,14.137,34.494
369.14,296.46,14.189,34.622
373.15,295.95,14.183,34.606
374.68,295.27,14.179,34.597
372.69,295.41,14.135,34.488
371.89,295.6,14.14,34.502
364.35,295.46,14.199,34.646
368.72,294.69,14.156,34.539
366.9,294.07,14.162,34.554
