793.5,133.5,91,261
791.63,147.36,90.746,260.27
787.35,145.56,91.304,261.87
785.71,146.59,90.59,259.82
785.2,145.57,90.601,259.85
783.81,145.69,89.696,257.26
783.59,146.01,90.143,258.54
781.69,143.74,91.266,261.76
780.75,143.56,91.49,262.41
780.81,144.52,92.38,264.96
779.04,141.17,92.263,264.62
779.03,140.59,92.189,264.41
775.4,136.48,92.285,264.69
774.32,136.39,92.241,264.56
771.45,132.5,93.09,267
763.13,127.74,92.583,265.54
716.39,142.72,92.676,265.81
708.58,143.17,91.385,262.1
699.25,142.93,90.909,260.74
694.67,143.5,90.651,260
688.73,142.94,91.302,261.87
686.17,140.8,90.556,259.73
693.63,134.77,89.68,257.21
692.3,133.23,88.721,254.46
689.32,139.78,88.364,253.44
690.74,136.32,87.274,250.31
693.75,133.03,85.023,243.86
695.1,131.9,83.232,238.72
696.43,134.98,81.156,232.77
696.81,136.17,79.375,227.66
695.46,135.42,78.036,223.82
694.87,136.63,76.783,220.22
693.21,136.34,75.692,217.09
740.72,116.88,76.422,219.19
741.55,113.22,76.899,220.56
742.04,115.64,77.345,221.83
741.65,113.03,77.128,221.21
740.15,115.53,77.273,221.63
744.93,115.91,76.767,220.18
749.48,133.45,76.045,218.11
749.47,136.37,75.164,215.58
750.95,138.33,74.526,213.75
753.82,137.59,74.049,212.38
755.91,138.41,72.365,207.55
759.37,139.8,71.265,204.4
762.32,139.48,69.916,200.53
763.76,138.76,68.999,197.9
765.96,138.81,68.376,196.11
769.23,139.03,68.279,195.83
769.18,141.56,68.644,196.88
771.28,141.22,68.862,197.51
773.69,141.81,68.593,196.73
776.56,142.9,68.792,197.3
778.77,145.24,69.052,198.05
781.64,147.52,69.719,199.96
780.25,146.89,70.201,201.35
781.59,147.21,70.255,201.5
782.37,147.07,69.949,200.62
782.84,146.94,70.12,201.11
784.34,146.66,70.318,201.68
782.35,145.46,70.265,201.53
783.53,145.8,70.047,200.9
782.85,146.11,69.964,200.67
782.89,146.28,70.101,201.06
783.34,147.66,70.316,201.68
782.92,146.39,70.169,201.26
782.76,146.7,70.084,201.01
782.61,146.7,69.92,200.54
781.57,147.03,69.897,200.47
780.5,147.63,69.991,200.74
778.21,147.16,70.025,200.84
776.17,147.64,69.889,200.45
774.6,147.32,69.668,199.82
772.29,146.99,69.438,199.16
771.63,147.43,68.732,197.13
770.08,147.23,68.103,195.33
767.25,146.46,67.231,192.83
765.39,144.96,67.637,193.99
762.53,146.03,67.922,194.81
759.57,147.19,67.857,194.62
757.05,146.75,67.927,194.82
755.3,147.82,67.647,194.02
752.36,149.75,67.359,193.19
750.84,149.86,67.373,193.24
749.37,151.05,67.259,192.91
748.12,148.61,67.293,193.01
751.91,148.59,67.277,192.96
755.43,145.93,66.913,191.92
757.06,147.13,66.61,191.05
758.73,148.58,66.538,190.84
757.75,149.04,66.443,190.57
750.25,148.47,66.229,189.95
749.05,147.66,65.858,188.89
746.46,146.16,65.573,188.07
739.9,153.05,66.209,189.9
736.25,155.96,66.502,190.74
738.04,154.8,66.313,190.19
739.15,153.68,66.002,189.3
740.32,152.38,65.979,189.24
741.77,152.63,65.455,187.73
742.51,152.78,64.774,185.78
744.19,152.05,64.593,185.26
743.87,149.72,64.799,185.85
744.3,148.21,65.642,188.27
744.77,147.21,66.45,190.59
743.66,146.07,67.303,193.03
742.48,145.26,67.972,194.95
742.7,145.51,68.174,195.53
741.52,145.47,68.306,195.91
741.34,146.03,68.314,195.93
741.01,145.31,68.369,196.09
739.6,145.19,68.231,195.7
739.79,144.67,67.939,194.86
741.88,145.18,67.808,194.48
741.63,145.37,67.731,194.26
742.42,145.12,68.032,195.13
742.79,146.37,67.611,193.92
742.77,146.69,67.541,193.72
742.69,146.76,67.255,192.9
743.52,147.48,66.954,192.03
741.92,147.07,66.864,191.77
741.8,147.02,66.866,191.78
741.04,146.64,66.896,191.87
739.35,146.74,66.562,190.91
739.39,147.52,66.229,189.95
737.94,146.94,66.152,189.73
737.68,147.48,66.033,189.39
738.79,148.21,66.011,189.33
738.67,148.39,66.048,189.43
738.52,149.4,65.968,189.2
738.26,148.76,65.809,188.75
739.29,149.58,65.838,188.83
739.4,149.91,65.83,188.81
740.06,150.28,65.822,188.79
740.63,151.21,65.749,188.58
740.72,150.96,65.716,188.48
740.62,151.22,65.497,187.85
741.15,152.09,65.477,187.8
740.7,152.31,65.415,187.62
740.82,152.26,65.368,187.49
740.48,151.99,65.381,187.52
740.7,152.47,65.21,187.03
741.45,153.25,65.203,187.01
741.7,153.3,64.957,186.31
742.63,154.17,64.731,185.66
743.71,154.06,64.756,185.73
744.47,154.49,64.906,186.16
743.93,153.98,65.089,186.68
744.7,154.1,65.051,186.58
746.52,154.84,64.96,186.31
746.2,154.27,64.973,186.35
746.97,154.63,65.071,186.63
747.44,154.28,65.171,186.92
746.85,154.19,65.229,187.08
746.28,155.65,65.443,187.7
746.06,154.86,65.465,187.76
746.46,154.66,65.803,188.73
748.04,155.16,65.998,189.29
748.53,155.41,66.115,189.63
750.31,156.3,66.386,190.4
750.82,156.34,67.114,192.49
752.61,156.3,67.419,193.37
753.7,156.9,67.895,194.73
760.81,156.49,68.536,196.57
764.44,157.39,69.11,198.22
743.19,150.68,67.321,193.09
744.73,152.14,66.325,190.23
745.98,153.39,66.345,190.29
745.9,153.2,66.479,190.67
745.28,154.21,66.447,190.58
744.2,153.69,66.289,190.13
744.83,154.18,65.73,188.52
744.44,154.09,65.414,187.62
745,154.3,65.297,187.28
746.66,155.31,65.682,188.39
745.43,153.87,65.996,189.29
744.15,154.87,65.902,189.02
742.94,154.57,65.971,189.21
743.08,154.92,65.878,188.95
742.83,155.36,66.344,190.28
742.62,155.2,66.492,190.71
742.55,154.15,66.365,190.34
743.48,154.22,66.449,190.58
743.06,154.22,66.096,189.57
744.52,155.4,65.968,189.21
744.16,155.47,65.509,187.89
744.67,155.69,65.579,188.09
744.96,156.24,65.413,187.61
744.66,156.3,65.093,186.7
745.25,157.51,64.498,184.99
745.87,158.85,63.98,183.5
745.54,158.58,64.094,183.83
745.46,159.26,63.896,183.26
745.33,160.25,64.093,183.83
745.39,160.42,64.212,184.17
745.15,161.24,64.082,183.79
744.47,161.11,64.33,184.51
744.23,160.92,64.205,184.15
745.41,160.62,64.166,184.04
746.39,159.39,64.228,184.21
745.91,158.07,64.119,183.9
745.59,157.82,64.033,183.65
745.84,157.49,63.917,183.32
746.44,157.24,63.942,183.39
746.57,158.41,63.869,183.19
745.99,158.86,63.762,182.88
746.19,158.99,63.767,182.89
745.36,159.03,63.691,182.67
745.86,158.62,64.086,183.81
746.32,158.2,64.363,184.6
746.35,157.53,64.511,185.03
746.82,157.36,64.749,185.71
746.98,156.78,65.159,186.88
746.19,155.34,65.628,188.23
745.67,156.34,65.66,188.32
743.59,155.71,65.517,187.91
742.91,155.16,66,189.3
742.28,154.26,66.176,189.8
742.21,154.09,65.866,188.91
743.19,154.41,65.614,188.19
742.45,152.51,65.824,188.79
742.86,151.83,66.282,190.1
742.54,150.62,66.766,191.49
741.77,149.57,67.282,192.97
741.63,149.35,67.748,194.31
741.86,149.12,67.92,194.8
742.01,149.33,67.994,195.01
741.85,149.41,67.998,195.03
741.74,149.26,67.975,194.96
742.53,149.56,67.946,194.88
741.84,149.64,67.81,194.49
741.62,149.96,67.468,193.51
742.24,150.53,67.308,193.05
742.37,150.54,67.048,192.3
743.14,151.33,66.716,191.35
742.75,150.67,66.831,191.68
743.34,150.82,66.875,191.81
743.27,150.63,66.926,191.95
743.01,150.64,66.722,191.37
743.23,151.58,66.537,190.84
742.99,151.73,66.153,189.73
743.26,152.04,65.972,189.22
743.49,152.31,65.833,188.82
744.12,152.94,65.98,189.24
744.67,153.35,65.652,188.3
744.57,152.94,65.461,187.75
744.97,152.93,65.285,187.25
746.75,150.66,65.272,187.21
747.72,150.71,65.19,186.97
748.43,150.58,65.145,186.85
748.83,150.46,65.177,186.94
749.9,150.55,65.097,186.71
751.22,150.57,65.167,186.91
752.29,150.77,65.148,186.85
754.44,151.61,65.12,186.77
754.94,150.85,65.349,187.43
756.16,151.35,65.368,187.49
757.81,151.86,65.098,186.71
758.85,152.18,64.982,186.38
760.37,152.41,65.262,187.18
761.32,152.08,65.334,187.39
762.16,151.94,65.303,187.3
763,152.06,65.335,187.39
763.18,151.87,65.366,187.48
763.85,152.37,65.293,187.27
764.16,152.6,65.163,186.9
764.68,152.41,65.06,186.6
764.74,152.97,64.965,186.33
765.4,153.27,64.905,186.16
766.06,153.46,64.878,186.08
765.9,154.05,64.92,186.2
765.82,153.94,65.301,187.29
766.57,154.19,65.409,187.6
765.93,152.72,65.284,187.24
766.69,152.4,65.621,188.21
766.04,151.3,65.355,187.45
766.28,151.6,65.53,187.95
766.04,152.56,65.718,188.49
766.55,152.82,65.76,188.61
767.48,153.29,66.042,189.42
767.21,153.82,65.239,187.11
766.82,153.91,65.351,187.43
765.82,154.18,64.887,186.1
764.26,154.65,65.308,187.31
764.63,154.73,65.737,188.54
763.84,153.82,66.065,189.48
763,154.23,65.886,188.97
762.67,154.85,65.372,187.5
762.43,155.84,65.188,186.97
761.21,155.45,65.582,188.1
760.54,156.57,65.26,187.18
761.18,156.56,65.3,187.29
760.84,156.05,65.474,187.79
761.65,155.03,65.597,188.14
763.62,155.71,65.752,188.59
763.68,155.18,65.826,188.8
765.24,155.62,65.622,188.21
765.6,156.15,65.05,186.57
767.09,156.73,65.268,187.2
769.2,156.41,65.61,188.18
769.73,156.01,65.662,188.33
770.22,155.72,65.788,188.69
770.44,155.48,65.945,189.14
769.63,154.21,66.389,190.41
769.65,153.84,66.707,191.33
768.55,152.25,66.802,191.6
767.98,151.64,67.13,192.54
767.81,152.04,67.039,192.28
767.36,151.81,66.918,191.93
768.57,152.61,66.866,191.78
768.06,152.13,66.916,191.92
767.97,152.25,66.608,191.04
768.27,152.34,66.372,190.36
768.11,152.01,66.356,190.32
767.78,152.21,66.448,190.58
766.14,151.01,66.455,190.6
766.21,151.08,66.481,190.68
766.25,151.54,66.446,190.57
765.9,152.03,66.466,190.63
766.79,152.26,66.411,190.48
766.7,151.95,66.574,190.94
766.77,152.27,66.693,191.28
766.36,152.18,66.276,190.09
767.12,152.8,66.235,189.97
767.38,152.5,66.242,189.99
767.23,152.72,66.177,189.8
767.39,152.64,66.196,189.86
767.39,152.79,65.902,189.02
768.23,153.4,65.471,187.78
769.25,154.56,65.507,187.88
769.03,153.81,65.492,187.84
768.66,153.52,65.501,187.86
769.2,153.36,65.498,187.86
769.23,153.51,65.487,187.82
769.7,154.42,65.606,188.17
768.66,153,65.676,188.37
768.43,153.17,65.768,188.63
768.58,153.8,65.713,188.47
768.75,153.39,65.636,188.25
769.84,154.34,65.314,187.33
770.12,155.02,65.082,186.66
769.5,154.19,65.144,186.84
769.43,154.16,65.14,186.83
771.1,155.2,64.737,185.67
772.64,155.68,64.722,185.63
773.54,155.36,64.731,185.66
774.41,154.96,64.933,186.24
774.65,154.77,65.206,187.02
774.19,154.67,65.157,186.88
774.62,154.68,65.768,188.63
773.07,153.14,66.478,190.67
773.37,152.95,66.544,190.86
771.51,150.94,67.175,192.67
771.58,151.5,67.762,194.35
770.46,152.38,68.074,195.25
770.15,150.77,68.485,196.42
770.19,150.54,69.125,198.26
768.55,150.39,69.595,199.61
768.71,148.6,69.962,200.66
769.45,149.47,70.103,201.06
768.26,147.98,69.838,200.3
768.61,148.08,70.191,201.32
769.15,147.68,70.401,201.92
769.28,147.74,70.644,202.62
768.21,148.28,70.581,202.44
768.18,148.32,70.345,201.76
768.55,147.94,70.39,201.89
768.02,147.44,70.286,201.59
766.99,147.28,70.141,201.17
767.51,148.65,69.978,200.71
765.46,148.26,69.751,200.05
764.59,148.06,69.643,199.75
764.19,148.37,69.591,199.6
763.88,148.06,69.661,199.8
763.65,148.54,69.701,199.91
762.57,146.99,70.052,200.92
762.66,146.5,70.207,201.36
762.78,146.8,70.134,201.15
762.46,146.81,69.988,200.74
763.61,146.44,69.77,200.11
762.88,147.17,69.531,199.42
763.77,147.26,69.408,199.07
763.37,147.2,69.37,198.96
763.68,146.91,69.496,199.32
763.21,147.21,69.583,199.57
762.7,146.96,69.572,199.54
