564.5,278.5,36,105
558.43,282.9,35.971,104.91
553.1,281.91,36.277,105.81
545.84,281.53,36.281,105.82
538.67,282.12,36.169,105.49
533.06,283.6,36.21,105.61
527.07,285.97,36.5,106.46
521.15,284.9,36.278,105.81
516.65,285.8,36.708,107.06
509.44,284.84,36.961,107.8
503.86,286.94,36.658,106.92
498.22,287.82,36.341,105.99
492.73,288.49,36.118,105.34
487.19,288.36,36.442,106.29
479.76,288.24,36.365,106.06
471.98,288.46,36.775,107.26
465.79,290.62,36.684,107
460.73,292.05,36.173,105.5
450.65,292.11,36.197,105.57
438.45,291.09,35.914,104.75
432.1,293.27,36.285,105.83
431.68,295.89,36.225,105.66
417.3,295.21,36.319,105.93
412.68,295,36.576,106.68
406.08,295.09,36.863,107.52
401.51,296.53,36.607,106.77
394.74,297.7,36.717,107.09
382.8,297.83,36.976,107.85
376.1,296.16,36.908,107.65
372.51,295.37,36.341,106
368.45,296.65,36.545,106.59
359.21,298.82,36.836,107.44
350.98,300.15,37.092,108.19
344.36,300.39,37.558,109.55
343.51,297.3,37.625,109.74
334.97,298.32,37.907,110.56
327.64,299.36,38.077,111.06
323.13,300.07,37.943,110.67
314.33,299.95,38.104,111.14
307.91,300.47,37.941,110.66
301.97,298.6,37.726,110.03
296.11,300.03,37.849,110.39
289.33,300.89,37.943,110.67
282.52,302.53,37.921,110.6
273.49,302.57,37.682,109.91
264.92,304.33,37.508,109.4
263.96,304.92,37.246,108.63
258.15,305.15,36.903,107.63
269.77,304.62,36.578,106.68
290.66,305.68,36.329,105.96
276.63,303.55,35.809,104.44
273.33,301.2,35.653,103.99
257.13,303.22,35.33,103.05
253.84,303.91,35.32,103.02
248.9,302.47,35.048,102.22
238.28,303.11,35.161,102.55
232.37,304,35.428,103.33
227.65,306.32,35.401,103.25
215.8,306.03,35.781,104.36
206.13,305.36,36.007,105.02
196.15,304.32,36.31,105.91
190.21,302.41,36.395,106.15
184.62,302.34,36.203,105.59
213.14,303.48,36.256,105.75
235.35,304.38,36.435,106.27
260.08,302.45,36.175,105.51
256.55,300.88,36.132,105.38
252.21,300.92,36.256,105.75
246.3,301.39,36.501,106.46
240.71,301.93,36.398,106.16
234.05,300.75,36.336,105.98
227.98,300.86,36.344,106
222.73,297.9,36.251,105.73
218.39,297.9,36.275,105.8
211.58,298.37,36.228,105.67
206.55,299.14,36.143,105.42
200.38,297.87,35.668,104.03
186.61,295,35.576,103.76
206.41,296.81,35.65,103.98
239.35,297.36,35.954,104.87
259.87,295.6,35.755,104.28
258.61,294.6,35.811,104.45
258.5,294.76,35.896,104.7
255.4,294.24,36.163,105.48
252.25,293.29,36.488,106.42
251.16,295.01,36.653,106.9
251.53,292.6,36.625,106.82
256.84,289.76,36.251,105.73
221.02,291.37,36.221,105.64
216.13,289.86,36.205,105.6
214.64,291.21,36.217,105.63
210.79,292.88,36.205,105.6
206.08,292.02,35.934,104.81
202.13,289.83,35.919,104.76
197.87,289.35,35.94,104.83
189.86,290.33,35.743,104.25
185.04,289.85,35.393,103.23
179.7,288.54,35.358,103.13
175.83,286.83,35.132,102.47
171.17,287.34,34.976,102.01
167.17,287.97,34.914,101.83
163.36,287.49,34.936,101.9
160.74,286.77,35.085,102.33
157.64,285.04,34.997,102.07
155.34,284.15,34.859,101.67
152.49,283.59,35.037,102.19
147.73,284.14,35.008,102.11
142.58,284.33,34.751,101.36
156.67,283.56,34.752,101.36
190.09,279.79,34.472,100.54
221.49,280.29,34.524,100.69
219.55,279.44,34.735,101.31
216.1,279.77,34.71,101.24
212.74,278.89,34.745,101.34
210.18,277.86,34.653,101.07
208.38,276.93,34.656,101.08
206.36,277.17,34.767,101.4
203.06,277.3,34.848,101.64
199.13,277.11,34.806,101.52
194.96,276.49,34.646,101.05
190.29,274.97,34.584,100.87
186.3,273.38,34.539,100.74
183.89,273.73,34.637,101.02
181.43,273.97,34.486,100.58
180.29,273.57,34.346,100.18
178.54,272.32,34.054,99.323
175.93,270.55,34.038,99.278
173.31,270.69,34.224,99.821
170,270.7,33.953,99.028
166.95,271.3,34.007,99.187
162.15,269.92,33.91,98.904
157.71,268.2,33.804,98.595
153.93,267.85,33.726,98.369
150.47,267.81,33.667,98.194
148.1,267.7,33.448,97.556
145.02,266.27,33.336,97.23
162.82,266.37,33.445,97.547
195.69,265.36,33.414,97.457
225.77,263.81,33.02,96.307
246.72,264.35,32.974,96.173
244.2,262.98,32.904,95.971
240.88,261.75,32.94,96.075
240,261.85,33.055,96.41
237.61,261.47,33.106,96.559
234.9,261.41,32.837,95.774
232.58,260.2,32.627,95.162
230.1,259.27,32.351,94.356
226.17,258.43,32.264,94.104
224.1,259.51,32.392,94.476
219.89,258.83,32.396,94.489
215.19,257.37,32.159,93.798
211.56,257.17,32.031,93.423
209.28,256.55,31.986,93.294
207.12,256.75,31.915,93.085
204.68,256.49,31.779,92.69
203.5,257.43,31.684,92.412
201.3,255.7,31.377,91.516
199.97,255.31,31.31,91.32
197.07,254.88,31.238,91.11
194.94,255.14,31.14,90.826
191.15,254.49,30.979,90.355
187.31,254.28,30.721,89.601
185.44,254.12,30.702,89.548
182.86,253.28,30.695,89.527
180.71,253.43,30.586,89.208
177.33,253.46,30.44,88.782
175.17,253.33,30.438,88.777
172.76,252.84,30.3,88.376
170.6,251.49,30.304,88.387
168.79,251.34,30.17,87.996
165.3,251.56,29.873,87.13
161.03,250.92,29.837,87.024
156.48,249.46,29.683,86.574
153.24,249.18,29.759,86.796
151.25,248.6,29.794,86.9
149.17,248.33,29.605,86.348
148.47,249.41,29.43,85.838
147.26,249.16,29.324,85.529
146.55,248.69,29.172,85.085
146.26,247.64,29.154,85.032
144.56,247.5,29.208,85.19
141.47,247.07,29.317,85.507
138.58,247.18,29.263,85.35
134.73,247,29.048,84.724
132.58,246.89,29.06,84.758
130.38,246.3,28.921,84.354
127.09,246.21,28.836,84.104
126.02,246.16,28.774,83.925
125.19,245.67,28.594,83.398
123.29,245.57,28.387,82.797
122.08,245.17,28.252,82.402
121.27,245.75,28.407,82.854
119.47,244.03,28.453,82.988
117.64,244.05,28.504,83.138
116.4,244.53,28.5,83.125
115.04,243.92,28.297,82.532
112.64,243.27,27.987,81.628
110.29,241.93,27.805,81.098
110.07,242.21,27.83,81.171
108.56,241.86,27.793,81.062
107.09,242.3,27.836,81.189
105.33,241.97,27.624,80.57
103.97,241.73,27.733,80.888
102.96,240.48,27.732,80.885
100.6,239.38,27.405,79.932
97.707,239.53,27.232,79.428
92.46,240.5,27.402,79.922
87.976,238.73,27.261,79.511
86.077,238.03,27.386,79.876
83.918,238.52,27.743,80.916
83.026,238.74,27.909,81.4
101.94,237.56,27.693,80.773
132.42,235.69,27.335,79.728
134.35,234.72,27.218,79.387
123.56,244.92,27.244,79.461
126.78,246.43,27.491,80.181
123.36,244.28,27.317,79.674
126.26,245.14,27.425,79.99
123.93,244.71,27.286,79.583
123.74,244.37,27.161,79.218
118.73,243.04,27.031,78.84
124.42,244.93,27.066,78.942
