530.5,111.5,24,67
529.76,110.65,24.135,67.376
529.84,112.36,24.036,67.1
528.98,112.01,24.221,67.616
529.1,111.95,24.168,67.469
529.29,113.36,24.288,67.805
529.56,114.52,24.769,69.148
530.96,115.4,24.64,68.785
531.74,115.26,24.458,68.278
532.15,116.68,24.403,68.124
532.34,118.46,24.031,67.087
532.14,117.48,24.212,67.593
532.38,117.11,24.37,68.033
532.34,117.69,24.315,67.88
533.46,119.39,24.098,67.274
535.17,120.46,24.3,67.837
535.71,119.33,24.565,68.578
536.54,120.49,24.797,69.224
535.8,121.72,24.811,69.263
534.75,122.09,24.756,69.11
534.3,121.88,24.714,68.994
534.23,122.3,24.891,69.488
533.88,123.47,25.023,69.855
534.23,124.41,25.236,70.449
534.26,124.04,25.191,70.325
534.79,123.68,25.229,70.43
534.5,124.74,25.452,71.052
535.65,127.26,25.684,71.701
533.79,127.06,25.832,72.114
533.9,126.3,26.007,72.604
533.79,127.24,25.963,72.481
533.99,128.99,25.944,72.427
534.54,130.21,25.993,72.563
535.26,130.14,25.909,72.329
536.42,130.28,25.874,72.232
536.35,131.56,25.92,72.36
536.47,133.13,25.867,72.212
535.6,133.33,25.88,72.249
535.38,132.51,25.951,72.448
535.4,133.1,26.128,72.942
535.73,134.93,26.24,73.253
537.65,136.65,26.291,73.395
538.06,136.15,26.43,73.783
538.92,135.66,26.649,74.396
539.39,137.05,26.727,74.612
539.14,139.6,26.772,74.738
539.47,139.79,26.63,74.342
539.28,139.14,26.778,74.754
539.34,140.31,26.989,75.344
540.66,142.83,27.136,75.754
541.9,142.68,27.168,75.845
542.75,142.03,27.282,76.161
543.65,143.41,27.348,76.347
543.73,145.79,27.445,76.617
544.13,147.01,27.464,76.671
544.8,146.37,27.504,76.782
545.33,146.64,27.916,77.932
546.63,149.21,28.216,78.77
547.77,150.25,28.316,79.048
549.38,149.86,28.153,78.593
549.9,149.04,28.17,78.641
550.4,150.66,28.171,78.645
550.97,152.88,28.265,78.906
551.4,153.41,28.478,79.502
551.26,152.05,28.664,80.019
551.93,154.27,28.567,79.749
553.11,157.12,28.73,80.203
554.26,157.56,28.813,80.435
554.73,157.2,28.787,80.365
554.38,157.71,28.877,80.614
553.98,160.03,28.927,80.756
552.42,160.78,29.2,81.517
551.39,160.61,29.191,81.492
550.71,160.06,29.241,81.631
550,161.84,29.427,82.149
549.13,163.54,29.432,82.165
548.81,164.86,29.386,82.035
548.16,164.28,29.379,82.016
547.27,164.55,29.61,82.661
546.31,167.6,29.807,83.212
544.47,168.96,29.899,83.467
542.08,168.54,29.969,83.665
540.06,168.51,29.893,83.451
538.49,170.04,29.961,83.642
537.06,171.62,30.16,84.197
535.53,173.09,30.183,84.261
533.07,173.11,30.351,84.73
530.46,172.68,30.447,84.998
527.23,174.65,30.757,85.862
523.76,176.59,30.704,85.716
520.23,177.07,30.964,86.441
516.59,176.23,31.158,86.984
513.88,177.71,31.458,87.819
511.18,179.99,31.799,88.771
507.59,180.26,31.845,88.901
503.51,179.89,31.854,88.925
499.93,182.06,31.812,88.808
497.29,183.31,31.853,88.922
492.12,185.39,31.921,89.113
487.05,185.93,31.973,89.259
482.01,185.87,32.057,89.493
476.93,186.55,31.961,89.225
469.25,189.23,31.957,89.212
462.91,190.62,32.066,89.518
455.51,188.42,32.358,90.334
449.2,187.93,32.501,90.733
456.94,186.95,32.813,91.602
448.05,162.56,32.841,91.681
447.79,162.38,32.71,91.315
453.84,185.75,32.856,91.722
458.03,187.65,32.638,91.115
453.1,189.04,32.473,90.653
454.83,188.85,32.678,91.227
457.01,188.5,32.695,91.274
459.02,188.48,32.679,91.229
457.15,188,32.758,91.45
457.67,187.36,32.618,91.06
457.17,186.78,32.593,90.989
457.38,187.28,32.578,90.946
454.85,187.98,32.55,90.867
452.77,187.64,32.517,90.778
456.55,187.46,32.402,90.455
455.15,187.76,32.467,90.637
456.16,187.58,32.495,90.716
454.28,187.86,32.595,90.993
454.27,187.49,32.576,90.943
453.94,187.73,32.507,90.75
455.38,187.66,32.482,90.679
455.4,187.67,32.444,90.574
454.96,187.05,32.58,90.954
454.9,186.95,32.458,90.613
456.18,187.76,32.614,91.048
456.05,187.96,32.835,91.665
457.57,189.11,32.872,91.769
459.21,188.91,32.998,92.12
454.81,187.82,32.956,92.003
455.37,187.98,33.023,92.19
455.75,187.48,32.945,91.97
455.57,187.82,33.064,92.304
455.27,187.82,33.05,92.263
455,187.14,32.961,92.017
455.86,188.42,32.94,91.958
455.3,187.94,32.957,92.004
455.38,187.85,32.972,92.047
455.49,187.82,32.93,91.93
