710.5,355.5,57,125
712.84,348.69,56.831,124.63
713.16,347.89,57.106,125.23
714.78,346.7,57.315,125.69
715.83,346.24,57.411,125.9
716.4,345.61,57.094,125.21
716.9,344.04,57.284,125.62
718.38,341.91,58.308,127.87
719.77,339.82,58.602,128.51
720.76,338.29,58.562,128.43
722.99,337.04,58.4,128.07
724.96,335.92,57.984,127.16
728.1,335.08,57.636,126.39
733.68,337.6,56.906,124.79
736.84,337.82,57.275,125.6
739.38,338.07,57.543,126.19
739.68,339.11,57.847,126.86
742.61,339.39,56.747,124.44
744.6,338.19,56.886,124.75
748.52,338.39,56.55,124.01
748.51,338.13,56.172,123.18
751.41,339.41,55.554,121.83
750.8,339.48,55.608,121.95
750.62,341.99,55.697,122.14
754.5,345.89,55.21,121.07
755.04,348.26,55.039,120.7
754.37,350.81,55.203,121.06
752.26,352.32,55.37,121.43
750.47,352.84,55.825,122.42
747.11,357.74,55.912,122.61
767.73,337.74,55.378,121.44
767.52,337.44,55.905,122.6
767.49,337.69,55.522,121.76
767.98,339.34,55.382,121.45
771.32,337.8,56.113,123.05
772.2,338.36,56.393,123.67
775.19,339.35,56.772,124.5
775.55,337.91,57.069,125.15
775.42,338.35,57.389,125.85
775.08,337.45,57.318,125.7
773.84,338.23,57.69,126.51
770.51,343.01,57.923,127.02
769.52,342.5,57.584,126.28
772.76,339.52,57.618,126.36
788.65,341.03,57.565,126.24
798.62,339.18,57.873,126.91
801.69,338.55,58.039,127.28
803.72,338.21,57.711,126.56
805.29,336.96,57.758,126.66
807.03,336.78,57.525,126.15
809.62,336.23,57.066,125.15
814.89,335.49,57.075,125.17
816.53,335.04,57.404,125.89
816.93,334.84,57.149,125.33
816.17,334.92,56.985,124.97
820.49,335.8,57.212,125.46
823.12,335.5,57.366,125.8
833.57,334.07,57.39,125.85
832.28,333.6,57.258,125.57
841.22,334.03,57.573,126.26
843.05,334.32,58.231,127.7
843.73,334.23,58.246,127.73
846.75,332.7,58.323,127.9
849.04,332.38,58.574,128.45
851.79,331.48,58.31,127.87
854.84,330.51,58.041,127.28
857.61,331.35,58.328,127.91
858.83,330.6,58.53,128.36
861.18,331.53,58.77,128.88
862.99,331.61,59.082,129.57
863.5,331.16,59.96,131.49
864.9,329.86,60.19,131.99
864.63,330.03,60.292,132.22
866.66,329.05,60.088,131.77
867.45,329.2,59.96,131.49
868.06,329.82,60.026,131.64
868.41,330.3,60.08,131.75
868.76,330.85,59.835,131.22
870.36,330.98,59.579,130.65
870.95,331.71,59.608,130.72
872.36,332.46,59.531,130.55
872.64,331.64,59.263,129.96
876.69,331.75,59.337,130.12
880.25,333.29,59.574,130.65
883.95,332.83,59.718,130.96
883.88,332.25,59.56,130.61
884.72,332.12,59.428,130.33
888.13,332.93,59.535,130.56
889.39,332.15,59.955,131.48
886.18,331.33,59.968,131.51
916.43,341.08,60.521,132.72
914,341.01,61.309,134.45
914.67,336.88,61.323,134.48
912.76,335.44,61.61,135.11
910.91,333.66,61.716,135.34
910.92,330.12,61.732,135.38
909.46,328.52,62.037,136.05
908.42,328.93,62.206,136.42
907.1,326.37,62.529,137.13
904.35,325.28,62.666,137.43
900.98,324.93,62.205,136.41
899.32,324.54,62.125,136.24
896.81,321.82,61.823,135.58
891.27,326.16,62.034,136.04
892.61,327.71,61.884,135.71
892.29,329.17,61.778,135.48
889.38,330.07,61.825,135.58
888.07,326.99,61.907,135.76
884.73,325.25,62.147,136.29
879.37,322.96,62.557,137.19
874.39,324.86,62.536,137.14
862.63,326.06,62.702,137.5
852.41,326.46,62.785,137.69
844.71,324.44,63.128,138.44
818.96,325.56,63.876,140.08
813.56,321.12,64.568,141.6
808.42,319.95,64.986,142.51
803.13,320.9,65.367,143.35
800.89,320.86,65.587,143.83
793.76,324.32,65.664,144
789.47,323.99,66.008,144.75
787.54,324.54,66.35,145.5
780.21,326.36,66.483,145.8
775.69,327.39,66.954,146.83
762.02,326.92,67.156,147.27
759.76,326.44,67.816,148.72
763.92,324.38,67.958,149.03
757.72,327.43,68.446,150.1
754.53,329.62,69.062,151.45
760.11,330.53,69.395,152.18
735.1,330.3,69.548,152.52
727.32,330.66,69.501,152.41
721.02,329.97,69.544,152.51
716.82,328.06,69.523,152.46
709.91,326.84,69.928,153.35
707,324.47,70.382,154.35
703.39,324.48,70.771,155.2
698.93,322.57,70.961,155.62
692.53,323.61,70.823,155.31
691.04,322.2,70.988,155.68
688.35,324.44,70.859,155.39
682.79,325.38,70.655,154.94
675.85,327.97,70.486,154.57
667.98,330.57,70.649,154.93
657.71,328.78,70.781,155.22
655.44,323.86,71.002,155.71
655.46,322.41,71.654,157.14
647.5,319.6,72.305,158.56
642.93,320.35,72.903,159.87
630.35,320.26,72.962,160.01
624.28,322.68,73.481,161.14
615.73,321.47,73.921,162.11
607.83,322.26,74.295,162.93
599.13,324.12,74.933,164.33
585.95,324.47,76.077,166.84
573.85,322.99,77.224,169.35
565.42,322.16,78.627,172.43
558.23,321.92,79.87,175.15
553.36,319.85,81.024,177.68
546.52,319.1,82.914,181.83
541.83,318.03,84.361,185
534.23,319.48,84.984,186.37
525.37,320.54,84.644,185.62
515.43,323.15,84.48,185.26
504.74,323.48,84.593,185.51
498.97,322.87,85.04,186.49
491.7,320.07,85.788,188.13
488.47,315.57,86.917,190.61
483.69,312.42,87.679,192.28
475.32,307.67,88.7,194.52
471.1,306.39,89.392,196.04
457.35,305.73,89.16,195.53
452.7,309.32,89.427,196.11
446.99,310.23,90.012,197.4
438.53,309.58,91.401,200.44
432.18,309.4,92.815,203.54
424.3,308.26,94.485,207.2
415.55,306.66,95.232,208.84
406.7,306.44,96.971,212.66
393.4,303.97,98.383,215.75
388.68,301.99,98.816,216.7
383.99,301.94,98.621,216.27
378.57,303.3,98.583,216.19
368.64,305.46,98.224,215.4
366.72,306.3,99.552,218.32
359.31,305.5,100.76,220.97
349.77,305.04,101.2,221.94
340.74,303.43,102.39,224.54
333.43,300.6,103.52,227.02
329.32,295.24,105.77,231.95
327.5,288.74,107.34,235.4
318.89,286.23,107.86,236.55
312.5,285.9,108.53,238
305.24,286.59,108.95,238.93
296.21,286.88,109.75,240.67
284.97,286.65,110.82,243.03
277.58,286.07,112.7,247.15
268.39,285.13,114.41,250.9
260.69,283.64,116.19,254.81
247.43,280.54,117.43,257.52
239.75,276.9,119.36,261.76
234.22,274.35,121.15,265.69
227.73,274.05,122.08,267.73
220.77,273.98,123.92,271.75
211.58,274.7,124.52,273.07
203.33,275.09,125.34,274.88
197.06,276.62,126.49,277.39
187.91,278.08,128.41,281.59
182.61,277.21,130.43,286.03
169.34,275.48,132.97,291.6
161.62,273.04,135.08,296.23
155.35,266.16,138.11,302.88
144.81,262.79,141.56,310.43
133.03,256.13,145.5,319.07
118.35,254.71,148.53,325.73
106.39,253.81,151.61,332.47
91.682,251.78,153.1,335.76
76.382,251.82,155.97,342.04
65.812,251.75,158.81,348.27
44.271,253.38,161.5,354.16
32.459,252.43,164.7,361.18
21.393,246.94,167.81,368
10.973,242.37,170.71,374.37
5.3375,239.31,172.99,379.37
-12.387,238.14,174.89,383.53
-23.268,236.11,176.84,387.8
-30.283,236.58,179.14,392.85
-39.605,241.38,180.86,396.62
-47.098,248.57,181.47,397.95
-61.718,247.97,182.07,399.27
-77.422,246.23,183.25,401.86
-94.388,238.86,185.19,406.12
-17.348,250.79,185.38,406.53
-28.192,244.81,183.37,402.12
-23.325,243.8,182.25,399.66
-30.88,238.85,181.12,397.2
-33.34,236.09,179.14,392.85
-42.481,228.37,179.02,392.6
-54.108,227.49,179.01,392.56
-64.31,226.16,178.89,392.31
-63.075,222.69,178.68,391.85
-66.403,222.49,177.76,389.83
-33.36,189.72,178.85,392.21
-39.278,185.1,178.97,392.48
-38.613,179.68,177.83,389.98
-27.757,276.3,178.18,390.74
-29.456,284.34,177.69,389.67
-46.696,199.8,177.58,389.43
-33.63,275.82,176.5,387.07
