669.5,320.5,47,126
671.48,326.46,47.031,126.08
674.48,327.44,47.045,126.12
677.51,328.52,46.988,125.97
679.36,332.11,47.29,126.78
637.87,338.24,45.774,122.71
633.42,339.42,45.61,122.27
632.23,338.98,45.066,120.82
631.8,338.16,44.793,120.08
616.44,339.37,44.111,118.25
613.46,336.67,43.484,116.57
589.06,298.24,42.848,114.87
590.29,293.36,42.331,113.48
590.69,294.65,43.268,116
592.47,293.45,44.056,118.11
592.67,292.74,44.614,119.6
595.59,290.59,44.02,118.01
549.27,299.82,43.775,117.35
544.86,298.5,43.89,117.66
547.45,301.73,43.098,115.54
546.08,300.52,42.807,114.76
546.26,320.3,42.477,113.87
544.72,321.67,42.311,113.43
539.05,322.59,42.855,114.89
536.24,321.51,42.514,113.97
533.81,320.25,42.298,113.39
531.59,320.15,41.637,111.62
523.05,311.18,41.799,112.06
488.25,308.55,41.379,110.93
485.18,311.18,41.64,111.63
482.35,310.46,41.94,112.43
477.76,311.35,42.28,113.35
478.28,311.38,42.228,113.21
476.97,312.73,42.085,112.82
468.71,313.42,42.585,114.16
463.53,311.25,42.618,114.25
459.46,310.95,42.76,114.63
456.66,312.04,42.584,114.16
415.11,301.9,42.927,115.08
405.41,302.63,43.175,115.74
403.08,304.11,43.225,115.88
405.2,306.41,43.566,116.79
399.24,303.98,43.955,117.84
390.61,302.15,43.764,117.32
381.56,298.68,43.881,117.64
369.92,297.27,43.862,117.59
332.05,296.29,43.956,117.84
352.26,291.98,44.341,118.87
348.69,291.98,44.39,119
340.44,295.35,44.125,118.29
327.11,292.92,44.054,118.1
323.14,292.57,43.999,117.95
307.03,306.85,43.956,117.84
304.58,304.44,44.158,118.38
307.89,298.72,44.227,118.56
296.52,298.48,44.031,118.04
287.89,285.59,43.843,117.54
286.04,288.15,43.777,117.36
282.22,284.15,43.812,117.45
269.68,289.51,43.638,116.99
252.97,293.82,43.645,117
254.52,291.2,43.414,116.39
249.7,289.13,43.082,115.5
240.61,287.62,42.818,114.79
223.74,289.51,42.518,113.98
220.14,288.44,42.017,112.64
217.7,289.17,41.656,111.67
204.88,291.03,41.648,111.65
220.38,287.57,41.715,111.83
220.55,289.33,41.901,112.33
182.39,277.95,41.935,112.42
165.13,291.44,41.959,112.49
153.41,288.3,41.844,112.18
149.28,284.15,41.799,112.06
116.58,302.41,41.847,112.19
112.9,301.22,41.802,112.07
108.07,300.03,41.671,111.71
77.287,296.77,41.291,110.69
73.984,296.71,40.916,109.69
74.491,298.52,41.017,109.96
73.974,298.1,41.319,110.77
77.152,299.12,41.5,111.25
75.403,300.97,41.501,111.26
69.977,301.72,41.647,111.65
42.274,326.44,41.452,111.13
36.049,326.36,41.035,110.01
20.345,326.16,40.717,109.16
22.841,268.64,40.443,108.42
18.196,263.85,40.303,108.05
-13.967,297.47,39.934,107.06
-19.579,296.29,39.717,106.47
-27.698,275.81,40.023,107.3
-14.932,323.74,39.732,106.52
-32.611,327.23,40.29,108.01
-31.317,313.53,40.634,108.93
6.072,322.67,40.46,108.47
10.156,354.83,40.367,108.22
9.6584,350.31,40.315,108.08
6.4414,323.12,40.186,107.73
-3.3362,320.32,39.672,106.36
2.3787,357.92,39.347,105.48
48.259,366.84,39.273,105.28
103,369.54,39.149,104.95
87.096,362.42,39.385,105.58
80.279,361.63,39.442,105.74
118.69,329.98,39.271,105.28
111.49,329.6,39.203,105.1
115.66,320.73,39.227,105.16
132.47,367.09,39.142,104.93
183.41,364.48,39.185,105.05
181.91,363.6,39.251,105.23
213.87,390.25,39.166,105
213.32,388.84,39.224,105.15
203.62,424.97,39.469,105.81
157.75,416.56,39.493,105.87
138.49,387.44,39.363,105.53
123.35,367.31,39.422,105.68
102.52,329.86,39.716,106.47
93.293,328.01,39.974,107.16
81.478,327.32,40.045,107.35
70.736,326.32,40.045,107.36
63.783,325.24,40.298,108.03
57.255,325.74,40.465,108.48
50.374,326.61,40.682,109.06
63.561,372.21,40.877,109.59
59.684,371.82,41.129,110.26
23.105,331.5,41.295,110.71
11.605,329.99,41.603,111.53
5.4924,330.89,41.783,112.01
-8.5121,331.67,42.024,112.66
-13.369,330.1,42.134,112.95
-18.797,327.66,41.739,111.9
-20.178,328.06,41.751,111.93
-31.497,345.48,42.258,113.29
-17.536,360.61,42.072,112.79
-9.1171,371.16,41.582,111.48
-7.828,364.17,41.42,111.04
-2.0535,351.07,41.611,111.55
2.7646,362.36,41.692,111.77
2.2115,363.27,41.577,111.46
-4.2356,332.21,41.765,111.97
7.1568,363.08,41.803,112.07
3.3216,361.75,41.548,111.39
1.3528,362.77,41.488,111.22
-3.1342,353.18,41.268,110.63
8.9572,387.96,40.859,109.54
-4.7128,375.98,41.009,109.94
-15.971,377.1,41.094,110.17
-5.7022,340.49,40.804,109.39
18.65,333.45,40.7,109.11
2.6353,336.75,40.878,109.59
-4.3221,337.64,40.729,109.19
-12.2,342.32,40.576,108.78
7.1369,366.36,40.693,109.09
-0.31818,368.53,40.636,108.94
-14.46,374.98,40.502,108.58
-6.0615,362.99,40.422,108.36
6.9887,365.67,40.407,108.33
0.020308,370.91,40.267,107.95
-0.60874,372.59,40.217,107.82
32.083,419.35,40.33,108.12
30.429,414.89,40.158,107.66
38.996,339.09,40.121,107.56
29.916,337.45,40.26,107.93
17.519,332.93,39.962,107.13
11.508,306.27,39.617,106.21
-4.566,293.58,39.754,106.57
11.098,305.06,39.718,106.48
-1.952,305.21,39.736,106.53
0.18318,306.87,39.634,106.25
-7.1004,298.7,39.497,105.88
5.3705,305.64,39.51,105.92
2.5518,302.76,39.376,105.56
0.97045,303.35,39.026,104.62
0.57325,302.42,38.854,104.16
-4.3504,302.03,38.499,103.21
39.256,335.5,38.605,103.49
36.367,342.59,38.553,103.36
26.86,340.6,38.552,103.35
20.681,336.21,38.637,103.58
3.7369,330.79,38.714,103.79
-0.89966,328.54,38.66,103.64
-4.7834,326.34,38.625,103.55
-5.8402,323.5,38.371,102.87
-14.273,319.83,38.546,103.33
-28.817,317.64,39.007,104.57
-30.22,300.71,39.254,105.23
-34.638,294.75,39.919,107.02
-1.4728,356.56,40.175,107.7
-4.198,359.85,40.396,108.3
-10.799,360.28,40.323,108.1
3.8111,368.3,40.291,108.01
-2.1207,369.18,40.54,108.68
11.074,341.44,39.786,106.66
-4.5381,382.28,40.076,107.44
0.10563,415,39.962,107.13
-2.9472,413.32,39.825,106.76
0.53335,443.52,39.503,105.9
49.865,468.63,39.7,106.43
50.152,466.79,39.697,106.42
81.072,462.34,39.74,106.54
94.298,476.24,39.366,105.53
89.74,476.7,39.389,105.6
75.051,473.18,39.005,104.57
60.199,474.26,38.602,103.49
40.044,499.61,38.558,103.37
23.182,503.78,38.325,102.74
-7.3179,505.95,38.249,102.54
24.859,483.46,38.009,101.9
-2.9601,478.17,37.92,101.66
8.1108,502.46,37.884,101.56
0.5026,501.64,37.957,101.76
34.835,498.58,38.097,102.13
35.936,501.23,38.182,102.36
38.402,500.3,38.195,102.4
44.339,499.02,38.259,102.57
50.668,500.18,38.257,102.56
55.762,502.03,38.387,102.91
61.465,504.1,38.366,102.85
66.365,504.2,38.27,102.6
69.366,502.34,38.301,102.68
72.605,502.62,38.219,102.46
76.31,503.21,38.166,102.32
81.817,502.52,38.23,102.49
88.36,501.69,38.279,102.62
93.134,500.62,38.297,102.67
98.894,502.71,38.435,103.04
100.26,501.42,38.379,102.89
104.31,501.27,38.325,102.74
106.37,501.73,38.251,102.55
107.98,501.03,38.165,102.31
110.45,500.95,38.035,101.97
112.04,501.25,37.985,101.83
111.35,501.29,38.065,102.05
111.4,502.3,38.194,102.39
113.43,500.6,38.266,102.58
115.47,500.73,38.209,102.43
117.55,500.79,38.434,103.04
119.75,501.06,38.437,103.05
124.34,500.64,38.32,102.73
116.31,499.75,38.212,102.44
104.65,499.84,38.421,103
99.204,500.1,38.573,103.41
105.58,502.49,38.632,103.57
91.171,501.18,38.659,103.64
106.31,500.55,38.717,103.8
105.85,498.49,38.668,103.66
109.26,498.88,38.68,103.7
94.449,499.16,39.135,104.91
107.37,502.38,39.26,105.25
146.03,498.06,39.523,105.96
156.95,498.31,39.342,105.47
153.95,498.59,39.054,104.7
155.13,499.62,38.886,104.25
156.59,500.46,38.826,104.09
160.84,501.61,38.703,103.76
172.4,506.65,38.293,102.66
179.23,511.34,37.781,101.28
180.29,513.23,37.518,100.58
160.31,503.4,37.379,100.21
199.77,512.5,37.024,99.257
181.93,514.76,36.779,98.6
198.85,506,36.512,97.883
177.54,510.09,35.889,96.213
