346.5,138.5,30,30
345.38,139.38,30.243,30.243
342.69,140.69,30.629,30.629
339.39,141.39,31.229,31.229
337.63,142.63,30.749,30.749
335.5,143.57,30.632,30.632
334.38,146.1,31.014,31.014
333.25,147.58,30.866,30.866
330.24,147.64,30.473,30.473
328.47,149.47,30.067,30.067
325.39,149.91,29.998,29.998
322.37,150.02,30.213,30.213
319.22,150.61,30.461,30.461
317.09,150.72,30.838,30.838
314.42,151.42,31.166,31.166
311.2,151.48,31.331,31.331
308.34,152.21,31.275,31.275
305.32,152.75,31.313,31.313
301.85,152.87,31.337,31.337
298.47,154.47,31.058,31.058
295.15,155.11,31.363,31.363
290.49,154.87,31.643,31.643
287.56,155.66,31.72,31.72
283.44,156.28,31.962,31.962
280.47,157.47,32.057,32.057
276.92,158.01,32.462,32.462
272.98,158.64,32.838,32.838
269.27,159.35,33.097,33.097
265.46,159.43,33.661,33.661
262.71,160.71,33.582,33.582
258.73,160.5,33.835,33.835
256.13,162.32,34.131,34.131
253.12,162.93,34.09,34.09
250.62,163.93,34.307,34.307
249.38,165.88,34.231,34.231
246,166.83,34.288,34.288
244.45,166.9,34.496,34.496
241.72,168.07,34.592,34.592
215.04,168.19,34.62,34.62
217.66,155.66,34.681,34.681
217.19,153.81,34.531,34.531
217.04,153.17,34.446,34.446
203.52,162.1,34.578,34.578
202.44,160.97,34.657,34.657
208.56,163.56,34.882,34.882
210.31,161.78,35.464,35.464
198.87,143.58,35.28,35.28
190.3,143.77,35.242,35.242
209.21,146.61,35.305,35.305
208.95,153.45,35.095,35.095
206.84,153.08,34.907,34.907
223.37,147.67,34.528,34.528
223.16,148.33,34.506,34.506
224.29,148.14,34.903,34.903
225.57,148.57,34.867,34.867
225.37,147.6,34.976,34.976
225.63,146.32,35.097,35.097
223.83,145.73,35.2,35.2
221.47,146.55,34.998,34.998
223.54,146.54,34.923,34.923
221.76,146.19,35.125,35.125
222.08,146.06,35.235,35.235
223.28,147.15,35.16,35.16
223.24,146.9,35.337,35.337
223.49,147.49,35.016,35.016
222.96,147,35.044,35.044
223.42,147.27,34.906,34.906
223.74,147.94,34.83,34.83
224.17,147.96,34.824,34.824
224.47,148.47,35.062,35.062
224.03,147.5,34.754,34.754
224.44,148.44,34.761,34.761
224.77,148.95,34.776,34.776
225.45,148.78,34.805,34.805
226.61,149.61,34.773,34.773
225.87,149.2,34.683,34.683
225.7,149.21,34.415,34.415
225.66,149.19,34.359,34.359
225.61,149.27,34.271,34.271
225.39,149.39,34.219,34.219
224.46,148.96,34.315,34.315
224.49,148.76,34.448,34.448
224.48,148.63,34.499,34.499
224.23,148.29,34.326,34.326
224.75,149.25,34.502,34.502
223.6,148.23,34.338,34.338
224,148.45,34.461,34.461
223.78,148.37,34.53,34.53
223.46,147.84,34.442,34.442
224.27,148.77,34.451,34.451
223.74,148.04,34.502,34.502
223.12,147.42,34.46,34.46
223.79,147.8,34.598,34.598
223.87,147.84,34.541,34.541
224.25,148.25,34.492,34.492
224.66,148.2,34.475,34.475
224.74,148.24,34.661,34.661
224.64,147.56,34.678,34.678
225.08,147.73,34.562,34.562
225.31,147.81,34.381,34.381
225.49,147.47,34.614,34.614
225.41,146.87,34.555,34.555
225.64,146.43,34.583,34.583
226.09,146.42,34.613,34.613
226.68,146.18,34.632,34.632
233.86,101.17,34.74,34.74
218.43,114.26,34.547,34.547
214.63,131.54,34.675,34.675
215.36,115.06,34.398,34.398
210.45,116.45,34.098,34.098
211.77,115.96,33.79,33.79
215.44,118.48,33.695,33.695
218.67,117.87,33.591,33.591
217.48,118.32,33.528,33.528
209.38,120.38,33.247,33.247
215.44,120.59,33.115,33.115
215.06,122.06,33.267,33.267
219.05,122.56,33.312,33.312
220.51,123.94,33.44,33.44
221.71,125.21,33.587,33.587
221.19,123.81,33.439,33.439
226.89,125.5,33.493,33.493
221.36,125.62,33.768,33.768
224.22,127.13,34.207,34.207
229.72,127.72,34.557,34.557
226.03,127.97,34.424,34.424
224.76,133.02,34.525,34.525
224.76,133.12,34.446,34.446
230.43,133.04,34.437,34.437
228.8,133.3,34.404,34.404
231.62,134.37,34.709,34.709
229.97,134.57,34.562,34.562
232.1,136.42,35.243,35.243
233.46,137.09,35.449,35.449
233.67,138.17,35.66,35.66
233.43,138.71,35.759,35.759
234.92,141.09,36.204,36.204
236.33,141.71,36.749,36.749
235.45,142.39,36.917,36.917
237.38,143.38,37.241,37.241
238.78,144.06,36.686,36.686
241.8,146.12,36.978,36.978
240.47,146.54,37.215,37.215
242.6,147.71,37.658,37.658
243.4,149.4,38.198,38.198
244.68,149.36,38.492,38.492
242.86,150.54,38.887,38.887
246.01,151.82,39.075,39.075
248.35,152.63,39.293,39.293
252.24,154.24,39.516,39.516
251.15,154.87,39.741,39.741
251.17,156.35,40.145,40.145
250.92,157.78,40.388,40.388
252.6,158.93,40.514,40.514
254.55,161.55,40.895,40.895
254.08,162.46,41.332,41.332
255.33,163.84,41.942,41.942
257.63,165.33,42.281,42.281
259.12,166.64,42.58,42.58
261.51,169.51,42.988,42.988
262.4,170.23,43.632,43.632
263.14,171.33,43.933,43.933
266.03,173.63,44.309,44.309
267.11,174.32,44.687,44.687
268.26,176.76,44.488,44.488
271.34,178.84,44.926,44.926
273.34,181.11,45.368,45.368
276.1,183.33,45.988,45.988
279.04,184.85,46.557,46.557
281.24,187.74,46.517,46.517
284.09,188.92,46.199,46.199
286.21,191.73,46.683,46.683
292.32,194.34,46.242,46.242
296.36,197.3,46.883,46.883
299.44,200.44,47.12,47.12
302.52,201.64,47.298,47.298
308.08,205.82,47.907,47.907
314.11,209.19,48.51,48.51
319.97,213.02,48.853,48.853
327.5,217.5,48.998,48.998
333.85,220.81,49.346,49.346
340.8,224.81,49.87,49.87
349.44,228.48,50.336,50.336
356.78,232.61,50.421,50.421
366.78,235.28,50.443,50.443
378.54,242.25,50.763,50.763
390,246.41,50.765,50.765
403.3,255.56,50.608,50.608
407.63,259.57,50.703,50.703
417.77,266.77,50.463,50.463
429.26,277.28,50.682,50.682
452.34,284.95,51.001,51.001
467.71,290.58,51.467,51.467
484.38,296.49,51.886,51.886
503.49,305.49,52.028,52.028
518.19,311.88,52.402,52.402
534.89,324.23,52.664,52.664
559.32,335.82,52.836,52.836
582.53,347.34,52.348,52.348
550.71,360.21,52.573,52.573
525.24,326.1,52.632,52.632
531.29,346.31,52.231,52.231
549.35,355.65,51.897,51.897
568.22,364.42,51.803,51.803
582.68,366.68,51.631,51.631
613.13,387.5,51.904,51.904
581.35,374.29,51.578,51.578
579.09,421.21,51.218,51.218
581.63,443.13,50.941,50.941
572.54,440.54,50.913,50.913
579.97,442.25,50.888,50.888
581.69,442.68,50.526,50.526
