529.5,344.5,30,56
527.42,342.76,30.198,56.369
529.85,343.2,30.387,56.723
531.58,342.99,30.915,57.709
533.28,342.66,30.906,57.691
535.74,342.14,31.06,57.979
537.09,340.79,31.243,58.32
540.68,343.6,31.394,58.603
537.5,336.3,31.29,58.408
534.26,331.96,30.686,57.28
531.91,328.91,30.327,56.61
523.64,329.69,30.028,56.053
516.96,330.37,30.132,56.247
514.11,328.92,29.885,55.786
513.3,327.56,29.836,55.693
514.87,325.25,29.817,55.659
516.12,322.66,29.752,55.536
514.78,319.62,29.539,55.139
512.15,314.1,29.39,54.862
507.95,310.44,29.553,55.166
511.03,306.82,29.796,55.62
504.44,308.78,29.738,55.511
501.08,309.92,29.723,55.483
499.23,310.02,30.024,56.045
498.71,311.46,30.022,56.04
498.67,312.43,30.513,56.959
499.95,314.43,30.582,57.087
499.06,314.99,30.561,57.048
497.46,315.78,30.833,57.555
495.53,316.85,31.036,57.934
491.82,317.14,31.049,57.959
489.23,318.22,31.199,58.238
487.73,319.3,31.113,58.077
487.32,319.33,30.964,57.799
487.51,319.54,31.195,58.23
488.36,320.43,31.443,58.694
489.14,320.35,31.665,59.107
490.78,319.87,31.859,59.47
493.86,320.85,31.642,59.065
494.4,321.02,31.88,59.509
495.36,321.71,32.181,60.071
494.51,319.13,31.982,59.699
492.38,320.1,32.112,59.942
491.15,323.29,32.338,60.364
489.41,321.82,32.216,60.137
487.44,321.5,31.991,59.717
483.15,319.45,31.794,59.349
481.69,319.35,31.502,58.804
480.12,320.66,31.143,58.133
478.8,321.98,31.002,57.87
476.88,322.49,31.113,58.077
475.12,324.54,31.167,58.178
474.24,326.36,31.023,57.91
473.06,327.08,31.035,57.931
473.33,327.91,31.264,58.36
473.98,324.66,31.552,58.897
474.03,321.93,31.71,59.193
473.85,319.36,31.786,59.334
473.65,319.41,31.829,59.414
473.85,320.07,31.858,59.467
474.52,320.02,31.774,59.311
475.16,319.56,31.811,59.38
477.23,318.65,31.915,59.574
479.81,317.16,31.702,59.177
481.97,315.35,31.816,59.391
485.32,315.2,31.768,59.301
488.8,315.41,31.755,59.276
492.87,315.31,31.759,59.284
496.63,315.7,31.72,59.21
500.07,316.03,31.653,59.085
502.36,316.33,31.704,59.181
504.2,316.47,31.702,59.177
503.43,316.1,31.689,59.154
501.47,316.13,31.658,59.094
499.31,316.3,31.566,58.924
494.52,317.24,31.57,58.93
489.29,318.02,31.696,59.165
481.35,320,31.714,59.199
476.23,320.98,31.84,59.436
473.56,322.97,31.752,59.27
470.15,323.69,31.866,59.484
468.26,325.43,31.791,59.343
466.69,326.89,31.579,58.948
463.36,326.01,31.534,58.863
460.52,323.8,31.44,58.689
460,320.51,31.498,58.796
456.05,316.53,31.485,58.773
452.2,310.34,31.499,58.797
450.47,307.93,31.591,58.969
448.27,306.72,31.601,58.989
446.5,305.41,31.637,59.056
445.33,304.61,31.745,59.257
443.72,306.01,31.808,59.375
441.99,306.56,31.83,59.416
440.46,306.18,31.889,59.525
440,306.56,31.895,59.538
439.22,306.61,32.003,59.74
437.91,306.05,32.076,59.875
437.25,306.48,32.157,60.026
437.14,307.82,32.152,60.017
436.55,307.61,32.172,60.054
435.23,307.6,32.195,60.096
433.86,307.77,32.238,60.177
428.67,309.57,32.239,60.179
428.15,309.23,32.246,60.192
427.7,309.16,32.236,60.173
426.94,308.82,32.242,60.185
426.53,309.06,32.247,60.195
424.36,308.77,32.214,60.132
422.45,308.29,32.316,60.323
419.11,307.19,32.258,60.215
416.63,308.11,32.198,60.103
413.37,308.17,32.214,60.134
409.6,308.52,32.254,60.208
407.31,308.7,32.298,60.29
405.73,308.65,32.444,60.562
403.91,308.49,32.462,60.596
402.89,309.06,32.519,60.702
401.31,309.26,32.505,60.677
400.07,309.41,32.469,60.609
399.95,309.9,32.433,60.541
398.66,309.27,32.444,60.562
397.23,308.9,32.592,60.838
395.94,308.26,32.762,61.156
393.91,307.34,32.914,61.439
393.08,307.57,33.013,61.624
390.04,306.88,33.046,61.686
387.96,306.59,33.038,61.671
386.53,306.42,32.866,61.35
385.66,306.65,32.685,61.012
384.59,306.32,32.564,60.786
384.85,306.8,32.391,60.464
383.15,307.03,32.27,60.237
382.58,307.44,32.344,60.375
380.76,307.11,32.381,60.445
380.18,307.18,32.36,60.405
380.57,306.68,32.347,60.38
379.94,306.27,32.298,60.289
377.58,306.78,32.415,60.508
376.47,306.77,32.434,60.544
374.86,307.15,32.661,60.968
372.62,307.61,32.693,61.028
370.41,307.27,32.563,60.785
370.46,308.29,32.664,60.972
369.21,308.13,32.766,61.164
366.68,307.37,32.843,61.307
364.25,306.97,32.933,61.474
362.49,306.48,32.868,61.353
357.08,305.33,32.928,61.466
354.58,303.92,32.939,61.487
354.25,303.58,33.08,61.749
351.78,301.07,33.04,61.674
351.12,300.73,33.151,61.883
351.43,299.19,33.004,61.607
349.93,299.43,32.803,61.233
349.95,300.23,32.734,61.104
349.89,300.64,32.529,60.721
351.4,301.44,32.469,60.609
350.86,301.66,32.339,60.366
350.2,301.71,32.213,60.132
