1.1053
0.36914
0.23406
0.2308
0.23642
0.13711
0.13088
0.12738
0.12694
0.12737
0.18104
0.12837
0.12701
0.1272
0.12759
0.12796
0.17876
0.12776
0.12827
0.12905
0.12719
0.12892
0.18056
0.12727
0.12864
0.12971
0.12814
0.12927
0.17979
0.13068
0.13086
0.13566
0.13017
0.13115
0.18114
0.13142
0.12974
0.13005
0.13079
0.12931
0.18418
0.12949
0.12981
0.1297
0.12933
0.12934
0.17948
0.12891
0.12957
0.13064
0.1291
0.12779
0.17988
0.13027
0.12567
0.12664
0.12904
0.12702
0.17941
0.13491
0.12762
0.12681
0.12713
0.12744
0.178
0.12795
0.12556
0.12973
0.12612
0.12774
0.18641
0.1273
0.12838
0.12774
0.12902
0.12864
0.17968
0.12795
0.12622
0.12738
0.1302
0.12869
0.18067
0.12858
0.12769
0.12716
0.12585
0.12611
0.18011
0.12806
0.1284
0.13266
0.12687
0.12778
0.17805
0.12697
0.12604
0.12826
0.1252
0.12649
0.17738
0.12741
0.12748
0.12565
0.12542
0.12697
0.17843
0.12753
0.12764
0.12737
0.12427
0.12602
0.17889
0.12687
0.12652
0.12654
0.12734
0.12631
0.17722
0.12667
0.12581
0.12702
0.12543
0.12593
0.17948
0.12683
0.12674
0.12711
0.12766
0.12694
0.17803
0.12903
0.12943
0.12628
0.12629
0.127
0.17927
0.12817
0.12695
0.12621
0.12641
0.1265
0.178
0.12608
0.13073
0.12777
0.12855
0.12685
0.17642
0.12561
0.12564
0.12698
0.12712
0.12836
0.18087
0.12853
0.13749
0.12801
0.1255
0.12622
0.17938
0.12746
0.12622
0.1276
0.12693
0.12875
0.17869
0.12506
0.12836
0.12687
0.12764
0.12672
0.17736
0.1292
0.128
0.12783
0.12764
0.12784
0.17807
0.12753
0.12707
0.12949
0.12656
0.12872
0.18198
0.1286
0.13023
0.12748
0.12741
0.12631
0.17878
0.12658
0.12678
0.12718
0.12645
0.12749
0.17802
0.12657
0.12633
0.12656
0.12673
0.12669
0.1782
0.12608
0.12801
0.12656
0.12798
0.12706
0.17987
0.12847
0.12766
0.12854
0.12868
0.12852
0.1778
0.1274
0.12935
0.1267
0.12843
0.12589
0.17856
0.12706
0.12549
0.12565
0.12766
0.12843
0.17671
0.12801
0.12582
0.12454
0.12549
0.1241
0.17759
0.12707
0.12638
0.12623
0.12684
0.12723
0.17804
0.12474
0.12537
0.12952
0.12983
0.13126
0.17841
0.12729
0.12663
0.1245
0.12882
0.12768
0.17841
0.1347
0.12806
0.12544
0.12541
0.12635
0.17899
0.12724
0.12747
0.1274
0.12655
0.12575
0.17722
0.12646
0.12553
0.12621
0.12737
0.12725
0.18012
0.12628
0.12394
0.13413
0.12953
0.12774
0.1749
0.12756
0.13067
0.1292
0.12365
0.12218
0.17801
0.12573
0.12334
0.12404
0.1236
0.12333
0.17644
0.12543
0.12471
0.12346
0.12402
0.125
0.17731
0.12577
0.12394
0.12394
0.12477
0.12345
0.17658
0.12398
0.12374
0.12302
0.12408
0.12242
0.17681
0.12574
0.12421
0.12378
0.12496
0.12485
0.17602
0.12451
0.12465
0.12441
0.12446
0.12378
0.17558
0.12651
0.12856
0.12454
0.12545
0.12451
0.17511
0.12521
0.12446
0.12346
0.12433
0.1226
0.1748
0.12668
0.12274
0.12438
0.12442
0.12908
0.17391
0.12528
0.12585
0.12689
0.12445
0.12537
0.17893
0.12754
0.1265
0.12441
0.12538
0.12395
0.17936
0.12732
0.125
0.12615
0.12385
0.12626
0.17809
0.1275
0.12711
0.12582
0.12761
0.12524
0.17976
0.12793
0.12771
0.1263
0.12545
0.12644
0.17847
0.12603
0.12764
0.12723
0.12794
0.12682
0.17726
0.12754
0.12739
0.12604
0.12673
0.12584
0.17838
0.12764
0.12705
0.1271
0.12646
0.13004
0.17875
0.12719
0.12697
0.12826
0.12831
0.12736
0.17768
0.12738
0.12748
0.12678
0.12688
0.12918
0.17785
0.12737
0.12793
0.128
0.13051
0.12612
0.18027
0.12574
0.12919
0.12874
0.12749
0.13424
0.18124
0.12999
0.1321
0.13151
0.13194
0.13177
0.17934
0.1227
0.12352
0.13198
0.12427
0.12683
